0.01282 0.11347 -0.03974
0.36253 -0.06481 -0.00723
0.41409 -0.06627 -0.00468
0.41765 -0.06639 -0.01530
0.22986 -0.03624 0.15348
-0.43572 -0.01315 0.00579
0.24689 0.03557 -0.11631
-0.36770 0.03050 -0.07090
0.18599 0.04471 0.01487
0.00832 0.04179 -0.14711
0.43343 -0.07666 -0.00733
0.17530 0.04813 0.03557
0.18919 -0.08267 0.12132
-0.21589 0.03037 0.18342
-0.26449 0.00104 -0.15153
-0.40402 -0.05278 0.14739
0.37055 0.01097 0.02217
0.18526 -0.00678 0.18986
0.24855 0.00366 -0.16683
0.08384 -0.05272 -0.16551
-0.35112 0.03611 -0.09558
-0.27934 -0.02095 0.16121
0.05953 0.04105 0.14910
-0.11552 0.03266 -0.17705
-0.26817 -0.03177 0.16054
-0.01834 0.11331 0.00179
-0.16662 -0.09456 -0.13790
-0.12431 -0.09397 -0.17744
-0.17344 -0.09465 -0.13526
-0.14483 -0.09426 -0.15220
0.23799 -0.09321 -0.16359
-0.36007 0.03127 0.05572
0.24283 0.01308 0.13153
0.41482 -0.02447 0.06590
0.19241 0.04205 -0.04621
-0.04694 0.11056 0.07626
0.35264 0.01059 -0.09932
-0.38789 0.06456 0.06079
-0.35285 0.06914 0.10942
-0.10656 0.08419 0.04335
0.31772 -0.04923 -0.11659
0.31800 -0.05672 0.17385
0.31796 -0.05567 0.13059
0.31781 -0.05162 0.00721
0.31776 -0.05040 -0.06225
0.29962 0.02694 0.15530
-0.37719 0.06975 0.07613
-0.09357 0.04475 -0.08882
-0.09814 0.04534 -0.08520
-0.09770 0.04529 -0.06582
-0.08924 0.04420 -0.07427
-0.21673 0.05171 0.17052
-0.28374 0.04064 0.07095
0.18644 -0.02355 0.12247
0.20563 0.00985 0.15851
0.20519 0.00961 -0.08903
0.20078 0.00711 0.13739
0.20313 0.00844 0.11221
0.20450 0.00922 0.08776
0.38828 -0.06660 -0.10372
0.22200 -0.10175 -0.15930
0.28327 -0.07280 -0.10655
0.25836 -0.10160 -0.17400
-0.41123 0.02935 0.01204
0.27648 0.03481 0.03061
-0.15476 -0.06179 0.17935
-0.39004 0.06999 0.03258
-0.31279 0.03631 -0.07437
0.13246 0.06037 -0.09209
0.12094 0.06633 -0.09008
-0.27684 -0.10139 -0.13866
0.40717 -0.03270 0.05150
-0.16333 0.05467 0.01233
-0.10488 0.10193 -0.05266
0.29724 0.02599 -0.10102
0.22822 -0.02235 0.16295
-0.07212 -0.03000 -0.16464
0.28010 -0.05948 -0.14081
0.16543 -0.05615 0.17968
-0.43286 0.00660 0.08184
-0.25629 0.06057 0.12697
0.35761 -0.06472 0.03046
0.37078 -0.06512 0.03210
0.40626 -0.06621 0.04439
0.36223 -0.06486 0.02366
0.35093 -0.06451 0.04334
0.08440 0.06797 -0.16687
0.03602 0.10995 -0.05437
-0.24981 -0.05910 -0.16758
0.17076 0.04219 -0.09133
0.28553 -0.07219 0.18999
0.01937 -0.04573 0.16967
-0.37533 0.03819 -0.14102
-0.22510 0.04135 0.09702
0.20143 0.04603 0.01995
0.19313 -0.08771 0.16329
0.19069 -0.06620 0.16218
0.04815 0.10014 -0.09323
0.20775 -0.07569 0.12981
-0.28908 0.03685 0.09267
-0.37166 -0.06183 -0.16850
-0.39137 0.06547 -0.06395
-0.33518 0.06158 0.15580
-0.41596 -0.07472 0.07490
-0.34692 0.02211 0.17465
0.13318 -0.05553 0.15775
-0.43753 0.00754 0.04470
-0.13032 0.05358 -0.15273
0.27887 -0.10120 -0.15200
0.04401 0.04055 0.14373
-0.10049 0.09203 0.04052
-0.11760 -0.02484 0.17925
0.05307 0.03446 -0.16745
0.18251 -0.03675 -0.17830
-0.40007 0.02544 0.04903
-0.25938 0.04910 -0.04591
-0.27188 0.04511 -0.03817
0.41569 -0.03043 0.05237
-0.33406 0.03385 0.05488
0.35870 0.00758 0.09845
0.18977 -0.06334 -0.17185
0.02503 0.03859 0.16452
-0.30311 0.00739 0.17710
-0.34965 -0.01166 0.18343
0.31750 -0.06921 0.11316
0.31743 -0.06978 0.00885
-0.28364 0.02511 0.19500
-0.24123 -0.07516 -0.17019
0.12821 0.03129 -0.16877
-0.36557 0.06607 0.13117
-0.35433 -0.06764 0.02515
-0.35425 -0.07108 -0.11652
-0.35427 -0.07021 0.01218
-0.35436 -0.06658 -0.06510
-0.35440 -0.06468 -0.05803
-0.35444 -0.06316 -0.10742
-0.35423 -0.07226 -0.07322
-0.12126 -0.08879 -0.17575
0.31776 -0.00865 0.16782
0.39435 -0.00164 -0.04437
0.21267 -0.02174 -0.17831
-0.39034 0.02864 -0.00635
0.26332 0.01006 -0.16838
0.23292 -0.10514 0.15779
0.07837 0.06316 0.12701
-0.09252 -0.03458 -0.17027
-0.34188 0.03268 0.06708
-0.26189 -0.03195 -0.16436
0.17828 0.04197 0.07987
0.20174 -0.00969 0.14692
0.04639 0.09857 -0.09915
-0.43321 -0.02197 -0.09453
-0.10815 0.04792 0.16695
-0.33301 -0.04282 -0.18131
0.38182 -0.01552 0.11801
0.18285 -0.05494 0.11277
0.28616 -0.05456 0.13628
-0.43287 -0.02577 0.04066
-0.29150 0.04053 0.02389
0.33096 -0.01697 0.16142
0.05134 0.00942 -0.17328
0.19296 0.04359 -0.07741
-0.43030 -0.05846 -0.08171
-0.23406 -0.06365 0.13495
0.22748 0.04168 -0.04058
0.40138 -0.01737 0.08768
0.38128 0.00192 -0.06085
0.27103 -0.06397 0.18080
0.09077 0.06212 0.12492
0.05574 -0.04901 -0.16768
-0.26848 -0.01899 0.16433
0.34767 -0.05744 0.04083
0.05082 -0.02337 -0.17392
0.29267 -0.07512 0.13560
0.37133 -0.06245 -0.12558
0.14788 -0.09182 0.16856
-0.30770 -0.01723 0.16880
0.27315 0.03053 0.08855
-0.22380 0.00664 0.01862
-0.22416 0.00692 0.10600
-0.22565 0.00808 0.05872
-0.22414 0.00691 -0.10675
-0.22303 0.00604 0.14741
0.29137 -0.00029 0.12588
0.29298 -0.00155 -0.09479
0.29001 0.00078 0.00727
0.29261 -0.00126 0.03755
0.38555 -0.03210 -0.10109
0.12241 -0.00697 -0.16747
0.14466 -0.02659 0.16217
0.07255 0.09532 0.05422
0.13019 0.06862 0.04897
0.06654 0.09839 0.05163
-0.20495 -0.01720 -0.00847
-0.20349 -0.02043 0.02720
-0.20498 -0.01714 0.15911
-0.20464 -0.01789 -0.08048
0.28403 -0.08819 -0.16712
-0.38817 0.06497 -0.04907
0.37182 -0.04781 0.10489
-0.40135 -0.06679 0.03115
-0.42502 -0.05831 0.02072
-0.43416 -0.05504 0.00816
-0.43514 -0.05469 0.01897
-0.39756 -0.06815 0.04897
-0.41030 -0.06359 0.00863
-0.05748 0.04473 -0.16005
-0.38255 0.05472 0.11655
-0.05511 0.10782 -0.09071
0.42577 -0.01999 -0.00767
-0.25280 -0.04907 -0.10836
-0.23077 -0.05505 -0.10836
-0.25808 -0.08227 -0.10836
-0.22151 -0.06991 -0.10836
-0.30530 -0.08359 -0.10836
-0.18534 0.01538 -0.10836
-0.22822 -0.04661 -0.10836
-0.25293 -0.08015 -0.10836
-0.20019 -0.05574 -0.10836
-0.21399 -0.04634 -0.10836
-0.20272 -0.03628 -0.10836
-0.30789 -0.06629 -0.10836
-0.22963 -0.08079 -0.10836
-0.30153 -0.05252 -0.10836
-0.27107 -0.04014 -0.10836
-0.19035 0.01237 -0.10836
-0.18596 -0.01770 -0.10836
-0.22499 -0.00584 -0.10836
-0.19627 -0.06078 -0.10836
-0.28070 -0.05040 -0.10836
-0.29417 -0.07094 -0.10836
-0.24299 -0.03721 -0.10836
0.31452 0.00374 0.16501
-0.21529 0.03956 -0.17964
0.24166 -0.10537 -0.16505
-0.25681 0.02330 0.08774
-0.26000 0.02388 0.16074
-0.25768 0.02346 0.06277
-0.26110 0.02408 0.09746
0.37396 -0.01872 0.13079
-0.12293 0.07130 0.04833
0.17468 0.02862 0.17267
0.05965 -0.09172 0.17401
-0.30682 0.00485 0.12596
-0.43140 0.01406 -0.01259
0.39430 -0.04716 0.07210
-0.32516 -0.01411 0.14247
-0.03095 0.11347 -0.04671
-0.42477 -0.02928 -0.06062
-0.18101 0.05010 0.12195
0.33607 0.00712 0.14323
-0.20936 0.04273 0.10428
0.40565 -0.03232 -0.02373
0.39892 -0.03389 -0.00473
-0.37486 -0.01806 0.17077
-0.18310 0.05676 -0.13652
-0.38731 0.03040 -0.04909
0.11274 0.06024 -0.11762
0.12869 0.04593 -0.12740
0.36988 -0.07996 -0.13439
0.10382 0.02923 0.17111
0.09791 0.04770 -0.13359
-0.20935 -0.00971 -0.00122
-0.20948 -0.00950 -0.06480
-0.20858 -0.01099 0.08400
-0.20911 -0.01010 0.18991
-0.20880 -0.01062 0.03924
-0.31837 -0.08693 -0.11713
0.37805 -0.05370 -0.05116
-0.38801 -0.07197 0.14882
0.18613 -0.03644 -0.19119
-0.16155 -0.09448 0.15145
-0.11900 -0.09390 0.17273
-0.16155 -0.09449 0.14085
-0.19003 -0.09488 0.12241
-0.16924 -0.00540 0.18303
0.30420 0.02931 -0.11469
0.08311 0.08813 0.07241
0.10256 0.07943 0.06715
0.19866 -0.02495 0.11127
0.12643 0.06805 -0.06575
0.11097 0.07563 -0.06454
0.06368 0.10040 -0.04364
-0.09412 -0.03128 -0.16042
0.22842 0.03945 -0.12839
-0.17231 0.04552 -0.17397
0.11629 0.03782 -0.16038
0.03902 0.05882 0.12695
0.02143 0.05491 0.12824
0.02573 0.04676 0.13215
-0.04215 0.10885 -0.08952
0.11654 0.06697 0.09808
0.23600 0.00305 -0.17514
0.21190 -0.01673 0.14738
-0.42419 -0.03701 0.11490
0.22242 -0.01405 0.12160
-0.26756 0.04688 0.10916
0.26693 0.01313 -0.03634
0.26584 0.01347 0.08055
0.26846 0.01266 0.17844
0.26964 0.01229 -0.01982
0.26601 0.01342 0.12936
0.29109 -0.05140 -0.13241
-0.28803 0.04495 0.10575
-0.29638 0.02024 -0.15218
0.17275 -0.04484 0.15875
0.22656 -0.06389 -0.17168
0.25898 -0.06449 0.17385
0.37262 -0.06405 -0.11582
-0.13928 -0.08395 0.17191
0.09700 -0.02755 0.17103
0.30628 0.03020 -0.12329
0.27337 0.03018 -0.09309
-0.21810 -0.05278 0.17896
0.06764 0.08298 0.11148
-0.33344 -0.05694 0.18200
0.38495 -0.06616 -0.11368
0.41630 -0.06738 0.05690
-0.17960 -0.09481 0.13662
-0.18801 -0.09507 0.13023
-0.16702 -0.09543 0.16939
-0.32727 0.03555 0.03106
-0.42954 -0.03591 0.07261
-0.39748 -0.06983 -0.07334
0.09117 -0.05031 0.16647
-0.07915 -0.07928 0.17429
-0.35531 -0.04352 0.18839
-0.11751 0.05990 -0.04810
-0.37032 0.05438 0.11353
-0.12234 -0.01706 0.17989
-0.40672 -0.03118 -0.14747
0.11778 0.06201 0.11400
-0.31647 -0.08402 -0.12486
-0.20944 0.03688 -0.18043
-0.23685 0.05932 0.12377
-0.11879 -0.03813 -0.17796
-0.31787 0.05962 0.13966
0.19870 -0.09939 -0.15514
0.20142 -0.09653 -0.17967
0.08112 -0.04382 0.16890
-0.26060 -0.00014 0.13173
-0.01631 0.01765 -0.16852
0.30251 -0.04179 0.15223
0.30539 -0.04580 0.14351
0.18314 -0.02679 -0.16757
-0.28422 0.04129 0.01636
0.40656 -0.03342 -0.06203
-0.04764 0.10934 -0.08411
0.05912 0.10309 0.03354
0.32518 0.01280 -0.14902
-0.11383 -0.09354 -0.17966
-0.27442 0.03741 0.18230
-0.24536 0.05636 -0.16007
-0.27019 -0.10388 -0.11571
-0.38858 0.06993 -0.00141
-0.33947 -0.04002 0.17854
-0.32244 0.00881 0.02062
-0.32047 0.01035 0.05060
-0.32199 0.00915 0.14873
-0.32286 0.00848 0.13230
0.01744 0.02302 0.17421
-0.34606 0.05699 0.15454
-0.01272 0.10273 0.10337
0.11478 -0.08571 -0.17163
-0.30210 -0.07971 -0.15961
0.10090 -0.09211 -0.16935
0.15367 -0.09195 -0.12175
0.12309 -0.09208 -0.13882
0.13649 -0.09205 -0.12482
0.12859 -0.09197 -0.16009
0.14720 -0.09189 -0.14896
0.12484 -0.09194 -0.17508
0.08509 -0.09225 -0.15660
0.10058 -0.09216 -0.15407
-0.10145 0.10490 -0.06648
0.11519 -0.03142 -0.16768
0.42571 -0.07495 -0.03946
-0.09373 0.07118 0.03387
-0.00339 0.00219 -0.17375
0.03724 0.03981 -0.15754
-0.29628 -0.03865 -0.16395
-0.23016 0.05923 0.13095
0.23994 0.03724 -0.15456
-0.12557 0.05980 0.02044
-0.10640 0.08947 0.08836
-0.15807 0.06644 -0.04425
0.27975 -0.03198 -0.15864
0.21300 0.04376 0.03481
0.16483 -0.06318 0.17738
0.20255 -0.09585 0.16750
-0.21769 0.04863 -0.02055
0.22834 0.04296 0.01231
0.24638 -0.03697 -0.15283
0.29714 -0.08039 0.14715
-0.10561 0.08634 0.10191
-0.09918 -0.03111 0.17785
0.42740 -0.02226 0.00302
0.04140 -0.06835 -0.17498
0.35649 -0.00020 -0.09778
-0.24282 -0.01073 0.15455
0.18602 -0.01226 -0.13452
0.03244 0.01936 -0.17172
0.32898 0.01933 -0.07019
-0.18690 -0.03136 -0.18178
0.20972 -0.02281 -0.18319
-0.27794 0.03932 -0.07763
0.34054 -0.00227 0.14908
-0.22403 0.05769 0.05886
-0.35454 -0.05585 0.01569
-0.35454 -0.05860 -0.02379
-0.35454 -0.05704 0.06683
-0.35454 -0.05460 -0.16738
0.01014 0.11210 0.06614
-0.38728 0.06607 -0.00545
-0.14615 0.01710 -0.18088
0.18226 0.01623 0.17707
-0.35123 -0.03199 -0.13140
-0.34987 -0.02821 -0.11812
-0.35114 -0.03174 -0.15773
-0.03226 0.10298 -0.10108
0.27671 0.03526 -0.12868
0.35527 -0.00390 -0.10861
0.38558 -0.07473 -0.12077
-0.12378 0.02197 0.17981
0.29689 0.02646 0.08111
0.07785 0.06015 0.14747
-0.00542 0.09349 -0.10869
-0.02361 0.08203 -0.11265
-0.30785 0.05501 -0.16249
0.31270 0.02021 0.15477
-0.43453 -0.03759 -0.05187
-0.43285 -0.03846 -0.06379
0.28769 0.00519 -0.17592
-0.35074 0.04457 0.16039
0.18849 -0.03173 0.10595
0.25713 0.03639 0.05324
0.07361 0.04677 0.13401
-0.20879 0.05942 -0.04632
-0.37875 0.06694 -0.05163
0.02717 0.10459 -0.09628
0.29892 0.02606 -0.08037
-0.18343 0.05262 -0.16438
-0.28683 0.05469 0.16821
-0.35789 -0.07482 0.17499
-0.21830 0.05290 -0.03991
0.16127 0.01042 0.17603
-0.05509 0.07777 0.11223
-0.06595 0.06507 0.11736
0.00011 -0.05716 -0.16567
0.08814 0.04782 0.16042
-0.29426 0.06071 0.13790
0.25395 0.00130 0.15697
0.16772 -0.04291 -0.18167
-0.15695 0.06963 -0.05127
-0.09940 0.07773 0.04063
0.08275 -0.07300 -0.17645
0.08539 -0.03072 0.17180
0.24183 -0.08180 -0.16661
-0.29877 0.01925 0.14855
-0.11033 0.09389 0.07715
0.01384 -0.07011 -0.17859
0.42131 -0.06833 0.05267
-0.28577 0.00097 -0.16513
0.05877 0.10301 -0.03684
-0.27127 0.01220 -0.17894
0.15982 0.04442 0.10179
0.21934 -0.04260 -0.17517
-0.42185 -0.06065 -0.12260
0.07518 0.04717 -0.13328
-0.25047 -0.08195 0.15336
-0.38847 0.03384 -0.12629
-0.18947 0.05814 -0.12892
-0.21105 0.04858 -0.12159
-0.19826 0.01755 0.18402
-0.43200 -0.05508 0.08504
-0.31907 -0.05525 0.15051
0.26743 -0.00475 -0.14129
-0.25409 -0.00284 -0.16287
-0.19668 0.00338 -0.18362
0.34158 -0.00097 0.11896
0.27927 -0.05039 0.16387
-0.13287 0.05713 0.01193
-0.42536 0.01908 0.02009
-0.34495 0.03277 -0.05326
0.35906 -0.03695 -0.13272
0.36077 -0.04317 -0.12657
0.07359 0.08272 -0.10665
-0.05280 0.02353 0.17672
-0.13772 0.05177 -0.12774
0.19947 -0.01750 0.12790
0.07843 0.03999 -0.14042
-0.31284 -0.09876 -0.16834
-0.32110 -0.09242 -0.15854
0.23114 0.04012 -0.05710
-0.36680 0.07081 0.04288
-0.24153 0.04782 0.11347
-0.29522 -0.00268 0.13647
0.07067 0.05113 0.16330
-0.29639 0.02212 -0.01424
-0.30017 0.02095 0.12374
-0.29913 0.02127 0.07237
-0.29865 0.02142 0.11552
-0.11123 0.04838 -0.12816
-0.29788 -0.00383 0.12629
-0.22206 0.02053 0.18578
0.17308 0.04062 0.10212
-0.22833 -0.09222 -0.17220
0.02873 0.10434 0.09679
-0.12226 -0.04356 -0.17789
-0.10480 -0.05025 -0.17675
0.26837 -0.01736 -0.15509
-0.14116 0.07179 -0.05180
0.22851 -0.11273 0.13783
0.19313 0.04116 0.14401
0.20539 0.04080 0.09219
0.21885 -0.03664 -0.17445
-0.21915 -0.08095 0.12765
0.02908 0.04038 -0.14146
0.11300 0.07505 0.06253
0.16109 0.05092 0.07151
0.14641 0.05881 0.06501
0.16473 0.05079 0.06006
-0.37400 0.06972 0.08480
-0.02464 -0.04684 -0.16688
-0.08332 0.04689 0.13220
0.32423 0.01739 -0.11631
-0.13213 0.06330 -0.02172
0.29230 -0.00056 0.18596
0.29107 -0.09179 0.13889
-0.27602 -0.10681 0.17966
0.29682 -0.04917 -0.11998
-0.41274 0.02986 -0.00100
-0.26864 0.01402 -0.14749
0.09545 0.06535 -0.11911
0.23383 -0.09381 -0.13038
0.16980 0.04495 0.07834
0.30286 -0.06099 -0.14705
0.21495 -0.06686 -0.17606
-0.41622 -0.06171 0.10194
-0.24495 0.03184 0.18483
-0.02308 -0.05758 0.16655
-0.03470 0.11135 0.03923
-0.03010 0.11213 0.02377
-0.38574 0.06483 -0.06643
0.00506 0.04608 0.13149
-0.00987 0.06265 0.12301
-0.30402 -0.10389 -0.16764
-0.12283 -0.02167 0.17226
0.05100 0.06185 0.12579
0.04658 0.07911 0.11743
0.27796 0.03320 -0.15116
-0.25509 -0.09773 -0.17592
-0.22181 0.02231 -0.18491
-0.23833 -0.08818 -0.16784
-0.43387 -0.02597 0.08297
-0.43938 -0.01353 0.06776
-0.01815 -0.08914 0.17428
-0.04648 -0.06475 0.17538
0.26993 -0.08775 -0.10754
-0.10221 0.10084 -0.08229
0.09220 0.07492 0.10954
-0.09004 0.04438 0.16892
-0.32445 -0.08889 0.12293
0.32454 -0.00843 -0.16299
-0.25801 -0.09476 0.17896
-0.08048 0.08620 -0.10482
-0.06470 0.08355 -0.10817
-0.22738 -0.07642 0.13408
-0.25325 -0.08361 -0.15817
-0.38312 -0.07434 0.10456
0.21694 -0.06715 0.16130
-0.18546 0.02062 -0.18259
-0.21885 0.03939 0.11275
-0.37188 0.03673 -0.09525
-0.09405 -0.04715 0.17693
0.36787 0.01212 -0.02066
-0.33018 0.03364 -0.09288
0.01229 0.11392 0.00121
-0.29232 -0.02972 0.16724
-0.22707 0.05835 0.14723
-0.35312 0.06771 0.12259
-0.31826 -0.08169 0.13311
-0.32378 -0.07450 0.12361
-0.10510 0.10071 0.08444
-0.16739 -0.07914 -0.17440
0.26162 0.03404 0.06669
-0.29320 -0.03562 0.15998
-0.25064 0.00908 0.13752
-0.14300 0.01077 0.18170
-0.38904 0.01010 0.15363
0.04809 0.10909 0.00468
0.29574 0.03269 -0.00417
-0.26865 -0.02880 -0.15279
-0.42058 -0.05993 -0.09507
-0.31766 -0.09506 0.13076
-0.32035 -0.09300 0.13915
-0.38195 0.06640 0.04368
-0.32996 0.06056 -0.11594
-0.40532 -0.03763 0.14803
0.04493 0.09081 0.11218
-0.37139 0.03099 -0.04130
-0.23673 -0.05682 -0.16913
0.25139 -0.03398 0.17075
-0.11294 -0.01814 -0.15811
0.32489 0.02246 0.11498
-0.41505 -0.06250 -0.09648
-0.12782 0.07327 -0.05516
-0.38476 0.06982 -0.03595
-0.10461 0.05221 0.15224
0.35792 -0.08761 0.00797
0.36436 -0.08700 -0.02722
0.35496 -0.08789 0.02763
0.39346 -0.08427 -0.02493
0.34129 -0.08917 -0.05864
0.35336 -0.08804 -0.04938
0.32031 -0.09114 -0.00572
0.33517 -0.08975 -0.07865
0.37828 -0.08570 0.00035
0.33719 -0.08956 -0.08420
0.34494 -0.08883 0.05643
0.35767 -0.08763 0.01742
0.42193 -0.08159 -0.01527
0.34686 -0.08865 0.06666
0.38720 -0.08486 0.00724
0.34391 -0.08893 0.03192
0.35212 -0.08815 0.01274
0.32538 -0.09067 0.05072
0.38466 -0.08510 0.02294
0.35814 -0.08759 0.07088
0.33161 -0.09008 0.05028
0.38762 -0.08482 0.04559
0.37779 -0.08574 -0.04460
0.34659 -0.08867 -0.01936
0.37496 -0.08601 -0.02163
0.33465 -0.08979 0.03503
0.31674 -0.09148 0.00623
0.32998 -0.09023 -0.02813
0.33872 -0.08941 -0.00053
0.40369 -0.08331 -0.01519
0.41210 -0.08252 0.02033
0.33972 -0.08932 0.07695
0.35571 -0.08782 -0.03046
0.32266 -0.09092 -0.09727
0.36902 -0.08657 -0.05359
0.37078 -0.08640 0.03657
0.40053 -0.08361 -0.02194
0.31341 -0.09179 -0.03205
0.37006 0.00780 0.05152
-0.09017 0.08885 -0.10178
-0.25793 0.04790 0.04096
-0.27110 0.04938 -0.11053
0.20931 -0.09742 -0.14900
-0.31217 -0.02577 0.17508
0.31875 -0.08164 -0.17739
-0.28538 0.04122 -0.02705
0.05372 0.04096 -0.15089
-0.12120 0.04886 0.11773
0.38749 -0.05861 -0.09015
0.35649 -0.00547 -0.12223
-0.24290 0.00487 -0.15298
-0.30097 -0.06348 -0.17228
-0.33613 0.03507 0.02373
-0.39057 -0.07102 0.05922
-0.40332 -0.06640 0.05079
0.27929 -0.03744 -0.14217
-0.25149 0.04511 -0.07939
-0.02611 -0.04494 0.16786
-0.08466 0.01612 0.16423
-0.06881 0.00804 0.16673
-0.19361 0.04889 0.12108
-0.44154 0.00172 -0.05480
0.29508 -0.01583 -0.15438
-0.42853 -0.04789 0.09465
-0.28154 0.05768 0.11690
-0.37925 0.02982 0.07536
0.28534 0.00427 -0.11552
0.28380 0.00519 0.01450
0.28261 0.00591 -0.00224
0.28598 0.00388 0.14718
0.28508 0.00442 0.09628
-0.29741 0.04197 -0.17847
-0.23352 -0.06544 -0.17159
-0.32400 -0.01261 -0.16067
0.25405 -0.10426 -0.16814
-0.04950 -0.09352 -0.13035
0.03388 -0.09265 -0.14561
-0.06424 -0.09349 -0.14439
0.11333 -0.09222 -0.12276
0.07926 -0.09252 -0.12147
-0.16020 -0.09468 -0.10981
-0.06736 -0.09363 -0.13390
-0.06510 -0.09370 -0.12586
-0.04657 -0.09314 -0.16340
0.04553 -0.09279 -0.12352
0.05535 -0.09273 -0.12101
-0.03078 -0.09335 -0.13146
0.06599 -0.09271 -0.11446
-0.07409 -0.09396 -0.10843
0.12030 -0.09216 -0.12294
-0.08912 -0.09380 -0.13576
0.04896 -0.09283 -0.11723
0.02220 -0.09292 -0.12979
-0.01850 -0.09344 -0.11329
-0.02396 -0.09299 -0.15963
0.13837 -0.09213 -0.11122
-0.14418 -0.09446 -0.11750
-0.08202 -0.09379 -0.13090
0.03235 -0.09300 -0.11465
-0.02496 -0.09338 -0.12365
0.07593 -0.09244 -0.13184
-0.05669 -0.09320 -0.16528
-0.00523 -0.09319 -0.12626
-0.07275 -0.09382 -0.12040
-0.14872 -0.09439 -0.12797
-0.00097 -0.09298 -0.14192
0.25869 0.03268 0.09313
-0.16124 0.04853 0.10075
0.28901 -0.02629 -0.14766
-0.13407 0.06931 -0.02756
0.22248 -0.01191 -0.15940
-0.24844 0.01823 -0.15060
0.02479 0.11150 -0.05644
0.06239 -0.04632 0.16887
0.24768 -0.06168 0.15599
-0.32598 0.03576 -0.04894
0.25264 0.01128 -0.14623
-0.34294 0.05823 0.13201
0.26340 -0.09883 0.15649
-0.29850 0.00930 -0.17353
0.25802 -0.04382 0.17075
-0.08825 -0.06658 0.17838
-0.09186 -0.07288 0.17898
-0.09589 0.07595 -0.03259
0.19488 0.04165 -0.09830
-0.39932 0.02217 0.12784
0.24097 -0.01017 -0.16870
0.19795 -0.08371 0.13344
0.11671 0.05234 0.12587
-0.14721 0.06686 0.08506
0.12815 -0.06357 -0.16769
0.06900 0.07940 -0.16306
-0.11873 0.06203 -0.10116
-0.13272 0.02944 -0.17844
-0.40537 0.00888 0.13972
-0.43979 0.00763 0.01180
-0.08876 0.05004 0.14694
-0.08719 0.04904 0.13600
-0.23646 0.01165 0.13088
0.22867 0.03895 0.07429
0.40114 -0.06307 -0.04709
0.42604 -0.07541 0.03700
0.12049 0.04663 -0.13140
-0.13644 0.01238 -0.15446
-0.33706 0.06284 -0.13900
0.17448 0.04440 -0.06660
-0.15278 -0.08200 0.17376
0.38716 -0.00001 -0.05691
0.00768 0.11370 -0.00229
-0.44040 0.00488 -0.04842
0.02804 -0.01529 0.17625
0.23906 -0.04595 -0.16305
-0.10872 0.10136 0.00017
0.02703 0.11254 0.01390
0.33621 0.00108 0.12414
0.29184 -0.07532 -0.16503
-0.02481 0.10723 -0.09568
-0.43124 -0.02479 0.10371
0.21083 0.01278 0.18845
0.22739 0.03658 0.11345
0.25442 -0.11313 -0.17025
-0.29437 0.04225 -0.10257
0.26704 0.00691 0.14425
-0.21642 0.04846 0.12313
-0.28140 -0.01412 -0.16631
-0.04066 0.00551 -0.17008
0.39410 -0.01445 -0.09544
0.19600 0.04588 -0.04315
0.10258 0.04113 -0.14112
0.24664 -0.03714 0.15853
0.20010 -0.05733 -0.16807
-0.22836 -0.07769 -0.15616
-0.23053 -0.08052 -0.17360
-0.03725 0.01742 0.16756
0.23636 0.03822 0.12288
0.18341 -0.09189 -0.03518
0.21144 -0.09189 -0.01328
0.17252 -0.09189 0.00108
0.24906 -0.09189 0.09795
0.19617 -0.09189 0.07092
0.19482 -0.09189 -0.01776
0.17310 -0.09189 0.07519
0.19195 -0.09189 0.05458
0.23535 -0.09189 0.01429
0.19959 -0.09189 0.06651
0.21188 -0.09189 0.10140
0.19154 -0.09189 0.02360
0.30961 -0.09189 0.10540
0.29832 -0.09189 0.10204
0.18130 -0.09189 0.02490
0.17503 -0.09189 -0.08246
0.24091 -0.09189 0.06212
0.27775 -0.09189 0.09162
0.25622 -0.09189 0.04095
0.19691 -0.09189 0.05756
0.24160 -0.09189 0.01099
0.18360 -0.09189 0.09346
0.26487 -0.09189 0.03868
0.18672 -0.09189 0.01096
0.20435 -0.09189 0.04262
0.22569 -0.09189 0.04110
0.20077 -0.09189 0.01167
0.24806 -0.09189 0.07168
0.28226 -0.09189 0.07586
0.19715 -0.09189 0.09929
0.26684 -0.09189 0.07245
0.18032 -0.09189 0.08060
0.27095 -0.09189 0.08776
0.31815 -0.06759 -0.17924
-0.19645 -0.05312 0.07232
-0.19675 -0.05765 -0.02794
-0.19671 -0.05712 0.02689
-0.19659 -0.05529 -0.09269
-0.19665 -0.05615 0.13138
-0.43462 -0.05479 -0.05097
-0.41895 -0.06110 -0.04912
-0.38169 0.02204 -0.15243
0.06222 0.06065 -0.17349
0.31403 -0.03239 -0.09719
0.31433 -0.03342 0.02843
0.31406 -0.03249 0.00726
0.31448 -0.03394 -0.00344
-0.37559 -0.05214 -0.16685
-0.25013 -0.00512 0.12942
-0.31178 -0.09170 0.12056
-0.13899 0.03660 -0.17696
-0.37835 -0.08231 -0.07884
-0.12203 0.09385 -0.00909
-0.12068 -0.02364 0.15715
-0.42355 -0.03453 -0.09778
0.37561 0.00231 -0.08409
-0.00816 0.11385 0.04837
-0.32812 -0.07542 0.18059
-0.10637 0.04687 0.07823
-0.10653 0.04894 0.06209
-0.10878 0.05365 0.03179
-0.09223 0.04711 0.02873
-0.16133 -0.04640 0.18015
0.01347 -0.08271 -0.17043
0.39105 -0.05773 0.08722
0.35777 -0.04933 0.14586
-0.08632 0.05033 -0.02520
0.25058 -0.10414 -0.17608
-0.34194 -0.00141 -0.18361
-0.01300 -0.09277 -0.17706
0.02074 -0.09262 -0.16331
0.03979 -0.09251 -0.16077
0.06454 -0.09239 -0.15392
0.05101 -0.09247 -0.15146
-0.42204 -0.06218 0.08233
-0.28328 0.06102 0.13202
0.31633 -0.04051 0.17980
0.31657 -0.04201 -0.01816
0.31643 -0.04115 -0.06391
0.31662 -0.04232 0.09574
0.34127 0.00937 -0.11481
-0.10959 0.05140 -0.13366
-0.12627 0.06238 0.09219
-0.30584 -0.00994 0.13477
0.01452 -0.03961 -0.17091
-0.35409 -0.03039 0.18707
0.19557 0.04393 0.06959
0.10173 0.01508 -0.16588
0.28970 -0.07299 -0.14710
-0.08083 0.03674 0.17375
0.29287 -0.06683 0.18444
0.03230 0.10755 0.08016
-0.22402 -0.01520 -0.11731
-0.10655 0.10052 -0.00889
-0.27710 0.04606 -0.05029
-0.38317 0.05357 0.12409
0.31015 -0.04887 -0.10836
0.30977 -0.06950 -0.10836
0.29107 -0.03149 -0.10836
0.30146 -0.03425 -0.10836
0.30644 -0.01236 -0.10836
0.18605 -0.08733 -0.10836
0.29510 -0.06008 -0.10836
0.30345 -0.02771 -0.10836
0.21405 -0.06774 -0.10836
0.26110 -0.07068 -0.10836
0.22494 -0.06302 -0.10836
0.20480 -0.07741 -0.10836
0.27508 -0.06964 -0.10836
0.30592 0.00274 -0.10836
0.29664 -0.02192 -0.10836
0.27372 -0.08347 -0.10836
0.30567 -0.07853 -0.10836
0.28181 -0.05123 -0.10836
0.23690 -0.08549 -0.10836
-0.18376 0.05659 0.14064
-0.02183 0.11183 0.07604
-0.28876 0.02238 -0.17319
-0.27787 0.02382 -0.16023
0.01306 0.11345 0.01113
0.01710 0.11325 0.03920
-0.10348 0.09671 0.05329
-0.31433 0.01433 0.17469
-0.31472 0.01410 0.02895
-0.31223 0.01560 -0.04771
-0.31602 0.01331 0.12177
-0.31341 0.01489 0.00446
-0.17533 0.06204 -0.04161
-0.16972 -0.02601 0.18195
0.01901 0.06171 -0.12437
0.03023 0.08859 -0.11173
0.44419 -0.07920 0.01048
0.08039 0.04306 -0.15727
-0.43906 -0.03205 0.05723
-0.28455 0.02469 -0.00773
-0.29057 0.02360 0.18272
-0.28626 0.02438 0.17416
-0.28401 0.02479 -0.09394
-0.29010 0.02368 0.12434
-0.01398 -0.01287 0.17484
0.44377 -0.07944 0.02679
0.24324 -0.08437 -0.17198
-0.40839 0.02887 0.02940
-0.01934 0.11260 -0.06554
-0.31864 0.03392 -0.08675
0.04730 0.10789 -0.03729
-0.02294 -0.06405 0.17478
-0.34704 0.05952 0.11414
0.21446 -0.10788 -0.16247
-0.21125 -0.06507 0.12209
-0.21510 -0.07438 0.13552
-0.02685 0.11249 -0.02143
0.05676 0.09727 0.08898
0.01962 0.11325 -0.01491
-0.08320 0.02072 0.17073
0.32439 -0.07297 -0.16744
-0.21222 -0.01940 -0.16140
-0.34959 0.00427 -0.17805
-0.28508 0.03797 0.08628
0.17810 -0.01790 -0.12032
0.17738 -0.01931 -0.06748
0.17735 -0.01939 -0.05642
0.17680 -0.02044 -0.03528
0.17677 -0.02051 -0.09278
0.26710 -0.10354 0.12287
0.12522 -0.04750 0.16279
-0.36767 0.03884 -0.06029
0.13040 0.01535 -0.16938
0.28251 -0.01243 -0.16023
0.42884 -0.08011 -0.07048
0.37715 -0.08223 -0.13044
0.40904 -0.08130 -0.10696
-0.37145 0.06394 -0.06089
-0.40055 0.00496 0.15088
0.12300 0.03034 -0.16995
-0.33181 -0.03368 -0.16301
-0.13460 -0.09412 0.15065
-0.11798 -0.09390 0.14777
-0.14555 -0.09427 0.13898
0.00232 -0.03340 -0.17176
0.31009 0.02978 0.00034
-0.38114 0.06426 -0.11309
-0.16364 0.06626 0.04579
-0.32741 -0.06741 -0.12193
-0.24463 -0.01688 -0.17198
-0.25547 0.04033 -0.09990
-0.07042 -0.07084 -0.18016
-0.03520 -0.00720 -0.17171
0.20791 -0.06150 0.15610
-0.17258 0.06101 -0.08594
-0.43102 -0.04029 -0.10765
-0.08109 0.04574 0.16537
-0.11108 -0.02121 -0.17836
-0.32937 0.02411 0.17922
-0.15157 0.05760 -0.03155
-0.20299 0.04549 0.11907
0.18575 0.04508 -0.00456
0.18855 -0.07625 0.11228
-0.28126 0.00156 0.14258
0.12054 0.07053 -0.06794
0.10633 0.07647 -0.07124
0.08605 0.08800 -0.06102
-0.11849 0.07281 -0.03747
-0.22274 -0.01829 -0.14280
-0.23806 -0.03096 0.17075
-0.22746 -0.08207 -0.11613
0.32232 0.01063 -0.13660
0.21643 0.04397 -0.02057
0.33645 -0.06272 0.05412
-0.17911 0.06519 0.07960
-0.18617 -0.09576 -0.14909
-0.16913 -0.09474 -0.15156
-0.16701 -0.09532 -0.16811
-0.20869 -0.03222 -0.15715
0.34080 0.00367 -0.11444
0.36440 -0.03257 0.13713
0.31024 0.02844 -0.11663
0.22708 0.03913 -0.14997
-0.13730 0.04459 0.11717
0.16493 -0.08712 0.17172
-0.35883 -0.01591 0.17910
0.22199 -0.03694 0.15441
-0.37278 0.03127 0.08933
-0.03860 -0.04148 -0.16715
0.38708 0.00466 -0.01630
0.27021 -0.08582 0.18563
0.24904 0.04004 -0.01684
-0.30146 0.03941 0.01897
-0.09512 0.08485 0.09901
-0.09236 0.05404 0.02240
-0.26434 -0.10808 -0.17779
0.07705 0.06012 0.15857
-0.30187 -0.09472 -0.17297
-0.21027 0.05471 -0.16055
-0.26605 0.04266 0.18108
-0.23192 0.04626 -0.11854
-0.23619 -0.09825 0.14226
-0.38727 0.06974 -0.06071
0.19955 -0.00761 -0.18289
-0.00779 -0.08920 0.17428
-0.21919 0.04750 0.08857
-0.09722 0.07370 0.10757
-0.09871 0.09734 0.08405
-0.09319 0.04694 0.12898
0.34017 -0.03444 -0.05687
0.35311 -0.03505 -0.05669
-0.31342 -0.05726 -0.17406
0.37086 0.00704 -0.05450
-0.32040 -0.04517 -0.15943
-0.02403 0.02947 0.17448
0.17950 0.04020 -0.09390
0.00129 0.04046 0.13591
0.03382 -0.07848 0.17387
0.02095 -0.07570 0.17661
-0.26764 0.02496 -0.02145
-0.27020 0.02512 0.07446
-0.26729 0.02494 0.15456
-0.26713 0.02493 -0.01134
0.27871 0.00947 0.18288
-0.43305 -0.02475 0.00316
-0.38039 0.06548 -0.07786
-0.36473 0.04339 -0.15589
-0.36021 0.01241 0.17175
-0.11412 0.02112 0.17483
-0.02061 0.11358 -0.05231
-0.24674 -0.06749 -0.17239
0.33183 0.02241 -0.03748
0.18274 -0.04328 0.11471
0.15214 -0.09181 -0.17556
-0.19941 0.06254 -0.07549
-0.20013 0.05286 0.03336
-0.41546 -0.07154 -0.07400
0.32772 0.01220 -0.12199
-0.41770 -0.06213 0.06802
-0.03687 0.11131 -0.03273
-0.31239 0.01229 0.15916
0.27569 -0.04943 0.17731
-0.08722 0.10478 -0.02268
0.39803 -0.03146 0.08430
0.25733 -0.08924 0.15108
0.41747 -0.03022 -0.03804
0.19218 -0.07411 -0.16524
0.40036 -0.08343 0.05514
0.35252 -0.08804 0.08355
0.42767 -0.08083 0.03627
0.40599 -0.08287 0.05368
0.40604 -0.08280 0.05971
0.38844 -0.08443 0.07716
0.35690 -0.08750 0.09233
0.29550 -0.03878 -0.16405
-0.41972 -0.01583 0.13474
-0.19285 -0.02244 -0.18261
-0.11972 0.04832 -0.10620
-0.33105 -0.02819 -0.13800
0.13128 -0.00498 0.16610
0.31630 0.02149 -0.08388
-0.12852 0.02633 0.17936
0.35310 -0.02026 0.15033
0.18138 -0.04906 0.15098
0.38832 0.00202 -0.04205
-0.11870 0.09975 0.04300
0.19274 0.00373 0.18110
-0.12210 0.09946 -0.04370
0.02691 0.09139 0.11120
0.19930 0.04464 -0.01632
0.36836 -0.03348 0.12917
-0.35354 0.02314 0.17050
0.15423 0.04112 0.13531
-0.12441 -0.01850 -0.17160
0.29472 -0.00127 0.18002
-0.05109 0.11110 0.06720
0.24198 -0.03333 0.16056
0.39334 -0.05738 -0.08370
0.10518 -0.06033 -0.16123
0.04402 0.10716 -0.05950
0.22356 0.00807 -0.12325
-0.43517 -0.04754 -0.03375
-0.11335 0.09533 -0.02925
-0.06672 0.10726 0.08787
-0.26304 0.05430 0.16953
0.27681 0.00128 -0.15106
0.00925 -0.01395 -0.17555
0.13468 -0.02418 0.16546
-0.08310 0.10794 -0.06126
0.12721 0.06045 -0.10294
-0.10591 0.02178 -0.17807
0.06422 0.06016 0.17222
-0.43278 -0.01732 -0.02371
-0.43294 -0.02416 -0.01526
-0.15034 0.07051 -0.04915
-0.27362 0.01468 0.13118
-0.32631 0.03576 -0.02926
0.33833 0.01633 0.09800
0.10343 -0.06058 0.16204
0.29318 0.03280 -0.12185
-0.39610 -0.03515 -0.15577
-0.06014 0.10866 -0.08188
0.19437 -0.04981 -0.19505
-0.03786 0.01116 0.17058
0.25699 0.03701 0.04666
0.18102 0.02152 -0.17534
-0.35506 -0.06741 0.18240
0.43375 -0.07759 -0.03535
0.23752 0.03696 -0.11872
-0.43280 -0.03508 -0.03863
0.01137 0.03754 0.16635
0.41477 -0.06649 0.04893
-0.30600 -0.07672 0.14878
0.38693 -0.04565 -0.09081
-0.23633 0.05960 -0.12802
-0.24703 0.02039 -0.18111
-0.24889 0.02096 -0.01724
-0.24770 0.02059 0.11417
-0.25459 0.02273 0.18428
0.25620 0.03227 0.10683
-0.08316 -0.03830 0.16125
-0.26071 0.02236 0.13054
-0.26660 0.04511 -0.03578
-0.15244 -0.09080 -0.17678
0.18861 0.04451 0.07546
0.07611 0.07565 0.17099
-0.31421 -0.08599 0.16313
0.21514 -0.10849 0.13783
0.35919 -0.03346 -0.14498
0.19593 0.04169 0.03967
-0.09492 0.05240 -0.03001
-0.37563 0.05356 -0.11559
-0.21562 -0.01228 -0.17694
0.24866 -0.04494 0.16192
-0.43558 -0.03487 0.00042
-0.43558 -0.03619 -0.00916
0.32409 0.02648 -0.00298
-0.12910 -0.07911 0.17444
0.18210 0.03682 -0.16286
-0.23883 -0.08856 0.12907
0.29122 -0.03071 0.14832
0.20953 -0.00644 -0.18848
-0.09701 -0.01451 0.16243
0.21685 -0.02639 -0.18041
-0.30175 -0.01992 -0.17146
-0.07750 0.06810 0.11485
-0.07542 0.09432 0.10202
0.34835 0.01426 -0.06227
-0.11778 0.07897 -0.02872
-0.11764 0.06348 0.02430
-0.11756 0.05429 -0.04205
-0.11752 0.04909 -0.00914
-0.11752 0.04894 0.04994
-0.11771 0.07118 -0.06287
-0.11765 0.06399 0.03252
-0.11752 0.04954 0.04077
-0.11760 0.05844 -0.09399
-0.11754 0.05134 -0.09161
-0.11759 0.05767 0.03619
-0.11765 0.06449 0.01849
-0.11752 0.04932 0.00144
-0.11770 0.06983 0.00048
-0.13076 -0.00932 -0.16183
0.19416 0.03739 0.16239
0.26413 0.03461 0.05803
-0.07577 0.02013 -0.16606
0.19986 -0.00745 0.16525
0.36428 -0.05609 0.05068
-0.36853 0.07071 -0.08283
-0.04571 0.11142 0.00184
-0.00280 0.04100 -0.15894
-0.08663 0.05058 0.02461
-0.25922 0.04171 0.18161
0.30334 0.03114 -0.13044
0.20672 -0.00819 -0.16126
0.08618 0.04590 -0.14599
-0.08684 0.05014 -0.12200
-0.31620 0.06075 -0.11577
-0.22603 0.05663 -0.05266
-0.36831 0.07155 0.02534
-0.11245 0.07266 -0.10744
-0.37345 0.06888 0.00502
0.28837 -0.09499 -0.15770
0.09586 0.03186 0.16919
-0.11752 0.07252 -0.05509
0.12090 0.07394 0.03795
0.13726 0.06647 0.03471
0.10952 0.07949 0.03575
0.16554 0.05199 0.04848
-0.26565 -0.03054 0.15238
0.28025 0.03259 0.15307
-0.00844 -0.07896 0.17385
-0.13339 0.09420 0.04080
-0.28001 0.02505 0.09948
-0.27703 0.02522 0.15446
-0.27452 0.02538 0.19226
-0.27904 0.02510 0.08635
-0.27600 0.02529 0.00646
-0.23961 -0.01471 0.12994
-0.10206 0.07572 -0.02570
-0.12344 0.07602 -0.02705
-0.19418 0.05405 0.03495
0.16962 -0.09188 0.15003
-0.27533 -0.05315 -0.16058
0.23860 0.03637 0.08492
-0.27650 -0.07176 0.16570
0.24202 -0.01876 -0.17202
-0.39378 -0.07044 -0.10758
-0.38905 -0.07251 -0.09649
0.38983 -0.03556 0.08692
-0.04254 0.04492 0.14441
0.20972 -0.00298 0.15138
0.21301 0.04088 0.14222
-0.43646 -0.02210 0.05017
0.18337 -0.00484 -0.17946
0.10711 0.06467 0.11560
0.16833 -0.06328 -0.15949
0.16827 -0.06216 0.02240
0.16820 -0.06104 -0.08018
-0.19967 -0.02619 -0.18632
0.37834 -0.06538 -0.05148
-0.34067 0.05911 -0.15111
0.35857 0.01207 -0.05323
0.40501 -0.00387 0.01030
-0.33536 -0.07250 0.12997
-0.05378 0.11120 0.06243
0.27327 0.02430 -0.16905
0.01184 0.01084 0.17439
-0.09750 0.10343 0.00889
0.34682 0.01285 0.08352
0.11960 0.02301 -0.17284
-0.13160 0.09107 0.08464
-0.41784 -0.03478 0.13266
0.36237 -0.05796 -0.11814
-0.27078 0.04591 -0.06759
0.13520 0.01686 -0.17381
-0.04872 0.11024 0.02874
-0.03369 0.11210 0.00928
-0.33225 -0.04981 -0.11456
0.18926 -0.03267 -0.16315
-0.22980 -0.04929 -0.14857
-0.36994 0.03061 0.06135
-0.09591 0.05141 0.15230
0.08027 0.04327 0.15126
0.38233 -0.01103 -0.10098
-0.19695 -0.04356 -0.04164
-0.19647 -0.05158 0.15501
-0.19673 -0.04716 0.09640
-0.19681 -0.04587 0.07139
-0.08980 0.04539 -0.11956
-0.00500 -0.04150 -0.16953
0.25947 -0.03163 0.17056
-0.30262 0.06021 -0.14122
-0.22347 -0.01652 0.12251
0.20543 0.04074 -0.13108
-0.20978 -0.02751 -0.17697
0.39300 -0.06924 -0.11057
0.41811 -0.01529 0.03103
-0.11645 0.07023 0.09778
-0.06220 -0.05276 0.16995
0.29764 0.02876 -0.15288
0.05775 -0.09252 0.13709
0.00763 -0.09322 0.11351
0.05336 -0.09280 0.11586
-0.15839 -0.09457 0.11835
-0.05552 -0.09347 0.13740
-0.07474 -0.09387 0.11744
-0.04330 -0.09337 0.13709
-0.07369 -0.09363 0.13728
0.09951 -0.09245 0.11247
-0.09861 -0.09394 0.12895
-0.09272 -0.09399 0.12046
0.08195 -0.09261 0.11171
-0.08175 -0.09340 0.16233
0.02278 -0.09310 0.11233
-0.11038 -0.09394 0.13691
-0.08488 -0.09401 0.11251
-0.04666 -0.09352 0.12693
0.04613 -0.09280 0.12155
0.01216 -0.09294 0.13389
0.06372 -0.09252 0.13223
-0.07568 -0.09343 0.15544
-0.05488 -0.09375 0.11336
-0.05636 -0.09312 0.16813
-0.01033 -0.09279 0.16312
-0.12184 -0.09411 0.13088
-0.02511 -0.09335 0.12587
-0.01322 -0.09343 0.11046
0.05047 -0.09264 0.13203
-0.04612 -0.09311 0.16176
0.20963 -0.06647 -0.18362
-0.31735 0.05575 0.15548
0.16901 -0.07266 0.01147
0.16891 -0.07129 0.05660
0.16873 -0.06893 -0.03053
0.16903 -0.07291 0.15924
-0.17938 0.04702 -0.11729
-0.38215 0.04683 -0.10382
-0.20072 -0.02732 -0.00986
-0.19956 -0.03103 0.10828
-0.20043 -0.02824 0.09400
-0.20144 -0.02503 0.18900
-0.14704 0.05640 0.00564
-0.19778 -0.06861 0.14667
-0.19782 -0.06881 -0.01665
-0.19825 -0.07102 0.03757
-0.19749 -0.06713 -0.11683
-0.19784 -0.06892 -0.00763
-0.19218 -0.09308 0.18147
-0.37414 0.04402 0.10120
-0.42553 -0.05929 -0.07395
-0.43865 -0.01354 -0.07227
-0.34224 0.05706 -0.11288
0.03649 0.11152 0.01117
-0.18971 0.05361 -0.03060
-0.22984 -0.03727 -0.13544
-0.24259 0.05954 0.13694
-0.27233 -0.08887 0.13786
0.01823 -0.05037 -0.16762
-0.12770 0.06532 0.04008
-0.39301 -0.01485 0.16100
0.19376 0.04288 0.08239
0.16098 0.03942 0.15452
0.24758 -0.00554 -0.17468
0.30363 0.02918 0.03798
-0.36059 0.06951 0.08547
-0.04604 -0.01870 0.17065
0.34656 0.01303 -0.08141
-0.10855 0.05158 -0.14157
-0.29886 -0.10325 0.17857
0.30535 0.02660 -0.06125
-0.27323 -0.07125 -0.16570
-0.33201 -0.03519 0.13341
-0.33188 -0.03423 0.14032
-0.37997 0.06496 0.08342
0.19818 0.04411 0.02909
-0.37846 -0.07507 0.15265
-0.15846 0.07074 -0.06753
0.01340 0.05510 -0.12729
0.00321 0.08732 -0.11196
0.12818 0.04101 0.13688
0.28950 0.03321 -0.01869
-0.25298 -0.02516 0.16475
-0.14247 0.01580 0.16193
0.07027 0.05923 0.16357
0.01107 0.11318 0.04680
-0.19843 -0.03523 -0.07405
-0.19793 -0.03795 0.03141
-0.19747 -0.04042 0.09727
-0.19792 -0.03797 0.09177
0.20222 -0.01702 -0.17810
-0.23490 -0.01772 -0.17284
0.12359 -0.03470 -0.16630
-0.09737 0.10315 -0.01650
0.25747 0.03356 0.16008
-0.06433 0.10194 0.09847
-0.09797 0.07046 -0.10938
-0.02151 -0.01266 -0.17359
-0.05030 -0.02498 -0.16898
-0.35390 -0.01366 -0.18100
-0.08415 -0.01423 0.16493
0.24243 -0.11390 0.14919
-0.31742 0.00320 -0.11744
-0.32920 -0.07479 -0.11766
-0.08171 0.08997 0.10337
0.28298 0.02161 -0.16816
-0.34957 -0.01881 0.18709
-0.28717 0.00065 0.14171
-0.09740 0.05412 -0.10522
-0.05356 -0.05209 0.16346
0.36160 -0.05941 -0.12948
-0.38617 0.06461 0.09110
0.33542 -0.05943 0.16204
0.15093 -0.07417 0.17250
0.29963 -0.04838 -0.16502
-0.15198 0.07154 -0.05662
0.07196 0.04443 -0.15972
0.28131 0.00796 -0.18153
-0.41202 0.00988 0.12258
-0.30675 0.03901 -0.03458
0.01909 -0.02259 -0.17441
0.20069 -0.04207 0.12788
0.05641 0.02460 -0.17311
0.06775 0.07632 -0.11760
-0.43717 -0.05377 -0.04486
0.42704 -0.06762 -0.00043
-0.30037 0.03780 -0.07525
-0.40360 0.02682 -0.00530
-0.14990 0.05609 0.01831
0.32511 0.02483 0.03145
-0.03283 0.05685 0.12384
-0.02543 0.09102 0.10904
-0.02382 0.07778 0.11516
-0.10752 0.10273 0.07508
0.42679 -0.02502 -0.01090
0.29124 0.01950 -0.16697
0.32500 -0.05420 -0.05060
-0.42060 -0.05052 -0.12313
0.16125 0.05653 -0.01145
0.14445 0.06436 -0.01367
0.15420 0.05965 -0.01656
0.13900 0.06733 -0.00399
-0.28276 -0.10999 -0.17404
-0.10721 -0.04453 0.17769
0.23642 -0.01839 0.17065
-0.15065 -0.03625 -0.17973
0.40427 -0.04133 -0.05558
0.29940 -0.00787 0.15670
0.29892 -0.00740 -0.10508
0.29700 -0.00548 0.03863
0.29831 -0.00679 0.18687
-0.13930 0.01968 -0.15691
-0.24065 -0.06578 -0.17460
-0.40570 -0.02126 -0.15050
0.30385 -0.00015 0.17130
-0.32956 0.04794 -0.16639
-0.09563 0.04603 -0.04821
-0.10542 0.04727 -0.07122
-0.11536 0.05013 -0.08165
0.40896 -0.08124 0.10541
0.40490 -0.08141 0.11009
0.39610 -0.08164 0.11579
0.40225 -0.06213 0.06641
0.16234 0.04942 0.08863
-0.05809 -0.07459 -0.17736
0.08739 0.05719 0.14889
-0.11832 0.06212 -0.11149
-0.40313 0.02648 0.02939
0.18491 0.03961 -0.15389
0.25888 0.02340 0.17406
-0.36503 -0.06475 -0.17210
0.03843 0.10895 0.06116
-0.25098 0.04298 0.08354
0.35143 -0.05904 -0.14983
-0.35122 0.05425 0.13886
0.18594 -0.00616 -0.05770
0.19103 -0.00062 -0.16402
0.18546 -0.00668 -0.11173
0.18976 -0.00200 -0.10498
0.32963 0.02126 -0.05443
0.37407 -0.00591 0.10930
-0.22123 -0.00314 0.14571
0.16799 0.05087 -0.04727
-0.34535 -0.01826 -0.10551
-0.34753 -0.02262 -0.04149
-0.34643 -0.02043 -0.02214
-0.34661 -0.02077 -0.13253
0.22537 -0.03723 -0.17248
-0.23163 0.00467 -0.11860
-0.30752 -0.01139 -0.15265
0.23304 -0.00808 -0.14667
-0.31727 -0.09007 0.17978
-0.15083 0.06979 0.04885
-0.38089 0.06385 -0.09646
-0.14728 0.01112 -0.18140
-0.25826 0.02203 -0.12815
0.35113 0.01170 0.07994
0.18301 0.03989 0.09049
-0.23825 0.05781 0.15304
-0.36248 0.06278 0.12377
0.11255 -0.05887 -0.16047
-0.09636 0.08905 -0.09050
-0.23841 0.04637 -0.02055
-0.38572 -0.08137 0.08025
0.11029 -0.08655 0.17109
0.19437 -0.08358 -0.15075
-0.19451 0.04514 0.09796
0.21567 0.00769 0.14020
0.25437 0.03734 0.12674
0.16925 -0.04397 -0.08229
0.16859 -0.04883 -0.10697
0.16959 -0.04143 -0.15124
0.16867 -0.04824 -0.18082
-0.31152 0.00124 0.17749
-0.22225 -0.06733 0.13829
0.41869 -0.01674 -0.03574
-0.33578 -0.01532 -0.16145
0.20821 0.01373 0.17854
-0.30860 0.03903 0.04145
-0.21291 -0.06909 -0.16254
-0.21355 -0.07063 -0.14337
-0.19547 -0.05411 -0.18404
-0.13445 0.01984 0.16483
0.25837 -0.09114 0.12951
0.10668 -0.07706 -0.17263
-0.10544 0.05095 0.13634
0.21550 0.03929 0.12290
-0.11221 0.09534 -0.09394
0.24440 0.03206 -0.16563
-0.34065 -0.05716 0.13029
0.31442 0.01872 -0.12599
-0.11752 0.06142 0.05789
-0.43221 0.01141 0.04856
0.13338 -0.05916 -0.15601
0.20698 -0.10074 0.11795
0.34236 0.00047 -0.14125
0.19475 -0.09074 0.12355
0.18684 -0.08625 0.13974
-0.28827 -0.02827 0.16071
0.03166 -0.03507 0.17260
-0.20700 0.04565 -0.09337
-0.35519 -0.08386 0.14873
-0.36300 -0.08267 0.11984
-0.35321 -0.08416 0.16013
-0.00061 0.11268 -0.06274
-0.43365 -0.01357 0.04501
0.03385 0.10945 -0.06372
-0.17368 0.05799 0.03662
0.34782 -0.01394 -0.15015
-0.31282 0.06146 0.11912
0.29822 -0.02962 0.15712
0.21947 0.00765 -0.17157
-0.33815 0.05992 0.11456
0.17268 -0.02998 -0.04891
0.17258 -0.03022 0.12110
0.17388 -0.02699 -0.09949
0.17408 -0.02651 -0.15539
-0.38144 -0.08166 0.07684
-0.37964 0.04656 -0.12504
0.32775 0.00728 0.15236
0.34517 0.01510 0.10605
-0.06091 0.00030 0.16842
0.27925 0.03039 0.07324
-0.35840 0.02843 -0.16422
-0.11612 0.01877 -0.15745
0.21111 -0.01670 -0.14673
-0.33147 -0.04844 0.17896
-0.11479 -0.09384 0.17636
0.04314 -0.05951 -0.16552
0.19936 -0.06447 0.13847
0.07626 -0.07737 -0.17325
-0.21263 0.04955 -0.08789
0.07165 0.00568 0.17244
-0.29421 0.06013 -0.14461
-0.42468 -0.03182 0.06315
-0.12059 0.09392 0.02625
-0.10863 0.06075 -0.10184
-0.13380 -0.00412 -0.15717
0.26456 0.03482 -0.05498
0.30628 -0.04461 -0.15923
0.25091 0.03440 -0.08419
-0.03143 -0.07388 0.17840
-0.29987 0.06122 0.12284
0.29027 0.03015 0.11080
0.18011 -0.06661 0.16501
-0.37609 -0.07632 0.11574
-0.32949 -0.00450 0.13654
-0.33526 0.03307 -0.07714
0.40123 -0.06408 -0.07246
-0.17681 -0.03748 -0.18070
-0.41555 -0.05419 0.13572
0.05780 0.01509 -0.16894
-0.39060 0.02559 0.14085
0.35721 -0.07184 -0.14771
-0.34211 -0.04070 0.12146
-0.25132 0.05204 -0.05870
-0.03004 0.04472 -0.14968
-0.36377 -0.01139 -0.17554
-0.28367 -0.08803 -0.16663
0.19849 -0.06342 -0.15717
0.16805 -0.05736 0.08810
0.16814 -0.05594 -0.10491
0.16825 -0.05422 0.01276
0.16823 -0.05452 -0.16105
0.36705 -0.01134 0.12967
-0.09095 -0.09411 -0.05080
-0.12723 -0.09442 0.05888
-0.06932 -0.09392 -0.01014
-0.14661 -0.09458 -0.10490
-0.08310 -0.09404 -0.01113
-0.01384 -0.09345 -0.03044
-0.16825 -0.09476 -0.00866
-0.12186 -0.09437 -0.08318
-0.02077 -0.09351 -0.04444
-0.12574 -0.09440 0.03169
-0.19955 -0.09503 -0.09902
-0.18349 -0.09489 -0.06929
-0.07237 -0.09395 -0.04195
-0.17598 -0.09483 -0.06768
-0.03525 -0.09364 -0.03192
-0.18303 -0.09489 -0.05930
0.05628 -0.09286 -0.04732
-0.11390 -0.09430 0.04385
-0.19698 -0.09501 0.02013
0.13959 -0.09216 -0.09212
-0.08692 -0.09407 -0.10028
-0.14126 -0.09453 0.06610
-0.18438 -0.09490 0.00494
-0.03844 -0.09366 -0.07737
-0.10733 -0.09425 0.03613
-0.01441 -0.09346 -0.06061
-0.07659 -0.09399 -0.05225
-0.19520 -0.09499 -0.03421
-0.15131 -0.09462 -0.07853
-0.13453 -0.09448 0.06507
-0.14111 -0.09453 0.03708
-0.18684 -0.09492 0.01402
-0.04628 -0.09373 -0.04663
-0.01517 -0.09347 -0.09538
-0.13838 -0.09451 -0.03784
-0.18093 -0.09487 -0.07535
-0.00744 -0.09340 -0.01912
-0.13181 -0.09445 -0.08079
-0.18217 -0.09488 -0.05078
-0.11926 -0.09435 -0.10424
-0.10876 -0.09426 -0.00496
-0.16551 -0.09474 0.07259
-0.15711 -0.09467 0.06703
-0.19245 -0.09497 -0.01759
-0.17622 -0.09483 -0.04490
-0.03886 -0.09367 -0.06401
-0.12858 -0.09443 -0.04337
-0.17038 -0.09478 0.05490
-0.11069 -0.09428 -0.07918
-0.03880 -0.09367 -0.10063
-0.04634 -0.09373 -0.07732
-0.16535 -0.09474 -0.04554
-0.07174 -0.09395 -0.10013
-0.07681 -0.09399 -0.00027
0.09949 -0.09249 -0.09258
0.03092 -0.09308 -0.09075
-0.11997 -0.09435 -0.00001
0.06572 -0.09278 -0.08122
-0.00151 -0.09335 -0.01063
-0.11254 -0.09429 -0.01210
0.10933 -0.09241 -0.10298
-0.18501 -0.09490 -0.10181
-0.09829 -0.09417 -0.05165
0.09021 -0.09257 -0.07730
-0.15538 -0.09465 -0.04934
-0.15676 -0.09467 -0.01194
-0.04172 -0.09369 -0.08637
-0.08048 -0.09402 -0.05650
-0.13422 -0.09447 -0.07434
0.04003 -0.09300 -0.08983
-0.19511 -0.09499 -0.08277
-0.20020 -0.09503 -0.07234
-0.07666 -0.09399 -0.09184
-0.06793 -0.09391 -0.05258
-0.20021 -0.09503 -0.01193
-0.14933 -0.09460 -0.02339
0.04616 -0.09295 -0.10055
0.09309 -0.09255 -0.08215
0.02648 -0.09311 -0.05314
-0.17329 -0.09481 -0.05463
-0.03233 -0.09361 -0.09153
-0.19758 -0.09501 0.04177
0.08000 -0.09266 -0.08023
-0.08853 -0.09409 -0.00788
-0.19439 -0.09498 0.04768
0.08833 -0.09259 -0.10322
-0.14626 -0.09458 -0.09504
0.06749 -0.09277 -0.10560
0.05830 -0.09284 -0.08443
-0.19634 -0.09500 0.02614
-0.18586 -0.09491 -0.08644
0.09916 -0.09250 -0.06841
-0.05190 -0.09378 -0.05262
-0.13425 -0.09447 -0.06703
-0.18681 -0.09492 -0.09510
-0.25154 -0.10632 -0.17211
-0.21751 -0.03646 -0.16539
0.22604 0.03691 -0.10851
0.23916 0.03519 -0.10486
0.37895 -0.08355 -0.10442
0.33819 -0.08476 -0.15170
0.34740 -0.08752 -0.10603
0.38482 -0.08230 -0.10998
0.34275 -0.08554 -0.13582
0.35394 -0.08347 -0.14290
0.35684 -0.08582 -0.11151
0.34197 -0.08892 -0.09805
0.38404 -0.08317 -0.10119
0.34657 -0.08349 -0.15382
-0.26661 -0.00270 0.17098
0.21953 0.04226 0.04939
-0.10592 0.06301 0.10202
-0.30203 0.03936 0.05843
-0.23456 0.01425 0.04743
-0.23786 0.01625 0.18682
-0.23112 0.01218 0.05873
-0.23087 0.01204 -0.05455
-0.06213 -0.06245 0.17530
-0.18193 -0.07556 0.17494
0.26541 -0.10837 0.14852
0.27267 0.01101 0.17501
0.27829 0.00849 0.10821
0.27692 0.00910 -0.00468
0.27803 0.00860 -0.13478
0.27038 0.01204 0.18824
0.09728 -0.08376 0.16999
-0.40665 -0.06623 0.09198
-0.39806 -0.06957 0.08612
-0.21892 -0.07235 -0.11733
0.00747 0.11050 -0.08104
-0.01360 0.09059 0.11006
-0.43285 -0.01998 -0.00350
0.07068 0.05849 0.15375
0.07626 0.06052 -0.14553
-0.43791 -0.04777 -0.02205
-0.23197 -0.00442 0.16516
0.32893 0.01830 -0.09647
-0.21220 0.04694 0.17583
0.32632 0.00199 0.12682
0.31314 0.02445 0.14843
0.01143 0.04075 0.15711
-0.18519 -0.08460 0.17738
-0.21906 -0.00597 -0.17248
-0.10182 0.05206 -0.15269
-0.15709 0.05890 -0.09172
0.28052 -0.05586 0.10897
0.25934 -0.08420 0.10897
0.19443 -0.09052 0.10897
0.21923 -0.06166 0.10897
0.24587 -0.06393 0.10897
0.25498 -0.04650 0.10897
0.29029 -0.04750 0.10897
0.21186 -0.08668 0.10897
0.31327 -0.03995 0.10897
0.25031 -0.04113 0.10897
0.23692 -0.08982 0.10897
0.27336 -0.09099 0.10897
0.26166 -0.05511 0.10897
0.21567 -0.07212 0.10897
0.29040 -0.06747 0.10897
0.29570 -0.07777 0.10897
0.27990 -0.06820 0.10897
0.23476 -0.07976 0.10897
-0.15663 -0.01357 -0.18156
0.38556 -0.08212 0.12967
-0.32960 -0.02470 0.15396
-0.07463 0.00630 -0.16541
0.24794 -0.04017 0.16531
-0.38537 -0.07927 -0.12593
-0.35462 -0.08395 -0.12298
-0.36407 -0.08251 -0.13267
-0.38197 0.03325 0.09277
0.24925 0.00861 0.17897
0.29772 0.02582 0.08760
-0.04820 0.04175 -0.16623
0.32286 -0.00486 0.16296
-0.27248 -0.02104 -0.16701
0.26090 0.03743 -0.13552
-0.02497 -0.03404 -0.17014
-0.28530 0.03192 0.18428
0.19735 0.04112 -0.14601
-0.20064 0.03871 -0.17923
0.28739 -0.01251 0.12788
0.36344 -0.08244 -0.14842
-0.22859 0.02134 0.18596
0.34889 -0.08672 0.11368
0.38278 -0.08382 0.09609
0.37255 -0.08552 0.09190
0.40455 -0.08155 0.08964
0.37372 -0.08325 0.11632
0.35372 -0.08576 0.11748
0.32250 -0.09076 0.10675
0.31615 -0.09111 0.11229
0.34324 -0.08744 0.11383
0.35823 -0.08403 0.13065
-0.36059 -0.07206 -0.17382
-0.42420 -0.06118 0.07455
-0.23967 -0.05838 -0.17401
-0.22108 -0.06396 -0.17894
-0.16706 -0.07677 0.17434
-0.21283 -0.00495 0.13143
-0.21594 -0.00100 0.08100
-0.21338 -0.00425 0.06938
-0.21402 -0.00344 -0.01389
-0.35007 0.04101 -0.16333
0.31202 0.02244 -0.14772
0.31316 0.01577 0.15848
-0.15956 0.00008 0.18283
0.27453 -0.10638 -0.16419
0.23557 -0.03696 0.15553
-0.30867 0.03770 -0.06484
-0.32955 0.03301 -0.07983
-0.30564 -0.09256 -0.17931
0.40973 -0.00690 -0.02102
-0.21922 0.05543 0.12306
0.19527 0.04312 -0.00796
0.01753 0.00947 -0.17422
-0.29726 0.00981 0.14452
-0.25176 0.04539 -0.02678
-0.06733 -0.02640 -0.16597
-0.30748 0.01795 0.16564
-0.30862 0.01744 0.16005
-0.30629 0.01848 0.01132
-0.30472 0.01919 0.14245
-0.30382 0.01959 -0.01652
-0.34131 -0.03461 -0.17428
-0.34040 -0.02772 -0.16157
-0.12897 0.09304 0.07355
0.19317 0.04171 0.10039
-0.27769 -0.00186 -0.16857
0.13859 0.02532 -0.17273
-0.43315 -0.00046 0.10547
0.32842 -0.07954 -0.17179
-0.27539 0.06053 -0.14025
-0.13203 0.09798 0.05978
0.24592 0.00414 0.12612
-0.41739 0.01074 0.10648
-0.09862 0.09740 0.09607
0.20287 -0.03293 0.15912
0.02675 -0.05792 -0.16518
0.24115 0.00820 -0.11884
-0.01628 -0.03998 0.17003
0.05251 0.08933 0.11083
0.40311 -0.01254 -0.07215
0.36705 -0.03464 -0.12470
-0.24074 0.02073 0.18784
-0.33785 0.04820 -0.16292
0.17501 0.05004 -0.00704
-0.40334 0.02650 -0.10108
-0.21807 0.01316 0.18557
0.25789 0.03882 0.01354
-0.30596 0.06033 -0.13554
-0.31435 0.05238 -0.10904
-0.18804 0.01120 -0.18328
0.08533 0.08485 0.08447
0.14155 0.05589 0.09318
-0.30506 0.03987 0.04568
-0.33943 -0.06268 -0.16952
0.02304 -0.05766 0.16656
-0.22828 0.00537 -0.17150
-0.23201 0.00823 -0.17527
-0.41611 -0.04741 -0.12981
0.31381 -0.02113 -0.17148
-0.35491 -0.04914 -0.18714
-0.30519 -0.02727 -0.17143
-0.05044 0.10826 0.09111
-0.01741 0.11279 0.02907
-0.00564 0.11338 0.03298
0.33833 0.01046 0.13686
0.28059 -0.08954 0.14181
0.21945 0.03939 -0.12378
-0.18363 0.04324 -0.17611
0.05476 0.05315 -0.12953
0.22863 -0.07385 0.16264
-0.11453 0.05256 0.10574
-0.15075 0.05480 0.14956
0.36588 -0.06255 0.11947
-0.26116 0.05827 0.15475
0.36660 -0.04182 0.11578
-0.10559 0.09737 -0.06597
0.19391 0.00193 0.16337
0.19670 0.00427 0.02772
-0.28990 0.01286 -0.17328
0.01144 0.11232 -0.06198
-0.20850 0.05163 -0.03208
-0.26900 -0.11026 0.13085
-0.29076 -0.03968 0.15488
0.30325 0.02803 0.05288
0.08533 0.08192 -0.09685
0.24394 -0.06948 -0.16054
-0.13924 -0.07541 -0.17606
-0.23029 -0.00661 -0.14264
-0.33120 -0.05778 -0.17375
-0.13188 0.09610 -0.08311
0.05561 0.10209 -0.06107
-0.24822 0.05768 -0.12062
-0.24364 -0.01010 -0.15323
-0.36330 0.07133 -0.07393
-0.13756 0.05600 -0.09697
-0.03529 0.02048 -0.17035
-0.40100 -0.07791 -0.08072
0.36511 -0.06494 -0.01635
0.38819 -0.06563 -0.02745
0.41778 -0.06645 -0.03042
-0.10801 0.07826 -0.09406
-0.22226 -0.00208 -0.17675
-0.30209 0.03928 -0.00704
0.36126 -0.03929 0.05612
0.37605 -0.03034 0.05862
-0.35430 -0.04806 -0.17931
-0.35420 -0.04694 -0.16415
-0.35441 -0.04934 0.04711
-0.35412 -0.04597 -0.11945
-0.19487 0.04009 0.17882
-0.00456 0.04141 -0.13926
-0.04299 0.08638 0.10943
-0.05179 0.09375 0.10516
0.23317 -0.10267 0.17570
0.27987 -0.06220 0.18822
0.29254 -0.01328 0.14471
0.28480 0.03444 0.13066
0.32682 0.02289 0.04879
-0.06585 0.10944 -0.07070
-0.16584 0.04947 -0.12182
-0.08058 0.10622 0.08486
-0.41233 -0.04565 0.13707
0.23928 0.03830 0.15054
-0.39348 -0.03510 0.15807
0.28354 -0.05953 -0.10834
-0.04594 0.04410 -0.15851
-0.20788 -0.04838 -0.16831
-0.37079 -0.06193 0.16973
-0.23074 -0.03118 -0.13481
-0.27299 -0.11079 -0.14363
0.01966 0.04167 -0.15001
-0.13307 0.05216 -0.10087
-0.33113 -0.08018 -0.17586
-0.07027 0.04162 0.16928
0.09995 0.07842 -0.07869
0.11787 0.06860 -0.08571
-0.13556 0.07268 -0.05196
-0.27829 0.04401 0.17952
0.20670 0.04374 -0.05153
-0.28287 0.01378 0.13956
0.06380 0.04075 -0.14633
0.16523 -0.03914 0.17552
0.15554 0.04208 -0.12706
-0.14206 -0.03877 0.17981
0.16997 -0.03931 -0.06902
0.17039 -0.03777 -0.18416
0.17101 -0.03546 -0.11057
0.16994 -0.03942 0.11838
0.23200 0.04200 -0.02356
0.36243 -0.00492 0.10997
0.18417 0.04247 0.06209
0.17258 -0.02181 -0.17838
-0.09437 -0.03223 0.16854
0.33630 0.01646 0.08613
-0.00159 -0.09002 -0.17706
0.21317 0.04070 -0.13709
0.23241 0.01244 -0.14575
-0.40821 -0.06433 -0.00978
-0.36732 -0.07898 0.02013
-0.38335 -0.07324 -0.01486
-0.36356 -0.08032 -0.02558
-0.36728 -0.07899 0.00607
-0.35883 -0.08202 -0.05949
-0.37115 -0.07760 0.05375
-0.38884 -0.07127 0.02405
-0.38031 -0.07432 -0.04132
-0.36592 -0.07948 0.03758
-0.36515 -0.07976 0.02661
-0.42304 -0.05902 -0.01561
-0.41130 -0.06322 -0.03525
-0.39739 -0.06821 0.00918
-0.38228 -0.07362 0.02380
-0.03766 -0.05567 0.16572
-0.05309 -0.01986 0.16961
0.37717 -0.08091 0.13324
-0.07841 -0.00653 -0.16559
-0.16797 0.04620 0.11771
-0.15731 0.05516 0.14437
0.30036 -0.00900 0.05435
0.30045 -0.00911 -0.01047
0.29983 -0.00832 -0.14240
0.30410 -0.01377 0.17315
0.39101 -0.01598 -0.10363
0.29294 -0.05092 0.15815
0.20624 0.04036 -0.14911
0.40005 -0.06722 -0.08951
-0.11057 0.09252 -0.04759
-0.36643 -0.07958 -0.11306
-0.20638 0.05946 0.07834
-0.41060 -0.06480 -0.13356
0.18175 0.04372 -0.05218
-0.11039 0.10334 0.06255
-0.28938 -0.04972 0.16174
-0.37728 0.06329 -0.12243
0.11240 0.07705 -0.04644
0.13257 0.06776 -0.04539
0.15608 0.05478 -0.05978
-0.11276 0.08473 0.03118
-0.32851 -0.04134 0.17896
-0.07485 0.10671 0.02888
-0.07865 0.10655 0.01400
0.42243 -0.01987 0.03286
0.09680 -0.03124 -0.16986
0.31768 0.02376 -0.06060
-0.13418 0.05020 0.16589
0.03558 0.06412 -0.12350
0.04743 0.05520 -0.12810
0.04115 0.06514 -0.12318
0.35597 -0.08303 -0.15220
-0.21656 0.04878 -0.00753
0.31812 0.02671 0.12862
-0.26157 -0.09991 -0.12859
-0.18551 0.04641 -0.11638
-0.38121 -0.04311 0.16485
-0.22273 -0.06012 0.10897
-0.26840 -0.03623 0.10897
-0.29267 -0.05983 0.10897
-0.27608 -0.03832 0.10897
-0.25510 -0.06986 0.10897
-0.20185 -0.01040 0.10897
-0.21823 -0.08129 0.10897
-0.20208 -0.06629 0.10897
-0.28879 -0.05158 0.10897
-0.24558 -0.05646 0.10897
-0.22671 -0.08967 0.10897
-0.23004 -0.03941 0.10897
-0.28626 -0.08060 0.10897
-0.23308 -0.06711 0.10897
-0.21001 -0.07630 0.10897
-0.19356 -0.00873 0.10897
-0.34045 -0.08105 0.10897
-0.21561 -0.06524 0.10897
-0.22050 -0.03463 0.10897
-0.21427 -0.01538 0.10897
-0.28412 -0.06907 0.10897
-0.20452 -0.03993 0.10897
-0.23806 -0.03862 0.10897
0.09162 0.03738 0.16347
0.10756 -0.00156 0.16943
-0.00479 -0.05997 0.17064
-0.24143 0.01297 0.17813
0.16738 -0.03902 0.18059
0.34792 0.01611 -0.05046
-0.23790 -0.08785 -0.17711
0.25430 0.00975 -0.17458
0.15015 0.04107 -0.14290
-0.18072 0.04662 -0.09857
-0.12961 -0.01179 0.16199
-0.10685 0.02133 0.17555
-0.13138 0.08435 0.09195
-0.36279 0.05816 -0.14493
-0.03890 -0.03101 0.17013
-0.43087 -0.04174 0.07398
-0.01405 -0.06948 0.17934
0.24611 0.02446 -0.17435
-0.27931 -0.09037 -0.17256
-0.17952 0.06617 0.05444
0.41486 -0.08101 -0.09858
0.24794 0.02538 0.17425
-0.19463 -0.06877 -0.17773
-0.24045 0.04751 0.08092
-0.05301 -0.06474 -0.17501
-0.41487 0.02856 0.05380
0.13788 -0.06236 -0.16228
-0.24476 0.01940 0.16172
-0.23859 0.01663 -0.01502
-0.24122 0.01781 0.05933
-0.24022 0.01736 0.01361
-0.24080 0.01762 0.17416
0.27030 -0.09828 -0.16124
-0.02474 0.01988 0.17011
0.28993 0.02711 -0.09066
0.27956 -0.07862 -0.11898
0.18548 0.03881 0.15796
-0.22937 -0.04084 -0.16420
-0.23954 -0.01284 0.17580
0.28078 0.00105 0.13247
0.09689 -0.07129 -0.17536
0.01600 -0.05614 0.16692
-0.38369 0.03063 0.03302
-0.37623 0.03085 0.00659
-0.36125 0.03127 0.04158
0.02759 -0.08483 -0.17270
0.01780 -0.08670 -0.17393
-0.29718 0.02507 -0.18876
-0.07902 -0.05362 0.17573
0.12917 -0.00457 -0.16584
0.07995 -0.08573 -0.17473
0.15753 0.04108 0.14359
0.00100 0.06830 -0.12054
0.22893 0.00259 0.13500
-0.29081 -0.03139 -0.16005
-0.43387 -0.03913 -0.10162
-0.12456 0.07376 -0.07225
-0.20202 -0.09392 0.09503
-0.09911 0.06372 0.03486
0.34697 0.00628 0.09946
0.22666 0.03563 0.16271
0.30161 0.03068 0.14202
-0.09723 0.02103 -0.17298
-0.09312 0.01987 -0.16381
-0.03550 0.08006 -0.11249
-0.04670 0.09719 -0.10349
-0.04324 0.07644 -0.11336
-0.23725 -0.09114 0.11588
-0.26942 -0.02516 0.16475
0.12253 -0.06274 0.16448
-0.27334 0.06107 -0.12002
0.38262 -0.07943 0.12524
-0.13275 0.05806 -0.02721
-0.20161 -0.09097 -0.02938
-0.19972 -0.07926 -0.15718
-0.20099 -0.08714 -0.03409
-0.20224 -0.09491 0.06198
-0.21268 0.05866 0.12673
0.05565 -0.06284 -0.17024
-0.25642 0.01147 -0.14880
-0.24367 0.00789 0.11507
-0.07092 0.01199 -0.16611
-0.08112 0.05058 -0.12243
-0.07925 0.04555 -0.12486
-0.05672 0.08637 -0.10755
0.22553 0.03699 0.10825
0.12296 0.02959 0.17110
-0.14744 -0.01178 -0.18119
-0.38641 0.06954 0.05868
-0.38023 0.06514 0.11514
-0.43040 -0.05302 -0.10106
0.19828 0.03789 -0.16056
0.06248 0.09974 -0.05701
0.25002 0.01099 0.16925
0.06265 0.07610 0.17889
0.24923 0.00263 -0.11426
-0.23140 0.03864 -0.11207
0.27093 -0.10513 0.15503
-0.37923 0.06292 0.05553
0.31104 -0.02536 0.15594
0.31075 -0.02471 0.07889
0.31213 -0.02778 0.18230
0.31214 -0.02781 0.06503
-0.38044 0.01658 0.15684
0.08874 0.02891 -0.17095
0.05434 0.03570 0.16662
-0.12227 0.07142 0.10665
0.05308 0.09894 -0.08762
-0.10677 -0.02442 -0.17649
-0.15771 -0.05044 -0.17926
-0.08297 -0.04221 0.16737
0.39899 -0.03414 -0.06373
-0.20181 -0.09244 -0.12344
-0.20056 -0.08596 -0.18160
0.20535 0.04452 -0.03966
0.06358 0.09581 -0.08171
-0.26435 0.04420 0.03176
-0.24449 -0.03305 0.16640
0.01988 -0.00639 -0.17569
0.31804 -0.06016 0.15247
0.31803 -0.06041 0.09057
0.31796 -0.06248 0.12455
0.31805 -0.05979 -0.11800
-0.35642 0.03503 0.16610
0.00881 -0.06106 0.17113
-0.05546 0.11024 -0.00280
0.29479 -0.06627 -0.16424
0.25093 0.01745 0.18674
-0.10654 0.03920 0.17440
-0.16242 -0.04674 -0.17957
-0.22148 -0.06549 -0.16945
-0.29988 0.05792 0.15317
0.21060 0.04170 0.07023
0.08334 -0.07029 0.17570
0.20903 0.04560 -0.00043
0.18873 0.04121 0.06576
-0.33589 -0.01560 0.12317
-0.31247 0.01624 -0.19247
-0.23540 0.04898 0.17501
0.03556 -0.09218 -0.17885
-0.36457 -0.07942 0.16051
-0.44511 -0.00572 -0.02181
-0.43022 -0.05669 0.06295
0.13312 0.03799 0.15988
0.00718 0.11040 0.08230
0.20589 0.02759 0.17428
0.41592 -0.03010 0.00655
-0.36174 -0.08122 -0.08868
-0.37952 -0.07566 -0.09438
0.19888 -0.07080 -0.18993
0.08853 0.00398 0.17133
0.18628 -0.04552 -0.16267
0.06632 0.06350 -0.17679
-0.06031 -0.08636 -0.17480
-0.20129 -0.09640 0.14047
-0.18876 -0.09635 0.15813
-0.28676 0.05688 -0.16108
-0.21271 -0.01820 0.12541
0.40634 -0.06605 0.00929
0.41510 -0.06630 0.00938
0.37710 -0.06522 0.00690
0.32232 0.00162 0.14419
-0.00641 0.11241 0.06932
-0.20775 -0.03935 0.15978
0.34596 -0.06434 0.00435
0.40316 -0.06606 0.03206
-0.26914 0.05984 0.14786
-0.34316 -0.01448 -0.12402
-0.34248 -0.01345 -0.04111
-0.34016 -0.00993 -0.13484
-0.34312 -0.01441 0.07678
-0.34431 -0.01621 -0.14323
0.31588 0.02345 0.10541
-0.12101 0.06127 -0.03466
-0.25815 0.04419 -0.02047
-0.24327 0.04578 0.01127
-0.19853 0.05748 -0.13869
-0.43238 -0.02805 0.09832
-0.12075 -0.07119 0.17987
-0.07510 -0.03483 -0.16293
0.04458 -0.08179 -0.17009
-0.42974 -0.05123 -0.10661
-0.38994 -0.03185 -0.16008
0.33181 -0.05506 0.16492
-0.23740 -0.06922 -0.15622
0.37682 -0.06368 0.12505
-0.18807 0.05188 0.01909
-0.38241 -0.02313 -0.16583
-0.11237 0.06303 0.11289
0.02558 0.02811 -0.17253
-0.13311 0.09672 0.07224
-0.29979 -0.00530 -0.16675
0.18985 -0.09426 0.16184
-0.32585 -0.08043 0.14810
-0.32750 -0.07973 0.13804
0.21937 0.03989 -0.07684
0.24256 0.04156 -0.00504
-0.19734 0.04187 0.11170
0.06481 -0.02464 0.17373
-0.07734 0.10788 -0.07437
-0.42277 0.01917 0.05040
-0.17651 0.04380 -0.11079
0.09711 0.04634 0.13475
-0.09745 0.09974 -0.09358
0.33255 0.02426 -0.00109
0.14293 0.05050 0.11260
-0.05698 -0.03757 -0.16592
0.10079 -0.05328 0.16447
0.39025 -0.02936 -0.10625
0.22507 0.01606 0.19053
0.23081 0.01714 0.09338
0.22531 0.01611 0.18226
0.22530 0.01611 0.06108
0.23086 0.01715 -0.04250
0.22290 0.01566 0.15196
0.21801 0.01474 0.18390
0.22074 0.01525 0.14238
0.23007 0.01700 0.06775
-0.28964 -0.03952 0.16323
0.19348 -0.05600 0.10237
-0.30149 -0.05473 -0.17103
-0.42351 -0.00135 0.12862
-0.29612 -0.04932 -0.16656
-0.30024 -0.03512 0.16411
-0.23874 0.04158 -0.10361
-0.16251 0.03826 0.17806
0.29817 0.02937 0.11191
-0.27986 -0.10099 0.15284
0.07576 -0.07727 0.17396
-0.31447 -0.06633 -0.16084
-0.03846 -0.06539 -0.17511
-0.21307 0.04104 0.17935
-0.24040 0.04680 -0.08139
-0.29234 -0.09867 0.16421
-0.22088 0.00396 0.15356
-0.22109 0.00417 0.11685
-0.21838 0.00148 0.04937
-0.21626 -0.00064 -0.02074
0.28230 -0.04255 0.14858
0.36736 0.01097 -0.03435
0.43307 -0.07897 0.05797
-0.30623 0.03556 0.08651
-0.34581 0.03452 -0.06103
-0.23453 -0.06478 -0.14708
0.32724 -0.08316 0.17367
-0.10615 -0.02526 -0.16279
-0.23288 0.05562 -0.16109
0.29959 0.02656 0.07222
-0.29791 0.05065 -0.10898
-0.26589 -0.10048 0.12561
0.20868 -0.03427 0.15875
0.13878 0.04040 -0.15075
0.00432 0.11263 0.06150
-0.10619 0.09919 0.08984
0.14361 -0.01440 -0.16362
-0.42594 0.01156 -0.08473
-0.37859 0.06653 0.06251
-0.19249 0.00143 0.18403
-0.33735 0.03257 -0.08986
0.36981 0.01221 0.00466
-0.25291 -0.10689 0.15313
-0.07852 0.04712 -0.15915
-0.16859 0.04398 -0.11271
0.07797 0.02250 0.17397
-0.41129 0.02693 -0.07853
-0.04065 -0.00901 0.17183
0.23167 0.01761 -0.18722
-0.10344 -0.09370 -0.16101
-0.16470 -0.09454 -0.12788
-0.14235 -0.09423 -0.14554
-0.08074 -0.09338 -0.17817
-0.17864 -0.09473 -0.12124
-0.36983 -0.03700 -0.17300
-0.26150 0.05267 0.11501
-0.43317 -0.02666 -0.09973
-0.20966 0.06040 0.07096
-0.24968 -0.09368 -0.17894
0.06844 0.07528 -0.15273
-0.04856 0.04319 -0.13299
0.24475 0.03632 -0.07238
0.17846 -0.07660 0.16066
0.35360 -0.06665 -0.04533
-0.00382 -0.00544 0.17502
0.25063 0.03135 0.16594
0.36635 -0.05853 0.11192
-0.15025 0.06137 -0.03706
0.15526 -0.06633 0.17336
0.25451 -0.10423 0.12819
-0.37310 0.05924 0.05835
0.42186 -0.02523 -0.04194
-0.33952 0.05837 -0.13306
0.23468 -0.09275 0.13237
-0.40397 0.02887 0.09600
0.28716 -0.03697 -0.12429
0.15321 0.03473 0.16565
0.02072 -0.06067 -0.16525
-0.22857 0.05385 -0.07606
0.02595 0.11262 -0.00348
0.03642 0.11089 -0.02541
0.08102 -0.00015 -0.17185
-0.38406 0.06888 -0.10214
0.35666 0.00508 -0.09600
0.31340 0.00896 -0.16256
-0.34657 0.03141 -0.08223
0.19243 0.04119 0.13265
-0.21760 -0.05105 -0.16177
-0.11747 0.05183 -0.09846
-0.11491 0.01437 0.15917
0.27585 -0.09242 -0.15213
-0.03154 -0.06471 0.17493
-0.27580 0.05778 -0.15685
0.07877 0.03900 0.15929
0.02542 -0.00225 0.17574
-0.33810 0.05271 -0.15506
-0.24437 0.01654 0.15298
0.41894 -0.01344 -0.00711
0.15866 -0.09194 0.11543
0.09887 -0.09218 0.14937
0.12266 -0.09207 0.14073
0.14398 -0.09199 0.12656
0.07484 -0.09228 0.16290
0.07026 -0.09229 0.16786
-0.42463 -0.04414 0.10501
-0.41825 -0.07270 -0.12421
0.04887 -0.06550 0.17404
-0.06166 0.04603 -0.13722
0.38075 -0.00057 0.08683
-0.37744 0.07101 0.01306
-0.14324 -0.06213 -0.17825
0.24164 0.00299 0.17578
0.02336 -0.09258 0.16484
0.09587 -0.09223 0.14092
0.05561 -0.09243 0.15182
0.00484 -0.09268 0.16762
-0.39446 0.03484 0.09345
0.38830 0.00323 -0.02823
-0.34031 0.06719 -0.13398
-0.25375 -0.10156 -0.18053
-0.28116 -0.08837 0.12455
0.08329 0.05554 -0.14501
-0.01589 0.10615 -0.09775
-0.13777 0.00089 -0.18078
-0.33068 -0.05950 0.14031
-0.19965 0.05698 0.14860
-0.38380 0.01507 -0.15463
-0.44267 -0.01167 -0.03201
-0.24242 -0.05519 0.17225
-0.22579 0.04775 0.01641
0.40912 -0.02811 0.07803
-0.06206 0.10971 0.07311
0.15172 0.02540 0.17366
-0.26404 -0.10540 0.11746
0.30567 0.02467 0.08128
-0.36503 -0.04797 -0.17744
-0.17491 0.06749 -0.07148
0.25474 0.03783 0.13435
0.05795 -0.00060 -0.17386
0.11470 0.07799 0.02056
0.06614 0.09994 0.03450
0.09934 0.08454 0.03204
0.12583 0.07306 0.01554
0.09390 0.08833 0.00979
0.11334 0.07901 0.01365
-0.38242 0.02672 0.14875
-0.31449 -0.06616 -0.17416
-0.09397 -0.06821 -0.17973
-0.12042 0.09439 0.00292
0.35846 -0.02646 -0.14585
-0.28260 0.02319 0.13708
-0.10652 0.10010 -0.01707
0.29375 -0.07980 -0.13644
-0.33146 -0.05581 0.12608
0.15737 0.04051 0.12515
-0.43396 -0.05455 -0.07413
-0.09889 0.01207 0.16232
-0.39851 -0.04544 -0.15086
0.13854 0.02816 0.17193
-0.04082 -0.07386 -0.17789
-0.03336 -0.07565 -0.17631
0.19781 -0.08212 -0.18797
-0.35895 0.05561 -0.11584
-0.09484 0.06150 0.11608
0.11954 0.06934 0.07966
0.09285 0.08224 0.07935
0.15025 0.05530 0.07621
0.14691 0.05329 0.09326
-0.36803 -0.03126 0.17537
-0.41339 -0.06327 0.05710
-0.42381 -0.05917 0.04734
-0.29161 -0.06048 0.16387
-0.36600 0.03114 -0.04862
-0.16345 0.05079 0.12409
0.40847 -0.07700 -0.09102
0.15923 -0.08996 -0.17209
0.06067 -0.03379 -0.17175
-0.35331 -0.04046 0.07666
-0.35338 -0.04078 -0.04256
-0.35207 -0.03464 -0.18570
-0.35382 -0.04286 -0.14776
-0.35380 -0.04276 -0.09931
-0.21728 0.05908 0.06437
-0.26306 -0.03285 -0.15285
0.27488 -0.01233 0.16513
-0.25164 0.06006 -0.13351
0.27512 -0.07066 -0.13756
-0.22173 0.04967 0.17325
-0.10479 0.09779 0.06479
0.04453 -0.05167 0.16762
0.29787 -0.03970 0.13433
0.27393 0.03598 -0.13450
-0.21666 -0.04386 0.12123
-0.09034 0.04541 -0.16741
0.31686 0.02595 0.11565
-0.31795 -0.00862 0.17896
0.19202 -0.06961 0.12534
-0.33030 0.03500 -0.00457
-0.10165 0.04739 0.16686
-0.07190 -0.08063 -0.17261
-0.12230 0.01954 -0.15770
-0.15516 0.04494 -0.17349
-0.32477 0.00061 -0.12006
-0.18545 0.05639 -0.14546
-0.07477 -0.09150 0.17539
-0.22251 0.05431 -0.16420
-0.41376 0.01180 0.11268
-0.39837 0.02807 -0.06820
0.20491 -0.03893 0.11426
-0.28837 -0.10925 0.15026
-0.04759 -0.03905 0.16767
0.31711 -0.08624 0.15575
0.32709 -0.08599 0.15266
0.30900 -0.02141 0.16350
0.30760 -0.01909 0.08200
0.30593 -0.01632 -0.04433
0.30753 -0.01897 0.04614
-0.43339 -0.04392 0.02261
-0.12505 0.09733 -0.08599
-0.40220 0.02588 -0.02571
0.16999 -0.08030 0.01175
0.16981 -0.07891 0.01855
0.16964 -0.07763 -0.08796
0.16946 -0.07625 -0.11470
0.40401 -0.00735 -0.05080
-0.41106 0.02161 0.01385
-0.40905 0.02161 0.00057
-0.39269 0.02161 -0.07311
-0.38200 0.02161 -0.12401
-0.38312 0.02161 -0.03863
-0.38634 0.02161 0.10780
-0.38062 0.02161 0.06947
-0.39637 0.02161 -0.06252
-0.40284 0.02161 0.05723
-0.39955 0.02161 -0.01231
-0.38926 0.02161 0.05565
-0.40357 0.02161 -0.04415
-0.40421 0.02161 0.04690
-0.22496 -0.08853 -0.15312
-0.22433 -0.08771 -0.13656
-0.08532 0.04369 0.07844
-0.08522 0.04369 0.04615
-0.11905 0.08545 -0.04326
-0.12999 0.09849 -0.06344
0.09589 0.08651 -0.02503
0.10888 0.08045 -0.02462
0.10545 0.08282 -0.01099
0.06713 0.10131 -0.00126
0.11966 0.07519 -0.02841
0.12909 0.07103 -0.02399
0.32497 0.01941 0.09730
0.25477 -0.09970 -0.11661
0.17035 0.03045 -0.17036
-0.20988 0.04951 -0.00524
0.16784 -0.09187 -0.17527
0.16272 -0.09185 -0.15746
0.27836 0.01844 -0.17203
0.37167 -0.01056 -0.11912
-0.21748 -0.03669 0.14154
-0.12145 -0.01212 -0.17946
-0.02479 0.11228 -0.03719
-0.28500 -0.05559 -0.14993
-0.31600 -0.00219 -0.12510
-0.12577 0.09649 -0.03397
-0.37739 0.04752 0.13716
0.27051 0.03239 -0.06771
-0.10398 0.05773 -0.11631
-0.11074 0.05282 -0.11727
-0.09307 0.04389 -0.01143
-0.09281 0.04381 0.00130
0.24012 0.04160 0.01146
-0.31934 0.03716 -0.03452
0.31230 0.02839 0.02205
0.19810 0.04146 0.11333
0.10181 0.07046 -0.11041
-0.14379 -0.05198 0.17926
0.25477 -0.09217 -0.16388
-0.33637 -0.00500 -0.13635
-0.33632 -0.00494 -0.14310
-0.33672 -0.00542 0.02440
0.31683 -0.07402 0.17904
0.31663 -0.07482 0.08246
0.31562 -0.07887 0.15977
0.31626 -0.07630 0.09703
0.27886 0.03350 0.04321
0.26667 -0.00575 0.16372
0.39856 -0.03320 -0.07569
-0.30504 -0.10347 0.13555
-0.25035 0.04501 -0.01126
-0.12817 0.08773 -0.03305
0.26231 0.03749 -0.02522
0.11615 0.07805 0.00587
0.13351 0.06988 0.00540
0.09955 0.08605 0.00147
0.42041 -0.07605 0.05940
0.21820 -0.00125 -0.16139
0.22176 -0.10239 0.14478
0.21672 0.03952 -0.08862
0.18151 -0.01222 -0.10780
0.18016 -0.01413 0.09143
0.17988 -0.01453 -0.02926
0.17988 -0.01451 0.10507
0.38296 -0.03981 0.05623
0.17351 -0.05360 -0.15026
-0.03652 0.06867 -0.11757
-0.02678 0.09686 -0.10568
0.21120 -0.06565 0.16118
-0.31875 -0.07163 0.17730
0.04428 0.11001 -0.00637
0.34886 0.00331 -0.13228
-0.01018 0.10951 0.09063
0.29635 -0.04581 0.14309
-0.11843 0.06397 0.10089
-0.39233 -0.07125 0.09933
0.04847 0.09471 -0.10512
0.25932 0.01528 -0.01681
0.25821 0.01552 0.10766
0.25888 0.01537 0.08743
0.25365 0.01650 0.15765
0.00121 0.08931 0.11158
0.35076 0.01587 0.04570
-0.06801 -0.04979 -0.16559
-0.08506 0.10586 -0.08184
-0.15191 0.05591 -0.01377
0.18979 -0.08770 -0.16414
-0.12373 0.05268 0.10639
0.28812 0.02967 -0.06513
0.06459 0.03481 -0.16667
-0.08781 0.05700 0.11229
0.09878 -0.04570 -0.16641
0.40792 -0.03193 -0.00093
0.21643 -0.04296 0.15923
0.08031 0.07362 0.11737
-0.26211 0.04371 0.00499
0.37769 -0.07426 0.12957
-0.14855 0.05626 0.01150
0.09561 0.08594 -0.03662
0.14271 0.06307 -0.04426
0.16052 0.05483 -0.04218
0.29512 -0.02831 0.12996
-0.24375 -0.07679 -0.15636
-0.12016 0.08488 0.03170
0.21607 0.01423 0.08594
0.21481 0.01374 0.10422
0.21195 0.01261 0.03463
0.21510 0.01385 -0.10595
0.21040 0.01201 0.12673
-0.42039 -0.04783 -0.11783
0.30178 0.02561 -0.15515
0.05804 0.09456 0.09729
-0.20755 -0.04594 0.12698
-0.16892 0.01346 -0.18245
-0.23332 0.04779 -0.02853
0.22616 0.03847 0.08605
-0.22018 -0.06235 -0.11953
0.28530 -0.00922 -0.16932
0.37384 0.00372 -0.07003
-0.44086 -0.00092 -0.06354
-0.12572 0.05570 -0.01820
-0.43881 0.00435 -0.06403
-0.33875 0.03473 0.17287
0.16787 -0.06883 0.18343
-0.21703 -0.04671 -0.11995
-0.44495 -0.01119 0.00244
-0.34155 -0.05034 -0.14889
-0.38445 -0.07109 -0.15238
-0.36519 0.06379 -0.11980
-0.39269 0.02681 -0.02272
-0.25161 -0.09629 0.13906
-0.28986 0.05838 0.15460
-0.18557 0.04542 0.17553
0.06859 -0.08926 0.17257
0.03195 -0.00665 0.17601
0.36174 -0.00990 0.13051
0.21175 0.04003 0.15082
0.34015 0.02056 -0.03297
0.28248 0.03020 -0.06956
0.02710 0.04009 -0.15716
0.38486 -0.04489 -0.06971
-0.09602 -0.00827 -0.16279
-0.30878 0.01506 -0.16231
0.24637 0.01739 0.11789
0.24604 0.01743 0.14447
0.24767 0.01725 0.06151
0.24638 0.01739 0.08596
-0.23013 -0.05178 -0.16406
-0.11432 -0.05786 -0.17702
-0.19326 -0.07761 0.17773
-0.38348 0.06664 0.01942
0.28232 0.03323 -0.03889
0.31555 -0.08554 -0.16143
-0.28447 0.03777 0.09655
0.33989 -0.08265 0.16616
-0.36889 0.07217 -0.05530
0.24377 0.04008 -0.03121
0.19882 0.04189 -0.08727
-0.15167 0.05491 -0.15074
-0.18700 -0.09643 -0.16276
-0.19466 -0.09712 -0.16587
-0.22838 -0.00909 -0.17761
0.26137 0.03759 0.02720
0.20743 0.00442 -0.12848
0.40264 -0.03302 0.04573
0.42177 -0.02858 0.02402
-0.30070 -0.08079 0.14974
0.40406 -0.00612 -0.04141
0.42870 -0.07088 0.02548
-0.31554 -0.06273 -0.16912
0.30096 -0.02949 -0.15052
-0.31111 0.03842 -0.03110
0.07033 0.08110 -0.11248
0.30390 -0.03780 0.13582
-0.26662 0.04783 0.04771
-0.25547 0.04785 0.07436
-0.27242 0.05018 0.11168
-0.06956 0.10978 -0.05235
-0.31646 -0.02521 -0.16672
0.02168 0.01856 0.17108
0.08278 0.03449 0.16692
-0.37628 -0.04971 0.16687
0.27922 -0.03381 0.14947
-0.38457 0.03061 0.02523
-0.05743 0.10953 0.01881
-0.44284 -0.03026 -0.07385
-0.11752 0.05874 0.09443
-0.24140 -0.07443 0.12707
-0.23559 0.05307 0.04585
-0.18660 -0.03841 -0.18115
-0.11055 0.10075 0.00957
0.21984 -0.11248 -0.13437
0.13803 0.05010 0.11983
0.20477 0.00280 0.14292
0.18926 -0.07814 -0.18456
0.12080 -0.03550 0.16718
-0.26065 -0.04753 0.16301
0.08922 0.07970 0.09981
-0.24134 0.00368 0.13565
-0.23627 -0.00022 0.12484
-0.22798 -0.08177 0.11572
-0.37700 -0.04112 -0.16739
-0.00547 0.11337 -0.03536
-0.34865 0.01100 0.17689
0.37961 -0.00485 0.09474
-0.04576 0.02094 0.17294
0.16043 0.04117 -0.13378
-0.14296 0.05459 -0.13534
-0.29130 0.03840 -0.07908
0.20753 0.00321 -0.16250
-0.17187 0.06757 -0.05384
0.38189 -0.07943 -0.12544
-0.28133 0.04413 0.06176
0.01381 -0.02142 0.17509
-0.00965 -0.03338 0.17187
0.42466 -0.07263 0.05010
-0.07766 -0.03184 0.16381
0.14214 -0.05216 0.16009
0.34929 0.01930 0.00536
-0.12459 0.05414 -0.00575
0.31588 -0.03287 -0.17511
-0.24796 -0.00678 -0.13967
-0.38499 0.07012 -0.01666
-0.05965 0.11093 -0.05574
0.18118 -0.06461 0.15805
-0.33417 -0.07283 -0.17735
0.33457 0.00233 0.10502
0.27672 -0.08020 -0.16423
-0.14012 0.05513 0.09792
0.24047 -0.00796 0.12629
0.26915 -0.07325 -0.16332
-0.11870 0.10094 0.07264
0.36275 -0.08702 -0.08016
0.43248 -0.08017 -0.05176
0.42069 -0.08165 -0.02610
0.42506 -0.08102 -0.04306
0.40021 -0.08353 -0.04661
0.41713 -0.08184 -0.04264
0.39144 -0.08425 -0.06396
0.35411 -0.08795 -0.07562
-0.22567 0.04511 -0.08876
-0.20030 -0.08406 0.17327
-0.19951 -0.07836 -0.11457
-0.19973 -0.07991 -0.10394
-0.20122 -0.09072 0.11331
-0.19975 -0.08009 0.03185
-0.19997 -0.08164 -0.07017
-0.19952 -0.07839 -0.04547
-0.20106 -0.08955 0.13897
-0.20051 -0.08555 0.10066
-0.19996 -0.08161 0.02477
0.20146 -0.08973 0.13874
0.40851 -0.07784 0.09566
0.00660 0.02865 0.17353
0.31400 0.02776 -0.02623
0.31721 0.02788 -0.00761
0.01811 -0.06889 0.17750
-0.37451 0.06299 -0.11492
-0.22564 0.05458 0.16440
-0.36919 -0.08298 0.07866
0.26126 0.03262 -0.08449
0.28677 -0.07896 0.15032
-0.06371 0.10811 -0.03628
-0.19776 -0.00986 -0.18344
-0.42939 0.01531 0.02314
-0.08383 0.10799 0.05424
0.27086 -0.09395 -0.17040
0.03605 -0.06259 0.17249
0.07123 -0.01826 -0.17391
-0.32676 -0.00093 -0.15874
0.20231 -0.02007 -0.18749
0.23648 0.01781 0.18279
0.23948 0.01776 -0.00733
0.24339 0.01770 0.04751
0.24333 0.01770 0.11193
0.23541 0.01783 0.18934
0.35150 -0.04766 0.05391
-0.42446 -0.04873 0.11053
0.29233 0.03199 -0.03069
-0.00311 0.01968 -0.17050
0.00769 -0.07805 -0.17397
0.00379 0.11330 0.04982
-0.43466 -0.02036 -0.08722
-0.35672 0.06605 -0.13374
-0.13376 0.01712 -0.18016
-0.38125 -0.07481 -0.06916
-0.38794 -0.07164 -0.05683
-0.34566 0.03886 0.16786
0.14757 -0.02010 0.17612
-0.18743 -0.00360 -0.18309
-0.06682 -0.09051 -0.17899
-0.26061 -0.08666 0.14442
-0.27899 0.04306 -0.17960
-0.08175 0.04084 -0.17074
-0.12941 0.04657 0.10963
-0.29162 0.04234 0.05569
-0.40616 -0.07810 0.07539
-0.18678 0.05325 0.02854
-0.39513 0.03089 0.11843
-0.40438 -0.06718 -0.08747
-0.12614 0.09284 -0.07239
-0.34651 0.06606 0.12189
-0.07760 0.04852 -0.14397
0.41349 -0.01230 -0.03596
0.32794 -0.00018 0.13294
-0.34758 0.06525 -0.13905
-0.29330 0.02691 0.18812
-0.28124 -0.01037 -0.17167
-0.21089 0.06059 -0.05938
0.42354 -0.07000 -0.04862
0.26854 -0.00198 -0.16406
-0.13737 0.00714 0.16206
-0.27562 0.00632 -0.17714
0.07294 0.08776 -0.09786
0.22344 -0.03178 -0.17068
-0.09593 0.05987 -0.02019
-0.33498 0.05247 0.15911
-0.08850 -0.03738 0.16697
0.19771 0.00136 -0.13297
-0.26854 0.06044 0.14022
-0.09068 0.10401 0.03718
0.37840 -0.01808 -0.12452
0.39859 -0.05243 -0.07064
-0.30651 -0.09190 -0.16276
0.17039 0.02465 0.17438
-0.11472 0.09962 0.01344
0.35054 -0.00097 0.12616
