-0.22026 0.01438 0.11911
-0.26131 0.05037 -0.17161
0.37890 0.02062 0.13163
0.27969 -0.10264 -0.17643
-0.00189 0.01379 -0.17607
0.02461 0.01124 0.06546
0.00761 0.01595 0.07656
0.35343 0.02907 0.14700
0.42538 -0.06741 -0.09307
-0.39697 -0.03796 0.14790
-0.28197 -0.00196 -0.16586
-0.28711 -0.01092 -0.17046
-0.37796 0.05026 0.02411
0.34952 -0.06187 -0.11523
-0.32939 -0.06532 0.03453
-0.30705 -0.06703 0.03712
0.07276 0.06898 -0.05482
0.08309 0.06270 -0.05757
0.44074 -0.07082 0.02434
0.24751 0.02408 0.13513
0.24334 0.02274 0.14563
0.32936 -0.01323 0.15608
-0.14514 0.04310 -0.04704
-0.40119 -0.02603 0.15280
-0.17773 -0.01599 -0.08171
-0.18044 -0.02874 -0.09846
-0.18266 -0.00026 -0.09183
-0.18417 0.02101 -0.08629
-0.17846 -0.02866 -0.09106
-0.17847 -0.04341 -0.09882
-0.18173 -0.01254 -0.09479
0.32709 -0.01639 0.17337
0.11479 -0.07976 -0.17314
-0.28063 -0.05064 0.12633
0.19213 -0.07474 0.17736
-0.16229 0.04668 -0.10320
0.24866 0.00419 0.11741
-0.00245 0.07195 0.17954
0.31732 0.04138 -0.12061
0.01532 -0.08343 0.18245
-0.13684 0.00848 0.10128
-0.40621 0.02138 0.05666
-0.41990 -0.00727 -0.06800
0.33315 0.03972 0.04390
0.31847 0.04333 0.04086
0.31486 0.04520 -0.01456
0.31512 0.04483 -0.02303
0.03337 -0.08288 0.18191
0.34518 0.03383 -0.12050
0.43133 -0.01638 0.08846
-0.40980 -0.00856 -0.11691
-0.11890 -0.04591 -0.18534
0.29759 -0.01955 -0.16642
-0.14977 -0.04665 0.16072
-0.13013 -0.04055 -0.18721
-0.23920 0.06226 -0.11923
0.29001 -0.00812 -0.17456
0.33763 0.03588 0.12949
-0.03941 -0.08748 -0.17706
0.23894 0.00974 0.16438
0.21701 -0.08356 -0.13679
-0.20734 0.05727 -0.09702
-0.21329 0.05071 -0.11909
0.32744 0.03853 -0.08763
0.06599 0.04950 0.08667
-0.37141 0.04955 0.07186
-0.15624 0.07438 0.08146
0.08108 -0.06302 -0.18366
0.29059 0.04975 0.00650
0.29412 0.04863 0.02048
-0.27592 -0.02368 -0.12327
-0.19690 -0.01409 -0.16766
0.38804 -0.02697 0.13213
-0.08170 -0.03762 0.12728
-0.07257 -0.05363 0.12739
-0.05450 -0.06163 0.12780
-0.09464 -0.05984 0.12675
-0.05179 -0.04321 0.12802
-0.08710 -0.05204 0.12702
0.19792 0.04544 0.16626
-0.09057 -0.03433 0.18556
-0.33635 -0.00640 -0.17385
0.28491 -0.01047 0.17079
-0.34138 -0.00750 0.17183
0.13506 0.04486 -0.08834
-0.20625 0.10519 0.01763
0.29258 0.04579 0.11970
0.11502 0.04283 0.10281
-0.10047 -0.04333 0.13779
-0.09977 -0.06126 0.13783
-0.09224 -0.06344 0.13825
-0.10396 -0.02633 0.13759
-0.11041 -0.05447 0.13722
-0.12161 0.01144 0.13659
-0.11605 -0.02214 0.13690
-0.10941 -0.06913 0.13728
-0.28165 -0.04225 0.15922
0.23240 0.05143 -0.06843
0.22476 0.05192 -0.06950
0.32483 -0.00606 -0.14656
-0.16540 -0.08058 0.17513
0.12578 -0.02800 -0.18050
0.41196 -0.07374 0.12839
0.26896 0.04351 0.16648
-0.37666 -0.02849 0.16388
0.04546 0.07637 -0.08926
0.31117 -0.02300 -0.17533
0.11675 -0.03651 0.17839
-0.41714 0.01453 -0.09379
0.43994 -0.02506 0.01634
-0.24063 0.06445 -0.01837
-0.24313 0.06396 -0.03682
-0.23617 0.06423 -0.04261
0.07970 0.01155 -0.15938
0.30128 0.00073 0.17646
0.32591 0.04185 0.03647
0.26367 0.00678 0.11744
-0.31916 0.05592 -0.08441
-0.32559 0.05551 -0.07867
0.37344 -0.08581 0.11971
0.36211 -0.08530 0.10576
0.15384 0.05070 -0.13598
-0.25283 -0.05187 0.16639
-0.13795 0.01346 0.11075
-0.13531 -0.01847 0.10401
0.07531 -0.01922 0.16760
0.03128 -0.08380 -0.18086
0.01021 0.02569 0.06295
0.42357 0.00518 0.04241
-0.19944 0.04901 0.08832
-0.18837 -0.04172 0.11999
-0.20620 0.09976 0.10901
-0.06916 -0.05358 0.18750
0.26529 0.00974 0.17640
-0.13924 -0.04756 -0.03646
0.05893 0.05167 0.12562
-0.15932 -0.03786 0.10555
-0.22663 -0.05000 0.10556
-0.21581 0.09982 -0.00556
-0.26967 -0.08580 0.15011
-0.39711 -0.05790 0.05762
0.39648 -0.02686 0.05879
0.39648 -0.05381 0.00185
0.39648 -0.03182 0.05500
0.39648 -0.03722 0.01691
0.39648 -0.07008 0.00096
0.39648 -0.04126 0.07341
0.39648 -0.06055 0.00474
0.39648 -0.02693 0.09232
0.10761 0.06312 0.01764
-0.13448 -0.01920 0.02870
-0.19173 0.10451 -0.09019
-0.22003 0.00585 0.11768
-0.14642 -0.03002 0.11791
-0.14339 -0.04468 0.12158
0.00693 0.06415 -0.16860
-0.27652 0.05913 -0.10113
-0.28300 0.05842 -0.10512
-0.03260 -0.05963 0.18774
-0.15369 0.00305 0.03429
-0.15221 -0.00371 0.03398
0.40779 -0.08573 0.04869
-0.22003 0.02808 -0.10555
-0.27235 -0.03358 -0.10557
-0.27593 -0.03758 -0.10557
0.10108 0.05702 0.03456
0.04839 0.08428 -0.03370
0.05729 0.07930 -0.04011
0.07179 0.07279 -0.01227
-0.15749 -0.05650 0.17607
-0.08123 0.04041 0.14506
-0.37852 0.04712 0.09180
0.38545 0.01911 0.11977
-0.34052 0.02097 0.17343
0.41114 -0.08489 -0.04967
-0.28991 0.05693 0.11756
-0.04582 -0.04821 -0.12523
-0.22831 -0.06615 -0.16916
-0.26068 -0.05448 -0.17524
-0.22012 0.06077 0.14665
0.18259 -0.08759 0.15974
-0.26344 -0.09237 0.13389
-0.20899 0.09482 -0.08580
-0.13543 0.00313 -0.12257
-0.13531 0.01333 -0.12235
0.30843 0.04265 -0.10349
-0.13361 -0.06948 -0.17386
0.02130 0.03699 -0.13970
-0.21648 -0.09691 0.17565
0.33037 0.00047 0.16457
-0.31396 -0.06588 0.16646
0.31534 -0.07351 0.11805
-0.20316 0.09366 0.02724
0.43344 -0.04150 -0.02970
0.04816 0.07791 0.07886
0.05260 0.07326 0.08669
0.20026 0.03572 -0.17729
0.23990 -0.07438 0.17470
-0.37433 -0.05693 -0.13918
-0.39339 0.04721 0.01257
0.30371 -0.04159 -0.16584
-0.17912 -0.05064 -0.17340
-0.27034 0.01011 -0.10555
-0.26618 -0.00198 -0.10556
-0.16992 0.10059 -0.08695
-0.10966 0.04421 0.17233
-0.37951 -0.06107 -0.05851
-0.37378 -0.06159 -0.05651
-0.04449 -0.03723 0.11287
-0.42318 -0.01055 0.11428
0.20444 -0.00604 0.11574
0.36669 -0.01487 0.17087
0.42794 0.00475 -0.00344
0.27293 0.04748 0.07336
-0.00038 -0.07770 0.18693
0.43776 -0.07732 -0.03115
-0.00746 -0.07784 -0.18734
-0.43885 -0.02455 -0.04604
-0.14379 -0.04277 0.04259
0.41013 -0.07999 -0.11366
0.18616 0.05116 0.11884
0.00680 0.05015 -0.17059
-0.10564 -0.01090 -0.13462
-0.12451 0.00782 -0.13355
-0.12008 0.03465 -0.13380
-0.11604 0.01987 -0.13403
-0.12111 0.02500 -0.13375
-0.11059 -0.02167 -0.13434
-0.10324 0.02577 -0.13476
0.14874 -0.03052 0.18125
0.43276 -0.02143 -0.08309
0.29424 -0.10549 0.17370
0.36805 -0.08559 -0.10656
-0.16351 -0.00956 -0.12318
0.08431 0.04744 0.13791
0.41542 -0.00022 -0.10544
-0.11726 0.03124 0.18533
-0.20028 0.10495 -0.06319
0.16863 0.04843 0.07416
-0.23218 0.08186 -0.12808
-0.00218 0.10698 -0.05841
0.01455 0.10004 -0.04791
0.15065 -0.04722 0.17157
-0.41701 -0.05143 -0.01914
0.26626 0.04659 -0.15909
0.06502 -0.08735 -0.17150
0.35832 0.02738 -0.14535
0.07089 0.06657 0.07568
0.03024 0.08768 0.07731
-0.00887 0.11264 0.00095
-0.02382 -0.05928 0.14147
-0.00717 -0.05938 0.14184
-0.02329 -0.01402 0.14148
-0.01355 -0.01343 0.14170
0.41190 0.01315 -0.01604
-0.27182 -0.01403 0.16919
0.20617 -0.03690 -0.15000
-0.30382 -0.06728 -0.12075
-0.09296 -0.06227 0.19004
-0.12346 0.05195 0.14762
-0.15169 -0.07348 -0.10556
-0.17206 -0.05318 -0.10556
-0.24288 -0.07202 -0.10557
-0.23886 -0.06528 -0.10557
-0.12842 -0.08737 -0.10557
-0.20873 -0.07210 -0.10557
-0.13847 -0.05641 -0.10555
-0.18797 -0.05585 -0.10556
-0.17175 -0.07839 -0.10557
-0.14934 -0.04771 -0.13955
0.43839 -0.02835 -0.00116
-0.33982 0.05558 0.03374
-0.33930 0.05582 0.01740
0.17599 0.05096 -0.11809
-0.29553 -0.01345 0.18445
0.24205 0.04832 -0.15814
-0.34700 -0.02704 -0.17379
-0.18423 -0.08934 0.17619
-0.21558 0.03388 0.19033
0.33255 -0.05242 0.17507
0.01085 0.09840 -0.07402
-0.15378 -0.05011 -0.17435
-0.42121 -0.03855 0.05399
0.20644 -0.05595 0.13677
-0.40169 0.01228 -0.13254
-0.25275 -0.01504 0.11845
-0.12768 -0.02032 0.12495
0.08959 0.04251 0.06677
-0.37908 -0.04713 0.15170
-0.00496 0.04593 -0.14173
-0.18813 0.09542 -0.05597
-0.33983 0.02708 -0.17249
0.42659 -0.00428 0.08079
0.32939 0.03660 -0.14668
-0.33703 -0.00253 0.17404
-0.15621 0.07419 -0.10037
0.34856 -0.07002 -0.11838
0.34667 0.02747 -0.15734
0.20537 -0.04546 0.14502
-0.43497 -0.00962 0.02734
-0.18545 0.05564 0.15747
0.35191 -0.03592 0.17380
-0.18056 0.03673 -0.01562
-0.17501 -0.01233 0.03653
-0.18031 0.03452 0.01694
-0.18269 0.05559 -0.00243
-0.17833 0.01705 -0.00682
-0.18101 0.04072 -0.03404
-0.18070 0.03798 -0.00871
-0.18175 0.04728 0.06227
-0.17268 -0.03285 0.06238
-0.17853 0.01878 0.01415
-0.17398 -0.02137 0.05948
-0.17921 0.02477 0.00882
-0.18145 0.04463 0.00032
-0.17769 0.01133 0.03663
-0.18188 0.04837 -0.04117
-0.17056 -0.05165 0.05816
-0.18208 0.05020 0.00540
-0.17717 0.00683 0.06398
-0.17638 -0.00020 0.00097
-0.18046 0.03583 0.07106
-0.17249 -0.03453 0.04511
-0.18124 0.04275 -0.01736
-0.17731 0.00803 0.00315
-0.17655 0.00134 0.01971
-0.17421 -0.01940 0.07193
-0.17917 0.02446 -0.02151
-0.18319 0.05993 -0.02797
-0.18330 0.06093 -0.06585
-0.17565 -0.00666 0.03032
-0.17083 -0.04926 0.07069
-0.17923 0.02498 0.06690
0.27465 0.04563 0.15969
-0.03417 -0.06930 0.14090
-0.03462 -0.04336 0.14087
-0.27955 -0.03168 -0.16305
-0.00417 0.09954 0.09708
0.10748 0.00140 0.18118
-0.17401 0.10630 0.08362
0.07611 -0.01320 -0.09442
0.07433 -0.02080 -0.07058
0.06891 -0.04397 -0.09778
0.07519 -0.01714 -0.07708
0.07166 -0.03220 -0.06977
0.07289 -0.02695 -0.07506
0.07692 -0.00972 -0.05131
0.07084 -0.03573 -0.09709
0.07167 -0.03216 -0.12924
0.07795 -0.00533 -0.02743
0.06418 -0.06417 -0.12888
0.07603 -0.01356 -0.04679
0.06608 -0.05607 -0.12818
0.06758 -0.04965 -0.10581
-0.15663 0.06372 0.05385
-0.18034 0.10844 -0.03664
-0.41286 -0.04196 0.07175
-0.03281 0.10606 0.10938
0.19303 -0.05610 -0.12684
0.19303 -0.06091 -0.16358
0.19303 -0.06303 -0.15057
-0.30009 0.05747 0.09446
-0.30260 0.05787 0.08386
-0.02212 -0.08276 -0.18539
-0.12381 -0.05228 -0.18935
0.07159 0.05635 -0.10253
0.08643 0.04304 0.09015
-0.25441 0.06405 0.13228
-0.22970 0.05174 0.17261
0.40378 0.01383 0.07040
-0.37874 -0.06032 0.08818
-0.36758 -0.06133 0.08700
0.02658 -0.01918 -0.17580
-0.05936 -0.02816 -0.03361
-0.08954 -0.03735 -0.03650
0.04171 -0.04750 0.14125
0.04754 -0.02835 0.14069
0.05526 -0.02016 0.14038
0.06117 -0.00165 0.13983
0.04831 0.01802 0.13953
0.22243 0.05054 0.10712
-0.43778 -0.02685 0.04086
-0.12439 -0.03482 0.08109
-0.12779 -0.02377 0.08018
0.28864 0.01646 0.13017
-0.00216 -0.00465 0.07211
-0.18051 -0.03653 0.10519
-0.18132 -0.04799 0.11203
-0.18132 -0.05866 0.11650
-0.18418 -0.01942 0.10720
-0.18343 0.00123 0.09666
0.41703 -0.04717 -0.05475
-0.17509 0.04719 0.13593
-0.13537 -0.05700 -0.16537
-0.34464 0.04929 0.13605
0.29525 -0.07656 -0.16775
0.42487 -0.04207 -0.07436
-0.02940 0.08264 -0.12597
0.27784 0.04709 -0.07080
0.30253 -0.09776 0.11794
0.28432 0.04602 -0.07784
0.01324 0.04735 -0.16028
0.07638 0.01509 0.17529
-0.12554 -0.08491 0.18399
-0.20777 0.07613 -0.11950
-0.38494 -0.06132 0.02443
-0.31746 -0.06629 0.02074
-0.27844 0.05918 0.09850
-0.00072 -0.08645 0.17869
-0.39618 -0.00319 0.13695
-0.16717 -0.05988 -0.17573
-0.15024 0.05105 0.16647
0.04733 0.00533 -0.13699
0.06568 -0.00349 -0.13695
0.04876 -0.03040 -0.13785
0.04235 -0.03869 -0.13815
0.04296 -0.00408 -0.13729
0.05459 0.01300 -0.13670
0.30240 0.04353 -0.09268
0.29239 0.04307 -0.15873
-0.26409 -0.02714 0.17604
0.30459 -0.08804 0.17610
0.33582 0.03665 0.09486
-0.00693 -0.05294 0.18407
-0.17753 0.00042 -0.17513
-0.16731 0.04581 0.18017
-0.02974 -0.04186 -0.07897
-0.04162 -0.04265 -0.10259
0.13661 -0.00895 0.18283
0.34717 -0.07986 -0.10676
-0.33250 0.05111 0.13357
-0.06719 0.04507 -0.13978
-0.19759 0.06699 -0.00301
-0.27896 -0.06717 0.15457
-0.31819 -0.06043 -0.17187
0.22775 0.04463 -0.16804
0.04976 -0.06669 -0.13770
0.06258 -0.05544 -0.13691
0.05563 -0.06291 -0.13732
0.04566 -0.05106 -0.13831
0.43940 -0.07710 -0.01541
0.42394 -0.03086 0.10058
-0.35854 -0.01583 0.16387
0.31600 -0.00049 -0.17135
0.00054 0.00653 0.04410
-0.28422 0.05534 0.14147
0.32662 0.03874 -0.09691
-0.40527 -0.04068 0.10522
0.21470 -0.01309 0.15369
-0.21565 0.05532 -0.16103
0.05896 -0.08310 -0.18012
0.27544 0.02615 -0.14622
0.27915 0.02581 -0.15769
0.37660 0.00892 -0.15570
-0.23756 -0.04863 0.10556
-0.17889 -0.02394 0.10555
-0.16043 -0.01381 0.10555
-0.20759 -0.03782 0.10556
-0.27673 -0.02041 0.15243
-0.24647 -0.06466 -0.16590
0.21719 0.04470 0.16802
0.06303 0.07641 0.03634
0.04815 0.08463 0.02847
-0.22877 0.07578 0.13521
-0.16262 -0.04317 0.17626
0.10461 0.04877 -0.13331
0.18457 0.05680 -0.02155
-0.38390 -0.05507 -0.13487
-0.37230 -0.06147 0.06656
0.33655 -0.05002 0.12377
-0.05472 -0.00814 -0.18517
0.01021 0.05818 0.16083
0.00351 -0.07220 -0.00796
0.03206 -0.07220 -0.00305
0.05057 -0.07220 0.01012
0.02654 -0.07220 -0.00521
-0.28643 0.04812 0.17077
-0.41766 0.02592 0.07127
-0.26902 -0.08619 0.13712
-0.22800 0.03653 -0.18918
-0.20280 0.06610 -0.02653
-0.20089 0.06616 -0.03348
0.29819 0.00897 0.11925
-0.14610 0.04928 0.04762
-0.22538 -0.00485 0.17483
-0.23700 0.02654 0.11192
-0.22795 0.02872 0.14767
0.21664 -0.07641 0.12046
-0.16823 -0.04646 0.00701
-0.16823 -0.03614 0.02141
-0.43255 -0.00920 -0.04916
0.10291 0.05856 0.00011
0.03455 0.08825 -0.06301
0.41497 -0.06566 0.12506
-0.17731 0.04610 -0.12936
-0.01671 -0.02226 -0.18088
0.21972 -0.06743 0.17644
-0.33269 0.05220 0.11818
-0.23422 -0.09195 0.17542
-0.34356 -0.04832 0.16923
-0.36588 -0.06270 0.02728
-0.32797 -0.06550 0.02327
0.28886 0.02495 0.15038
0.28664 0.02515 0.17467
0.29127 0.02473 0.17139
0.13470 0.04968 -0.12001
0.34899 -0.05669 0.16577
-0.17843 0.06669 -0.12629
0.33460 0.03778 0.06565
0.09348 0.05605 -0.06283
0.09619 0.05520 -0.05829
-0.08441 -0.01252 -0.18747
-0.22839 -0.10735 -0.17453
0.35862 -0.04726 0.16978
-0.20075 -0.08207 -0.17032
-0.14535 -0.00616 -0.02717
-0.14579 0.02282 -0.02762
-0.15619 0.01885 -0.02760
0.03546 0.05043 0.04508
-0.41448 -0.00091 0.10183
-0.33564 -0.01996 0.17452
0.32630 -0.06260 0.11743
-0.34941 0.05282 -0.07235
0.29732 0.04495 -0.06336
0.28578 0.04886 -0.04419
0.19811 0.05590 0.04393
-0.15406 0.06916 -0.14426
-0.19016 -0.00908 -0.17531
0.23986 -0.10496 0.13982
0.27991 0.04703 -0.11292
-0.15792 -0.02526 0.17462
0.25124 0.05186 -0.05115
0.25085 0.05270 -0.04394
-0.33098 0.05385 0.09567
-0.33777 0.05451 0.07136
0.33547 -0.03221 0.16654
-0.30357 0.05978 -0.03119
-0.28882 0.06114 -0.01934
-0.13156 0.04635 0.17321
0.12044 0.02544 -0.17772
0.20804 -0.02980 0.15565
-0.34259 -0.03776 0.17357
-0.23485 0.06508 0.00277
-0.23361 0.06459 0.03129
-0.23923 0.06463 0.01352
-0.08671 -0.06768 0.19192
0.41280 0.01266 0.01310
-0.18537 0.09054 0.13269
-0.31171 0.05915 -0.01288
-0.32917 0.05718 -0.00305
-0.41550 -0.04606 -0.05101
-0.01906 -0.04614 -0.17816
0.22765 -0.05934 -0.17544
-0.20024 0.01466 -0.12171
0.25659 0.04903 0.11044
-0.39862 0.03895 -0.10994
0.00371 0.02285 0.07132
-0.26909 -0.02535 0.17637
-0.21181 0.10183 -0.06894
-0.17238 0.01812 0.13390
-0.16139 0.01067 0.11950
-0.16820 0.01529 0.14634
-0.18212 0.09914 -0.12383
0.18493 0.05273 0.06922
0.18497 0.05071 0.14718
0.09797 0.05876 -0.07261
-0.08576 0.01068 0.18716
0.15066 0.04742 -0.08619
0.24988 -0.09026 0.11842
-0.21291 0.06389 -0.09202
0.34001 0.03260 0.14875
-0.10614 -0.01549 -0.18868
-0.09120 -0.03974 -0.12414
-0.06092 -0.04725 -0.12488
-0.11473 -0.05558 -0.12339
-0.05221 -0.05523 -0.12505
-0.06549 -0.06267 -0.12463
-0.12210 -0.05223 -0.12322
-0.01021 0.04391 -0.14441
0.41288 0.01255 -0.02580
0.06702 -0.05035 0.16452
-0.16176 0.06299 0.10253
0.35836 -0.08148 -0.16231
-0.09208 -0.05309 -0.18845
-0.24915 0.06078 0.10544
-0.26078 0.06111 0.08823
0.31698 -0.06697 0.11833
0.09611 -0.07541 0.18231
-0.00969 0.06239 -0.13824
0.06350 -0.00284 0.16797
-0.40421 0.03224 0.11661
-0.15423 0.06328 -0.10062
-0.12255 0.05053 -0.14084
-0.33148 -0.06530 0.01054
-0.33959 -0.06472 0.01310
0.40846 -0.03724 -0.13501
0.35204 0.03451 0.05004
0.09025 -0.01960 -0.16365
0.24037 0.04951 0.09975
0.10110 0.06616 -0.00962
-0.13246 -0.07688 -0.17239
0.42799 0.00156 -0.03674
-0.01792 -0.07844 0.18779
-0.16926 0.10274 -0.05571
0.24481 0.04130 -0.17266
-0.13192 -0.02940 -0.04929
-0.13911 -0.05088 -0.04120
0.03536 0.03808 -0.16298
-0.38753 0.04323 0.11403
0.34755 -0.04766 0.16942
-0.01756 0.11202 0.01017
0.04943 -0.02501 0.17182
0.00223 0.06869 -0.15967
0.05423 0.02865 -0.17132
0.38795 -0.08556 -0.10613
-0.30261 0.05595 -0.11642
0.17486 0.00088 0.18452
0.41067 -0.05974 0.06640
0.18385 0.05115 0.08096
-0.19700 0.03840 0.18821
0.23122 0.01804 0.13104
0.23323 0.01932 0.11799
0.40151 -0.04443 -0.13938
0.31880 -0.08974 0.12171
-0.25197 -0.10235 -0.15554
-0.20360 0.05363 0.16744
-0.15293 0.03286 -0.18820
0.23229 0.04126 -0.17295
-0.14848 0.03501 -0.13182
-0.14351 0.00395 -0.13220
-0.15086 -0.00881 -0.13164
-0.15529 -0.01204 -0.13129
-0.14730 -0.00417 -0.13191
-0.14069 0.01941 -0.13242
-0.16319 -0.00796 -0.13068
-0.15382 0.04351 0.12162
0.19157 -0.03917 0.18002
-0.33840 0.05328 0.09011
-0.25237 0.06860 -0.12444
-0.30416 -0.06725 -0.07846
-0.32753 -0.06506 -0.07921
0.28475 -0.09368 0.11845
0.38130 0.02370 -0.06947
-0.15150 0.05821 -0.08823
0.41840 -0.08442 -0.02752
-0.06917 0.00530 -0.13652
-0.07716 -0.05724 -0.13618
-0.06476 -0.00236 -0.13671
-0.08011 -0.02674 -0.13606
-0.07198 -0.02603 -0.13640
-0.06885 -0.03957 -0.13653
-0.06311 -0.01710 -0.13678
-0.20897 0.10432 0.02806
0.10060 0.04800 -0.07627
0.35120 -0.01322 -0.17590
-0.13355 -0.05086 0.04178
-0.10333 -0.04488 0.04227
-0.05631 -0.03448 0.04256
-0.14879 0.04305 0.18056
0.38209 0.02521 0.04163
0.36828 0.02425 -0.13924
-0.17567 0.06287 -0.14939
-0.00855 0.07314 -0.17671
-0.31066 0.04240 0.17197
0.43671 -0.00379 0.00442
0.18945 -0.04709 0.17254
-0.16588 0.08557 0.13561
0.35819 0.03022 0.10711
-0.06492 -0.01586 -0.18573
0.09835 0.05739 0.02221
0.09136 0.06145 0.01906
-0.29469 -0.01204 -0.18485
-0.19414 0.09256 0.09556
-0.03697 -0.03259 -0.18151
0.08004 -0.04038 0.16516
-0.22243 0.01962 0.10555
-0.24277 -0.00053 0.10556
-0.21441 0.01766 0.10555
-0.25299 -0.01625 0.10556
0.30567 0.02034 0.16827
-0.41881 -0.03913 -0.05088
0.35052 0.03574 0.03438
0.34281 0.03841 0.00805
0.12415 -0.05376 0.18131
0.00505 0.04871 -0.16551
-0.41302 0.03165 0.05420
-0.23598 0.02678 -0.11302
-0.24682 0.02416 -0.16376
-0.24553 0.02447 -0.15161
-0.23717 -0.10988 0.14298
-0.14811 0.00856 -0.12172
-0.22270 0.00076 0.17530
-0.24993 0.05529 0.15678
0.04886 -0.07039 0.18540
-0.06470 0.03572 -0.17333
0.41835 -0.01267 -0.12209
-0.41797 -0.04658 0.04370
-0.34132 0.02622 0.17230
-0.17175 0.00100 -0.16709
0.11331 -0.04570 -0.17587
0.43571 -0.02183 -0.07034
-0.43319 -0.00920 0.03907
-0.17337 0.04218 0.18436
-0.13741 -0.04138 -0.13910
0.13257 0.04395 0.10688
0.19966 0.00265 0.18511
0.06347 0.05682 -0.11117
-0.15348 -0.02652 -0.13050
0.17842 0.05081 0.11329
0.37356 0.02753 -0.05324
0.10052 0.05659 0.04013
0.10927 0.01396 0.17993
0.41643 -0.04435 0.12028
0.20627 0.05157 0.13772
-0.28567 0.05157 0.16181
0.33807 -0.04794 0.13366
0.17368 0.05227 -0.07113
-0.31319 -0.06656 -0.03362
-0.36930 -0.06226 -0.03758
-0.04901 -0.03376 0.02423
-0.26213 0.02496 0.18891
0.34838 -0.05388 -0.12650
-0.13690 -0.04398 -0.18258
0.33266 0.03906 -0.05549
0.33411 -0.03869 -0.12010
-0.01861 0.02300 0.17466
0.42224 -0.04694 0.01878
-0.44088 -0.01360 0.03198
-0.37156 -0.06193 0.04853
-0.38742 -0.06070 0.04860
0.32222 0.03151 0.16744
0.00027 0.05889 0.14012
0.42366 -0.04165 -0.03633
-0.33363 -0.06423 0.10986
-0.41244 0.03371 0.08140
0.07138 0.00306 0.16337
-0.17152 0.08235 -0.13839
0.16501 0.04948 -0.15249
-0.27679 0.06085 0.06986
-0.30459 0.05878 0.06155
-0.31827 -0.06586 -0.09363
-0.15396 -0.06795 -0.16525
-0.38937 -0.01159 -0.14684
-0.21298 0.06488 -0.06857
-0.23028 0.06368 -0.08159
-0.16084 -0.06151 0.11745
-0.18108 -0.00772 0.09273
-0.18273 0.00763 0.09081
-0.17583 -0.06256 0.10189
-0.17973 -0.00333 0.08542
-0.18365 0.02755 0.08381
-0.17884 -0.02795 0.09497
-0.17263 -0.06548 0.09153
0.28584 0.01098 0.17582
0.30198 0.00610 0.17515
-0.32293 -0.06531 -0.11171
-0.16978 0.08776 -0.13433
0.05965 0.03542 0.05740
0.05777 0.03463 0.03779
-0.02387 0.04537 0.14152
-0.29357 0.03725 0.18097
-0.23433 0.01632 -0.13296
-0.17545 -0.00711 -0.11744
-0.43081 -0.01109 -0.09353
-0.00670 0.07471 -0.13179
0.23495 -0.05238 0.16683
0.26382 0.05325 0.01500
-0.37153 -0.02575 -0.16631
0.25932 0.04523 -0.16472
0.07644 0.04420 0.09714
0.39838 0.01840 0.04465
0.40736 0.01455 0.04100
-0.22481 -0.05418 -0.10556
-0.15140 -0.04224 -0.10555
-0.23240 -0.05790 -0.10556
0.23880 -0.10376 -0.16137
-0.31410 -0.06765 -0.16383
0.08094 0.04202 0.09915
0.10467 0.03175 -0.17379
0.42040 -0.03362 0.11627
0.04535 -0.06233 -0.18424
0.14912 -0.03905 0.17925
0.19355 -0.04056 0.13057
0.19401 -0.03511 0.14049
-0.28497 0.02238 0.18656
0.39492 -0.08433 0.10520
-0.00780 0.08406 0.12476
0.25126 0.04885 0.08692
0.28807 0.04538 -0.09826
0.32956 -0.01675 -0.16814
-0.01409 0.01389 0.17800
0.25667 0.04980 0.13314
-0.16044 0.06361 0.13249
0.33997 0.02850 -0.15882
0.23750 0.05498 -0.02639
0.33084 0.03794 -0.12690
-0.41163 -0.04540 -0.08224
-0.12284 -0.05085 -0.04090
-0.08053 -0.04403 -0.04876
0.25238 -0.11013 -0.15533
0.22099 -0.08465 -0.12191
-0.31880 0.03699 -0.17405
-0.41038 -0.00089 0.11266
0.41386 -0.08340 0.06878
0.07830 0.00061 -0.16254
0.20168 0.01745 0.18403
-0.03351 -0.00314 0.18309
0.36138 -0.08260 0.15680
-0.31953 0.04772 0.16063
-0.14093 -0.01491 0.19138
0.41443 0.00037 0.10619
-0.17306 0.10206 0.00811
0.40127 -0.05035 -0.13971
-0.35236 -0.04380 -0.16798
-0.37339 0.04487 0.13072
-0.43086 -0.01005 0.08378
-0.25333 0.04543 -0.18050
-0.40900 -0.05242 -0.08339
-0.10117 -0.08691 -0.18458
-0.13740 -0.03808 0.04149
-0.13835 -0.04466 0.04152
-0.07380 0.03689 0.17391
0.32964 -0.08056 -0.14475
-0.35034 -0.00852 0.16847
-0.41145 -0.04950 -0.09833
-0.29299 0.00718 0.18586
-0.19390 0.08962 0.11173
-0.09433 -0.08185 -0.18985
-0.40902 0.04114 0.03309
0.18175 -0.05061 0.17417
-0.33786 -0.01196 -0.17278
-0.31088 0.05832 0.05518
-0.32865 0.05596 0.06223
-0.05898 -0.02944 -0.11184
-0.10401 -0.04330 -0.11047
-0.37580 0.04789 -0.08697
0.28017 -0.11291 -0.14521
0.10305 0.04198 -0.16399
0.41781 -0.04214 0.06381
0.02355 0.05572 0.13589
0.10959 0.04833 0.14108
-0.36680 0.05224 0.01088
-0.35240 0.05425 0.00609
-0.32920 0.04913 -0.15240
-0.11294 -0.03142 0.18768
-0.39637 0.04351 -0.07541
0.14458 -0.06400 -0.18013
-0.13765 0.01571 -0.04780
-0.20592 0.09061 0.11177
-0.07251 0.04499 0.13868
-0.26225 0.00036 0.13751
-0.20489 0.09343 -0.09480
0.13619 0.05413 -0.01061
0.14766 0.05513 -0.01248
0.16262 0.05690 -0.00056
0.04747 0.01863 0.08962
0.08818 0.04581 -0.12139
-0.20247 0.10553 0.03631
0.32634 -0.03596 -0.17648
0.31944 -0.05857 0.17545
0.02837 -0.02784 0.14203
0.02654 -0.03634 0.14203
0.01433 0.02422 0.14203
0.02552 -0.00455 0.14203
-0.20485 -0.05254 -0.16813
0.30658 -0.00440 -0.11737
-0.39477 -0.02969 -0.15540
0.32044 0.04063 0.11316
0.16314 0.02791 0.17958
-0.14256 -0.04872 -0.03092
-0.14358 -0.04379 -0.03536
-0.22618 -0.10535 0.17591
0.21738 0.00893 0.13994
0.22848 0.05004 0.09188
-0.20768 -0.00460 -0.17461
0.17930 0.01643 0.18343
0.02336 -0.05536 0.18365
-0.10919 -0.06905 -0.19752
0.07321 0.06983 0.04745
0.30742 -0.03594 -0.16589
-0.36928 -0.06060 0.12937
0.31218 -0.09184 -0.11848
-0.13898 -0.03343 -0.13021
-0.14056 -0.02558 -0.11256
-0.13325 -0.00415 0.10122
-0.36598 -0.06117 -0.13250
0.34111 -0.01871 0.14741
0.34020 -0.01631 0.16290
-0.20927 0.09456 -0.00189
0.28040 0.04682 0.15059
-0.37196 0.04261 -0.14128
0.20222 0.03437 0.17826
0.14562 0.05040 0.12955
-0.21785 -0.05351 -0.16994
-0.40500 -0.01869 -0.15036
-0.26575 0.06285 -0.02483
-0.25251 0.06380 -0.01587
-0.25871 0.06341 -0.01519
0.20583 0.05626 0.03381
0.21355 0.05566 0.03945
-0.37684 0.04892 -0.06630
-0.33864 0.05516 0.05220
-0.34007 0.05470 0.05974
-0.28688 0.04411 -0.17625
0.26849 -0.08388 -0.16600
0.18577 0.01803 0.18350
0.22552 -0.07011 0.11783
0.19388 -0.03663 -0.16351
0.19358 -0.04019 -0.17222
0.25973 0.04941 -0.13886
0.14092 -0.02360 -0.18189
-0.14341 -0.01621 0.18628
-0.20033 -0.11119 0.15646
-0.19418 0.01278 0.12124
-0.15472 0.06238 0.09912
-0.37335 -0.06025 -0.11210
-0.20827 -0.04834 0.17088
0.38572 -0.03235 -0.15743
0.20671 -0.03632 -0.15916
-0.26396 -0.07890 0.17635
-0.18662 0.10724 -0.05766
0.05674 0.04385 -0.13587
-0.25473 0.00720 -0.14566
-0.11497 -0.04509 0.03183
-0.20888 0.06502 -0.14610
0.25206 -0.05124 0.16739
0.35333 -0.07875 -0.16681
0.06797 0.05946 0.10043
0.26393 -0.09847 0.17605
0.00052 0.05211 0.18963
-0.20895 0.01050 0.11749
-0.01670 -0.05214 0.02284
-0.16263 0.08740 -0.09041
0.05996 0.00217 -0.02150
0.31466 -0.07114 -0.11839
-0.24080 0.06341 -0.06411
-0.23659 0.06385 -0.05724
0.38373 -0.02131 0.16119
-0.26799 -0.00659 -0.13326
-0.26440 0.05547 0.15174
-0.02235 0.09721 0.11862
-0.20104 0.09432 0.06217
0.40999 -0.05521 0.09812
0.09053 0.04650 -0.14929
-0.06225 0.04307 0.16079
0.30631 0.04314 0.14002
-0.06366 -0.06799 0.19126
-0.02752 -0.04730 -0.09603
-0.08269 -0.04568 -0.10400
-0.06163 -0.04383 -0.10393
-0.03342 -0.02526 0.18219
0.10836 0.06593 0.02270
0.43585 -0.04254 0.01822
-0.24465 -0.00821 -0.11853
-0.19894 0.06559 -0.06274
-0.20957 0.09573 -0.06657
-0.21450 0.08412 -0.13329
-0.44286 -0.01598 -0.00139
0.21501 0.05096 -0.11306
0.27133 -0.05908 -0.16815
0.34454 0.01839 0.16607
0.37174 -0.02699 -0.16729
0.00099 0.01331 0.03545
-0.11279 -0.05952 0.19138
-0.19740 -0.10924 -0.16639
-0.02010 0.00536 0.18082
0.09853 0.04584 -0.08640
0.30584 0.04312 0.07165
0.12031 0.05064 0.02701
0.12312 0.04505 0.07059
0.11482 0.04295 -0.10173
-0.13853 -0.03434 -0.04334
-0.13765 -0.01176 -0.04342
-0.42996 -0.03120 0.08412
0.37726 0.02768 0.02265
0.39235 0.02222 0.02045
0.40411 0.01688 0.02128
0.27183 -0.10946 0.11990
0.14946 0.00568 0.18318
-0.20065 -0.11097 0.13380
0.10232 0.06215 -0.05836
0.35730 -0.00159 -0.17164
-0.30016 0.03114 -0.18133
-0.20467 0.06804 -0.11923
-0.25500 -0.09876 0.16660
-0.14300 0.03452 -0.12055
0.22466 0.01692 -0.18462
0.21160 -0.03096 0.17383
-0.27807 -0.04064 0.12017
-0.23821 0.05523 0.15935
0.17025 -0.02122 -0.18313
-0.29684 -0.02395 0.17724
-0.14118 0.03809 0.11356
-0.21000 -0.11280 -0.15532
0.27210 0.02643 0.10603
0.26480 0.02585 0.17638
-0.26177 -0.08883 0.17427
0.42355 -0.04757 0.06931
-0.39340 -0.06081 0.00752
-0.39455 -0.01799 -0.15592
-0.33738 -0.06397 0.09492
-0.15983 0.03476 0.10797
-0.16417 0.05575 0.10695
-0.40663 0.04291 0.01262
-0.24934 -0.05571 -0.10557
-0.17419 -0.04060 -0.10555
-0.16779 -0.03952 -0.10555
-0.23863 -0.05089 -0.10557
0.29788 0.01423 -0.15525
-0.19562 0.08226 0.10736
-0.23097 0.00424 0.17625
0.37600 -0.01737 0.13722
-0.34518 -0.06341 0.08395
0.21416 -0.08011 0.14898
0.43680 -0.06845 0.04524
0.40941 -0.08244 -0.09580
-0.01547 -0.01597 0.18106
0.03871 0.04495 0.14002
0.19230 -0.08067 0.17411
-0.02722 -0.02734 -0.18139
-0.07360 -0.08559 -0.18448
-0.36443 0.04946 -0.09748
-0.37630 0.04979 0.05097
0.39029 -0.03268 0.15415
-0.13395 0.05278 -0.15253
0.07524 0.06141 0.08514
-0.11268 0.00638 -0.18962
-0.20558 0.09511 -0.04070
0.32739 -0.05513 0.11740
-0.23590 0.05058 0.17463
0.31100 0.00618 0.13278
0.16056 -0.01914 -0.18312
0.10442 0.04410 0.16009
-0.33840 -0.06406 0.12816
0.27680 0.03199 0.17948
-0.27124 -0.04073 0.17646
-0.35972 0.04819 0.12384
0.16669 -0.05066 0.17258
-0.17154 0.10974 -0.00603
-0.09147 0.01920 -0.18651
-0.21325 -0.11154 -0.16912
-0.21184 0.09476 -0.02366
0.04077 -0.03533 0.17216
0.09501 0.04154 -0.09487
-0.15274 -0.00031 0.11898
-0.15487 0.00805 0.12097
-0.21004 0.01957 -0.14683
-0.28197 -0.05193 -0.14100
-0.11716 0.04976 -0.16050
0.19308 -0.07544 -0.11336
0.19309 -0.08315 -0.12131
0.19306 -0.06858 -0.10817
0.41656 -0.04758 -0.09045
0.40800 0.01507 0.00359
0.36594 0.02828 0.08579
-0.15944 0.08162 0.12799
-0.18927 0.02602 0.13138
-0.18050 0.02359 0.17659
-0.19866 0.02862 0.11528
-0.40653 -0.01629 0.14796
0.17690 0.05679 0.01766
0.17607 0.05634 0.02842
0.16598 0.05606 0.03085
0.37739 -0.06117 0.16217
-0.13460 -0.03663 0.03508
0.39920 -0.00568 -0.14583
0.13264 0.02582 0.17838
-0.43461 -0.01006 -0.05789
-0.20068 0.09469 0.04873
0.19305 -0.07641 0.15558
0.19303 -0.06009 0.14646
0.19302 -0.04902 0.14702
0.42720 -0.07130 0.09596
0.06100 -0.07642 -0.18334
-0.22029 -0.01886 0.17088
0.11739 0.04121 -0.10950
-0.23793 0.01166 0.11976
0.15562 0.05053 0.12361
-0.13928 -0.04765 -0.11670
-0.44110 -0.02248 -0.03576
0.21944 -0.07076 0.11750
0.06828 0.00948 -0.16018
-0.19052 0.09288 -0.09994
-0.25197 0.02765 -0.18954
0.22348 -0.03599 0.11824
0.01790 0.09942 -0.02626
0.00235 0.10690 -0.01133
0.34263 0.03552 0.07290
-0.27880 0.05495 0.14786
0.26399 -0.01435 -0.17237
-0.20016 -0.05917 0.10556
-0.17102 -0.06993 0.10556
-0.19209 -0.06119 0.10556
-0.16188 -0.06816 0.10556
-0.15854 -0.07872 0.10557
-0.21020 -0.07785 0.10557
-0.15148 -0.05609 0.10555
-0.24682 -0.06865 0.10557
-0.13313 -0.07434 0.10556
-0.18747 -0.07149 0.10557
-0.26311 -0.08814 -0.17350
0.02739 0.01482 -0.17019
-0.26292 -0.09358 -0.14164
0.01395 0.09385 0.08636
-0.36234 0.05060 -0.07961
0.42450 0.00579 -0.01868
-0.05174 0.04538 -0.14336
0.01695 0.08771 0.09994
0.19747 0.05266 -0.06999
-0.09428 -0.00619 -0.18848
-0.12373 0.00247 -0.19037
-0.30722 0.03184 0.17940
-0.24259 0.00578 0.17604
-0.21501 0.09635 0.01940
-0.33079 -0.01932 0.16956
0.27700 -0.06183 0.16791
0.22549 -0.00138 0.12743
-0.20612 -0.03781 0.16803
0.15388 0.05497 -0.04057
0.13385 0.05359 -0.03834
-0.26015 -0.08923 0.11911
-0.21369 0.06662 -0.14450
-0.20905 0.09158 -0.12765
-0.13573 -0.01786 -0.19077
0.24699 0.05533 0.00569
0.24799 0.05406 0.02691
-0.28339 0.05608 -0.13572
0.11083 0.04574 0.15640
-0.20017 0.02705 -0.10555
-0.21203 0.00469 -0.10556
-0.22674 0.00551 -0.10556
-0.22493 0.00022 -0.10556
0.02299 -0.08119 -0.18339
-0.19658 -0.11051 -0.14405
0.17426 0.02961 0.17964
0.00705 0.01908 0.10582
0.25304 -0.09630 -0.17618
0.07705 0.04706 -0.11309
0.10443 0.04798 -0.06899
0.12946 0.04327 0.08796
-0.03966 -0.05382 0.02959
-0.14740 0.03763 0.18488
0.14778 0.04609 -0.11197
0.28971 -0.01333 0.16830
-0.37919 0.05016 0.01221
-0.04732 -0.02338 0.18360
0.16138 -0.04208 0.17882
0.13020 0.04768 0.15286
-0.17812 -0.02445 -0.17482
-0.41985 -0.00331 -0.05391
0.26740 0.04807 -0.10760
-0.40742 -0.03281 -0.14312
0.24249 -0.10609 0.15586
-0.17707 0.05332 0.16607
-0.43318 -0.02290 -0.09762
-0.35352 -0.06220 -0.11196
-0.25403 -0.08470 -0.11750
-0.25156 -0.09944 -0.12208
0.22023 -0.00885 -0.12321
0.40774 -0.00413 -0.13292
0.30229 -0.01711 0.17448
-0.18037 -0.08225 -0.17568
-0.29251 -0.06232 0.10557
-0.21679 -0.02281 0.10556
-0.15749 0.00449 0.10555
-0.17994 -0.01249 0.10555
-0.17364 -0.01090 0.10555
0.33564 0.03666 -0.11069
-0.16702 0.04423 0.13481
0.03454 0.09155 0.03305
0.03935 0.08909 0.03313
0.03849 0.08970 0.02598
0.16507 0.05664 0.01554
0.14346 0.05506 0.00276
0.16206 0.05658 0.00897
0.04632 0.01393 0.00051
-0.13672 0.01202 0.19084
0.24568 -0.07851 -0.17447
0.34558 -0.03562 -0.13712
-0.28806 -0.02823 -0.10556
0.19143 -0.05108 -0.16648
-0.27919 -0.02785 0.13621
0.13696 0.04947 -0.14266
-0.11446 0.04986 0.14116
0.33553 -0.06484 0.15932
-0.25916 0.06250 -0.05560
-0.26443 0.06240 -0.04989
-0.27097 0.06174 -0.05836
0.17121 -0.05063 -0.17434
0.09839 0.01835 0.17855
0.03105 0.06999 -0.11871
0.06063 0.04575 0.13512
-0.30553 -0.06716 -0.00206
-0.33746 -0.06487 -0.00635
-0.32309 -0.06590 -0.01664
0.04039 0.04357 -0.15219
-0.41846 -0.03902 0.07441
0.40414 -0.08675 -0.04596
0.12719 0.01233 -0.18125
0.14629 0.04674 -0.09846
0.40925 -0.04187 0.09394
-0.35730 -0.05946 0.14780
0.00251 0.10024 -0.08414
-0.40480 -0.05003 0.11859
0.03083 0.09389 -0.00900
0.02295 0.09741 -0.01328
-0.15651 -0.01660 -0.10555
-0.26710 -0.05334 -0.10557
-0.19163 -0.02485 -0.10556
-0.14362 -0.02215 -0.10555
-0.22725 -0.05699 -0.16786
-0.38016 -0.03394 0.16091
-0.20151 0.05637 -0.10007
0.22058 0.03294 -0.17989
0.41992 -0.08412 0.02577
0.26643 -0.05106 -0.16958
0.40996 -0.06676 -0.13313
0.05014 0.00701 0.02248
0.17485 0.05265 0.06805
-0.26484 0.03336 0.18637
0.29817 -0.07933 0.17423
-0.10919 -0.04506 0.05519
-0.08772 -0.04593 0.04846
-0.39335 0.00267 -0.14245
-0.31938 -0.06597 0.06312
-0.33815 -0.06438 0.06169
-0.15513 -0.00275 -0.09759
-0.11714 -0.04218 0.06582
-0.12847 0.02093 -0.18923
-0.08792 0.04500 -0.16392
0.07880 0.04752 0.13420
0.28902 0.04561 -0.07097
0.16654 0.04853 0.08283
0.19057 0.05464 -0.05395
-0.22510 0.00971 -0.17639
-0.11557 -0.07652 0.19131
-0.19211 0.01322 0.10952
-0.19594 0.02670 0.09862
-0.19701 0.04460 0.09559
-0.19193 0.03522 0.11003
-0.19254 0.04272 0.10829
-0.19091 0.00869 0.11294
-0.19940 0.05935 0.08878
-0.18758 0.02013 0.12241
-0.18887 0.02640 0.11876
-0.22386 0.06453 0.05968
-0.00269 0.02543 0.16971
0.26582 0.00447 -0.17596
-0.25626 0.00129 -0.17359
-0.40984 -0.00378 -0.11295
0.00705 0.05727 -0.13895
-0.39929 0.00129 0.13402
-0.17821 0.08477 -0.12143
-0.11269 -0.09159 0.16764
-0.31610 -0.04010 -0.18091
-0.03309 -0.01155 0.18313
0.42630 -0.01337 -0.10220
-0.25588 -0.07823 0.11804
-0.17415 0.05728 0.15214
0.21359 0.00512 -0.17645
0.25420 -0.05736 -0.16891
0.41509 -0.08493 -0.03323
0.09896 0.05564 0.05217
-0.20745 0.03189 -0.19116
-0.24926 0.05310 -0.16614
-0.26075 -0.01838 -0.11762
-0.40620 0.04029 0.06383
0.41516 -0.08513 0.02876
0.43295 -0.00031 -0.00509
0.03855 0.09008 -0.00889
0.03655 0.09128 -0.00162
0.04740 0.08536 -0.01656
0.14817 0.05239 -0.06562
-0.02846 -0.04339 0.17930
-0.34750 0.03989 0.16237
0.13949 -0.04618 0.17694
-0.16731 -0.00552 0.12185
-0.00910 0.06854 -0.13664
-0.41993 0.01475 0.07115
0.30896 0.03046 -0.17422
0.35456 0.01896 0.16358
0.33616 -0.00807 -0.12813
-0.38374 -0.00621 -0.14950
0.33274 -0.07032 0.12654
0.13412 0.05296 -0.04731
0.14994 0.05396 -0.04858
0.35651 0.03436 0.01620
0.39795 0.01409 0.07836
-0.37658 0.04702 0.09939
0.00041 0.05306 -0.15471
0.11118 0.04256 -0.11863
0.04436 -0.00805 -0.17294
-0.17409 0.04305 -0.18366
-0.16213 -0.00786 -0.15394
-0.08531 0.04072 -0.14195
0.03529 0.03931 0.16085
0.14485 0.04998 -0.11677
-0.39312 -0.01315 0.15141
-0.31541 0.05515 -0.10751
0.03588 -0.08646 -0.17642
0.09760 0.06217 -0.04779
-0.08991 -0.00386 0.18816
0.41764 -0.02950 -0.04428
-0.34312 0.04252 -0.16042
0.43406 -0.02886 0.03495
-0.13686 0.03348 -0.18635
-0.01602 0.03451 -0.14115
-0.32159 -0.06597 -0.02672
0.08608 0.06450 0.01722
0.09043 0.06123 0.03507
0.08194 0.06699 0.01422
-0.28095 -0.05138 -0.16459
0.23478 0.05113 0.13643
-0.00968 0.08462 -0.12499
0.04344 -0.08636 0.17614
-0.30315 0.05838 -0.07484
-0.31997 0.05531 -0.09264
-0.21895 -0.10930 0.17378
0.22331 0.05682 -0.00939
0.21112 0.05595 -0.03570
0.36333 0.01456 -0.16238
0.15092 0.05492 0.02847
0.13442 0.05393 0.01625
0.02484 -0.07800 0.18547
0.00090 -0.06916 0.18814
-0.31789 0.04175 -0.17050
-0.13185 0.00660 -0.11054
-0.12729 -0.01417 -0.11195
-0.03821 -0.01000 0.18362
-0.07351 0.00056 0.18681
0.13260 0.04286 0.16564
0.08105 0.04446 0.04543
0.02899 -0.04032 -0.17332
-0.38700 0.03527 0.13936
-0.19618 0.09902 0.11987
-0.19429 0.09384 -0.06129
0.18407 -0.06825 -0.15635
-0.21102 0.07263 -0.14139
0.26575 0.02593 -0.16928
0.25335 0.02496 -0.12398
0.38579 -0.00263 -0.15743
-0.39350 -0.04651 -0.13722
0.05867 -0.03290 -0.16951
-0.13103 -0.03547 0.01130
-0.14244 -0.03547 0.00191
-0.15749 -0.03547 0.01599
-0.12638 -0.03547 0.02212
-0.13664 -0.03547 0.01848
-0.34348 0.04895 -0.14046
-0.07004 -0.07138 -0.19174
-0.07874 -0.03734 -0.18422
0.22170 0.02198 -0.18395
-0.16577 -0.00440 0.12984
0.42581 -0.00009 -0.06414
0.09926 0.05083 0.10104
-0.10990 0.03875 -0.17953
-0.36564 0.04800 -0.11546
-0.13542 0.00573 -0.10291
-0.13842 -0.00393 -0.10757
0.02348 -0.06694 0.18612
0.14461 -0.06128 0.18074
-0.40565 -0.01173 0.14130
-0.21746 0.06244 -0.11377
-0.03235 0.03328 0.16865
-0.16244 0.07859 0.10275
0.27025 0.04994 0.05119
0.03921 0.03000 0.16979
0.17469 0.04731 0.09515
0.13858 -0.02511 0.18155
0.04443 0.06322 0.11778
-0.13254 -0.04792 -0.10340
0.43450 -0.02485 0.06892
-0.13031 0.00784 -0.03631
0.42176 -0.04688 -0.02549
0.27602 0.04986 -0.04583
-0.15496 -0.01972 0.14608
0.10616 0.05308 -0.02156
0.09979 0.05617 -0.02989
0.08248 0.06711 -0.00591
0.42687 0.00385 -0.02932
0.08776 -0.08721 0.16530
0.08711 -0.08722 0.15746
0.05320 0.00453 -0.16778
0.40316 0.01454 -0.06599
0.14726 0.04692 0.09744
-0.00228 -0.02800 -0.17861
0.05270 0.06726 -0.10250
-0.18610 0.10803 -0.03341
-0.00765 0.06414 -0.16998
-0.33888 -0.06448 -0.04807
-0.06643 -0.03234 0.18394
-0.39661 -0.02315 0.15607
0.16883 -0.02618 0.18243
-0.27841 0.00328 -0.18486
0.37912 0.01739 -0.14058
0.21413 0.04899 -0.15771
0.40177 0.01015 0.10838
-0.00284 -0.01147 0.06309
0.08715 0.00496 -0.15981
-0.16912 0.10103 0.11836
-0.20357 0.09340 0.09200
-0.30198 0.01586 -0.18340
0.05477 0.05033 0.04787
-0.43799 -0.01979 0.07456
-0.02120 0.09486 -0.12073
-0.18156 0.09498 -0.10410
0.13512 0.05006 -0.13203
-0.16188 -0.02047 0.11837
0.27972 0.04678 0.10596
-0.30879 0.04636 0.16763
-0.39330 0.04017 0.11804
0.12140 0.04785 -0.12096
0.17471 -0.06285 0.18111
-0.00091 0.04855 -0.17901
-0.01544 0.08089 0.13002
0.10282 -0.05044 0.17642
0.21498 -0.08076 -0.15583
-0.34843 -0.06486 -0.14409
0.08115 0.03037 -0.17255
-0.14103 0.04930 -0.16897
0.01094 0.04344 0.14969
-0.17314 0.10938 0.01769
-0.42572 -0.00759 0.02387
-0.03404 -0.04388 -0.03959
-0.41258 0.02821 -0.05784
0.07490 0.06265 -0.08171
0.32856 0.01110 0.17878
0.13480 0.00841 -0.18215
0.43021 -0.07914 -0.06289
-0.07547 -0.04363 -0.09888
-0.08695 -0.04386 -0.07968
-0.06456 -0.04341 -0.08655
-0.06399 -0.04339 -0.05874
-0.05025 -0.04311 -0.08691
-0.06282 -0.04337 -0.06592
0.42991 -0.00379 0.06340
-0.23474 0.05557 -0.15834
-0.14383 -0.04254 0.03432
-0.14953 -0.01500 0.04268
-0.15671 0.01968 0.04352
0.04457 0.02486 -0.07097
0.04457 0.02808 -0.04771
0.04457 0.02624 -0.07690
0.04457 0.02647 -0.13222
0.30889 -0.05911 -0.17393
-0.40415 0.03033 -0.12045
0.07303 0.07150 -0.02729
0.09117 0.06095 -0.03200
0.14264 0.04535 0.16216
0.08188 0.04740 -0.13714
-0.22415 0.06529 -0.01311
-0.21576 0.06557 -0.01441
-0.00444 0.04847 -0.18840
0.23861 -0.02857 0.16912
0.31215 -0.06361 -0.17489
0.19731 -0.02210 0.17951
-0.42870 -0.03637 0.03241
-0.42995 -0.00839 0.04828
-0.18735 -0.04545 0.17009
0.23533 0.05528 0.02410
-0.18076 0.09861 -0.01515
-0.17717 0.10035 -0.00033
0.00546 -0.04680 -0.17543
-0.11807 0.05015 0.15883
-0.22943 0.06676 0.14099
-0.41667 -0.03881 -0.09006
0.19078 -0.05766 0.15635
0.18340 -0.07238 0.15635
-0.27527 -0.02068 0.16725
-0.21155 -0.11292 0.15582
-0.19417 0.10597 0.06325
-0.33185 -0.06628 0.14297
-0.17405 -0.03415 0.13227
-0.17864 -0.05372 0.13156
-0.18392 -0.02480 0.13075
0.08841 0.04595 -0.10238
0.29756 -0.08474 -0.17533
0.24758 0.05543 -0.00301
0.25654 0.05455 -0.00568
-0.14201 0.05235 -0.13911
0.06060 0.03886 0.03061
-0.16053 0.08153 -0.05009
-0.28172 -0.05618 0.15017
0.26568 0.04757 -0.09260
0.42250 -0.06434 -0.09785
-0.25384 0.04315 0.18265
0.19900 -0.01728 0.17809
-0.20650 0.10058 0.10163
0.41322 -0.06000 -0.06244
-0.21438 0.09057 0.11491
0.37008 0.03069 -0.00457
0.38786 0.02374 -0.03013
-0.27739 0.02632 -0.18673
0.27609 -0.04118 -0.17087
-0.13428 -0.01533 0.19079
-0.19788 0.06207 -0.01295
-0.19926 0.06207 0.02938
-0.19429 0.06207 -0.07744
-0.17722 -0.01621 -0.11835
-0.16241 0.04389 -0.07045
-0.16244 0.04406 -0.08256
-0.15828 0.01704 -0.09327
-0.16440 0.05678 -0.08778
0.23494 0.05268 0.05609
0.23634 0.05180 0.06258
0.38140 0.02238 0.11318
0.12455 -0.01819 -0.18164
0.42548 -0.04755 0.00907
-0.04733 -0.03120 0.11552
0.16172 0.03308 -0.17701
0.30395 0.04735 0.00774
0.30958 0.04628 0.01020
-0.19557 0.00802 0.17633
-0.19190 0.09234 0.10112
0.20652 -0.04637 0.16438
0.06366 -0.02281 -0.16956
-0.16348 0.05084 0.06983
-0.16241 0.04388 0.08112
-0.16435 0.05646 0.05955
-0.16284 0.04666 0.07619
-0.29873 0.05957 0.05475
-0.29307 0.06049 0.04251
-0.23440 -0.10513 0.17486
-0.33338 -0.06432 0.10061
-0.16382 0.09159 -0.13010
0.07674 0.06417 0.07182
-0.24751 0.00291 0.17608
-0.33885 -0.06432 -0.06325
0.43541 -0.01544 -0.07288
0.36448 -0.00670 0.16994
0.21285 -0.01674 -0.14110
-0.27821 0.01461 -0.18870
0.29352 0.04480 0.07659
0.25776 -0.08561 -0.17451
0.42912 -0.08204 -0.01643
-0.40211 -0.04524 -0.12957
-0.28939 -0.01799 -0.10555
-0.22206 -0.03628 0.16827
-0.16024 0.05973 -0.13306
-0.37922 -0.06003 -0.09781
0.41094 -0.02403 -0.13232
-0.06245 0.02772 0.17935
0.42193 -0.04205 -0.08702
-0.21228 0.01242 0.10555
-0.18915 0.02523 0.10555
-0.26752 -0.03910 0.10557
-0.20550 0.01871 0.10555
0.37668 0.01626 0.14729
0.32826 0.00334 -0.10735
-0.14005 0.00225 0.03015
-0.14265 0.02731 0.03054
-0.14223 -0.01131 0.02995
-0.01301 0.05151 0.18917
0.03312 0.04453 0.14784
0.08704 0.00114 0.16015
0.25085 -0.09823 0.11739
0.32758 -0.06715 -0.11778
0.11664 0.04633 -0.07032
0.15224 0.04706 0.07713
-0.14026 0.04684 -0.17405
0.25694 -0.07243 0.17073
-0.43855 -0.02691 0.02641
-0.13563 -0.02323 0.11337
-0.13346 -0.00059 0.11326
-0.16810 -0.09272 -0.13747
-0.41267 0.03955 0.02406
0.43992 -0.01623 0.03963
-0.17325 0.07016 0.12737
0.24032 -0.01776 -0.17465
0.31368 0.04159 0.07433
0.34930 0.03557 -0.04548
0.36296 0.03153 -0.04710
0.03855 0.04709 0.03520
-0.21124 -0.10388 -0.17638
0.09985 0.04437 -0.12394
0.15723 -0.05058 -0.16371
-0.07139 -0.05983 -0.18945
-0.26346 -0.00826 0.11900
0.29404 0.04774 -0.04141
-0.41864 -0.00585 0.06109
0.07732 -0.05309 -0.18053
-0.18065 0.09842 -0.02921
-0.12550 -0.00660 0.12150
-0.23932 0.04234 0.18440
0.14260 0.05011 -0.12360
0.23813 -0.01454 0.17561
0.39313 0.02124 -0.03795
0.09044 0.05041 0.09129
-0.41547 0.03748 0.01710
0.04567 -0.00768 0.17265
-0.38762 0.04753 0.05528
0.35810 -0.05552 0.16963
0.20293 0.05169 -0.07796
-0.19644 0.07615 -0.06701
0.28500 -0.09300 -0.17529
-0.07130 -0.03179 -0.12166
-0.09458 -0.03888 -0.11789
-0.43769 -0.02338 0.06514
-0.12313 -0.03891 -0.07309
0.33412 -0.06439 0.12372
-0.11591 -0.04503 0.09975
0.28346 0.01902 0.14562
0.08095 0.04557 0.05690
0.42677 -0.02833 -0.09120
-0.14887 -0.04185 0.10555
-0.18893 -0.05084 0.10556
-0.16468 -0.04593 0.10555
-0.20941 0.06573 0.02829
-0.20654 0.06595 0.01597
-0.20357 0.06614 0.01014
-0.13461 -0.05303 -0.13754
-0.13101 -0.06496 -0.12476
-0.13517 -0.05119 -0.11950
0.11335 0.05092 -0.04354
0.19697 -0.02335 -0.17626
0.19664 -0.02453 -0.16359
0.23723 -0.07737 -0.17549
0.14330 -0.04736 -0.17574
-0.12780 -0.02356 -0.18970
0.05601 0.03390 0.11234
0.28433 0.04403 -0.16119
0.12452 0.04000 0.10893
0.01910 0.09736 -0.05246
0.36429 0.03216 -0.01722
0.33510 -0.02525 -0.15017
-0.06565 -0.01017 -0.18620
0.34952 -0.06191 0.14570
0.07413 0.04448 0.12475
-0.21515 -0.02259 -0.10556
-0.17033 0.00267 -0.10555
-0.20757 -0.02744 -0.10556
-0.19826 -0.02564 -0.10556
-0.16691 -0.00759 -0.10555
0.31635 -0.09398 -0.12458
-0.01248 0.03194 -0.16443
0.04119 0.03550 -0.16575
0.33236 -0.02865 -0.12088
0.38989 -0.03640 -0.15395
-0.09064 0.03711 0.17725
-0.03235 0.02341 -0.17697
0.03384 -0.02746 -0.17418
0.10102 0.05214 -0.06749
0.43522 -0.06439 -0.01245
-0.03181 0.01910 -0.13816
0.42276 -0.06383 0.09467
0.32146 0.03991 -0.07602
-0.40265 0.04388 0.03048
-0.32576 -0.06532 0.06852
0.33827 0.02217 -0.16133
0.32967 0.03821 -0.07535
0.13873 0.04802 -0.15322
-0.16966 -0.06098 -0.11851
-0.14562 0.05132 -0.04141
0.22480 0.05108 0.12163
-0.11463 -0.04293 -0.06968
0.30200 -0.05945 -0.17216
0.08308 -0.04683 0.16402
-0.31882 -0.06628 -0.13103
-0.27377 0.06189 -0.04814
-0.42646 -0.01018 -0.10184
-0.13734 -0.03103 0.04808
-0.13687 0.00307 0.04670
-0.35131 0.05404 0.03829
0.21607 -0.07628 -0.17256
-0.19714 0.02820 -0.14945
-0.18856 0.02582 -0.12240
-0.20010 0.02902 -0.13347
-0.35631 0.05217 -0.06585
-0.34368 0.05486 -0.04391
-0.01542 0.04281 0.15202
-0.03591 0.04469 0.14551
-0.41482 0.02373 0.09724
-0.08547 -0.07337 -0.19259
0.42293 -0.04640 -0.09608
-0.21424 0.05736 -0.15196
0.28182 0.00508 0.17614
0.38822 0.02410 0.00635
-0.18982 0.05722 0.15239
0.31212 -0.00286 0.17580
0.38690 0.02127 0.09756
-0.22278 -0.02973 0.16842
-0.22190 0.02941 -0.13659
-0.20974 0.02942 -0.12500
-0.21349 0.02942 -0.13600
-0.19029 0.09388 -0.08787
0.40279 -0.08766 0.03659
-0.13364 0.05241 0.14509
0.13299 0.04538 -0.16098
0.10983 0.03203 0.17402
-0.40204 0.01544 0.13172
-0.04009 -0.06537 0.12519
0.23781 0.03929 0.17517
0.21201 -0.04254 -0.11847
-0.41321 -0.03276 -0.13441
0.12059 0.05072 -0.02291
0.28022 0.05025 -0.03585
-0.23435 0.06236 -0.09818
-0.25866 0.06146 -0.08543
-0.18267 -0.00285 0.10555
-0.24516 -0.03305 0.10556
-0.27612 -0.05107 0.10557
-0.18593 0.01136 0.10555
-0.17210 0.00425 0.10555
-0.19371 -0.00348 0.10555
0.27503 0.01939 0.15588
0.03917 0.01593 0.05331
0.04582 0.00807 0.05218
0.42383 -0.04746 0.05962
0.35424 0.03190 0.08698
0.23756 -0.10321 -0.13450
-0.38850 0.04813 -0.03857
-0.20072 0.00561 -0.11737
0.36547 -0.03409 0.16938
-0.18337 0.09051 -0.11657
-0.15365 0.04133 0.13450
0.12437 0.04985 0.04253
-0.04966 0.01211 0.18316
-0.04474 0.01405 0.18229
0.05519 0.05748 0.11746
-0.10771 0.04357 -0.17303
-0.29799 0.00017 0.18453
-0.14518 -0.03606 -0.11198
-0.14184 -0.05219 -0.11472
0.22886 0.00418 0.14625
-0.15026 0.05506 -0.11613
-0.39210 0.04587 -0.06177
-0.34448 -0.04449 -0.17063
-0.17922 0.03992 -0.18605
-0.19506 0.10679 -0.04516
0.43015 -0.08174 0.01688
0.05883 0.05187 -0.12510
-0.34990 -0.06360 0.05013
0.39467 -0.08091 -0.13460
-0.00694 0.06446 0.16703
-0.20338 -0.11083 0.16646
-0.32871 0.05602 -0.06069
-0.31217 0.05783 -0.06333
-0.14417 -0.00677 -0.19214
0.01306 0.09957 0.05835
0.00962 0.10194 0.05300
-0.18665 0.01247 0.13506
0.24170 0.01094 -0.12830
-0.41125 -0.05278 -0.05531
0.12948 0.04952 0.13845
-0.18469 0.01214 -0.14587
0.18060 -0.04757 -0.17541
-0.07608 0.01726 -0.18517
-0.28087 -0.03409 0.15754
-0.15794 0.02096 -0.04972
-0.14965 -0.02467 -0.04696
0.22503 0.05108 -0.12172
-0.19194 0.09269 0.04060
0.05086 -0.05098 0.17975
-0.00555 -0.04439 0.17705
0.06442 -0.06714 0.18410
0.34667 -0.04121 0.15959
0.23446 0.00139 -0.11894
-0.15073 -0.03958 -0.13049
-0.21600 0.06304 0.10350
-0.25454 -0.01281 -0.11793
-0.18423 0.05496 -0.07744
-0.18380 0.03118 -0.07970
0.29011 0.04574 -0.11039
0.42504 -0.01118 0.10333
0.27603 0.04801 -0.13128
0.38034 0.02103 -0.12475
-0.39870 0.02877 -0.13224
-0.03312 -0.08707 -0.17927
0.04209 0.03940 0.10773
0.42672 -0.04092 -0.00967
-0.43170 -0.02741 -0.09108
-0.39966 -0.05347 -0.11096
0.11299 0.05188 0.00986
0.04312 0.07453 0.09763
-0.14770 0.04682 0.09607
-0.14153 0.02434 0.08659
-0.13521 0.00132 0.07300
-0.13336 -0.00543 0.09079
-0.08665 0.02625 0.18357
0.28909 -0.08083 -0.16919
-0.16689 0.08645 0.07028
-0.42199 -0.00245 -0.02127
0.24476 0.03573 -0.17821
-0.04222 -0.04269 0.06067
-0.03186 -0.04200 0.08652
-0.19624 0.10738 0.01218
-0.42390 -0.00736 -0.03453
-0.33920 -0.06126 -0.15829
-0.36848 -0.06247 -0.03018
-0.32893 -0.06538 -0.03259
0.32605 0.00567 0.16164
0.32361 0.00805 0.15453
-0.27281 -0.08115 -0.14178
-0.30578 0.02099 0.18197
0.40938 -0.05070 -0.09952
-0.30422 0.05984 0.02032
-0.28348 0.06168 0.01037
-0.28769 0.06136 0.00691
-0.38870 0.02537 -0.14563
0.03908 0.01753 -0.16431
0.08033 0.04289 0.04027
0.38557 0.02155 -0.07934
-0.25986 -0.00819 -0.10556
-0.24107 0.02301 -0.10555
0.21884 -0.00936 0.12758
-0.04018 -0.06771 -0.11710
-0.20112 0.09357 -0.02127
0.06577 0.03318 0.16964
-0.30761 0.04095 -0.17435
-0.17353 -0.07230 -0.17552
0.23350 0.00421 -0.17123
-0.42926 -0.03609 -0.03348
0.14950 -0.03204 -0.18106
0.33271 -0.03134 0.17363
0.02330 0.06221 -0.13124
-0.02837 0.03980 -0.15841
-0.25921 0.06038 -0.10044
-0.26344 0.06032 -0.09690
0.13252 0.04872 -0.14831
-0.07781 -0.06244 -0.18937
-0.13308 -0.07161 0.17988
-0.29854 0.05480 -0.13382
-0.03954 -0.06086 0.11521
0.11382 0.05185 -0.00575
-0.20527 0.09486 -0.07034
-0.34667 0.05480 -0.02634
-0.44189 -0.01501 -0.03015
0.33427 0.03589 -0.13999
-0.43222 -0.03256 -0.04858
0.14513 -0.07052 0.17777
-0.42478 -0.03770 -0.05497
0.19698 0.05743 0.01555
0.18470 0.05712 0.01470
0.26794 -0.00458 0.17467
-0.41351 -0.00046 -0.10475
-0.23252 0.07412 -0.12092
-0.07271 -0.06247 0.18919
-0.00177 -0.05067 0.01394
-0.41000 0.00846 0.11636
0.42963 -0.02937 0.04089
-0.41484 0.00352 -0.10152
-0.43749 -0.01743 -0.08261
0.43063 -0.02935 -0.04251
0.04472 0.04950 0.04108
0.34459 -0.03094 -0.10694
0.21562 0.04867 0.15897
-0.35737 0.04607 0.14296
-0.21608 0.09499 -0.11753
0.16459 -0.07467 0.17692
-0.30353 0.05568 0.11867
-0.31200 -0.01138 0.17993
-0.01378 0.11365 0.00431
0.05933 0.04204 -0.15869
0.24990 0.05153 0.05503
0.20731 -0.00172 -0.12298
0.20617 -0.00343 -0.17846
0.30855 -0.09320 -0.17607
-0.23227 0.01612 -0.16644
0.05206 -0.00769 -0.17131
0.27818 0.05158 -0.00832
-0.25402 0.05713 -0.14569
0.41750 0.00049 0.09735
-0.36592 -0.04557 0.16177
-0.19710 0.07165 0.04111
-0.34039 0.05190 -0.10995
0.31215 -0.09962 -0.13875
0.14299 -0.01698 0.18265
0.40539 0.01527 -0.04364
-0.44259 -0.01885 0.03175
-0.37995 -0.02428 0.16306
0.25677 -0.02454 -0.16769
0.15843 -0.07678 -0.17567
-0.34853 -0.06412 0.00375
-0.38886 -0.06134 0.00262
0.42243 0.00375 -0.05939
0.21898 -0.00757 -0.13451
-0.01537 0.11275 0.05153
0.41870 -0.06039 -0.04385
-0.38038 0.04589 -0.10476
-0.02819 -0.04462 0.05673
0.43342 -0.04629 -0.04729
-0.01993 0.04008 0.15962
0.32989 -0.07085 -0.17366
0.20900 -0.03130 0.16748
0.40797 -0.01006 0.13876
0.12427 0.05194 0.06095
0.12901 0.05225 0.05688
0.41136 -0.02986 0.07746
-0.18395 0.05436 -0.16266
0.27354 0.04783 0.06706
-0.19941 -0.10865 0.12273
-0.16621 0.07690 -0.08440
-0.16667 0.08324 -0.07172
-0.20921 -0.10374 -0.11747
0.39542 0.01493 0.11115
0.41876 -0.03317 -0.09987
0.29288 0.04866 -0.02531
-0.29059 -0.01960 0.14061
-0.29057 -0.01953 0.14770
0.02810 0.03939 0.16008
-0.39177 -0.00378 0.14213
-0.43747 -0.02879 -0.01679
-0.15221 -0.00868 0.13440
-0.16333 0.00205 0.13354
-0.15955 -0.03362 0.13384
-0.15534 -0.05801 0.13416
0.27987 -0.05202 -0.16866
-0.39905 0.04042 -0.10091
0.08283 0.04930 -0.10370
-0.11884 -0.09082 0.17765
0.00132 0.05619 -0.14128
-0.37084 -0.05034 0.15327
0.34208 0.02355 0.16299
0.00369 -0.01323 0.17896
0.03636 0.00738 0.14090
0.03493 -0.02701 0.14115
0.03731 0.02747 0.14074
-0.24402 0.06367 0.04656
-0.25756 0.06229 0.06422
-0.40015 -0.05165 -0.12215
0.21327 -0.01631 0.13678
0.32629 0.03889 0.10108
-0.28500 0.06122 -0.03921
-0.24733 0.02406 0.18856
0.35312 0.03527 -0.01865
-0.18475 0.09681 0.04162
-0.01487 0.03709 0.15930
-0.00334 -0.08640 -0.17896
0.20295 0.05066 0.09459
0.38936 0.01518 -0.12795
-0.03463 -0.04842 0.17910
-0.16526 0.05474 0.15770
-0.05527 -0.06546 -0.19020
-0.20264 0.02942 0.14730
-0.20644 0.02942 0.16814
-0.07359 0.04705 0.15169
0.23997 -0.01034 0.11847
0.02814 0.07237 0.11737
-0.31050 -0.06668 -0.07091
-0.23288 0.07573 0.12079
-0.02147 0.08139 0.13091
0.22692 -0.06521 -0.11843
-0.21393 0.10278 -0.02152
-0.27176 0.05856 -0.12083
-0.01153 -0.00240 0.18061
0.09775 0.05634 -0.08622
0.22114 -0.00359 -0.14850
0.34355 -0.02632 0.16114
0.21917 0.01032 -0.11333
0.22684 0.01524 -0.17162
-0.41687 0.02155 0.09111
-0.24271 0.06300 0.07662
-0.25380 0.06234 0.07220
-0.32343 0.01327 -0.17840
-0.27189 -0.02329 0.10556
-0.27183 -0.01753 0.10556
-0.38127 0.04611 -0.09943
0.42395 -0.02943 -0.02259
-0.18818 0.08305 -0.11923
-0.26616 -0.00345 0.15471
0.30951 -0.10147 0.15500
-0.01077 0.05656 -0.18106
0.21093 -0.07109 -0.13201
-0.26960 -0.03148 -0.11740
-0.40670 -0.04305 0.09894
0.08735 0.04750 -0.13028
-0.15530 0.00394 -0.12455
-0.15174 -0.00065 -0.13629
-0.00324 0.04183 0.15846
-0.44311 -0.01872 -0.00838
0.25196 0.00818 -0.11753
-0.16376 0.04904 -0.03390
-0.15935 0.02905 -0.03309
-0.23416 0.04153 -0.18543
-0.13953 -0.03071 0.14656
-0.13958 -0.03046 0.17886
-0.37980 0.05001 -0.01713
0.08133 -0.07615 -0.18192
-0.30634 -0.06742 -0.15544
-0.12257 0.00162 0.19030
-0.18715 0.08379 0.13761
-0.16332 0.06363 0.09245
0.10424 -0.07438 0.18015
0.39319 0.01711 0.10574
0.43513 -0.00661 0.04078
-0.22145 -0.11306 -0.14378
-0.23653 0.06229 0.09684
-0.23308 0.06294 0.09108
0.00680 0.06012 -0.17318
-0.27088 -0.03454 0.11743
-0.41111 0.04036 -0.02840
-0.20119 0.07492 0.11887
0.31900 0.01257 -0.16759
-0.23069 -0.03779 0.16800
-0.29665 0.05408 -0.14233
-0.13257 -0.07616 0.15892
0.19052 0.05162 0.13255
0.20666 0.05564 -0.04331
-0.00503 0.10583 -0.07610
-0.00589 -0.07220 -0.13742
-0.30198 0.03633 0.17926
0.25752 0.01781 -0.15661
0.39641 -0.08229 0.12586
-0.22819 0.05375 0.16653
-0.00739 -0.01030 -0.18026
0.16585 0.04871 -0.09215
-0.41380 -0.00181 -0.01916
-0.09002 0.04827 -0.14352
-0.18990 -0.01871 -0.10909
-0.18554 -0.04319 -0.11764
-0.19018 0.00999 -0.09908
0.38569 -0.04884 -0.15425
-0.14130 -0.02191 0.13388
0.39915 -0.08693 -0.06066
-0.03230 -0.05275 0.18530
0.21973 -0.06413 0.11736
0.43294 -0.00977 -0.06951
-0.27890 0.00276 0.11503
-0.41853 -0.00312 0.07102
0.29484 0.02907 0.17915
0.43522 -0.04611 0.02282
0.32826 -0.01393 -0.12631
-0.32340 -0.06681 -0.14215
-0.21856 -0.11222 -0.16380
0.04510 0.03984 0.07370
0.02456 -0.07431 -0.18656
0.39383 0.02070 0.04107
-0.31913 0.05418 0.11254
-0.33464 0.05294 0.10338
-0.40860 0.00052 -0.11756
-0.37176 0.02304 0.15957
0.22104 0.05102 -0.14297
-0.37020 -0.06224 0.03542
0.17478 0.05582 -0.04093
0.16586 0.05595 -0.03361
0.18745 0.05612 -0.03916
0.12814 0.04386 -0.07202
0.33806 -0.01126 0.16556
-0.15810 -0.08049 -0.14571
0.32285 -0.08973 0.13904
0.08305 -0.05298 -0.18027
-0.12110 -0.04306 0.05546
-0.23090 -0.11026 -0.16538
-0.24630 -0.09336 0.17646
-0.13032 -0.06726 0.15182
-0.12645 -0.08011 0.15572
-0.12609 -0.08131 0.13409
0.41757 -0.02976 -0.08026
-0.35635 0.05368 -0.00938
0.29299 0.04604 -0.13586
-0.37647 0.04257 0.13627
0.36359 0.03118 0.05012
0.12091 0.03593 -0.17245
-0.20703 0.06207 0.04666
-0.20946 0.06207 0.03283
-0.21575 0.06207 -0.02070
-0.21477 0.06207 0.06895
-0.35973 0.05012 0.09676
-0.22373 -0.05831 0.16789
0.23875 -0.06608 0.17231
0.36828 0.02708 -0.09322
0.39648 -0.04824 -0.03506
0.39648 -0.06319 -0.06574
0.39648 -0.06664 -0.07985
0.39648 -0.04710 -0.05054
0.39648 -0.03723 -0.00218
0.39648 -0.07068 -0.02882
0.39648 -0.06126 -0.04895
0.39648 -0.04700 -0.00498
0.28549 0.01722 -0.12957
0.04506 0.04488 0.03821
0.20024 -0.01404 -0.17489
-0.36571 0.02626 -0.16208
-0.16809 0.10312 -0.06506
-0.25004 0.03444 -0.18797
-0.42362 -0.03673 0.08355
-0.24168 -0.06687 0.17216
0.29577 0.02348 -0.17405
0.30490 0.02059 -0.16656
0.32233 0.01261 -0.18036
-0.18342 0.00472 0.17505
0.00627 0.02220 0.08318
-0.34686 -0.06338 -0.07860
-0.34022 -0.06392 -0.08008
0.20633 0.01706 -0.18422
0.00576 0.00684 0.17693
-0.41405 -0.05200 -0.04686
0.40947 -0.04227 -0.08856
0.04675 0.04516 0.13685
-0.03912 -0.06956 0.19034
0.05869 -0.04737 0.00703
0.42713 -0.04345 0.08395
0.41617 -0.06045 0.06287
-0.15851 0.08273 -0.13525
0.03668 0.03071 0.05355
-0.22889 0.01858 0.14860
-0.11721 0.01751 0.18880
0.00848 0.01896 0.03784
0.42309 -0.00526 -0.09690
-0.31317 0.05854 -0.04349
-0.33581 0.05573 -0.04632
-0.40155 0.04517 0.00029
-0.17757 0.07660 0.12431
0.18525 0.05095 -0.14442
-0.32813 -0.06101 -0.16583
0.12452 -0.07080 0.17718
0.30730 0.04147 -0.15295
0.07261 0.04809 0.05406
-0.00480 0.09367 -0.11114
0.32441 -0.05751 -0.11759
-0.05464 -0.05748 0.02704
-0.09153 -0.04773 0.02793
-0.06529 -0.04965 0.02725
-0.06617 -0.04233 0.02721
-0.12482 -0.05551 0.02888
-0.04589 -0.05594 0.02679
-0.08236 -0.05665 0.02776
0.18274 -0.08565 -0.17137
0.12843 -0.02987 0.18037
0.17328 -0.07371 -0.17765
0.41196 -0.02813 0.13124
0.33485 -0.04300 -0.17308
0.34634 -0.08455 0.14225
-0.20107 0.06050 0.14913
-0.37675 -0.06098 -0.07024
0.43604 -0.06505 0.01542
0.02765 0.00586 -0.17384
0.34934 0.03322 -0.08466
0.16442 0.05455 0.05088
0.17153 0.05495 0.04855
0.04466 0.07208 -0.10150
0.05288 0.07080 -0.09388
0.39699 -0.08471 0.09621
0.42678 -0.06625 -0.08544
-0.38567 0.04887 -0.01803
0.01505 0.06153 0.13450
0.42604 -0.02440 0.10465
0.19997 0.02749 -0.18165
0.09840 0.01881 -0.17843
-0.40112 -0.05687 0.04333
0.17556 -0.06501 -0.18082
0.09829 0.04532 -0.10787
0.17556 0.05507 -0.04821
0.16893 0.05563 -0.04213
-0.14302 -0.01728 -0.10779
-0.14264 -0.01831 -0.13293
-0.01804 0.11046 0.00428
0.05336 0.03365 0.16819
-0.02022 -0.03271 -0.00321
0.19823 -0.01799 -0.18230
0.33134 0.02275 -0.17164
-0.15825 0.08740 0.06040
-0.15687 0.01702 -0.11789
-0.16254 0.04373 -0.11504
-0.40760 -0.04008 -0.11121
0.12866 0.05013 0.01859
-0.15330 -0.03876 0.12089
-0.15053 0.03230 -0.02857
-0.42111 -0.00184 0.00336
-0.19379 0.07225 0.14329
-0.29810 -0.04643 -0.17972
-0.38513 -0.05935 0.10274
-0.34044 -0.06378 0.09004
0.42111 -0.03397 -0.11442
-0.22090 0.06473 -0.05822
-0.22825 0.06399 -0.07331
-0.04716 -0.03132 -0.03220
0.02288 0.01571 0.05609
0.21987 -0.08756 0.13581
0.28073 0.02912 -0.18122
-0.05246 0.04037 -0.16398
-0.10633 0.02970 -0.18476
-0.10848 0.04977 -0.15549
0.41440 -0.08582 -0.01689
-0.19345 0.01612 0.14815
-0.41862 -0.02902 0.12951
-0.41836 -0.03926 -0.06655
-0.13335 -0.03780 0.10489
0.14201 0.04614 0.09099
-0.27771 -0.07154 -0.14868
0.43035 -0.06309 0.02912
-0.43245 -0.02027 -0.10477
-0.16114 0.04390 -0.18147
0.19506 0.05154 0.12814
-0.31526 -0.06638 -0.04292
-0.34621 -0.06400 -0.04280
0.30310 0.04343 0.14475
-0.28212 0.05723 0.12280
0.37914 -0.07949 0.15313
0.19679 0.05111 0.11505
-0.24823 0.02354 0.14661
-0.25230 0.02137 0.15672
-0.26432 0.01497 0.12684
-0.25448 0.02021 0.12116
-0.22831 -0.11141 -0.13182
0.00801 0.03446 0.10129
-0.29190 -0.02327 -0.14710
-0.28871 -0.01430 -0.17733
0.43254 -0.06435 -0.03885
0.33711 -0.03788 0.13157
-0.30683 -0.06708 -0.12997
0.21328 0.05165 0.13448
0.17767 -0.01289 0.18421
-0.32670 0.05164 0.13398
-0.17725 -0.10048 -0.13520
0.10035 -0.03051 0.16026
-0.31142 -0.06650 -0.11529
0.43825 -0.00721 -0.01622
-0.35653 -0.06353 -0.00636
-0.37657 -0.06221 -0.00181
0.19923 0.03830 0.17524
0.39252 0.01850 -0.08563
0.27187 0.02942 0.18198
0.31733 0.04140 -0.06402
0.42125 -0.04208 -0.05790
0.19740 0.02323 0.18285
0.38412 -0.04616 -0.14328
-0.15281 -0.06873 0.14944
-0.29763 0.01532 0.18451
0.18992 0.05053 -0.10037
-0.37090 0.00010 0.15915
0.25918 -0.06534 0.16912
0.02775 0.09509 0.01821
0.02738 0.09547 0.00941
0.33897 -0.01306 -0.15087
0.44308 -0.01847 0.00555
-0.39809 0.01166 0.13767
0.02099 0.09753 0.04114
0.00683 0.10388 0.04201
0.02653 -0.05689 -0.18424
0.02155 0.07325 0.12111
-0.00885 0.06169 -0.19914
0.31322 -0.02158 0.11852
-0.17026 0.03687 -0.18754
-0.21182 0.10228 0.06057
-0.09617 -0.05132 0.18646
0.26284 0.04843 0.10757
-0.32845 0.05691 -0.03553
-0.33119 0.05665 -0.02902
-0.34407 0.05532 -0.01133
0.08231 0.04497 -0.11798
0.02109 0.09252 0.07683
-0.00545 0.10537 0.07977
0.09746 0.04466 0.11958
-0.02676 -0.03616 0.18015
-0.36513 -0.00680 -0.16121
-0.12229 0.04790 0.16794
-0.38713 0.04609 -0.08189
-0.34282 -0.01820 0.16906
0.30243 0.04395 0.06534
0.28690 0.04629 0.06572
0.34444 0.03586 -0.05991
0.41370 -0.05829 0.09486
-0.23917 0.05135 -0.17255
-0.19204 0.00262 -0.10555
-0.18302 0.00264 -0.10555
-0.25723 -0.03325 -0.10557
-0.25328 -0.03981 -0.10557
-0.01024 0.05025 -0.19741
0.07024 -0.05897 0.18344
-0.33076 0.01961 0.17608
0.27186 0.04774 -0.06928
0.13418 -0.07209 -0.17689
0.43385 -0.06306 -0.00499
0.33331 0.04071 0.01696
0.29415 -0.10988 -0.14692
0.03342 0.05141 0.08662
0.02965 0.03015 0.16559
-0.39578 0.04674 -0.00496
0.06121 0.04580 0.14208
-0.26831 0.06262 0.03010
-0.26199 0.06321 0.01471
-0.25175 0.06401 0.00266
-0.30353 0.04844 -0.16507
-0.18037 0.04454 0.18233
0.34941 -0.06349 0.17099
0.09977 0.04096 0.04835
0.09635 0.04046 0.02116
0.10212 0.04131 0.06194
-0.21212 -0.10978 -0.12104
0.35663 0.02892 -0.12961
0.01770 0.09924 0.03553
0.00579 0.10527 0.01389
0.33873 -0.04714 -0.14308
0.13996 -0.05059 0.17072
-0.33943 0.04670 -0.15396
-0.10081 -0.03208 -0.18665
-0.31316 -0.06042 0.17408
0.38807 0.02413 -0.00747
-0.06670 -0.03476 0.00890
-0.04133 -0.03382 0.00972
-0.07271 -0.03498 0.01363
-0.04823 -0.03407 0.01783
-0.07882 -0.03520 0.00044
0.11907 0.04373 -0.08070
0.40207 0.00856 -0.11146
-0.21592 0.09874 -0.04835
0.14810 0.03223 -0.17652
0.37839 -0.00666 -0.16267
-0.13593 0.01009 -0.02683
-0.13027 -0.01998 -0.02496
0.30363 0.04739 -0.00846
-0.20730 0.10239 -0.07996
-0.40567 -0.04038 -0.13316
0.18663 0.05150 -0.13669
-0.19350 0.05941 -0.15017
-0.20399 0.09417 0.12591
-0.27276 -0.04554 -0.17640
-0.06718 -0.04379 0.10945
-0.09644 -0.04373 0.11240
-0.07471 -0.03945 0.11204
-0.18379 -0.00063 -0.12790
-0.18293 -0.05207 -0.12803
-0.18437 -0.04638 -0.12781
-0.00138 -0.00587 0.08938
0.28539 -0.11186 0.15441
-0.39588 -0.05128 0.12856
0.41892 -0.02944 0.06725
0.33690 -0.04639 -0.12427
0.09262 0.00261 0.17696
-0.10953 -0.04486 0.09910
-0.07165 -0.04425 0.10569
-0.08503 -0.03597 0.12119
-0.05619 -0.02720 0.11843
-0.34426 0.05444 0.05213
-0.35778 0.05193 0.06665
-0.18127 0.09759 0.07641
0.11731 0.04369 0.08529
-0.15246 -0.02672 -0.14152
-0.15331 -0.01197 0.05353
-0.15331 0.00190 0.04891
-0.01764 0.09835 0.11421
0.04617 0.08198 0.06362
0.05521 0.07663 0.06724
-0.18508 0.10842 0.01606
0.01641 0.06598 -0.13083
0.32492 -0.00636 0.14418
-0.16791 -0.03193 -0.17568
-0.17658 0.10841 0.04746
0.32126 -0.06526 -0.11776
-0.30015 -0.00956 0.18349
0.32057 -0.08468 0.11917
-0.06936 -0.07843 0.19080
0.36354 0.02945 -0.08100
-0.37805 0.02088 -0.15539
-0.22506 0.00188 -0.17556
0.40766 -0.03009 -0.13147
-0.12211 0.01446 -0.18952
0.14571 0.04180 0.16895
0.09706 -0.04694 0.17338
0.27611 -0.10658 0.17554
0.06702 -0.01646 0.16910
0.17401 0.01721 -0.18305
-0.35614 0.04893 -0.12179
-0.02111 -0.00332 -0.13866
-0.00576 0.00985 -0.13900
-0.01475 -0.01484 -0.13880
-0.01058 -0.00899 -0.13889
0.41306 -0.04149 -0.09616
-0.21012 0.09453 0.02968
0.32659 0.02756 -0.16974
-0.04409 -0.05676 -0.02390
0.41967 -0.07811 0.09987
0.03707 0.08933 0.04498
0.06788 0.07345 0.04250
-0.14774 0.05576 0.04229
-0.17087 0.06930 0.14605
-0.43709 -0.02382 -0.06779
-0.30953 0.05917 0.03345
-0.31719 0.05839 0.02195
-0.01508 -0.04138 -0.00380
-0.41489 -0.04525 0.03796
0.43424 -0.04633 0.03151
0.19870 0.05138 0.14027
0.24692 0.04981 -0.11106
0.07179 -0.00509 -0.01914
0.21987 -0.03790 0.17616
-0.15602 -0.01744 -0.14608
-0.39599 -0.05529 0.10561
0.01733 0.09168 -0.08791
-0.35265 0.05350 -0.04654
0.25468 -0.09386 0.17566
-0.18173 -0.09998 0.12113
0.41332 -0.04743 -0.07784
-0.21235 0.06463 0.07798
0.41907 -0.05734 0.00852
-0.20683 -0.00921 0.17165
-0.41909 0.01737 -0.07964
0.27258 0.03695 0.17591
0.11220 -0.07239 -0.17829
0.42976 0.00368 -0.00837
-0.12181 -0.07220 -0.19296
-0.20454 0.05118 0.17428
-0.21087 0.10409 -0.01675
-0.03438 0.02981 -0.17298
-0.32439 0.05216 -0.13230
-0.32503 0.05312 -0.11596
0.06582 -0.04582 0.16742
0.21704 0.05054 -0.09634
-0.31618 -0.04941 -0.17879
-0.17264 0.10195 -0.03668
-0.01426 -0.06893 -0.18893
0.27568 0.04707 -0.10251
0.31202 -0.02953 -0.17478
0.19691 -0.02357 0.12154
-0.17765 0.10866 0.03579
0.34761 -0.07824 0.14040
0.39632 -0.08584 -0.08361
-0.10031 -0.04533 -0.03989
-0.09471 -0.04115 -0.03868
-0.01903 0.10916 -0.02317
0.17558 -0.03995 -0.17984
-0.02999 0.10620 0.09812
0.31234 0.04002 0.15379
-0.01017 0.07108 -0.19006
0.27240 -0.01769 0.17119
-0.25168 -0.02175 -0.17484
-0.20879 0.06321 0.10926
0.26693 0.05343 0.00168
-0.12727 -0.06665 0.18918
-0.41063 -0.03976 -0.10137
0.11567 -0.00395 -0.18172
0.13704 -0.01068 -0.18276
0.33546 -0.06191 -0.12825
-0.22020 0.06381 0.08782
-0.21452 0.06407 0.08819
-0.14913 0.06320 0.14506
0.01415 0.04698 0.15815
-0.28919 0.05815 0.10264
-0.00058 0.07258 0.16596
-0.15836 -0.03550 0.11753
-0.26874 -0.00131 0.10555
-0.27619 -0.00483 0.10555
0.39781 -0.08612 0.07494
0.43532 -0.04614 0.01390
-0.19318 0.09372 -0.02791
-0.41850 0.02047 0.08001
-0.11385 -0.04853 -0.02566
-0.07374 -0.05726 -0.02467
-0.11617 -0.05706 -0.02579
-0.04370 -0.06237 -0.02392
-0.06857 -0.06041 -0.02456
-0.05548 -0.05904 -0.02420
-0.10391 -0.04956 -0.02540
0.37531 -0.02028 0.15587
-0.19146 0.09401 0.05792
-0.38678 -0.00346 0.14741
-0.08742 0.02871 -0.18271
0.04836 -0.06949 -0.01250
0.00113 -0.05752 -0.01250
0.03853 -0.06113 -0.18394
0.18450 -0.05177 -0.18164
-0.03182 -0.08751 -0.16665
-0.02603 -0.08751 -0.16171
-0.06421 -0.08754 -0.16147
-0.04478 -0.08752 -0.16867
-0.01826 -0.08750 -0.15690
-0.09035 -0.08434 -0.18686
0.00194 0.07054 -0.16979
-0.41865 -0.00062 -0.07506
-0.20061 0.09423 0.03943
0.26281 -0.08373 0.17080
0.20132 -0.01124 0.14716
0.20044 -0.01351 0.13446
-0.17799 -0.10154 0.14450
0.39713 0.00999 -0.12133
-0.12529 -0.00721 0.03904
0.12990 -0.08071 0.17207
0.22494 0.03547 0.17830
0.28129 0.01567 0.12106
0.16639 -0.05835 -0.18177
-0.20075 0.07133 -0.14314
0.15155 -0.05058 -0.17583
-0.41001 0.03999 -0.04381
0.19587 0.04985 0.15455
-0.35657 0.05304 0.04498
-0.36016 0.05223 0.05200
-0.26670 -0.01525 0.17560
-0.17482 0.01978 -0.14903
-0.16538 0.01337 -0.12570
-0.17717 0.02137 -0.15657
0.36801 -0.01650 -0.16900
-0.32892 -0.05001 0.17406
-0.08750 -0.04387 0.05999
-0.04992 -0.04311 0.06607
-0.04932 -0.04310 0.08593
-0.07152 -0.04355 0.08014
-0.07597 -0.04364 0.06088
0.41977 0.00648 0.05306
-0.13355 0.01612 -0.03916
-0.13102 -0.00320 -0.03819
0.30510 -0.10333 0.12898
-0.20509 -0.03262 0.16790
-0.28615 -0.00925 0.10958
-0.28488 -0.00703 0.13553
0.28587 -0.04862 0.16790
-0.33579 0.04798 0.15196
0.33247 -0.03737 0.11893
0.06732 -0.03864 0.13972
0.07344 -0.01223 0.13972
0.06724 -0.02708 0.13994
0.09391 0.03141 0.17309
-0.17001 0.05805 -0.15152
0.08960 -0.03493 -0.16321
0.13621 0.02165 0.18007
0.34737 -0.04601 -0.12230
0.21931 -0.00659 0.13917
-0.17232 -0.07220 0.06734
0.15747 0.03627 0.17493
-0.29619 0.02140 -0.18422
0.35786 -0.08489 0.14874
0.22384 -0.05560 -0.11840
0.18552 0.04985 -0.15336
0.42148 -0.01795 -0.11759
0.24093 0.00277 -0.11753
-0.41354 -0.05285 0.01214
-0.20115 0.06445 -0.09437
0.13074 0.01715 -0.18072
0.31265 0.01681 0.16783
-0.05659 0.02923 -0.17739
-0.07785 -0.04841 -0.18228
0.28684 -0.11052 0.16405
0.07255 0.03994 0.16397
0.11765 -0.05059 -0.17489
-0.05545 0.03677 -0.14112
0.21100 -0.02124 0.15758
0.00495 0.05038 0.17568
0.01286 0.04036 0.15831
0.25636 -0.00243 0.17564
-0.32804 0.01791 -0.17690
0.39397 0.02159 -0.01629
-0.17336 0.10163 -0.03092
-0.13400 -0.06569 0.18422
0.22584 -0.02664 0.11812
-0.41165 0.01462 -0.11079
0.01115 0.00957 -0.17560
0.40487 -0.06962 0.14026
0.30838 0.01913 -0.15496
0.31237 0.01696 -0.16432
-0.34348 -0.06399 0.05693
0.06255 0.04572 -0.12892
-0.14403 0.03628 -0.09976
0.38662 -0.08404 0.12459
-0.42106 -0.04661 0.00287
-0.34201 -0.03595 -0.17412
0.41149 -0.08080 0.10444
0.14733 0.04704 -0.09134
-0.44293 -0.01822 -0.02460
-0.13789 0.01425 0.12468
0.19548 0.04397 -0.16870
-0.14963 0.04729 0.17513
-0.14975 -0.04211 -0.13793
0.26900 0.01954 0.14128
-0.29538 0.05971 -0.05845
-0.28572 0.06070 -0.05339
0.36389 -0.08537 0.12305
0.35889 -0.08532 0.14131
-0.35507 -0.03072 0.17082
-0.28067 0.02949 0.18539
0.42672 0.00094 -0.05023
-0.13760 0.02805 -0.10792
0.13904 -0.00234 -0.18295
0.10580 -0.04273 -0.15831
0.35191 -0.08495 -0.12980
0.34976 -0.08475 -0.11611
-0.40649 0.04323 -0.00650
-0.41729 0.00623 -0.05824
-0.13632 -0.04689 0.12411
-0.01115 -0.03390 0.17900
0.40520 -0.05885 -0.13564
0.44304 -0.01657 -0.00701
0.33829 0.03943 -0.01703
0.34138 0.03872 -0.01214
0.25656 0.04945 0.12241
0.39443 -0.01459 -0.15266
-0.27502 0.00692 -0.14772
0.31422 0.04207 0.13094
-0.35775 -0.06340 -0.01786
-0.32850 -0.06547 -0.02204
-0.27723 -0.06953 -0.12909
0.08546 -0.02135 -0.16500
-0.25731 0.04880 0.17598
0.05003 -0.03485 0.17070
-0.20652 0.07991 0.11921
-0.20036 0.01775 -0.14112
0.38666 -0.04205 0.15539
0.33827 -0.05261 0.14354
-0.27285 0.04203 -0.18060
-0.25734 -0.09424 -0.12078
-0.16835 0.10280 0.07871
0.41687 -0.00817 0.12008
0.23242 0.00550 -0.16237
-0.41864 -0.03948 0.02704
0.31816 0.04229 0.05323
0.31715 0.04158 0.06254
0.28503 0.04578 -0.08606
0.03808 0.08417 -0.07485
0.04650 0.08042 -0.07208
-0.39382 -0.05974 -0.04013
-0.08722 -0.02040 0.18701
0.13291 0.04375 0.11261
-0.40545 0.03268 -0.03771
-0.41520 0.01441 -0.09902
0.01849 -0.04115 0.17452
0.38123 0.02380 0.06841
-0.18462 0.10782 -0.04931
0.04126 0.05146 0.08627
0.34837 -0.07192 0.15125
0.40526 -0.08813 -0.01604
0.43277 -0.06582 -0.05160
-0.41729 -0.03987 -0.00230
0.00432 -0.00443 -0.17870
0.17097 0.04757 0.09898
0.14755 0.05409 0.04561
-0.20518 0.05609 0.15645
-0.14744 -0.02719 0.10898
-0.15770 0.01546 0.10096
0.34993 0.03406 0.06460
-0.15593 0.04980 0.03415
-0.15806 -0.07964 0.15617
-0.41893 0.00923 0.08196
-0.23992 0.06073 -0.14126
0.19321 -0.05886 0.16498
0.07855 0.05819 -0.08865
0.07281 -0.05707 -0.18237
-0.40854 -0.04505 0.09285
0.11433 0.05032 -0.05562
0.01727 0.05677 0.05529
-0.22180 -0.06517 -0.16821
-0.25444 -0.09593 0.17401
-0.15216 -0.03201 0.16445
-0.42077 -0.03074 -0.12295
0.02754 -0.07163 0.01537
0.05234 -0.07117 0.01537
-0.00421 -0.06926 0.01537
0.07747 0.03787 -0.06279
0.07813 0.03795 0.02227
0.07564 0.03762 -0.11475
0.08162 0.03842 0.11528
0.07831 0.03798 -0.05627
0.07502 0.03754 -0.02464
-0.13008 0.04289 -0.17797
-0.19073 0.03198 -0.11057
-0.19156 0.04128 -0.10823
-0.18741 0.00091 -0.12002
-0.18597 0.01497 -0.12413
-0.18798 -0.03833 -0.11843
-0.18976 0.04690 -0.11334
-0.18699 0.03572 -0.12122
-0.18476 0.03017 -0.12759
-0.28472 -0.01281 0.10555
-0.10737 -0.09073 0.17063
0.21672 -0.01320 0.16984
-0.14203 0.02617 -0.07947
-0.13781 0.01081 -0.06741
-0.13632 0.00536 -0.07736
-0.13424 -0.00221 -0.08983
-0.14538 0.03836 -0.08844
0.40486 -0.08174 -0.11162
-0.06982 0.03076 0.17856
-0.37917 -0.01263 0.15315
-0.24422 -0.10069 0.11883
-0.19820 -0.06126 0.16578
-0.41194 0.03268 0.09094
-0.06149 -0.03736 0.13971
-0.05824 -0.05156 0.13985
-0.07913 -0.01998 0.13897
-0.04648 -0.04849 0.14034
-0.06099 -0.01721 0.13973
-0.06477 -0.06583 0.13958
-0.07630 -0.04086 0.13909
0.12026 -0.03385 -0.17927
-0.40413 0.01857 -0.12791
-0.19711 0.09355 0.03094
0.25813 0.04828 0.08592
0.01501 -0.04637 -0.13916
0.02236 -0.03808 -0.13916
0.02252 0.00816 -0.13916
0.00871 -0.04713 -0.13916
0.01794 -0.05230 -0.13916
0.23958 -0.09682 0.11814
0.25633 0.04864 0.08062
0.12691 0.04197 -0.08927
-0.19314 0.09000 -0.07192
-0.19265 0.09069 -0.05278
-0.18544 0.10815 0.03040
-0.07816 0.00735 -0.18685
0.00651 0.02288 0.05941
0.06219 0.07426 -0.05792
0.06233 0.07508 -0.05180
-0.38527 0.03585 -0.14073
-0.23332 0.06474 0.02434
-0.22324 0.06503 0.02830
-0.01050 0.11256 0.03820
-0.37090 -0.00448 -0.15828
-0.12386 -0.03645 0.18770
-0.20599 0.10400 0.05836
-0.29995 0.06005 0.03490
-0.28006 0.06160 0.04171
-0.13917 0.02546 0.18908
0.38127 -0.08491 -0.12433
-0.18465 0.09659 0.07022
-0.14789 0.01803 0.12444
-0.15457 0.02019 0.12438
-0.14114 -0.02501 0.12513
0.23148 -0.00582 -0.17636
-0.02246 -0.00667 0.18204
0.30385 0.00711 0.11987
0.26884 -0.11274 -0.13427
-0.05765 -0.00048 -0.18532
0.16979 -0.03600 -0.18070
0.38733 -0.07216 -0.15384
-0.19713 0.10254 -0.10106
0.23344 -0.04293 0.17225
0.24228 0.02240 -0.15160
0.23645 0.02052 -0.13479
-0.32903 -0.06563 0.13856
0.11569 0.04564 -0.12156
-0.41309 -0.03506 0.13068
-0.40973 -0.00082 -0.02363
-0.18812 -0.00160 -0.17619
-0.42353 -0.00754 0.05749
-0.15293 0.07311 0.13639
-0.26150 0.06175 0.12534
-0.39249 0.04578 0.06113
-0.26793 0.05388 -0.15837
-0.41433 0.03458 0.06058
-0.00226 -0.00001 -0.17937
-0.17567 0.07969 -0.12392
0.35751 0.03069 -0.10213
0.15973 0.04364 0.16711
0.42929 -0.08156 0.03534
0.20876 0.05151 -0.12206
0.26965 -0.01463 -0.17214
0.04987 0.01832 0.15973
-0.07031 -0.02217 0.18569
0.09512 0.03843 0.16822
0.21660 0.05376 0.05650
0.01064 0.08796 0.10617
0.36197 -0.07022 0.16862
-0.32958 0.00985 -0.17686
0.01051 0.04207 -0.15405
0.03022 -0.02890 0.17451
-0.14070 -0.02283 0.18944
-0.00617 0.04818 0.18289
0.21791 -0.02027 -0.17533
-0.01886 0.04237 -0.15435
-0.37491 0.03174 -0.15333
-0.29909 0.05847 -0.08074
0.28022 0.03634 -0.17502
-0.40445 0.03951 -0.08141
-0.42367 -0.00728 -0.02307
-0.41627 -0.00724 -0.08489
0.00321 0.10257 0.07131
0.03248 -0.02871 -0.13870
0.03307 0.03294 -0.13859
0.03003 0.02073 -0.13911
-0.08328 -0.02787 -0.18581
0.13072 -0.06073 -0.18057
0.19304 -0.06297 0.12284
0.19304 -0.07242 0.14364
0.19306 -0.07575 0.13788
0.19306 -0.07416 0.12473
-0.32576 0.05104 -0.14021
-0.16428 0.05629 -0.04555
-0.01040 0.02852 0.16846
-0.21337 0.09189 0.12597
-0.36510 -0.06098 0.12617
0.22899 0.05033 -0.10596
-0.30185 0.05829 0.07858
-0.42250 -0.02720 0.12329
-0.11765 -0.09159 -0.16775
0.33669 0.03452 0.14494
