0.12815 0.02597 0.01354
0.35091 0.01785 -0.03633
-0.02803 -0.12262 -0.16090
-0.01099 -0.12298 -0.16270
-0.02864 -0.03152 -0.03089
0.36972 0.00100 -0.13095
-0.04001 0.12628 -0.11976
0.14851 0.01607 -0.07827
-0.30066 -0.12257 -0.11086
0.09127 0.10168 -0.00563
-0.21097 0.10321 -0.12782
0.42707 -0.05052 0.08055
0.08334 -0.09957 0.14035
0.11069 -0.01600 -0.13566
-0.11334 -0.12180 -0.16418
-0.06752 -0.12211 -0.14823
0.05778 0.00740 -0.16936
-0.06771 0.01016 0.03656
-0.05323 0.03683 -0.03023
-0.41267 -0.04267 0.17299
0.24636 -0.02222 -0.18496
-0.08546 0.05100 0.10849
-0.27218 -0.13454 0.18558
0.29896 0.02805 0.06686
-0.02337 0.02287 0.16860
0.25087 -0.10434 0.16533
-0.42101 -0.06797 -0.07383
0.31720 -0.05249 -0.14046
0.31282 -0.04366 -0.13306
-0.34796 -0.10201 -0.15494
0.14438 -0.10341 0.15827
-0.05438 0.00020 0.10539
0.31400 0.02425 0.09913
-0.08115 0.07946 -0.14489
-0.29205 -0.12069 -0.02575
-0.40293 -0.08316 -0.10555
0.23522 -0.13441 0.14253
0.37155 -0.03650 0.17144
0.16752 -0.12854 -0.00604
-0.04934 0.13460 0.03917
0.11681 -0.02135 0.14072
0.15016 -0.04560 0.12320
0.15933 -0.05226 0.13064
-0.06528 0.13232 -0.08910
-0.42586 -0.05857 0.09095
-0.26947 0.12046 0.00768
-0.26532 0.04150 -0.15481
-0.32900 -0.03254 0.05205
-0.33961 -0.03442 0.06282
-0.36263 -0.04018 0.06862
0.12459 0.01726 -0.02501
0.27315 -0.11319 0.11282
-0.29125 0.04368 0.14015
-0.26876 -0.02508 0.15252
-0.41163 -0.03506 0.11659
0.09178 -0.09192 0.12590
-0.05051 0.06240 0.14918
0.25991 -0.12841 0.18749
-0.27176 -0.05807 0.17791
0.40473 -0.10296 -0.05602
-0.07121 0.09056 0.06968
-0.02155 -0.11177 0.17102
0.01994 0.11293 -0.11866
-0.03218 -0.09152 -0.13935
0.40520 -0.04522 0.00352
0.02388 0.08385 -0.13785
0.29568 -0.10618 0.18147
0.17959 0.03515 -0.04723
-0.37008 -0.10031 -0.04616
0.25152 -0.11955 0.01317
0.29558 -0.12009 0.05364
0.26213 -0.11968 0.04270
0.27424 -0.11983 0.02885
0.23934 -0.11940 0.01541
-0.03651 -0.09303 0.13595
0.15635 -0.09321 0.15863
0.30972 0.01417 -0.14434
-0.30052 -0.09272 0.18440
-0.26238 -0.12136 0.01676
0.25181 -0.10063 0.16972
0.25753 -0.13355 0.14528
0.30919 0.01208 0.03748
0.30404 0.01231 0.06201
0.29950 0.01320 0.03153
-0.29921 0.10337 0.09058
0.41252 -0.02622 0.05500
-0.41462 -0.00170 0.13209
0.31934 -0.10544 -0.10499
0.29959 -0.08773 -0.10499
-0.16710 0.13367 -0.07602
-0.26945 -0.08073 0.09575
-0.26977 -0.08922 0.09577
-0.16681 -0.04371 -0.18545
-0.27846 -0.01003 -0.18803
0.10046 0.00945 -0.16848
0.30848 -0.08150 0.18952
0.16880 -0.08566 0.02528
0.16856 -0.07721 0.02446
-0.04456 -0.10711 0.07770
-0.33904 0.07697 0.13168
-0.08466 0.03384 0.16001
0.24055 -0.00851 -0.18070
0.26386 0.03381 0.00755
-0.09796 -0.05416 -0.17837
-0.24295 0.12141 0.00298
-0.18949 0.12840 0.01841
-0.19044 0.12834 0.02609
0.23346 -0.04925 0.14261
0.26881 -0.15510 0.15123
0.24765 -0.12537 -0.01258
0.06467 -0.02183 -0.14303
-0.05523 -0.11217 -0.02409
0.31576 -0.12854 0.00184
0.20169 -0.06020 -0.18676
0.10235 -0.00173 0.06442
-0.01666 -0.09046 -0.05039
0.18927 0.03330 0.05668
0.42015 -0.08241 0.03647
0.02138 0.12834 -0.07172
0.38766 -0.02153 -0.10647
-0.08484 0.02993 0.10582
-0.22614 -0.03938 -0.19045
0.33240 0.00667 -0.13502
-0.41644 0.01588 -0.06696
-0.29055 -0.11687 -0.08440
-0.26782 0.01129 -0.17406
-0.22109 -0.05422 -0.17311
-0.28830 0.12433 0.03696
-0.37280 -0.10546 -0.00654
-0.38851 -0.10275 0.00974
-0.41150 0.02674 -0.15514
-0.40131 -0.07747 -0.13030
0.28480 -0.08908 -0.17187
-0.31633 0.01163 -0.17188
-0.26338 0.12201 -0.10827
0.36634 -0.09933 -0.13031
0.25631 -0.02069 -0.17471
-0.22790 0.12108 0.10646
-0.24513 0.11966 0.07718
0.31933 0.01126 0.15165
0.29775 0.01207 0.10536
-0.06009 -0.08947 -0.14349
0.07699 -0.07467 -0.07265
0.25481 -0.10383 -0.07924
-0.09736 0.07243 -0.14553
0.27657 -0.03008 0.15563
-0.24222 0.10696 0.12871
-0.08710 0.05485 -0.10311
-0.15115 0.03452 -0.15442
-0.17147 0.11050 0.12417
0.16259 -0.10628 -0.16359
0.40177 0.00033 0.14141
0.33786 -0.12578 0.15947
0.23023 0.02049 -0.15357
0.34130 -0.08483 0.11292
0.36828 -0.06439 0.13342
-0.17303 0.05636 0.15182
0.42238 -0.08750 -0.02564
0.17067 0.04217 0.08812
0.09862 -0.12835 -0.05287
0.27115 -0.08620 0.16925
-0.09370 0.13664 0.03307
0.25537 0.01447 0.14202
0.26052 0.01539 0.11953
0.30906 -0.10429 -0.18957
-0.06589 -0.03496 -0.13941
0.09854 -0.00651 0.15344
0.10723 -0.00383 0.15279
0.24687 -0.12659 0.18730
0.24019 -0.13236 0.18922
0.27359 0.01819 0.14550
0.30760 -0.05032 0.17962
-0.33083 0.04397 0.12359
-0.35849 0.04970 0.11625
0.01499 -0.03487 0.14571
-0.03547 -0.07015 -0.03154
0.40937 -0.06374 -0.14165
-0.08692 0.12817 0.04931
-0.12127 0.12916 0.05098
-0.17297 0.13045 0.02618
-0.14200 0.12962 0.03214
-0.31228 0.05985 -0.13063
-0.31483 0.06427 -0.12743
0.11019 -0.04884 -0.14156
-0.22141 -0.10354 -0.14699
0.09976 0.01548 0.06952
-0.02701 0.11918 -0.11408
-0.18631 0.13669 -0.00118
0.09307 0.05152 0.14887
-0.40044 -0.08774 0.02237
-0.28370 -0.11526 0.17800
0.31931 -0.12569 0.09725
0.36139 -0.12056 -0.05903
0.17842 -0.05100 -0.18257
-0.12887 -0.01592 -0.14691
0.26672 -0.10346 -0.06770
-0.34831 -0.07629 0.15085
-0.09244 -0.12624 -0.00391
0.00066 -0.10075 -0.16213
-0.37663 -0.02093 -0.14728
-0.02679 -0.04728 -0.04924
-0.38929 -0.03333 -0.15857
-0.03904 -0.09711 -0.16612
-0.26523 -0.11420 -0.04464
0.11274 -0.09874 0.16281
-0.04683 0.12806 -0.00797
-0.09496 0.12829 -0.03140
-0.04301 0.12719 -0.04268
-0.07317 0.12849 -0.00767
0.22817 -0.03464 0.15381
0.26193 -0.12430 -0.09995
-0.06274 0.13586 -0.00838
0.20697 0.03222 0.02776
0.42360 -0.08588 0.06575
0.03359 -0.02303 -0.14267
-0.29402 -0.06533 0.16016
-0.06152 -0.00679 0.14930
-0.07313 -0.00811 0.14932
0.02651 -0.04136 0.14775
-0.05920 -0.05458 0.14784
-0.04147 -0.03003 0.14848
0.07693 -0.07477 0.14645
-0.04735 -0.05549 0.14775
-0.02442 -0.03616 0.14820
-0.10332 0.00255 0.14982
-0.06497 0.02822 0.15037
0.01197 -0.02690 0.14827
-0.02483 -0.05375 0.14767
-0.12180 -0.01806 0.14930
-0.24663 0.03461 0.16037
-0.16087 -0.12475 -0.07175
-0.39353 -0.09039 -0.00927
0.09765 -0.08161 0.08400
0.24300 -0.12848 -0.17880
-0.23983 -0.02699 -0.13614
-0.24586 -0.01789 -0.08826
-0.26752 0.01460 -0.10662
-0.25313 -0.00698 -0.08200
-0.25691 -0.00131 -0.08166
-0.24681 -0.01650 -0.12902
0.25572 -0.10512 -0.16309
-0.01792 -0.05695 -0.14680
0.25808 -0.04754 -0.16753
0.09292 -0.07482 0.09893
-0.38162 -0.02259 0.17296
0.19904 0.02947 0.07140
-0.41555 -0.02594 0.04049
-0.25660 0.03505 0.16063
-0.15989 0.10690 0.12670
-0.37920 -0.07999 0.13409
-0.26190 -0.05253 -0.13978
0.40710 -0.00527 0.08310
-0.22257 -0.04346 -0.18068
0.06922 -0.07589 -0.10108
0.18107 -0.11896 -0.15846
-0.08734 -0.08686 -0.17207
-0.06403 -0.10047 -0.16033
0.40817 -0.11004 -0.01241
-0.18493 -0.01026 0.14980
0.21856 -0.07655 -0.15125
-0.28082 0.11601 0.06094
0.05516 -0.07437 0.02223
-0.28441 0.11460 -0.02556
-0.38672 0.00080 -0.16508
0.17209 0.05351 -0.08496
0.10234 -0.00181 -0.02995
-0.34808 0.04267 -0.15916
-0.39953 -0.09652 0.11550
0.26370 -0.13238 -0.11542
-0.30226 0.03998 -0.01515
-0.34126 0.04283 -0.04251
-0.29846 0.03941 -0.08644
-0.29803 0.03934 -0.09492
-0.32508 0.04136 -0.10321
-0.04709 -0.09390 -0.07291
-0.23517 0.08945 -0.13208
0.26826 0.00553 0.16916
-0.41871 -0.07323 -0.03077
0.23297 -0.14886 -0.17900
-0.02350 -0.07473 0.08866
-0.21437 0.12414 -0.12231
-0.13611 -0.10798 -0.17279
0.40631 -0.01347 -0.10069
-0.38056 -0.07983 0.10631
-0.39544 -0.07861 0.10611
-0.28277 0.10206 0.11000
-0.25293 0.08347 0.13151
-0.07364 0.02728 0.16718
-0.07509 0.01244 -0.12498
0.18224 -0.10121 0.11732
0.18220 -0.09752 0.16106
-0.29655 0.13802 0.09325
0.31606 0.02695 0.01212
0.37199 -0.06122 -0.13622
0.35437 -0.07670 -0.12246
0.21905 -0.13703 0.14411
-0.34243 -0.03556 -0.05829
-0.35915 -0.03871 -0.07287
-0.33102 -0.03267 -0.05625
-0.25937 -0.09189 0.18412
-0.19269 -0.11526 -0.00635
0.14829 0.04661 -0.13420
-0.40235 -0.08464 -0.08816
-0.40285 -0.08812 -0.05272
-0.27680 -0.10076 -0.15931
0.38584 -0.09008 -0.01628
0.38868 -0.07566 -0.03676
0.38847 -0.07135 -0.06522
0.27157 0.02784 0.12223
0.03284 0.02775 0.15898
-0.25543 -0.11792 -0.08934
-0.17791 0.13373 0.07283
0.40531 -0.04518 -0.06274
0.40508 -0.04520 0.08726
-0.37418 -0.10946 -0.05861
0.19765 -0.10593 0.18847
-0.40559 -0.09214 0.04183
-0.31427 0.09582 0.00392
-0.41141 -0.04812 -0.00245
0.26949 -0.07089 -0.18367
-0.23778 0.08623 0.14068
0.15322 0.05407 -0.08836
0.24971 -0.10328 -0.09066
-0.04819 -0.00262 0.02999
0.41500 -0.09876 -0.09054
0.27120 -0.10568 -0.08824
0.02387 0.06037 -0.14808
0.39831 0.00521 0.00749
0.35361 -0.07876 -0.11256
0.26829 0.01688 0.00745
0.22204 0.02075 0.09426
0.25904 0.01766 0.02415
0.25243 0.01783 0.08098
0.12437 -0.10133 -0.16019
0.05595 0.12214 -0.07858
-0.30709 0.09858 -0.08937
0.01425 -0.09111 -0.11356
0.19065 -0.06262 -0.11284
-0.21865 0.10887 0.12791
-0.22714 0.05167 0.15314
-0.24297 -0.02876 -0.19063
-0.37354 -0.09525 0.16554
0.04744 -0.02959 -0.17144
-0.31050 -0.02471 0.11698
-0.39299 -0.09896 -0.02474
-0.22010 0.12710 0.11782
-0.27785 0.11847 -0.04504
0.12522 0.03924 -0.15178
-0.03939 -0.01925 -0.17350
-0.01244 -0.01670 -0.17319
-0.39655 -0.08187 -0.11059
0.33909 -0.09803 0.10971
-0.04543 -0.09299 0.03850
0.29670 0.02907 -0.04598
-0.32655 -0.03873 -0.15819
-0.41218 -0.01929 -0.14752
-0.24529 -0.03618 0.15558
0.40455 -0.00157 -0.13945
-0.27213 0.02039 -0.03861
-0.27412 0.02370 -0.06886
-0.25701 -0.00175 -0.02719
-0.26085 0.00404 -0.04186
-0.25211 -0.00874 -0.03675
-0.28204 0.03432 -0.00368
-0.25966 0.00244 -0.05162
-0.25912 0.10584 0.12940
0.27405 -0.09018 -0.16530
-0.17936 0.07094 0.14567
-0.15371 -0.12084 0.07351
-0.10709 -0.12138 0.10617
-0.19221 -0.12031 0.08796
-0.14564 -0.12090 0.09290
-0.08241 -0.12171 0.09989
-0.03515 -0.01174 0.17378
-0.25309 -0.00790 0.12318
-0.24102 -0.02542 0.05261
-0.23626 -0.03232 0.01280
-0.24871 -0.01427 0.11021
-0.26361 0.00737 0.12142
-0.23576 -0.03308 0.11320
-0.25130 -0.01049 0.08851
-0.27368 -0.07088 -0.15983
0.12030 -0.12476 -0.13761
0.05328 -0.12369 -0.13336
0.09427 -0.12486 -0.15700
0.08165 -0.12474 -0.15961
0.07702 -0.12390 -0.12827
-0.06481 0.00646 -0.13441
-0.08521 0.11057 -0.11635
0.06474 -0.12351 -0.10002
0.02217 -0.12299 -0.07461
-0.01474 -0.12254 -0.12472
0.00341 -0.12276 -0.12218
0.00546 -0.12279 -0.11176
-0.00832 -0.12261 -0.05684
0.08481 -0.12376 -0.07625
0.09003 -0.12382 -0.08526
0.15278 -0.12459 -0.09790
0.36386 0.00472 0.05064
0.35557 0.00622 0.07081
0.27865 -0.14318 -0.18970
-0.38232 0.01394 -0.14099
-0.40738 -0.03282 0.10898
-0.08703 0.09260 0.13729
-0.35994 -0.10426 -0.09531
-0.36082 -0.03364 0.16351
-0.35592 -0.03310 0.15138
-0.00441 -0.08192 0.03043
0.40171 -0.10354 0.12280
0.07365 -0.07488 0.01527
0.12226 -0.08018 0.02224
-0.41582 -0.02172 0.01041
-0.02408 0.01743 0.17289
-0.28279 -0.07893 0.16174
-0.29359 -0.02380 -0.18001
-0.38868 -0.09203 0.03154
-0.39357 -0.00092 -0.12060
-0.30289 0.14250 0.08096
-0.27592 -0.12186 -0.01573
-0.09822 -0.06809 0.13097
0.08525 -0.01066 -0.14667
-0.40415 -0.07424 0.02543
-0.41132 -0.07475 0.00372
-0.38744 -0.10134 -0.10511
-0.10591 -0.12398 -0.00694
-0.34942 -0.09001 0.15165
0.07047 0.09812 0.13248
-0.02944 -0.01390 0.03076
-0.06470 -0.01563 0.17417
-0.28861 0.12063 -0.11628
0.22974 -0.00638 -0.17493
-0.32223 0.01144 0.10244
-0.32021 0.02026 0.09138
-0.32577 0.00271 0.06414
-0.32372 0.01469 0.02634
0.03793 -0.04266 0.17456
-0.08192 0.13065 0.11015
0.23428 -0.08895 -0.18679
0.23629 -0.12745 0.14455
-0.16203 -0.08212 0.18123
-0.39366 -0.02737 -0.14378
-0.23928 -0.03229 -0.18446
0.33962 0.01219 -0.12820
-0.21697 -0.12004 -0.02255
-0.15614 -0.12079 -0.03884
-0.09772 -0.12150 -0.05248
-0.21081 -0.12013 -0.01318
-0.18829 -0.12040 -0.02206
-0.09067 -0.12159 -0.04648
-0.04265 0.04009 -0.15714
0.07790 -0.06577 -0.01187
-0.01950 0.13004 -0.09174
-0.30721 -0.06867 -0.17959
-0.11439 -0.03476 0.14285
-0.39791 0.04854 -0.04700
0.40004 -0.11835 -0.14413
-0.29916 0.09838 0.11774
-0.26122 -0.00465 -0.18676
-0.29534 -0.10368 0.18055
-0.06871 -0.02311 0.13626
-0.10813 -0.03404 0.17731
0.03170 -0.02303 -0.14933
-0.28110 0.02869 -0.16272
-0.29926 0.10110 -0.12091
0.26244 0.01427 -0.13439
0.29972 -0.08246 -0.18004
0.26495 -0.05172 -0.18157
-0.06538 -0.04855 0.16932
0.16298 0.03775 -0.12997
-0.14547 0.05876 -0.15093
0.12753 0.05739 0.14676
-0.04943 0.05367 0.15253
0.42143 -0.06897 -0.13694
0.30531 -0.07187 -0.18947
0.26882 0.02591 0.13241
-0.36826 -0.01725 -0.11403
-0.33708 -0.01547 -0.10596
0.40900 -0.10976 0.12678
-0.08185 0.07732 0.06061
-0.34869 -0.01369 0.18215
0.28493 -0.14069 0.18967
-0.40991 -0.03269 0.00032
-0.38616 -0.09274 -0.00314
-0.30389 0.14173 -0.02378
-0.33349 -0.08245 -0.09913
-0.06072 0.12624 -0.12342
-0.01111 0.12171 0.10075
-0.26542 -0.15027 0.14763
-0.33406 -0.03528 0.18423
-0.16006 0.07069 0.14585
-0.29268 -0.11126 0.05461
0.03954 -0.08402 -0.07290
0.23602 0.03066 -0.11612
-0.37885 -0.10441 0.01477
-0.36418 -0.10693 0.00186
-0.04442 0.03512 0.03762
0.34738 -0.05710 -0.11383
0.06876 0.10501 -0.12584
-0.40530 0.04244 -0.09606
0.24868 -0.07388 0.16419
-0.16112 -0.08252 -0.18093
-0.24228 -0.09043 0.15144
-0.01214 0.05321 -0.15200
0.17693 0.03517 0.10654
0.22815 -0.12102 0.17399
0.28232 -0.12788 0.05812
0.18471 0.03245 0.12962
-0.37164 0.05375 -0.13689
0.05494 -0.12071 0.00279
-0.16869 0.13702 -0.01200
0.20320 0.03039 0.02079
0.12949 -0.12466 0.16163
-0.05610 -0.05748 0.11518
-0.10407 -0.12207 -0.15568
-0.13283 -0.12216 -0.16036
-0.09897 0.04454 -0.15637
0.04357 0.10143 -0.12777
-0.04289 0.03872 -0.03497
-0.08659 0.08081 0.14237
0.42331 -0.06679 0.10330
-0.25408 -0.11772 -0.15828
-0.06300 0.04004 0.10732
-0.40786 -0.05230 -0.06830
-0.40643 -0.05695 -0.06476
-0.33912 0.03115 0.16447
0.02911 -0.10482 0.16302
-0.20114 0.06443 -0.05876
-0.27688 0.12924 -0.04389
-0.22612 0.06157 0.00786
0.14915 -0.12562 -0.16100
0.10248 -0.00494 0.00047
0.38483 0.00150 -0.15233
-0.17580 0.12619 0.09452
-0.18066 0.12783 0.07992
-0.26197 -0.02329 0.09572
0.02451 0.00816 0.16998
0.20518 -0.09723 0.18960
-0.26060 -0.05330 0.14606
0.23749 -0.07183 -0.16420
0.36421 -0.07094 -0.17613
0.01170 -0.09201 0.07982
0.36867 -0.00018 -0.15984
-0.39141 -0.00025 0.13554
0.36485 -0.12269 0.15285
-0.02704 -0.06126 0.02582
0.29825 -0.05547 -0.14308
-0.01897 -0.12125 -0.00869
-0.30177 -0.08464 -0.15983
0.08232 0.02066 0.07597
-0.21668 -0.06456 0.15066
-0.15694 -0.06769 0.18384
-0.38172 0.05161 0.03070
-0.25657 0.08225 0.14374
-0.32686 0.03140 -0.08749
-0.33366 0.03324 -0.06476
-0.33765 0.03431 -0.05017
-0.35021 0.03788 -0.03582
0.29927 -0.09890 -0.16420
0.24734 -0.09439 -0.18394
-0.30719 -0.06863 0.09533
-0.24696 -0.05118 0.09562
0.25288 0.03368 -0.01770
-0.06185 -0.03853 0.04985
-0.27456 -0.07079 0.09550
-0.06769 -0.01511 0.04432
0.21118 -0.07153 -0.10499
0.25865 -0.05539 -0.10500
0.31119 -0.04879 -0.10500
-0.40945 0.01354 0.04154
-0.30219 -0.14210 0.18589
-0.31311 -0.05724 -0.15574
0.08672 0.10189 0.07072
-0.04350 0.00381 -0.14219
0.26553 -0.10993 0.07690
0.07930 0.10956 0.03629
0.20225 0.02942 -0.05071
0.19386 -0.08594 0.15632
-0.00587 -0.12265 0.12222
0.38540 0.00965 0.07185
0.23826 -0.05440 0.14166
-0.33792 -0.10683 -0.04318
0.35435 0.00842 0.12556
-0.21223 0.07999 0.14125
-0.15273 0.13720 0.03155
0.00526 -0.08084 -0.14683
-0.08589 -0.07002 -0.14788
-0.09714 -0.05581 -0.14806
0.08491 -0.09279 -0.14589
-0.12337 -0.07266 -0.14830
-0.02920 -0.09378 -0.14717
-0.13660 -0.05070 -0.14852
0.03100 -0.08160 -0.14653
-0.03579 -0.07986 -0.14729
0.05396 -0.08770 -0.14625
-0.02565 -0.07679 -0.14719
0.02466 -0.08202 -0.14660
-0.22987 -0.00299 -0.15013
-0.24592 0.01600 -0.15052
-0.27571 0.03501 -0.15061
-0.22873 -0.05468 -0.17504
-0.30858 -0.02348 -0.14202
-0.28289 -0.12186 0.01383
0.21760 0.03319 0.08037
0.25066 -0.11356 0.18579
0.30911 -0.03967 0.12284
0.12418 -0.00098 0.10225
0.23970 -0.01245 0.19346
0.23007 -0.14692 0.14439
-0.39514 0.01781 0.16492
-0.17150 0.03336 -0.15160
-0.09089 0.02106 -0.15007
-0.15160 -0.01584 -0.14947
-0.16184 0.03212 -0.15142
-0.14986 0.00155 -0.15011
-0.30651 -0.01486 -0.18792
-0.36857 0.03305 -0.16248
0.14043 -0.08504 -0.16629
0.03451 0.12853 0.03042
-0.21766 -0.04599 -0.19009
0.23325 0.02924 0.13305
-0.25183 -0.02595 0.17297
-0.36880 0.06065 0.09571
0.35781 0.00346 -0.12902
-0.26600 0.12655 0.05113
0.25943 -0.09574 -0.11315
-0.05352 -0.00714 0.09372
-0.35708 0.04418 -0.03636
-0.33988 0.04312 -0.00436
-0.37305 0.04535 0.00017
0.13363 0.07033 -0.06067
-0.35066 -0.03199 0.12029
-0.36805 -0.03236 0.12113
-0.06633 -0.01854 -0.17379
-0.09596 0.09807 0.11948
-0.28128 -0.11233 0.10345
0.29592 -0.09239 -0.18163
-0.40025 -0.07745 0.12172
-0.39952 -0.04819 0.12512
-0.26104 0.11745 -0.07328
-0.26489 0.11607 -0.09177
-0.06154 -0.07752 0.17196
-0.40863 0.01732 -0.01390
-0.18923 -0.10246 0.17402
-0.30625 0.14258 -0.07180
-0.30549 0.09111 -0.13551
-0.31401 0.02562 0.16758
0.32203 -0.08258 0.15201
-0.22857 -0.12173 0.15651
-0.42873 -0.04274 -0.04343
0.14097 -0.03309 -0.17034
-0.32322 0.08463 0.12529
-0.31668 0.04081 -0.16131
-0.37470 -0.03311 -0.15706
0.29911 -0.11976 -0.07683
0.38226 0.01052 0.09779
0.28191 -0.02420 -0.14281
0.29306 -0.03013 -0.15777
0.10411 0.09266 -0.01375
-0.22020 -0.07794 0.16752
0.25999 -0.10824 -0.11031
0.37829 -0.10070 0.11724
0.38039 -0.09200 0.12116
0.40274 -0.01339 -0.14702
-0.05654 -0.05685 0.14210
0.23648 -0.05407 -0.17812
0.34932 -0.09024 -0.17437
0.11965 -0.00825 0.12427
0.38967 -0.00083 0.01093
0.06607 -0.06173 -0.00566
-0.42489 -0.03411 -0.13922
0.01624 -0.09062 -0.09331
0.18045 0.01714 0.16638
-0.41320 0.00437 0.01289
-0.04175 0.00836 0.12706
-0.28565 -0.06847 -0.17763
0.09302 -0.12386 0.09044
0.02698 -0.12305 0.08941
0.02941 -0.12308 0.09869
0.07055 -0.12358 0.09377
0.03444 -0.12314 0.11154
0.05875 -0.12344 0.07593
0.08070 -0.12371 0.10572
0.02100 -0.12298 0.10765
-0.39303 -0.10155 -0.10787
0.33467 -0.12421 0.05830
-0.21025 -0.12013 -0.07873
-0.15010 -0.12089 -0.07831
-0.05369 -0.12205 -0.05455
-0.20418 -0.12025 -0.09595
-0.12555 0.13564 -0.05297
-0.37666 -0.07286 0.10793
0.26179 -0.07237 0.18862
-0.42616 -0.04455 -0.11382
-0.42747 -0.04393 0.08480
0.07063 0.11498 -0.04452
-0.31647 -0.11458 -0.17613
-0.31810 0.08472 -0.12365
0.05274 -0.07998 -0.10114
0.00124 -0.03431 0.14646
0.41827 -0.04745 -0.07043
0.11497 -0.11087 -0.16103
0.27216 -0.11001 0.07415
-0.27618 0.12718 -0.08743
-0.36873 0.05680 0.12861
0.10463 0.08903 0.07649
0.07673 0.07155 -0.14127
0.31342 -0.08756 -0.14341
-0.28233 -0.05376 -0.17704
0.02111 0.13049 0.00700
0.13604 -0.04969 -0.14922
0.15906 -0.06407 -0.14217
0.03620 -0.09005 -0.16724
-0.00898 -0.00366 -0.17218
0.40442 -0.02449 -0.13338
-0.11092 -0.04193 -0.17981
-0.31656 0.06848 0.12498
-0.33150 0.06883 0.12190
0.05324 -0.06500 -0.02517
-0.06283 -0.03575 -0.12000
-0.29781 -0.01995 0.13439
-0.01727 -0.07729 0.13818
-0.29347 -0.08763 0.16017
0.22891 -0.02547 0.10680
0.22280 -0.02946 0.13041
-0.40705 -0.00647 -0.15450
-0.14697 -0.07710 0.05819
-0.15014 -0.06045 0.05930
-0.14926 -0.06506 0.05462
-0.14930 -0.06489 0.08762
-0.15312 -0.04476 0.00600
0.06412 0.00139 -0.17004
0.31009 0.02807 -0.00994
-0.42670 -0.03988 -0.10655
0.25773 -0.08346 0.18519
-0.22722 -0.08853 0.13944
-0.42634 -0.06372 -0.02231
0.28857 -0.02849 0.12157
0.28453 -0.02607 0.14273
-0.18402 0.12304 0.12025
-0.24380 -0.07645 -0.16026
0.25187 -0.07210 0.10602
0.24249 -0.07135 0.10602
0.30142 -0.06575 0.10605
-0.13492 0.03463 -0.16023
-0.08381 0.04718 -0.11430
-0.02734 -0.05891 -0.10647
0.36616 -0.11803 0.15958
-0.27526 0.08214 0.14314
-0.26976 -0.09529 0.09407
-0.22492 -0.11746 0.05367
-0.20005 -0.10965 0.17499
-0.08641 0.03990 0.06209
-0.38042 0.05212 -0.09158
0.21389 -0.12204 -0.10404
0.03202 0.02794 -0.15810
0.28231 -0.07824 0.16751
-0.30558 -0.14669 0.18516
0.34633 0.00651 0.10412
-0.29591 -0.15121 0.18346
-0.38783 -0.07884 0.05759
0.07707 -0.07466 0.07440
0.18472 -0.08055 -0.11729
0.39406 -0.03531 -0.16281
0.37022 -0.07325 -0.17420
-0.06688 0.07879 -0.11174
0.05350 0.12405 0.06815
0.40504 -0.02017 0.12305
0.26617 0.02813 -0.12422
-0.28863 -0.02328 0.17017
-0.34326 -0.04804 -0.17025
0.36864 0.01341 -0.07623
-0.12171 -0.04149 -0.14730
-0.07159 0.13331 0.07456
-0.27760 -0.01876 0.18775
-0.41366 -0.04855 0.02309
0.22302 0.01196 -0.16765
0.22298 -0.03500 -0.10499
-0.24394 -0.07565 0.15407
0.06943 -0.10370 0.15918
0.04392 -0.08262 -0.08961
-0.39401 -0.08242 0.14756
-0.27527 -0.08856 -0.17687
-0.24948 -0.11193 0.15951
-0.37579 -0.08082 0.05460
-0.09387 -0.07341 0.17579
0.16026 -0.11295 -0.15939
-0.37938 0.05530 0.02678
0.30493 -0.13522 0.14464
-0.09543 0.12092 -0.05409
-0.37617 0.06306 0.02607
0.29884 -0.12901 -0.14362
0.21825 -0.07740 0.14168
-0.36725 0.04318 -0.09334
-0.33767 0.03461 -0.09997
-0.35395 0.03921 -0.07615
-0.35703 0.04000 -0.05748
-0.38116 0.05322 -0.02803
-0.22133 0.05770 -0.04929
0.34543 -0.12268 -0.05762
0.20129 -0.11585 -0.04380
0.08341 0.10232 -0.09020
-0.27325 -0.01956 -0.12077
-0.06524 0.13448 -0.05018
0.29250 -0.06770 0.14764
-0.24771 -0.12143 0.06484
0.12609 0.07740 0.02161
0.08482 0.01107 0.08042
-0.12924 -0.10390 0.17729
-0.05077 -0.01406 0.08566
-0.14925 0.03218 0.16131
0.28319 -0.12652 -0.08271
0.37881 -0.10023 -0.10803
0.37503 -0.11622 -0.09830
-0.38724 0.03968 0.00729
0.26496 -0.06449 0.08541
0.01846 -0.12229 -0.05635
0.40218 0.00067 -0.12080
0.14240 -0.04030 0.10168
-0.38717 0.03451 0.12302
-0.26827 0.03905 -0.03006
-0.31922 0.02726 -0.06448
-0.32154 0.01671 -0.08220
-0.32694 -0.00432 -0.09146
-0.31979 0.02458 -0.06968
0.23474 -0.09629 0.18428
0.05365 0.00616 0.05314
-0.27775 -0.08134 0.16279
0.16127 0.03030 0.11339
0.08770 -0.00720 0.17077
0.08260 -0.01881 0.14258
-0.38437 0.01232 0.14696
-0.29699 -0.09338 -0.16608
0.34923 -0.11408 -0.11564
-0.22754 0.13504 -0.00679
-0.25274 0.13304 -0.02454
0.42886 -0.04976 0.01266
-0.36809 -0.10673 0.12678
-0.28326 -0.09904 0.16574
-0.39193 -0.01384 0.16962
-0.08542 0.08052 -0.14083
-0.28336 -0.12726 -0.17625
0.25454 0.03447 -0.02838
0.04319 -0.12804 -0.05396
0.37453 0.00301 -0.01098
0.07375 0.00761 0.07983
0.15016 -0.04473 -0.03476
0.12886 -0.02971 -0.03441
0.15060 -0.04573 -0.08307
0.17360 -0.06161 -0.05975
0.13912 -0.03738 -0.06520
-0.17281 0.13034 -0.01107
-0.15671 0.13018 -0.05524
-0.12502 0.12919 -0.04363
-0.16755 0.13018 -0.00888
-0.03460 0.12838 0.11420
0.23978 -0.12371 0.09857
0.26502 -0.06744 0.09228
-0.37992 0.02674 -0.13838
-0.40404 0.03013 -0.16139
-0.09747 0.13212 0.09703
-0.29147 0.04395 0.00640
-0.04363 0.03080 -0.15365
-0.39320 0.02350 -0.14367
0.28766 -0.07753 0.10603
0.19609 -0.09719 0.10600
0.21141 -0.08692 0.10600
0.07977 0.04239 0.05750
0.40109 -0.07234 -0.16158
0.26809 0.03176 0.06416
-0.37092 -0.10029 0.05019
0.34332 -0.04384 0.15224
0.33036 -0.04248 0.12001
0.31392 -0.04333 0.16150
0.28483 -0.14848 -0.16657
0.04795 -0.09878 0.16415
-0.31290 -0.11123 -0.05643
-0.28098 0.01637 -0.17225
-0.15662 0.13708 -0.03280
-0.20039 -0.11408 -0.00220
0.31687 -0.09057 -0.18972
0.23014 -0.12323 0.07272
-0.06499 0.06940 0.14903
0.37406 0.01426 -0.01725
-0.39877 0.00563 0.06843
-0.40415 -0.00880 0.07310
0.11528 0.07364 -0.12408
-0.34365 0.07873 0.13500
-0.02662 -0.03342 0.02884
0.26943 -0.15312 -0.17947
-0.25128 0.08490 -0.13026
-0.30850 0.08914 -0.11292
-0.27968 0.00178 0.17454
0.12409 0.06370 -0.14089
-0.31650 -0.03159 0.17119
0.18117 -0.12308 0.14182
0.41193 -0.10627 -0.06765
-0.36041 -0.10368 -0.15661
-0.39445 0.03550 -0.13227
-0.30971 -0.06674 -0.09910
-0.26049 -0.05611 -0.09936
0.07851 -0.08815 -0.02619
-0.06237 -0.01377 0.03756
0.25737 -0.15397 -0.14603
-0.16278 -0.01281 0.14030
-0.04708 -0.09446 0.10835
0.10644 0.09002 0.05250
-0.14722 -0.07588 -0.09554
-0.15116 -0.05510 -0.11623
-0.15024 -0.05994 -0.10457
-0.14880 -0.06750 -0.09295
0.17320 0.04631 -0.02338
-0.39129 0.00661 0.14141
-0.16966 0.12926 -0.06886
-0.17844 0.12453 -0.10884
-0.08553 0.04710 -0.06072
0.36092 0.01710 -0.03169
0.26450 -0.10920 0.18538
-0.31565 -0.11058 0.10212
-0.33834 -0.03742 -0.00490
-0.37656 -0.04224 -0.06828
-0.39472 -0.04440 -0.05565
-0.38026 -0.04248 -0.00094
-0.37083 -0.04142 -0.02821
0.20834 0.02220 0.15485
-0.42094 -0.07031 -0.00612
0.35479 -0.12384 -0.13600
-0.34814 -0.10159 -0.18109
0.16406 0.05189 -0.00305
-0.39427 0.02344 -0.11205
-0.29089 -0.14760 -0.18450
-0.36172 0.06206 0.12328
0.25427 -0.07041 0.18536
0.39444 -0.04530 -0.00712
0.26559 -0.07495 -0.16198
-0.05376 -0.06011 0.13178
-0.41260 -0.04220 -0.03525
-0.41110 -0.04898 -0.01391
0.20569 -0.01367 0.18929
-0.11353 -0.08479 0.17554
-0.16363 0.13722 0.00494
-0.30525 -0.14995 0.17618
0.28494 -0.10078 0.18295
-0.14820 0.12432 -0.10995
0.04549 -0.11251 0.16391
-0.21331 0.06119 0.06072
0.32176 -0.06165 0.14663
0.31662 -0.05122 0.15493
0.08485 -0.07895 0.16880
-0.41535 -0.03440 -0.00776
0.40578 -0.04545 -0.03446
0.09720 -0.08961 0.08181
-0.08622 0.11466 0.12518
-0.12562 -0.09948 -0.16407
-0.28744 0.13652 0.00716
0.16513 -0.05638 0.09915
0.14889 -0.04471 0.07526
0.16032 -0.05257 0.06505
0.15591 -0.04935 0.05486
0.11476 0.08117 -0.08553
-0.28799 -0.09210 -0.08899
-0.27160 -0.09714 -0.18389
-0.08793 0.10509 0.12773
0.24842 -0.04883 -0.16598
0.18305 -0.04595 0.10916
0.34561 0.01733 -0.07682
0.01119 -0.10362 0.02656
-0.01059 0.12806 0.10513
-0.21654 -0.06531 -0.13069
0.41011 -0.11604 0.01267
0.40131 -0.08831 0.00484
0.24936 -0.15556 0.17745
0.24286 -0.07213 0.16419
-0.15693 -0.03531 0.18381
-0.35728 -0.08429 0.13516
0.21818 -0.06618 -0.18933
-0.06871 -0.12738 -0.04565
0.38650 -0.04400 -0.13859
0.05748 -0.11500 -0.16386
0.11610 0.04266 0.15299
0.42593 -0.06888 -0.08010
0.42578 -0.08313 -0.01105
0.35300 -0.04454 -0.17619
-0.30174 -0.07597 -0.18216
-0.16770 -0.03513 0.07681
-0.16557 -0.03513 0.00433
-0.16963 -0.03512 0.02326
-0.19727 -0.03502 0.02560
-0.18958 -0.03505 0.02297
0.18810 -0.11935 -0.01555
-0.31103 -0.12114 0.16841
-0.08526 0.07989 -0.09703
-0.27752 -0.07027 0.10682
0.12284 0.04698 -0.15220
0.41192 -0.04640 0.08640
0.20478 -0.12791 0.18528
0.28628 0.01446 0.04609
0.29396 0.01323 0.08155
0.27550 0.01588 0.02808
-0.30335 -0.11001 -0.17637
-0.00612 -0.03873 -0.17305
0.28961 -0.08091 0.18348
0.06408 -0.04405 0.14218
-0.08591 -0.04437 -0.13131
-0.06291 0.09920 -0.13441
0.41865 -0.06967 0.00627
0.31246 -0.12447 -0.14489
0.09397 -0.12547 -0.04887
0.24219 -0.01658 -0.19428
-0.25271 -0.10556 -0.18004
-0.36503 0.04678 -0.15595
-0.24834 -0.11668 -0.08330
-0.01990 -0.03953 0.12623
-0.08505 0.03348 0.06238
-0.04329 -0.11830 0.16990
-0.32991 -0.09072 -0.09493
-0.40807 -0.01522 0.01335
-0.41375 -0.03132 0.04261
-0.29009 -0.11602 0.17841
0.39787 -0.04617 0.11220
0.13770 -0.07139 -0.02864
-0.29477 -0.08306 -0.17453
0.16569 0.04428 0.11428
0.11337 -0.08957 0.16569
-0.29134 -0.11594 -0.17822
0.23580 -0.06954 -0.18218
-0.33396 -0.03456 -0.17223
-0.05162 -0.01845 -0.13610
-0.37445 -0.10930 -0.10494
-0.00256 0.02930 0.15382
-0.10797 0.03298 0.15915
0.21727 -0.10519 -0.10515
-0.16665 -0.06241 -0.18543
0.40094 -0.05673 0.15953
-0.24899 -0.02799 0.15386
0.33512 -0.09964 -0.14123
0.18641 0.04449 0.09935
0.41887 -0.08160 0.12946
-0.41736 0.03604 0.01499
-0.05074 -0.07585 0.05670
-0.03779 0.12455 0.08143
-0.01275 0.12150 0.10644
-0.03117 -0.05002 -0.06386
0.04638 -0.08186 -0.05936
-0.40551 0.01424 0.15395
0.01760 -0.02289 0.17240
-0.40326 0.04266 0.13045
0.31701 -0.04407 -0.18433
0.34816 -0.04328 -0.14379
0.37318 -0.04375 -0.14713
-0.27769 -0.08015 0.17528
0.23945 -0.12685 -0.15020
0.40357 -0.08872 0.12126
0.41726 -0.07829 -0.02898
0.41483 -0.04675 0.06424
0.07323 0.11400 0.01566
-0.03615 -0.04272 -0.07824
-0.35842 0.02662 0.16466
-0.38181 -0.07945 -0.06548
0.34090 0.02046 -0.07993
-0.38446 -0.07010 -0.13124
-0.34181 -0.11075 -0.00894
-0.01720 -0.06476 -0.14932
0.30927 -0.12188 0.10356
0.08925 -0.10772 0.16196
0.19554 0.03238 0.03757
0.11382 0.03871 -0.15376
0.05954 0.09280 -0.13200
-0.27763 -0.11835 -0.18117
0.06072 -0.07762 0.04650
-0.39804 0.00776 -0.09135
-0.10060 0.03043 -0.16038
-0.13205 -0.05584 0.18239
-0.02101 -0.08189 0.11912
-0.33385 0.08304 -0.06117
0.23546 -0.08774 0.16309
0.37562 -0.04479 0.16548
-0.06902 -0.08207 0.01001
-0.26476 -0.02173 -0.12632
-0.27381 -0.07810 0.18511
0.17746 0.03508 -0.10095
-0.20233 0.04261 -0.15997
-0.40002 -0.03739 -0.08473
0.26770 -0.10540 -0.18871
0.28288 -0.12335 0.09021
-0.29089 0.11916 -0.11165
0.11923 -0.12602 0.00207
-0.22686 -0.04593 0.13797
-0.25706 -0.14730 0.16023
-0.29307 -0.12978 -0.14871
-0.26141 -0.01716 0.18984
-0.16252 -0.07753 -0.18240
-0.39847 -0.08884 -0.03153
0.30731 0.02799 0.02807
-0.04563 -0.06795 0.17317
-0.07255 0.09630 0.13678
-0.34934 -0.08549 -0.14754
-0.28741 -0.10361 -0.16303
-0.35453 0.07089 0.02028
0.26472 -0.15361 -0.15854
-0.21567 -0.08544 0.09577
-0.18249 0.03546 0.15534
0.15947 -0.00074 0.16815
-0.04752 -0.00485 0.11319
-0.36617 -0.06135 -0.17794
-0.37645 0.05060 0.13673
0.25487 0.03400 -0.05012
-0.08702 0.09351 0.11852
-0.05825 0.03187 -0.14131
-0.39585 -0.01670 0.16621
0.27851 -0.12230 0.09449
0.24613 -0.10933 0.16309
0.29075 -0.11643 -0.15227
-0.21340 -0.08200 0.15949
0.25765 0.03088 0.10406
-0.40124 0.04669 -0.02346
0.41990 -0.08997 0.02395
0.24409 -0.02662 -0.17812
0.00589 0.13054 -0.04410
0.25132 -0.08266 0.18219
0.32950 0.00674 -0.15998
-0.21977 -0.09602 -0.16201
0.26336 0.03322 0.03376
-0.08796 0.06234 -0.07418
0.14353 -0.06321 -0.17028
0.40136 -0.09459 -0.07141
0.39029 -0.05531 -0.01518
0.38944 -0.05971 -0.07685
0.38901 -0.06044 -0.09466
0.15991 -0.10013 0.16201
0.32249 -0.09745 -0.15217
-0.08803 0.04512 -0.07976
0.19025 -0.06306 -0.15360
-0.25726 -0.04875 -0.13671
-0.38473 0.04594 -0.01925
-0.38625 0.04152 -0.03520
-0.39470 0.01731 0.09284
0.26633 -0.10014 -0.11203
-0.06673 -0.02713 -0.08855
-0.34575 -0.11021 0.15762
-0.27620 0.13498 0.09141
0.35005 -0.12215 -0.03962
-0.30615 -0.03433 0.09571
-0.28606 -0.05825 0.09545
-0.24518 -0.04142 0.09571
0.13043 -0.00650 0.14389
-0.05529 -0.07471 -0.10496
0.03753 -0.07671 0.14564
-0.11570 -0.03474 -0.17833
0.24954 -0.11982 -0.10827
0.11873 0.06827 0.13466
-0.36422 -0.08108 0.15342
-0.32978 -0.04168 0.14935
-0.40535 -0.07443 0.06864
0.22385 -0.14380 -0.15020
-0.40006 -0.03883 0.06985
-0.41275 -0.08047 -0.06727
0.38158 -0.10751 0.00919
0.38764 -0.08037 0.03247
0.38586 -0.07948 0.07537
0.38411 -0.09669 0.01608
0.18367 -0.07255 0.18374
0.06353 -0.01976 -0.17167
-0.40122 -0.03686 -0.04739
-0.41252 -0.03108 -0.12196
-0.38437 -0.00718 -0.11769
-0.37823 -0.00825 -0.11704
-0.37528 -0.01362 -0.11666
0.07746 -0.01507 0.14406
0.39788 0.00509 -0.04454
-0.28604 -0.11088 -0.10044
0.25006 -0.02779 0.16840
-0.21327 0.12441 0.07312
-0.22399 0.12214 0.09441
0.24469 -0.07841 0.16198
-0.01819 -0.04212 0.02581
0.16121 0.04975 0.07646
-0.04990 -0.07057 0.00308
-0.39726 0.04860 0.06261
-0.20725 0.13596 0.01240
0.23929 -0.12426 0.10980
0.31927 -0.11220 0.18594
-0.33142 0.07977 -0.12210
0.41681 -0.08860 -0.09075
-0.01534 0.11245 -0.12317
0.18134 -0.11832 0.14555
-0.09581 0.09105 -0.13653
-0.27598 0.13533 -0.06807
-0.04130 0.00679 -0.15085
-0.01193 -0.01035 -0.15150
0.02215 -0.01829 -0.15220
-0.06414 -0.01654 -0.15049
-0.02661 -0.00278 -0.15118
-0.07328 0.01314 -0.15019
-0.09969 -0.02955 -0.14985
-0.08223 -0.01953 -0.15015
0.03790 -0.01672 -0.15251
0.21295 0.02137 -0.10065
-0.24864 -0.12399 0.18569
-0.12963 0.13746 0.00050
-0.07696 0.13326 0.07853
0.39227 -0.00539 -0.15754
-0.40614 -0.09091 0.00990
-0.03894 -0.03513 -0.13858
0.26097 -0.07275 -0.10228
-0.03236 0.03894 0.15729
-0.12185 0.12631 0.09004
-0.40535 -0.06578 -0.04930
0.36869 -0.01965 -0.17009
-0.05361 -0.10967 0.02196
-0.38515 0.05220 -0.00583
-0.36565 0.04487 -0.07759
-0.31820 0.04081 -0.12377
0.19518 -0.05593 0.13306
0.18998 -0.06597 0.16524
-0.39142 0.04977 -0.05627
-0.30644 -0.08592 -0.18046
-0.31448 -0.11114 0.01338
0.39821 -0.02289 0.11275
-0.26335 0.13210 0.00953
-0.21126 0.13338 -0.06865
-0.35628 -0.10017 0.12117
-0.21421 0.03406 0.16133
-0.26415 -0.06770 0.18394
-0.35934 -0.10117 -0.00022
-0.35465 -0.10154 -0.02666
-0.28502 -0.11123 -0.01549
-0.37807 -0.09060 -0.10095
-0.40783 -0.05256 -0.11218
0.29470 0.02811 -0.08149
-0.29093 0.12194 0.11329
-0.24820 0.13367 -0.01082
0.20235 0.02894 0.05014
-0.05500 0.02899 -0.16058
0.25741 -0.09807 0.18313
0.38995 -0.02783 -0.12804
0.04049 0.11860 0.00154
-0.19771 -0.10404 -0.18071
0.12587 0.02247 -0.02923
-0.38630 0.04703 0.15477
0.24652 -0.05990 0.18199
0.04430 -0.00764 -0.17170
-0.36826 0.03704 0.16068
0.38858 -0.05516 0.11921
-0.19767 0.03584 -0.15784
-0.26661 0.12146 -0.11538
-0.15751 0.11272 -0.12312
-0.38865 -0.09675 0.13125
0.28246 -0.14750 -0.18787
-0.02399 0.13087 0.08225
0.06833 -0.07478 -0.01864
0.11425 -0.08275 -0.02496
0.33540 0.00805 -0.15501
-0.09439 -0.09954 -0.16676
0.15965 -0.05892 0.02394
0.16415 -0.06486 0.02320
-0.18884 0.07177 0.14531
0.18381 0.02558 -0.14768
-0.05382 0.02595 0.04928
0.18735 -0.03422 -0.18591
0.16113 0.05103 -0.06333
0.05224 -0.08013 0.05770
0.28520 -0.06691 0.18166
0.38149 -0.07661 0.13569
-0.30158 -0.02105 -0.17804
0.33368 0.02347 -0.02592
-0.29181 0.10985 0.02989
0.20004 -0.11690 0.04758
0.21106 -0.06250 -0.18965
0.05736 0.02224 0.16657
-0.01635 -0.00536 -0.17255
0.02641 -0.08760 0.14483
-0.19537 -0.05957 0.18782
-0.08828 0.11146 0.07273
-0.29706 -0.12022 0.02990
-0.31651 -0.14494 0.17159
0.16014 -0.07346 -0.16781
-0.28925 0.10827 -0.11660
0.37247 -0.04457 -0.15999
0.35863 -0.04415 -0.15585
-0.22786 0.07152 0.14450
-0.23390 -0.10743 0.07680
-0.21888 -0.11808 0.07331
-0.11419 0.08319 -0.14046
-0.27191 0.09744 0.13391
-0.18533 -0.04107 0.18690
0.28211 -0.11623 0.18602
0.18654 -0.07403 0.17090
-0.33373 -0.09910 0.18568
0.24897 -0.02588 -0.16324
-0.09180 -0.01239 0.17593
-0.32808 -0.13666 -0.17788
-0.22082 -0.03152 -0.18954
0.26224 -0.12304 -0.18212
-0.21084 -0.10760 0.15329
-0.03489 -0.04532 -0.09175
0.12799 0.06784 0.11114
0.32820 0.00965 0.15322
0.04747 0.01271 -0.15111
0.05333 0.00877 -0.15155
-0.26968 -0.10229 0.09885
-0.02428 0.13209 0.06016
-0.21817 -0.04680 -0.17885
-0.33166 -0.00564 -0.18529
0.09344 -0.09691 -0.08731
0.33955 -0.04378 -0.18102
-0.06992 0.01456 0.13071
-0.27085 0.13408 -0.10511
-0.41062 -0.09392 -0.12120
0.13088 0.06271 -0.12214
0.26137 -0.13342 0.15404
0.16354 -0.05045 -0.17208
0.36969 0.01346 -0.06108
-0.23582 -0.13154 0.15877
-0.42647 -0.03908 0.11332
0.40964 -0.10681 -0.13243
0.29651 -0.07207 -0.15594
-0.37984 0.00330 0.16315
-0.38298 0.01139 -0.13141
-0.15045 -0.05884 -0.01110
-0.15072 -0.05739 -0.09682
-0.15170 -0.05228 -0.01572
-0.15195 -0.05096 -0.00488
-0.14696 -0.07727 -0.03856
-0.31570 0.04649 0.15873
0.36506 0.01350 0.05971
0.35869 -0.02389 0.17526
-0.26657 0.12003 0.07409
-0.23463 -0.11136 0.18585
0.37565 0.01285 -0.06413
-0.06942 -0.01967 -0.06906
-0.03532 0.12959 -0.10489
-0.12931 -0.10263 0.01899
-0.01064 -0.10408 0.06642
0.09048 -0.10532 0.09347
-0.05887 -0.10350 0.03412
-0.08394 -0.10318 0.03907
0.08390 -0.10527 0.05099
-0.02871 -0.10388 0.02761
-0.04033 -0.10372 0.05555
-0.10257 -0.10296 0.02474
0.16397 -0.10625 0.08732
0.07187 -0.10510 0.07503
-0.09381 -0.10307 0.02073
0.10692 -0.10552 0.10318
0.07379 -0.10511 0.09556
0.11165 -0.10559 0.08575
0.13923 -0.10592 0.11340
0.14329 -0.10599 0.08965
0.11779 -0.10569 0.05772
0.12467 -0.10575 0.08986
0.15687 -0.10619 0.04792
-0.05446 -0.04586 -0.03529
0.36572 -0.10838 -0.16441
0.28098 -0.09195 0.16198
0.34515 -0.12291 -0.01701
0.27372 -0.10234 -0.18710
-0.32338 0.05831 0.15283
0.28043 -0.15216 0.17357
0.39844 -0.04513 0.09346
-0.41109 0.00850 -0.06312
-0.37535 0.01391 0.13139
-0.38304 0.04428 0.12661
-0.37556 0.04561 -0.03641
-0.10602 0.13214 -0.09583
-0.38057 0.04790 -0.06861
0.25831 -0.02717 0.15638
-0.07456 0.06002 0.04974
0.32187 -0.12565 -0.08188
0.24377 -0.10321 0.07090
-0.23574 -0.10435 -0.09111
-0.08285 0.08389 -0.07053
0.39977 -0.04518 0.07380
0.02654 0.12499 0.10554
-0.23820 0.13264 0.06209
0.24646 -0.09396 0.18567
-0.42234 -0.04348 0.16678
-0.26124 -0.10411 -0.17784
-0.18313 -0.11391 0.17843
0.02185 0.13031 -0.01170
0.23881 -0.09463 -0.16309
0.32783 -0.07242 -0.13946
-0.24315 -0.12124 -0.13740
-0.08836 -0.12165 -0.11180
-0.15518 -0.12084 -0.09238
-0.02788 -0.12238 -0.07336
-0.06458 -0.12194 -0.11363
-0.12775 -0.12117 -0.10764
-0.05244 -0.12208 -0.09108
-0.01982 -0.12248 -0.10053
-0.13131 -0.12113 -0.10185
-0.13823 0.03209 0.15127
-0.08091 0.03087 0.15060
-0.16710 0.00942 0.15075
-0.11953 0.01667 0.15049
-0.13707 0.01393 0.15059
0.05226 -0.08012 0.07237
-0.27825 -0.09248 0.10926
-0.23775 0.03855 0.15806
0.22076 0.03464 0.03923
-0.10742 0.10015 0.13135
0.00867 0.12958 0.06593
-0.33056 0.07013 0.14594
0.08857 -0.07384 0.07871
-0.12984 -0.12150 -0.05256
0.17578 -0.11885 -0.06378
-0.11390 0.00966 -0.17305
-0.34020 -0.06611 0.18595
0.40410 -0.00571 0.12483
-0.09525 -0.11589 -0.00609
0.17688 -0.06953 0.11627
0.17403 -0.09054 0.10551
0.39528 -0.09616 -0.16160
-0.35643 -0.10161 0.00881
-0.35657 -0.10168 0.03310
-0.35512 -0.10191 0.04002
-0.32293 -0.10619 0.00197
0.39360 -0.01600 0.13839
0.18058 -0.12468 -0.11914
-0.12451 -0.12533 -0.06115
0.14987 0.01884 -0.04268
0.14324 0.00709 -0.05438
-0.01155 -0.09182 -0.07939
0.16114 0.02981 0.13629
0.28483 -0.12953 0.03869
0.20935 -0.05826 -0.10498
0.26216 -0.02842 -0.10499
0.22130 -0.10877 -0.15274
-0.32704 -0.09259 -0.13598
0.17400 -0.06819 0.17876
-0.17269 0.07352 -0.14467
0.40856 -0.04530 0.01551
-0.03235 -0.06069 -0.17395
0.12294 0.00253 -0.16916
0.10841 -0.10612 0.16484
-0.22786 -0.03233 -0.17614
0.26457 -0.06488 -0.16198
-0.40696 -0.02717 -0.12207
-0.00548 0.12043 -0.12385
0.33377 -0.04937 -0.11079
-0.32262 0.09060 -0.01940
0.21625 -0.09134 0.14237
-0.27095 0.01804 0.11151
-0.28145 0.03328 0.13768
-0.26360 0.00738 0.08169
-0.26971 0.01628 0.03202
-0.25560 -0.00424 0.05820
-0.27993 0.03113 0.02823
-0.27020 0.01698 0.04652
-0.30035 0.10322 0.12209
-0.36569 -0.03438 -0.17016
-0.34025 -0.03584 -0.14328
0.33190 -0.08638 -0.11128
-0.32304 -0.10532 -0.16986
-0.32218 -0.02072 -0.00926
-0.32277 -0.02431 -0.01396
-0.32264 -0.03031 -0.01242
0.26247 0.01413 0.13663
0.28960 -0.02226 -0.19215
-0.06814 0.01440 0.16582
-0.28905 -0.08261 0.16574
-0.29945 -0.09600 0.10927
0.40336 0.00261 0.08970
0.17657 -0.07348 -0.11003
0.17227 -0.09895 -0.12708
-0.09086 -0.03747 0.14102
-0.23564 0.10828 -0.11537
-0.23795 0.10035 -0.12111
-0.28783 0.11109 0.07734
-0.04634 0.13200 -0.08403
-0.06798 0.02114 0.16462
0.11952 -0.00934 -0.04986
0.11494 -0.00971 -0.05380
-0.33496 0.08296 -0.02270
-0.28099 0.02557 0.16225
-0.23075 -0.04173 -0.15504
0.11074 -0.01349 0.05299
-0.27558 -0.09047 0.15959
-0.41237 -0.03284 -0.15791
0.05156 0.12253 0.09028
-0.04944 0.12317 -0.09383
-0.01141 0.12130 -0.10801
-0.08631 0.11347 0.11525
0.28974 -0.12386 -0.14224
0.40773 -0.11094 0.04418
-0.07873 0.03063 -0.04796
0.36956 -0.11937 0.09482
0.25740 -0.07335 -0.09269
0.15082 0.02476 0.14144
0.37724 0.00121 -0.06780
0.38311 0.00035 -0.04405
0.39382 -0.00231 -0.05071
0.23127 -0.06099 -0.18869
-0.31744 -0.11211 -0.10808
-0.09896 0.11119 -0.12469
0.01914 0.13069 -0.00673
0.22143 -0.12509 -0.04398
0.29749 -0.10920 0.14178
0.27881 -0.09987 -0.16198
0.10001 -0.02234 -0.00066
0.25279 -0.08445 -0.18217
0.27319 -0.08077 -0.16996
0.15522 -0.08819 0.16507
-0.30541 -0.09386 -0.10315
-0.14561 0.02485 0.16961
0.10730 0.02495 -0.15686
0.25477 -0.04528 0.14225
0.14815 -0.10611 -0.04249
0.06634 -0.10511 -0.07176
0.07806 -0.10525 -0.08944
0.14365 -0.10605 -0.09944
0.02661 -0.10462 -0.05483
0.02609 -0.10461 -0.06730
0.12849 -0.10587 -0.03167
0.14525 -0.10607 -0.06198
0.07238 -0.10518 -0.04448
-0.08220 -0.10330 -0.02472
0.05689 -0.10499 -0.04591
0.14442 -0.10606 -0.07859
0.13975 -0.10601 -0.05506
0.06228 -0.10506 -0.02735
0.10210 -0.10554 -0.08435
0.04997 -0.10491 -0.03583
0.13418 -0.10593 -0.11479
-0.05301 -0.10365 -0.02957
0.10824 0.00109 0.06633
-0.02659 -0.05780 -0.17424
-0.27601 0.12986 -0.02815
0.38853 -0.04599 -0.14817
-0.37912 -0.07975 -0.17154
0.00263 -0.12312 -0.14812
-0.31996 0.04177 0.01253
-0.34775 0.04364 0.00885
0.07399 -0.02212 -0.13968
-0.34519 -0.06481 -0.18081
-0.32130 -0.02810 0.00130
-0.32187 -0.01283 0.00720
-0.32352 -0.00201 0.02193
-0.25329 0.03314 -0.16553
0.13875 -0.03729 -0.08193
0.11450 -0.01967 -0.07511
0.11596 -0.02072 -0.08586
0.15395 -0.04833 -0.10982
0.12451 -0.02692 -0.11287
0.11738 -0.02172 -0.14690
0.26658 -0.11384 0.16198
0.29309 -0.03514 -0.17924
0.05432 -0.11943 0.03074
0.14258 -0.12312 0.03867
0.00037 -0.11718 0.01076
0.10895 -0.12172 0.02697
0.03700 -0.11871 0.02302
0.05717 -0.11955 0.03748
0.14884 -0.12338 0.01881
0.14458 -0.12320 0.04644
0.11624 -0.12202 0.05122
0.14300 -0.12314 0.02050
0.09999 -0.12134 0.03854
0.09119 -0.04500 -0.14261
0.31686 -0.12817 0.02474
0.32758 -0.11373 0.10605
0.22991 -0.12250 0.17907
0.17377 -0.08969 0.17528
-0.41485 -0.03251 0.01955
0.07612 0.09022 0.12390
0.19794 -0.12240 0.02363
0.06111 -0.02963 0.14487
-0.06292 -0.04598 -0.17594
-0.32974 -0.01583 0.10375
-0.32504 0.01907 0.11087
-0.04683 -0.10325 0.06551
-0.15716 0.12215 -0.12063
-0.28406 0.04164 0.05169
0.36732 -0.05945 0.17556
-0.04761 -0.06780 0.03246
-0.37655 0.03999 -0.15887
0.16885 0.04781 0.02968
-0.40626 -0.03281 0.10039
0.36163 0.01675 0.00453
0.20773 -0.04772 -0.10500
0.40620 -0.01338 0.10281
-0.31844 -0.02704 0.17345
0.01066 0.02386 0.16736
0.38235 -0.09478 0.06419
0.38298 -0.08974 0.07925
0.41022 -0.04646 0.12515
-0.42597 -0.04513 0.11948
-0.22440 0.13270 -0.07267
-0.40511 -0.02353 0.12548
0.25673 -0.12580 -0.09032
-0.14385 0.13400 0.07628
-0.11706 0.13067 0.11143
0.29093 -0.10482 0.18412
0.29401 -0.11334 0.16112
-0.42932 -0.03614 -0.02151
-0.19507 0.07549 -0.14370
0.10387 -0.01859 -0.02007
-0.29114 -0.06856 -0.15649
0.18939 -0.03905 0.18705
0.26598 -0.09427 0.11410
0.19737 -0.11030 -0.17032
-0.38260 0.04868 0.11166
-0.40570 -0.05950 0.06548
-0.40517 -0.06223 0.05263
0.07267 0.10604 -0.11267
-0.24075 0.12175 -0.01845
-0.25355 0.11924 -0.05358
-0.21566 0.12472 -0.05306
-0.27945 -0.00409 0.18196
-0.32429 0.08955 0.02141
0.38035 -0.12103 -0.14251
0.38053 0.00045 -0.08185
-0.26453 -0.07614 -0.15760
0.10239 -0.12838 -0.00331
0.02638 0.00769 -0.17000
-0.27059 -0.03401 -0.09953
0.36378 -0.12062 0.00403
-0.30094 -0.06543 -0.18037
-0.28291 0.02268 0.16961
-0.36073 -0.10315 -0.05670
-0.25497 -0.06288 -0.17634
0.36163 -0.05784 0.11844
0.32363 0.00614 0.16318
0.26313 -0.04415 -0.18928
-0.40454 -0.08113 0.04937
-0.41172 -0.04714 0.05277
0.05647 0.11833 0.00218
0.23347 -0.11933 0.09367
0.26327 -0.11969 0.07777
0.20770 -0.11901 0.07426
0.24558 -0.11948 0.05742
0.26322 -0.11969 0.09362
0.21411 -0.11910 0.02493
0.41651 -0.09790 -0.01597
-0.32222 -0.03515 -0.14957
-0.25814 -0.14784 -0.16060
0.06551 0.05624 -0.14806
0.01270 -0.04284 0.17499
0.32173 -0.10166 0.15982
0.11719 -0.03588 0.15140
0.07307 -0.03006 0.14985
0.11258 -0.05431 0.14874
0.02486 -0.00457 0.15066
0.10187 -0.06328 0.14700
0.05294 -0.01142 0.15124
0.02986 -0.00872 0.15038
0.02900 0.00039 0.15153
0.41931 -0.06399 -0.00273
0.19585 0.03102 0.06370
-0.07376 0.09260 -0.08575
-0.05520 0.04367 -0.13236
0.33717 -0.11483 0.14809
0.11718 0.08326 -0.03587
0.22546 -0.09426 -0.18378
-0.33664 0.08197 0.01049
-0.29367 0.12675 0.04512
0.14802 0.05601 -0.10174
0.36285 0.01483 -0.08925
-0.07541 0.06502 -0.13306
0.13338 -0.10583 0.14191
-0.13034 -0.10262 0.04223
0.00763 -0.10430 0.08562
0.02134 -0.10447 0.11414
-0.05751 -0.10351 0.12950
-0.13963 -0.10250 0.04304
-0.00445 -0.10415 0.11746
-0.05542 -0.10353 0.05916
-0.07650 -0.10328 0.13926
-0.04469 -0.10366 0.11940
-0.13574 -0.10255 0.10518
-0.02057 -0.10396 0.12370
0.03879 -0.10468 0.14484
-0.10587 -0.10292 0.08385
-0.00907 -0.10410 0.13501
-0.00077 -0.10420 0.08279
-0.08796 -0.10313 0.04348
-0.10429 -0.10294 0.12058
-0.09923 -0.10300 0.09608
-0.07881 -0.10325 0.10548
0.10436 -0.10548 0.13445
-0.06820 -0.10337 0.09868
-0.12924 -0.10263 0.11988
-0.34949 -0.08493 -0.17424
0.21670 -0.09798 0.17892
-0.26087 -0.08928 0.15905
-0.40334 0.02858 0.15090
-0.34908 0.07414 -0.14211
-0.05333 0.00740 -0.17035
-0.01253 -0.00362 0.17225
-0.27050 0.12150 -0.03206
0.01409 -0.09036 0.12144
-0.07257 -0.07191 0.14789
-0.13100 -0.06540 0.14859
-0.11471 -0.06984 0.14839
-0.02333 -0.10018 0.14722
-0.05933 -0.06672 0.14776
-0.04199 -0.06172 0.14758
-0.09935 -0.07328 0.14820
-0.14568 -0.07770 0.14871
-0.08985 -0.09694 0.14800
-0.07936 -0.08791 0.14791
0.12001 -0.10483 0.14555
-0.25183 -0.06134 0.15883
-0.01842 -0.08505 -0.03596
-0.19901 -0.02109 -0.18709
-0.24456 -0.11670 -0.04164
-0.25040 -0.11598 -0.02219
-0.24049 -0.11734 -0.02641
-0.23112 -0.11854 -0.04810
0.06380 -0.07764 -0.06750
0.37991 -0.05411 0.17210
-0.07282 -0.09074 -0.00546
-0.06303 0.01472 0.03239
0.11221 -0.12484 -0.16274
-0.07834 -0.09880 0.16635
0.22445 -0.11520 -0.04682
-0.08709 0.03640 -0.07547
-0.35010 -0.08674 -0.09908
0.20354 -0.12217 0.14447
0.38608 -0.04422 -0.12805
0.05323 -0.00022 0.07906
-0.06612 0.12744 0.11908
0.01165 0.11999 0.08368
0.00880 0.12055 0.07574
-0.00820 0.12245 0.07667
0.33687 0.02259 -0.03708
-0.19674 -0.10412 -0.06408
0.31857 -0.10170 -0.18922
-0.03821 -0.10859 0.16529
0.11769 0.05580 0.13784
0.40211 -0.04594 0.03888
-0.13654 0.13732 -0.02294
-0.24393 0.09337 0.13755
-0.37469 -0.03244 0.11548
-0.36769 -0.04505 0.11123
0.39488 -0.07835 0.09891
0.38677 -0.05153 0.07487
0.38785 -0.05869 0.11011
0.40329 -0.10192 0.08598
0.39244 -0.06668 0.05951
-0.39613 -0.02476 -0.16629
-0.27472 -0.10515 -0.07723
-0.26439 -0.11092 -0.06496
-0.24660 -0.11259 -0.06827
0.21680 -0.01008 0.18336
-0.23690 -0.06829 -0.09953
-0.27899 0.10449 -0.12895
0.26062 -0.12818 -0.10974
-0.28943 -0.06518 0.10452
-0.04966 0.13322 -0.06363
0.39121 -0.05767 -0.05119
0.38825 -0.06190 -0.10075
-0.11692 0.09316 0.13521
0.12799 0.03059 0.15645
-0.04197 -0.12220 0.06300
-0.03299 -0.12232 0.07609
-0.02497 -0.12242 0.11299
-0.03325 -0.12232 0.10992
-0.05916 -0.12200 0.10172
-0.01635 -0.12252 0.07720
-0.10572 -0.12142 0.05382
-0.19799 -0.12029 0.05324
-0.03785 -0.03469 -0.10869
-0.20962 0.06164 0.14847
0.41735 -0.06815 0.06682
-0.38865 -0.04387 -0.11616
0.23806 -0.05295 -0.18925
0.01127 0.05517 0.15058
-0.41429 -0.07665 0.10498
0.34884 0.00755 0.04354
0.33894 0.00846 0.05235
-0.31948 -0.04812 0.13890
-0.38809 -0.05346 -0.17466
0.13212 -0.12517 0.14499
0.14674 -0.12530 0.14016
0.16978 -0.12490 0.11513
-0.20870 0.13588 -0.01235
0.28773 -0.08334 -0.18810
-0.36546 -0.10169 -0.03624
-0.13357 0.00321 0.17454
-0.39124 0.00199 -0.13807
0.00550 -0.12320 0.15727
-0.23846 -0.03523 -0.16790
-0.35400 0.07005 -0.08341
-0.37200 0.06141 -0.14505
-0.30081 -0.06536 0.17800
-0.15940 -0.11927 0.03768
-0.20622 -0.11983 0.04589
-0.06410 -0.12092 0.04240
-0.05106 -0.12206 0.05006
-0.02293 -0.11750 0.01269
0.38332 -0.04761 0.13700
0.20499 -0.10055 0.10600
0.31406 -0.08518 0.10604
0.27153 -0.09504 0.10602
0.18171 -0.10225 -0.14578
0.41232 -0.01150 -0.08507
-0.08547 -0.06068 0.17659
0.19634 -0.10944 0.14846
0.24461 -0.02280 -0.15735
0.24479 -0.02271 -0.17022
-0.32038 -0.14255 -0.17441
-0.25029 0.01515 -0.17487
0.41713 -0.09558 0.02114
0.17606 0.05167 -0.04037
0.02335 -0.11739 -0.16856
-0.05966 0.02415 -0.06739
-0.35457 -0.09652 0.00160
0.08978 -0.08205 -0.03442
0.31475 0.02290 0.11815
0.01420 -0.12139 0.16626
-0.40093 -0.03326 0.09216
-0.28613 0.04249 -0.03822
0.32471 0.00945 -0.09520
0.06008 0.11968 0.05402
-0.05026 -0.03905 -0.03430
-0.24878 0.09021 0.12719
-0.38147 -0.09553 -0.10266
-0.39097 0.02017 -0.13254
-0.05335 0.01285 0.16942
0.11854 0.00289 0.08623
-0.29540 -0.11679 -0.08719
-0.03149 -0.09568 -0.16692
-0.04671 0.13114 0.09748
0.17919 0.03505 -0.02872
-0.10489 -0.04946 -0.17933
-0.28038 -0.11805 0.08492
-0.32216 -0.06910 -0.14584
-0.15393 0.12981 0.00765
-0.06892 0.12833 0.01225
-0.06625 0.12809 0.02149
-0.16201 0.13006 0.00213
-0.07003 0.07734 -0.13531
0.25077 -0.10329 0.08751
0.38401 -0.02965 -0.16704
0.15109 0.04415 0.13561
-0.28274 -0.09463 -0.10298
-0.33786 -0.05104 -0.16546
-0.04708 -0.09612 0.11836
0.09422 -0.01152 -0.15066
-0.35329 -0.10880 0.04573
-0.20180 0.13541 0.04011
-0.41159 -0.06785 0.02075
0.35434 0.01524 0.08443
0.22620 -0.14748 0.15137
-0.03131 -0.06191 0.17374
-0.32952 -0.04127 -0.17829
-0.28276 -0.09014 0.16884
0.08164 0.04726 -0.15105
-0.31236 -0.10891 -0.10839
-0.40911 -0.07969 0.02071
-0.07623 -0.00237 -0.06665
-0.11467 -0.11295 -0.17070
0.28298 -0.11544 -0.09914
-0.30064 0.14339 -0.10586
0.09691 -0.00684 -0.00786
-0.28082 -0.09721 -0.17687
-0.42651 -0.05240 -0.09170
0.11526 0.07788 -0.10818
0.35828 0.01710 0.07144
-0.07405 0.04014 -0.13490
0.10415 0.07068 0.14530
0.08943 0.01833 0.07029
-0.41683 0.02904 0.01404
-0.04943 -0.11101 -0.16603
0.29026 0.03032 0.02821
-0.04777 -0.01669 0.06687
-0.25432 -0.02512 0.10579
-0.09553 0.10531 0.11263
0.39916 -0.04620 -0.07866
-0.08414 0.04193 -0.06341
0.41445 -0.09550 0.09476
0.34497 -0.12009 -0.16326
-0.31852 -0.10661 0.02553
-0.40813 -0.03272 -0.02953
-0.06509 0.00801 0.13519
0.26891 -0.12967 0.18152
0.13057 0.00772 0.07172
-0.21905 0.07030 0.14538
-0.41256 -0.03906 -0.07993
0.08235 -0.07419 0.04880
-0.39265 -0.03367 0.14221
-0.37953 -0.03426 0.13095
-0.08142 -0.12171 0.14617
-0.10137 -0.12146 0.14033
-0.04734 -0.12214 0.12571
-0.14633 -0.12087 0.10603
-0.16968 -0.12058 0.11378
-0.11914 -0.12122 0.11195
0.39647 0.00605 -0.00893
0.05552 -0.07916 -0.04649
-0.41274 0.02602 -0.12838
-0.32983 -0.05596 -0.13779
-0.39893 -0.00112 -0.12896
0.30037 -0.09260 -0.16285
-0.39957 -0.03054 -0.14231
0.09731 -0.08829 0.11013
-0.38904 -0.09188 0.02024
-0.36857 -0.09838 0.00401
0.12773 0.02748 0.03420
-0.25327 -0.05286 -0.13661
-0.29861 -0.10511 0.10893
0.13527 -0.00703 -0.06412
0.25686 -0.11483 0.09635
0.24261 -0.12274 -0.04323
-0.39776 0.04906 0.01276
0.40254 -0.04518 -0.04685
0.14624 -0.08824 -0.16527
-0.39196 -0.03307 -0.12627
0.35681 0.00765 -0.14563
-0.16647 0.00312 -0.17557
-0.36458 -0.05579 0.18094
0.19403 -0.09915 0.17492
-0.26206 -0.05866 -0.17635
0.24796 -0.09965 -0.16945
-0.24464 -0.10275 0.14168
0.10240 -0.00739 0.01320
0.16011 -0.07985 0.14392
0.14411 -0.05562 0.14613
0.40449 -0.00525 0.13185
-0.32631 0.08801 -0.04796
-0.02798 -0.05340 0.11680
-0.37370 -0.09121 -0.12826
-0.31301 -0.11932 -0.16413
0.35627 -0.10758 -0.16686
-0.28993 -0.13018 0.13929
0.41931 -0.08869 0.03046
0.04774 -0.10214 -0.15884
-0.01950 -0.07273 -0.02210
0.14560 0.01692 -0.15047
0.06726 0.02135 -0.15043
-0.01402 0.02512 -0.15043
0.36818 0.01484 0.01297
0.21533 0.03129 -0.11345
0.40493 -0.02637 0.12394
-0.29736 0.10160 -0.11229
0.20345 0.02615 -0.14433
0.41703 -0.04837 -0.15316
-0.38076 0.05253 0.07292
-0.40683 -0.01375 0.04962
-0.04837 0.00665 0.04998
-0.31915 -0.06413 0.15279
0.05042 0.12642 -0.03613
0.14516 0.02395 0.15050
-0.25188 -0.07285 -0.17640
-0.21474 0.12497 0.04573
-0.22809 0.12329 0.03305
-0.24730 0.12054 0.03161
0.35648 -0.07772 0.11403
0.05091 0.02425 -0.16435
-0.04432 -0.06659 -0.13786
-0.11127 -0.10105 0.16310
-0.26598 0.13010 -0.02158
0.02032 0.11093 0.12172
-0.16451 -0.01490 -0.18403
-0.38970 0.04264 -0.14070
-0.30861 -0.10379 0.02393
0.39812 -0.04642 -0.03407
-0.41108 -0.01865 0.15780
-0.36363 0.04446 0.06953
-0.30189 0.03982 0.11009
-0.31170 0.04120 0.01387
-0.31714 0.04151 0.02463
-0.33632 0.04245 0.08091
0.21746 -0.12602 -0.03021
-0.31168 0.05401 0.15549
-0.07488 0.12313 0.11016
-0.34618 0.07411 0.11908
-0.28023 0.13492 0.10894
-0.41511 0.01868 -0.08110
0.32434 -0.06668 0.14019
-0.29994 -0.07584 -0.15382
0.25636 0.01813 0.01267
0.25008 0.01908 0.00357
0.23647 0.01981 0.04263
-0.26054 -0.12238 -0.01638
0.00177 0.03869 0.15678
-0.02325 -0.08651 -0.03299
-0.01755 -0.03082 -0.13184
-0.26182 0.02668 -0.16877
-0.08882 0.05615 0.08158
0.40969 -0.07606 0.16106
0.32305 0.01108 -0.00036
0.32186 0.01094 -0.01552
-0.38065 -0.03211 -0.11659
-0.19989 0.02676 -0.16968
-0.35971 -0.10521 0.10714
0.39696 0.00530 -0.07405
-0.19323 -0.01965 0.18691
0.13395 0.02455 0.06527
-0.31420 -0.10774 0.00117
-0.42820 -0.03660 0.07043
-0.37404 0.04511 0.08658
-0.35565 0.03975 0.08322
-0.34001 0.03533 0.10490
-0.35161 0.03841 0.05304
-0.36142 0.04157 0.10780
-0.20546 -0.03500 -0.08756
-0.21935 -0.03496 -0.08676
-0.18882 -0.03504 -0.08890
-0.18463 -0.03506 -0.11750
-0.18138 -0.03508 -0.13724
-0.40848 0.03805 -0.15536
-0.09362 0.11440 0.03020
0.24827 -0.08545 -0.17655
0.33654 0.00326 -0.16351
0.17163 -0.10612 0.11612
0.17613 -0.08799 0.04999
0.17348 -0.09635 0.09778
0.27923 -0.02342 -0.17600
-0.06679 -0.09067 0.16508
-0.03512 0.13436 -0.01136
0.27097 -0.06817 0.16309
-0.06050 0.02802 0.06875
-0.27825 0.13726 -0.02441
0.23371 0.01602 0.16307
0.03398 0.04790 -0.15249
-0.38408 -0.09650 -0.13316
0.04109 0.12773 0.03741
0.26935 -0.02101 -0.17471
0.40695 -0.04399 0.07009
-0.09872 -0.03467 -0.14336
-0.00931 0.03303 -0.15896
0.21719 -0.08345 0.17986
-0.36247 -0.08441 -0.10616
-0.19598 -0.00505 0.18415
-0.07382 0.09216 -0.07742
-0.30876 -0.05245 -0.09928
-0.29812 -0.05944 -0.09921
-0.28540 -0.04518 -0.09941
-0.09365 -0.05161 0.12612
-0.28093 -0.01990 0.12083
-0.29970 -0.10332 -0.18237
0.00660 0.12789 -0.09477
-0.24403 -0.10065 0.16711
-0.10204 0.12795 0.12136
-0.37352 -0.03406 -0.17276
-0.22857 -0.04397 0.18519
-0.19032 0.00131 -0.15051
-0.21029 -0.00528 -0.15020
-0.20521 -0.03472 -0.14881
0.42550 -0.04881 -0.07066
-0.42130 -0.06632 0.10164
-0.32842 0.08306 0.13883
-0.02658 -0.08507 -0.01831
0.08694 -0.09534 -0.02527
0.05167 -0.10305 -0.02637
0.04202 -0.09686 -0.02419
-0.05705 -0.09715 -0.02089
-0.04000 -0.09374 -0.02045
-0.28024 -0.06601 0.09500
-0.01075 -0.08455 -0.03746
-0.37962 0.03582 -0.16095
-0.33436 -0.09833 0.13859
-0.30925 -0.05435 -0.18453
0.33278 0.00883 -0.07697
0.32601 0.00987 -0.05790
0.32611 0.01010 -0.04048
0.11593 0.08416 0.03335
0.35199 0.02006 0.00231
0.12621 0.07715 -0.02947
-0.10983 0.12642 -0.12318
0.09008 -0.07242 -0.16960
-0.41424 -0.02829 -0.08147
-0.16356 0.13023 -0.05746
-0.07087 0.12715 -0.06076
-0.08901 0.12332 -0.10017
-0.15269 0.12916 -0.06431
0.14198 -0.07905 -0.16744
0.32921 0.01288 0.14043
-0.08939 -0.11933 -0.16994
-0.37701 -0.04168 0.12914
0.01239 0.13071 -0.02534
-0.37390 0.05677 -0.12183
0.19429 -0.09433 -0.15198
-0.09143 0.13367 0.07648
0.26136 -0.12321 -0.18850
-0.03948 0.12772 0.01218
0.01062 0.12183 0.01474
-0.03062 0.12616 0.03323
-0.33285 -0.06891 -0.18431
0.37745 -0.03734 0.16912
0.33250 -0.07319 0.10738
0.17630 0.03853 0.08596
0.35177 0.00940 -0.13265
0.32431 -0.06587 -0.14556
0.06103 0.00878 0.10340
-0.17799 0.13083 -0.10513
0.30714 -0.13375 0.15651
-0.16425 0.04113 -0.15789
0.38840 -0.06753 0.07953
0.38961 -0.06920 0.04840
-0.41387 0.00648 -0.11962
-0.08184 -0.10036 -0.16285
-0.41320 0.01900 0.13936
0.00321 0.13108 0.03858
-0.02812 -0.02257 -0.14264
0.34441 -0.06330 -0.18116
0.40226 -0.03485 0.12576
-0.19511 -0.09635 -0.16971
-0.38625 -0.02699 -0.14653
-0.27853 -0.12528 -0.08750
-0.25912 -0.01847 -0.17994
-0.04190 -0.09439 0.03288
0.09701 -0.08498 -0.12544
-0.09984 -0.12155 -0.11625
-0.17111 -0.12189 -0.15146
-0.19467 -0.12194 -0.16075
-0.20329 -0.12035 -0.10409
-0.20092 -0.12100 -0.12747
-0.15165 -0.12106 -0.11419
-0.18003 -0.12099 -0.12054
-0.09784 -0.12183 -0.12614
-0.19827 -0.12152 -0.14597
-0.04820 0.12920 -0.11333
0.39126 -0.00271 0.11825
0.39310 -0.00291 0.10645
0.33661 0.02290 0.02800
-0.17931 -0.11514 -0.17780
-0.30028 0.10458 0.00062
-0.40467 -0.09056 -0.00119
0.26678 -0.05663 -0.18579
0.40461 -0.10176 -0.15557
-0.31473 -0.11779 0.15174
0.25595 -0.11961 -0.05821
0.25966 -0.11965 -0.05195
0.29133 -0.12003 -0.02774
0.30268 -0.12017 -0.01925
0.29901 -0.12013 -0.05148
0.26760 -0.11975 -0.06324
-0.07324 -0.09700 -0.16703
-0.26693 -0.01344 0.17496
-0.15705 0.06614 0.14777
0.36189 -0.12059 0.05095
-0.02582 -0.11882 -0.01843
-0.02718 -0.11970 -0.02592
-0.10006 -0.12000 -0.01785
-0.15942 -0.11946 -0.00448
-0.06587 -0.11773 -0.00311
-0.12104 -0.11938 -0.00938
0.08895 -0.10269 -0.15709
-0.14750 -0.07437 -0.00249
-0.23747 0.12197 -0.12071
0.10622 0.05900 -0.14281
-0.41470 0.02479 -0.01183
-0.08914 0.01224 -0.14767
-0.35682 0.02029 0.11514
-0.37274 0.02064 0.11682
-0.36862 0.00106 0.11610
0.16208 -0.10851 0.16442
-0.24642 0.08041 -0.14427
0.27182 -0.10559 -0.18278
-0.42089 -0.03245 0.00418
-0.40429 -0.06519 0.12095
-0.42382 -0.06080 0.13108
0.20591 -0.05237 -0.17059
-0.38834 -0.10044 -0.11333
0.37891 -0.09050 -0.12081
0.25183 0.03225 0.09552
-0.12551 -0.09497 -0.17360
-0.09007 0.13545 -0.04975
-0.07044 0.05683 -0.15473
-0.05163 -0.09010 0.16892
0.30451 -0.03695 0.13432
0.28293 0.02022 0.13702
-0.23229 -0.04952 0.15979
0.33857 -0.04320 0.13656
-0.02018 -0.02651 -0.17285
0.26626 -0.08416 0.17441
-0.04229 -0.09158 -0.10314
-0.07010 -0.00780 -0.13810
-0.39517 0.01822 -0.02944
-0.39691 0.01376 -0.02608
-0.28359 -0.10633 0.15905
-0.14144 -0.07140 -0.18179
-0.25659 -0.10351 -0.08429
-0.25916 -0.10104 -0.08866
-0.09286 0.11867 -0.11562
-0.06575 -0.07638 0.16805
-0.39014 0.03138 -0.16192
0.25612 -0.11961 -0.02105
0.25012 -0.11953 -0.00646
0.28578 -0.11997 -0.00153
0.21353 -0.11909 -0.03889
0.23881 -0.11940 -0.01736
0.24938 -0.11953 -0.03454
-0.07800 -0.00019 0.09500
0.33643 -0.10738 0.16707
0.03403 0.11835 -0.05117
0.02847 0.11956 -0.02571
0.35699 -0.04517 -0.12977
-0.40092 0.03364 -0.14091
-0.07185 -0.01200 -0.09319
-0.20961 0.12449 -0.08681
-0.21893 0.12377 -0.06857
-0.20827 0.12416 -0.10199
0.11333 0.08062 -0.10185
-0.24641 -0.09448 0.18488
-0.31232 -0.09339 -0.17637
0.04886 0.10200 -0.01055
0.06897 0.06934 0.14246
0.09063 0.09297 -0.11706
0.20009 -0.11653 -0.16087
-0.08443 0.11627 0.03927
-0.35737 0.06912 -0.02429
0.40291 -0.01974 0.07788
0.40270 -0.03659 0.07353
0.40286 -0.02392 0.07414
-0.23130 -0.12633 -0.01150
0.17836 -0.11158 0.17293
-0.01139 0.00676 0.17076
-0.14389 0.11804 -0.12281
-0.39690 -0.09762 -0.14638
-0.27228 0.12507 -0.08342
-0.01949 0.13240 -0.04332
0.32053 -0.05378 0.10705
0.24396 -0.09006 -0.16412
-0.22165 -0.05440 -0.13770
-0.10823 -0.11788 0.01012
-0.10172 -0.11776 0.01565
-0.21321 -0.11983 0.03987
-0.12520 -0.11819 0.00625
-0.14653 -0.11859 0.03121
-0.18327 -0.11927 0.01735
-0.06645 -0.10697 -0.16534
0.38229 -0.06229 0.13497
-0.06897 0.00156 -0.13778
-0.36178 -0.08740 -0.08535
0.29103 0.00298 -0.16900
0.10716 -0.10403 0.15715
0.32149 -0.04359 -0.16431
0.32304 -0.04411 -0.18254
-0.23572 0.13407 0.03424
0.34158 -0.07075 -0.11316
0.30309 -0.04296 -0.18599
-0.42407 -0.03247 -0.03821
0.12404 0.01377 0.03875
-0.16869 -0.10918 -0.17417
-0.40510 -0.00560 -0.12468
0.08950 -0.12195 0.16389
-0.40731 -0.07807 -0.03152
-0.28952 0.13820 0.10797
0.33535 -0.10187 0.11340
-0.25650 0.12978 -0.08815
-0.29676 0.13988 0.03335
-0.30550 -0.09329 -0.18314
-0.05883 0.02022 0.08728
-0.39148 -0.02091 0.15224
0.01156 0.12198 -0.00650
0.00087 0.12335 -0.00118
0.00259 0.12243 -0.02859
-0.08590 0.06184 -0.10775
-0.01587 -0.09623 0.16647
-0.06678 0.02716 -0.03442
-0.14912 0.11187 -0.12383
0.25405 -0.13112 -0.17064
-0.31194 -0.11926 0.00901
-0.21937 -0.08690 -0.17236
0.42434 -0.05438 -0.12058
0.42822 -0.05397 0.02012
0.05414 -0.04535 0.14967
0.34618 0.01825 -0.04752
-0.40982 0.03897 -0.11071
-0.23914 -0.02873 0.18091
0.10799 -0.11926 -0.16533
0.08890 -0.04011 0.17162
-0.07842 0.01275 0.11692
0.05121 -0.11741 0.16452
0.27385 -0.02080 0.12158
-0.38268 0.03706 -0.11909
0.10799 -0.05871 -0.02686
0.11963 -0.06199 -0.02735
0.29371 -0.11385 0.14438
0.23646 0.01826 0.10994
0.20514 0.01957 0.13404
0.09424 0.00551 0.08897
-0.04125 -0.02120 -0.11634
0.12085 -0.05799 0.17150
-0.29816 0.10528 -0.05417
-0.25134 -0.11566 0.01344
0.11676 0.00179 0.00359
-0.40582 0.04399 0.00368
-0.13029 0.11907 0.11638
-0.41455 0.00339 0.10258
0.25277 -0.03076 0.10607
0.23240 -0.10957 -0.06866
-0.36160 0.06594 0.05949
-0.25595 0.05189 -0.15242
-0.19938 -0.03502 0.07927
-0.22342 -0.03494 0.09928
-0.22604 -0.03492 0.02501
-0.23047 -0.03492 0.07103
-0.18485 -0.03508 0.13829
-0.20851 -0.03499 0.06800
-0.22820 -0.03493 0.09647
0.12155 0.04512 0.14736
0.23936 -0.12113 -0.07152
0.03447 0.07701 0.14064
-0.03933 -0.10462 -0.16423
0.15840 0.00586 -0.16792
0.22610 0.03373 -0.04505
-0.22434 -0.06345 0.16769
-0.20807 0.06624 -0.00982
0.11497 -0.00975 -0.13545
-0.28597 -0.11136 0.02922
-0.25352 -0.11577 0.04580
-0.07153 -0.11029 -0.17189
0.06572 0.07603 -0.13969
0.23005 0.01622 -0.16345
-0.06703 -0.12189 -0.16683
-0.20219 0.01177 -0.17461
0.20046 -0.01936 0.18907
-0.24516 -0.02974 0.18648
0.36688 0.01481 -0.05422
-0.37694 -0.03292 0.12534
-0.04312 -0.02909 0.08775
-0.32077 -0.09519 -0.18195
0.19566 -0.11815 -0.02519
0.32179 0.02404 0.07272
-0.08498 -0.01191 -0.17507
-0.08503 0.08165 -0.08258
-0.37177 -0.03080 0.17610
-0.40400 -0.06911 0.11244
0.41235 -0.00778 -0.07761
0.18801 0.04318 0.11187
-0.24892 -0.02242 -0.18037
-0.28484 0.02517 -0.16921
0.27900 -0.12619 -0.08800
-0.36159 -0.10103 0.17041
0.00176 -0.04793 -0.17470
0.10260 -0.04074 -0.02844
-0.07000 0.08200 0.14411
0.25454 -0.10982 -0.09432
0.11725 -0.04749 -0.17283
-0.35077 -0.03899 0.02888
-0.36144 -0.04020 0.00004
-0.34835 -0.03868 0.02167
-0.37888 -0.04251 0.07255
-0.37604 -0.04204 0.02617
0.05566 -0.08756 0.14470
-0.40941 -0.08565 -0.05970
-0.21067 0.12994 0.10857
0.14121 -0.03884 0.04574
0.12377 -0.02675 0.05682
0.14012 -0.03766 0.02672
0.25386 -0.06628 -0.16198
0.06127 0.11547 -0.09918
-0.21061 -0.11983 -0.12911
0.30425 -0.13645 0.18644
0.07751 -0.05821 -0.17205
-0.05093 0.13527 0.01446
0.23037 -0.10306 0.07414
-0.28986 -0.09858 -0.05677
-0.02552 -0.01837 -0.03792
-0.15641 0.01508 -0.17306
-0.33475 -0.03614 0.13623
0.32292 0.01019 0.06135
0.35144 0.00648 0.08992
0.32643 0.01005 0.04110
0.24559 0.01682 -0.11853
0.32298 -0.09069 -0.17143
0.01100 -0.10501 0.15521
-0.13677 0.12860 0.06852
-0.05621 0.12612 0.07051
-0.07605 0.12755 0.06000
0.26342 -0.13109 -0.16003
-0.07493 0.04687 -0.07419
-0.20775 0.13032 -0.10527
-0.17774 -0.03508 -0.05922
-0.19291 -0.03503 -0.02054
-0.17700 -0.03508 -0.09501
-0.19368 -0.03503 -0.06699
-0.17258 -0.03510 -0.06639
-0.19889 -0.03501 -0.01755
-0.22501 -0.08768 -0.09953
0.14700 0.06329 0.01078
0.16279 -0.12492 -0.11918
0.38018 -0.10414 -0.05679
0.22376 -0.11765 -0.01777
-0.35047 0.07155 -0.11473
-0.09465 0.03256 0.15855
-0.06644 -0.05144 -0.16915
-0.34667 -0.05345 0.15121
0.23345 -0.02450 -0.16251
0.33260 0.01152 0.14455
0.06626 -0.02606 0.17125
0.30360 -0.04594 0.17591
-0.39263 -0.01387 0.14419
0.13884 0.03564 0.15979
0.13072 0.00958 0.09519
-0.41011 -0.05329 -0.17063
-0.02442 0.06997 -0.14576
-0.40395 -0.00667 0.14383
0.03001 -0.11842 -0.00682
0.14729 -0.12333 -0.05683
0.11423 -0.12194 -0.02401
0.04812 -0.11918 -0.01967
0.14955 -0.12341 -0.02405
0.17140 -0.12433 -0.06398
0.05492 -0.11946 -0.00811
0.15572 -0.12367 -0.02875
0.09303 -0.12105 -0.03545
0.07994 -0.12051 -0.04090
0.11693 -0.12205 -0.01374
0.07607 -0.12034 -0.00383
-0.38468 -0.01863 0.15695
-0.41509 -0.00564 -0.12763
-0.04096 -0.07100 -0.03220
-0.24575 -0.03584 -0.15879
-0.04150 -0.02913 0.06680
0.28322 0.03178 -0.00583
-0.06587 -0.00247 -0.04010
0.32202 -0.10082 -0.17820
-0.03931 0.00347 0.03858
-0.09895 -0.08831 0.17297
-0.31971 -0.09249 0.08978
-0.32951 -0.09424 0.08156
-0.28427 -0.10596 0.06530
-0.32181 0.03419 -0.16410
0.08239 -0.06951 0.13631
0.26323 -0.02046 0.15939
-0.38263 -0.09797 0.04891
0.17215 -0.03555 -0.17912
0.00722 -0.12218 -0.05212
-0.01148 -0.11829 -0.01578
-0.01257 -0.12175 -0.04586
0.00793 -0.12097 -0.04167
-0.00100 -0.11996 -0.03164
-0.07989 0.01912 -0.05291
-0.18086 0.05423 -0.15279
-0.01456 -0.12281 0.16105
-0.04947 -0.12206 0.15555
0.42365 -0.04811 0.00524
0.39805 -0.03427 -0.10285
-0.07318 0.01655 -0.04185
0.11121 0.02478 -0.18241
0.26398 0.01701 -0.04178
0.21311 0.02172 -0.08534
0.26416 0.01715 -0.02355
-0.08588 0.02759 -0.07122
-0.29463 0.13750 -0.10510
-0.31828 -0.13542 -0.18446
0.06982 -0.12765 -0.05654
0.39725 -0.02231 -0.10947
-0.13063 0.06683 -0.14767
0.33038 0.00729 0.12755
-0.08150 0.01969 -0.11360
0.05598 -0.04582 0.14267
0.30656 -0.12833 0.00730
0.17027 -0.02985 0.17216
0.07235 -0.11082 0.16289
0.41327 -0.01194 0.00603
0.38585 0.00956 -0.06756
-0.18565 0.11536 0.12042
0.28519 0.01622 -0.14823
0.39198 0.00300 0.13317
0.34960 -0.12244 0.00133
-0.26461 0.12754 0.01568
-0.01590 0.12263 -0.09078
0.41289 -0.03912 -0.03546
0.05290 -0.08718 -0.16764
0.09744 -0.12463 0.00274
-0.13192 0.13254 -0.09173
-0.09591 0.12007 -0.03871
-0.40328 -0.07674 -0.04065
-0.40111 -0.08539 -0.03475
-0.07585 0.00629 -0.05114
-0.30146 -0.09390 0.16016
0.28224 -0.10332 0.18772
-0.38980 0.02940 -0.06824
-0.38831 0.03380 -0.06348
-0.23453 -0.05851 -0.18447
0.02691 0.06277 0.14689
-0.37702 -0.00313 -0.14691
0.25578 -0.12307 0.09185
-0.41090 0.02786 -0.13622
0.13102 0.07004 -0.08293
-0.20147 0.07763 -0.14135
-0.26188 0.02194 0.15057
-0.24239 0.01717 0.15076
-0.25101 0.01224 0.15041
0.34294 0.02011 0.08472
-0.08532 0.01040 0.13039
-0.18818 -0.11667 0.17620
-0.12293 -0.11762 0.17218
-0.22737 -0.12258 0.00918
-0.27418 -0.15252 -0.17656
0.25527 -0.11589 0.16198
-0.03126 -0.08366 0.00734
0.01240 -0.08514 -0.14541
-0.24856 -0.08301 0.18396
0.29303 -0.12906 0.18952
-0.36836 -0.08834 0.17350
0.41234 -0.04045 -0.05934
-0.38551 0.04606 -0.14223
-0.05236 -0.07085 -0.12930
0.15008 -0.03780 0.17015
0.39449 -0.04680 0.01940
0.39423 -0.04685 0.03485
-0.25269 -0.02564 -0.10867
-0.41154 0.01434 -0.15807
0.13341 -0.04302 0.17345
-0.41379 0.00608 -0.13948
0.09246 -0.07913 -0.04166
0.18191 -0.10047 0.17186
-0.36531 0.06386 -0.04938
-0.24051 0.01087 -0.17267
-0.40477 -0.01050 -0.07571
-0.41251 -0.02983 -0.06471
0.26162 -0.08227 -0.17149
-0.22025 -0.05655 0.14409
-0.23140 0.05976 -0.05047
0.07645 0.01282 0.07485
-0.26234 -0.12426 -0.14360
-0.30567 -0.02214 0.15748
-0.40525 -0.03311 -0.14435
0.03022 -0.08701 -0.09901
-0.13813 0.08887 0.13729
-0.28752 -0.08928 0.03262
0.24035 -0.02771 -0.16756
0.38090 0.01086 0.09088
0.02648 0.02368 0.16662
-0.04151 0.11502 0.12105
-0.31135 0.09676 0.06557
-0.37529 0.00228 0.14046
0.41374 -0.01554 -0.00081
0.23816 -0.03657 0.18973
-0.35525 -0.07391 0.13901
-0.23087 0.10642 0.13007
-0.40888 0.01358 0.06236
-0.38257 0.04799 0.08955
-0.06203 -0.03852 0.13799
-0.38502 -0.06751 0.17534
0.41287 -0.08503 -0.15502
-0.00009 -0.10381 0.16350
0.14401 0.05971 0.09578
0.20261 -0.10815 0.18972
-0.20046 -0.01434 0.14990
-0.18745 -0.00313 0.15041
-0.20470 -0.01775 0.14975
0.07599 -0.01963 -0.17143
-0.00806 0.12230 -0.07948
0.01216 0.11948 -0.09716
0.03410 0.11703 -0.09614
0.40721 -0.11573 0.11564
0.35252 0.00402 0.14053
0.03676 -0.02569 0.13891
-0.05910 -0.07406 -0.17256
-0.41050 -0.02226 0.09739
0.05321 0.10682 0.01695
0.00709 -0.03848 0.17242
0.06365 0.02019 0.04672
-0.36985 -0.03301 -0.13680
0.15496 -0.09972 -0.15367
-0.41095 0.00998 0.06909
-0.31553 -0.11119 0.02324
-0.39653 0.02845 0.14125
-0.13635 0.13589 0.05061
0.29433 -0.07389 0.18912
0.20703 0.03158 -0.09451
0.05942 -0.07800 0.09478
-0.35692 -0.10023 0.05723
-0.14599 -0.10708 -0.17352
-0.42630 -0.03346 0.07466
0.33676 -0.03874 -0.18231
0.36015 -0.12097 -0.01847
-0.20840 0.13439 0.05355
0.07360 0.08562 0.13089
0.23707 0.01002 0.16824
0.28641 -0.10397 -0.18231
0.28356 0.01473 -0.05132
0.27559 0.01566 -0.05043
-0.42689 -0.05796 0.05850
-0.13896 -0.10860 0.17290
-0.31565 0.09263 -0.10872
0.10221 -0.00198 -0.00772
0.27377 -0.12885 0.18915
0.39343 -0.01790 0.10760
-0.27882 -0.09562 -0.04893
0.14381 0.06574 -0.00172
-0.27173 -0.08100 -0.16300
0.08651 0.09271 0.13012
-0.42934 -0.03762 0.01555
-0.31116 0.14447 0.00762
-0.07449 0.04552 0.13079
0.27028 -0.07669 0.18293
-0.04398 -0.01265 -0.05474
-0.21294 -0.09127 0.12947
-0.21646 -0.06858 0.09583
-0.21231 -0.09156 0.15755
0.01175 0.09190 -0.13436
0.31405 -0.08690 0.18967
0.07319 0.10956 0.08765
-0.24938 -0.12305 -0.13691
0.24465 -0.07970 -0.10499
0.27666 -0.07661 -0.10499
0.25018 -0.02157 0.18136
-0.42130 -0.03250 0.04066
-0.34900 -0.09683 0.18073
-0.38109 -0.08493 -0.13314
0.24225 0.03065 0.11638
-0.29430 0.09112 0.13642
-0.09772 -0.12104 0.17094
-0.25226 0.07647 -0.13575
-0.31350 0.07199 -0.12278
-0.31428 0.07900 -0.11871
-0.02560 0.07726 -0.14274
-0.00636 -0.05612 -0.02651
0.01852 -0.06757 -0.17192
-0.08176 0.08594 0.06841
0.27927 -0.04424 -0.18947
-0.17336 -0.09980 0.16695
-0.12727 0.11046 -0.12497
-0.34632 0.07377 -0.12651
-0.28544 0.05603 0.15542
-0.39739 -0.03316 0.14979
0.28343 -0.11013 -0.06066
-0.10813 0.13552 -0.05266
-0.27968 -0.09582 0.07824
-0.40585 -0.07868 0.13296
0.27331 -0.06543 0.18316
-0.40091 -0.03329 -0.16345
-0.37030 -0.09072 0.05728
-0.29527 -0.01964 -0.09979
-0.40820 -0.01778 0.16365
0.04788 -0.07120 0.03468
0.25517 -0.12871 0.01114
-0.30389 -0.12586 -0.14059
-0.21358 0.10712 0.12507
-0.37669 0.05788 -0.14918
0.42840 -0.05345 -0.03327
0.14799 0.00402 -0.16883
-0.25522 0.11982 -0.00161
-0.18946 0.12833 -0.00815
-0.20129 0.12690 -0.02177
-0.06447 -0.05233 0.14002
0.12405 -0.10741 -0.16672
-0.08869 -0.11244 -0.13706
0.33778 -0.11116 -0.10532
-0.07220 -0.12079 0.16888
-0.31903 -0.11257 -0.14087
-0.30758 -0.11603 -0.18328
0.41662 -0.10064 -0.02680
-0.02945 0.13104 -0.08471
0.25333 -0.09459 -0.16126
-0.33184 0.03275 0.06985
-0.36766 0.04277 0.00205
-0.32562 0.03100 0.08080
-0.32016 0.02906 0.02583
-0.29192 -0.01965 -0.17583
-0.37393 0.06043 0.00602
-0.30196 -0.02931 -0.09953
-0.25577 -0.10989 0.18094
-0.04434 -0.08487 -0.00343
-0.19808 0.00318 -0.17659
0.01666 0.12197 0.12086
0.35024 -0.12202 -0.08635
0.32935 -0.12496 -0.03768
-0.39711 0.03668 0.14127
0.01823 -0.09013 0.06653
0.11069 -0.00981 0.12824
-0.40955 0.03853 0.12730
0.23724 -0.05123 0.10611
0.22921 -0.07779 0.18752
-0.07331 0.10304 -0.13280
0.17348 0.03382 0.04760
0.28804 0.02817 0.09901
0.29504 0.01397 -0.00915
0.30844 0.01190 -0.05753
0.21208 0.02233 -0.05941
0.23241 0.02032 -0.04140
0.21574 0.02305 -0.00850
0.21067 0.02271 -0.05011
0.22326 -0.11637 0.07600
0.28749 0.01340 -0.10328
0.03590 0.02244 -0.16751
0.28224 -0.06473 0.18599
-0.31263 0.07940 0.11964
-0.27833 0.05826 0.14015
0.06835 0.11646 0.04510
-0.05531 -0.06277 0.06115
-0.23807 -0.13389 0.15092
0.12814 -0.06830 0.16958
0.39056 -0.06891 -0.12446
0.40364 -0.10884 -0.11833
-0.39364 -0.09813 0.13764
-0.13751 -0.12135 0.16392
-0.13565 -0.12147 0.17195
-0.16760 -0.12082 0.13577
-0.02432 -0.06847 0.02476
0.24386 -0.08909 0.16962
0.12999 0.03249 -0.16571
0.20060 -0.08244 0.14389
0.17371 0.03374 0.02802
0.15747 0.02759 -0.01077
0.17795 0.03478 -0.00204
0.24290 -0.08972 -0.18323
0.14292 0.06303 0.06916
0.24710 -0.02266 0.14429
0.24900 -0.02246 0.15065
-0.40779 0.02997 0.13868
0.06105 -0.06561 0.13901
-0.00537 0.13253 0.00751
0.30967 -0.05313 0.16177
0.39243 -0.04766 0.05457
-0.29704 -0.13270 -0.13646
0.42285 -0.06238 -0.12607
0.04250 -0.12326 -0.16562
-0.38980 -0.09777 0.04708
-0.18791 0.02241 -0.17113
0.25655 -0.05137 0.18915
0.05006 -0.12411 0.15255
0.08748 -0.07390 0.09039
0.35234 -0.03364 -0.17742
0.04026 0.11757 0.05433
0.05023 0.11744 0.00699
0.04132 0.11816 0.02118
0.31837 -0.04290 0.13996
0.31562 -0.04359 0.16659
-0.29668 0.03993 -0.00381
-0.25112 -0.12240 0.03360
0.09022 -0.02338 0.17094
-0.05829 -0.03111 0.14058
0.03529 -0.08538 0.10018
-0.17208 0.13021 -0.11335
0.41761 -0.04712 0.04093
-0.10274 0.13703 0.01280
-0.06459 -0.04232 -0.14010
0.40843 -0.09902 -0.12676
-0.02288 0.11530 0.12394
0.04053 -0.11955 0.00221
0.33575 -0.10203 0.14897
0.36532 -0.08833 0.11620
-0.28303 0.03787 0.03468
-0.19194 0.02650 -0.16969
-0.15114 0.13425 0.07322
0.15416 -0.12386 -0.15987
-0.36831 -0.03437 -0.11219
-0.37843 -0.05623 -0.11044
0.15496 0.02593 -0.07824
-0.28053 -0.02332 0.18056
-0.28224 -0.12101 -0.01935
0.31374 -0.12435 0.16740
0.06048 0.03960 0.15469
-0.00096 -0.01978 0.17288
-0.30007 -0.07211 -0.17805
-0.17739 -0.12142 0.16123
-0.18353 -0.12115 0.14826
-0.20526 -0.12109 0.13755
-0.02609 -0.08769 0.08412
0.11725 0.04455 -0.15111
-0.24272 0.13265 -0.05573
0.29500 0.02887 0.05853
-0.27664 0.04325 0.14871
-0.00049 -0.08452 0.02585
0.28216 -0.10215 0.16198
0.05337 -0.07645 -0.02365
0.32510 -0.01327 -0.17620
-0.29465 -0.15255 0.17765
-0.40673 0.04222 0.07108
0.25820 -0.09532 0.10746
-0.23866 -0.03540 -0.14026
0.01446 -0.08571 -0.16888
-0.26789 -0.03791 0.18577
-0.02503 -0.11787 0.16661
0.40828 -0.04416 -0.02930
-0.40738 -0.05478 0.09095
-0.08838 -0.00312 -0.13782
0.09617 -0.02057 -0.17101
0.34465 -0.03823 0.17990
-0.30581 0.00045 -0.17881
-0.12809 0.12514 -0.09700
-0.14950 0.12682 -0.08805
0.42167 -0.05419 0.06126
0.42417 -0.05433 0.13181
0.13861 -0.10425 0.15798
0.00672 -0.10437 -0.10037
0.02002 -0.10453 -0.11077
-0.04344 -0.10376 -0.07363
-0.07840 -0.10331 -0.11322
-0.07578 -0.10335 -0.09088
-0.11556 -0.10286 -0.09984
-0.11233 -0.10290 -0.09107
-0.04251 -0.10377 -0.07920
-0.09478 -0.10314 -0.03903
-0.13813 -0.10261 -0.03109
-0.12911 -0.10268 -0.11723
-0.12830 -0.10270 -0.09707
-0.10729 -0.10293 -0.14575
-0.13137 -0.10266 -0.10482
0.10777 -0.10559 -0.14301
0.13909 -0.10598 -0.14086
-0.12317 -0.10275 -0.11353
0.07125 -0.10515 -0.12880
-0.08427 -0.10326 -0.05499
-0.11668 -0.10287 -0.04767
-0.11001 -0.10295 -0.04277
0.06992 -0.10514 -0.11774
-0.19855 0.13622 0.01227
-0.17713 0.07616 0.06653
-0.28406 -0.01978 0.15180
0.00040 -0.07407 -0.00345
0.13823 -0.11364 -0.15966
-0.06414 -0.09695 0.16132
-0.39760 0.02302 0.12047
0.01460 -0.11647 -0.00371
-0.38701 0.04970 -0.04925
-0.06585 -0.02839 0.11078
-0.09185 0.11210 0.06374
0.19955 0.02376 -0.08079
-0.08822 -0.11140 -0.17247
0.29460 0.02588 -0.11826
0.34274 0.01194 0.13139
-0.28604 -0.11157 -0.15649
0.17518 -0.09566 -0.05579
0.17793 -0.07977 -0.03702
-0.28248 -0.07259 -0.15649
-0.39462 -0.01075 0.11886
-0.23617 0.07011 -0.14491
0.06091 -0.12365 0.12598
0.08399 -0.12374 0.11687
0.11701 -0.12453 0.13082
0.17166 -0.12476 0.10937
0.14019 -0.12462 0.12152
0.09994 -0.12424 0.12824
0.00668 -0.11757 0.01687
0.08862 -0.12312 0.06998
-0.00964 -0.12252 0.05140
-0.00544 -0.11870 0.02351
0.04605 -0.12250 0.05926
0.12095 0.00118 0.10604
0.41329 -0.03291 -0.08154
-0.27857 0.00844 -0.16837
0.37028 -0.11919 0.11569
-0.32201 -0.07048 0.18598
-0.29363 -0.10133 -0.11342
0.31577 -0.11920 -0.15779
0.01774 -0.02284 0.13929
0.18351 -0.08773 0.17902
-0.15138 -0.10149 0.17655
0.16109 -0.07479 0.08756
0.13141 -0.10468 0.16080
-0.02379 0.02040 0.15129
-0.02979 -0.08664 0.01505
-0.11146 -0.09800 0.01609
0.01862 -0.08712 0.01668
0.02457 -0.08452 0.01605
-0.04897 -0.09728 0.01777
0.02466 -0.09981 0.02081
0.03955 -0.08027 0.01518
0.09887 -0.04888 -0.15030
0.00247 -0.05668 -0.14830
-0.05593 -0.05023 -0.14831
-0.00152 -0.06061 -0.14783
-0.01636 -0.04239 -0.14964
0.03206 -0.05881 -0.14843
0.01025 -0.06962 -0.14698
-0.10521 -0.04138 -0.14869
0.01811 -0.06212 -0.14790
0.03936 -0.06703 -0.14761
-0.01188 -0.02587 -0.15150
0.05257 -0.02100 -0.15280
0.09196 -0.03640 -0.15158
-0.14474 -0.08882 0.07516
-0.14433 -0.09102 0.11702
-0.15044 -0.05888 0.11573
-0.14574 -0.08359 0.06050
-0.15060 -0.05807 0.12492
0.37362 -0.04693 -0.17268
0.00933 0.02235 0.15051
-0.01306 0.02494 0.15052
-0.06906 0.00729 0.12978
-0.09437 -0.10367 0.17217
-0.41918 -0.01652 0.00562
-0.05601 -0.06028 0.09546
-0.21396 -0.08891 -0.10329
-0.21415 -0.07813 -0.14984
