0.20484 -0.06716 -0.13374
-0.14172 -0.04661 0.14671
-0.12447 0.06979 0.08138
-0.21920 0.13144 0.12853
0.20372 0.03858 0.16057
-0.15835 0.15763 -0.07667
0.12158 0.04597 0.15625
-0.17206 0.01094 -0.14075
-0.16768 0.00626 -0.14111
-0.16281 0.16080 -0.03290
-0.31119 -0.16338 0.17228
-0.09281 0.03299 0.16854
0.13965 -0.01010 0.18605
-0.41500 -0.09137 -0.04382
0.32091 -0.06723 0.12770
-0.41442 -0.10038 -0.01678
-0.08521 -0.07796 -0.14130
-0.07868 -0.09605 -0.14012
-0.09081 -0.08093 -0.14115
-0.01398 0.12960 0.13044
-0.24801 0.05078 0.14868
-0.26122 0.05566 0.06526
-0.27970 0.14380 0.02857
-0.11679 0.11014 0.05191
0.19512 0.06705 0.04889
0.02076 0.00278 0.18431
-0.23156 -0.04603 0.13047
0.33018 -0.00170 0.16354
0.27760 -0.02507 0.15889
0.08313 0.04201 0.07173
-0.05871 0.04596 0.15425
0.18959 0.06058 -0.11687
-0.03920 0.02947 -0.17079
-0.21235 0.03190 0.14038
-0.28199 0.08063 0.06495
0.19635 -0.04471 -0.14779
0.20278 0.06186 0.04147
0.25397 0.04267 0.04030
-0.03519 0.15354 -0.11940
0.14831 -0.08685 -0.18297
-0.28337 -0.02955 -0.10726
-0.34385 -0.11663 -0.11101
0.20950 -0.04691 -0.16365
-0.10730 0.09699 -0.07170
-0.25236 0.03100 0.07000
0.21479 -0.01358 -0.00864
-0.01321 0.13930 -0.12515
0.08534 0.13303 -0.00195
0.19367 -0.04678 0.06465
0.12632 0.02578 -0.03091
0.23670 0.01659 0.16974
-0.27218 -0.02769 0.11310
-0.12320 0.04594 -0.16305
0.23518 0.04345 0.02210
-0.09640 -0.01334 0.09566
0.41031 -0.11307 0.00715
-0.02079 0.05365 0.15488
0.39700 -0.04577 0.05673
0.02672 -0.04405 -0.08244
-0.41658 -0.08516 0.03422
0.26244 -0.09970 0.17133
-0.05732 -0.07225 -0.10551
-0.25624 -0.03081 0.12202
-0.03246 0.16418 -0.04798
-0.22950 -0.14519 -0.15052
-0.07357 0.14106 0.11797
0.40842 -0.11520 -0.04007
0.11488 -0.09994 -0.17710
-0.33434 0.10563 0.02015
-0.19118 -0.02950 0.18755
0.16738 0.08046 -0.09596
-0.19986 -0.05999 -0.10967
-0.20835 -0.06052 -0.06545
0.25405 -0.16351 -0.12660
-0.16026 0.16059 -0.04235
-0.18536 0.15872 -0.04436
0.11833 0.10823 -0.12243
-0.18881 0.15488 0.08320
-0.15976 -0.04866 0.00575
-0.14734 -0.04597 0.03169
0.12536 0.02357 0.00768
0.17069 0.07524 -0.11001
-0.05179 -0.00236 0.18562
0.08214 0.13509 0.08804
0.14837 -0.07452 -0.18502
-0.21687 -0.05237 0.09373
-0.21628 -0.05465 0.05355
0.39965 -0.02770 0.03504
0.15758 0.04529 0.02872
0.11143 0.10941 -0.13307
-0.32759 -0.03308 -0.14226
-0.30817 -0.06777 -0.10726
-0.27624 -0.06806 -0.10726
-0.17038 0.16573 -0.03120
-0.00815 0.14877 -0.12298
-0.04660 0.15796 0.10976
-0.22456 -0.02844 -0.03958
0.19857 -0.10653 -0.15110
-0.20375 0.05352 -0.15308
-0.07763 0.12279 -0.12619
-0.00918 0.15887 -0.08358
-0.06773 0.11622 0.13328
-0.12976 0.05491 -0.09924
0.02833 -0.04075 -0.18760
0.23888 -0.00052 0.09065
-0.09118 0.13782 0.12897
-0.25045 -0.04429 0.14265
-0.05696 -0.13560 0.15991
0.24803 -0.03788 -0.03900
-0.27181 0.14862 -0.09169
0.39861 -0.11679 0.09824
-0.29213 0.08115 0.13436
-0.38477 0.01860 0.08966
-0.15981 -0.04867 0.07785
-0.15781 -0.04824 0.10478
-0.22601 0.09939 0.13940
-0.27468 -0.14794 -0.14593
0.09407 0.12059 0.13410
-0.26996 0.13865 -0.09894
0.25487 -0.03576 -0.05502
0.32476 -0.04358 0.18562
-0.16544 0.15986 0.04647
-0.09236 0.07372 -0.14730
0.20810 0.04212 -0.08028
0.12687 0.11002 0.07635
-0.12011 -0.05835 -0.06592
-0.11830 -0.04830 -0.01339
-0.12304 -0.07461 -0.00469
-0.08311 0.15468 0.10278
-0.18307 -0.12970 0.16306
0.02821 0.11262 0.13714
0.04926 -0.03974 0.03988
-0.31271 0.12264 0.03384
-0.02877 -0.06656 -0.07072
0.08258 0.09813 0.14263
-0.14274 0.15637 0.09212
-0.27998 -0.02666 -0.13530
-0.12359 -0.04394 -0.10672
-0.17593 0.14997 0.10656
-0.02223 -0.07291 0.18481
0.14941 0.07214 0.14230
-0.20844 -0.10016 0.17040
-0.20786 -0.06009 0.18591
0.19214 -0.10228 0.18422
-0.34251 0.02926 0.15051
0.28856 -0.04305 0.08771
0.13117 0.03803 0.14392
0.40702 -0.03967 -0.06454
0.17127 -0.05182 -0.08939
-0.23150 -0.06846 0.14586
0.08760 -0.13057 0.16649
0.39236 -0.03580 -0.05629
0.40700 -0.02824 -0.02665
0.10840 -0.12793 -0.00199
0.15479 -0.12841 -0.00665
0.15582 -0.12842 -0.10215
-0.04404 -0.12637 -0.09028
0.04976 -0.12733 -0.05967
0.13066 -0.12816 0.02371
0.09049 -0.12775 -0.05914
0.14944 -0.12835 -0.05147
0.15234 -0.12838 -0.01208
-0.03965 -0.12641 -0.02128
0.01245 -0.12695 0.00985
-0.10364 -0.12575 -0.06452
0.14468 -0.12830 0.02203
-0.04633 -0.12634 -0.04795
0.08173 -0.12766 -0.07455
0.11265 -0.12798 0.06080
0.07137 -0.12755 -0.08430
0.02658 -0.12709 -0.03866
0.14391 -0.12830 -0.00088
-0.17316 -0.12504 -0.09812
0.04115 -0.12724 -0.06690
-0.01312 -0.12668 -0.05276
0.11650 -0.12801 0.01483
-0.01472 -0.12667 -0.07393
0.09580 -0.12780 0.00027
-0.11912 -0.12559 -0.06246
0.15685 -0.12843 0.07249
-0.03087 -0.12650 -0.01251
-0.16089 -0.12516 -0.10525
0.13803 -0.12823 0.01868
-0.00597 -0.12676 -0.03441
-0.03125 -0.12650 -0.04879
0.05205 -0.12735 -0.00546
-0.11485 -0.12564 -0.09283
0.14091 -0.12826 0.05507
-0.11054 -0.12568 -0.08161
0.07598 -0.12760 -0.07526
0.13125 -0.12817 -0.01759
0.15993 -0.12846 -0.07044
0.08400 -0.12768 0.03251
0.03799 -0.12721 -0.05381
0.05314 -0.12736 -0.09993
-0.12884 -0.12549 -0.10101
-0.05970 -0.12620 -0.05820
0.14116 -0.12827 -0.10104
0.07658 -0.12760 -0.01638
0.13590 -0.12821 -0.04525
0.14080 -0.12826 0.03242
0.11198 -0.12797 -0.03500
-0.08124 -0.12598 -0.06005
0.17727 -0.12864 -0.04880
0.01309 -0.12695 -0.08771
0.14393 -0.12830 0.01481
0.17933 -0.05584 -0.00051
0.17195 -0.08925 -0.02400
0.17435 -0.07857 -0.03111
-0.29367 0.05533 -0.03829
0.04037 0.01925 0.17907
-0.07441 0.05802 0.14736
-0.23719 0.03392 -0.16530
-0.33142 -0.12544 0.14245
0.29844 -0.13806 0.15343
-0.25643 0.09657 0.13964
-0.12518 -0.04388 0.06593
-0.34114 -0.07466 -0.10726
-0.35447 -0.07202 -0.10726
-0.26746 -0.09068 -0.10726
0.10403 0.04517 -0.15650
-0.14240 0.10894 -0.13813
0.37881 0.00746 -0.02084
-0.40167 -0.00256 -0.06012
0.13758 0.10615 0.04335
0.39215 -0.02892 -0.09923
-0.29037 0.12303 0.10813
0.09058 0.03861 -0.16515
0.38413 -0.03434 -0.09067
0.03507 -0.06807 0.01851
-0.29230 0.07458 -0.08922
-0.17215 -0.04484 -0.13760
-0.14315 0.16204 0.08776
-0.35914 -0.06373 -0.13820
-0.12123 0.06190 0.08842
-0.41403 -0.06125 0.08812
0.03131 0.06494 0.15171
0.13865 0.02198 -0.17168
0.21616 0.04156 -0.08996
-0.20196 -0.12422 0.14335
-0.20271 -0.11717 0.15029
0.40180 -0.11994 0.06866
-0.38185 0.03536 -0.06761
0.17049 -0.09612 0.12069
0.17719 -0.06679 0.10888
-0.21327 -0.05323 -0.18650
-0.00413 0.04842 -0.15620
0.30409 0.03555 -0.03011
-0.15690 -0.00569 -0.18627
-0.40197 -0.11804 -0.00290
-0.25843 -0.01844 0.15364
0.22334 0.04523 0.06378
-0.24871 -0.13609 0.16013
0.10011 -0.06282 0.18628
-0.10721 0.10267 -0.05747
-0.13740 0.14148 0.12333
-0.05329 -0.00705 0.02216
0.07764 -0.04797 0.14261
-0.00241 -0.03074 0.14370
0.07374 -0.05320 0.14225
0.00354 0.15747 -0.00077
0.00948 0.15612 -0.01521
-0.35891 -0.06338 -0.12171
0.27660 -0.01630 0.10120
0.41069 -0.04347 -0.04996
0.10447 0.08148 -0.14797
-0.05713 -0.05984 -0.01663
0.21620 -0.05013 -0.14651
-0.09222 -0.12587 0.01487
-0.19909 -0.12477 -0.03414
0.03234 -0.12715 0.04262
-0.06710 -0.12613 0.04969
-0.14784 -0.12530 -0.02127
-0.15271 -0.12525 0.02051
-0.18409 -0.12493 -0.03859
-0.13143 -0.12547 -0.04991
-0.09612 -0.12583 0.03237
-0.17975 -0.12497 -0.00916
-0.13792 -0.12540 0.04827
-0.12618 -0.12552 0.05209
0.02204 -0.12704 0.07123
-0.10407 -0.12575 0.06883
-0.05207 -0.12628 0.08709
-0.16971 -0.12507 0.00208
-0.04317 -0.12637 0.03593
-0.03612 -0.12645 0.05568
-0.07987 -0.12600 0.08068
-0.14808 -0.12530 0.06512
-0.10415 -0.12575 -0.03252
-0.08548 -0.12594 -0.03881
-0.00725 -0.12674 0.09669
-0.01894 -0.12662 0.01285
-0.10735 -0.12571 0.03786
0.03480 -0.12718 0.02887
-0.17616 -0.12501 0.09632
-0.15748 -0.12520 0.10280
-0.08696 -0.12592 0.02402
0.06190 -0.12745 0.06684
-0.01136 -0.12670 0.07029
-0.09619 -0.12583 0.08334
-0.11652 -0.12562 -0.05050
-0.13998 -0.12538 0.02040
-0.18843 -0.12488 -0.08478
-0.09989 -0.12579 0.00026
-0.13619 -0.12542 -0.05116
-0.05694 -0.12623 0.00729
-0.04582 -0.12635 0.10689
0.06903 -0.12753 0.06227
-0.19124 -0.12485 -0.04959
-0.18130 -0.12495 0.10383
-0.01188 -0.12670 0.08021
-0.09378 -0.12585 0.06655
-0.08774 -0.12592 0.08175
-0.07746 -0.12602 0.05433
-0.09710 -0.12582 0.10715
-0.12266 -0.12556 -0.01003
-0.09132 -0.12588 0.03942
-0.01444 -0.12667 0.00484
-0.06691 -0.12613 0.07636
0.08928 -0.12773 0.10578
-0.33565 0.05378 -0.11590
0.16547 -0.11801 0.11761
0.28130 -0.10725 -0.16487
0.34335 -0.01440 0.16984
-0.06037 0.09495 -0.14352
-0.29669 -0.05070 0.10726
-0.33492 -0.03839 0.10726
0.12736 -0.00930 -0.00354
0.15024 -0.04285 -0.04672
0.28995 0.03783 -0.02055
0.30690 -0.14175 -0.17742
-0.21889 0.15318 -0.10423
-0.13015 -0.04415 0.02883
-0.13250 -0.04437 0.03777
-0.30126 -0.02546 -0.16551
-0.31195 -0.02658 -0.16806
0.10115 0.00016 -0.18441
-0.24617 -0.04249 -0.10543
-0.17415 0.04931 -0.15735
-0.17628 0.03352 0.14183
-0.14205 0.01860 0.18085
0.22146 -0.15654 -0.13258
0.06521 0.14175 -0.10615
0.20103 -0.03411 -0.01404
-0.29311 -0.02708 -0.14693
-0.35616 -0.12022 0.17116
0.30908 -0.03895 0.00550
0.12362 -0.00473 0.09612
0.12609 0.04606 -0.19872
-0.15767 -0.06305 -0.14109
-0.14473 -0.05794 -0.14192
-0.07862 0.03423 0.02156
-0.27407 -0.11930 0.01960
-0.25611 -0.12066 0.05590
-0.22193 -0.12323 0.06707
-0.20872 -0.12423 -0.00728
-0.34036 -0.11431 0.08671
-0.32699 -0.11532 0.05171
-0.25588 -0.12068 -0.00497
-0.22073 -0.12333 0.05282
-0.23482 -0.12226 0.10477
-0.21520 -0.12374 0.08789
-0.21910 -0.12345 -0.07756
-0.21677 -0.12362 -0.05330
-0.22341 -0.12312 0.02031
-0.22798 -0.12278 0.03484
-0.22943 -0.12267 -0.00572
-0.27658 -0.11911 0.07419
-0.29980 -0.11736 0.01842
-0.30726 -0.11680 0.02679
-0.21739 -0.12358 0.09637
-0.34471 -0.11398 0.07433
-0.22514 -0.12299 -0.06995
-0.30847 -0.11671 0.07334
0.00343 0.04590 0.15743
-0.34331 -0.09127 -0.12512
-0.08676 0.04417 -0.12161
-0.10376 -0.12760 -0.17096
-0.28361 0.08036 -0.06198
0.11529 0.00414 0.18339
-0.25077 0.08081 -0.14409
0.30105 0.02848 0.14993
-0.25240 -0.03245 -0.13001
-0.27712 0.14092 -0.06821
-0.02143 0.15923 -0.02805
-0.19687 0.16197 -0.05665
0.20147 0.04913 -0.13056
0.16690 0.04684 0.15686
0.33810 -0.03015 -0.10330
-0.25267 0.00528 0.18427
0.33735 -0.08916 0.13334
0.29041 0.03723 -0.03826
-0.20000 -0.06000 0.04961
-0.20779 -0.06049 0.02581
-0.19661 -0.05978 0.01440
0.37847 0.00671 -0.03156
-0.26034 0.04428 -0.02734
-0.25377 0.03335 -0.08948
0.31499 -0.12065 0.17700
0.22426 -0.04312 0.14854
0.26669 -0.05388 0.16987
-0.33324 0.04632 -0.14550
-0.31192 -0.15496 -0.09756
0.08122 0.01497 0.08093
-0.05898 -0.05056 -0.12896
0.01725 0.15150 -0.07059
0.02893 0.14865 -0.08398
-0.41956 -0.06151 0.00229
-0.11560 -0.13522 0.15538
-0.21045 0.00392 -0.18462
-0.05408 -0.01684 -0.10768
-0.07209 -0.01388 0.14382
-0.09220 -0.01717 0.14399
0.15886 -0.10958 -0.17760
-0.01880 -0.05184 0.02536
0.05784 0.00566 0.07888
-0.01301 -0.08281 -0.14054
-0.02715 -0.10722 -0.13909
0.00255 -0.11044 -0.13868
-0.02868 -0.08597 -0.14044
-0.18388 -0.12677 0.17123
0.16215 0.04499 0.06582
-0.09126 -0.01073 -0.02385
-0.23553 -0.03399 0.18745
-0.24411 0.01493 -0.01451
0.31537 0.01922 -0.12012
0.16021 0.09236 -0.00202
-0.32367 0.05349 -0.05285
-0.33875 0.05379 -0.05053
0.34085 0.01673 0.14039
-0.33755 0.05377 -0.06046
0.16001 0.02399 -0.14340
-0.28668 -0.10298 0.15512
-0.30777 -0.03620 -0.11813
0.34782 -0.07591 0.18332
-0.27141 0.02679 -0.17532
-0.23085 -0.01093 0.18699
-0.08235 -0.04654 -0.09901
-0.34808 0.05880 0.12439
-0.12441 0.08248 -0.09043
-0.34204 -0.08083 -0.11933
-0.18110 0.16570 -0.00076
-0.09035 -0.10897 0.17862
-0.09308 0.09337 0.14663
0.14311 0.05172 0.07041
-0.27360 -0.03380 -0.10726
-0.08685 -0.03495 0.03853
-0.05892 0.16620 0.03900
-0.21825 -0.04709 -0.10583
-0.21799 -0.04810 -0.04596
0.05454 0.13148 -0.13003
0.01217 -0.04896 -0.10218
0.16748 0.06917 -0.14253
-0.37185 0.06334 -0.01197
0.21752 -0.12592 -0.16440
-0.12495 0.08190 -0.04962
-0.24702 0.15521 -0.06792
-0.06206 0.00845 0.01745
0.15011 0.01349 0.17972
-0.10907 0.06215 -0.09510
0.34366 -0.00651 0.11747
-0.26261 -0.16501 -0.12526
-0.22774 0.15917 0.03749
0.29241 -0.01867 -0.16624
-0.07269 0.01823 -0.06883
0.40755 -0.07622 -0.03526
-0.30558 0.02461 -0.17537
0.24872 0.00316 0.02336
-0.04453 -0.04855 -0.12406
-0.09830 0.04280 0.02116
-0.34208 -0.06612 0.10787
-0.23205 -0.12562 0.16154
-0.21087 -0.10946 -0.10072
0.23265 -0.01687 -0.13529
-0.01054 -0.08076 -0.12565
-0.07559 -0.05986 0.18633
-0.04956 0.03463 -0.14347
-0.07915 0.03018 -0.14318
-0.07617 0.16773 0.01780
0.14687 0.01770 0.14298
-0.27106 -0.16591 0.11137
-0.28445 -0.16801 -0.10198
-0.09792 0.16291 0.01426
-0.07571 0.16255 0.01034
0.24960 -0.04322 0.09858
-0.08244 0.13891 -0.12394
0.13276 -0.02537 0.14406
0.10553 -0.01313 0.14371
0.14108 -0.01494 0.14366
-0.29185 0.15148 -0.01662
0.00898 0.15755 0.07745
-0.08300 -0.04482 -0.04786
-0.25078 0.02838 -0.07785
-0.24960 0.02641 -0.08414
-0.25674 0.03830 -0.04274
-0.20200 -0.06012 0.10525
-0.20156 -0.06009 0.08044
0.12305 0.11362 0.06480
0.35481 0.01032 0.10490
-0.33887 0.02062 -0.16949
-0.24656 0.14884 -0.05518
-0.01028 -0.07202 -0.01779
-0.11117 0.01300 0.14228
-0.04246 -0.00997 0.14367
-0.04381 0.00194 0.14305
0.15298 -0.04883 -0.11600
0.26116 -0.14815 -0.12761
0.38295 -0.02374 -0.07391
-0.17335 0.08687 -0.14441
-0.28603 -0.05167 -0.14862
0.16739 -0.02529 -0.18739
0.02260 -0.12026 -0.17485
0.20130 -0.03408 0.18765
0.13153 0.02233 0.07493
0.23045 -0.15985 0.14784
0.01311 -0.06415 0.12901
0.33231 -0.06617 0.13012
0.19255 0.06279 -0.09727
-0.09870 -0.00730 -0.03393
-0.17726 -0.10344 -0.13769
-0.18521 -0.09616 -0.13776
0.21990 -0.03218 -0.00817
0.27781 0.03556 -0.07277
-0.18666 0.06176 0.15075
0.08111 0.11985 0.01155
-0.13809 0.15944 0.10789
-0.24292 -0.02597 0.17562
0.05920 0.14513 0.09551
-0.35735 0.08129 -0.01881
0.03892 0.15711 0.00914
0.27892 -0.01481 0.13059
0.35054 0.01796 -0.06398
0.15955 -0.01657 0.18682
0.20925 -0.04261 -0.18290
0.31179 -0.00260 -0.17532
-0.39578 -0.11763 0.08876
-0.04325 -0.06507 0.11201
0.01326 0.14200 -0.12077
-0.22154 -0.03632 -0.09177
-0.26931 0.05670 -0.10488
-0.07293 -0.11176 -0.17797
-0.32339 0.05304 -0.14695
-0.34393 -0.06528 -0.13447
-0.06297 0.00040 0.07556
0.04779 -0.03984 0.09414
0.17427 -0.05118 -0.02358
-0.15411 0.15044 -0.12106
-0.21495 -0.05972 -0.03286
0.17670 -0.10336 -0.17928
0.39683 -0.03767 -0.02906
-0.01106 -0.08423 0.18301
-0.11105 0.13366 -0.12929
0.33094 -0.10599 -0.12109
0.17398 -0.09262 0.00804
0.17774 -0.07589 0.00637
0.25537 0.03956 -0.01912
0.15597 0.04139 0.15144
0.27535 -0.16256 -0.16099
0.06090 0.14612 0.03599
0.02374 0.15966 0.02065
-0.34818 -0.07874 -0.14698
-0.25856 0.04132 0.01078
-0.26251 0.04789 0.01357
0.12596 0.04226 0.15565
-0.11176 0.08250 0.10500
-0.29318 0.04995 -0.04443
-0.03751 0.16044 -0.02097
-0.05388 0.16139 -0.02234
0.02234 -0.06795 0.01500
-0.04042 -0.07486 0.01291
-0.02003 -0.07261 -0.01218
0.00316 -0.07006 -0.00173
0.06982 -0.06273 0.00870
0.14503 0.09953 0.06610
-0.25927 -0.14982 0.15611
-0.22257 0.14910 -0.08934
0.14614 -0.03665 0.01574
0.14882 -0.04075 0.04321
0.15007 -0.04236 0.01456
-0.11958 0.09780 -0.04398
-0.22736 -0.01586 0.13007
0.28197 -0.14404 -0.14768
-0.35715 -0.06388 -0.14982
-0.29034 0.11754 0.12095
-0.08096 -0.00389 -0.01960
-0.20285 0.10296 -0.13705
0.06286 0.08611 -0.14579
0.31728 -0.04749 0.12597
0.31810 -0.04843 -0.16950
0.14671 0.04325 -0.16630
-0.16526 -0.05017 0.06298
-0.16520 -0.05015 0.04749
-0.09693 0.09449 -0.14372
-0.41873 -0.06464 0.04139
-0.25719 0.13499 -0.12254
0.25161 -0.14516 -0.14985
0.21715 -0.03952 -0.15029
-0.40734 -0.04527 -0.08238
-0.11918 -0.00606 0.18628
-0.34092 -0.04255 -0.14313
0.12472 0.02062 0.10263
-0.33658 -0.05256 -0.13595
0.26865 -0.02908 0.15537
-0.20623 0.15761 -0.00483
-0.20093 0.15836 -0.00811
-0.25129 -0.01220 -0.14051
-0.05823 0.14377 -0.12396
-0.40235 -0.07211 0.14760
-0.37277 -0.11407 0.15916
-0.04823 0.00337 -0.14297
-0.08123 0.00637 -0.14271
-0.03829 -0.00985 -0.14367
-0.21330 0.14023 -0.12445
-0.40039 -0.11698 0.07745
0.02887 0.10126 -0.14081
-0.23028 0.15910 -0.03173
0.18353 -0.08287 -0.13704
0.19402 0.04391 0.04304
0.19139 0.04425 0.03427
-0.22981 -0.14060 -0.17376
-0.22530 0.01878 0.13895
-0.12224 -0.04399 0.07139
0.15974 -0.05000 -0.02318
0.15532 -0.04978 -0.05923
-0.13499 -0.04461 -0.01898
0.18080 0.04822 -0.14720
0.06483 0.14778 0.05476
0.17320 -0.08387 0.07867
0.34441 0.01951 -0.11384
0.38687 -0.03600 0.12995
0.26623 -0.16466 0.16073
0.15969 -0.05036 -0.08444
-0.35201 -0.05171 0.13787
-0.18646 0.12588 0.13085
0.23056 0.02525 0.16372
0.00599 0.14384 -0.12317
0.17923 0.04385 0.09601
-0.08166 -0.12860 -0.16927
0.23435 0.04114 0.14498
0.31010 -0.05131 -0.13044
-0.02922 0.16196 -0.06980
0.23584 -0.14594 -0.14297
0.23542 -0.02732 -0.04147
-0.27434 0.06042 -0.15267
0.27034 0.04374 0.03078
-0.15751 0.06350 -0.15110
-0.08705 0.04144 0.01933
-0.04123 0.02718 0.17364
0.23950 -0.07675 -0.14957
-0.04737 0.06747 -0.15133
-0.02249 -0.05768 0.01619
-0.30317 0.12299 0.07532
0.14342 0.04891 -0.16133
0.07675 0.14340 0.05653
0.12741 0.00970 -0.06226
-0.00558 0.16220 -0.04507
0.21557 -0.02513 0.15621
0.28027 -0.15236 0.13515
0.21486 0.04194 0.08621
-0.28386 0.04943 -0.15507
0.11721 0.06400 0.21143
-0.24820 0.14996 -0.03964
-0.08042 -0.05171 0.09017
-0.23145 -0.01986 0.14064
0.21473 -0.06714 -0.16142
-0.39962 -0.00122 0.07325
-0.30891 -0.00644 -0.18557
0.09206 0.12965 0.08707
0.30765 -0.13146 -0.15324
-0.31807 -0.04326 0.15498
0.18553 0.05291 -0.15773
0.19266 -0.00417 0.07332
0.20562 0.01813 -0.17186
-0.32698 -0.06008 0.10726
-0.30745 -0.06378 0.10726
0.19881 -0.11773 -0.12211
0.04229 -0.08444 0.14021
0.05106 -0.09850 0.13918
0.07037 -0.09097 0.13965
0.19533 -0.02251 -0.09514
0.07265 -0.13631 -0.15622
0.07706 0.14185 -0.05307
-0.00144 0.14574 -0.11232
0.25912 -0.03202 -0.15651
-0.11700 0.02524 0.08469
-0.31648 -0.03433 0.11135
-0.29078 0.06130 -0.02216
0.16623 0.08794 -0.02799
-0.31362 -0.03315 -0.12345
0.33727 0.01578 0.14583
-0.21258 -0.07085 -0.15932
-0.04219 -0.12980 0.16657
-0.24810 0.02331 0.02026
-0.01604 -0.06987 -0.01848
0.35876 0.01554 -0.05272
-0.19425 0.14934 -0.10569
-0.03633 -0.06429 -0.03707
-0.10823 0.16230 -0.03722
-0.11200 0.16315 -0.00908
0.01797 -0.13499 -0.16095
-0.14404 0.03797 0.16567
-0.07230 -0.07272 0.02979
-0.09986 -0.07261 -0.18470
-0.07719 0.02128 -0.17966
0.38592 0.00186 0.01728
0.05007 -0.09770 0.02463
0.10137 -0.07671 0.02309
0.10737 -0.08947 0.02443
0.01950 -0.07760 0.02229
0.15649 -0.08662 0.02467
0.02539 -0.07835 0.02243
-0.00678 -0.07810 0.02206
0.13469 -0.06021 0.02181
0.07826 -0.09035 0.02420
-0.23771 0.15104 -0.01619
0.11068 -0.07609 -0.18471
0.22575 -0.00111 -0.03847
0.09048 -0.08257 -0.14018
0.11508 -0.09403 -0.13928
0.13868 -0.08227 -0.14003
-0.26995 0.14728 -0.04887
-0.15341 -0.10532 -0.17697
-0.15806 -0.06087 0.18597
-0.02163 -0.04480 0.18741
-0.01556 -0.12150 0.17458
-0.23694 0.04994 0.14462
-0.35368 0.06279 0.09890
-0.37623 -0.10272 0.17474
-0.07873 0.02783 0.06042
0.40540 -0.02683 0.03687
-0.16559 0.14380 -0.11828
0.38219 0.00133 0.05063
-0.27875 -0.02709 -0.09756
0.05381 0.14734 0.04544
0.37834 -0.04503 0.15754
0.33375 -0.06690 -0.10383
0.28939 -0.06086 -0.06399
0.29328 -0.14340 -0.15240
0.07142 0.14014 0.08462
-0.06675 -0.07574 -0.18204
0.24858 -0.02446 0.15591
0.16864 -0.05082 0.01704
0.20361 -0.07486 -0.14596
0.02883 -0.07172 0.01865
-0.05113 -0.04467 0.14292
-0.03652 -0.06109 0.14201
-0.05188 -0.05511 0.14231
-0.08058 -0.03837 0.14320
0.21787 0.04185 0.01224
-0.34840 -0.10133 0.15395
0.24440 -0.16492 -0.13262
0.28822 -0.00052 0.06217
0.17568 -0.07224 0.01763
0.16654 -0.11323 0.02114
0.16828 -0.10542 0.01877
-0.29054 0.05284 -0.08979
-0.27989 0.05262 -0.12565
-0.28758 0.05278 -0.08541
-0.33993 0.05388 -0.10323
0.07173 0.04745 0.07400
0.02906 -0.07289 -0.12683
0.39092 -0.03674 0.11765
0.40646 -0.04465 -0.07949
0.21834 -0.03538 0.17837
0.08934 0.02316 -0.17311
-0.20461 -0.09935 -0.14211
0.14135 -0.10802 -0.17810
-0.22822 -0.02074 -0.18765
-0.11301 0.01950 -0.10678
-0.28851 0.03594 -0.15981
0.05825 0.09533 -0.14292
0.10778 0.04908 0.15562
-0.24785 -0.03827 0.12108
-0.15101 0.03288 0.16829
-0.27584 -0.02587 0.18180
-0.28316 -0.02508 0.12928
-0.06092 -0.03027 -0.12891
0.21000 -0.05787 0.16072
-0.02760 0.15116 0.10608
-0.11444 -0.11834 -0.17581
0.20477 0.04809 0.13182
0.25950 -0.01131 0.14372
-0.05313 0.11341 0.13701
0.05325 -0.05465 0.10977
-0.23304 -0.00952 0.00102
-0.23445 -0.00639 0.03936
-0.10761 0.06711 -0.06209
-0.10478 0.03060 -0.17102
-0.02431 0.15487 -0.08421
-0.22148 0.16116 -0.01131
-0.29197 -0.05210 -0.14302
-0.20034 -0.10346 0.17864
0.31662 -0.11977 -0.15105
0.21891 0.00449 -0.05555
0.32774 -0.01042 0.17518
0.23148 -0.00529 -0.07927
-0.04513 -0.04178 0.02562
-0.15589 0.16154 0.02390
0.31011 0.02474 0.14986
0.01150 0.16199 0.00186
-0.23545 -0.06498 -0.10726
0.11982 0.06898 -0.15133
-0.26588 -0.02916 0.18077
0.07648 0.14341 -0.00728
0.08081 -0.08264 0.14021
0.09649 -0.10691 0.13843
0.09154 -0.10297 0.13873
0.00418 -0.03651 0.18765
0.26754 -0.07423 -0.15766
0.16565 -0.05399 0.18705
-0.28999 0.08060 -0.14475
0.40404 -0.07377 0.12067
-0.32602 0.09701 0.09553
0.21278 0.02081 -0.16818
0.39548 -0.10805 -0.12055
0.14733 0.02028 0.17334
0.03778 0.01729 -0.17989
-0.10468 0.00476 0.10028
0.00016 -0.05441 0.08144
0.03798 -0.04563 0.18737
-0.21302 -0.09390 -0.09756
0.22259 -0.11286 -0.16816
0.30455 -0.05052 0.15364
0.06944 0.04678 0.08014
-0.34688 0.09248 0.02373
0.21827 -0.00900 0.02229
-0.21605 -0.04280 0.13751
-0.03284 -0.10150 -0.17601
-0.24852 0.14238 0.10832
0.24960 -0.02652 -0.02418
-0.29236 -0.14964 0.13641
-0.07379 0.15301 -0.10588
-0.08537 -0.01640 -0.02159
0.14887 0.04908 -0.16115
0.04286 0.15404 -0.05266
0.20826 -0.14575 0.14968
-0.21855 -0.04597 0.09632
0.39454 -0.04249 -0.11784
-0.37136 -0.09920 -0.13753
-0.37117 -0.09719 -0.11884
0.36330 -0.02486 0.15923
0.17518 -0.06152 -0.18026
0.12609 0.08616 0.14915
0.12445 -0.05774 0.01764
-0.35124 -0.12794 0.18226
-0.18284 -0.04458 -0.18710
0.28959 -0.02894 -0.16165
-0.12260 0.16711 -0.04027
-0.07070 0.07275 0.15298
0.28955 0.02251 -0.15799
0.32688 0.02768 0.12543
-0.23475 -0.14946 -0.16231
-0.38782 -0.01763 -0.14673
0.20327 -0.05125 0.04638
-0.26187 0.14902 -0.04421
-0.10399 0.06052 -0.15283
-0.26765 0.06388 -0.08846
0.39771 -0.01471 0.03887
-0.32811 0.10344 -0.06905
0.41770 -0.05888 -0.04762
0.11400 0.07040 -0.15085
0.21073 -0.07041 -0.07570
-0.22008 -0.09086 0.13796
0.29800 0.03634 0.03675
0.11789 0.11069 0.11082
-0.02121 0.13023 -0.13020
-0.09320 0.06143 0.15299
-0.21052 -0.03177 -0.18750
-0.11675 0.05597 -0.12181
-0.27070 -0.07276 -0.12939
-0.35695 0.06649 0.08044
-0.38923 0.01092 -0.09521
0.03983 0.05208 -0.15506
-0.07783 0.09383 -0.14643
-0.31236 -0.01882 -0.14355
0.03188 0.00999 -0.14279
-0.01251 0.01384 -0.14250
0.06472 0.01043 -0.14289
-0.11276 0.02439 0.02989
-0.00698 -0.00593 -0.14344
0.06051 -0.01785 -0.14390
-0.02374 0.00454 -0.14294
-0.04437 0.15777 0.06699
-0.05170 0.15817 0.06741
-0.17148 0.03345 -0.16752
-0.21670 0.11822 0.13318
0.04904 0.06307 -0.15213
-0.37113 -0.09677 0.13473
0.16698 0.02322 -0.16965
-0.10814 -0.04661 0.18725
-0.10979 0.16626 0.05281
-0.32038 -0.02214 0.14367
-0.22866 -0.05869 0.11127
0.24766 0.04083 -0.04232
-0.00942 0.15555 0.06543
0.04301 -0.11307 0.17709
0.15509 -0.05006 0.10467
-0.29161 -0.07226 -0.10726
-0.21521 -0.08409 -0.10726
-0.30200 -0.01814 -0.18718
0.19800 0.02914 0.16543
0.01379 0.10299 -0.14032
0.20635 0.05461 -0.08778
0.29830 -0.02707 0.18648
-0.36377 0.02506 0.13325
0.29529 -0.02191 0.06272
-0.27320 0.07592 0.05111
-0.41797 -0.06067 0.04588
-0.05743 -0.10034 -0.02606
0.01109 -0.08833 -0.02530
0.17112 -0.05522 -0.02270
0.09075 -0.06699 -0.02320
0.00116 -0.08385 -0.02438
-0.21064 -0.00983 -0.18690
-0.23334 -0.06401 -0.14270
0.41054 -0.11085 -0.03473
-0.04570 -0.07006 -0.04183
-0.34064 0.08796 -0.07632
-0.11809 -0.04700 -0.06844
-0.23169 -0.05462 -0.11516
0.32957 -0.05622 -0.12140
-0.05960 -0.04498 -0.12889
0.13561 -0.02184 0.07743
0.12996 -0.01350 0.07391
-0.26571 0.13643 0.11365
-0.14408 0.10740 0.13861
-0.27942 0.00025 -0.18520
-0.29818 0.11795 -0.10626
-0.12849 0.16829 -0.00205
0.36563 -0.05776 -0.17327
-0.13858 0.16082 0.04893
-0.09992 0.15691 -0.11699
-0.30553 -0.03416 0.10756
0.41030 -0.07623 0.07956
-0.26448 0.02829 -0.13777
-0.39227 -0.06785 -0.17055
-0.12129 0.05430 0.02559
0.14505 -0.03528 0.04523
0.14688 -0.03797 0.05563
-0.15644 -0.02827 -0.18759
0.32067 -0.11071 0.15231
0.12497 0.00497 -0.09587
-0.08277 0.06514 0.14547
-0.02239 0.16401 0.04069
-0.33668 -0.14826 -0.14184
0.09258 0.01868 0.07618
0.30161 -0.02431 0.13511
0.17970 -0.05533 0.13752
0.17984 -0.05503 0.13143
-0.06809 -0.01368 -0.12800
0.29301 0.02775 0.11073
-0.02040 -0.08054 0.18361
0.11808 0.08357 -0.14255
-0.13282 -0.06441 -0.14009
-0.26199 -0.09017 0.14301
-0.40520 -0.07662 0.13460
-0.21674 0.10132 -0.13902
0.22836 -0.03351 0.09028
-0.05882 0.16190 0.01613
-0.19759 -0.11396 0.13602
-0.18634 -0.09073 0.13805
-0.38646 0.00377 0.12299
-0.14310 -0.04538 0.10664
0.36006 0.00879 0.11376
-0.21645 -0.08193 -0.17425
-0.25426 0.11363 -0.13484
0.13707 -0.02805 0.15118
-0.39628 -0.11586 0.12141
-0.08799 0.14425 -0.12603
0.30998 -0.05167 0.13387
-0.34607 -0.09727 -0.15114
0.28378 0.03333 0.07947
-0.35291 0.05831 0.10939
-0.00072 -0.08288 -0.18326
-0.25888 0.12448 0.12951
0.31466 -0.06635 -0.16157
-0.17201 -0.12057 -0.17479
0.13243 -0.01706 -0.06721
0.15410 -0.04926 -0.08471
0.31279 -0.10932 0.17612
-0.11715 0.02549 -0.04324
0.00992 0.04705 0.15651
0.36841 -0.04449 0.16853
-0.18152 -0.06604 -0.14344
-0.06819 0.05303 -0.15835
0.06141 0.06351 0.15204
0.34675 0.01773 -0.07897
-0.28629 0.06235 0.12357
0.03646 -0.06942 0.18539
0.14033 -0.04597 0.18737
-0.05896 -0.10954 0.17854
0.20691 -0.01775 -0.03302
0.24190 -0.02535 -0.01777
0.32175 -0.01754 0.03761
-0.20809 0.12193 -0.13189
0.16907 0.04822 0.03766
0.25749 0.02159 -0.16284
-0.29233 -0.10871 0.10726
-0.30616 -0.11689 0.10726
-0.30843 -0.10645 0.10726
-0.40819 -0.06399 -0.12537
-0.05383 -0.01753 -0.09742
0.32466 -0.09008 0.17690
-0.14368 0.14783 0.12118
-0.35017 0.06441 0.10470
0.38272 -0.10269 0.15383
0.25713 0.00316 0.02602
-0.28583 -0.07614 0.10726
-0.29201 -0.07117 0.10726
-0.22544 -0.08256 0.10726
-0.06828 0.01014 -0.08417
-0.38875 0.01014 0.09899
-0.21941 -0.04968 -0.16690
-0.08165 -0.04841 -0.08503
-0.36941 -0.08662 -0.17897
-0.41279 -0.06301 0.10003
0.13966 -0.00299 -0.14325
0.12595 0.01206 -0.14278
0.14063 0.00643 -0.14293
0.19103 -0.04268 -0.02116
-0.29226 0.03793 0.15835
0.23061 -0.03800 -0.14108
-0.34693 -0.08335 0.13132
0.24662 -0.14943 0.17709
-0.19897 -0.08157 0.18320
-0.28784 -0.16819 0.12851
-0.21095 -0.04374 0.18707
0.06892 -0.08732 -0.18239
-0.04955 -0.03135 -0.05985
-0.20325 0.06063 0.15140
-0.21602 -0.04862 -0.13119
-0.18320 0.13357 -0.12800
-0.33032 -0.05484 0.15014
0.35208 -0.01151 0.12696
-0.23436 0.07230 0.14664
0.19839 -0.05394 -0.18181
-0.00131 0.14425 -0.12094
0.18219 -0.07913 0.18391
-0.06389 -0.08282 0.10322
-0.05014 -0.08092 0.14090
-0.06382 -0.10478 0.13948
-0.03661 -0.10599 0.13923
0.32254 0.02133 0.11644
-0.18919 0.06189 -0.15065
-0.10316 -0.10458 0.17447
-0.41350 -0.08794 -0.07030
0.36263 -0.00172 -0.13577
-0.18633 -0.05839 -0.00720
-0.16865 -0.05150 -0.00071
-0.27719 0.15734 0.03236
-0.05272 -0.07152 0.04570
0.12858 0.03160 0.09182
-0.08372 -0.04287 -0.06658
-0.22425 -0.05283 0.14941
0.41517 -0.06973 0.07893
-0.05023 -0.02816 -0.10239
-0.40396 -0.04164 0.09035
0.24014 -0.00052 -0.01865
0.36516 -0.01947 -0.14967
0.04304 0.14793 -0.10651
-0.36026 -0.07274 -0.15729
0.27910 0.00214 0.04612
0.25214 0.00316 0.06991
0.06188 -0.02437 0.18749
0.31602 -0.07001 -0.03499
-0.24794 0.02697 0.12734
0.07496 -0.02947 0.18760
-0.04677 -0.05845 0.07266
0.20043 -0.02198 0.08436
-0.17202 0.02215 -0.17932
0.18742 -0.06474 0.13521
-0.16614 0.14277 0.12488
-0.27763 -0.03204 -0.11688
-0.35283 0.00674 -0.17442
-0.09645 0.16270 -0.01956
0.37089 -0.11798 0.16108
0.37813 -0.10854 -0.15733
0.14811 0.04327 0.09547
-0.09949 0.08192 -0.14746
-0.36464 -0.07376 -0.12946
-0.36493 -0.07464 -0.11213
0.33478 0.01436 -0.14980
-0.35515 -0.12266 -0.15099
-0.39188 -0.11801 0.01022
-0.04676 -0.05988 -0.04558
0.17660 0.02036 0.17176
-0.22238 0.15367 -0.04241
0.21257 -0.12690 -0.14491
-0.32036 -0.04291 -0.10421
0.21189 -0.00120 0.02071
0.24465 0.04183 0.01834
-0.08499 -0.06062 -0.14220
-0.10439 -0.03367 -0.14341
-0.11927 -0.06742 -0.14215
-0.11682 0.16694 0.04334
-0.33367 -0.12251 -0.11618
-0.18915 -0.12487 0.13003
-0.14467 -0.12533 0.16034
-0.06136 -0.12619 0.16302
-0.19800 -0.12478 0.15019
-0.01130 -0.12670 0.13730
-0.03161 -0.12649 0.14486
-0.07006 -0.12610 0.14704
-0.15009 -0.12527 0.14854
-0.10701 -0.12572 0.14716
0.00082 -0.12683 0.15949
-0.18952 -0.12487 0.16032
-0.09522 -0.12584 0.16725
-0.18324 -0.12494 0.12985
-0.16515 -0.12512 0.13431
-0.01992 -0.12661 0.16551
0.40426 -0.02121 0.00278
-0.06055 -0.00403 0.04727
-0.21295 0.16211 0.02420
0.16949 0.08267 -0.07199
0.01793 0.00779 -0.18317
0.30635 -0.15062 -0.13722
-0.04110 -0.06673 0.03733
-0.34147 -0.14374 0.13328
0.30023 0.02863 0.11530
0.09094 0.13585 -0.01182
-0.39813 -0.04394 -0.12210
-0.03389 0.16052 0.08581
0.31476 0.02364 0.10550
-0.05391 -0.07951 0.01281
0.12348 0.02187 0.10885
0.12739 0.00963 0.05402
-0.33648 0.06490 0.12983
-0.16121 0.03159 -0.14208
-0.33516 -0.02051 0.18477
-0.16907 -0.07020 -0.18485
-0.14935 0.01616 0.14134
-0.19165 -0.00540 0.14074
0.21754 -0.12684 0.16414
-0.17612 0.16177 -0.07671
-0.26808 0.15000 0.08742
-0.34664 -0.10988 -0.12084
0.19281 -0.02133 0.04801
0.19648 -0.01708 -0.09840
-0.29443 0.02755 -0.17268
-0.03730 0.16203 0.07463
0.07842 0.02477 0.17165
0.12652 -0.06251 0.18634
-0.31888 0.06729 0.13219
0.08460 -0.05103 -0.14239
0.12058 -0.05474 -0.14201
0.11599 -0.07241 -0.14081
-0.11812 -0.08315 0.18294
-0.21678 -0.05405 0.13621
0.17877 0.01213 -0.17989
-0.23015 0.14640 -0.10179
0.33664 0.02036 -0.08981
-0.31128 0.05327 0.07622
0.26667 0.01094 0.17200
-0.06642 -0.04530 0.18663
0.18699 0.04288 0.15049
0.30457 -0.04203 -0.04738
0.32335 -0.04311 0.06677
0.18625 -0.07857 0.18098
0.12233 0.10404 -0.13909
-0.08056 0.03761 -0.16653
-0.26614 0.15691 -0.04312
-0.03780 0.02990 0.14316
-0.00232 0.02381 -0.17694
0.40099 -0.07566 0.12909
0.32873 -0.03231 -0.18312
-0.09570 -0.12380 -0.17385
-0.28092 0.05264 -0.02131
-0.30124 0.05304 -0.04839
-0.29898 0.05300 -0.03971
-0.32866 0.05359 -0.02959
-0.29047 0.05283 -0.05574
-0.09093 0.04526 -0.06946
-0.14559 -0.01966 0.14340
-0.13477 -0.01010 0.14333
0.26352 0.04285 0.05937
0.06412 0.05116 0.15516
-0.05821 0.07213 -0.15109
0.01652 -0.04746 -0.10980
0.09936 -0.00048 0.07764
-0.24509 0.11719 -0.13417
-0.05983 -0.01889 -0.14411
-0.06783 -0.01093 -0.14366
-0.10795 0.00127 -0.14293
-0.39320 -0.11773 0.04138
-0.28560 -0.03893 -0.14394
0.32938 -0.01695 0.17775
-0.20991 -0.07899 -0.17333
-0.26792 0.06469 0.08923
0.02440 0.03737 0.16612
0.06771 -0.13315 -0.16205
0.04633 -0.06298 -0.02522
0.19910 -0.04107 0.05869
-0.02636 -0.12777 -0.17126
0.29875 -0.05975 -0.06171
0.32597 -0.00391 0.11720
-0.33755 0.10335 0.00166
0.20775 -0.05083 -0.14505
-0.39945 -0.03191 -0.11034
-0.34025 -0.04954 -0.17425
0.00019 0.15372 0.11550
-0.33281 -0.12330 0.15559
0.15308 0.08863 -0.10397
-0.21703 -0.01170 -0.14089
-0.23704 0.00360 -0.14041
0.38659 -0.02321 -0.10873
0.12100 -0.10343 -0.17550
0.27052 0.00845 -0.17507
-0.25456 -0.04114 -0.14599
0.27352 -0.00880 -0.05466
-0.15760 0.16128 0.08916
-0.06608 0.13399 -0.12865
0.16580 -0.11656 -0.02407
0.17367 -0.08169 -0.03945
0.17414 -0.07960 -0.05351
0.12577 -0.00922 0.12857
0.12401 -0.00796 0.14480
0.39630 -0.10655 0.12004
0.00245 -0.06090 -0.01639
0.15454 -0.00138 0.18438
-0.39688 0.01452 0.00832
-0.15765 0.02352 0.14144
-0.21927 0.12661 0.13100
0.17870 -0.07162 -0.00129
0.18173 -0.05813 -0.01341
0.37333 -0.01102 -0.12586
-0.04717 -0.04654 0.10135
-0.22559 -0.05720 -0.18446
0.03671 -0.03152 -0.14369
0.07810 -0.06616 -0.14137
0.04974 -0.05944 -0.14180
0.39777 -0.04382 -0.04301
-0.39082 0.00082 -0.11286
-0.27191 -0.16686 -0.14686
0.40791 -0.07621 0.10351
0.09182 0.01483 -0.18017
0.12387 -0.11259 0.13779
0.15803 -0.11718 0.13713
0.10336 -0.11159 0.13805
0.06979 0.02745 0.10316
0.16805 0.06297 -0.15545
0.29761 -0.01537 -0.04922
0.09539 -0.07339 -0.18504
-0.13201 0.15850 -0.07602
-0.11496 0.15907 -0.07326
0.03545 -0.09296 -0.13963
0.01140 -0.08892 -0.14000
0.01431 -0.07561 -0.14093
0.06812 0.02618 0.03569
-0.06135 -0.01553 -0.12907
0.18729 0.04401 0.08116
0.15787 0.09275 -0.04595
-0.38257 -0.04773 0.17477
0.25507 0.04036 0.02773
0.26086 0.04364 -0.06916
-0.31638 0.10935 -0.08710
-0.28398 -0.01810 0.18425
-0.08785 0.01959 -0.12570
-0.03531 0.15709 -0.11218
-0.15483 0.16700 0.02186
-0.15115 0.15868 -0.07009
-0.11019 0.16821 0.01920
-0.00386 -0.03151 -0.18764
0.12162 0.02115 0.14659
0.23676 -0.00839 0.00579
0.17143 -0.09207 0.12802
0.16617 -0.11495 0.13106
0.36251 0.01612 0.01002
-0.32365 -0.15821 -0.11437
0.30682 -0.04377 0.14492
0.33041 0.01802 0.14917
-0.23812 -0.13546 -0.15144
-0.37555 -0.00024 0.15706
-0.25073 0.08996 0.14174
0.06485 0.04222 0.15602
-0.09280 0.08317 0.14514
0.10977 0.03628 -0.14522
0.21560 0.04209 -0.00018
0.13917 0.02191 0.17173
0.27543 0.03293 -0.10003
0.29547 -0.04119 -0.15258
0.20031 -0.07659 0.17645
-0.07604 0.06630 -0.15129
0.41091 -0.05241 0.07907
-0.16522 -0.07621 -0.18396
0.31949 -0.05670 -0.11678
-0.17425 0.13026 0.12948
0.31002 -0.02664 0.01838
0.07699 -0.11546 -0.17623
0.13095 0.05832 -0.15352
0.19383 0.04690 0.06444
-0.29844 -0.02517 0.13059
-0.23255 -0.03270 0.14039
0.08322 0.02657 -0.16995
0.06621 0.14811 -0.04580
-0.07778 -0.05928 0.10322
-0.22611 -0.09815 -0.14943
-0.18591 -0.05823 0.01491
-0.16583 -0.05040 0.10228
-0.16721 -0.05093 0.09634
-0.07454 0.05708 0.15725
-0.14921 0.15678 -0.08813
-0.04277 -0.07261 -0.02007
-0.40950 -0.04537 0.06462
-0.07850 0.10115 0.13730
0.37709 0.00660 0.04394
-0.21360 0.15306 0.06588
0.00617 -0.05171 0.01483
-0.22392 -0.09724 0.12863
0.23022 0.04338 -0.09602
0.39800 -0.01146 0.00324
-0.34831 -0.07971 0.17755
0.19626 -0.00425 -0.02598
0.02986 0.03617 0.16649
-0.06651 -0.06686 0.18078
0.24929 -0.16398 -0.12742
0.23380 0.04206 -0.10591
0.40873 -0.10852 -0.05573
0.11416 0.02286 -0.14333
0.12663 0.03011 0.13769
-0.11986 0.06207 0.04263
-0.35449 -0.05674 0.15917
-0.06754 -0.07483 -0.11016
0.28856 -0.01861 -0.04940
0.31570 -0.12174 -0.12247
-0.23592 -0.12947 -0.10314
0.13814 -0.09252 -0.18049
-0.13008 0.16649 0.04740
0.11989 -0.11929 0.17476
-0.31885 -0.15123 0.18425
-0.10214 0.16605 -0.05505
-0.27201 0.15192 -0.07711
-0.23234 -0.12793 -0.11774
-0.01474 -0.05250 0.03142
-0.10029 0.05536 0.10541
0.19131 -0.08059 -0.09079
-0.28499 0.14066 0.03392
-0.22643 0.15357 0.02625
-0.21800 0.15481 0.03166
0.37832 -0.02207 0.10101
-0.22531 -0.02673 -0.07410
-0.23271 -0.03381 -0.12975
-0.16564 -0.11095 0.17752
-0.37824 -0.07072 -0.17767
-0.27706 0.13443 -0.10031
0.41576 -0.07621 -0.04618
-0.11141 0.09949 0.09939
-0.17485 0.10958 0.13710
0.20685 0.00516 -0.01802
0.39019 -0.03279 -0.11638
-0.22381 0.05222 0.15037
-0.23748 -0.12419 0.13147
0.27779 -0.07565 -0.06247
0.38698 -0.03760 0.08670
-0.17458 -0.10426 0.17806
0.28069 -0.00052 0.07362
-0.18228 -0.08900 0.18059
0.37910 -0.02862 0.13694
-0.23058 -0.05607 -0.17424
0.36588 -0.10526 -0.17049
0.17220 -0.08823 0.06661
0.39287 -0.02559 -0.09369
0.27185 0.04292 -0.02675
-0.06403 0.02037 -0.14246
-0.12212 0.03161 -0.14320
-0.41798 -0.07218 0.04225
0.01419 0.11844 -0.13497
0.26810 -0.00081 -0.01634
0.27359 -0.02716 0.12730
0.07103 0.14733 -0.02829
-0.08041 0.16595 -0.05161
-0.19557 0.14058 0.12423
-0.01313 0.07844 -0.14800
-0.24726 0.11236 0.13059
-0.24602 0.15149 -0.09073
0.28724 -0.08494 -0.05466
-0.06996 0.16351 -0.07390
-0.21730 -0.03768 0.14458
-0.33909 -0.05582 -0.11671
0.35019 -0.03009 -0.08127
0.18365 0.04478 -0.05679
-0.05089 0.04016 -0.14482
-0.23932 0.14794 -0.07619
-0.22201 0.15161 -0.06608
-0.27692 0.14217 0.00567
0.19915 0.06527 0.01653
0.33554 -0.00541 0.14668
-0.39968 -0.04830 -0.02690
0.07125 0.13928 -0.10227
0.38278 -0.00527 0.07712
0.23165 -0.03778 0.14669
-0.37534 -0.12640 0.11386
-0.07241 0.11143 -0.13051
-0.36350 0.07448 0.00835
-0.01252 0.15747 -0.09764
-0.29427 0.05290 0.04595
-0.28906 0.05280 0.06491
-0.32007 0.05342 0.03250
-0.35422 0.05410 0.02223
-0.36295 0.07526 -0.00657
0.31070 -0.03126 -0.12568
0.39871 -0.11405 0.10225
-0.30607 0.07747 -0.13237
-0.20307 -0.11377 -0.12687
-0.26943 0.05686 0.02952
0.33040 0.02139 -0.09460
-0.06250 -0.08588 -0.11726
0.12882 0.03133 0.06181
0.05204 -0.03991 -0.06080
0.10470 -0.09261 0.18032
-0.30473 0.03150 0.16341
0.26574 -0.00571 0.06417
-0.33712 -0.11624 -0.13587
-0.07831 0.02911 -0.03429
-0.36241 -0.08904 0.13738
0.15679 0.04281 0.11638
-0.02416 0.15785 -0.10170
-0.12733 0.04341 -0.04829
-0.23417 0.00323 0.14040
-0.21033 -0.00549 0.14057
-0.27405 -0.02610 -0.13476
-0.27269 -0.02623 -0.14783
-0.27479 -0.16723 0.17922
0.31427 -0.04045 -0.18592
0.13797 0.10675 0.02307
0.24776 0.04058 -0.05517
-0.14038 0.00093 -0.14246
-0.16598 -0.00624 -0.14176
-0.06130 0.10097 -0.14039
-0.10339 0.02822 0.17395
-0.18662 -0.03192 0.14107
-0.17732 -0.02838 0.14164
-0.18569 -0.04737 0.14041
0.32473 -0.00316 -0.16939
0.25505 0.00316 0.09172
-0.29443 -0.15445 0.14299
0.17411 -0.05010 -0.18723
0.11932 0.01992 0.05312
-0.09677 -0.00042 -0.12064
-0.08561 0.13506 -0.12067
0.38638 -0.01472 0.09205
0.15497 0.04227 0.13143
0.21597 -0.03046 0.18751
0.31513 -0.11398 -0.12598
0.31812 -0.09561 -0.09716
0.31117 -0.09561 -0.09482
-0.39488 0.00770 -0.07701
-0.40276 -0.04604 -0.02365
-0.22495 -0.02755 0.05217
-0.16581 0.15641 0.11470
-0.08351 0.14980 0.11354
-0.08784 -0.03263 -0.04096
0.14943 -0.03943 -0.18756
0.24960 -0.04239 -0.02801
-0.14188 0.12602 0.13195
-0.11920 0.07908 0.08971
-0.30429 -0.15243 -0.12166
0.03683 0.15619 0.04389
-0.37838 -0.10175 -0.17377
-0.10018 -0.00507 0.03890
0.05674 0.02040 0.03572
-0.39850 -0.00107 -0.02296
-0.06929 -0.10586 0.17327
-0.21595 0.13925 -0.11480
-0.05344 0.00532 0.18418
-0.12068 -0.04667 0.13270
-0.20834 -0.08235 0.17851
0.02713 0.13692 -0.12950
-0.12050 -0.05538 0.18661
-0.05715 0.16087 -0.04190
-0.34147 -0.11249 0.13523
-0.03266 -0.08504 0.14053
0.05548 -0.11812 0.13783
-0.02391 -0.08068 0.14075
0.04278 -0.10959 0.13846
-0.39832 0.01161 0.01765
0.28395 0.00986 -0.16798
-0.22030 -0.08921 -0.15105
-0.05469 0.16665 -0.02593
-0.35350 -0.11702 -0.17394
-0.38273 0.04052 0.05518
0.39481 -0.10560 -0.06640
-0.09380 -0.01098 0.02691
0.18546 0.06967 0.08473
-0.32186 0.10278 0.09101
0.17231 0.06645 -0.14596
-0.15658 0.16707 -0.01411
-0.26618 -0.10801 0.10726
-0.23563 -0.11010 0.10726
-0.20722 -0.10256 0.10726
-0.28617 -0.10018 0.10726
-0.02560 0.07431 -0.14931
0.19925 0.04278 -0.13320
-0.07411 0.02497 0.11463
0.11505 -0.11286 -0.02841
0.12047 -0.09269 -0.02645
0.17104 -0.09926 -0.02709
0.15882 -0.07589 -0.02482
0.09570 -0.10972 -0.02810
0.12838 -0.11033 -0.02816
0.13127 -0.09531 -0.02670
0.09115 -0.09855 -0.02702
0.05471 -0.11172 -0.02830
0.30406 -0.13362 0.17928
0.00214 0.15453 0.10925
0.03304 -0.04271 -0.04613
-0.07639 0.15821 0.11400
-0.08448 -0.04199 -0.14298
-0.07904 -0.02322 -0.14408
-0.03650 -0.03810 -0.14334
0.30210 -0.00875 0.07833
0.24112 0.04594 0.00120
-0.05822 -0.00177 0.02858
-0.31400 0.06290 -0.14626
0.13936 0.08240 -0.13857
-0.02132 0.16290 0.05357
-0.15246 -0.11649 0.17623
-0.03998 -0.06201 -0.01759
0.19739 -0.10148 -0.15901
-0.32323 -0.14032 -0.11674
-0.35017 -0.08962 0.10756
-0.27569 0.09104 0.13453
-0.20322 -0.05966 -0.12150
-0.13538 0.15946 0.06457
0.38392 -0.12675 -0.12736
0.18780 -0.05635 -0.09996
0.14026 0.04325 -0.17689
0.09788 -0.01344 0.18661
-0.40537 -0.04375 0.05544
0.13120 -0.11575 -0.17592
0.30390 0.03236 0.05080
-0.32804 -0.04476 -0.09756
0.30266 0.03223 0.13674
-0.31060 -0.02615 -0.18703
0.15627 0.09162 0.07128
-0.14865 0.16537 0.05470
0.33208 -0.07509 -0.09755
0.29928 -0.02699 -0.03349
0.05728 0.15269 0.00274
-0.10406 0.16846 -0.00496
-0.07816 -0.01438 0.18712
0.07172 0.11659 -0.13211
0.31981 -0.09502 -0.14054
-0.18874 -0.05928 -0.07421
-0.19593 -0.05974 -0.07452
0.41587 -0.07623 -0.02035
-0.08727 0.16701 0.03978
-0.22117 -0.09908 -0.14589
-0.05249 0.00131 -0.18493
0.11227 0.04026 -0.16091
0.27046 -0.02963 0.16793
-0.09774 -0.00979 -0.11048
-0.23778 -0.05499 -0.12612
-0.04563 -0.12961 -0.16744
-0.07005 0.16153 0.03680
0.40712 -0.03572 0.05266
-0.07060 0.16767 -0.01169
0.01073 0.15421 -0.05086
-0.00887 0.15757 -0.04369
0.12768 -0.00355 -0.18498
0.15948 0.09163 0.04683
0.06836 0.01563 -0.14275
0.03628 0.01971 -0.14285
0.00884 -0.04661 0.11450
-0.22251 -0.03336 0.09876
-0.37417 0.03684 0.09407
-0.12836 0.04764 -0.08766
0.21601 0.00681 0.18077
0.40413 -0.12030 0.03733
-0.30581 0.11988 0.08078
-0.02745 -0.05463 -0.12618
-0.08692 0.16684 -0.04223
-0.36813 -0.11092 -0.16906
0.18972 -0.08234 -0.09939
-0.28855 -0.01362 -0.14122
-0.26695 0.05365 0.09130
-0.08363 -0.10577 0.17799
0.17667 0.00928 0.17640
-0.16608 0.15906 0.05477
0.09838 0.10764 -0.14155
0.34992 0.01928 -0.04175
0.15192 0.03273 0.14463
0.24502 -0.10479 -0.15461
-0.14345 -0.07382 0.14239
-0.10552 0.07956 0.14801
-0.23550 -0.00407 -0.02851
-0.23389 -0.00764 -0.01437
0.39205 -0.03551 0.05749
-0.33431 -0.04328 -0.10726
-0.30401 -0.04138 -0.10726
0.26701 -0.15383 -0.12735
-0.41149 -0.10626 -0.05134
0.20850 0.05858 -0.00859
0.16675 -0.09498 0.18135
-0.27939 -0.05301 0.10726
-0.21932 -0.06754 0.10726
-0.28150 0.10064 0.12686
-0.36171 -0.09796 0.17628
0.25089 0.01519 0.16889
-0.07656 -0.05782 -0.11756
-0.12518 0.04695 0.11420
-0.10826 -0.12363 -0.17389
0.37391 -0.02027 0.13559
0.26250 0.00316 0.07197
-0.34728 0.05403 0.09211
0.40116 -0.10660 0.07996
0.39111 -0.03587 0.06446
0.12782 0.01827 -0.03409
0.32359 -0.10136 -0.13091
0.23661 -0.04261 -0.02504
0.23661 -0.04029 0.08724
0.23661 -0.03373 0.01710
-0.28771 0.06221 0.06537
0.28856 -0.03351 0.09760
0.39584 -0.00918 -0.01382
-0.23506 0.14925 0.06933
-0.02768 0.04346 -0.14755
0.38286 -0.09124 0.15924
0.14106 -0.03337 -0.14304
-0.04497 -0.06991 0.08208
-0.24937 0.14882 0.05413
0.23808 -0.14377 -0.13898
-0.25901 0.15282 -0.07678
-0.27347 0.06395 0.05452
0.00856 -0.05016 -0.07831
0.12445 0.00336 0.07681
0.14187 0.06328 0.14979
-0.36818 -0.11365 0.16782
-0.05288 -0.08741 0.02397
0.12157 0.08101 -0.14480
0.10360 0.02945 0.07598
-0.20284 -0.08041 -0.13816
-0.04158 -0.02478 0.18764
-0.34788 -0.10529 -0.15145
-0.31707 -0.02122 -0.18668
0.35291 -0.12490 0.17244
-0.11415 -0.03142 0.14356
-0.12685 -0.03534 0.14349
-0.07005 -0.05510 0.14233
0.05253 -0.04011 0.10352
0.08755 0.13504 0.06120
-0.28525 0.06244 -0.00088
-0.23237 0.15224 -0.03880
-0.22112 0.15443 -0.02966
-0.16596 0.16153 0.00146
0.18292 -0.00126 -0.03843
-0.22497 0.02329 -0.13889
0.29780 -0.04009 0.08730
-0.02831 -0.02061 0.18740
0.32701 -0.03922 0.09001
0.14032 -0.02878 0.07875
0.15178 -0.04534 0.06824
-0.21061 -0.11278 0.12985
-0.06449 0.04414 0.14709
0.15618 -0.04983 0.04624
-0.40188 -0.00012 0.00357
0.15836 -0.10423 0.17094
0.04803 0.15446 -0.02565
0.06186 -0.03561 -0.18761
-0.40876 -0.04954 0.10187
0.20654 -0.05003 0.06153
-0.41647 -0.08938 -0.01684
0.07892 0.07437 -0.14924
0.01397 -0.05299 -0.14230
-0.00317 -0.06481 -0.14168
0.02074 -0.04678 -0.14264
0.04344 -0.05679 -0.14197
-0.28325 0.05269 0.13781
-0.30433 0.05311 0.12221
-0.27891 0.05260 0.14130
-0.08885 0.03618 -0.01978
-0.11477 0.02198 0.04890
-0.40312 0.00681 0.01536
-0.36875 0.03926 0.10623
0.32134 -0.08114 0.13090
-0.08583 0.16075 0.05162
-0.25940 0.04097 0.13980
0.35024 -0.00166 -0.11369
0.07366 -0.12757 -0.11977
-0.13320 -0.12545 -0.11628
-0.09432 -0.12585 -0.12850
-0.08181 -0.12598 -0.12047
0.10182 -0.12786 -0.11333
-0.02887 -0.12652 -0.13701
0.05776 -0.12741 -0.10932
-0.02468 -0.12656 -0.10800
-0.18333 -0.12493 -0.10730
-0.14246 -0.12535 -0.11197
-0.09081 -0.12588 -0.14110
-0.02723 -0.12654 -0.12726
0.10876 -0.12793 -0.11239
-0.13249 -0.12546 -0.13987
-0.14982 -0.12528 -0.12606
-0.01401 -0.06206 0.04750
-0.16316 -0.01305 0.18710
-0.13526 0.16104 0.09709
-0.38366 0.02569 -0.07313
0.06321 0.14591 0.02500
0.03971 -0.04810 -0.12730
-0.26468 0.05072 -0.00768
-0.10084 0.05730 0.11546
-0.13602 0.16228 0.02034
0.20414 -0.11844 -0.16954
-0.32344 0.04577 -0.14941
0.31344 -0.06481 0.15545
0.09785 0.10725 -0.13101
0.39954 -0.08211 0.13094
-0.07164 0.16250 -0.00880
0.19879 0.04269 -0.11286
-0.22297 0.15066 0.11329
0.26766 -0.04446 -0.05466
-0.29342 0.05656 -0.02856
-0.41011 -0.04873 0.00709
-0.33345 -0.03097 -0.15409
-0.11170 -0.12998 0.16324
-0.09322 0.04679 -0.15334
0.17347 -0.07225 -0.18236
0.05667 0.14798 0.00599
0.16332 0.08773 -0.06391
-0.12679 -0.07793 -0.18378
0.07326 -0.11769 0.17552
-0.28973 0.04953 -0.12972
-0.38712 0.04374 -0.00770
-0.28065 0.13959 -0.02077
0.04046 -0.06134 -0.18630
0.21485 -0.01143 0.04033
0.25086 -0.14805 0.17092
0.20014 -0.03843 -0.02087
0.22685 0.04511 0.02011
-0.09102 0.04943 0.12089
-0.12318 0.11851 -0.13528
0.04720 -0.09498 -0.17908
0.23661 -0.08403 0.00653
0.23661 -0.09778 0.02476
0.23661 -0.05550 -0.05256
0.23661 -0.09410 0.07480
0.23661 -0.09208 -0.02001
0.23661 -0.08295 -0.01243
-0.22790 0.16022 -0.01062
-0.27569 -0.02589 -0.16795
0.32936 -0.02012 0.01384
0.24366 -0.02734 -0.12040
-0.16085 -0.04889 -0.09318
-0.15439 -0.04750 -0.06810
0.36982 -0.00421 -0.12396
0.40392 -0.10775 -0.03081
0.27631 0.00316 0.05278
-0.05240 -0.02136 0.10289
-0.35673 0.07755 -0.04536
-0.34365 -0.14089 -0.15947
0.20731 0.05493 0.08192
-0.33745 -0.03967 -0.17725
-0.29884 0.02359 0.17651
-0.33452 -0.03709 0.12442
0.37458 -0.00948 0.11864
0.05239 0.06524 0.15157
-0.04835 0.04181 0.14528
-0.25844 -0.04061 -0.10726
0.18524 -0.07017 0.14340
0.13803 0.04084 -0.13355
-0.31671 0.11428 0.06628
-0.39182 0.01669 -0.05809
-0.22397 -0.04373 0.16086
-0.26909 -0.01523 -0.13252
-0.33822 -0.05470 0.14605
-0.28473 -0.15568 -0.12755
-0.01755 -0.01760 -0.18720
-0.08348 -0.09512 0.14022
-0.07463 -0.11406 0.13905
-0.12787 -0.07839 0.14159
-0.27884 0.06305 0.10988
-0.28989 0.08125 -0.07325
0.07400 0.13003 0.12207
-0.22156 -0.05699 0.11943
-0.32656 -0.03258 0.11652
-0.24796 0.14902 0.09984
0.24071 -0.03312 -0.14687
-0.26928 0.15840 -0.01226
-0.36491 0.06753 -0.04426
-0.36145 -0.09991 -0.15656
-0.05299 -0.12940 0.16805
-0.07882 -0.05623 -0.09805
0.18572 0.05665 0.14134
-0.06123 -0.07328 0.09642
-0.16726 0.04205 0.16351
-0.28104 0.15421 0.06149
0.12741 0.01339 -0.13681
0.14506 0.01414 -0.17954
-0.29314 0.04957 0.11263
-0.37232 0.02749 -0.10906
-0.37173 0.05324 -0.08131
0.26815 -0.15140 -0.17851
-0.11341 0.02006 0.09181
-0.05933 0.00393 0.12455
-0.04591 -0.02988 -0.02312
0.31817 -0.04277 0.08801
0.34860 -0.00675 -0.15319
-0.27718 0.11796 0.12095
0.21440 0.05240 0.05672
0.23044 0.04257 -0.01169
0.23429 0.04138 0.00881
-0.12414 0.09610 -0.05318
0.05634 -0.07679 0.18444
0.00742 -0.01198 0.18667
-0.00918 -0.07294 0.01868
-0.33854 -0.03488 0.15243
0.29394 -0.03251 -0.14634
-0.33446 -0.12910 0.13269
-0.39827 -0.11793 0.02401
-0.09385 -0.01892 -0.08282
-0.14641 0.15390 0.10344
0.15732 0.07894 0.14661
0.26497 -0.09635 -0.06208
-0.17825 0.03090 -0.17075
-0.28992 -0.15400 0.16157
-0.00801 0.16365 0.02468
-0.26234 -0.03062 0.13342
0.15194 0.08208 -0.14366
-0.22076 -0.04802 0.18605
-0.07481 -0.06792 -0.04655
0.18166 0.07078 -0.09470
0.30177 -0.12794 -0.16153
-0.36348 -0.06130 -0.18257
-0.34678 -0.04745 0.14172
-0.15265 0.02648 -0.14188
-0.15715 -0.04517 -0.14728
-0.39986 -0.02117 0.02353
-0.19704 -0.05981 0.11320
0.29506 0.02966 0.14901
0.26324 0.00316 -0.02415
-0.10521 0.06011 0.04447
-0.34519 -0.09712 0.13786
0.05193 0.14329 0.09272
0.41948 -0.06634 0.00483
-0.12083 -0.06236 0.07247
-0.12012 -0.05842 0.08818
0.10182 0.01282 0.05276
-0.23002 0.15576 0.08540
-0.41426 -0.04980 -0.05941
0.01055 0.14160 0.11863
0.18177 0.04525 -0.02814
0.18368 0.04521 -0.01271
0.21263 0.04234 -0.01824
0.06692 0.14474 0.07864
0.09257 0.01866 0.06282
0.33423 -0.10910 -0.16340
-0.34728 -0.07337 0.17808
-0.22166 -0.07886 0.15647
-0.14310 -0.04538 -0.03042
0.27659 0.01625 -0.16354
0.11472 0.01875 -0.17772
-0.25844 -0.14947 -0.11737
0.16686 -0.06548 0.14112
0.14014 -0.03830 0.14314
0.17440 -0.05142 0.14214
0.17188 -0.03716 0.14318
0.12144 0.02644 0.14358
-0.40442 -0.08066 -0.13634
-0.08080 0.06112 0.15612
-0.12956 0.05255 0.04329
0.13884 -0.02699 -0.09086
-0.14530 0.13803 -0.12708
-0.27456 -0.02604 0.13326
-0.26815 -0.02676 0.14030
0.31581 0.00106 -0.14181
0.02344 0.15632 0.06821
0.30333 -0.10432 0.17383
0.26723 -0.02336 0.10120
-0.35925 -0.06894 0.12277
-0.28089 -0.15336 0.16139
0.14139 0.01187 0.14274
0.17048 0.00019 0.14306
0.13341 -0.00059 0.14318
0.11365 0.11023 -0.12745
-0.21963 -0.04214 -0.02799
-0.36423 0.05430 0.04708
-0.33437 0.05370 0.05540
0.20676 -0.00998 -0.03400
0.29764 -0.13464 -0.14795
-0.09282 0.15980 -0.06361
0.34778 0.01776 0.12536
-0.38885 0.02140 -0.05654
-0.20936 -0.03848 0.14039
-0.36471 -0.07404 0.17424
0.15233 0.07927 -0.14945
-0.01920 0.15917 0.02608
-0.25864 0.14057 -0.01321
0.39266 -0.00607 0.02522
0.04466 -0.06871 -0.18550
-0.27126 -0.15058 0.10756
-0.20719 -0.08842 -0.15122
0.23937 0.04431 0.12966
0.07647 0.02227 -0.17498
-0.22009 0.03556 0.14048
-0.26905 -0.11215 -0.14649
0.14805 0.04519 -0.05114
0.14409 0.04578 -0.02223
-0.34293 0.07872 -0.09356
0.12076 0.10494 0.13920
-0.41447 -0.09403 0.04504
0.34757 -0.03377 -0.07516
-0.03029 -0.06688 0.04371
-0.04642 0.16457 0.05273
0.15703 0.05843 0.14761
0.39565 -0.01490 0.05270
-0.03998 0.01263 0.18229
0.13465 -0.10699 -0.17573
-0.10704 -0.05558 -0.18664
-0.15257 -0.04231 0.14214
-0.15422 -0.05418 0.14161
0.38782 -0.05994 0.15218
0.15995 0.08775 -0.08185
-0.02715 0.13297 0.12906
0.31663 0.02716 -0.06308
-0.34257 -0.11972 0.15707
0.24621 0.01563 -0.16938
-0.40688 -0.08910 -0.11785
0.17278 -0.05190 -0.14210
0.18399 -0.04864 -0.14233
0.27376 -0.06615 -0.06579
-0.11961 -0.13131 -0.16245
0.20307 -0.03825 -0.01625
0.27825 0.03219 0.12138
-0.15007 -0.08284 -0.18289
0.12347 0.10961 -0.09631
-0.38662 -0.11721 -0.06780
0.07662 0.04376 -0.15558
-0.23858 0.01273 -0.13941
0.22871 0.04068 0.03974
0.30546 -0.03515 0.03940
-0.15454 0.04838 0.15183
-0.06779 -0.03907 -0.12757
-0.05503 0.05798 0.15258
-0.36495 0.04831 0.10664
0.07117 0.03940 0.04161
-0.36252 0.06631 0.06035
-0.37587 -0.03534 -0.17632
-0.23328 -0.01066 -0.18698
-0.10741 0.06690 -0.08787
0.24305 -0.01167 -0.15448
-0.14994 -0.04993 0.14726
-0.25283 -0.13925 0.15844
-0.35432 0.02105 0.15309
-0.18418 0.04733 0.16131
0.06577 0.01442 0.07396
-0.15322 0.14770 0.12133
-0.04392 0.15654 -0.07992
-0.25919 -0.08437 0.15739
0.22631 -0.01089 -0.18557
-0.07751 0.16676 0.03995
0.25792 0.00316 0.07833
0.32936 -0.00659 -0.11799
-0.06387 -0.08287 0.06361
-0.18351 -0.00269 0.18588
-0.20764 -0.09410 -0.16043
0.17966 -0.07755 -0.08151
0.17157 -0.08981 -0.18244
0.35080 0.01530 0.08507
-0.05843 -0.00792 -0.10192
-0.31713 -0.03460 -0.10934
0.37193 -0.05095 -0.16809
0.39442 -0.01661 -0.06492
0.36279 -0.04443 -0.17188
-0.04489 0.04558 -0.15125
-0.01071 0.14602 0.12242
0.40851 -0.05783 -0.09563
0.13337 0.03983 -0.17703
-0.11893 -0.11076 -0.17798
0.03474 -0.01782 -0.18715
-0.40310 -0.11756 0.05165
0.00516 0.15829 -0.07446
-0.32796 -0.05077 0.10756
-0.27790 0.06306 0.07578
0.23523 -0.02789 -0.15371
0.01629 -0.11795 -0.17573
-0.21630 0.11964 -0.13267
0.12369 0.00132 -0.04773
0.05494 0.03636 -0.14492
-0.23438 -0.14918 0.14008
0.41964 -0.07071 0.04287
-0.18807 -0.12942 -0.16296
-0.13208 -0.07418 0.14181
-0.13205 -0.09416 0.14067
-0.17105 -0.11606 0.13730
-0.05696 0.01990 0.18002
-0.02274 -0.03200 0.14366
-0.01925 -0.03849 0.14327
0.03053 -0.06817 0.14136
0.01360 -0.05129 0.14240
-0.33128 0.06253 -0.14008
-0.22697 -0.09449 0.14834
0.24893 -0.08921 -0.06023
0.18961 -0.11861 -0.14297
0.03813 0.01809 0.14275
-0.32121 -0.03002 -0.13932
0.09574 0.00179 0.06611
0.21579 -0.13396 0.16839
0.36186 -0.12549 0.16479
0.19105 -0.06475 -0.18522
-0.29253 -0.03212 0.11278
0.13622 -0.11525 0.05188
0.14552 -0.11525 -0.10479
0.16674 -0.11525 -0.04154
0.12285 -0.11525 -0.01550
-0.06521 -0.11525 0.09851
0.13289 -0.11525 0.08709
-0.11915 -0.11525 0.13586
0.05675 -0.11525 0.00806
0.07843 -0.11525 -0.07499
0.03583 -0.11525 0.10579
0.03890 -0.11525 -0.02413
0.04117 -0.11525 0.06007
0.05315 -0.11525 -0.00602
0.11088 -0.11525 0.13455
-0.07613 -0.11525 0.07650
-0.04501 -0.11525 0.14806
0.14377 -0.11525 0.00770
-0.11916 -0.11525 0.14364
0.10591 -0.11525 0.05191
0.15606 -0.11525 0.15577
-0.02080 -0.11525 0.04649
0.11457 -0.11525 -0.09179
-0.12423 -0.11525 0.14953
0.14079 -0.11525 0.06065
0.02323 -0.11525 0.15181
0.06115 -0.11525 0.10946
0.02553 -0.11525 0.13758
0.07454 -0.11525 -0.03272
0.08499 -0.11525 -0.01353
0.11919 -0.11525 -0.06726
-0.05104 -0.11525 0.14189
0.00508 -0.11525 -0.00450
-0.13271 -0.11525 0.12979
-0.10047 -0.11525 0.11089
0.03974 -0.11525 -0.00217
0.06155 -0.11525 0.03020
-0.00058 -0.11525 0.04400
0.07246 -0.11525 0.03636
0.08520 -0.11525 -0.02975
0.15062 -0.11525 -0.00400
0.04402 -0.11525 0.13720
0.00510 -0.11525 0.14100
0.16077 -0.11525 -0.00011
0.05189 -0.11525 -0.01177
0.15989 -0.11525 0.05467
0.15734 -0.11525 -0.03520
0.07975 -0.11525 0.14025
-0.10172 -0.11525 0.13117
-0.15108 -0.11525 0.15562
0.16558 -0.11525 0.06800
0.09414 -0.11525 0.10830
0.12904 -0.11525 -0.04609
0.16001 -0.11525 0.06604
0.13139 -0.11525 0.13904
0.08265 -0.11525 0.07759
-0.02143 -0.11525 0.10086
0.09630 -0.11525 -0.05382
0.01883 -0.11525 0.10555
-0.05972 -0.11525 0.06214
-0.02230 -0.11525 0.12454
0.11079 -0.11525 -0.06740
0.14153 -0.11525 0.12004
0.06360 -0.11525 0.09204
-0.08044 -0.11525 0.11883
0.14983 -0.11525 0.09370
0.08017 -0.11525 -0.02587
0.07380 -0.11525 0.07967
-0.07439 -0.11525 0.06791
0.03711 -0.11525 0.14263
-0.16330 -0.11525 0.14663
0.14167 -0.11525 0.15316
0.16946 -0.11525 0.11562
0.02080 -0.11525 0.02601
-0.09459 -0.11525 0.08999
0.32281 0.00365 -0.11391
0.11748 0.05281 0.19790
0.28512 0.03380 -0.14030
0.19155 0.04406 0.05981
-0.39970 -0.00110 0.04345
-0.11364 0.08089 0.14747
0.37611 -0.09261 -0.16647
0.12956 -0.13136 0.16384
-0.07986 0.15137 -0.11266
0.21420 -0.04254 0.00416
0.10004 0.00518 0.18325
-0.22967 -0.01697 0.02286
-0.23151 -0.01290 0.06824
-0.23705 -0.00064 0.11054
-0.09451 -0.10762 -0.17894
-0.06654 0.15597 0.09367
-0.07516 0.08387 0.13995
-0.19022 0.12926 -0.12945
0.03583 -0.04208 -0.08115
-0.30190 -0.02115 -0.17425
0.33447 0.02245 0.06520
0.18796 -0.05379 0.18703
0.26108 -0.09836 -0.05652
0.28856 -0.00592 -0.01850
0.28856 -0.00880 0.01644
-0.14747 -0.11915 -0.17538
-0.14326 0.04811 -0.15529
0.03079 0.15800 -0.03049
0.34231 -0.04207 -0.09913
0.28704 -0.09426 0.16955
0.07193 0.12225 0.13597
-0.24847 0.02409 -0.04896
0.16270 -0.01276 -0.18632
-0.39915 -0.05582 0.15295
0.10114 -0.06135 -0.02057
0.24576 -0.01419 -0.16626
0.13608 -0.02471 -0.12973
-0.00271 -0.11525 -0.11197
-0.16278 -0.11525 -0.04115
-0.04138 -0.11525 -0.14940
-0.11648 -0.11525 -0.04911
0.09765 -0.11525 -0.13949
-0.18673 -0.11525 0.11077
-0.15821 -0.11525 0.12018
0.01283 -0.11525 -0.09260
-0.15992 -0.11525 0.09047
-0.08368 -0.11525 -0.08715
-0.17084 -0.11525 0.01165
-0.02551 -0.11525 -0.08519
-0.14854 -0.11525 -0.12336
-0.08474 -0.11525 -0.09226
-0.02195 -0.11525 -0.03354
-0.06522 -0.11525 -0.07308
0.08853 -0.11525 -0.11254
-0.14934 -0.11525 -0.10837
0.05056 -0.11525 -0.07435
-0.08090 -0.11525 0.05470
-0.06007 -0.11525 0.00964
-0.08564 -0.11525 -0.10719
-0.10109 -0.11525 -0.04493
-0.16523 -0.11525 -0.15605
-0.08383 -0.11525 -0.04301
-0.09756 -0.11525 -0.11856
-0.12270 -0.11525 -0.02458
-0.17072 -0.11525 -0.14294
-0.12911 -0.11525 -0.04479
-0.10019 -0.11525 0.02863
-0.14771 -0.11525 -0.05565
-0.05132 -0.11525 -0.05311
-0.10003 -0.11525 -0.02604
0.12006 -0.11525 -0.15625
0.04228 -0.11525 -0.07813
-0.10983 -0.11525 -0.00242
-0.08129 -0.11525 -0.13486
0.02274 -0.11525 -0.12960
-0.11233 -0.11525 0.02605
-0.18361 -0.11525 0.10229
-0.14957 -0.11525 -0.02509
-0.14544 -0.11525 -0.08876
-0.09764 -0.11525 -0.00941
-0.06565 -0.11525 -0.04746
-0.06026 -0.11525 -0.08809
-0.16016 -0.11525 0.07646
-0.02807 -0.11525 -0.14584
-0.07892 -0.11525 -0.01174
0.02564 -0.11525 -0.03357
-0.09699 -0.11525 0.02074
-0.07175 -0.11525 0.00495
-0.14235 -0.11525 -0.12192
-0.10548 -0.11525 -0.05624
-0.04233 -0.11525 -0.08809
-0.10480 -0.11525 0.01872
-0.08535 -0.11525 -0.01667
-0.14217 -0.11525 -0.07521
-0.08080 -0.11525 -0.00300
-0.06495 -0.11525 -0.15168
0.01253 -0.11525 -0.12939
-0.09401 -0.11525 0.05860
-0.03842 -0.11525 -0.11475
-0.07868 -0.11525 0.01338
-0.12323 -0.11525 -0.03706
0.04542 -0.11525 -0.07324
-0.15305 -0.11525 -0.13207
0.05112 -0.11525 -0.06681
-0.02083 -0.11525 -0.14552
-0.02647 -0.11525 0.00049
-0.06270 -0.11525 -0.11097
-0.17245 -0.11525 -0.02263
-0.04281 -0.11525 -0.13936
-0.08954 -0.11525 -0.00112
-0.06811 -0.11525 -0.12249
-0.08257 -0.11525 -0.14106
0.03600 -0.11525 -0.10091
-0.05863 -0.11525 0.00274
0.06409 -0.03581 0.18761
-0.24818 -0.00007 0.18545
-0.17458 0.04491 0.14379
-0.11864 0.07508 -0.07546
0.29716 -0.02224 -0.01397
0.02291 0.08777 0.14520
0.20037 0.04490 -0.14502
0.16967 0.05592 0.08473
0.09624 0.00567 -0.14308
0.10629 -0.01828 -0.14389
0.11260 -0.00292 -0.14333
0.23661 -0.01732 0.02392
0.23661 -0.01584 0.01205
-0.21075 -0.07609 0.17662
-0.32044 -0.13852 0.13542
-0.32108 -0.02996 0.16523
-0.12068 0.15790 0.08372
0.21158 0.00230 -0.18251
-0.02642 0.16520 0.02346
0.07148 0.14371 -0.03760
0.08426 0.12918 0.12014
-0.27355 0.06117 0.15027
-0.05846 0.16584 -0.04389
-0.18005 0.16506 -0.03049
0.32487 -0.08782 -0.12175
-0.36980 -0.07298 0.18076
0.22029 0.04994 0.09128
-0.13011 0.04772 -0.15532
0.38145 -0.02260 -0.08893
0.29578 -0.13697 -0.13548
0.18799 -0.03499 0.05872
-0.12954 0.16341 -0.08038
-0.21393 -0.12079 -0.13922
-0.39379 -0.04987 0.16528
-0.41182 -0.08343 -0.09149
0.21591 -0.01389 0.18610
-0.05384 0.16551 0.04530
-0.12987 0.05385 0.06339
0.16888 -0.05395 -0.18705
0.22651 0.04970 -0.06696
-0.29300 0.04845 0.02716
-0.34219 -0.03891 -0.12908
0.12480 0.00432 -0.08678
0.24734 -0.14994 -0.16233
-0.21761 -0.07990 0.18425
0.11827 0.11285 0.09508
0.32272 -0.09521 -0.12014
-0.15119 -0.04681 -0.00497
0.14683 0.05871 0.09193
0.12338 0.00247 0.18381
0.13021 0.03509 -0.09873
-0.23187 -0.00271 -0.13453
0.33633 -0.01946 -0.17641
-0.06627 0.00646 -0.06564
-0.35784 -0.06721 0.11171
0.05826 0.01251 0.18154
-0.04831 0.16508 -0.04730
0.06298 -0.04856 -0.18725
-0.31842 -0.13819 0.15058
-0.09913 0.00847 0.18374
0.09038 -0.10837 -0.17819
0.16409 0.04630 0.15034
0.18553 0.05937 0.13228
-0.30867 -0.02238 0.18422
-0.26353 0.14984 0.02322
-0.01490 -0.03972 -0.18765
0.29896 0.03290 -0.12640
-0.05509 0.11918 0.13498
0.15609 0.04411 0.08162
0.19939 -0.10723 0.17581
-0.29052 -0.02430 -0.12436
0.06300 -0.11858 -0.17525
0.35125 -0.06953 0.18159
0.32221 0.02175 0.10314
-0.38952 -0.11971 -0.12567
0.15030 -0.04504 -0.11952
-0.24939 0.02601 0.12014
-0.11614 0.04229 0.12032
-0.28670 -0.07076 -0.14413
-0.18030 0.16003 -0.01920
0.10945 0.12405 0.03499
0.34299 -0.09049 -0.17784
0.13368 0.04133 0.00056
0.12604 0.00769 0.10222
-0.19396 -0.07462 -0.18416
-0.18205 -0.05672 -0.09591
-0.36426 -0.06002 0.18242
0.31179 -0.03536 0.17836
0.03101 -0.02391 -0.18751
0.10334 0.12367 -0.08343
0.01359 0.15083 0.08262
-0.23775 0.00274 0.12490
-0.08001 0.10496 0.13295
0.01266 -0.04625 -0.11367
-0.08202 0.16522 0.06135
0.36310 0.01421 0.04813
0.39304 -0.12696 -0.09414
-0.25022 -0.03645 -0.15699
-0.12319 -0.07541 -0.09759
-0.12408 -0.08034 -0.03115
-0.12200 -0.06884 -0.05126
-0.24744 0.12884 -0.11821
0.32433 -0.09396 -0.15096
0.31345 -0.01976 0.07031
-0.33225 -0.12293 -0.15045
0.03103 -0.13262 0.16222
-0.08843 0.16483 -0.06617
0.24534 -0.03005 -0.16047
0.24375 -0.02502 -0.11400
0.25494 0.00748 0.17822
-0.10705 0.00994 -0.08006
0.18717 -0.00871 0.07160
0.15782 -0.05034 0.09478
-0.18363 0.16455 0.03555
-0.05506 -0.00518 -0.01534
0.41541 -0.05988 0.06637
0.08943 0.02970 0.05778
0.33630 -0.07708 0.14210
-0.11447 -0.05921 0.18627
0.05410 -0.05426 0.03929
-0.20751 -0.00235 -0.18582
-0.31034 0.07524 -0.14285
0.01894 0.15764 -0.06262
-0.10973 0.01487 -0.06668
0.12849 -0.01109 -0.05813
0.12335 -0.00349 -0.01334
0.12749 -0.00953 -0.01207
-0.40509 -0.05114 -0.12364
0.05474 0.13863 0.11362
-0.40049 -0.04841 0.13995
0.40220 -0.10719 -0.05673
0.28622 -0.03645 -0.13875
0.13610 -0.02356 0.11080
0.14560 -0.03751 0.10749
-0.09932 0.07291 -0.15004
-0.27612 0.08045 0.07508
-0.24098 0.15195 0.00680
0.41162 -0.04301 0.04153
0.17300 -0.08444 0.04392
0.16754 -0.10889 0.05909
0.26659 -0.16435 0.13701
-0.13432 0.13247 0.12950
-0.20100 -0.10796 0.13655
-0.17618 -0.04482 -0.14221
0.17309 -0.08415 -0.13533
-0.12098 0.16519 0.06423
-0.11213 0.09679 -0.08169
0.02479 0.15314 0.04001
-0.37947 0.02839 -0.08648
0.30951 -0.12390 0.18088
0.21907 0.04486 0.11662
-0.27209 0.09633 -0.13583
0.00073 0.14462 0.12093
0.16084 -0.08396 -0.18350
-0.40282 -0.05811 0.14183
-0.23162 -0.04139 -0.18726
0.38190 -0.05949 -0.16110
0.06218 -0.01212 0.14369
0.07067 0.01174 0.14286
-0.01040 0.00969 0.14265
-0.04663 -0.02338 -0.02139
-0.07777 -0.08793 -0.18143
-0.22458 -0.05247 -0.15673
0.36500 0.00740 0.08816
0.31603 -0.02612 0.18440
-0.40640 -0.10879 0.09463
-0.40203 0.00462 -0.00976
-0.17211 0.10393 -0.13907
-0.12679 0.16269 -0.01365
-0.30364 0.07149 -0.07372
0.41042 -0.07622 0.03710
-0.25438 0.14270 0.01136
-0.32772 -0.04265 -0.11470
-0.31493 0.08901 -0.13417
0.01976 0.04364 0.15132
0.15781 0.09327 -0.03436
0.33321 -0.01176 -0.12717
-0.16730 -0.06102 0.14513
0.09315 -0.10350 0.17538
-0.32591 0.10763 0.06131
0.05619 -0.10356 -0.17528
-0.25071 -0.14564 -0.12444
-0.18160 0.16065 0.08263
0.33280 -0.01229 -0.13251
0.16566 -0.11713 -0.14805
-0.39107 -0.06190 0.17136
0.23211 -0.00639 0.18446
-0.22768 0.13048 -0.12567
-0.28298 0.06266 -0.07367
-0.27618 0.12764 -0.11974
-0.21997 -0.05943 -0.15283
0.20777 -0.01197 0.00765
-0.06970 0.15090 0.10984
-0.20416 -0.12529 0.17151
-0.24239 0.03321 0.16608
-0.28403 0.12668 -0.11100
0.09891 0.04309 0.15859
0.13139 -0.13124 -0.16442
-0.17082 -0.03314 -0.14171
-0.18359 -0.03503 -0.14106
0.22118 0.00428 -0.18152
0.14765 0.08492 -0.14155
0.17902 -0.02411 -0.18730
-0.30107 0.00970 -0.18205
-0.00595 0.16307 -0.03126
0.00638 0.16220 -0.02141
-0.32746 -0.09864 -0.10726
-0.27248 -0.10002 -0.10726
-0.21388 -0.10194 -0.10726
0.27476 -0.16198 -0.12632
-0.19234 0.16426 -0.02597
-0.12428 0.11015 0.13813
0.29892 -0.15435 -0.15925
0.04151 -0.12699 -0.17164
0.34927 -0.04515 0.17894
-0.29331 0.12771 -0.08564
0.03755 -0.00698 -0.18596
0.41941 -0.07147 -0.00937
0.16952 -0.05214 0.12859
0.12587 0.02461 -0.00310
-0.01703 0.08893 0.14492
0.17040 0.07265 -0.12197
0.25143 -0.02941 0.14878
0.33780 -0.08850 -0.14883
0.35666 0.00797 -0.13179
-0.05176 -0.02308 -0.05836
-0.21047 0.15905 -0.07019
-0.07064 -0.06966 0.18517
-0.17567 0.08977 0.14351
-0.12302 0.16278 -0.08580
0.08295 0.08480 -0.14646
-0.07972 0.03124 0.11127
0.27515 0.03435 -0.09168
0.12622 0.00708 -0.00596
0.00178 0.00720 0.18347
-0.15948 -0.04821 -0.18699
-0.05767 -0.00931 0.08042
0.17959 -0.05624 -0.10173
0.17878 -0.05993 -0.10890
0.07205 -0.13630 0.16025
-0.28496 0.14217 -0.00550
-0.01560 -0.06122 -0.18625
-0.27085 0.07856 -0.08673
0.01608 -0.10110 -0.17630
-0.23436 -0.00660 -0.11252
-0.24173 0.00972 -0.02171
-0.24266 0.01177 -0.09573
-0.23963 0.00507 -0.11325
0.22699 0.04083 -0.05309
-0.40667 -0.07489 -0.12944
0.19023 0.07160 -0.01292
0.18295 -0.09069 0.14260
0.19602 -0.08459 -0.13736
0.38226 -0.06011 0.16084
-0.11652 0.02446 -0.09089
0.15238 0.04467 -0.06950
-0.09767 0.15634 0.09619
0.15327 -0.10690 0.17412
-0.23302 -0.04467 -0.16539
-0.25508 0.15438 0.07111
0.01841 -0.06619 -0.12868
0.39489 -0.10360 -0.12711
-0.41390 -0.09965 -0.03542
0.32061 -0.08371 -0.12922
-0.05206 0.15517 0.09498
0.14413 -0.09342 -0.13919
0.13248 -0.11118 -0.13784
0.16947 -0.10933 -0.13767
-0.01924 0.16188 0.06364
-0.22180 -0.13515 0.17418
-0.20259 0.11807 -0.13412
-0.07337 -0.07210 0.03915
-0.27286 0.13884 -0.00166
0.01747 -0.05757 0.18662
0.31369 -0.04201 0.08123
0.02861 -0.01343 0.14374
0.01281 -0.01492 0.14385
-0.02233 -0.01770 0.14407
-0.20563 0.13250 -0.12861
0.05433 0.15110 0.05504
0.13219 0.03797 0.16491
-0.29306 -0.03349 0.13731
0.41469 -0.07621 -0.03887
-0.10889 0.16700 -0.04332
0.33033 -0.00673 0.17065
-0.28616 -0.11839 -0.06277
-0.27496 -0.11924 -0.06473
-0.35628 -0.11311 -0.03289
-0.32951 -0.11513 -0.00447
-0.36250 -0.11264 0.07649
-0.35947 -0.11287 0.04422
-0.33648 -0.11460 -0.02135
-0.30441 -0.11702 -0.05959
-0.35476 -0.11322 -0.02509
-0.34112 -0.11425 -0.01387
-0.30379 -0.11707 -0.00527
-0.33027 -0.11507 -0.10273
-0.36884 -0.11216 0.03401
-0.36721 -0.11228 -0.03542
-0.29015 -0.11809 -0.02873
-0.31394 -0.11630 -0.09038
-0.35244 -0.11340 0.04543
-0.24086 -0.12181 -0.10582
-0.30852 -0.11671 0.01974
-0.35064 -0.11353 -0.07115
-0.31350 -0.11633 -0.03969
-0.29147 -0.11799 -0.01380
-0.35761 -0.11301 0.06519
-0.28357 -0.11859 -0.02428
-0.29546 -0.11769 -0.10625
-0.04910 -0.01479 0.01929
-0.04574 0.04376 0.16428
-0.38995 -0.10071 -0.16656
0.07362 -0.02891 -0.18760
-0.36240 0.01666 0.14976
0.17172 -0.09083 -0.12072
0.17294 -0.08553 -0.11522
-0.14803 -0.09197 -0.13993
-0.14556 -0.08010 -0.14074
-0.17057 -0.11795 -0.13722
0.13742 -0.06632 0.18599
-0.37284 0.01214 -0.14194
0.20264 -0.09284 0.16624
0.41842 -0.06944 -0.05751
-0.22084 -0.03845 0.10798
0.13337 0.04733 0.15692
-0.36433 0.07376 -0.00118
-0.22213 0.12592 -0.13121
0.18855 -0.11745 0.13711
-0.12776 0.01496 0.18198
0.24272 -0.06465 -0.05466
0.14638 -0.11131 0.17713
-0.09466 0.05182 -0.12483
-0.07678 -0.07584 -0.18427
-0.38773 0.03486 0.03053
-0.27659 -0.01424 0.17206
-0.04678 -0.05432 -0.09002
-0.39113 -0.09329 -0.16778
-0.06094 0.00398 0.11850
-0.31396 -0.03045 -0.18344
-0.08809 -0.00654 -0.12486
-0.11993 -0.05735 0.03167
-0.12214 -0.06959 0.04157
0.12729 -0.10842 -0.17803
0.08565 -0.06640 0.14133
0.09749 -0.05939 0.14177
0.09524 -0.06902 0.14112
0.06241 0.02778 0.03869
0.11800 0.00296 -0.18371
0.03427 0.14834 0.07868
0.04178 0.14740 0.07222
-0.35232 0.07556 -0.07137
-0.34945 0.08543 -0.04932
-0.07064 -0.01875 -0.01831
0.38448 -0.01284 -0.09298
0.19494 0.00650 0.18165
-0.28976 0.08861 -0.14175
-0.20592 -0.09279 0.15213
-0.36802 -0.08464 -0.15335
-0.27546 0.07671 -0.05215
-0.07380 -0.07083 0.10810
-0.09459 -0.01729 -0.06996
0.15481 -0.03538 0.18756
-0.15235 0.16275 -0.08021
0.03156 -0.04300 0.08501
-0.23568 0.15361 -0.09008
-0.09509 -0.01621 -0.03879
0.00205 0.10838 0.13850
-0.27570 -0.08813 -0.14511
-0.21219 -0.08917 -0.17422
0.15606 0.04535 0.03658
0.23675 -0.02899 0.14396
0.00875 -0.05009 0.05697
0.05444 0.14519 -0.06549
0.01139 0.15565 -0.09099
-0.26465 0.14349 -0.08983
-0.11636 0.06251 0.08738
-0.25653 0.14034 -0.11386
0.11528 0.06106 -0.20212
0.31769 -0.05759 0.17546
-0.28546 -0.14922 0.12543
-0.26977 0.14961 0.01782
0.17637 0.04344 0.13679
-0.07486 0.12061 0.12712
-0.27839 0.09454 0.13157
0.13336 -0.04423 -0.18744
-0.19803 0.13133 -0.12856
-0.07673 -0.06234 -0.06818
-0.09735 0.01941 0.02164
-0.28404 -0.16175 0.10756
0.09260 0.12240 -0.13289
0.16504 -0.07201 0.18536
-0.12205 0.16828 0.00750
-0.04270 -0.07546 0.12580
-0.36660 -0.08005 0.11622
-0.13930 -0.09036 0.18032
-0.15842 0.15879 0.10679
0.05916 -0.07849 -0.18416
-0.32204 0.05346 0.00619
-0.31668 0.05335 0.00615
0.04928 0.07389 -0.14911
-0.34965 -0.09183 -0.17300
-0.29664 0.07025 0.05513
-0.17613 0.02722 -0.17618
-0.04663 -0.06052 0.01485
-0.40370 -0.10270 0.12236
-0.25218 0.02747 -0.17509
-0.31656 0.05338 -0.07724
-0.35496 0.05419 -0.09698
0.23948 -0.04101 0.01361
0.03475 0.15230 -0.08726
0.15309 0.09705 0.00287
0.01361 0.09373 -0.14337
0.09278 0.10360 -0.14250
-0.29165 -0.16769 -0.14813
0.28064 0.03883 -0.03633
0.20418 -0.14160 -0.14328
0.03508 0.12149 -0.13393
0.09333 0.10064 0.14153
-0.05214 0.02073 0.14254
-0.01479 0.15878 0.08873
0.18671 0.06251 0.11721
-0.10540 0.00634 0.06006
-0.30810 -0.14397 0.14962
0.16176 -0.05118 -0.13432
0.02262 0.16006 0.00861
0.22918 -0.03430 0.04110
0.00493 0.15594 -0.03895
0.02444 0.15404 -0.01474
0.05023 0.04158 -0.16120
0.13007 0.03455 -0.08848
0.11036 0.01571 0.05234
0.20394 -0.07389 0.14212
0.16662 -0.11306 -0.07965
0.17331 -0.08365 -0.08618
-0.11993 0.11028 -0.08028
-0.24938 -0.03256 0.18425
0.38144 0.00275 -0.04510
-0.13825 0.16375 -0.07475
0.00267 -0.04561 -0.02354
-0.33156 0.10275 0.05874
-0.09955 0.00591 0.12055
-0.09455 0.15912 0.07156
-0.06236 0.15928 0.06168
0.37153 -0.09883 -0.16842
-0.34771 -0.02146 -0.18292
0.22245 0.04537 -0.11013
0.26221 -0.01028 -0.14704
-0.04422 0.03393 -0.16790
0.03569 -0.05304 -0.18704
0.12532 -0.05662 -0.00278
0.17577 -0.05107 0.00410
0.16087 -0.05271 0.00684
0.08189 -0.06140 -0.00130
0.04094 -0.06590 -0.01270
0.01252 -0.06903 -0.01196
0.19421 -0.12673 0.17414
0.08513 0.08288 0.14705
0.18146 -0.01332 -0.05040
0.06801 0.02394 -0.14332
0.03058 0.03138 -0.14361
0.23816 -0.01535 0.13653
-0.21063 0.13315 -0.12452
-0.06989 0.01309 0.06248
0.25006 0.04029 -0.06872
-0.27120 0.14896 -0.01614
0.16520 0.07141 -0.14632
-0.24163 -0.12959 -0.14865
-0.27267 -0.14768 0.14358
-0.24654 -0.15835 0.13741
0.25472 -0.14583 0.15686
-0.01805 0.04008 0.14515
0.09851 0.02935 0.06247
0.27938 -0.07463 -0.06765
0.01965 -0.04632 -0.06364
-0.09757 0.02269 -0.12416
-0.38098 0.05070 0.04661
0.21134 0.04445 0.15477
0.32162 -0.06685 0.16795
0.00938 -0.04987 -0.04885
0.20833 -0.04599 0.12584
-0.06389 -0.04079 0.12821
-0.15807 0.14260 0.12143
0.36392 0.01552 -0.01047
-0.22363 -0.11086 0.13323
0.05993 0.14735 -0.00254
0.06122 0.14663 -0.01463
-0.02368 -0.05404 0.11847
-0.29832 -0.03915 0.10726
-0.22802 -0.04415 0.10811
-0.29470 -0.02475 0.17620
-0.31439 -0.02689 0.13310
-0.30644 -0.08172 0.10726
-0.36427 -0.07722 0.10726
-0.35704 -0.07613 0.10726
0.21936 -0.02648 0.00685
-0.26838 0.14993 -0.00974
-0.06289 0.15976 -0.10244
-0.09840 -0.00352 -0.11702
-0.31250 0.10323 0.11157
-0.02461 0.16554 0.00269
-0.31270 0.12170 -0.04231
0.12208 0.00022 0.12952
0.33660 -0.09167 -0.12256
-0.00573 0.01889 0.17984
0.06486 0.14269 -0.07060
0.41423 -0.04985 0.05136
-0.27626 -0.02116 0.18425
-0.06492 0.15557 -0.11802
0.18202 0.05193 0.06393
-0.27246 0.14743 -0.03241
-0.01095 0.15681 0.10154
0.39578 -0.01354 0.04635
0.14347 0.04623 -0.00209
0.16646 0.04607 -0.00740
0.28856 -0.09810 0.00695
0.28856 -0.09961 0.06471
0.11208 0.10328 -0.13115
-0.10712 0.10090 0.06324
-0.20441 0.13264 0.12778
-0.02443 0.11248 -0.13715
-0.34807 -0.07784 -0.09773
0.20571 -0.02610 0.07535
-0.14693 -0.12502 -0.17303
0.28274 -0.01361 -0.14763
0.13334 0.07352 -0.18208
-0.03819 0.14630 0.12509
-0.12576 0.16238 0.08860
0.40704 -0.07620 0.04664
-0.08428 0.16118 -0.04656
-0.14058 0.07653 0.14818
-0.30305 0.10881 0.11789
0.16928 -0.10124 -0.06320
0.17603 -0.07165 -0.08087
-0.32381 -0.13405 -0.12998
-0.26893 0.14273 -0.02847
-0.18435 0.04051 -0.14259
-0.15119 0.16496 -0.05907
-0.12679 0.13966 -0.12674
-0.31800 -0.04320 -0.13047
-0.18623 -0.07001 0.18483
-0.01287 0.04636 -0.15870
-0.40272 -0.04569 -0.03593
-0.10988 -0.01936 -0.18744
0.38159 0.00335 0.04120
0.32592 -0.04319 -0.18562
-0.35482 -0.05722 0.12173
-0.07427 -0.06950 0.08380
0.22529 -0.04434 0.00964
-0.37179 0.01257 0.14319
-0.21481 -0.09997 0.18425
0.24591 -0.07651 -0.05652
0.00665 0.15058 -0.09212
-0.40064 -0.02827 0.00527
-0.31156 0.05326 0.10257
-0.33496 -0.12264 0.10756
-0.35310 0.05408 -0.00187
-0.37279 0.05447 -0.00761
0.11020 -0.10697 0.17789
0.30345 -0.03082 -0.00251
-0.38999 -0.04420 0.16945
0.22290 0.04825 -0.00340
0.39546 -0.02934 0.09225
-0.29934 -0.02790 0.14344
-0.28150 -0.00670 -0.18632
-0.41564 -0.09074 -0.03426
-0.21633 -0.07030 -0.18528
-0.40026 -0.07888 -0.15315
-0.27368 0.10243 -0.12840
0.22179 0.04487 -0.07874
-0.07021 -0.00877 0.12779
0.05304 0.02985 0.14364
0.20936 -0.05245 -0.11640
-0.03754 0.03584 0.16712
-0.22454 0.14385 0.11121
-0.20537 0.13648 0.12105
-0.15627 0.16725 0.00302
0.14783 0.04575 0.02051
-0.25411 -0.03648 -0.09756
0.23152 -0.00951 -0.05911
0.08744 0.12673 0.13018
0.20154 -0.05589 -0.01740
-0.02606 -0.07170 -0.18496
0.10595 0.10816 0.12924
-0.24123 -0.03060 0.18326
0.04339 -0.11130 0.02680
-0.01167 -0.09053 0.02346
0.01633 -0.09319 0.02389
0.09035 -0.10555 0.02588
-0.03778 -0.10491 0.02578
0.05318 -0.11653 0.02764
0.04516 -0.10192 0.02529
0.19016 -0.09023 0.12971
0.39402 -0.07621 0.11890
-0.35552 -0.08011 -0.17425
-0.36527 -0.01668 0.17704
0.03439 0.15314 0.00063
0.31237 0.02378 -0.10294
0.30695 0.03123 -0.12244
-0.22513 -0.02713 0.02481
0.31749 -0.01443 -0.18017
0.09515 0.11064 0.13562
-0.02030 0.15296 -0.09784
-0.08353 -0.00380 0.18593
-0.32033 0.07144 0.14130
-0.08195 0.15252 0.12128
-0.24424 0.06850 -0.14721
-0.06655 -0.03303 0.18604
-0.30350 -0.01559 0.12338
0.08039 0.14202 0.01251
0.31607 -0.13981 0.17953
0.32383 0.03335 0.00152
0.26331 -0.09569 0.10120
0.27331 -0.10003 0.10120
-0.16514 0.13450 -0.12804
-0.08134 0.03651 -0.02850
-0.33706 0.07784 0.11015
0.26707 -0.03101 0.12802
0.19676 -0.03305 0.06804
0.15878 0.05973 0.07198
0.09900 -0.07867 -0.18424
-0.37264 -0.11268 0.14731
-0.32382 0.10651 0.07320
-0.12246 -0.11207 -0.13960
-0.11923 -0.08551 -0.14110
-0.11132 -0.10164 -0.14010
0.13862 0.04317 -0.08983
0.25512 -0.02531 0.18355
0.23117 0.03353 -0.15812
-0.23005 -0.06659 0.13252
0.20281 0.06252 0.02463
0.05398 -0.05577 -0.09589
-0.32671 -0.04187 0.12705
0.01777 -0.04224 -0.12388
-0.22603 0.16060 0.00515
0.07008 -0.04893 0.18724
0.03222 -0.05534 -0.12887
-0.13375 0.11118 -0.13757
-0.20019 -0.06159 -0.13918
-0.11694 0.02956 0.11390
0.39330 -0.00574 -0.00901
0.13255 0.03912 0.01806
-0.04178 -0.06925 -0.08831
-0.12050 0.12597 0.13230
0.19159 -0.10930 0.13138
-0.18660 0.10272 0.13915
-0.27952 0.05158 0.15475
0.16353 0.06025 0.15742
-0.28090 0.13908 0.06663
-0.25371 0.13078 0.11637
-0.06686 0.15616 -0.09219
0.29070 -0.13862 -0.13767
-0.18308 0.16546 0.00646
0.29249 -0.14214 0.18272
-0.01361 -0.05635 0.13004
0.26453 -0.00052 0.10076
-0.25824 -0.02993 -0.13861
0.17328 0.08152 -0.05612
0.17273 0.08372 0.01526
-0.11483 0.02207 -0.05543
-0.08839 -0.06181 -0.18611
-0.06270 -0.13460 0.16092
-0.02830 0.01735 -0.18071
-0.34392 -0.04097 0.18506
-0.09378 0.11846 -0.13753
-0.11560 0.16301 0.01089
-0.02373 0.15621 0.07025
-0.33875 -0.11717 -0.10726
-0.28479 -0.11854 -0.10726
-0.01249 -0.05871 0.10588
-0.24361 0.01796 -0.13882
-0.33239 0.04730 0.14550
-0.30228 -0.08914 0.15146
0.20309 -0.01352 -0.18613
0.16463 0.04313 -0.13107
0.16734 0.04460 -0.16203
0.22434 -0.03639 0.13271
0.10224 -0.00110 0.08837
-0.10379 0.14808 -0.11647
-0.25110 0.14927 -0.04765
-0.24225 0.12247 0.12967
-0.37476 -0.06717 -0.17918
0.21049 -0.03144 0.07849
0.07324 0.12331 -0.13025
-0.22271 -0.07307 -0.12985
0.06885 0.07270 0.14957
-0.22226 -0.07433 0.17218
0.33594 -0.00475 -0.14733
-0.00734 -0.12999 -0.16671
-0.23647 -0.04148 0.15328
0.26340 0.04399 0.04121
-0.32837 -0.15464 0.17531
-0.19241 0.16034 0.07734
-0.36006 0.07440 -0.04117
-0.34470 0.09458 -0.02655
-0.07053 0.01572 -0.12846
0.32189 -0.13386 -0.15060
0.14149 0.08638 0.14752
-0.12370 0.08710 0.04276
0.01462 -0.11578 0.17649
-0.06272 -0.11286 -0.02352
0.39370 -0.11756 0.11353
-0.04136 0.08544 -0.14616
-0.21444 -0.05454 0.13187
-0.20410 -0.10416 0.15634
-0.20285 -0.11583 0.15897
0.32310 -0.07146 0.16468
-0.22942 -0.06905 -0.10260
