0.04691 -0.07999 0.12037
0.41721 -0.02491 -0.10914
0.17288 -0.03133 -0.14941
-0.29526 -0.10207 0.10751
0.01909 0.00721 -0.11362
-0.12453 0.12917 0.06840
-0.10485 0.12920 0.07133
0.03746 0.12845 0.01356
-0.19414 -0.12437 0.15015
-0.30929 -0.10116 0.12446
0.27788 0.03364 0.11946
-0.15977 0.04496 -0.12922
-0.42245 -0.07805 -0.11056
-0.38910 0.04416 0.06800
0.33151 -0.04247 -0.09974
0.29818 -0.04126 -0.09974
-0.04957 -0.08186 -0.02530
0.34663 -0.02654 -0.12971
0.17624 0.04487 0.01137
0.06067 -0.03965 -0.11070
-0.14946 -0.01168 -0.11803
-0.34443 -0.06777 -0.14486
-0.35700 0.03490 -0.12214
-0.15796 -0.02588 -0.10514
-0.14709 0.09036 0.10144
-0.14901 -0.06309 0.06700
-0.27620 0.05200 0.12801
-0.40341 0.03567 0.11308
0.39316 0.01144 -0.04144
-0.30343 -0.10154 -0.10599
0.36759 -0.10215 -0.13062
0.08482 -0.08186 0.02998
0.03576 -0.03367 -0.06603
0.37113 -0.06354 -0.15178
-0.22462 0.07974 -0.10492
-0.12932 0.11724 0.10383
0.00530 0.12986 0.02879
-0.17223 0.03935 0.01795
-0.26157 0.06778 0.06502
-0.27635 -0.07055 -0.12266
-0.18626 0.12401 0.09323
-0.15745 0.01679 -0.02083
0.16967 -0.02535 0.12009
-0.02828 -0.02084 0.01239
-0.24462 -0.05262 0.13409
-0.17616 -0.03666 0.12470
0.43333 -0.07572 -0.03765
-0.07961 0.13004 0.00678
-0.11262 0.12983 0.02868
-0.08676 0.12999 0.01819
-0.39656 -0.09137 0.11975
0.31384 -0.05305 -0.09974
0.37947 -0.05480 -0.09974
0.19142 0.04709 0.00623
-0.09602 0.13008 -0.07948
0.05895 -0.08186 -0.12120
0.12309 -0.02809 0.02729
0.32433 0.02823 -0.09750
0.00392 0.02025 0.02323
0.00241 -0.00873 -0.02864
-0.17890 0.05385 -0.00027
-0.15177 -0.05060 0.02888
-0.26571 0.05755 0.04685
-0.33021 -0.04343 0.09261
-0.28691 -0.09829 0.12361
-0.25163 0.05033 0.02745
-0.14501 -0.06037 -0.15236
0.06842 -0.04961 0.11771
-0.14327 -0.03243 0.04352
0.31835 0.03047 0.08085
-0.05014 0.12960 -0.08573
-0.16837 0.05184 -0.06127
0.42764 -0.04972 0.07642
-0.24851 0.07525 0.08083
0.01008 0.12964 0.04380
-0.27293 -0.03750 -0.10848
-0.15877 -0.05045 -0.14878
-0.27108 -0.01711 0.04259
-0.17051 0.03175 0.14207
-0.40821 -0.09183 0.07063
-0.18748 0.12479 0.08412
-0.18713 0.05564 -0.02512
-0.19367 0.05690 -0.08396
-0.20241 0.05682 0.02410
0.35359 -0.11122 -0.14137
0.28041 -0.01006 -0.15274
-0.29740 -0.04343 -0.02123
0.33834 -0.00379 -0.14986
-0.17907 0.06743 0.07731
0.03249 -0.00771 0.12160
0.00663 0.01844 0.12160
0.02334 -0.01205 0.14884
0.25334 0.03097 0.06550
0.25034 0.03114 0.07158
0.27675 -0.06558 -0.09974
0.33192 -0.06740 -0.09974
0.25399 -0.07492 -0.09974
-0.18218 -0.01477 -0.11549
-0.18784 -0.01092 0.15274
0.34317 0.02232 0.06412
0.23465 -0.04363 0.14977
-0.08054 -0.07078 0.09396
-0.15566 0.12715 -0.09175
-0.01721 0.07317 0.11902
-0.01518 0.05974 0.12630
0.25252 -0.06143 -0.14325
0.32932 -0.05730 -0.13481
-0.16852 -0.00913 0.14873
0.42133 -0.00534 -0.07865
-0.34039 0.00328 -0.11821
-0.10675 -0.07406 -0.11718
-0.01563 -0.00069 0.11696
-0.27460 -0.03349 0.02003
0.03353 0.12818 0.08612
-0.14641 -0.00512 0.01225
-0.09561 0.08645 0.11571
0.04274 -0.03020 -0.01078
-0.33617 -0.07151 0.14532
-0.05588 0.11957 0.04843
0.06314 0.11303 0.10456
-0.11923 0.01628 -0.14596
-0.08500 -0.05524 -0.10884
0.02704 -0.00519 0.05259
-0.06528 0.11862 -0.10470
-0.35992 0.01471 -0.14167
0.11298 -0.08186 0.11819
-0.04515 -0.00034 -0.14835
0.04660 -0.03971 -0.01943
0.24195 -0.06651 0.10482
0.07904 -0.05211 -0.02308
-0.00675 -0.03509 -0.12210
-0.42069 -0.00059 0.04602
-0.27609 -0.04037 -0.10236
-0.40382 0.04007 -0.07064
-0.25074 0.06746 0.11012
-0.40489 0.01415 -0.13598
-0.20139 0.00185 0.14833
-0.37360 -0.02044 -0.14258
-0.28064 0.06018 0.04127
0.18701 -0.04316 -0.14975
0.19454 0.03902 0.10060
-0.16047 -0.01627 0.04455
-0.06250 0.04409 -0.12686
0.12835 -0.00099 -0.14838
-0.31837 -0.04343 -0.02269
-0.29620 0.03807 0.13553
0.41287 0.00555 -0.08666
-0.05503 -0.05141 -0.11735
-0.02058 -0.06871 -0.15198
-0.41875 0.00413 0.03535
-0.28157 0.05447 0.11423
-0.35216 0.05038 -0.05720
0.32860 0.02401 -0.08770
-0.27553 0.06081 0.06246
-0.05530 -0.08186 0.12063
-0.02449 0.08163 0.10458
0.20467 0.03790 -0.05121
-0.39642 0.04122 0.08241
0.02817 0.02421 0.14505
0.06034 -0.02583 -0.10715
-0.34821 -0.03573 0.14460
0.01212 0.02542 0.08311
-0.21982 -0.00655 0.11902
-0.20194 0.05689 -0.03459
0.41472 0.00249 -0.12281
0.03942 -0.00769 -0.10632
-0.28737 -0.10218 -0.07513
-0.24931 -0.07294 0.13409
-0.42926 -0.06433 0.02818
-0.15078 -0.00665 0.12053
0.03707 0.03741 -0.12160
-0.16351 -0.07483 -0.14458
-0.21177 -0.13626 0.11118
-0.17905 -0.12231 0.11682
-0.04686 -0.08186 0.05545
0.42024 -0.03764 -0.12125
-0.25660 -0.02666 -0.12832
0.19160 -0.04266 0.11696
-0.16153 -0.10202 0.09797
-0.33917 -0.07683 -0.14516
0.10889 -0.04216 0.02570
-0.23885 0.08430 -0.06782
-0.07066 -0.06309 -0.09681
-0.01331 0.02673 0.13088
-0.28493 -0.07341 0.10967
0.17227 -0.02588 -0.06949
-0.33407 -0.09918 0.03409
-0.26652 0.00009 0.09769
0.13873 0.08123 -0.06572
0.06532 -0.03020 -0.00097
0.22573 0.03321 0.04165
0.34302 0.02565 -0.07883
0.42128 -0.09688 -0.07458
-0.10883 -0.03053 -0.01779
0.06337 0.04409 0.12782
-0.26102 -0.04354 0.09797
0.20687 0.01837 0.14569
0.38054 0.02260 0.12740
0.37106 -0.07772 0.10877
-0.42735 -0.07911 -0.10672
0.03132 0.11774 -0.07378
-0.20312 -0.00901 -0.14082
-0.10945 -0.07406 -0.15163
0.25617 -0.09468 0.11312
0.29623 -0.09734 -0.13613
0.25354 -0.07042 -0.15014
0.32227 -0.01478 -0.13454
-0.31155 0.05501 -0.06184
-0.21379 0.07223 -0.10703
0.42419 -0.06290 0.11310
-0.43431 -0.05084 0.02339
-0.16926 0.05026 0.01785
0.12504 0.01550 0.14605
-0.02002 0.03740 0.08106
-0.15658 -0.08714 0.12981
0.35023 0.01999 0.11052
-0.14867 -0.03489 0.14883
0.10247 -0.02299 -0.09981
-0.26214 -0.11289 -0.13829
0.41946 -0.06613 0.12999
-0.01010 -0.03989 -0.01943
0.03388 0.01684 0.14659
0.26130 -0.03963 0.11810
-0.26550 0.06362 0.05487
0.40994 0.00968 -0.05436
-0.41494 -0.09132 -0.06158
-0.09709 0.03408 -0.14235
-0.01123 0.01799 0.03640
0.07232 -0.08048 0.11897
-0.04913 0.08204 -0.11725
0.16988 0.04438 -0.02555
-0.01382 0.04226 0.12860
0.23533 0.03219 0.07900
-0.13073 0.11852 0.06939
-0.21824 -0.09398 -0.13380
-0.01037 0.11668 0.10309
0.29421 -0.00689 -0.12803
0.25442 0.03123 0.01311
-0.19410 0.05729 0.03742
0.12515 0.01236 0.06042
0.13997 -0.05642 0.15255
0.15602 -0.08186 -0.05326
0.12263 -0.08186 -0.13330
-0.16292 0.05763 -0.12578
-0.01949 0.03671 0.09821
-0.15910 -0.02150 -0.02145
0.17541 0.05809 0.01073
0.23230 0.03293 0.03348
0.15695 0.04960 0.07118
0.14141 0.07901 0.07279
-0.35997 -0.01070 0.14366
-0.23257 -0.00523 0.15235
-0.00119 0.05443 -0.04011
-0.39300 -0.07117 -0.13994
-0.42914 -0.08395 0.00062
0.09946 -0.04757 -0.02333
0.08238 -0.02597 0.02584
-0.22938 -0.07401 0.13002
-0.25262 0.04699 -0.10224
-0.26231 -0.10218 0.00559
-0.21544 -0.10218 0.02139
-0.22656 -0.10218 0.01867
-0.20615 -0.10218 0.02487
-0.14805 -0.10218 0.08519
-0.19184 -0.10218 0.01802
-0.18509 -0.10218 0.06098
-0.16336 -0.10218 0.00106
-0.17845 -0.10218 0.01269
-0.21364 0.10276 -0.07692
-0.37422 -0.09526 0.08914
-0.28542 -0.07008 0.14173
0.15409 -0.01515 0.10362
-0.43377 -0.08747 -0.10018
-0.39033 -0.03182 -0.10369
0.41524 0.01718 -0.05647
0.34104 0.03257 -0.04827
-0.22693 -0.08789 0.13270
-0.00084 -0.07720 -0.13176
0.06817 -0.03778 0.14958
-0.12093 0.04742 0.12806
-0.22326 0.09699 -0.02019
0.36096 0.00882 0.14550
-0.38645 -0.01800 0.14113
0.03982 0.01536 -0.14607
0.14702 -0.08186 -0.07441
0.14837 0.04909 0.08187
0.13797 -0.08186 0.14201
0.07112 -0.08186 0.13804
0.38324 -0.07140 -0.14469
-0.03748 0.10950 0.10718
0.12896 0.02481 0.07350
-0.26544 0.05397 0.03940
0.37227 0.01610 0.08192
-0.08979 -0.02640 0.02341
0.01280 0.12887 -0.07524
0.04020 -0.07714 -0.01945
0.00565 -0.07040 -0.01927
-0.38282 -0.04343 0.05818
0.17986 -0.02579 0.03579
0.36005 0.02539 -0.13661
0.07599 -0.08186 -0.11267
-0.32191 0.04906 -0.12081
0.33425 0.02393 -0.02479
-0.08225 0.05305 0.12658
0.01245 0.02604 0.07728
0.32136 0.02504 -0.07317
-0.36079 0.00722 0.14360
-0.22750 0.08869 0.09392
0.27753 -0.12075 0.11558
0.36436 0.01589 -0.12796
-0.02084 0.04035 -0.08170
-0.43168 -0.03253 -0.12514
-0.31681 -0.06689 0.14640
0.09968 -0.00829 0.00197
0.11563 0.02811 -0.12160
0.16130 -0.02111 0.09385
0.02246 -0.08186 -0.09616
-0.34719 0.03613 -0.12964
-0.13729 -0.03564 0.06110
-0.11973 0.03256 -0.14284
0.16087 -0.06563 0.11718
0.16471 -0.05801 0.11718
0.38389 -0.07946 0.11234
-0.17003 0.04831 -0.12887
0.28691 -0.07950 0.13409
0.22018 -0.05480 -0.05536
0.40133 0.02481 0.03445
-0.16633 0.00575 -0.08793
-0.16979 0.04131 0.07804
0.40554 0.02602 0.01017
0.28530 0.02857 -0.00683
0.39089 0.01088 -0.08700
0.19379 -0.04846 -0.11696
-0.42011 0.02469 -0.05921
0.28442 -0.07557 0.09973
-0.01377 0.00593 -0.13176
0.05002 -0.03745 0.11557
0.28334 0.03302 -0.12978
0.31835 -0.12988 0.11144
-0.41834 0.01631 -0.07374
0.43148 -0.00680 0.05816
-0.35178 -0.04343 0.00929
0.21720 0.04408 0.04757
-0.25862 0.02688 0.07791
0.06640 0.03382 0.12160
-0.20306 0.05682 0.01858
-0.34087 0.05138 0.07207
-0.01485 0.13035 -0.00144
-0.38472 -0.04343 0.01954
-0.14064 -0.03675 -0.03316
0.11278 -0.05273 -0.02666
0.34699 0.03373 0.02662
0.27300 -0.01173 -0.15139
0.33771 0.03419 -0.03588
-0.33112 -0.09943 -0.10755
0.09559 -0.05615 0.06713
-0.11045 -0.03281 -0.00410
0.08792 -0.03854 -0.02477
0.19889 -0.06284 0.08897
0.39487 -0.06742 -0.14661
-0.09125 0.12054 -0.10407
-0.34539 -0.09199 0.14410
-0.12316 -0.06258 -0.02133
0.27729 -0.01563 -0.13395
-0.15512 0.08813 -0.11768
-0.23388 0.03602 -0.14138
0.01844 0.03535 0.12160
0.18135 -0.00632 0.14863
-0.38159 -0.00211 -0.14203
-0.27060 -0.01528 -0.10104
0.01428 0.02260 0.06276
0.00437 0.04354 0.13238
0.42467 -0.09107 -0.09774
-0.38868 -0.03865 0.14052
-0.04951 0.12316 -0.10230
-0.42924 -0.09014 0.12449
-0.40130 -0.04343 -0.00313
0.39122 -0.04061 -0.14664
0.26533 0.02752 0.11240
0.08225 -0.03020 0.01330
-0.26458 -0.10068 0.14579
0.42959 -0.08989 0.06165
-0.08825 -0.03182 0.00098
0.02406 -0.04731 -0.12022
-0.28864 0.05328 0.11740
0.09194 0.09671 0.10326
0.02276 -0.08535 -0.15093
-0.19648 -0.10218 -0.04548
-0.21750 -0.10218 -0.02378
-0.25066 -0.10218 -0.01868
-0.16877 -0.10218 -0.06980
-0.21059 -0.10218 -0.01456
-0.15232 -0.10218 -0.06282
-0.24663 -0.10218 -0.00889
-0.15987 -0.10218 -0.04570
-0.17252 -0.10218 -0.01315
-0.21315 -0.10218 -0.04883
-0.13235 -0.05499 0.12752
0.19580 -0.08963 0.15186
-0.25916 -0.08283 -0.09797
-0.25150 0.05078 -0.12439
-0.35986 -0.00305 0.14367
-0.14822 -0.01076 0.03353
0.08821 -0.04372 -0.02037
-0.18750 -0.01544 -0.13159
-0.26759 -0.11310 0.10877
0.22972 -0.08226 -0.15093
-0.25238 0.06616 0.12036
0.02172 0.11555 0.09103
-0.06399 -0.04763 0.07342
0.34525 -0.01232 0.12538
-0.19813 0.05690 0.06291
0.09102 -0.05385 0.11279
-0.01159 -0.07021 0.15191
0.17424 0.04688 0.05985
0.07674 0.04087 0.13632
0.19983 0.03938 -0.11616
-0.32175 -0.04343 -0.00165
0.32583 0.03076 0.12959
-0.02771 -0.06122 0.11736
-0.15657 0.03062 -0.10913
-0.19615 -0.02766 -0.09797
0.08648 -0.03011 -0.02478
0.08151 0.10709 0.00189
0.35764 -0.08377 0.09973
0.02181 -0.02878 0.10544
-0.01574 0.13011 -0.05346
0.11222 -0.10218 -0.12401
0.00127 -0.10218 -0.12090
0.13299 -0.10218 -0.10489
0.04637 -0.10218 -0.09841
0.01085 -0.10218 -0.13558
0.18697 -0.10218 -0.10034
0.13756 -0.10218 -0.10700
0.10942 -0.10218 -0.11900
0.07992 -0.10218 -0.10730
-0.41561 0.02949 -0.11021
0.07853 -0.02888 -0.03762
-0.42914 -0.06729 0.01861
0.08483 -0.08186 -0.14958
-0.29158 -0.04343 0.01922
-0.03908 -0.00777 0.14868
-0.02068 0.03983 0.09284
-0.22396 0.05912 -0.09220
0.19948 0.04305 0.08376
0.28447 -0.01045 0.11901
-0.30105 0.05118 0.12285
-0.16004 -0.01792 0.01892
0.08338 -0.06042 0.15236
-0.11522 -0.03191 -0.00017
-0.00190 0.11648 -0.09009
-0.26136 -0.12177 0.11471
-0.19178 -0.12365 0.14511
-0.30756 -0.01748 0.11569
-0.41549 0.01727 -0.04217
-0.23467 0.08356 -0.09253
0.24840 0.03788 0.13316
-0.28614 -0.05847 0.14667
0.11927 -0.02569 0.06469
-0.16733 0.00946 -0.06826
-0.12681 -0.06726 0.12546
-0.25481 0.06316 0.01492
-0.11671 0.01953 0.12160
-0.35256 -0.04343 0.07158
-0.12972 0.11252 -0.10251
0.03304 -0.03310 0.02652
0.04080 0.12632 -0.06396
-0.18797 0.08389 -0.11838
0.02888 -0.05000 -0.11764
-0.15981 -0.01682 -0.11696
0.11843 -0.08186 0.14154
0.05575 -0.05814 -0.15247
0.42057 -0.00550 -0.08397
0.20669 -0.02997 0.03302
0.17838 0.04496 -0.07178
-0.20759 0.10090 0.09876
0.02666 0.01022 -0.03559
-0.28096 -0.05360 -0.14659
-0.25593 -0.01907 -0.12272
-0.30812 -0.01245 0.11685
-0.16743 -0.01141 0.13513
0.27334 -0.06630 -0.13554
0.10470 0.08561 -0.11533
-0.34523 0.05155 -0.03960
0.13770 -0.08186 0.03374
-0.23626 -0.04081 -0.09797
0.32776 -0.07561 -0.13473
0.06282 -0.08186 -0.09126
-0.12841 0.04078 -0.13685
0.01048 -0.03504 -0.03965
-0.06633 0.01354 0.14744
-0.18067 0.06895 -0.12442
-0.11360 -0.05644 -0.11718
-0.09593 -0.06107 0.15233
0.07350 0.02620 0.12160
-0.16695 0.03581 -0.03572
0.43228 -0.00708 -0.04761
0.30626 0.02683 0.03641
-0.40826 -0.09182 0.08476
0.19354 -0.07614 0.15145
0.05275 -0.08186 0.06959
0.13053 0.01876 -0.14567
0.32821 0.02467 0.01872
-0.00394 0.06033 0.06784
-0.06346 -0.04949 -0.02338
-0.35889 -0.08418 0.14339
0.07963 0.11603 -0.09393
-0.23883 -0.00990 0.13487
-0.29550 0.05604 0.08291
-0.28367 -0.06238 0.10918
0.28494 -0.05537 -0.13380
-0.17230 -0.02214 -0.11206
-0.05901 0.11023 -0.10690
-0.41324 -0.04343 0.05009
-0.00856 0.09624 0.10597
0.02881 -0.07610 -0.15145
0.14908 0.07158 0.09374
-0.15615 0.02295 -0.14677
-0.05711 -0.08186 -0.10108
0.15013 -0.08329 -0.15078
0.34307 -0.12781 -0.15178
0.02563 -0.00143 -0.06338
-0.17924 0.00271 -0.14818
-0.15067 -0.05807 -0.10395
-0.16385 -0.05466 0.12462
-0.28473 -0.07493 -0.15064
-0.17648 -0.11148 -0.15211
0.29130 -0.05587 -0.09974
0.10553 0.00777 0.09136
0.17255 -0.08186 0.14780
-0.43081 -0.04858 0.06809
-0.37932 -0.01230 -0.11017
0.29460 -0.12652 -0.12279
0.14919 0.02598 0.09965
0.16186 0.04276 0.12202
-0.02801 -0.10218 0.04762
-0.09218 -0.10218 0.09372
-0.11193 -0.10218 0.07873
-0.07826 -0.10218 0.06623
-0.01946 -0.10218 0.01695
-0.11545 -0.10218 0.08736
-0.03288 -0.10218 0.02020
-0.01542 -0.10218 0.03303
-0.03893 -0.10218 0.07570
-0.06194 -0.10218 0.09087
0.17811 -0.07148 0.04057
0.04752 -0.03349 -0.08097
-0.21090 -0.07579 0.12999
0.20050 -0.02483 -0.05949
-0.19179 -0.12366 -0.12832
0.41065 0.01762 -0.06141
-0.24461 0.08103 0.04676
0.13041 -0.03622 0.14954
0.13509 -0.00150 0.06934
-0.42648 -0.00136 -0.12591
0.06437 -0.04420 -0.02246
-0.29142 0.05254 -0.12013
0.35591 -0.10820 0.13000
0.29982 -0.09998 0.04683
0.30093 -0.09994 0.05208
0.26880 -0.10112 0.05959
0.29858 -0.10002 0.09936
0.32521 -0.09904 0.08040
0.25475 -0.10164 0.05275
0.31113 -0.09956 0.07860
0.27108 -0.10103 0.05076
0.27837 -0.10077 0.03544
0.25211 -0.10173 0.02473
-0.00264 0.12216 -0.06396
-0.39338 -0.01912 0.10633
-0.13489 0.04052 0.12160
-0.35708 0.00999 0.14250
-0.24050 -0.12673 -0.13632
-0.43224 -0.02835 0.03002
-0.36047 -0.01490 -0.14362
0.37186 -0.03919 0.09973
-0.22775 -0.08586 -0.09797
-0.13817 -0.03231 0.14944
-0.01174 -0.02829 -0.14933
0.14489 0.01482 0.11998
0.21297 -0.06030 0.07752
0.31187 -0.13708 -0.15154
-0.02563 -0.01720 -0.12862
0.07576 -0.04502 0.14981
0.32908 0.02436 -0.05865
-0.24236 -0.10218 0.08168
-0.23127 -0.10218 0.08511
-0.20970 -0.00674 0.13254
0.26029 0.03050 -0.05672
0.39331 -0.03162 0.14673
-0.16611 0.12781 -0.07613
0.32813 -0.13460 0.11524
-0.42033 -0.01256 0.10353
-0.43431 -0.05614 0.06614
0.17716 0.04495 0.09890
-0.25681 0.05285 -0.04857
-0.18582 0.06784 -0.05630
0.36638 -0.07467 -0.14552
0.28960 -0.00150 -0.14933
0.30459 -0.02045 0.09973
-0.33409 -0.04343 0.04661
0.00651 -0.08186 -0.14038
0.23694 -0.01708 -0.14900
-0.07881 -0.02686 0.07534
0.32902 0.02758 -0.10484
-0.10814 0.07771 -0.11876
0.22288 0.03298 -0.06565
-0.11147 -0.05969 0.02046
0.06734 0.10937 0.00076
0.00631 0.04274 0.03506
-0.08441 -0.04190 0.14971
0.06468 -0.08186 -0.13649
-0.30800 0.02312 0.12368
0.03323 -0.08186 0.11439
0.07258 -0.08076 -0.02284
0.03974 0.12117 0.10285
-0.08791 0.02208 0.14529
-0.30823 -0.09005 0.14644
0.19374 -0.07394 0.06370
0.08250 0.10199 0.11135
-0.20834 0.10803 -0.06152
-0.14955 -0.02772 -0.13176
-0.43431 -0.05876 -0.05552
0.15276 -0.01405 -0.09864
-0.19864 0.11469 -0.07825
-0.43148 -0.01586 -0.12475
-0.00761 0.07093 0.11677
0.10754 -0.08186 0.09261
0.18139 0.04524 -0.10792
-0.00674 -0.04084 0.12190
-0.40314 -0.02826 -0.10246
-0.37836 -0.04343 0.02221
-0.17556 0.12815 -0.01156
0.33978 -0.05850 -0.13380
-0.29984 -0.01003 0.14689
0.31525 -0.13028 -0.15053
-0.33627 -0.09900 -0.12207
-0.08705 -0.02838 -0.05093
0.36767 0.01766 0.06773
-0.06351 -0.04295 0.03216
-0.02962 0.11484 -0.10337
0.01393 -0.08186 0.08242
-0.20197 -0.10218 -0.09566
-0.34608 -0.05084 0.14477
-0.22696 0.08700 -0.10391
0.42938 -0.08836 -0.06363
-0.01164 -0.07839 0.15126
-0.43251 -0.09149 -0.12503
-0.25563 0.03689 0.06600
0.09580 0.09518 0.11082
-0.04808 0.13023 0.01008
-0.08937 0.12998 0.03508
-0.03959 0.13028 0.01893
-0.05070 -0.08186 0.12878
-0.18074 -0.02053 0.10881
0.11705 0.09747 -0.00548
-0.07875 0.07659 -0.11915
0.22601 -0.06194 -0.15229
-0.13102 0.11912 -0.03729
-0.25114 -0.11891 -0.13873
0.36501 -0.09193 -0.12923
-0.08967 -0.07160 -0.11718
-0.17567 0.11600 0.08060
-0.29592 -0.04343 0.02808
-0.36872 -0.07634 -0.14297
-0.01859 -0.01204 0.11696
0.07662 0.11333 0.00560
-0.22332 0.06071 0.01145
0.35919 0.02861 -0.05775
-0.16627 0.12859 -0.04020
0.28422 -0.01054 -0.12912
-0.05157 -0.08186 0.14914
-0.39237 -0.04343 0.07401
-0.08937 -0.02884 -0.06812
-0.12783 0.11930 -0.00020
-0.10159 0.11947 -0.00037
-0.07870 0.11961 -0.00212
-0.15093 -0.05442 -0.09513
0.06801 -0.07416 0.02007
-0.08257 -0.06309 -0.06018
-0.25099 -0.10218 -0.09723
-0.04757 -0.08186 0.13458
0.32723 -0.05735 0.13409
0.19442 -0.02499 0.07417
-0.17256 0.02882 -0.08787
0.04580 0.04341 0.12390
0.36080 -0.11218 0.11527
-0.22825 -0.01453 -0.15219
-0.02444 0.10520 0.09749
0.28900 -0.01757 0.10979
0.39727 0.01508 -0.10996
0.42558 -0.08989 0.09144
-0.40793 -0.08512 -0.11048
-0.35126 -0.02744 -0.14435
0.12545 0.07091 -0.15273
0.37463 0.02819 -0.04330
-0.04946 -0.08186 -0.11882
0.02680 0.02333 -0.14753
0.07208 -0.05198 -0.11724
-0.13570 0.11895 0.00194
0.34484 0.03291 -0.04134
-0.43748 -0.08959 -0.02192
0.42472 -0.07970 -0.09741
-0.04651 -0.08186 -0.12790
-0.11885 -0.07680 -0.12978
-0.02688 0.06034 0.12435
0.06106 0.11455 -0.00518
0.08523 -0.02837 -0.08882
-0.07455 0.11881 0.07602
-0.22733 -0.03756 0.13176
-0.15630 -0.03222 0.09450
0.08948 -0.08166 -0.11718
0.31882 0.03378 0.06084
-0.17420 0.03492 0.03070
0.16337 -0.07573 0.11718
0.10874 -0.09865 0.15015
0.26310 -0.02168 0.15257
-0.21532 -0.12828 0.15015
0.23130 -0.10218 -0.11179
-0.42684 -0.08361 0.13479
-0.35723 -0.00756 -0.11409
0.25455 -0.08139 -0.14369
-0.24985 0.02795 0.14406
0.42112 -0.05496 -0.11751
-0.08596 0.08230 0.11716
0.10755 -0.04795 -0.11805
-0.18047 -0.11546 0.13971
-0.21571 -0.08076 -0.12866
0.43492 -0.03678 -0.02815
0.15578 -0.05714 0.02718
0.12340 -0.08186 0.09049
0.10654 -0.05479 -0.11098
0.39658 -0.09688 0.12619
-0.00501 -0.03221 0.14944
-0.06570 -0.06783 -0.10059
0.01516 -0.03588 -0.06462
-0.27041 -0.01455 0.05528
0.12856 0.01028 0.04995
-0.29839 -0.07147 -0.14732
0.14336 -0.00294 0.03040
-0.08309 0.01587 0.12160
-0.08486 0.00942 0.12160
-0.23215 0.08128 0.10804
0.34872 -0.02735 -0.11081
-0.11619 0.11632 0.10322
0.29958 -0.12960 -0.13140
-0.14809 0.08576 0.11107
-0.16204 -0.08039 0.12440
0.06862 0.12420 -0.05914
0.10103 0.10329 0.09177
-0.10528 0.11804 0.10250
0.37425 -0.08747 0.09973
0.14660 0.01511 0.03005
0.12983 0.02658 0.06411
0.16395 -0.02349 -0.14921
-0.23317 -0.01492 -0.14778
-0.09069 -0.00203 -0.14843
0.12562 0.03100 0.07570
0.40094 0.00775 -0.11100
-0.12793 -0.01049 -0.11334
0.25416 -0.06571 0.13089
-0.17648 0.11667 0.06075
-0.16517 0.13421 -0.00135
0.11982 -0.04446 0.04152
-0.08141 -0.08186 0.14238
0.07789 -0.05191 0.02298
-0.10867 -0.03292 0.00910
-0.40371 -0.09219 -0.01157
-0.31548 0.05485 0.03775
-0.08353 0.12966 0.05838
-0.03903 0.13022 0.04139
-0.17474 0.11654 -0.06964
-0.02201 -0.10218 -0.14742
-0.14437 -0.01426 -0.01183
0.40370 -0.02983 0.14488
0.05826 -0.05615 0.08094
-0.16503 -0.05783 -0.12317
-0.36591 -0.09613 -0.10689
0.18600 -0.07250 0.09802
-0.19289 0.11618 -0.06987
0.08753 -0.01108 -0.11999
0.08037 -0.07348 0.11718
0.19581 0.04016 0.12599
0.02503 -0.06100 0.11718
-0.23633 0.02648 -0.14462
0.17361 0.05881 -0.03282
0.18027 0.05454 -0.01934
-0.43431 -0.05115 0.07251
0.06434 -0.04731 0.12022
0.32609 0.03553 0.03561
-0.12255 -0.04544 -0.14982
0.31133 -0.09559 0.14428
0.11983 -0.05870 0.05955
0.00399 0.03983 -0.02711
0.28360 -0.04771 0.09973
-0.40802 -0.08310 0.12200
-0.14999 -0.06051 0.11282
-0.36684 -0.09603 0.06314
-0.39738 0.03362 0.11345
0.29756 -0.03998 -0.14299
0.30396 -0.13017 0.10927
-0.15155 0.00583 -0.01795
-0.16124 0.04154 0.01538
-0.07140 0.13007 0.08080
-0.07250 0.02842 -0.12160
0.03764 -0.02726 0.10383
0.02065 -0.01242 -0.12160
0.03382 0.00631 -0.12160
-0.23169 -0.00837 0.11223
-0.13985 -0.10218 0.12537
0.17351 -0.07414 -0.13176
0.16832 -0.07356 -0.13176
0.04296 -0.08186 0.13785
0.03872 -0.08186 0.14039
0.03675 -0.09705 -0.15057
-0.21932 -0.01323 -0.15141
0.12095 -0.03069 0.04194
0.36406 0.02222 -0.08709
0.03345 -0.08186 0.14412
0.36182 -0.04451 -0.12097
-0.38439 0.04571 0.03361
-0.14429 -0.02551 0.02093
0.07424 -0.04402 -0.02388
-0.11543 -0.08914 -0.15194
-0.14558 0.01469 -0.12160
-0.43013 -0.06845 -0.09031
-0.01774 0.06532 0.12150
-0.18360 -0.11787 -0.13076
-0.11325 -0.02128 0.11689
-0.01667 0.00733 -0.14702
-0.07173 -0.01259 0.11868
0.14747 -0.00652 -0.03072
-0.35881 -0.04235 -0.10426
-0.27685 -0.00173 0.12017
0.28056 -0.08647 0.13176
-0.01479 -0.00326 0.14392
-0.03112 -0.06463 -0.11718
-0.11835 0.11370 -0.09894
0.23322 0.04109 0.07162
0.23063 0.04191 0.06327
-0.32396 -0.04343 0.02598
-0.13119 0.11881 0.05617
0.25423 -0.03572 -0.10322
0.19461 -0.05217 0.07057
-0.25759 0.02790 0.14402
-0.42914 -0.06626 -0.07968
-0.09990 -0.06309 0.02373
0.10615 -0.04193 -0.14971
0.13287 0.08644 0.04051
0.25431 0.03847 -0.08185
0.23234 0.03975 -0.08971
0.02667 0.01550 0.10669
0.27565 -0.11931 -0.12912
-0.27502 -0.03584 -0.05633
-0.14367 -0.07720 -0.15136
-0.14737 0.11836 -0.04626
0.37339 0.02271 0.13624
-0.14122 0.11775 0.07909
-0.16950 -0.04354 -0.15219
0.10590 -0.06276 0.02270
-0.37095 -0.04343 0.00833
0.19945 -0.07005 -0.15191
0.30735 0.02683 -0.00381
-0.06039 -0.08186 0.02342
-0.14315 0.12934 0.04434
-0.05692 -0.08186 0.10985
-0.26995 0.05064 -0.12890
-0.01251 -0.10116 -0.14948
-0.02198 -0.08497 -0.15055
0.11935 0.09571 -0.03217
-0.13592 0.12958 -0.00610
-0.06084 0.05659 -0.12550
0.02826 -0.07379 0.15165
0.30604 -0.00534 0.11183
-0.02036 0.04912 -0.05452
-0.19736 0.10544 -0.09561
-0.21684 -0.00633 -0.12249
-0.14133 0.00166 0.10576
-0.26758 -0.10218 -0.08913
0.28027 0.03419 -0.08849
0.20315 0.04547 0.04860
-0.44068 -0.08934 0.02021
-0.04624 0.11488 0.10390
-0.35122 0.03316 0.13643
-0.13065 -0.05875 -0.12579
0.26986 -0.02928 0.11258
-0.00910 0.04675 -0.12719
-0.27623 0.05026 -0.12539
-0.37848 -0.09478 -0.12280
0.43688 -0.01723 0.00141
-0.38261 -0.04343 -0.03607
-0.02513 0.07425 0.11837
-0.21678 0.06201 -0.11062
0.04130 -0.04961 -0.11287
0.38335 0.01121 0.11650
-0.39435 -0.09299 -0.00645
0.43365 -0.05055 0.03547
0.42988 -0.07248 -0.05947
-0.07973 -0.02699 -0.06462
0.01709 0.00004 0.02250
0.11080 0.01667 0.14592
-0.15686 0.07120 0.11047
-0.30457 -0.10146 0.04376
0.01974 -0.04824 0.08523
-0.03400 -0.03697 -0.12160
0.38248 0.01903 -0.07286
-0.17197 -0.10201 0.12422
0.37424 -0.08469 -0.09974
0.18126 0.04578 0.10337
-0.14891 -0.01964 0.13022
0.06048 -0.04696 0.02304
-0.00852 0.13011 0.08173
0.35370 0.02112 -0.02513
-0.21581 -0.13044 0.11347
0.32431 -0.00879 0.09973
-0.14978 -0.05967 0.10373
-0.17513 0.11596 -0.08167
-0.03030 0.02581 0.12160
-0.31005 0.03586 -0.13820
-0.14297 -0.04307 -0.14173
0.35631 -0.03646 -0.13218
0.02111 -0.03750 -0.12160
-0.00387 -0.04562 -0.12160
-0.01161 0.11858 -0.10225
-0.30920 -0.10116 -0.02294
-0.08044 -0.05359 0.10506
0.01963 -0.04812 -0.03376
-0.27448 -0.03998 0.11057
-0.14655 -0.07481 -0.12733
0.00708 -0.02739 0.04845
-0.04384 0.06839 -0.12188
-0.28025 0.06047 -0.01910
0.23997 -0.09317 0.13626
0.10678 -0.08186 0.14969
-0.44095 -0.07810 -0.11039
-0.16340 0.11537 0.08933
0.13874 -0.02651 -0.14929
0.17582 -0.10218 0.14428
0.01088 0.02851 0.02468
-0.43431 -0.05950 -0.07302
-0.19593 -0.01551 0.14974
-0.20013 0.11239 -0.08533
0.12832 -0.01462 0.02771
0.36918 0.01382 -0.11395
0.03226 -0.03385 0.06316
0.36591 -0.05439 -0.11819
-0.14567 -0.08293 -0.14264
0.08464 -0.01048 -0.11334
-0.25895 0.02583 -0.00748
-0.37514 -0.09499 0.14152
-0.27163 -0.09396 -0.13066
0.11979 -0.05526 0.02389
0.18590 0.04137 0.11369
-0.13442 -0.06558 -0.11521
0.04858 -0.03051 0.14939
0.22952 -0.10218 0.12637
0.03996 -0.03822 0.02638
-0.09295 -0.07625 -0.11696
0.39425 -0.09688 0.10304
0.16020 -0.05015 0.15160
-0.00562 -0.08186 -0.05676
-0.16931 0.05760 -0.06323
-0.09090 0.10878 -0.10745
-0.02398 0.13038 0.02005
-0.16024 0.06917 -0.12032
0.24140 -0.08202 0.09973
0.10309 -0.08186 -0.03036
0.31599 0.01970 -0.12723
0.12283 0.03903 0.13891
0.13880 0.01774 0.12160
0.12496 -0.04961 0.15130
0.24760 0.04264 0.03594
-0.25193 0.05285 -0.08777
0.12632 0.07123 0.12179
-0.07502 -0.03852 -0.10032
0.19169 -0.02525 -0.05419
0.18410 -0.02560 -0.08514
0.19693 0.00325 -0.14813
0.24928 0.03140 0.05813
-0.10671 -0.02137 0.11922
0.10854 -0.02229 -0.03005
0.41494 0.00832 -0.10051
0.25136 0.04191 -0.04236
0.27619 0.04094 -0.02989
0.09931 0.04325 0.13306
-0.06570 -0.06738 0.03798
0.03131 -0.09206 0.15150
0.22570 0.03921 0.13428
-0.06074 0.05886 0.12480
0.16586 -0.01631 -0.12160
-0.09561 -0.03735 -0.12160
-0.09811 -0.02717 -0.12160
-0.17020 0.04211 0.03888
-0.10504 0.03684 0.14102
0.17813 -0.02326 -0.13474
0.05190 -0.10218 -0.06761
0.13614 -0.10218 -0.02502
0.01186 -0.10218 -0.04832
0.16776 -0.10218 -0.02249
0.05128 -0.10218 -0.03724
0.02037 -0.10218 -0.05414
0.04146 -0.10218 -0.01437
0.02583 -0.10218 -0.05804
0.07874 -0.10218 -0.06317
0.16291 -0.10218 -0.00568
0.04269 -0.10218 -0.01911
0.09944 -0.10218 -0.03895
0.09296 -0.10218 -0.04377
0.11820 -0.10218 -0.03050
0.27194 -0.02768 0.12550
-0.33163 0.02262 0.12227
0.28619 0.02785 0.10021
0.17721 0.04498 0.01802
0.11982 -0.06028 -0.07517
-0.12157 0.11135 0.10515
-0.30095 -0.09960 0.14629
-0.36142 -0.04343 0.03543
-0.24025 -0.12446 0.13051
-0.26492 0.04305 0.13205
0.29708 -0.07741 -0.13473
-0.04025 0.11478 0.10325
0.12253 -0.08605 0.15163
-0.01237 0.01936 0.07176
-0.42914 -0.07260 -0.02649
-0.02001 0.13039 -0.02186
-0.08132 0.12921 -0.07541
0.15805 0.04304 -0.11455
-0.42490 -0.09117 0.10638
0.05628 -0.08186 0.13864
0.10769 0.10334 -0.00875
0.30573 0.03058 -0.09163
0.03340 0.11329 -0.10656
0.24072 -0.07276 -0.13109
0.39648 0.01641 0.06649
-0.27269 -0.09139 0.11538
-0.09478 -0.03055 0.04137
-0.17579 0.05238 0.04047
-0.16781 0.04837 -0.04994
0.15359 -0.07842 -0.15126
-0.19961 0.08332 -0.10328
-0.36163 -0.09657 0.05160
-0.39728 -0.09269 -0.09019
0.12425 0.00938 0.06488
-0.42266 -0.00144 0.00598
0.01855 -0.01553 -0.14896
-0.12026 0.11934 -0.03794
0.09987 -0.02148 0.10601
-0.08169 0.07469 0.11982
0.10734 -0.08186 0.04701
-0.20537 0.11072 -0.01024
-0.09022 0.04041 0.13751
0.38266 -0.06816 0.12099
-0.06611 -0.06915 -0.15196
0.30598 -0.04269 -0.14239
-0.20101 0.01338 0.14746
0.22061 -0.05262 -0.11325
-0.06428 -0.03275 -0.03392
-0.01872 0.01473 -0.11696
0.20881 -0.03412 0.09802
-0.38877 -0.05226 -0.14051
0.06984 -0.03221 0.07207
-0.36244 -0.04343 -0.02721
-0.06333 0.11628 -0.09134
-0.01735 -0.04810 0.13279
0.36061 -0.10762 0.10877
-0.07040 0.10020 0.11073
0.05552 0.12317 -0.00695
0.30625 0.02632 -0.09636
-0.43653 -0.06158 -0.10912
0.02198 -0.05615 0.08708
-0.12025 -0.04837 0.11796
-0.01455 0.03004 -0.13046
-0.41452 -0.04343 0.08586
0.36173 0.02264 0.09078
0.17788 -0.00256 0.13628
0.43897 -0.06324 0.01338
0.08219 -0.06505 -0.11718
0.34997 -0.02911 0.12250
-0.33863 -0.09880 -0.14301
0.32226 0.03419 0.05367
0.01698 0.12955 -0.08196
0.36819 -0.06647 -0.13164
0.10745 -0.03592 0.10770
-0.20361 0.05586 -0.09857
0.35759 -0.08297 -0.09974
0.13189 0.05792 0.12868
-0.14550 -0.01967 0.04558
-0.16015 0.07685 0.12194
-0.17518 0.05409 0.07732
0.43615 -0.09335 -0.07310
-0.00586 0.01917 0.12903
0.36695 -0.05709 -0.13324
-0.02828 -0.02216 0.00474
-0.01646 -0.04957 -0.13851
-0.12711 0.06147 -0.12492
-0.07015 -0.02437 -0.00271
0.03304 -0.00409 -0.10035
0.20495 0.00551 0.14805
-0.37848 0.04617 -0.06802
-0.10183 0.11893 -0.06688
0.30289 -0.01410 0.12029
-0.07082 -0.08186 -0.14666
0.11059 0.10105 0.04165
-0.01475 -0.07320 -0.01935
-0.01142 -0.04571 -0.13176
0.00324 -0.01706 0.07331
-0.39097 -0.09337 -0.08003
-0.39278 -0.03721 -0.10183
0.09982 -0.05873 -0.11718
0.17808 -0.03323 -0.14813
0.00422 -0.03020 -0.00200
-0.33362 -0.03818 0.10862
-0.00712 -0.01786 0.14903
-0.09102 0.03071 0.12160
-0.27466 0.01215 -0.12301
-0.42908 -0.00430 0.07631
0.15963 0.04395 -0.06534
-0.32123 -0.10025 0.01800
0.31565 -0.08820 -0.09974
0.01505 0.12948 -0.04615
-0.20297 0.10933 -0.08959
-0.14913 0.03021 -0.12160
-0.39218 -0.05769 0.14005
-0.10136 0.05104 0.12720
0.19396 -0.02947 -0.14936
0.18001 -0.00651 -0.14863
0.12418 0.01838 0.08585
-0.39421 -0.09301 0.05944
0.23549 0.03280 0.01585
-0.02008 -0.09305 -0.15135
0.41212 0.00553 0.09623
0.16360 0.06587 0.02677
0.00994 -0.08186 0.12814
-0.38066 0.04554 0.07408
0.19638 -0.02488 0.03546
-0.19626 0.11791 -0.08088
-0.15924 0.02342 -0.12603
-0.16340 -0.03029 -0.15274
0.00065 -0.07345 0.12991
-0.15966 -0.08326 0.14974
0.24479 -0.07222 -0.12822
-0.43160 -0.01550 0.05527
-0.42928 -0.00511 -0.06371
0.25871 0.04315 -0.01642
-0.20099 -0.06029 0.13403
-0.37684 0.03528 -0.12497
0.39256 -0.05189 0.14661
0.14240 0.06640 -0.12331
-0.06618 -0.05047 -0.03424
-0.39663 -0.04343 0.06158
-0.17350 0.01283 0.14370
-0.01997 0.04477 -0.04460
-0.40378 -0.08809 0.13005
0.36023 -0.02423 0.14063
0.11716 -0.03396 -0.02591
0.40443 -0.09688 0.00961
0.10626 0.04036 -0.12160
-0.43893 -0.09116 0.10980
-0.39787 -0.04343 -0.02457
0.31679 -0.08608 -0.14196
0.09851 -0.01975 -0.14909
-0.31779 0.05180 -0.10154
0.00812 0.11863 0.07494
0.34244 -0.12081 0.11366
0.11705 0.03840 0.03729
-0.34019 -0.09867 -0.01203
0.17705 -0.05464 0.12262
0.37186 0.01518 0.10500
-0.08122 -0.07956 0.11696
0.02178 0.01645 0.14669
0.14947 -0.02790 0.12160
0.15545 -0.01777 0.12160
0.14811 -0.03369 0.12160
-0.41830 -0.09106 0.04356
-0.20544 -0.01506 -0.12757
0.35916 -0.05796 0.09973
0.04739 0.02012 -0.12160
-0.12397 0.07761 0.12056
0.27413 0.02394 -0.12529
-0.22090 -0.13083 -0.12501
-0.16876 0.11755 0.02097
-0.30077 -0.05040 0.14707
0.10279 -0.08186 -0.10153
-0.21888 -0.04646 -0.14469
0.23513 -0.07363 0.15166
0.36976 0.03189 -0.00354
-0.38837 0.01949 0.11582
-0.26382 -0.11069 -0.14920
-0.13699 0.10314 0.09886
0.20763 0.03162 0.10432
0.40000 0.00974 0.03837
-0.07515 -0.02612 0.12160
-0.08798 -0.03509 0.12160
0.18018 0.05238 0.06633
-0.00823 0.08736 -0.10812
-0.22112 -0.05116 -0.14553
-0.42759 -0.04343 -0.00032
0.36973 -0.03031 -0.15069
-0.25546 -0.10218 0.03035
-0.23372 -0.10218 0.04429
-0.28647 -0.10218 0.01433
0.14977 -0.01158 0.03782
0.19234 0.04596 0.07357
0.10724 -0.02346 -0.09362
-0.42949 -0.04470 0.08603
0.02465 -0.05259 -0.06640
-0.00106 0.08593 0.06979
0.26533 -0.01945 -0.15257
0.05298 -0.00580 -0.11907
0.00064 0.07148 -0.06840
-0.14567 -0.08782 0.11235
0.28735 -0.01739 0.14974
-0.41862 0.00445 -0.01749
0.07841 0.08916 0.00327
0.24404 0.02587 -0.12877
-0.18457 0.07065 -0.10759
-0.09368 -0.08186 -0.12480
-0.22478 -0.01381 -0.14843
0.21327 -0.05561 0.15259
-0.18850 0.09950 0.09751
-0.35816 0.04834 -0.08219
-0.26018 0.02186 0.10661
0.17521 0.00110 0.13176
0.34371 -0.11983 -0.13868
-0.02529 0.02248 -0.11696
0.14448 0.00309 0.05046
0.15662 -0.08186 -0.14584
0.13934 -0.08186 -0.13686
-0.42276 -0.09072 0.02579
0.19836 0.03107 -0.12315
-0.39645 -0.09276 0.02716
0.14964 0.04409 -0.12805
0.02966 0.00843 -0.10303
0.29931 -0.02679 -0.09974
-0.12168 -0.02054 -0.11358
-0.04042 -0.08186 0.12829
-0.02384 0.13027 0.08148
-0.02924 -0.08186 -0.08773
-0.02501 -0.08186 -0.10539
0.17714 -0.02955 0.02547
0.00457 -0.06513 0.01912
0.02904 -0.07281 0.01410
-0.40203 -0.09232 -0.05482
-0.01821 0.05060 -0.12910
-0.33382 -0.09920 -0.00713
-0.43013 -0.07655 0.09910
-0.41286 0.02784 0.10765
0.16934 -0.08095 0.05934
0.00572 -0.08186 -0.14998
-0.07801 -0.07474 0.11718
-0.42914 -0.06769 0.08208
-0.02059 0.06287 -0.11077
0.07308 0.12023 0.08957
-0.12670 -0.06309 -0.06312
-0.35533 0.05012 -0.01467
-0.33459 0.05273 0.03753
-0.17068 0.11219 0.09266
-0.24620 -0.05496 -0.09797
-0.07244 -0.01832 0.11624
-0.00275 -0.08186 0.04414
0.34896 0.02607 -0.12123
-0.20603 -0.09240 0.13409
0.02992 -0.05647 0.15255
0.30049 0.03123 0.09664
-0.11668 -0.00548 0.12160
-0.11342 -0.01252 0.12160
0.41533 -0.08850 -0.13415
0.20931 0.03470 0.12953
-0.14981 -0.05957 0.08923
-0.16859 0.01410 0.09706
-0.33314 0.05281 0.05348
-0.15500 -0.04642 0.12221
0.39634 0.01487 0.10676
0.14343 0.01889 0.01373
0.25395 -0.10443 -0.11081
0.03558 -0.01283 -0.10071
0.08897 -0.08186 0.04672
0.02838 0.11598 -0.10301
-0.02214 0.11885 0.10431
0.09185 -0.03214 0.11296
0.44077 -0.09462 -0.05375
-0.03935 -0.08097 -0.11851
-0.17628 0.06120 -0.12756
-0.42914 -0.07609 0.05573
-0.13166 -0.10218 -0.08383
-0.04279 -0.10218 -0.02336
-0.11550 -0.10218 -0.06105
-0.08696 -0.10218 -0.02527
-0.07710 -0.10218 -0.01300
-0.05154 -0.10218 -0.01257
-0.13354 -0.10218 -0.04551
-0.05396 -0.10218 -0.02726
-0.14253 -0.10218 -0.05967
-0.11689 -0.10218 -0.02533
-0.07089 -0.10218 -0.04541
-0.06347 -0.04577 -0.06799
-0.29040 -0.01133 -0.11789
0.07291 0.12320 -0.00426
-0.15058 -0.00050 0.05294
0.31216 0.03846 -0.01551
0.41158 0.00948 0.09904
-0.02623 -0.05486 0.12598
0.40183 0.00885 -0.06831
0.06597 -0.03020 0.00875
-0.02048 0.05053 0.07430
0.31651 0.03437 -0.05810
-0.24709 -0.10218 0.06967
-0.28137 -0.10218 0.05486
-0.19600 -0.06930 0.09797
0.41950 -0.00004 -0.10104
-0.23411 0.08869 0.05268
-0.11620 -0.03550 -0.01795
-0.07185 -0.05752 0.03806
-0.37755 -0.04959 -0.14204
-0.33647 -0.01597 -0.11406
-0.16320 -0.10204 0.14974
-0.41592 0.02358 -0.11550
0.11975 0.01900 -0.14565
-0.10579 0.03938 -0.12160
-0.26637 0.06614 -0.01104
0.04490 -0.09229 -0.15146
-0.42260 0.00503 0.12882
0.08582 -0.09918 -0.15001
-0.08456 -0.08186 -0.13728
-0.07205 0.01496 -0.12160
-0.07972 -0.01112 -0.12160
0.02354 -0.08186 -0.12821
-0.31575 0.02707 0.14259
0.17558 -0.07974 -0.11395
-0.12830 0.11811 -0.08176
-0.16322 -0.10442 -0.13298
0.00677 0.12965 0.04805
-0.41990 0.02331 -0.09910
-0.15830 0.02364 0.14657
0.42837 -0.04135 -0.07156
-0.02260 0.12986 0.06619
-0.43247 -0.02558 0.05511
-0.19847 0.05770 0.05086
0.43616 -0.09013 -0.00682
0.20967 -0.04400 0.02779
0.09671 -0.03016 -0.14938
0.10558 -0.05972 -0.11126
0.26178 -0.09256 -0.09974
-0.15352 -0.04947 -0.13566
-0.41487 -0.04343 -0.09407
-0.02291 0.02873 -0.13063
-0.01780 -0.00403 0.13176
0.43825 -0.04558 0.00149
-0.27344 -0.02698 -0.10422
0.36230 -0.09846 -0.12217
-0.37652 -0.09500 0.05845
-0.18356 -0.11783 0.12349
-0.15447 0.07518 -0.11122
-0.11872 0.12542 -0.09950
0.29863 0.03785 -0.04333
0.06149 0.12615 0.02973
0.27311 0.02956 -0.02741
0.23742 0.03267 -0.02551
0.21793 -0.03746 -0.11422
0.06431 0.12541 -0.05699
0.20820 -0.06729 0.06362
0.29536 -0.01509 -0.14131
-0.14383 0.12913 -0.05609
-0.05383 -0.08186 -0.07363
-0.24141 -0.09205 -0.13380
-0.36952 -0.09575 -0.01742
0.35267 0.02893 0.06301
-0.14398 -0.03003 -0.12418
-0.05789 0.01377 0.14728
-0.20718 0.06428 0.10969
0.34459 -0.08568 -0.13600
-0.37703 0.00785 -0.11511
0.26881 0.02987 -0.04463
0.13017 0.02767 0.05342
0.23871 0.03632 0.11935
-0.21679 0.10080 0.07002
0.23788 0.03638 -0.11260
-0.22196 0.09794 0.03785
0.10656 0.10409 0.00278
0.03314 -0.00348 0.11307
0.20311 -0.03018 0.02756
0.05358 -0.01821 0.14904
-0.42835 -0.07960 0.12888
-0.07221 0.01843 0.14571
0.20047 -0.02049 0.14911
0.34309 0.03215 0.04934
0.33370 0.02391 0.04130
-0.18107 -0.02821 -0.13210
0.24507 -0.07438 0.11802
0.09202 -0.05615 0.05987
-0.00692 -0.08186 0.09738
-0.01046 -0.08186 0.10091
-0.30358 0.05649 0.01023
0.06593 -0.07501 -0.11718
0.15608 -0.07944 0.03118
0.02849 -0.00975 0.09487
-0.37128 -0.04343 0.07632
0.11384 0.07957 -0.11259
-0.04200 -0.08186 -0.14829
-0.36946 0.04326 0.11586
0.01910 0.04409 0.13087
0.05984 0.01951 -0.14559
0.33640 -0.06108 0.13401
-0.10228 -0.06309 0.05635
-0.07778 -0.06309 0.05521
0.29888 -0.12951 0.12735
-0.29677 0.02869 -0.12475
-0.08803 -0.07763 -0.15133
0.10812 0.01832 0.07672
-0.09549 -0.06309 -0.04106
0.34718 0.01598 0.14466
-0.04503 -0.04880 0.15086
0.24893 -0.01762 0.14902
0.06117 0.12620 -0.01555
0.42770 -0.09688 0.09225
0.43461 -0.09688 0.08741
-0.29689 -0.04343 -0.04273
-0.31322 -0.04343 -0.02509
0.13833 -0.04662 0.12160
0.16254 -0.03562 0.12160
0.34600 0.03085 -0.05637
-0.02752 0.13036 -0.01548
-0.05400 0.13020 -0.01896
-0.04101 0.13028 -0.02271
-0.06465 0.12765 -0.09478
-0.10309 -0.08210 -0.15094
0.42906 -0.06695 -0.08164
-0.17035 0.12845 -0.02539
-0.43653 -0.05555 0.10304
-0.25932 -0.10218 -0.06827
-0.21124 -0.10218 -0.07831
0.15144 0.05554 0.12568
0.28868 0.03537 0.07908
-0.19674 -0.04128 -0.09797
-0.22256 -0.01427 0.10839
0.08391 -0.01380 0.12160
0.07480 -0.00762 0.12160
0.09882 -0.00031 0.12160
-0.01555 -0.10218 0.12679
0.14918 0.02348 0.00824
0.16243 0.01969 0.12160
0.01741 0.01657 -0.06141
0.13583 0.07790 -0.10673
0.31112 -0.01552 0.14566
-0.13947 -0.06309 0.09919
-0.15368 -0.02781 -0.14390
0.40891 0.01240 -0.07913
0.27122 -0.12384 -0.14142
0.34911 0.01640 0.11994
0.29903 0.03251 0.12490
-0.08663 0.06418 -0.12317
0.25264 -0.09443 0.10877
-0.17667 0.06576 0.01486
-0.17176 -0.10468 0.15015
-0.06984 -0.05334 0.08952
0.05822 -0.03517 -0.01937
0.11133 -0.02285 -0.07236
0.30215 -0.00785 -0.14812
-0.14096 0.11803 -0.07254
0.27023 -0.09221 0.09973
-0.33030 -0.04238 -0.14565
-0.17777 -0.09616 0.09797
-0.26358 -0.08972 0.09797
0.39317 0.01642 0.09109
0.28625 0.04061 -0.02150
0.19109 0.04573 -0.05389
-0.27230 0.05660 -0.11151
0.05494 -0.02094 0.11541
0.11983 -0.05608 0.05143
0.32413 -0.03793 -0.13380
-0.26459 0.06519 0.01952
0.00094 -0.06123 -0.11718
-0.09816 -0.00582 0.11947
-0.17431 -0.05813 -0.09797
-0.16790 -0.06833 -0.09797
-0.07956 -0.02451 -0.01102
0.14078 -0.01958 0.14908
0.37768 -0.04431 -0.15095
-0.06395 -0.08126 0.03763
-0.14165 -0.02834 -0.01554
-0.17813 0.04085 -0.13621
0.34424 -0.02610 0.09973
0.32468 -0.03178 0.09973
0.34091 0.03553 0.01317
-0.09138 -0.06309 0.08869
-0.19442 0.06195 0.07683
0.25153 -0.07521 0.11254
0.26643 0.03619 -0.12962
0.15219 -0.01358 0.06182
-0.12223 -0.03420 0.12160
-0.01333 0.02255 -0.03399
0.09961 0.09115 0.11533
0.09325 0.11242 -0.00860
0.36637 -0.08822 -0.11043
0.06019 -0.04565 0.14983
0.11747 -0.03777 0.07002
0.13196 -0.01099 0.12160
0.35349 -0.02387 0.13079
-0.19499 0.12033 0.04767
0.12286 0.06719 -0.17295
-0.19556 -0.07418 0.13409
-0.29178 -0.10218 -0.13333
0.29556 -0.00363 0.15236
0.23997 -0.09732 0.14377
-0.43431 -0.05833 -0.07819
-0.08968 -0.02621 0.00264
0.14705 0.04244 -0.11165
-0.08740 0.09175 -0.11386
0.03662 -0.03681 0.14956
0.06949 -0.05615 0.09928
-0.28217 -0.09067 0.11618
-0.00848 0.09408 -0.10581
-0.24504 -0.01214 0.10016
0.06700 -0.02451 -0.10537
-0.35286 -0.09747 -0.00833
0.28308 -0.01393 -0.15178
-0.43431 -0.04992 -0.04187
0.25151 -0.06904 0.14130
-0.15453 -0.03901 -0.05269
0.19517 -0.04090 0.07210
0.13842 0.00661 -0.12160
0.11476 -0.01423 -0.12160
-0.14352 -0.02728 -0.02768
-0.19832 -0.01342 -0.15178
0.26431 0.03813 0.07575
0.26238 0.03955 0.06242
0.15210 0.05781 -0.12638
0.40994 0.01977 0.00938
-0.13582 -0.01350 -0.11554
-0.03468 0.07377 -0.12014
0.00583 -0.01187 -0.14883
-0.16248 -0.06044 -0.14546
0.30562 -0.03522 -0.09974
-0.32543 0.05129 0.09806
-0.22012 0.06036 -0.01621
0.01895 -0.06597 0.11718
0.37215 -0.03904 -0.10197
-0.16752 0.01014 0.02670
-0.16443 -0.03035 -0.12579
0.42363 -0.04386 0.10477
0.17007 0.04972 0.12087
-0.40748 -0.04343 -0.05597
0.39697 -0.01750 0.14589
0.22376 0.02735 -0.12877
0.24754 0.03568 -0.10710
0.13436 0.05748 -0.13654
-0.02823 -0.06344 -0.12645
-0.27766 -0.08041 0.10908
-0.16228 0.02662 0.08164
-0.20618 -0.10218 0.09350
-0.00466 -0.06125 -0.15232
0.01201 0.12923 0.06457
0.36483 -0.02947 -0.14594
-0.23650 -0.05639 0.09797
-0.17410 -0.10838 0.11877
-0.31699 0.02882 -0.12408
0.27142 0.02602 0.12989
-0.18098 -0.12379 -0.13113
-0.00675 0.03482 -0.12499
-0.00829 -0.10218 0.13703
-0.34230 -0.00101 0.14498
-0.15060 -0.05592 -0.03696
-0.28844 -0.07791 0.14847
-0.43376 -0.02031 -0.11287
-0.27372 -0.02852 -0.09063
-0.32225 -0.09019 -0.14560
0.29596 -0.04335 -0.13380
-0.19538 0.11846 0.00908
0.13945 0.07918 0.08746
0.28159 0.02859 -0.06792
0.05301 -0.08186 -0.06049
-0.12887 -0.03496 0.08999
-0.42701 0.00022 -0.09638
-0.26252 -0.02437 -0.13958
-0.25728 -0.02718 0.10889
-0.17350 0.01041 -0.14227
-0.13344 0.12935 0.05405
0.13820 -0.08186 -0.06716
-0.16981 0.05955 -0.05500
-0.00906 -0.08186 0.02441
0.14489 0.01495 -0.09385
0.08703 0.02140 -0.14537
-0.01748 0.09652 -0.11082
0.11222 -0.06070 -0.15235
-0.23589 0.08770 0.02190
-0.20688 0.05708 0.08801
-0.08443 -0.08186 -0.12530
0.43461 -0.00112 -0.03133
0.16635 -0.08198 0.15096
0.09818 -0.04210 -0.02119
-0.37338 0.04369 0.10815
0.24673 -0.05714 0.11904
-0.17858 -0.06842 0.09797
-0.15596 -0.05421 0.09797
-0.41380 0.03531 -0.06170
0.32173 -0.12722 0.13901
-0.43171 -0.03301 0.06639
0.40971 0.00724 -0.00479
-0.00675 0.00346 -0.12781
-0.26056 0.02062 -0.10524
-0.15254 0.00494 -0.04422
-0.16365 -0.05514 -0.11680
-0.08662 0.04062 -0.13715
0.32303 -0.06703 0.09973
0.33463 -0.07088 0.09973
0.38236 0.02726 0.04120
-0.42365 -0.08768 -0.10361
0.10301 -0.10218 -0.13889
0.20179 -0.10218 -0.12048
0.14547 -0.10218 -0.13589
0.18401 -0.10218 -0.12432
0.16717 -0.10218 -0.11667
0.10358 -0.10218 -0.14691
-0.42684 -0.08654 0.10731
-0.13194 -0.03553 0.01588
-0.19506 0.11872 -0.01389
-0.01556 0.02586 0.08870
-0.25984 0.06351 0.04495
0.17757 -0.01597 0.13009
0.09086 -0.08199 0.15096
0.17799 -0.01410 -0.13317
-0.28422 -0.06478 -0.11630
0.43588 -0.08995 0.01291
-0.21393 -0.01615 -0.13977
-0.15631 -0.03220 -0.08353
-0.19363 0.06075 -0.07787
0.04732 -0.04625 0.12160
0.07158 -0.02854 0.12160
0.04789 -0.03877 0.12160
0.25288 -0.04097 0.13408
-0.02936 -0.08186 0.02720
-0.17642 0.04314 -0.05270
-0.12321 -0.03417 0.09190
-0.02400 -0.04531 -0.13176
0.40159 0.02476 -0.03459
-0.13472 -0.06309 0.04833
-0.21768 0.00207 -0.14816
0.12721 0.05692 0.15266
-0.07167 0.00707 0.14788
0.10943 -0.08186 0.06528
-0.04177 0.11932 0.06648
-0.25716 -0.10218 0.09351
-0.14896 0.02920 0.12160
-0.38176 -0.00132 0.14202
-0.30929 -0.10116 -0.01669
0.08425 0.11521 0.08258
-0.25675 -0.01883 -0.14801
-0.13242 -0.01933 0.11333
-0.19729 -0.04743 -0.13380
0.36923 -0.00560 -0.14744
0.40103 -0.09688 -0.03972
0.41842 -0.09688 -0.08597
0.38946 -0.09688 -0.04066
0.39557 -0.09688 -0.09321
-0.06277 -0.00717 0.11774
-0.08294 -0.07106 0.11696
0.19895 -0.07618 -0.04614
-0.42535 -0.09052 0.00178
-0.07929 0.03609 0.14171
-0.33662 0.02714 -0.14103
-0.16134 0.02469 -0.07223
-0.32025 0.05383 -0.06698
-0.04419 -0.00945 -0.14874
-0.36718 0.01447 -0.14105
-0.03722 -0.10218 -0.11000
-0.12682 -0.10218 -0.14062
-0.13138 -0.10218 -0.12147
-0.04770 -0.10218 -0.10151
-0.09953 -0.10218 -0.12718
-0.06461 -0.10218 -0.09857
-0.21755 -0.04315 0.13176
-0.24767 -0.09218 0.13409
-0.10103 0.01217 -0.12160
-0.12534 -0.01096 -0.12160
0.11533 0.03353 0.04900
0.39543 0.01021 0.12559
-0.01735 -0.05245 0.13585
-0.02316 0.06479 -0.12166
0.19971 0.04127 0.04529
-0.14501 -0.02090 0.00556
-0.00272 -0.05035 0.01871
0.02615 -0.05551 0.01885
-0.17461 0.06736 -0.05451
0.29911 0.02741 -0.01873
0.05628 0.12640 -0.05746
-0.01502 0.09245 0.10081
-0.15021 -0.05771 -0.02787
0.01434 0.02247 -0.08563
-0.07736 -0.06745 -0.09258
-0.30029 -0.02158 -0.14688
0.23847 0.02766 0.11435
-0.00140 -0.00976 -0.08708
0.30741 0.02683 0.00535
-0.12137 0.05766 -0.12694
-0.41007 0.01652 0.11159
0.21501 -0.02528 0.14925
0.01845 -0.07438 0.11419
0.14861 0.03987 -0.11622
0.02192 0.00742 0.06180
0.43861 -0.09335 0.03791
0.25329 -0.03997 -0.13823
-0.08525 -0.06309 -0.03534
-0.09261 -0.06491 0.11102
-0.04286 0.01476 0.14629
0.38613 0.01375 0.00252
0.00883 -0.01738 0.10984
-0.37918 -0.09470 -0.05566
0.16325 -0.07108 -0.03009
-0.18493 0.12666 -0.07355
-0.06570 -0.05290 -0.00900
0.12269 0.05014 0.05348
-0.42325 0.00858 0.05070
0.02741 0.01843 -0.15151
0.01568 0.12878 0.07598
-0.10167 -0.00223 -0.11485
-0.02076 0.11885 0.08035
-0.06990 -0.06309 0.06497
0.20810 -0.10218 0.10563
0.01232 -0.10218 0.12614
0.02226 -0.10218 0.14424
0.11352 -0.10218 0.11151
0.03439 -0.10218 0.11190
0.09105 -0.10218 0.10782
0.01568 -0.10218 0.13025
0.09058 -0.10218 0.12569
0.09849 -0.10218 0.12152
-0.16752 -0.03398 -0.15139
0.02935 -0.01744 -0.03865
-0.01070 -0.04366 -0.11696
-0.35984 0.04774 0.08740
-0.12667 -0.05188 -0.15253
-0.04914 0.01888 -0.14566
0.19114 0.03081 0.14334
-0.26968 -0.10306 0.13414
0.31729 0.02564 0.05524
0.16553 -0.08127 -0.08579
-0.11074 -0.03091 -0.09872
-0.23527 -0.01524 0.12929
0.06514 -0.05972 -0.02284
0.03839 -0.04656 -0.02284
0.09388 0.01600 -0.12160
0.09830 -0.02059 -0.12160
0.34294 -0.08553 0.13409
-0.19224 -0.13066 -0.15113
-0.06583 0.01253 -0.14751
0.22248 -0.04191 -0.07493
-0.27801 0.05563 -0.10805
-0.14567 -0.08978 0.14056
0.32096 0.03194 0.07444
-0.05019 0.00745 0.11685
-0.16330 0.11688 0.07953
-0.01078 0.01237 -0.09336
-0.22091 0.04395 -0.13292
0.00814 -0.03009 0.08997
0.20400 0.04627 -0.03659
-0.02064 -0.07356 -0.11696
0.38037 -0.07496 -0.09974
0.21684 0.03371 -0.03128
-0.07549 -0.08186 0.13588
0.28458 -0.13156 -0.13403
0.36460 0.03217 -0.01482
0.14825 -0.08186 -0.12675
-0.19746 0.05741 -0.12846
-0.04874 0.11953 0.10479
0.40893 -0.08179 0.14161
-0.00513 -0.08570 -0.15128
0.21910 -0.06035 -0.10655
0.00117 0.04740 -0.07047
-0.16354 0.12715 -0.09008
0.28543 -0.02287 -0.09974
0.10823 0.09890 -0.09142
-0.16797 -0.07615 -0.09797
-0.00601 0.00172 -0.07682
-0.06974 0.04409 0.12665
-0.41977 0.02434 0.09001
0.05712 -0.01056 0.11333
0.27009 0.02932 -0.08544
0.18870 -0.10218 -0.14581
-0.27745 -0.06219 0.13184
-0.19361 0.05690 0.07776
0.07784 0.11927 0.08032
0.44582 -0.09436 -0.00573
0.13183 0.08769 0.00626
0.14183 0.05926 -0.12537
0.31001 -0.08239 0.13559
0.02985 -0.00894 0.02292
0.32380 0.02067 -0.14385
0.11661 -0.06006 -0.03119
0.26514 -0.02312 0.10244
-0.11741 0.12980 -0.00831
-0.11561 0.12981 -0.00334
-0.22509 -0.05070 -0.13380
-0.20857 0.05792 -0.08662
-0.15099 -0.05417 0.05370
-0.28604 -0.04343 0.04764
0.14090 0.04017 0.12160
0.14849 -0.08186 -0.10576
0.37810 0.01913 -0.10841
0.33848 -0.02305 0.11538
0.05774 0.02569 0.14487
0.42601 0.01928 -0.03253
0.05956 -0.08101 -0.15105
0.14943 0.03103 0.08453
0.41726 0.00288 0.10925
-0.08516 0.04136 0.12215
-0.43582 -0.05752 -0.12017
-0.34247 -0.09848 -0.08371
0.17243 0.04249 -0.11730
0.02052 0.00993 0.02259
0.28113 -0.02082 -0.12214
-0.01558 0.04964 0.11482
-0.02685 0.13006 -0.05584
-0.03354 0.13004 -0.05462
0.40994 0.01550 -0.00818
-0.33325 0.04946 -0.10658
-0.08320 -0.03185 -0.14943
-0.26151 0.06851 -0.01204
-0.20327 -0.04773 -0.13613
-0.07068 -0.08186 0.13951
0.17626 -0.07335 -0.11696
-0.41635 -0.05225 0.13634
0.08038 0.08873 -0.01013
-0.14914 -0.00872 -0.07714
0.04350 0.12765 0.06370
-0.42594 -0.04343 -0.07769
0.25313 -0.04152 0.09973
0.30429 -0.04280 0.09973
0.05653 -0.02221 -0.12160
0.08773 -0.03901 -0.12160
0.06530 -0.02391 -0.12160
0.40306 -0.00722 -0.14484
0.26415 0.01025 0.14754
-0.42205 0.01781 -0.05541
0.10922 -0.08186 0.05860
-0.17441 0.03568 -0.07266
0.42316 -0.04840 0.10761
-0.41078 -0.09165 -0.03226
-0.36828 -0.04185 0.14300
-0.43751 -0.08183 0.10226
-0.24757 -0.12380 -0.14111
-0.40130 -0.08461 0.10400
-0.25356 0.04386 0.10184
-0.11933 0.02346 0.14545
-0.42885 -0.00692 0.08460
-0.01497 -0.00891 0.14264
-0.02449 0.04403 -0.13124
-0.42985 -0.01983 0.05932
0.05948 -0.04229 0.01943
-0.13359 -0.06864 -0.15152
0.17106 -0.06999 0.13176
-0.09081 -0.02926 -0.06328
-0.18429 -0.02850 -0.14656
0.29165 0.02781 0.06126
0.30568 0.02679 0.05444
0.17419 -0.07995 -0.05266
0.25264 -0.04956 -0.09974
0.36873 -0.07054 0.14072
-0.24991 -0.02152 -0.12059
0.04363 -0.05615 0.01961
0.09222 -0.00383 -0.00096
-0.06867 0.03260 0.12160
-0.28191 -0.04343 -0.03909
0.43553 -0.02985 0.02189
0.14489 0.00937 -0.06371
0.09066 -0.06640 0.11718
-0.22109 -0.06813 -0.13683
0.11320 -0.02561 0.03297
0.36169 0.01634 -0.11069
0.42569 -0.06092 0.10524
-0.16513 0.00131 -0.09876
-0.06692 -0.00040 0.14835
-0.18018 0.05778 0.05910
-0.28431 -0.02392 -0.14725
-0.25592 0.05285 0.09057
-0.00676 -0.01414 -0.13176
-0.38765 0.04508 -0.00673
0.21698 -0.10218 0.10555
0.20398 -0.10218 0.11692
0.19556 -0.10218 0.12115
0.13535 -0.10218 0.12827
0.11046 -0.10218 0.13149
-0.28297 -0.02095 -0.11564
-0.06057 -0.03323 0.00964
0.43404 -0.09688 0.05713
-0.27033 -0.08571 0.09797
0.34285 -0.01072 -0.12031
0.04090 0.11715 -0.07422
-0.25856 0.02709 -0.05945
-0.22175 -0.01402 0.15015
0.02349 -0.05615 0.10233
0.25325 0.03737 0.09073
-0.37290 -0.08128 0.14235
0.10535 0.00962 0.03785
-0.23320 -0.03859 -0.14308
-0.03986 -0.05443 -0.00085
-0.14860 -0.04147 0.01795
-0.01249 -0.00708 -0.14866
-0.19896 -0.01751 -0.13689
-0.34110 0.03572 -0.13451
-0.15703 0.01559 0.04666
-0.40817 -0.04343 -0.04111
0.34707 0.02170 -0.06747
0.21909 -0.06039 -0.07773
-0.30240 -0.10161 -0.04994
-0.02304 -0.04337 -0.01943
0.04255 -0.05615 0.06073
0.27896 -0.05536 0.13176
0.41627 -0.05072 -0.13226
-0.25270 0.04674 0.01668
0.08553 -0.08186 0.08042
0.19437 0.04008 -0.09516
-0.15796 0.01932 -0.00795
0.03858 -0.08186 -0.13239
0.06566 -0.06751 0.11950
-0.09309 -0.05622 -0.11718
0.14694 -0.00506 0.05525
-0.00538 0.00024 -0.06260
-0.01767 -0.07089 0.13417
0.15545 -0.08186 -0.13646
-0.41356 -0.09535 0.11474
-0.01724 -0.03963 0.13659
0.09326 -0.07441 0.02297
-0.17805 0.05476 0.03358
0.11149 0.08443 -0.10780
-0.43230 -0.02302 0.09780
0.09904 -0.08186 -0.06234
-0.05694 0.12978 -0.06157
-0.20730 -0.12932 -0.12815
0.25490 -0.08407 0.12684
0.17321 -0.07627 0.03109
-0.07591 0.11963 0.02933
-0.12613 0.11931 0.02473
-0.08973 0.11954 0.03458
-0.42776 -0.01809 -0.04878
0.20267 0.04301 -0.07822
0.21219 0.03672 -0.12960
0.09109 -0.02656 0.06688
0.16862 0.05851 0.08693
0.14301 -0.06195 -0.11718
0.05648 -0.06295 0.01906
0.43083 -0.09335 0.07062
-0.01710 -0.01700 -0.13180
-0.00915 -0.02992 0.01592
0.29723 0.02189 0.12337
-0.26410 -0.02625 0.09895
0.14878 -0.04105 0.02465
-0.30277 0.05661 -0.03958
-0.16900 0.12851 0.02783
-0.27489 -0.09179 -0.13775
-0.31617 -0.10067 -0.09034
-0.38016 -0.04343 -0.06031
-0.42329 -0.00692 0.00889
-0.40246 0.02903 -0.11592
-0.25753 -0.11925 -0.11081
0.15564 -0.08186 -0.12953
-0.39173 -0.09329 -0.04455
0.16822 -0.05666 0.15254
-0.42570 -0.01276 -0.04919
-0.13001 -0.07482 0.13176
-0.14948 0.12840 -0.07728
0.18535 0.04562 0.04943
0.04217 -0.05615 0.09773
-0.08172 -0.02774 -0.03417
0.10865 -0.02325 0.06105
0.12405 0.00065 0.07333
-0.28202 -0.00207 -0.12007
0.04646 -0.04595 -0.01929
-0.15071 -0.05793 -0.14181
0.12467 -0.02490 -0.12160
0.14941 0.01285 -0.12160
0.28651 0.03267 -0.11575
-0.06234 -0.07685 0.01705
-0.16303 0.00522 0.11696
-0.01812 0.03184 -0.04162
0.14610 0.07771 0.03472
-0.15868 0.01930 0.12729
-0.09357 -0.04277 -0.11278
-0.20057 -0.04487 0.13890
-0.00586 -0.10218 -0.02811
-0.02736 -0.10218 -0.02654
-0.06565 -0.10218 -0.05049
-0.01170 -0.10218 -0.00979
-0.01247 -0.10218 -0.04260
-0.04774 -0.10218 -0.03977
-0.01448 -0.10218 -0.01860
-0.06093 -0.10218 -0.04623
-0.06078 -0.10218 -0.07507
-0.04251 -0.10218 -0.08418
0.21157 0.03521 0.00251
0.00836 0.12276 0.06396
0.01281 0.02278 0.04070
0.37635 -0.04567 0.14944
-0.43461 -0.08582 0.08113
-0.06992 0.12859 0.09117
-0.02554 -0.04263 0.13176
-0.11101 -0.05102 -0.11555
-0.42914 -0.07177 -0.07219
-0.14699 -0.07126 0.11138
-0.16711 0.04326 -0.07346
0.43437 -0.05700 0.02849
-0.35269 -0.01705 0.11234
-0.09435 -0.02823 0.09088
0.01987 0.02326 0.10400
0.34792 -0.02097 -0.11081
-0.30138 -0.04320 -0.14699
0.16966 0.04749 0.08147
-0.30419 -0.03010 0.11290
0.05668 -0.03350 0.06500
0.14935 0.07564 -0.02642
0.15795 0.07013 -0.00345
0.09444 -0.05871 0.02108
0.00555 0.12461 -0.10057
-0.05138 0.03486 -0.14211
-0.41999 0.01727 0.02754
-0.08138 -0.07134 0.06448
-0.42914 -0.08573 -0.05297
0.32020 -0.09923 0.01049
0.31675 -0.09935 0.00678
0.35091 -0.09810 0.07552
0.36038 -0.09775 0.05620
0.37748 -0.09712 0.06429
0.30822 -0.09967 0.04163
0.35623 -0.09790 0.02321
0.31478 -0.09943 0.04413
0.31025 -0.09959 0.03026
0.33787 -0.09858 0.06049
0.11635 0.03104 0.09179
-0.28110 -0.05406 0.10035
-0.27082 -0.01613 0.03436
0.07079 -0.09770 0.15040
0.08273 -0.06486 -0.02046
-0.39872 0.04207 -0.03727
-0.27091 0.05360 0.12770
-0.41324 -0.08176 -0.12367
-0.09563 -0.02747 -0.01563
-0.25824 -0.01998 0.12638
-0.10151 0.11873 -0.07310
-0.17745 -0.03139 -0.12096
-0.23888 0.08549 -0.00477
0.11019 0.01397 0.03910
0.05447 -0.06479 0.15216
0.04562 0.11680 -0.07623
-0.13742 -0.05804 0.11696
-0.00315 -0.01765 -0.00306
-0.24036 -0.01054 -0.14350
0.35998 -0.04578 0.11965
-0.21599 -0.00637 0.13725
-0.33932 -0.06201 -0.14515
0.05501 -0.05360 0.11732
-0.21188 -0.12772 -0.13870
0.09870 -0.06673 0.02314
-0.15094 0.12776 0.09028
0.03224 0.12855 0.05031
-0.02327 0.09142 -0.11265
-0.08351 -0.02838 0.07480
-0.17775 0.11425 0.09025
0.40940 0.00676 0.10893
-0.05357 -0.08121 -0.02218
-0.20810 0.05688 -0.01092
-0.36047 -0.04343 0.05815
0.05691 0.11521 -0.04756
0.36469 0.02213 0.08216
0.20261 -0.03559 -0.14952
-0.17366 0.11724 -0.02473
0.01385 0.12965 -0.03231
-0.37462 -0.04343 -0.02793
0.21177 0.04683 0.01129
0.04358 0.12618 0.09358
-0.34729 -0.04343 -0.05130
0.14911 0.02036 -0.06606
0.14929 0.02349 -0.03079
-0.40676 0.03316 -0.10977
-0.04749 -0.08186 -0.11395
-0.02563 0.00920 0.12508
0.17796 -0.03422 -0.13762
0.00301 0.11904 -0.06480
0.07886 0.09949 0.02148
0.02398 -0.08186 0.05806
0.24175 -0.02634 -0.14928
0.16995 -0.02549 0.03668
0.17667 -0.05726 0.14606
-0.15319 -0.01233 -0.13177
-0.39288 0.00859 0.13885
-0.02766 0.04094 0.13585
0.08577 -0.05356 0.02302
-0.21602 0.10254 -0.01131
-0.42222 -0.04343 0.00038
0.09055 -0.00243 0.11449
-0.40472 -0.01727 0.13836
-0.21691 0.06390 0.12540
-0.22864 0.06043 0.06980
0.17887 -0.00781 0.13924
-0.01918 0.07963 0.04829
-0.26863 -0.00775 0.00931
0.34534 -0.07619 0.13176
-0.21348 0.05809 0.09359
-0.25673 0.03318 -0.11879
0.05058 0.11620 0.06405
-0.15876 0.02689 0.09485
-0.41521 -0.08920 -0.12532
-0.21811 0.09988 -0.06889
0.12460 -0.07890 0.11718
0.36415 -0.02869 -0.11482
0.42979 -0.07785 0.05981
-0.01062 0.08829 0.04958
-0.33284 -0.09928 0.09904
-0.07404 0.11940 -0.05178
-0.10652 0.11934 -0.04322
-0.04298 -0.01136 -0.12160
0.30120 -0.03275 -0.09974
-0.22208 0.09245 -0.10707
0.02681 0.00857 -0.02280
-0.15832 -0.04028 -0.12606
-0.14384 0.02435 -0.14524
0.11708 0.09440 -0.08445
0.18147 0.04301 0.11552
0.21732 0.04115 0.08767
-0.15233 -0.04800 0.08087
0.42484 -0.05109 -0.09663
-0.42046 0.02378 0.04843
-0.34266 -0.04343 0.00183
0.19006 0.04383 0.08493
0.08258 0.11881 0.00675
0.17432 -0.02946 -0.12160
-0.01599 0.05468 -0.12785
-0.27700 -0.04780 0.14974
0.42020 -0.08921 0.12139
0.12022 -0.03490 -0.05932
0.00708 0.03572 -0.08370
0.09013 -0.01729 0.14901
0.12236 -0.08186 0.13004
0.35977 -0.07547 0.09973
-0.22447 0.06092 -0.00343
-0.00430 -0.00230 0.09154
-0.23684 -0.03379 0.09797
-0.00483 0.06602 0.04890
-0.37660 0.02313 0.11807
-0.20315 0.02061 -0.14546
0.20280 -0.02640 0.09450
0.21489 -0.03354 0.14947
-0.13987 -0.06361 -0.11250
-0.00224 -0.08186 -0.03637
0.43679 -0.03997 -0.00388
0.03131 -0.02307 -0.04855
0.14566 0.04669 0.10228
-0.00956 0.07443 0.04776
-0.23555 0.08771 -0.04783
0.27301 -0.01670 0.15127
-0.13750 0.12960 0.07975
0.02015 -0.03019 -0.11194
-0.02563 0.03312 0.12087
0.16126 -0.08934 -0.15191
-0.11802 -0.01060 0.14879
0.18510 -0.06172 0.04859
-0.27665 -0.06535 -0.15219
0.29498 -0.10015 -0.08890
0.24685 -0.10193 -0.07113
0.26858 -0.10113 -0.05596
0.25102 -0.10177 -0.08369
0.35109 -0.09809 -0.07888
0.27413 -0.10092 -0.04973
0.30924 -0.09963 -0.07129
0.25849 -0.10150 -0.04709
0.26110 -0.10140 -0.05535
0.16050 -0.02045 -0.09348
0.15338 -0.01456 -0.04354
0.15534 -0.08186 0.13048
0.01172 0.03520 -0.10689
-0.21972 -0.13731 -0.12335
-0.02563 -0.03514 0.12699
-0.16037 0.03300 0.10244
-0.21229 -0.01416 0.12131
0.07882 -0.03040 0.05637
0.38077 0.01496 -0.02823
-0.26025 0.06160 0.09612
-0.25119 -0.01548 -0.11924
-0.13463 0.06147 0.12414
-0.41857 0.01727 -0.03716
0.35273 -0.04496 -0.14820
-0.29686 -0.10196 -0.13120
0.26034 0.04369 -0.00107
-0.27219 0.05755 -0.04076
-0.22872 -0.12981 0.12059
0.05514 -0.00624 -0.14862
-0.32795 0.04468 -0.12446
0.00792 -0.08160 -0.02266
0.20410 -0.07335 -0.11297
0.28508 -0.12265 -0.15219
0.00011 -0.03987 0.01943
0.40464 -0.09688 -0.11655
0.42644 -0.06177 -0.10017
0.04210 -0.04984 -0.01870
-0.16908 0.05613 -0.04295
0.11970 -0.06039 -0.03850
0.02157 -0.02666 0.12160
0.02683 -0.02775 0.12160
-0.05748 0.00342 0.11840
0.03633 -0.08186 -0.13949
-0.18063 0.11675 0.03954
-0.12448 -0.04023 0.01795
0.29969 -0.00572 -0.12138
-0.23998 -0.01590 0.09797
0.41963 0.01278 -0.06095
-0.31101 0.01711 -0.12266
0.34226 -0.02097 -0.15178
0.10560 0.00795 0.05293
0.04088 -0.03872 0.01943
-0.04799 -0.08186 -0.04331
0.11577 0.09822 0.01043
0.17881 -0.03330 0.13000
-0.23695 -0.06009 0.13270
0.16099 0.04510 0.03371
-0.02961 -0.07016 -0.01926
0.10238 -0.06890 0.11718
0.36050 -0.00282 0.14744
-0.00723 0.00460 0.06637
0.08498 -0.04216 -0.11233
-0.06976 -0.05435 -0.07659
-0.17614 0.11708 -0.01758
-0.08383 0.04409 -0.12460
-0.28951 -0.04343 -0.09347
0.17424 0.00086 0.12430
0.15180 -0.08186 -0.09488
-0.03438 0.03856 -0.13936
-0.14903 0.00570 -0.00364
-0.11269 0.04409 0.12755
-0.16815 -0.04428 0.11134
0.42953 -0.05163 -0.06221
0.17877 0.00451 0.13899
-0.02631 -0.08186 -0.05148
0.11664 -0.03097 -0.03651
0.31830 -0.01457 -0.15219
-0.10742 -0.03469 0.07545
-0.14119 -0.00717 -0.09742
0.00643 -0.09751 0.15045
0.41304 0.02388 -0.00568
0.02396 -0.05710 -0.04687
0.16788 0.05968 0.08153
-0.31454 -0.10081 0.05970
0.11696 -0.10218 -0.07282
0.23076 -0.10218 -0.04432
0.09627 -0.10218 -0.09019
0.19170 -0.10218 -0.04059
0.18812 -0.10218 -0.05524
0.14349 -0.10218 -0.06537
0.18694 -0.10218 -0.04331
0.14543 -0.10218 -0.05740
0.05119 -0.10218 -0.09735
0.06804 -0.10218 -0.07252
0.14011 -0.10218 -0.04267
0.20291 -0.10218 -0.08799
0.22005 -0.10218 -0.05298
0.23820 -0.10218 -0.06533
0.09473 -0.10218 -0.08044
0.19811 -0.10218 -0.08363
-0.29238 -0.10218 0.09335
0.36342 0.03217 0.01702
-0.19159 -0.01077 0.14843
-0.23241 -0.00750 0.09839
-0.15544 0.01384 -0.01096
0.01022 -0.05615 0.03529
-0.19535 0.05734 -0.05385
0.28857 0.02826 0.01478
0.28834 0.02830 0.00670
-0.06486 0.11970 -0.02636
-0.10328 0.11945 -0.02874
-0.07650 0.11962 -0.03069
-0.02079 0.07625 -0.06227
-0.11613 -0.03530 -0.04585
0.18194 0.04376 -0.10260
-0.10543 0.00596 -0.14796
0.14519 -0.07836 -0.02935
-0.01366 -0.05559 -0.13176
0.23743 0.04188 -0.05683
0.22526 0.04087 -0.08247
-0.07400 -0.08186 -0.13900
-0.15665 0.02652 0.10207
0.35170 -0.01662 -0.13764
-0.14563 0.00440 0.10046
-0.19279 0.05693 0.04910
0.43924 -0.06350 -0.00855
-0.01670 -0.06574 -0.14805
-0.17687 0.04483 -0.11572
0.21139 0.04232 -0.07866
0.02599 -0.05615 0.07883
-0.40112 0.03758 -0.10443
-0.14188 -0.04455 0.14909
-0.34574 -0.04343 -0.06630
-0.27896 0.06064 -0.03903
0.28534 -0.03966 -0.14424
-0.08625 -0.06309 -0.09854
-0.08359 -0.06309 -0.08873
-0.32035 -0.06469 -0.14620
-0.24263 0.08273 0.01202
-0.23554 -0.13526 0.13492
-0.01146 -0.01843 0.13176
-0.44029 -0.07486 0.11396
-0.02298 -0.08186 0.14695
-0.10691 -0.06309 0.03808
0.22462 -0.09904 -0.15005
-0.12256 0.12909 -0.07131
-0.02425 0.11240 0.10097
0.09531 -0.02935 -0.03081
0.29992 -0.01670 -0.15146
-0.15759 0.03274 -0.00397
-0.14458 -0.02448 -0.06368
0.26221 -0.10209 -0.15161
-0.13775 -0.03156 -0.09147
-0.14004 -0.03834 0.12852
-0.18731 -0.12071 -0.13578
-0.18985 -0.10218 -0.09234
-0.23994 -0.10218 -0.08241
-0.17046 0.06194 -0.06719
0.08330 0.02692 -0.14463
-0.28033 -0.04329 -0.00594
0.32654 -0.00633 0.13618
-0.16481 0.00010 0.06693
-0.44587 -0.08869 0.03597
-0.16351 -0.03921 0.12784
-0.11037 -0.06893 0.11696
-0.20649 -0.06801 0.13270
-0.24606 -0.10218 -0.05320
-0.27381 -0.10218 -0.05133
-0.28563 -0.10218 -0.04909
-0.35556 0.00354 -0.14401
0.37384 -0.04167 -0.12664
0.38519 -0.09688 0.08914
0.38705 -0.09688 0.06372
0.39387 -0.09688 0.09212
0.39348 -0.09688 0.08362
-0.02037 -0.04959 0.15130
-0.32746 0.00674 0.14581
0.43699 -0.06223 -0.03378
-0.05281 0.03179 0.14308
0.39155 -0.09688 -0.10842
-0.09590 0.12976 0.04791
-0.08114 0.13000 0.03929
-0.16259 -0.05764 -0.15178
0.25872 -0.09511 -0.13032
0.34670 -0.11478 0.13731
0.33010 0.02230 0.12879
0.33566 -0.01516 0.10877
0.04220 -0.06885 -0.11718
0.33253 0.03662 -0.00946
0.10388 -0.08186 0.13141
-0.30666 -0.00082 -0.11953
-0.15280 0.05702 -0.12582
-0.25227 0.04819 0.08246
-0.34880 0.05105 0.01363
-0.25516 0.03845 0.11245
-0.12149 0.09566 0.11114
-0.27449 -0.03288 0.03701
-0.04731 -0.10218 0.10284
-0.10194 -0.10218 0.12824
-0.13439 -0.10218 0.11306
-0.08792 -0.10218 0.10274
-0.03117 -0.10218 0.10583
0.43563 -0.03138 -0.02081
0.02312 -0.04923 -0.10468
0.22285 -0.05968 0.15240
0.22182 -0.00875 0.14872
-0.02474 0.12642 0.01507
0.07363 -0.05615 0.02789
-0.22729 0.00236 0.14744
0.23516 0.04549 0.00197
-0.07423 -0.00842 -0.14871
-0.01692 0.02840 0.13991
0.26580 0.03509 0.12387
0.09531 -0.02252 0.10088
-0.02207 0.01723 0.14585
-0.03427 -0.07567 -0.11901
-0.00249 -0.07056 -0.13167
-0.08955 -0.03255 -0.01338
0.20238 0.02281 0.14517
0.32012 -0.01449 0.10936
0.18400 -0.09032 -0.15176
0.05860 0.11393 -0.10512
-0.05873 0.11929 0.06395
-0.12142 0.11926 0.04230
-0.43409 -0.02346 0.11172
-0.01105 0.01654 -0.07175
0.23845 -0.10218 0.14739
0.19305 -0.02515 -0.02644
-0.06393 0.11594 0.09260
-0.15373 0.12851 0.06998
-0.36444 -0.09628 0.00523
0.16388 0.05602 -0.11449
-0.41678 -0.08192 -0.11207
0.34862 0.03496 0.00125
-0.34377 0.02777 -0.12230
-0.16095 0.00056 -0.13176
0.03128 -0.00481 -0.14857
0.07385 -0.07950 0.02139
-0.22724 0.05974 0.08556
-0.11225 -0.07862 0.15124
-0.02452 -0.08186 -0.11364
0.19829 -0.05485 -0.15262
0.15292 0.01106 0.14761
-0.15148 0.00213 0.04682
-0.16331 -0.00545 -0.02657
0.11658 0.00005 0.12160
0.13316 0.01220 0.12160
0.10564 0.01183 0.12160
-0.26658 -0.00012 -0.01493
0.07644 -0.00057 -0.14836
-0.19423 0.05672 -0.01854
0.08485 -0.08186 -0.08284
0.22981 -0.10218 -0.13359
-0.26639 -0.04038 -0.14208
0.32442 -0.00583 -0.13311
0.03014 -0.02098 -0.14913
-0.42746 -0.01586 0.09620
0.15790 -0.08186 -0.04393
-0.20686 -0.01429 0.10877
0.07840 -0.04896 -0.11300
-0.23581 -0.08937 -0.13613
0.01114 0.12972 0.00718
-0.01078 0.02451 0.10751
0.24048 -0.07570 0.13696
0.07369 0.11296 -0.06389
0.14977 0.03209 -0.07474
-0.00064 0.11812 0.10235
0.02202 0.00720 -0.06990
-0.06722 -0.05094 0.06369
-0.38606 -0.06529 -0.14088
-0.22727 -0.01414 0.12233
-0.05439 -0.09762 -0.15042
-0.03312 -0.07447 -0.12660
-0.27773 0.06000 -0.06685
0.17571 0.02660 -0.13940
-0.02882 0.00093 0.12160
-0.02736 -0.02614 0.12160
0.17195 -0.07413 0.11696
0.26877 -0.02217 0.11325
0.17880 -0.03045 0.14939
0.36583 -0.09755 -0.00761
0.36944 -0.09741 -0.07281
0.35193 -0.09806 -0.06983
0.25484 -0.10163 -0.00402
0.34997 -0.09813 -0.06269
0.37005 -0.09739 -0.08683
0.36849 -0.09745 -0.05911
0.36313 -0.09765 -0.01622
0.33653 -0.09863 -0.02659
0.08177 -0.08186 0.10643
-0.15670 0.02979 -0.01001
-0.11936 -0.04966 0.01795
-0.12311 -0.02137 0.11744
-0.15261 -0.04532 0.11696
0.32759 -0.12800 0.11934
0.33853 -0.12480 -0.11081
-0.34516 -0.09143 -0.14414
0.26321 -0.02504 0.13879
-0.17168 0.05910 0.07732
-0.27009 -0.01333 0.00117
0.32977 0.02453 -0.01256
0.15807 -0.03033 -0.02703
0.32343 0.02515 0.02787
-0.39474 0.04315 0.04778
-0.42914 -0.07651 0.03695
-0.15396 0.02575 0.10645
0.36768 0.01790 -0.05363
0.01841 0.01546 0.03863
0.24530 -0.03117 0.14941
-0.35265 -0.09749 0.09526
-0.18043 0.12710 0.07362
0.29925 -0.07938 0.13103
0.31605 -0.06622 0.13556
-0.15806 -0.05216 0.13706
-0.26549 0.00392 0.05243
0.19359 -0.05834 0.07365
0.10066 -0.02448 -0.04176
-0.43746 -0.09092 -0.11210
-0.03619 -0.10218 -0.12635
-0.05925 -0.10218 -0.13363
-0.07804 -0.10218 -0.14908
-0.13544 -0.05790 -0.13176
-0.27499 -0.08391 0.12249
-0.24477 0.05925 0.10999
-0.00393 0.06031 -0.06282
0.38326 0.02738 -0.03913
0.28510 -0.01918 0.13613
0.04215 -0.07268 0.12043
0.40320 0.01514 0.12573
-0.15951 0.02779 0.14435
-0.16153 -0.06764 0.11344
-0.17724 0.05469 0.05655
0.12561 -0.04848 0.02381
-0.39518 -0.04343 0.02626
-0.34477 -0.09829 0.05567
-0.05248 -0.03213 0.12160
-0.40940 -0.01693 -0.10422
0.02188 -0.08186 -0.05376
-0.42570 -0.09225 -0.11434
-0.16246 0.11790 -0.03932
-0.31747 -0.10056 0.10721
-0.14509 -0.10218 0.10909
-0.04349 -0.10218 0.00185
-0.08555 -0.10218 0.03305
-0.11293 -0.10218 0.01289
-0.11718 -0.10218 0.00443
-0.11562 -0.10218 0.02555
-0.01990 -0.10218 0.00937
-0.04134 -0.10218 0.00825
-0.08873 -0.10218 0.01790
-0.11160 -0.10218 0.03599
-0.08317 -0.10218 0.04086
-0.41883 -0.08827 0.10357
-0.05716 -0.08650 0.15208
0.13159 -0.08186 0.05982
-0.19746 -0.02353 0.14045
0.05792 -0.07775 0.15132
-0.16574 -0.00915 -0.14873
-0.11934 -0.06309 0.09908
-0.29011 0.03983 0.13209
0.24317 -0.06130 0.14674
-0.29224 0.05006 0.11915
0.05194 0.12698 -0.05426
-0.23281 0.06149 0.02844
0.04716 -0.10218 0.06731
0.00491 -0.10218 0.03882
0.11067 -0.10218 0.03140
0.06347 -0.10218 0.00463
0.11160 -0.10218 0.01395
0.14022 -0.10218 0.01829
0.02601 -0.10218 0.01578
0.20022 -0.10218 0.00101
0.19040 -0.10218 0.00063
0.19517 -0.10218 0.01513
0.05801 -0.10218 0.00414
0.02917 -0.10218 0.06050
0.01764 -0.10218 0.05573
0.15886 -0.10218 0.00610
0.17439 -0.10218 0.00983
0.03022 -0.10218 0.03327
-0.31161 0.01510 -0.14494
-0.27631 -0.02543 0.14744
0.08672 0.00861 -0.14778
-0.17765 0.09582 -0.09878
-0.35259 -0.02377 -0.11072
0.17274 0.03769 0.13347
0.10161 -0.00974 0.05944
0.41226 -0.05297 -0.13796
0.19331 -0.04729 0.10675
0.25863 -0.04352 -0.14708
-0.14067 -0.05272 0.01834
-0.07530 -0.10218 0.14222
-0.01838 -0.10218 0.10726
-0.06076 -0.10218 0.12788
0.09635 -0.02694 0.11034
0.30370 -0.08721 -0.14112
-0.32998 -0.02576 -0.11212
-0.23159 -0.10597 0.13176
-0.19820 -0.09507 -0.09797
0.18379 -0.03852 0.02565
-0.14472 0.06445 0.12340
-0.26339 -0.10218 0.04910
-0.19681 -0.10218 0.07366
-0.27835 -0.10218 0.03967
0.23251 -0.10218 0.14331
0.04212 -0.04543 0.01938
-0.11408 0.05570 0.12577
0.10701 -0.00139 0.04378
-0.17420 -0.10851 -0.14763
-0.01654 -0.05650 -0.14395
0.07487 0.11333 0.04018
0.16074 -0.08186 0.04705
-0.29020 0.03310 0.14167
-0.03202 -0.04011 -0.14964
0.17190 0.05967 0.04155
-0.03616 0.05861 -0.12488
-0.16771 -0.03008 0.09797
-0.17347 0.09875 0.11283
0.19704 -0.07647 -0.07960
0.28901 -0.01993 0.12046
0.11681 -0.03819 -0.04287
0.13735 0.06192 -0.12141
-0.41110 0.03307 0.10524
0.24578 0.03581 0.11540
0.18854 0.00661 -0.14791
0.01017 -0.08186 0.09494
-0.00003 -0.08186 0.08549
-0.13609 -0.06309 -0.09069
-0.13565 -0.06309 -0.10720
0.32492 0.02449 0.08558
-0.31633 -0.04002 0.10924
-0.20955 0.05675 -0.11161
0.19887 -0.07174 -0.03108
-0.27118 -0.01678 0.11670
0.19008 0.04625 0.01896
-0.17350 0.00648 0.13302
0.23186 0.03228 -0.08241
-0.38027 -0.09458 0.00462
-0.31487 -0.10078 0.13107
0.40805 0.00931 -0.13434
0.28372 -0.09942 0.09973
-0.15943 0.02078 -0.06960
0.29779 0.03681 0.05445
0.16943 0.04436 -0.08092
0.09214 -0.08186 -0.14566
0.14904 0.04349 0.01999
-0.12574 -0.00381 -0.14853
-0.21485 0.05995 0.00822
-0.17731 -0.01828 -0.13498
0.18738 -0.02537 0.05248
-0.27959 -0.06188 -0.09797
-0.16951 0.01752 0.11350
-0.03914 -0.04463 -0.14980
-0.29559 0.04655 -0.12694
0.02326 -0.04993 0.03895
0.23160 0.03206 0.09022
0.11112 -0.03086 -0.02405
-0.13442 -0.10218 -0.14361
0.02620 0.11373 0.09857
0.20342 0.04733 -0.02535
-0.03551 -0.07364 0.01796
0.35143 -0.02229 -0.13937
0.10934 -0.03936 -0.02352
0.22162 -0.04743 -0.03801
0.19224 0.04640 -0.01634
-0.42418 -0.00519 -0.01094
0.40799 -0.09688 -0.01816
0.21963 0.03300 0.07078
0.31663 -0.00470 -0.12369
0.06598 0.11360 0.04040
0.17402 -0.10218 0.05248
0.19833 -0.10218 0.07348
0.16990 -0.10218 0.06447
0.18708 -0.10218 0.05389
0.13606 -0.10218 0.06971
0.13543 -0.10218 0.09821
0.12752 -0.10218 0.06359
0.23125 -0.10218 0.04021
0.02820 -0.10218 0.09165
0.00080 -0.10218 0.09623
0.23675 -0.10218 0.01589
0.08203 -0.10218 0.09500
0.16379 -0.10218 0.09543
0.19584 -0.10218 0.09465
0.21357 -0.10218 0.05035
0.17180 -0.10218 0.09614
0.12300 -0.10218 0.09764
0.37180 0.01533 -0.10238
0.02503 -0.01823 0.00992
-0.18755 -0.02600 0.13146
-0.16073 0.11800 0.01219
-0.01280 0.06491 -0.07181
0.15222 0.07201 0.06487
-0.20022 -0.12715 0.13700
0.12708 0.01866 0.05201
0.24614 0.04325 0.02862
0.23406 0.04415 0.02830
-0.11033 0.08763 0.11530
-0.10438 -0.04831 0.15060
0.28684 -0.01846 -0.15029
0.02387 -0.05733 0.07323
0.05424 0.11933 0.05233
-0.15240 0.12918 0.00534
-0.13324 -0.06988 -0.13771
-0.38355 -0.04343 -0.01227
0.34674 -0.11475 -0.15218
-0.19454 0.06044 0.00916
0.24290 -0.06242 -0.11998
0.34493 0.02534 0.10220
0.43316 -0.07959 0.03880
0.21623 0.03379 -0.00393
0.16564 -0.00848 -0.12160
0.15758 -0.00200 -0.12160
0.14672 -0.02251 -0.12160
0.13970 0.08162 0.04594
-0.28413 -0.04343 0.10468
0.27236 -0.03011 -0.15121
-0.01225 0.12456 -0.06396
-0.28691 -0.09041 0.12450
0.02600 -0.01451 0.02347
-0.27018 -0.03572 0.14974
-0.42914 -0.07477 0.04975
0.33643 -0.12434 -0.14456
0.05662 0.12280 0.09762
0.07749 -0.03091 0.01830
-0.43406 -0.04858 0.05114
0.02999 -0.08186 -0.02640
0.39205 0.00027 -0.14543
-0.02576 0.00742 -0.14786
-0.27095 -0.01661 0.10599
-0.15580 -0.04488 0.10214
-0.03550 0.11657 -0.10316
0.00028 -0.07398 -0.12736
-0.14604 0.11855 -0.01838
-0.42070 -0.03552 -0.09801
0.25130 -0.07348 -0.14157
-0.16507 0.03221 0.04885
0.17611 0.04446 -0.12543
0.15800 0.06939 -0.03901
-0.25870 -0.07594 0.09797
0.19447 -0.07139 0.03189
-0.32787 -0.09970 -0.06943
0.12807 0.05280 0.14985
0.30018 0.03511 -0.06873
-0.22475 -0.09212 0.13270
0.30474 0.02666 0.08223
0.28914 -0.10008 0.13176
0.02454 -0.08186 -0.07470
-0.21412 -0.07236 -0.13624
0.44091 -0.09688 -0.00735
0.01932 -0.05057 0.10851
-0.40284 -0.09226 -0.04982
0.13734 -0.09113 0.15164
0.07760 -0.04759 -0.11911
-0.07047 -0.07021 -0.11486
0.42830 -0.09688 0.02596
-0.12712 0.11171 0.10578
-0.22041 -0.03006 0.09797
-0.13173 -0.02693 0.10570
-0.25526 -0.00023 -0.14744
-0.01215 0.01505 -0.08962
-0.20130 0.00598 -0.14795
-0.12627 0.12959 -0.04692
0.36711 0.02314 -0.12025
0.15551 0.04513 0.11243
0.16984 0.06029 -0.05554
-0.28902 -0.10218 0.02113
-0.43174 -0.05427 0.12857
0.08611 -0.02809 -0.05165
0.30182 -0.12769 0.11496
0.12560 0.09145 -0.03684
-0.17723 0.04622 0.01900
0.26198 -0.04234 0.13077
0.12020 -0.08186 0.04386
-0.34478 -0.01551 0.11360
-0.33171 0.00950 0.14557
0.33561 -0.01945 0.11964
0.22009 -0.05525 -0.07725
-0.13881 -0.07819 -0.15128
-0.00991 -0.08946 0.15189
0.33750 -0.09064 0.14098
0.10591 -0.00165 0.08169
0.10324 0.10501 -0.06033
0.40447 -0.09688 -0.12722
-0.26141 0.06941 0.00339
0.39797 -0.09688 -0.13241
-0.09372 0.03790 -0.13999
0.38466 0.01400 -0.01802
0.33812 -0.00905 0.10364
0.15277 -0.05870 -0.15244
0.20570 -0.07212 -0.09493
-0.26955 0.05717 0.06310
0.02787 -0.02936 0.10580
0.20689 -0.00201 -0.14843
-0.02790 0.03704 -0.12160
0.00766 0.03461 0.06701
-0.35586 -0.09716 -0.03986
0.37406 0.00544 -0.14563
0.04758 -0.08186 0.09943
-0.01776 -0.07511 0.14122
0.41411 -0.09688 -0.01734
0.42844 -0.09688 -0.00934
-0.27058 -0.04225 0.12189
-0.17766 0.04786 0.05258
0.43566 -0.00691 -0.02056
0.31586 0.02594 -0.03032
-0.39616 -0.09279 -0.05509
-0.01640 -0.04380 -0.13313
0.09117 -0.05615 0.04241
-0.00687 0.04807 0.12427
-0.00559 -0.01826 0.01663
0.11796 0.09583 0.05600
-0.22075 -0.10218 -0.04958
-0.27999 -0.10218 -0.02032
-0.42464 -0.01019 -0.02539
-0.18311 0.05763 -0.07558
-0.17218 0.05065 0.11082
-0.27473 -0.05195 0.11918
0.36521 -0.08357 0.11191
-0.32972 -0.04343 0.07578
-0.10074 0.11828 0.08178
-0.33921 0.05094 0.08133
-0.04587 0.02038 0.14549
-0.39969 -0.03551 0.10118
0.00091 0.07491 0.04846
0.20021 0.04584 -0.05277
-0.13742 -0.03935 -0.14962
0.12956 0.08221 0.10592
-0.28970 0.03892 0.12619
-0.27353 -0.04905 -0.14467
-0.09306 0.00058 0.14830
-0.02329 -0.00245 0.14846
-0.30844 -0.04214 -0.10881
0.17760 -0.02588 -0.09824
-0.13203 0.11055 -0.09541
-0.27292 -0.10918 0.12685
0.14611 -0.00184 -0.09190
0.37990 0.03024 0.00714
-0.23614 -0.00837 0.10508
-0.00217 0.06777 0.05924
-0.42116 -0.09082 -0.06654
-0.01626 0.06881 -0.10894
-0.42849 -0.04343 -0.05934
-0.17176 -0.02269 0.14543
-0.26519 0.06655 -0.03860
-0.16764 0.02767 -0.13065
0.21800 -0.03753 -0.03262
-0.15748 0.01102 -0.12733
0.37596 -0.06375 0.09973
0.32758 -0.07752 0.13948
-0.01951 0.05803 -0.05672
-0.16745 0.12554 0.09507
0.26284 -0.10651 0.10988
-0.27684 -0.05751 -0.12381
0.34111 -0.00975 -0.10356
-0.06344 -0.03283 -0.04435
0.16338 -0.08166 0.07245
0.19203 -0.06947 0.09359
0.22425 -0.02240 0.14917
-0.18450 0.03551 0.14190
-0.07759 -0.08186 -0.14470
0.31530 0.02941 -0.10460
-0.14670 -0.01422 -0.05031
0.14551 0.00328 0.06469
0.44103 -0.09335 0.00947
-0.35889 -0.09685 -0.07439
-0.21263 -0.03620 -0.13380
-0.01379 -0.03020 -0.01219
0.10827 0.09731 -0.09929
0.16320 0.04900 -0.11985
-0.12534 -0.04702 0.12137
-0.34548 0.03226 0.13819
-0.11752 -0.05775 -0.15249
-0.30081 -0.10171 0.01870
-0.01435 -0.10218 -0.13830
-0.03266 -0.07399 0.11992
-0.10730 -0.08186 0.13561
-0.05565 0.11976 0.00803
-0.04877 0.11980 0.01472
-0.08146 0.11959 0.00569
-0.39656 -0.08872 -0.12170
-0.19452 0.00083 0.14828
0.31216 -0.01965 0.09973
-0.15953 -0.01986 0.11203
-0.03518 -0.08186 0.06820
0.27171 -0.01764 0.12156
0.29302 -0.08468 -0.13613
0.11299 0.02508 0.08969
0.05168 0.03966 -0.12160
-0.02755 -0.08186 -0.07287
0.00427 -0.08186 -0.09114
0.12980 -0.00051 0.00710
-0.23254 0.08922 0.06596
0.27516 -0.07417 -0.13380
-0.02563 -0.04083 -0.12341
0.01491 -0.03718 -0.07178
0.31923 -0.10562 0.13176
0.11009 -0.05301 0.02605
0.11135 -0.08186 0.10644
-0.17939 -0.01678 0.12223
-0.42553 -0.09140 -0.10921
-0.16477 0.01684 -0.01795
-0.27144 0.06190 -0.07242
0.01671 0.02580 -0.11151
-0.16398 -0.04024 -0.11081
0.41920 -0.09335 0.13117
0.25670 0.03013 0.09420
0.05266 0.12727 0.00026
-0.04823 -0.08186 -0.06286
0.19938 0.03843 -0.08438
-0.26909 0.05755 -0.00172
-0.37153 -0.03837 -0.10466
0.27309 0.02947 0.04874
-0.35781 -0.00020 0.11567
0.01550 -0.04672 0.11052
0.12939 0.07105 0.14906
0.16699 0.06208 0.05868
0.17136 -0.08038 -0.09513
-0.00231 0.02268 -0.12160
0.21914 -0.01987 -0.14909
0.04911 -0.08186 0.13201
-0.06784 -0.05588 0.00818
0.18968 -0.06609 -0.02998
-0.16278 -0.10337 0.10940
0.05833 -0.05720 0.11314
-0.01614 -0.03597 -0.14475
0.19969 -0.04785 -0.15035
0.12349 0.09082 -0.07709
-0.16659 -0.08105 0.09797
-0.07669 -0.05239 -0.11718
-0.16829 0.03775 0.08380
