-0.27567 -0.01640 -0.15751
-0.25325 0.00312 -0.15880
-0.36718 -0.08626 -0.04618
-0.37418 -0.08501 -0.02475
-0.18138 0.11200 -0.05199
-0.14424 0.10958 0.11399
-0.21837 0.01988 0.18091
-0.15391 0.01398 0.18076
-0.22737 0.02210 0.17943
-0.10149 -0.05384 -0.18180
-0.11253 -0.04434 -0.18237
-0.35381 0.02020 0.17796
-0.19720 0.10569 0.08661
-0.02884 0.07771 0.05578
0.43231 0.00750 0.03643
-0.24846 -0.10702 -0.16794
-0.26952 0.08028 -0.11005
-0.29894 0.06988 -0.12012
-0.22720 0.09375 -0.10879
-0.26185 0.08323 -0.10532
-0.21514 0.09932 -0.09313
0.25226 -0.04832 -0.17604
-0.21094 -0.06584 0.15563
0.24664 0.05645 0.00201
-0.28758 -0.10750 -0.17114
-0.32756 -0.05211 0.15003
0.28620 0.04740 -0.10267
-0.22248 0.04706 -0.04170
-0.31371 0.05280 0.06517
-0.28391 0.05092 0.02104
-0.24990 0.04878 0.05476
-0.21904 0.04684 -0.01126
-0.24621 0.04855 0.08667
-0.21785 0.04677 0.13153
-0.25640 0.04919 0.01557
-0.21819 0.04679 0.00244
-0.30344 0.05215 0.08215
-0.22270 0.04707 0.07743
-0.24450 0.04844 -0.02194
-0.31023 0.05258 0.09756
-0.24472 0.04846 -0.00128
-0.23176 0.04764 0.02454
-0.25672 0.04921 0.02752
-0.24411 0.04842 0.12997
-0.29084 0.05136 0.06723
-0.27816 0.05056 0.11190
-0.27377 0.05029 0.02764
-0.29475 0.05160 0.07859
-0.21701 0.04672 -0.13227
-0.30546 0.05228 0.11286
-0.24966 0.04877 -0.04272
-0.29196 0.05143 0.08490
-0.27130 0.05013 0.13172
-0.28033 0.05070 0.03795
-0.24776 0.04865 0.03635
-0.28263 0.05084 0.07803
-0.24677 0.04859 -0.02874
-0.26701 0.04986 0.09101
-0.22459 0.04719 -0.09789
-0.25420 0.04905 0.03663
-0.21793 0.04677 -0.12354
-0.23536 0.04787 0.12373
-0.28382 0.05092 0.12586
-0.25240 0.04894 0.00223
-0.26656 0.04983 0.03057
-0.30295 0.05212 0.05710
-0.21682 0.04670 0.06080
-0.24258 0.04832 0.00908
-0.25594 0.04916 0.05823
-0.26185 0.04954 0.10103
-0.31049 0.05259 0.12057
-0.22614 0.04729 0.13562
0.06661 -0.01145 0.18014
0.05187 -0.02232 0.18037
0.03064 0.01087 0.17963
0.05609 -0.01264 0.18016
-0.40639 -0.05085 -0.16405
0.33928 0.00070 -0.17005
-0.33655 0.04894 -0.14166
-0.27836 -0.04114 0.15439
0.21581 -0.03799 0.18118
-0.40233 0.04294 0.15008
-0.19722 0.05379 -0.06383
-0.33534 -0.03927 -0.15803
-0.33283 -0.03268 -0.15731
-0.30699 -0.00169 0.13440
0.25278 -0.07505 0.16940
0.22490 0.05781 0.05820
-0.39047 0.05707 0.07590
0.20858 -0.05632 0.17666
-0.24003 -0.10810 0.12319
0.32433 -0.04068 0.18157
-0.42089 -0.00374 0.13981
-0.04247 0.11617 0.09313
0.27867 0.00285 0.15296
0.22950 -0.04319 0.17136
0.26519 -0.04196 -0.17327
-0.43075 -0.06309 0.03758
-0.16197 0.11138 0.09305
-0.21022 -0.08274 0.13748
-0.21026 -0.08283 0.15683
0.17452 0.05849 -0.00672
0.22900 0.05133 -0.11955
-0.40583 0.05030 -0.13233
0.29263 -0.02417 0.16809
0.25393 -0.11813 -0.18049
0.28785 -0.08952 -0.18734
-0.32709 -0.05959 0.13470
0.30108 0.03514 -0.13908
-0.21300 -0.01989 0.16268
0.30651 -0.02118 0.18836
-0.13909 -0.03892 0.03249
-0.14157 -0.03892 0.02573
0.25638 0.02650 -0.17020
-0.32519 -0.03726 -0.15427
-0.38545 0.05855 -0.02901
-0.29381 -0.00320 0.15900
-0.07269 0.01152 -0.17928
0.05522 -0.08880 0.10983
0.02872 -0.08880 0.05691
0.06952 -0.08880 0.12676
0.07417 -0.08880 0.13201
0.05835 -0.08880 0.10485
0.03571 -0.08880 0.07951
0.00731 -0.08880 0.03226
-0.04159 0.07295 -0.05980
0.27991 0.04753 -0.10851
-0.19356 -0.00222 0.01583
0.04508 -0.08880 -0.03032
-0.00846 -0.08880 -0.11041
-0.02057 -0.08880 -0.11265
0.03962 -0.08880 -0.03617
0.06329 -0.08880 -0.03346
0.01940 -0.08880 -0.07142
-0.28505 -0.11665 -0.12519
0.31864 -0.08792 0.14839
0.05520 0.10117 -0.10112
0.06336 0.09902 -0.09472
0.12363 0.07125 -0.10721
0.09108 0.08667 -0.09836
0.25199 0.05601 -0.02733
0.23698 0.05724 -0.02442
-0.26467 0.07624 0.13221
0.00660 0.11156 -0.10542
0.20731 0.05836 -0.06893
-0.23627 -0.10325 -0.16835
-0.23782 -0.03940 -0.16435
-0.05341 0.11876 -0.06785
0.02181 -0.00403 0.18021
0.01425 -0.00702 0.18046
-0.20132 0.02375 -0.17505
-0.28542 -0.02138 -0.16096
-0.28086 0.00145 -0.14338
0.28429 0.01026 -0.16951
0.28251 0.01063 -0.14816
-0.42376 0.05312 -0.09089
0.41207 -0.07774 -0.12913
0.30539 -0.01907 -0.15215
-0.18385 0.02548 -0.12331
-0.10102 0.03210 -0.14126
0.10824 0.05718 0.17076
-0.29756 -0.08444 0.17023
0.23593 -0.11220 0.15634
0.41937 0.01127 0.09288
0.24026 -0.06119 0.16940
0.21566 -0.07965 -0.16027
0.24691 -0.08171 -0.17136
0.44487 -0.04545 -0.00766
0.37059 0.03220 0.03418
-0.27646 -0.05976 -0.17488
0.33196 -0.04165 -0.13857
-0.04095 0.11843 0.06924
-0.01494 0.11645 0.08282
0.32883 -0.08197 0.14712
0.32894 -0.08153 0.13296
0.30626 -0.09141 0.15313
-0.21384 -0.07524 0.13357
-0.19953 0.01348 0.18355
0.17224 0.01536 -0.17876
0.19330 0.00517 -0.17866
-0.23453 -0.07907 0.15751
0.19061 0.05668 0.09790
0.00080 -0.03659 0.06661
0.00324 -0.03885 0.06166
-0.22377 -0.09206 0.13909
0.27482 -0.03049 -0.16825
-0.40823 0.02882 0.14449
0.04785 0.10529 0.09250
-0.05614 0.03591 0.15311
-0.31620 -0.01965 -0.16248
-0.31649 -0.02003 -0.15201
-0.30291 -0.09913 0.15165
-0.25575 -0.07100 0.15889
0.19500 -0.05001 0.15957
0.08296 -0.00406 -0.06996
0.28497 0.01021 0.15110
0.27943 0.01111 0.16218
0.36350 -0.08438 0.15511
0.26497 -0.11949 -0.16453
0.20313 -0.06228 -0.16375
-0.39324 0.01301 -0.16976
0.28472 -0.00759 0.15759
0.24277 -0.10866 -0.18492
0.36064 -0.07559 0.16566
-0.38232 0.05225 0.12107
0.29133 -0.00182 0.16854
0.26997 -0.04983 0.16212
-0.15997 0.11253 -0.08787
0.06340 0.09237 0.12476
-0.26618 -0.11295 -0.15893
-0.04525 -0.02424 -0.09140
0.21489 -0.02105 -0.17477
0.07634 0.06854 0.06484
-0.39661 -0.07894 -0.13233
0.28806 0.05180 0.03677
-0.34324 0.04836 0.14535
-0.34221 -0.06827 0.17945
-0.43139 -0.06425 -0.07729
-0.41856 -0.05944 0.13173
-0.04380 0.11247 -0.11503
0.38876 0.02408 0.07768
0.26475 -0.11241 0.18836
-0.18297 0.04142 0.14875
-0.20041 0.04369 0.14424
-0.01671 0.00132 -0.18005
-0.01297 0.00911 -0.17968
-0.02300 0.00880 -0.17968
0.14250 0.03678 0.16739
0.34701 0.00638 0.16386
0.23455 -0.10208 0.16417
0.01706 -0.08213 -0.17900
0.30976 -0.02799 0.13822
0.18846 -0.08347 -0.17385
-0.23017 -0.07506 -0.15751
0.39127 0.02513 0.05492
-0.43532 -0.02785 -0.10409
0.05360 0.02705 0.16935
-0.13139 -0.03818 -0.01559
-0.32464 -0.04574 -0.12860
0.11276 0.06089 0.15670
-0.21259 -0.04568 -0.15649
-0.30414 0.01165 0.10712
-0.30435 0.02473 0.11090
0.44250 0.00384 0.00955
-0.25410 0.02038 -0.18541
0.34251 -0.00850 -0.17149
-0.00243 -0.04542 -0.18167
0.35748 0.00312 -0.16233
0.43258 0.00740 0.00577
-0.30485 -0.09764 0.12289
-0.19538 0.01087 -0.06216
-0.24108 -0.07524 0.16096
-0.30553 0.02786 0.17900
-0.21937 -0.09653 -0.14681
0.15694 0.04925 -0.12884
0.10131 -0.00465 -0.12741
0.12007 -0.01738 -0.12454
0.13943 -0.01680 -0.12306
0.14050 -0.00456 -0.12431
0.10839 -0.01404 -0.12583
0.12502 0.02080 -0.12829
0.11933 0.01229 -0.12782
-0.41509 -0.04362 -0.15130
-0.17225 0.02581 -0.17145
0.41373 -0.06358 -0.09979
-0.22239 0.03358 -0.16649
-0.41250 0.00033 0.12016
0.27478 -0.11225 -0.18058
0.20270 0.05928 0.00115
-0.40129 0.04310 -0.15081
0.21512 -0.08346 0.17457
-0.43503 0.02370 0.03910
-0.26031 0.08266 0.12379
0.29591 -0.01123 0.14339
0.43849 0.00895 -0.02563
-0.41723 -0.04393 -0.10726
-0.42256 0.02396 0.11500
-0.24328 0.00062 0.17794
0.06709 -0.06137 0.08365
-0.21253 -0.00616 -0.15661
-0.21912 0.00145 -0.16650
-0.21675 -0.00139 -0.17851
-0.17136 0.11348 0.03914
0.38031 0.00500 0.14034
-0.31727 -0.08708 0.14587
0.21990 -0.09064 0.14474
-0.17735 -0.03659 0.02901
0.30279 0.00109 0.13633
0.00680 0.10683 -0.12383
0.23355 0.04608 -0.13948
0.24472 0.04512 -0.13959
0.31698 -0.01230 0.16579
0.25013 -0.08680 -0.18118
-0.23775 -0.04817 0.15977
-0.21007 -0.05919 -0.16242
0.29298 -0.06727 0.16840
-0.33446 -0.06866 -0.13697
-0.33286 -0.07412 -0.12227
-0.05005 0.01491 -0.12956
0.32990 0.03453 0.11817
-0.25979 0.00875 0.12473
-0.39854 -0.08028 -0.08477
-0.36330 -0.08668 -0.07878
-0.42112 -0.07553 0.06969
-0.42199 0.04152 0.11156
0.27277 -0.00430 -0.15789
-0.28869 0.00226 0.17825
-0.30129 -0.10037 -0.12769
0.10805 0.05307 0.10297
0.08332 0.02523 0.13112
0.33758 0.02605 0.13778
-0.04653 -0.01586 -0.09016
-0.23513 -0.10419 -0.17799
-0.42835 -0.01721 -0.13025
-0.04783 -0.04147 0.18240
-0.05122 -0.01479 -0.18116
0.42097 0.00383 -0.00949
-0.06429 0.02648 0.16781
-0.40073 0.05805 -0.03470
-0.30932 -0.10393 -0.12528
0.11666 -0.03095 -0.02657
0.12732 -0.05110 -0.02657
0.13109 -0.04320 -0.02657
0.14104 -0.06584 -0.02656
0.29838 -0.10408 0.13543
0.29204 -0.01074 0.18064
0.22018 -0.09101 -0.17762
-0.28025 -0.01596 -0.16096
-0.43177 -0.02088 0.11956
0.27905 0.02936 -0.15842
0.42247 0.00988 -0.04754
0.28951 -0.05597 -0.16940
-0.12719 -0.03425 -0.18238
-0.12380 -0.00803 -0.18083
0.18841 0.05549 -0.10788
0.26343 0.05460 -0.05947
0.27476 -0.11226 -0.16481
0.41912 -0.07964 0.10742
0.26315 0.00451 0.16881
0.03850 0.10387 -0.11315
0.28964 -0.10521 0.13726
0.20242 0.05325 0.11916
0.21821 0.04422 -0.14712
-0.33874 -0.00004 0.18165
-0.02087 0.00387 0.07739
-0.24229 0.00530 -0.15058
0.41434 0.00722 0.00759
-0.23961 -0.10319 -0.15312
0.23842 -0.01011 -0.15374
0.05218 0.03202 0.16356
0.00189 0.02904 0.16536
0.06171 0.01872 0.11230
-0.29478 -0.05641 -0.16096
-0.08542 0.03261 0.14401
-0.22106 0.02082 0.11381
0.24933 -0.11753 0.15536
0.19856 0.02759 0.17515
0.03164 -0.05475 0.11565
0.29677 -0.04772 0.16874
-0.30126 0.03268 0.17425
-0.26857 0.03055 0.17503
0.31027 -0.09908 -0.16379
0.26769 -0.01778 0.16809
-0.37337 -0.08441 -0.09881
0.08406 0.05172 0.04435
-0.30833 -0.01055 -0.15496
0.16140 -0.00366 0.17846
0.16502 0.01054 0.17870
-0.14313 0.01533 -0.12631
-0.21440 0.00092 -0.10649
-0.17039 0.00398 -0.11754
-0.20263 -0.00747 -0.10757
-0.08362 0.02935 -0.14326
-0.39695 0.05780 0.05694
0.27573 -0.11213 0.17122
0.24100 -0.00691 0.16229
-0.32636 0.04038 0.16658
-0.35356 -0.00089 0.17941
-0.38531 -0.08005 -0.14829
-0.19156 0.01627 0.11630
-0.21725 0.01326 0.10994
-0.18308 0.01520 0.11765
-0.10252 0.02980 0.13944
-0.31074 0.02292 0.18176
-0.00661 0.11765 0.05833
0.12175 0.03210 -0.17045
0.12424 0.04130 -0.15606
-0.40881 0.02659 -0.14417
-0.42017 0.05728 -0.06675
-0.20147 -0.08810 0.15435
-0.20073 -0.08532 0.10770
0.36754 -0.08762 0.09698
0.38560 -0.08526 0.10060
0.28699 -0.04392 -0.18219
-0.31256 0.05796 -0.13414
-0.19229 0.06985 0.09501
-0.37513 0.05980 0.02499
-0.02385 -0.06363 -0.18076
0.06567 0.10037 0.07700
0.13445 0.07080 0.08313
0.06466 0.10010 0.08478
0.07660 0.09577 0.07682
-0.41720 -0.05509 0.11082
-0.16317 -0.02239 -0.18230
-0.15507 0.01042 -0.18122
-0.16503 0.00937 -0.18177
-0.14232 0.01142 -0.18052
0.23504 0.00681 -0.16179
0.22526 0.00137 -0.16718
-0.42085 -0.03679 -0.14175
-0.18385 0.04009 -0.15201
-0.44306 -0.03628 -0.03771
0.28241 -0.11033 0.14531
-0.19741 0.03196 0.04912
0.31932 -0.04627 0.13756
-0.37770 -0.02504 -0.17470
0.09874 0.07798 0.12614
-0.25623 -0.11164 -0.16387
-0.34282 0.03527 -0.17108
0.26613 0.03595 0.15200
-0.13386 -0.03892 -0.04537
-0.13587 -0.03892 -0.08482
-0.14443 -0.03892 -0.05677
0.03295 0.01825 0.17513
0.00632 0.02505 0.17010
-0.25805 0.00376 -0.13967
0.29472 0.04072 0.12889
-0.23158 -0.05152 0.15751
-0.04038 0.06576 -0.12701
0.36694 0.03064 0.08080
0.44186 -0.03401 0.06591
-0.22093 0.04490 -0.14285
-0.32272 0.05324 -0.12839
0.21368 -0.03712 0.18836
0.27407 -0.09604 -0.17136
-0.21387 -0.00432 -0.11393
-0.32608 -0.04086 0.15537
0.41846 -0.04104 0.08677
0.17275 0.04711 0.14687
-0.31777 -0.09663 0.12795
-0.32513 -0.08704 0.16194
0.25831 -0.04768 -0.18793
0.07944 0.03671 -0.15575
-0.44512 -0.00662 0.03950
-0.17182 -0.05788 -0.18109
-0.17563 -0.06273 -0.18074
-0.19728 0.05341 -0.02331
0.09562 0.08728 -0.08210
0.10752 0.08251 -0.07927
0.07157 0.09723 -0.08430
-0.38306 -0.08051 0.14718
-0.34084 -0.08847 0.13825
0.40362 -0.08361 -0.08428
0.42486 -0.08122 -0.07386
0.29748 -0.01244 0.16549
-0.37191 -0.05551 -0.17493
0.12593 0.05993 -0.13951
-0.19074 -0.03409 -0.18236
0.35391 0.01459 -0.14861
-0.05000 0.04874 -0.05234
-0.04798 0.05722 -0.04422
0.29483 -0.01040 -0.15400
-0.27334 -0.03750 0.16677
0.40333 -0.05982 0.14135
0.09456 -0.07783 -0.02659
0.09007 -0.08658 -0.02659
0.08924 -0.06043 -0.02659
0.23254 -0.00440 -0.14173
0.34018 -0.03705 0.17463
-0.41727 -0.04913 0.12559
0.28259 -0.02252 0.17242
-0.35403 -0.08485 0.16003
-0.43809 -0.01180 -0.09774
-0.20192 -0.02106 -0.15424
-0.19844 -0.03034 -0.17571
0.29720 -0.00479 0.13929
0.30397 -0.05884 0.17249
0.22604 -0.01681 -0.16501
-0.21727 -0.03000 -0.12333
-0.43746 0.01828 0.03669
0.25357 -0.00468 -0.13464
0.24056 -0.07335 -0.17136
0.28507 -0.00561 -0.18024
0.31375 -0.03564 -0.14705
-0.17394 -0.03414 0.18257
-0.23995 0.04429 0.14781
-0.20937 -0.06272 0.12260
-0.12464 0.11410 0.09632
0.01550 0.11621 0.01164
-0.40294 -0.07722 -0.13232
-0.08994 0.11531 0.09796
-0.09964 0.11591 0.09210
0.04304 -0.05778 -0.04467
0.37940 -0.08691 0.02576
0.39031 -0.08567 0.02574
0.44161 0.00282 -0.04900
0.07171 -0.06799 -0.07096
-0.43025 0.03645 -0.06110
0.01298 0.11642 -0.04586
-0.35951 -0.05145 -0.17742
0.01236 -0.07493 -0.17954
-0.06430 -0.07660 0.18027
-0.14410 -0.04029 -0.18246
-0.13851 -0.05468 -0.18160
0.26653 -0.09333 0.16809
0.35474 -0.02331 -0.16883
-0.16864 -0.00301 -0.01756
-0.18441 0.07265 -0.01389
-0.44450 -0.07603 0.02331
0.28775 0.02648 0.15967
-0.32243 -0.07212 0.12822
0.27589 -0.11805 0.14495
-0.26219 -0.01798 0.17099
0.34221 0.03696 -0.08740
-0.00343 -0.03252 0.04722
-0.35969 0.06083 0.09007
-0.18315 0.11055 -0.07525
-0.34508 -0.08807 0.13227
-0.36035 -0.08593 0.12061
0.38215 -0.04987 0.15831
-0.36524 0.06199 0.05668
0.26434 -0.11158 -0.15246
-0.32754 -0.00443 -0.18333
-0.44064 -0.06783 -0.01576
-0.43418 0.00837 -0.09429
0.30353 -0.09776 -0.14331
-0.42102 0.02962 0.11502
0.34463 -0.02154 0.17226
-0.40037 -0.08036 -0.06652
-0.40626 -0.07932 -0.04937
-0.41202 -0.07829 -0.06538
-0.02250 0.01877 -0.17378
-0.37231 0.05477 0.11005
-0.01334 -0.08074 0.12837
-0.43827 -0.02919 0.08875
-0.33702 -0.00396 0.11238
-0.34205 0.02896 0.12036
-0.15770 0.11288 0.08730
-0.23661 0.08635 -0.12980
0.00178 0.11234 0.10344
-0.19621 0.05872 0.00144
-0.34871 0.05803 -0.10648
0.31240 -0.00709 -0.14039
0.31949 -0.01515 -0.17323
-0.34595 -0.08857 -0.11884
-0.39930 0.01223 -0.16417
-0.33436 -0.06887 0.10722
-0.33357 -0.07182 0.14609
-0.33486 -0.06722 0.12358
0.41887 -0.08143 -0.09440
0.38626 -0.08516 -0.10111
-0.31254 0.00003 -0.14688
-0.31069 0.00199 -0.17513
-0.31169 0.00090 -0.16387
0.22402 0.04756 0.13775
-0.31474 -0.05708 0.15955
-0.15065 -0.01575 0.09887
0.21018 0.03298 -0.16958
0.19585 -0.03984 -0.15435
0.20030 -0.02903 -0.15892
-0.41724 -0.04271 -0.09518
0.06065 -0.05943 0.06295
0.14548 0.03143 0.12757
0.12755 0.02298 0.12819
0.15552 -0.01185 0.12086
0.15320 0.00023 0.12269
0.09486 -0.00762 0.12731
0.13472 0.00730 0.12542
0.13890 -0.02622 0.12057
0.11758 0.01271 0.12780
0.13638 -0.00732 0.12332
0.00412 0.11419 -0.09156
0.26565 -0.00138 0.17637
0.25789 0.05462 0.07004
0.21979 -0.10017 -0.18198
0.43587 -0.07365 0.06797
-0.16165 -0.04554 0.18199
-0.16776 -0.08620 0.17941
0.07280 0.09570 -0.09148
0.15906 0.05667 -0.10549
0.11413 0.07831 -0.09125
0.33656 0.04086 -0.05966
0.30407 -0.01007 -0.16873
0.38204 -0.08052 -0.15241
-0.39086 -0.07860 -0.15229
-0.41679 0.01265 -0.11652
0.31884 -0.08742 -0.18165
0.30797 -0.02244 0.15811
-0.42566 0.05722 -0.00796
0.32534 0.01584 -0.16049
0.28379 0.05005 0.08790
-0.17932 0.01734 -0.06347
-0.04416 0.01119 -0.17901
0.28477 -0.10935 -0.18198
0.00056 0.11703 -0.05981
-0.11935 -0.02627 0.18193
-0.11819 -0.00469 0.18065
-0.24114 -0.09287 -0.17688
0.21008 -0.06991 -0.18571
-0.05185 0.11748 0.08465
-0.43892 -0.05190 -0.05396
-0.26094 -0.11018 -0.16082
0.31420 -0.08323 0.16817
0.02516 0.03117 -0.16365
-0.29997 -0.02822 0.15751
-0.11403 0.02653 -0.13591
-0.19030 0.01126 -0.11475
-0.20519 0.00711 -0.11020
-0.21173 -0.08113 0.17627
0.06991 0.09999 -0.05748
0.11965 0.07852 -0.06658
0.06270 0.10336 -0.05153
0.22762 -0.01807 -0.18453
-0.26427 -0.11897 -0.15492
-0.21009 -0.06789 -0.12257
0.43614 0.00335 0.07749
-0.13230 0.11728 0.03723
-0.13386 0.11716 0.02886
0.44037 -0.02278 0.05664
-0.35406 -0.08640 -0.13377
0.40014 0.01998 0.08236
0.13552 0.05665 -0.13753
0.44016 -0.06810 0.03535
-0.20442 -0.06388 0.13257
-0.17111 0.03784 0.15551
0.03430 -0.08049 0.17880
-0.19417 0.06541 0.02194
0.21437 -0.03831 -0.16872
-0.42976 0.00626 -0.11200
0.19149 0.05938 0.05936
-0.39506 -0.07931 0.13051
-0.37111 -0.08409 0.11931
0.23908 0.05423 0.09387
0.25080 0.05372 0.09053
0.09825 0.03717 0.16001
-0.07417 0.11954 -0.01113
0.40210 -0.08427 0.06590
0.41639 -0.08249 0.06448
-0.10476 0.10785 -0.12549
-0.44364 -0.03091 -0.04153
0.02215 0.10985 0.09960
0.01269 -0.05126 -0.18105
0.27351 -0.08208 -0.17136
0.21072 -0.02658 -0.15812
-0.05581 -0.07638 0.18022
-0.17427 0.11233 0.06725
0.08296 0.02488 0.03005
0.19848 0.05617 -0.09926
0.23051 -0.01338 -0.16284
-0.11727 -0.06888 0.18080
-0.12402 -0.06530 0.18102
-0.19821 0.10830 0.02525
-0.26748 -0.11313 0.12851
-0.06509 0.02410 -0.17033
-0.35763 0.06335 0.02061
-0.32255 -0.07724 -0.15919
-0.41393 0.05805 0.03522
0.31451 -0.08248 -0.17292
-0.04100 -0.05396 0.18155
0.08296 -0.00399 -0.12337
0.40623 0.00487 0.13492
-0.14906 0.11184 -0.09817
-0.32687 -0.04689 -0.17280
0.10346 -0.08880 0.07561
0.11068 -0.08880 0.09031
0.11850 -0.08880 0.09217
0.07971 -0.08880 0.05912
0.10103 -0.08880 0.05821
0.05848 -0.08880 0.04750
0.06857 0.05693 0.06416
0.31927 -0.06892 0.14874
0.29792 -0.10206 -0.17483
0.31986 -0.05039 -0.17745
0.22524 -0.09742 0.14645
-0.02339 0.07424 -0.04511
-0.27939 -0.10977 -0.17527
0.21173 0.00993 -0.17922
-0.19487 -0.04237 -0.12343
-0.19464 -0.05507 -0.16721
-0.19486 -0.04306 -0.13971
0.15383 0.04507 -0.15215
-0.29354 0.00587 0.14007
-0.02049 0.03949 -0.10495
0.20737 -0.08016 -0.17561
0.31760 -0.03982 0.15246
-0.25466 0.00771 0.17617
0.32683 -0.02841 -0.16747
0.32919 -0.03413 -0.16252
0.20945 -0.04971 0.15739
0.32740 0.04388 -0.03610
-0.21654 -0.09285 0.12940
-0.30234 0.00700 -0.13682
-0.30582 0.00513 -0.12092
0.29299 -0.05103 0.17136
-0.25522 0.03980 0.16296
-0.14676 0.10752 0.12455
-0.12388 0.10052 -0.13137
-0.06183 0.10891 -0.12435
-0.26986 0.01125 -0.13045
-0.15259 0.10595 0.12567
-0.36819 0.04203 0.16283
0.05554 -0.08880 -0.10504
0.01713 -0.08880 -0.07655
0.00665 -0.08880 -0.06804
0.06114 -0.08880 -0.08329
0.42152 0.01132 -0.08854
0.30837 0.04831 -0.00939
-0.13979 -0.01867 -0.06320
-0.28080 0.00355 0.14724
-0.27997 0.00365 0.13662
-0.31594 -0.02272 0.14329
-0.03616 -0.06538 0.10959
0.24438 -0.00552 -0.18072
-0.34418 0.05037 -0.12502
0.25979 0.03069 0.16304
-0.28350 0.00319 -0.12581
-0.43571 -0.00703 0.10536
-0.02109 0.06362 -0.05511
0.21315 0.05474 0.10540
-0.27896 -0.06277 0.16909
0.11252 0.05959 0.15112
-0.42347 -0.01860 0.14053
-0.07298 0.06936 0.14145
-0.06589 0.04114 0.15058
0.03104 0.10981 0.09047
0.09339 0.09074 -0.03583
0.07996 0.09634 -0.04593
0.12777 0.07624 -0.04612
0.06027 0.10465 -0.03885
-0.27327 0.01688 -0.17983
-0.28114 0.01557 -0.17237
-0.26903 0.01769 -0.16953
-0.17482 0.00582 -0.08103
-0.33155 -0.07174 0.12671
-0.18053 0.06349 0.08636
0.17040 0.05789 0.04051
-0.21020 -0.04794 0.13603
-0.12663 -0.02525 -0.00275
0.28588 -0.08614 0.16809
0.36284 0.03398 -0.05167
-0.30832 -0.09758 -0.14569
-0.30924 -0.09688 -0.16352
0.34140 0.03495 0.10015
-0.43233 -0.00048 -0.11342
-0.19800 0.04480 -0.10306
0.41329 -0.05047 -0.10276
-0.23702 -0.08085 -0.10556
-0.20872 -0.07327 -0.10556
-0.24581 -0.08747 -0.10556
-0.25490 -0.08799 -0.10556
-0.21690 -0.08811 -0.10556
-0.00607 -0.08388 -0.12112
-0.15891 0.11508 -0.04241
-0.38457 0.05183 -0.12401
-0.29912 0.00356 -0.17407
-0.04959 0.11954 0.03189
0.05787 -0.07832 -0.17844
-0.42482 0.04984 0.09668
-0.19593 0.01559 -0.10613
0.07422 0.08863 -0.12460
-0.43889 0.01161 0.05935
-0.42960 0.02073 0.09092
-0.38660 0.03943 0.16331
-0.23866 -0.10247 0.14348
0.26082 0.04212 -0.14118
0.30563 0.04180 -0.11272
-0.06906 0.03463 -0.15600
0.32147 -0.03536 0.13747
-0.04433 0.11753 -0.08274
-0.31526 -0.08970 0.13012
-0.25427 0.01653 0.16060
-0.25261 0.01617 0.17046
-0.18782 -0.03753 -0.10787
-0.17022 -0.03220 -0.11359
-0.17909 -0.04448 -0.11064
-0.15439 -0.02816 -0.11872
-0.23135 -0.04120 -0.15751
-0.21993 -0.08366 0.13107
-0.22604 0.02878 0.17253
-0.25795 0.02638 0.17932
0.30499 -0.02993 -0.16957
0.28149 -0.02618 -0.17136
-0.35037 -0.04845 0.17932
-0.42930 -0.00222 0.12102
-0.41266 0.01879 -0.12032
-0.38441 -0.02304 0.17344
-0.24388 -0.10736 0.12956
-0.44599 -0.00829 -0.01248
0.20179 0.00984 0.17903
0.19481 0.01820 0.17929
0.02792 -0.06783 -0.02424
-0.44068 -0.04582 0.05432
-0.38606 -0.04912 0.17259
-0.23145 0.08463 0.13319
-0.41847 -0.01852 0.15044
0.28601 0.02828 -0.15753
0.23703 -0.04131 0.18862
0.31699 -0.09033 0.14256
0.18824 0.03769 0.16503
-0.29549 -0.11319 0.15080
0.06717 0.09640 0.09987
0.07487 0.09120 0.10974
0.08116 0.09098 0.09759
0.03149 0.11271 -0.04197
-0.28664 -0.07291 -0.15889
-0.05112 0.10915 0.12411
0.00928 0.11676 0.02534
-0.33547 0.04460 -0.16135
-0.41727 -0.04109 -0.12176
-0.35060 -0.08864 0.09133
-0.38206 -0.08266 0.10630
0.38107 0.00694 -0.14621
0.22451 -0.01818 -0.14151
0.00321 -0.06009 -0.18065
0.24981 -0.05311 0.17067
0.34914 -0.00496 0.16882
0.26925 0.01291 0.14166
0.27541 0.01191 0.12651
-0.32150 -0.09177 -0.14392
-0.33551 -0.04506 0.13910
-0.33565 -0.05313 0.17728
-0.41075 -0.07834 -0.07494
-0.40463 -0.07950 -0.07187
-0.43177 0.04129 0.00050
0.37025 0.02855 0.09003
-0.44564 -0.00597 0.00342
-0.39862 0.02481 -0.16243
-0.32421 -0.06566 0.15514
-0.18049 0.02425 0.07268
0.04127 0.11056 -0.00554
-0.41725 -0.05621 -0.12733
-0.32067 -0.03176 -0.15600
-0.30770 -0.01267 -0.13853
-0.32112 -0.07528 -0.17065
-0.12840 -0.02172 -0.05342
0.42545 0.01016 0.08576
-0.32043 -0.07757 0.17888
-0.18332 -0.03211 0.11613
0.38724 0.00252 -0.14907
0.30545 -0.01915 0.13826
0.23010 -0.05886 -0.16809
0.29381 0.01838 -0.17032
0.41372 -0.05136 -0.11598
0.03537 0.11200 0.01459
0.36811 0.02675 -0.10320
0.22404 -0.09604 0.15746
0.29529 0.04544 -0.10523
0.07158 -0.02639 -0.18030
-0.30262 -0.10978 0.12893
-0.17567 0.10584 0.11553
0.07921 -0.03284 -0.02659
0.06944 -0.05278 -0.02659
0.06743 -0.06302 -0.02659
0.07149 -0.07041 -0.02659
-0.43241 0.03175 0.04506
0.31825 -0.06166 0.16037
0.41051 -0.04726 -0.13919
-0.20016 -0.08359 -0.15552
-0.20158 -0.08856 -0.17106
-0.35670 0.05878 -0.10725
0.11561 -0.07420 0.17712
0.09738 -0.05205 0.17906
0.26128 -0.00168 -0.15066
-0.18805 -0.02576 0.11406
0.19606 0.05955 -0.03667
0.20646 0.05910 -0.04518
0.17145 0.05229 -0.12906
-0.29069 -0.03291 -0.16096
0.02203 -0.05094 -0.08618
-0.22279 -0.02074 -0.17254
-0.18366 -0.05672 -0.18100
-0.41915 -0.07881 0.02471
-0.31027 -0.00420 -0.15845
0.29917 -0.09863 -0.15220
-0.21710 -0.05639 -0.16250
0.39436 -0.08223 -0.13776
-0.02071 -0.05653 -0.04268
0.32943 -0.07952 -0.15652
0.33116 -0.07231 -0.16982
0.18064 -0.08093 0.17429
-0.23125 -0.06594 -0.15751
0.29595 -0.03628 0.17713
0.11623 0.05517 -0.15469
-0.21434 -0.07103 -0.13454
-0.36824 0.06172 0.00584
0.40911 -0.03214 -0.13805
0.28719 -0.04590 0.16809
-0.22357 -0.00679 0.17028
-0.13887 -0.00932 0.18081
-0.15116 -0.03043 0.18198
-0.37527 -0.08153 0.15303
0.43821 -0.06805 -0.05610
-0.37796 -0.08184 0.13962
-0.36927 -0.08359 0.13583
0.20255 0.05037 0.13489
0.22241 0.05550 0.09461
-0.40985 0.01999 -0.14303
-0.31760 0.00444 0.18413
0.17811 0.05634 0.10126
-0.26284 -0.01249 0.15751
0.31140 -0.08471 -0.18354
-0.39617 0.05805 0.03318
0.25441 -0.00259 -0.18404
0.38575 0.00060 0.15199
0.08970 0.01522 -0.15031
0.11214 -0.01115 -0.14328
0.11126 -0.04540 -0.14355
0.09859 -0.00008 -0.14752
0.09029 -0.02659 -0.15013
0.10991 -0.02189 -0.14398
0.10671 -0.06816 -0.14498
0.14878 -0.07123 -0.13179
0.12467 -0.04280 -0.13935
0.11839 -0.03286 -0.14132
0.09065 -0.07967 -0.15002
0.14282 -0.08318 -0.13365
0.10082 -0.02206 -0.14683
0.01857 0.11571 -0.01428
-0.20084 -0.02386 0.14727
-0.20349 -0.01693 0.14879
0.01939 -0.07360 0.00772
-0.27147 -0.05973 0.16572
0.32609 -0.05255 0.15797
-0.42540 0.02230 -0.10660
-0.43953 0.01414 0.03016
0.15790 -0.06975 -0.01118
0.15790 -0.05369 0.00094
0.15790 -0.04664 0.00243
0.42245 -0.08198 -0.03251
0.42966 -0.08113 -0.04411
0.41641 -0.08265 -0.03452
-0.15849 -0.03892 -0.00545
-0.13957 -0.03892 0.00117
-0.03602 0.07746 0.05776
-0.37485 0.05826 0.07854
0.10662 0.05300 0.06388
0.27139 0.00381 -0.17855
-0.19330 -0.00393 -0.10801
-0.19628 0.01896 0.04197
-0.40062 -0.00519 0.16865
-0.11505 0.11817 -0.05126
0.28462 -0.07865 -0.18173
-0.18036 0.02275 -0.07071
-0.08833 0.08991 0.13480
-0.10215 0.08763 0.13554
-0.09985 0.07847 0.13850
0.44034 -0.02959 0.05302
0.14566 0.05305 0.13585
0.21493 -0.03182 -0.18616
0.24373 -0.04700 -0.16940
0.06425 -0.00389 -0.17997
0.06249 0.00787 -0.17971
-0.19565 0.01313 0.00146
0.40099 0.02072 -0.07238
-0.19145 -0.07110 -0.18002
-0.44467 -0.02239 -0.03802
-0.40162 0.05785 -0.05504
0.08893 0.03963 0.15001
0.12016 0.04693 0.13611
-0.19618 0.05884 0.03146
-0.44564 -0.01847 0.00490
-0.17814 0.01332 0.06144
-0.29578 -0.10634 0.12653
-0.13409 0.10287 -0.12913
-0.03795 0.11923 -0.01189
-0.24013 -0.10581 0.16578
-0.33792 -0.01399 0.03265
-0.34254 0.03206 0.08357
-0.33804 -0.01274 0.00715
-0.33701 -0.02308 -0.02490
-0.33944 0.00118 0.07499
-0.34325 0.03911 0.09242
-0.33667 -0.02643 0.03050
-0.33921 -0.00115 0.00702
-0.34331 0.03969 0.12019
-0.34107 0.01741 0.07087
-0.33965 0.00330 0.10753
-0.33640 -0.02915 0.04233
-0.33805 -0.01266 -0.02283
-0.34024 0.00908 0.10490
-0.33589 -0.03419 0.02117
-0.33828 -0.01040 0.05596
-0.34350 0.04160 0.11282
-0.33707 -0.02245 0.08716
-0.34026 0.00930 0.03918
-0.27138 -0.11291 -0.17469
-0.36227 0.05343 -0.12276
0.32079 0.01871 0.15807
0.19313 0.05836 0.07948
-0.02087 0.05950 -0.06212
0.06640 0.03991 0.06368
-0.27120 0.00481 0.15435
-0.27474 0.00434 0.13420
0.22737 -0.01827 0.18012
0.16311 -0.03705 0.17769
0.17859 -0.02263 0.17785
0.29900 -0.08461 -0.16847
-0.32833 0.04467 -0.12074
-0.28026 0.02528 -0.10930
-0.00354 -0.03239 -0.10142
-0.09825 0.11900 0.00183
0.19448 -0.06009 -0.14234
-0.25204 -0.01251 -0.16096
0.08296 0.00269 0.05423
0.08296 -0.00066 0.04226
0.43860 -0.01835 -0.06982
-0.29164 0.01296 -0.15488
-0.29260 0.01230 -0.17077
-0.30812 0.00339 -0.18396
-0.42268 0.05686 0.06529
0.13364 -0.02898 0.08679
0.15071 -0.03736 0.04462
0.13860 -0.03142 0.03209
0.14484 -0.03448 0.05631
0.09899 -0.01197 0.02895
0.12904 -0.02672 0.08132
0.14955 -0.03679 0.05947
0.15208 -0.03804 0.05332
0.11335 -0.01902 0.03390
0.15521 -0.03957 0.07140
-0.27784 -0.11201 -0.12191
-0.31565 -0.00872 -0.14328
0.42671 -0.04118 -0.09103
0.22207 -0.02460 -0.17013
0.06934 -0.06377 0.05479
-0.13380 0.11571 -0.07633
-0.20346 -0.05154 0.14835
-0.12874 0.10850 -0.12442
0.38683 0.02174 -0.09821
0.24602 -0.09589 0.16809
0.26019 0.05509 0.05328
0.36449 -0.08501 0.14880
-0.13108 0.11738 0.01547
-0.18608 -0.01996 0.10994
-0.17645 -0.01802 0.11276
-0.19102 -0.03432 0.10712
-0.12526 0.00665 0.12921
-0.07933 0.02274 0.14335
-0.14945 -0.01066 0.12086
0.39950 0.00364 0.13442
-0.00626 0.01672 0.17545
0.00801 0.01466 0.17710
0.30366 0.04793 0.07024
0.41699 -0.03279 0.12973
0.15790 -0.07796 -0.12202
0.15790 -0.05250 -0.07444
0.15790 -0.05107 -0.10186
-0.31214 -0.01437 0.16388
-0.01492 0.10692 -0.12529
-0.36616 0.01561 -0.17664
0.23032 -0.06886 0.16809
0.25761 -0.00217 0.13734
-0.43508 0.02548 -0.00593
0.12994 0.04283 -0.13589
0.13533 0.04472 -0.13475
0.08771 0.00746 -0.13340
0.10383 0.03422 -0.14169
0.17102 0.04804 -0.14463
-0.01349 0.11833 0.02870
0.19848 -0.08165 -0.14235
0.19594 -0.07109 -0.12710
-0.20974 0.01401 -0.18408
-0.20250 0.10661 -0.04997
-0.27698 0.08403 -0.07579
-0.22405 0.09984 -0.06313
-0.29905 0.07751 -0.07946
-0.23850 -0.00317 0.13162
-0.23086 -0.00903 0.13044
0.24589 0.02114 -0.17848
0.26272 -0.03585 0.18175
-0.28081 -0.11793 0.13483
0.27556 -0.11017 0.13782
-0.22977 -0.09826 0.12892
-0.23503 0.01117 0.11278
-0.24032 0.01404 0.13228
-0.22784 0.00694 0.13308
0.22111 -0.02261 -0.17886
-0.34609 -0.04196 0.18044
0.24805 0.05630 0.03864
0.26227 0.05513 0.04253
-0.19274 -0.00733 -0.00736
0.27572 0.05222 0.07637
-0.41684 -0.04686 -0.13675
0.29240 -0.00865 0.15833
0.26905 0.04538 0.12934
-0.42772 -0.06512 -0.09486
-0.18172 0.10619 -0.10850
0.02435 0.03454 0.15749
0.05720 0.03596 0.15618
0.06590 0.03804 0.09268
-0.36171 0.06335 -0.00439
0.13373 0.06313 0.12456
-0.02151 0.11765 -0.07009
-0.43978 0.00538 0.07051
0.04154 -0.08749 -0.11538
-0.15050 -0.01582 -0.09282
0.23377 -0.01088 0.14787
-0.19705 0.02726 -0.00369
-0.04288 -0.03793 -0.07943
-0.12063 0.11005 0.12303
-0.18919 0.10869 0.08767
-0.22242 -0.09030 -0.16923
0.24724 0.04860 0.12699
0.21053 -0.01209 0.13237
0.21954 -0.00193 0.12066
-0.15858 -0.02470 0.18210
-0.17132 -0.01129 0.18251
-0.14978 -0.01970 0.18153
-0.24134 0.05932 -0.14367
-0.25589 0.05658 -0.14192
0.17602 -0.00029 -0.17835
0.19003 -0.01793 -0.17785
0.16583 -0.00750 -0.17829
0.09180 0.01659 0.17725
0.22820 0.05023 -0.12659
0.21672 0.05295 -0.11586
-0.13009 0.02493 0.17097
-0.32496 0.06743 -0.09866
-0.33191 0.06709 -0.08932
-0.32177 0.07023 -0.08707
-0.29614 0.07643 -0.09174
-0.34489 0.06393 -0.08706
0.32591 -0.05119 -0.18192
0.10365 0.05320 -0.14668
-0.26193 0.05482 0.14170
-0.28061 0.05354 0.13973
0.26289 -0.01587 -0.16809
0.25893 0.01296 -0.16793
0.24156 -0.00881 0.14670
-0.19154 0.07098 0.02574
-0.17011 0.03178 0.16554
0.16586 0.05209 0.12481
0.09200 -0.00854 -0.06708
0.09593 -0.01047 -0.07868
0.10147 -0.01319 -0.04012
0.09614 -0.01057 -0.08825
0.11433 -0.01950 -0.04926
0.13275 -0.02855 -0.04247
0.10965 -0.01720 -0.07421
-0.19689 0.05566 -0.07950
-0.04697 0.06044 -0.09043
-0.02153 0.01194 -0.10412
0.15790 -0.02306 0.12391
-0.01094 -0.02268 0.07290
-0.41586 -0.05204 0.14509
-0.44391 0.00209 -0.02994
-0.27588 0.00235 0.17888
0.37902 -0.03155 -0.15892
-0.34941 0.00707 -0.17990
-0.01610 0.11564 -0.09054
-0.30730 0.07357 0.08546
-0.33839 0.06597 0.07726
-0.32595 0.06902 0.08051
-0.33370 0.06842 0.07167
-0.33933 0.05806 0.11725
-0.30066 0.07042 0.11221
-0.34805 0.06320 0.07687
-0.29728 0.07428 0.09722
-0.25875 0.08564 0.09715
-0.32233 0.06390 0.11286
-0.09609 0.11260 -0.11245
0.01199 -0.07848 0.00451
0.01211 -0.07842 -0.00783
0.04842 -0.07129 0.04932
-0.14136 -0.02740 0.12049
-0.16250 -0.05392 0.11754
-0.17181 -0.05157 0.11343
-0.15105 -0.04390 0.12105
-0.02250 0.07292 0.07182
-0.06415 0.11438 0.10465
0.28630 -0.10872 -0.16476
0.30236 -0.09866 0.16190
0.41809 -0.00981 0.12904
-0.25911 0.01016 -0.16497
-0.09327 0.11319 0.10963
-0.03780 -0.06138 -0.11535
0.41107 0.00410 0.09956
0.40435 -0.08396 -0.04863
0.36481 -0.08854 -0.05490
-0.16948 0.09702 0.13212
-0.33549 -0.04392 0.09638
-0.33575 -0.05763 -0.02152
-0.33583 -0.06227 -0.00149
-0.33569 -0.05445 0.01269
-0.33576 -0.05873 -0.04662
-0.33585 -0.06315 -0.07309
-0.17865 0.01472 0.02544
0.24865 -0.00375 0.15263
-0.03518 -0.04977 -0.18178
0.11971 0.05003 -0.15141
0.27068 -0.07376 0.16940
0.33208 -0.06847 0.14878
0.33267 -0.06607 0.16825
0.14731 0.04938 -0.13142
0.12508 0.04888 -0.13239
0.09096 0.04624 -0.13742
0.43467 0.00806 -0.00940
0.31098 -0.08848 0.15065
0.23465 -0.03845 -0.17136
-0.37817 -0.06961 -0.17271
0.22974 0.00390 0.15051
0.23616 0.00754 0.12531
0.27554 -0.06685 -0.17274
0.38615 0.01899 0.11344
-0.26578 -0.08720 0.16096
0.10830 0.08452 -0.02895
0.14043 0.07100 -0.03323
0.15360 0.06550 -0.03080
-0.28456 -0.11744 -0.17097
0.40527 0.02132 -0.03638
-0.40662 0.04784 0.13799
0.26217 -0.11327 0.15910
-0.41497 0.01186 0.11200
0.26179 0.00433 -0.15144
0.37661 -0.08507 -0.13232
0.36310 -0.08681 -0.13226
-0.34586 0.05496 0.12521
0.20676 0.05910 -0.02647
0.41182 0.01112 -0.10785
-0.42459 -0.00589 0.11200
-0.19673 0.02356 0.05484
0.11616 0.00329 -0.14202
0.14504 -0.05047 -0.13296
0.15766 -0.07217 -0.12900
0.14155 -0.03666 -0.13405
0.13287 -0.04074 -0.13678
0.21263 -0.00981 0.15861
0.21147 -0.01109 0.15113
-0.41659 0.02535 0.12796
-0.22265 -0.05367 -0.16292
-0.29908 -0.03570 -0.15751
0.30565 0.04814 0.05908
0.39017 -0.05493 -0.15282
-0.19496 -0.03917 0.12769
-0.44548 -0.00515 0.02328
-0.35844 0.00837 0.17863
-0.02057 0.03318 -0.05385
-0.42400 -0.06718 0.05880
-0.18604 -0.05421 0.10834
-0.19162 -0.04096 0.10662
-0.18061 -0.04377 0.11016
-0.10315 0.00605 0.13549
0.27104 -0.03806 0.16940
-0.34678 -0.08170 -0.17643
0.24145 0.00997 -0.17390
0.24671 0.01099 -0.13407
-0.30534 -0.09726 0.17784
0.31151 -0.02706 -0.16567
-0.25315 -0.04864 0.18125
0.02798 0.11337 0.04261
-0.33219 0.05295 0.13224
0.32273 -0.01873 -0.14758
-0.23269 0.09836 0.00375
-0.20950 0.10487 0.00518
-0.21417 0.10356 -0.00101
-0.30616 0.07774 -0.01477
0.20654 -0.03724 -0.13770
-0.28425 -0.04998 -0.14990
0.07137 -0.07967 -0.09608
0.10615 0.01341 -0.12893
0.12351 0.04230 -0.12893
0.12336 0.03631 -0.12893
0.13586 0.02311 -0.17540
0.41984 0.01333 -0.07748
-0.14032 0.11617 0.05967
-0.14470 -0.03892 0.09156
-0.13307 -0.03892 0.10124
-0.13517 -0.03892 0.06883
0.28391 -0.05895 -0.16940
0.29103 0.04384 -0.11847
-0.17394 0.11317 -0.00100
0.06874 -0.05140 -0.00209
0.04093 -0.03869 0.18124
0.03156 -0.03272 0.18120
0.21467 -0.09350 0.14548
0.30129 0.00195 -0.12977
0.29656 0.00454 -0.13862
-0.20968 -0.02670 -0.15927
0.13806 0.02963 0.17226
-0.14158 0.04015 0.14839
-0.18562 0.04316 -0.14466
-0.20086 0.04328 -0.14564
-0.15363 0.04131 -0.14706
0.04145 0.10865 0.07796
0.35397 -0.08767 -0.13696
-0.35959 0.05099 0.13396
0.33039 0.04260 -0.05726
-0.23095 -0.09917 0.14108
0.27017 -0.07886 0.19018
0.40285 0.00910 0.12774
0.19504 0.04271 0.15458
-0.11278 0.11667 -0.08040
0.34905 -0.08476 0.16542
-0.28912 0.00766 -0.12560
-0.21596 -0.08037 0.14115
-0.19547 -0.01192 -0.18334
-0.27287 -0.05267 -0.17395
-0.43381 0.01606 0.08023
-0.30360 -0.06256 -0.15751
-0.19322 -0.00441 0.04335
-0.24576 0.00002 0.12384
0.09645 0.08954 -0.00108
0.06306 0.10355 -0.00102
0.14396 0.06961 -0.01546
0.28382 -0.05561 -0.18024
0.31943 -0.06775 -0.18799
0.04731 0.09639 -0.12629
-0.29009 0.08220 -0.01885
-0.30970 0.07664 -0.02858
-0.35619 0.06367 -0.02469
-0.34847 0.06567 -0.04463
-0.28349 0.08402 -0.02228
-0.40310 -0.07583 0.14464
-0.04595 -0.01977 0.05755
-0.02930 -0.00281 -0.18033
-0.02479 -0.00637 -0.18047
0.40814 0.01433 -0.08783
-0.07167 0.00601 0.17992
-0.07326 -0.00261 0.18045
-0.38941 0.05471 -0.10215
-0.25028 -0.11673 0.12813
-0.41275 -0.00264 -0.14345
0.29018 0.05142 -0.04449
-0.23782 -0.00461 0.12191
-0.40616 0.03482 0.15132
0.34890 0.03533 0.08481
-0.44154 -0.04653 -0.03416
-0.04467 0.11389 -0.10692
0.14254 0.06161 -0.11660
0.19439 -0.06466 0.14465
0.19511 -0.06769 0.16507
-0.30068 -0.10345 -0.16722
-0.30361 -0.10120 -0.14857
-0.00401 0.11053 -0.11655
0.18881 0.02795 -0.17500
0.31834 0.03803 0.11672
-0.27758 -0.04054 -0.17220
-0.19910 -0.08880 0.17283
-0.18071 0.06685 0.01657
0.44193 -0.02214 -0.04569
0.07369 -0.00156 0.17979
-0.38730 -0.04282 -0.17268
-0.42517 -0.07836 -0.02592
-0.37604 -0.08452 0.07442
-0.39978 -0.08037 0.07190
-0.41213 0.01063 -0.14591
0.24358 0.00053 0.16399
0.20638 0.04865 0.13860
0.27470 -0.05529 -0.16086
-0.28045 -0.02674 0.16096
-0.27821 0.04648 -0.14801
-0.28525 0.04457 -0.15490
0.20259 -0.05814 0.15157
-0.33551 -0.04486 -0.01766
-0.33572 -0.05616 -0.05250
-0.33554 -0.04684 0.01708
-0.33548 -0.04349 0.01042
-0.33558 -0.04904 -0.04152
-0.29828 -0.10862 -0.12374
0.22423 -0.07427 0.17024
0.14072 0.06590 0.09754
0.11327 0.07888 0.09016
0.16081 0.05842 0.09230
0.10591 0.08103 0.09520
0.07686 0.07628 0.07365
-0.33222 -0.03989 0.13831
0.28991 -0.10722 0.14645
0.21216 0.05867 -0.05316
-0.38484 -0.00407 0.17232
-0.24954 -0.10971 -0.15978
-0.03581 0.07754 -0.06406
-0.19465 -0.05427 0.13996
-0.19462 -0.05583 0.11421
-0.22922 -0.03159 0.15751
0.39219 0.02536 0.04544
0.38323 0.02828 0.03965
-0.33631 0.05952 -0.11865
-0.32631 0.06175 -0.11950
-0.29469 0.07248 -0.11175
0.10003 0.01734 -0.17688
-0.35147 0.04427 -0.15941
-0.11415 0.11660 0.08050
-0.04420 -0.03057 -0.10091
0.09183 0.07934 -0.12890
-0.22403 -0.03442 0.17669
-0.28773 -0.02240 0.16096
0.22864 0.05668 0.07558
-0.25020 -0.04820 0.15889
0.21213 -0.07041 0.16423
0.32238 0.00481 -0.17314
-0.27190 0.08712 0.04979
-0.32198 0.07297 0.05109
-0.22132 0.10131 0.05074
-0.23625 0.09670 0.06043
0.40135 0.00594 0.10412
0.40022 -0.08458 0.00835
0.36414 -0.08868 0.01576
0.27876 -0.00311 -0.18047
-0.11349 0.11838 -0.03640
0.44378 -0.03198 0.02895
0.03131 -0.03372 -0.00429
-0.33125 -0.02842 -0.13852
-0.33061 -0.02663 -0.11905
-0.27367 -0.11261 0.15620
-0.27476 -0.11246 0.14854
-0.04718 -0.01113 -0.11765
0.36185 0.02903 -0.10120
-0.38071 -0.08062 -0.15227
-0.19333 0.10565 -0.10038
0.37477 0.03116 0.01475
-0.25719 -0.08869 -0.01463
-0.21029 -0.08869 -0.01662
-0.24965 -0.08869 -0.06761
-0.26131 -0.08869 0.00528
-0.22820 -0.08869 -0.00039
-0.23061 -0.08869 -0.10019
-0.29686 -0.08869 -0.10113
-0.27671 -0.08869 -0.08260
-0.22182 -0.08869 -0.05180
-0.20415 -0.08869 0.03078
-0.26884 -0.08869 -0.08004
-0.24240 -0.08869 -0.03543
-0.26315 -0.08869 -0.01574
-0.29673 -0.08869 -0.05284
-0.24336 -0.08869 -0.01390
-0.25995 -0.08869 -0.08552
-0.26562 -0.08869 -0.02788
-0.23751 -0.08869 0.00950
-0.24066 -0.08869 -0.07152
-0.22735 -0.08869 0.05669
-0.24178 -0.08869 -0.05860
-0.25534 -0.08869 -0.07736
-0.27152 -0.08869 -0.07182
-0.23539 -0.08869 -0.08330
-0.22143 -0.08869 -0.04406
-0.29730 -0.08869 -0.08565
-0.21634 -0.08869 0.01701
-0.21067 -0.08869 -0.02294
-0.22738 -0.08869 -0.01264
-0.20197 -0.08869 -0.03549
-0.23705 -0.08869 -0.00949
-0.25659 -0.08869 -0.03869
-0.31105 -0.09178 -0.13511
0.08804 0.00171 0.12893
0.11847 0.04179 0.12893
0.08906 0.04709 0.12893
0.09183 0.03735 0.12893
0.13072 0.04888 0.12893
0.31122 -0.08817 -0.14890
-0.13264 0.11581 0.07630
0.42667 0.01067 0.07720
-0.15021 -0.01595 0.00354
-0.43187 0.03306 -0.04995
-0.06376 0.11954 -0.03383
-0.41717 0.04738 0.12375
0.24499 -0.00526 -0.18677
0.09118 0.05720 0.14539
0.31609 -0.07354 0.15943
0.25436 0.04575 0.13570
-0.27481 -0.03822 -0.16663
-0.28897 0.05088 -0.13960
0.27554 0.05390 -0.00154
-0.33285 -0.04470 -0.14957
-0.27483 -0.06892 0.15804
-0.31994 -0.08354 -0.12260
0.44260 -0.02146 0.03217
0.38061 -0.08539 -0.11479
0.34696 -0.06073 0.17123
0.19942 -0.08558 0.14768
0.20009 -0.08837 0.17092
0.08296 -0.00402 0.00832
0.24948 -0.10931 -0.16504
-0.21089 -0.05326 -0.17888
0.29916 0.04789 -0.08298
-0.41984 -0.05874 -0.10746
-0.23528 -0.07476 -0.15979
-0.22620 -0.09600 -0.17859
-0.00897 0.11816 -0.03999
-0.00684 0.11808 -0.03433
0.41368 0.01883 0.01868
0.39074 0.02610 0.00316
-0.23341 -0.09844 -0.12869
-0.32701 -0.06017 -0.15798
-0.00512 0.10446 -0.12736
-0.20990 -0.05788 0.13121
0.32656 -0.05872 0.14111
0.26673 0.01340 -0.12633
0.27089 0.01261 -0.14800
0.01651 0.11449 0.07795
-0.17724 0.01089 -0.10320
-0.27682 -0.04545 0.17793
-0.29575 -0.00176 -0.14657
0.43368 0.00851 0.07100
-0.19490 0.10804 -0.07638
0.40716 -0.01866 -0.14051
-0.42481 -0.06795 0.09845
-0.15735 0.11529 -0.03551
-0.19384 0.06626 0.10177
-0.21486 -0.03041 0.12519
-0.32651 -0.08391 -0.16820
0.15786 -0.06056 0.17647
0.14768 -0.07448 0.17600
0.05624 -0.08589 0.00644
0.26957 -0.00190 -0.16998
0.32334 -0.03827 -0.16780
-0.22150 -0.01902 -0.15685
-0.44171 -0.03840 0.05544
0.41639 0.01667 -0.05689
-0.21660 -0.00142 0.15665
0.41020 0.00597 -0.12856
-0.27913 0.01623 0.12732
-0.28828 0.01446 0.15256
-0.28187 0.01560 0.15011
-0.32497 0.04174 -0.16507
-0.23623 -0.00491 -0.17349
-0.43426 -0.02608 -0.11031
-0.22708 -0.01193 0.13971
0.23656 -0.05836 -0.17050
0.25618 -0.11248 -0.16782
0.11233 0.07187 0.12688
0.30270 0.04940 -0.04285
0.42921 -0.01869 -0.10519
-0.09850 0.11784 0.07272
-0.25125 0.04227 0.15461
-0.25859 0.04368 0.15238
0.26367 -0.06393 -0.16086
0.27801 0.05277 0.06132
-0.27172 -0.11286 -0.14025
-0.27365 -0.11261 -0.16031
-0.04852 -0.00050 0.05909
0.43571 -0.05846 0.06743
-0.29884 0.06112 0.13488
-0.38928 0.04316 0.15463
-0.42798 -0.06310 0.04782
-0.32884 -0.08799 0.10949
-0.09945 0.11895 0.02444
0.04485 0.10794 -0.07570
0.11490 0.04930 -0.16215
-0.36573 -0.08652 0.01502
-0.35937 -0.08765 0.00178
-0.30094 -0.10325 0.13111
0.16674 0.05568 -0.03586
-0.02352 -0.08057 0.08411
0.43294 0.00562 -0.08695
-0.27632 0.07719 0.11842
-0.27795 0.07745 0.11157
-0.27169 0.07928 0.11285
-0.24406 0.08842 0.10903
-0.22071 0.09566 0.11001
0.37655 -0.07886 0.15708
0.31746 -0.02514 -0.16502
0.06710 0.08806 -0.12905
0.29336 -0.10556 0.17505
-0.27625 -0.04150 -0.14990
0.37514 0.02257 -0.11309
-0.41219 -0.01054 0.15880
0.02479 0.11400 -0.01514
-0.28549 0.04955 0.13545
-0.26609 0.04968 0.13344
0.28282 0.03678 -0.14379
0.17791 0.03575 0.16834
-0.26308 0.04797 -0.14408
0.22863 -0.07844 -0.17136
0.31707 -0.02462 0.14543
-0.19771 0.03666 0.01740
0.43644 -0.07665 -0.04962
0.08674 0.09361 0.01457
0.05663 0.10625 0.01040
-0.44428 -0.02343 0.04580
-0.04982 0.11231 -0.11694
0.08296 0.00310 -0.02797
-0.39838 0.05709 -0.07551
0.21288 -0.03677 -0.15943
0.07096 0.06338 0.09992
0.06299 0.04642 0.12218
0.01891 -0.07392 0.02339
-0.05075 0.02399 -0.11669
-0.42973 -0.06309 -0.04624
-0.37572 0.05666 -0.09380
-0.02887 0.03133 0.16092
0.11959 -0.03360 0.17920
0.11008 -0.02001 0.17972
0.12627 -0.03599 0.17895
0.22587 -0.09520 -0.16053
-0.41684 0.05805 -0.00272
0.18515 0.05942 -0.05777
0.13650 -0.08816 0.00435
0.13951 -0.08823 0.02067
-0.26339 0.00446 -0.15055
-0.23132 0.09195 0.11611
0.40163 0.02217 -0.05000
0.39999 0.02223 -0.05688
-0.40851 -0.07966 -0.01820
0.26731 -0.01251 -0.17936
0.04927 -0.03046 -0.18071
0.04441 -0.02767 -0.18070
0.36425 -0.08843 0.04917
0.36810 -0.08813 0.05357
0.05143 -0.07496 0.13170
-0.33066 0.02534 -0.11585
-0.33205 0.01234 -0.11331
0.30417 -0.02071 -0.17903
0.05055 -0.05883 0.06858
-0.32610 -0.06936 0.10556
-0.27606 -0.08024 0.10556
-0.32800 -0.08292 0.10556
-0.31611 -0.08136 0.10556
-0.33214 -0.00802 -0.18286
-0.08768 -0.07794 -0.18025
0.43742 -0.07585 0.04622
-0.21008 0.03826 -0.15788
0.30295 -0.01664 -0.14096
0.30074 -0.01494 -0.15738
-0.18101 -0.07787 0.17975
-0.26308 -0.06926 -0.15077
0.27033 0.04593 -0.12542
0.27668 0.04235 -0.13526
-0.04295 -0.03759 0.05124
-0.12887 -0.02671 -0.18192
-0.13754 -0.01733 -0.18130
0.30987 -0.08993 -0.17274
-0.09014 0.11903 0.05554
0.00889 -0.02915 -0.18146
0.02067 0.00969 -0.17967
-0.19551 -0.00080 0.18332
0.14772 -0.03026 0.17824
0.14245 -0.02607 0.17851
0.12935 0.00478 0.17948
-0.32123 -0.01600 0.14297
0.29626 -0.04206 0.18807
-0.31877 -0.02300 0.12408
0.43490 -0.02235 -0.08631
-0.41264 0.00145 -0.12425
0.24251 0.01024 0.14588
0.29674 -0.00841 -0.13595
-0.01465 -0.01642 -0.10242
0.20403 -0.04572 0.15760
0.25405 -0.04725 -0.18281
-0.32034 -0.02555 -0.16250
-0.32118 -0.02757 -0.17733
0.21877 0.02309 0.17741
-0.25212 -0.08588 -0.16096
0.37256 -0.06533 -0.16026
0.22351 -0.01950 0.16121
0.43831 -0.03226 -0.07436
0.37288 -0.08765 -0.07630
0.10909 0.04574 0.14910
-0.18753 0.07310 0.00053
0.28575 -0.11533 0.14053
-0.36226 0.02593 0.17524
0.06903 -0.07674 -0.17827
0.01102 -0.04467 0.09532
-0.15733 0.02151 0.17406
-0.14545 0.02647 0.17021
0.26442 0.04949 0.11205
0.22883 -0.00725 0.14133
0.12072 0.05119 0.06874
-0.44355 -0.03665 0.01315
-0.18018 0.04616 0.06313
0.31169 0.04623 0.06872
0.33935 -0.04457 -0.17509
-0.19197 0.07040 -0.04656
0.35553 0.00906 0.15679
0.43237 0.00282 -0.09261
-0.14719 0.03312 -0.16296
-0.02880 0.00366 0.17996
-0.02841 -0.02547 0.18160
-0.30033 -0.00441 -0.14042
-0.29877 -0.00322 -0.13528
0.22894 -0.00844 -0.13723
0.21404 -0.03398 0.15478
-0.04003 0.11930 -0.03911
-0.04578 0.11951 -0.03098
0.18008 0.03293 -0.17189
-0.43421 0.00444 0.09976
0.27946 -0.00329 0.17772
0.39671 -0.08351 0.11297
0.37373 -0.08606 0.11955
0.08394 0.08638 0.11404
0.06275 0.09411 0.11828
-0.12617 -0.02936 -0.03495
0.34003 0.04085 -0.01599
-0.21503 -0.01725 -0.14372
0.05137 -0.06085 -0.17968
0.30467 -0.09670 0.17233
0.21324 -0.00906 -0.13723
0.21793 -0.00385 -0.15920
-0.04615 0.11953 0.02463
-0.03003 0.11893 0.04301
0.25098 -0.11647 -0.18549
-0.25969 0.09070 -0.02056
-0.20510 0.10610 -0.01742
-0.25302 0.09259 -0.03096
-0.21471 0.10339 -0.01121
0.24429 -0.01858 0.17136
0.31845 0.03008 0.14004
-0.22175 0.09374 -0.12570
-0.11331 0.00021 -0.18035
-0.10426 0.00067 -0.18030
-0.09950 0.00947 -0.17975
-0.14656 -0.06761 -0.18073
-0.14364 -0.07357 -0.18038
0.03288 0.11245 -0.03477
0.24014 -0.05095 -0.18968
0.18327 -0.02832 0.17757
0.04323 0.02278 -0.17229
-0.00981 0.02462 -0.17009
0.06552 0.02049 -0.17424
-0.23492 -0.11004 0.15025
0.27984 -0.00212 -0.13504
0.26843 -0.11309 0.14167
-0.26029 0.03461 0.16919
-0.32578 -0.01531 -0.13014
-0.32234 -0.01143 -0.15166
-0.31814 -0.00674 -0.18304
0.16408 0.05842 -0.08202
0.08391 0.09320 -0.07109
-0.14899 0.11595 0.03912
0.41642 0.01530 -0.07215
-0.36359 -0.08660 0.08016
-0.38493 -0.08275 0.08273
0.29549 -0.10145 0.14069
-0.24403 0.01485 -0.14712
-0.25554 0.01671 -0.16612
-0.25560 0.01663 -0.17938
-0.05062 0.02213 -0.05141
0.31740 -0.07550 0.16539
-0.29580 -0.00403 -0.15267
-0.28583 0.00010 -0.17797
-0.39530 -0.05893 -0.17054
-0.08662 0.02882 -0.16586
0.43328 0.01075 -0.04764
-0.16217 -0.06866 0.18056
-0.14684 -0.08031 0.17994
0.12851 0.05154 -0.14722
-0.41088 -0.07183 0.13588
-0.21135 -0.03920 -0.13717
-0.20354 -0.05093 -0.16402
-0.30143 -0.02429 -0.16096
-0.03709 -0.06319 0.05151
-0.23953 0.01364 -0.12563
-0.23611 0.01141 -0.16701
-0.23531 0.01110 -0.14641
-0.01614 -0.01291 0.06150
-0.33511 0.04431 0.16268
0.38844 -0.08423 0.12074
0.38231 -0.08437 0.13184
-0.40119 0.01616 0.16067
-0.42038 0.04754 -0.11593
-0.32914 -0.02279 0.12341
-0.32809 -0.02015 0.14173
0.08734 0.05629 0.06468
-0.14106 0.11650 0.04953
0.25011 0.02279 0.17645
0.41893 -0.04255 0.12363
0.27549 -0.07687 0.16940
0.12637 -0.05927 0.02660
0.12335 -0.05183 0.02660
-0.22877 0.09942 0.02841
-0.30626 0.07770 0.00914
-0.29486 0.08089 0.01278
-0.30259 0.07871 0.01422
-0.33159 0.07059 0.00505
-0.05958 0.11921 -0.05604
0.32147 0.04202 0.09006
0.07351 0.02468 0.17156
-0.21051 -0.04559 0.14379
0.15790 -0.07655 -0.04640
0.15790 -0.07307 -0.02929
0.15790 -0.06895 -0.08057
0.15790 -0.04118 -0.02685
0.15790 -0.08455 -0.06589
0.15790 -0.07609 -0.05799
0.35739 -0.08096 -0.16491
-0.22934 0.00755 -0.16825
-0.22038 0.00255 -0.15455
-0.27938 -0.11185 0.12418
0.31541 -0.03454 -0.17039
0.02263 -0.03053 -0.15168
0.08546 -0.06760 -0.15130
0.03099 -0.05141 -0.15163
0.07279 -0.07194 -0.15138
0.01876 -0.07530 -0.15171
0.05882 -0.06199 -0.15146
0.05335 -0.05915 -0.15149
-0.02241 -0.06372 -0.15196
0.01247 -0.08146 -0.15174
0.06142 -0.01593 -0.15145
0.05182 -0.03894 -0.15150
0.00611 -0.03847 -0.15178
0.00827 -0.08677 -0.15177
0.05372 -0.05302 -0.15149
-0.00433 -0.04876 -0.15185
0.07638 -0.00463 -0.15135
0.02232 -0.02406 -0.15168
0.01297 -0.07506 -0.15174
0.03528 -0.05557 -0.15160
0.01016 -0.05841 -0.15176
0.05522 -0.06984 -0.15148
0.04850 -0.07807 -0.15152
0.16426 0.05466 0.10158
-0.44066 -0.04903 0.03794
-0.24475 -0.00264 -0.16561
0.08296 0.01446 0.11926
0.08296 0.03305 0.10827
0.08296 0.02046 0.12092
0.04273 -0.05772 0.07401
-0.28719 0.03731 0.16789
-0.22405 -0.07755 -0.16332
0.40606 -0.08391 -0.00837
0.39407 -0.08528 -0.00988
0.39005 0.02484 0.06515
-0.17776 -0.04700 0.18169
0.18739 0.05814 -0.08747
0.31469 0.00998 0.17290
0.21282 -0.07793 -0.17733
0.42067 0.01490 0.05802
0.22669 -0.09853 -0.18759
0.25120 -0.03656 0.16940
0.11292 0.08170 0.06093
0.15598 0.06397 0.05432
0.16664 0.05919 0.05896
0.17513 -0.04250 0.17682
0.08916 0.04490 -0.14937
0.25934 -0.07287 -0.16940
-0.26846 0.01769 0.18466
-0.27458 0.01689 0.14637
-0.28626 0.01462 0.18082
0.42101 0.00383 0.00868
0.41890 -0.07911 -0.11076
-0.27304 0.04034 -0.16394
-0.04374 -0.03319 0.06275
0.18201 0.02163 -0.17764
-0.32859 -0.02924 -0.17253
-0.22640 0.09773 0.08346
-0.23553 0.09601 0.07405
-0.00507 -0.08387 -0.17924
-0.02635 0.11824 0.06191
0.20901 -0.06180 -0.18766
-0.41894 -0.03554 -0.13114
-0.18209 0.10844 0.09505
0.23906 0.03400 -0.16353
0.38906 0.00308 -0.13486
-0.13441 0.11712 -0.00548
0.31698 0.03360 -0.13464
-0.29468 -0.05096 -0.15751
-0.18771 0.11140 0.00074
-0.20193 0.09508 0.13012
0.25633 0.05390 -0.08360
0.18742 0.04489 -0.15078
-0.21474 -0.07199 0.14343
0.31017 0.01305 0.17157
0.14999 0.06707 0.02353
0.10902 0.08422 0.03464
0.12612 0.07707 0.02941
0.07786 0.09726 0.04240
0.44487 -0.03336 0.03935
-0.11005 0.11373 -0.10240
0.01974 0.11447 -0.06006
-0.21460 -0.03103 -0.16240
0.41961 0.01580 0.05180
-0.29584 -0.00180 0.14948
-0.21298 -0.07317 -0.14316
0.03093 0.11170 -0.07021
0.09104 0.03088 -0.16838
-0.23266 -0.09787 0.14693
0.08296 0.02103 0.08483
0.08296 0.00162 0.09198
0.08296 0.01085 -0.00143
0.12404 -0.05242 0.17819
0.11132 -0.04326 0.17915
-0.31082 -0.10350 -0.15107
-0.43080 -0.07344 -0.03124
-0.43365 -0.01371 -0.11430
-0.27614 -0.08232 0.16096
0.36357 0.02149 -0.13143
-0.25859 0.00383 0.13540
0.44330 -0.01342 -0.00709
0.32274 0.04504 0.02420
-0.41928 -0.03512 0.12340
-0.37169 0.05033 0.13323
0.21044 -0.04267 0.16358
-0.43946 0.00568 -0.07174
0.20949 -0.04938 -0.18310
0.31655 -0.02503 0.13744
0.02854 -0.05353 -0.10794
0.30462 -0.03948 0.17136
-0.06807 0.11890 0.06426
0.22501 -0.10466 -0.16994
0.06494 -0.08820 0.00700
-0.21022 -0.06032 -0.15495
0.33238 -0.04984 0.12446
0.33290 -0.06003 0.14319
0.23010 -0.09867 -0.18081
-0.33743 0.06896 -0.00598
-0.22236 0.10126 0.01925
-0.30718 0.07745 -0.00580
-0.28792 0.08286 0.00714
0.25796 -0.08421 0.17136
0.30180 0.01606 -0.17071
-0.27132 0.00479 -0.17187
0.29256 -0.10361 -0.17731
-0.30667 0.07178 -0.10480
-0.22486 0.09798 -0.08175
-0.26228 0.08561 -0.09653
-0.22177 0.09929 -0.07737
0.29709 0.05000 0.05392
-0.19925 -0.08044 0.15873
-0.19617 -0.06967 0.13077
-0.19770 -0.07507 0.15240
0.22708 -0.01256 -0.18666
0.31054 0.04343 -0.09654
-0.20727 -0.03381 0.12532
-0.12890 -0.05912 -0.18139
-0.12567 -0.06792 -0.18085
-0.22672 -0.02421 -0.16273
0.10490 0.06026 0.14440
-0.05678 0.11954 0.01321
-0.42274 0.05770 -0.03324
-0.12501 0.11391 -0.09727
-0.23092 -0.07272 0.16096
0.33947 -0.06858 0.17353
0.31688 -0.01210 0.12674
0.41620 -0.00580 0.13265
0.39138 -0.01964 -0.15227
-0.22365 0.00453 0.13678
-0.22480 0.00499 0.16557
-0.18046 0.03577 0.03000
-0.42107 -0.07463 0.09029
0.20784 -0.01522 -0.17419
0.21297 -0.00941 -0.15236
0.04125 0.11052 0.04492
0.16587 -0.06553 0.17584
0.03362 0.11160 -0.06301
-0.30830 0.07548 -0.07077
-0.34088 0.06666 -0.06909
-0.27892 0.08379 -0.06840
-0.32453 0.07036 -0.07778
-0.33094 0.06862 -0.07752
-0.41478 -0.04028 0.15276
-0.30645 -0.06766 -0.16096
-0.24022 -0.00228 -0.17693
0.37444 0.01261 0.14122
0.44299 -0.00899 -0.02953
-0.16546 -0.00637 0.01111
0.32589 -0.06380 -0.18374
-0.20625 -0.03496 0.15361
0.21088 -0.05390 -0.17181
0.16504 -0.05544 -0.17647
0.17104 -0.05928 -0.17596
-0.32460 -0.07228 0.16238
0.42681 0.00653 0.09980
0.32052 -0.05939 0.17758
-0.42919 0.02010 -0.09376
0.11254 0.05085 0.11295
0.21195 -0.06904 -0.17944
0.12775 -0.08389 -0.17614
0.12525 -0.07607 -0.17670
-0.34067 -0.01737 0.18148
0.26573 -0.09550 -0.16858
-0.26275 0.04134 -0.16073
-0.10835 0.10873 0.12461
-0.03475 -0.06811 -0.08516
0.05627 0.09760 -0.11546
-0.40846 0.01387 0.14709
0.24623 0.05644 -0.04291
0.06351 0.02021 0.06865
-0.35543 -0.08835 -0.01853
-0.38078 -0.08384 -0.00993
-0.37349 0.04627 0.14585
0.37198 0.03044 -0.06760
0.21808 0.05545 -0.09755
0.24199 0.05277 -0.10290
0.27147 0.05353 -0.06807
-0.17210 0.11231 -0.07114
-0.43925 -0.02182 -0.08775
-0.25912 0.01735 0.16380
-0.25846 0.01739 0.14236
-0.01568 0.10795 0.12424
-0.34366 0.04322 -0.06575
-0.34207 0.02732 -0.05993
-0.34219 0.02853 -0.04782
-0.34017 0.00844 -0.09667
-0.34297 0.03633 -0.05598
-0.34349 0.04154 -0.03508
-0.34425 0.04913 0.05393
-0.34316 0.03822 -0.11675
-0.34143 0.02098 0.02348
-0.34106 0.01734 -0.03756
-0.34168 0.02347 0.02855
-0.34054 0.01212 -0.01045
-0.33784 -0.01482 -0.09920
-0.34154 0.02210 -0.05690
-0.34425 0.04908 0.07538
-0.34203 0.02701 -0.10918
-0.34331 0.03978 -0.02026
-0.34387 0.04534 -0.04729
-0.34397 0.04625 0.00354
-0.34064 0.01314 0.00374
-0.34471 0.05372 -0.10080
-0.34427 0.04927 -0.01903
-0.33887 -0.00455 -0.05235
-0.34060 0.01274 -0.10581
-0.34038 0.01057 -0.03333
-0.34246 0.03122 -0.07607
-0.34176 0.02431 -0.08707
-0.34237 0.03033 -0.03692
-0.10567 0.11870 0.03713
0.30292 -0.06764 0.16809
0.32878 -0.03311 0.13988
-0.37546 0.05977 0.01479
-0.24039 -0.10487 0.17888
-0.33061 0.07053 -0.04729
-0.26143 0.09010 -0.03493
-0.35076 0.06438 -0.06057
-0.27918 0.08476 -0.04518
-0.24616 0.08256 0.13100
-0.20946 -0.00960 0.13400
-0.20617 -0.01329 0.11120
-0.20684 0.10549 -0.04262
-0.25096 0.09283 -0.04414
-0.30711 0.07669 -0.05510
-0.03874 -0.03929 -0.18247
-0.01478 0.11821 -0.05186
-0.12800 -0.03080 0.10604
0.09284 0.07538 0.13478
-0.32922 -0.08666 0.09325
-0.33296 -0.07370 0.04056
-0.33220 -0.07633 0.08146
-0.33435 -0.06887 0.00019
-0.33174 -0.07791 0.06750
0.07703 0.07319 0.09994
0.29934 0.05005 0.00423
0.30500 0.04900 0.03267
-0.25024 -0.00037 0.14461
-0.18603 -0.02898 0.08109
-0.34380 -0.08651 -0.16230
0.39654 0.01475 -0.11706
0.43300 -0.07052 0.08719
0.38873 0.02664 0.03034
0.41612 0.00653 0.08783
-0.20740 -0.07594 -0.16031
0.33823 -0.01262 0.17359
-0.16721 -0.02768 0.18256
-0.18838 -0.00853 0.18306
-0.35126 -0.00831 -0.17953
-0.27852 0.04391 0.15595
-0.29714 0.04474 0.15614
-0.26239 0.03231 -0.17223
-0.04923 0.00612 -0.11160
0.05296 0.10733 0.05019
-0.17905 -0.03558 -0.07648
0.13208 -0.05201 -0.17793
-0.04055 0.00893 0.17969
0.37517 -0.08713 0.08352
0.37966 -0.08668 0.07995
0.19568 0.05899 -0.06600
-0.00988 -0.08768 0.11202
0.07145 0.05125 0.05941
0.43540 -0.02212 0.08402
-0.41303 0.02259 0.13807
0.19637 -0.07291 -0.17318
0.02479 0.11400 0.02310
-0.44132 -0.03769 -0.06102
-0.12268 -0.07738 -0.12915
-0.15081 -0.07461 -0.12014
-0.18075 -0.06764 -0.11019
-0.13072 -0.08326 -0.12718
-0.13904 -0.08658 -0.12488
-0.37231 -0.07712 0.17224
-0.41726 -0.05335 0.08808
0.44157 -0.02630 0.04367
0.15799 0.04738 -0.14430
0.02657 -0.06119 0.13606
-0.09905 -0.00853 0.18086
-0.08738 0.00831 0.17980
-0.10633 -0.02071 0.18163
0.06343 -0.05950 -0.04674
0.05385 -0.05927 -0.10313
0.21279 -0.04213 0.14647
0.36094 -0.08864 -0.09164
0.38109 -0.08591 -0.09805
-0.19548 0.00717 -0.18337
0.37743 -0.05647 0.15979
0.32884 -0.03325 -0.14639
-0.25611 -0.06592 -0.16680
-0.36214 -0.08664 -0.08943
-0.44255 0.00348 0.05036
0.13914 0.01597 0.17899
0.30559 -0.10361 0.14839
0.40806 0.02029 -0.04678
-0.37945 -0.01430 0.17397
-0.33214 -0.03081 0.14750
-0.33145 -0.02916 0.17267
-0.33405 -0.03603 0.18024
0.19366 0.05295 0.12350
0.15489 0.04653 0.14747
-0.28981 0.01416 0.13141
-0.29482 0.01117 0.15221
0.41122 0.00463 -0.11141
-0.31542 0.05199 -0.13578
-0.28347 0.05498 -0.13889
0.10890 -0.08880 -0.01748
0.12210 -0.08880 0.01511
0.11334 -0.08880 -0.02513
0.00982 0.11245 0.09867
0.43034 -0.07724 -0.08015
-0.22572 -0.01692 0.15957
-0.28561 -0.10832 0.16357
0.35088 0.03757 -0.04747
0.33740 0.04141 -0.04064
0.20332 -0.05110 -0.18074
0.30861 0.04809 -0.04521
-0.38371 -0.06076 0.17256
-0.25569 0.00146 0.17888
-0.19557 0.10098 0.12342
-0.21092 -0.04245 -0.17668
-0.21030 -0.04719 -0.16721
-0.15234 -0.08873 -0.00196
-0.19831 -0.08869 0.04455
-0.13078 -0.08874 0.09063
-0.19909 -0.08869 -0.00389
-0.15158 -0.08873 0.10438
-0.12062 -0.08875 0.10842
-0.17294 -0.08871 -0.03248
-0.15086 -0.08873 -0.01209
-0.17451 -0.08871 0.06218
-0.16208 -0.08872 -0.00567
-0.13314 -0.08874 0.07065
-0.19791 -0.08869 0.03444
-0.11413 -0.08876 0.10532
-0.18233 -0.08870 -0.02258
-0.19303 -0.08869 0.08813
-0.17899 -0.08870 0.03823
-0.09444 -0.08877 0.09444
-0.18994 -0.08870 -0.05782
-0.16554 -0.08872 0.06318
-0.18234 -0.08870 -0.00933
-0.11991 -0.08875 0.08282
-0.15512 -0.08872 0.00973
-0.09215 -0.08877 0.08865
-0.10070 -0.08877 0.07522
-0.18352 -0.08870 -0.03472
-0.18592 -0.08870 0.03030
-0.13321 -0.08874 0.11564
-0.14458 -0.08873 0.01906
-0.17316 -0.08871 -0.00788
-0.14081 -0.08873 0.08922
-0.11442 -0.08876 0.06462
-0.08347 -0.08878 0.13676
-0.12850 -0.08874 0.02637
-0.13307 -0.08874 0.10292
-0.18047 -0.08870 0.09620
-0.14578 -0.08873 0.09472
-0.16626 -0.08871 0.07066
-0.15726 -0.08872 0.10467
-0.19918 -0.08869 0.09511
-0.16455 -0.00712 0.05545
0.19314 0.04443 -0.15120
-0.25238 0.00928 0.12664
0.15354 -0.06706 -0.17624
0.15146 -0.07936 -0.17557
0.08400 0.01877 -0.13536
0.08417 0.02698 -0.13638
-0.32224 0.03619 -0.17098
-0.26830 0.02927 -0.17665
-0.24262 0.08030 -0.13476
0.19182 0.05348 -0.12062
-0.41593 -0.01443 -0.12395
-0.34558 0.05527 0.06676
-0.34807 0.05698 -0.00012
-0.35464 0.06146 0.01138
-0.34570 0.05535 -0.03458
-0.34586 0.05546 0.01206
-0.02020 0.03277 -0.15853
-0.30665 -0.01187 0.13575
-0.25011 0.00182 0.14990
0.10339 -0.01413 -0.02562
0.15652 -0.04022 -0.01343
0.14714 -0.03561 0.00630
0.13525 -0.02977 0.00587
0.15064 -0.03733 -0.00260
-0.11914 0.11786 0.05504
0.24980 0.05619 0.02513
0.13452 -0.04340 0.17836
0.13709 -0.07322 0.17646
-0.03411 0.07797 -0.07970
-0.23218 -0.01063 -0.16218
-0.06017 0.11516 -0.10003
-0.04982 0.11442 -0.10441
0.39614 0.00539 -0.13992
0.23599 0.00743 -0.13008
-0.40607 -0.02226 0.16760
0.30633 -0.03983 -0.18643
0.44269 -0.00141 0.03637
0.11699 -0.08868 -0.03934
0.14594 -0.08705 -0.02771
0.11811 -0.08848 -0.04792
0.11727 -0.08792 -0.08574
0.11429 -0.08821 -0.07939
0.13736 -0.08753 -0.03132
0.41331 -0.04654 0.06769
-0.24103 0.00478 0.14729
-0.23828 0.00364 0.13338
0.22771 -0.04535 -0.18029
0.24712 -0.11046 -0.17892
0.42933 0.00664 -0.04142
-0.25920 -0.10995 0.14279
-0.33481 -0.08798 0.16351
-0.36467 -0.07746 -0.17333
-0.34103 -0.08691 -0.17226
0.29212 -0.10404 0.16440
0.23319 0.04891 0.13204
-0.03875 0.11898 -0.05447
-0.36627 0.06093 -0.06957
-0.24224 -0.06409 0.16096
0.20913 -0.06266 0.15313
0.17016 0.04063 -0.16207
0.30608 -0.09744 0.18739
-0.29402 -0.10708 -0.15485
-0.21851 -0.08521 0.15558
-0.36349 0.03275 0.17182
0.29621 0.04967 -0.06470
0.23637 0.05522 -0.08816
0.24588 0.05312 -0.09795
0.27953 -0.02870 0.16809
-0.25590 -0.05951 -0.15671
0.20164 -0.02568 0.12169
0.20404 -0.01983 0.12607
-0.11429 -0.05974 0.13279
-0.11901 -0.04859 0.13132
-0.05633 -0.00742 0.15084
-0.05914 0.01124 0.14996
-0.17418 -0.08459 0.11413
-0.12862 -0.07775 0.12832
-0.08907 -0.04806 0.14064
-0.05292 -0.06214 0.15190
-0.07818 -0.05156 0.14403
-0.11262 -0.07031 0.13331
-0.10853 -0.04726 0.13458
-0.15503 -0.06003 0.12010
-0.10312 -0.04468 0.13626
-0.06451 -0.08237 0.14829
-0.11336 -0.07867 0.13308
-0.12360 -0.02978 0.12989
-0.05772 -0.02970 0.15041
-0.06509 -0.06395 0.14811
-0.08175 -0.02521 0.14292
-0.16151 -0.07813 0.11808
-0.06501 -0.01615 0.14814
-0.18192 0.03257 0.12992
-0.11215 0.03440 0.14169
-0.24156 0.02177 0.11163
-0.23187 0.03044 0.12077
-0.15337 0.02821 0.13018
-0.26034 0.01944 0.10681
-0.14288 0.03095 0.13414
-0.21426 0.04268 0.13425
-0.19670 0.02328 -0.01669
0.32037 -0.06052 -0.18325
-0.25618 -0.04330 0.18127
0.23420 0.00634 0.16250
-0.40140 -0.06870 -0.16113
0.14708 -0.02448 -0.17836
0.15095 -0.03848 -0.17800
0.16667 0.04359 0.15572
-0.43754 0.01740 -0.04547
-0.28247 0.00959 0.12568
-0.27054 -0.04154 -0.14990
0.13925 0.00552 -0.17919
0.16386 -0.00235 -0.17843
-0.43144 0.03587 0.04911
-0.23730 -0.10404 -0.13500
0.22521 -0.10482 0.15193
-0.25100 -0.09641 0.16096
-0.03023 -0.07442 -0.10378
0.31774 -0.04934 -0.16743
0.31831 -0.07332 -0.14081
-0.19461 0.00493 -0.08602
0.11798 0.06312 -0.13963
-0.16038 0.03434 0.16173
0.21763 -0.02715 0.15868
0.34152 0.03411 -0.10464
-0.26694 -0.09571 0.15751
0.40305 0.00638 -0.09863
-0.22039 -0.02046 0.14030
0.41432 0.01410 0.02314
-0.33004 0.03614 -0.17099
-0.03134 0.03561 -0.15259
-0.20282 -0.01842 -0.10742
-0.19755 -0.03240 -0.13205
-0.31414 -0.02037 -0.16954
-0.11113 0.11848 -0.00254
0.25559 -0.11043 0.14860
-0.24444 0.03265 -0.16975
-0.01044 0.11822 0.01079
-0.01994 -0.00134 0.06931
-0.01941 -0.00340 0.06339
-0.30517 0.04617 -0.15203
-0.32633 0.04552 -0.15659
0.21806 -0.01692 0.16495
0.07890 0.08006 0.13526
-0.29997 -0.10399 0.15524
0.40452 -0.05362 -0.14265
0.23559 -0.11206 -0.14985
-0.02057 0.03332 0.07361
0.27567 -0.02213 -0.17136
-0.06559 -0.01221 -0.18102
-0.32659 -0.06341 0.12649
-0.34775 -0.06455 0.17891
-0.16760 -0.00413 0.06723
0.10514 0.03243 0.16839
0.41434 0.00620 -0.01642
-0.38667 0.05840 0.02859
-0.41118 -0.01341 -0.11200
-0.18019 0.04489 0.01820
-0.34950 0.06489 0.05817
-0.26570 0.08844 0.05968
-0.21608 0.10207 0.06753
-0.30416 0.07763 0.05904
0.27209 -0.01727 0.17136
0.19241 0.05972 0.03218
0.29012 0.04959 0.08029
0.08673 0.08418 -0.12231
-0.19709 0.02776 0.03397
0.13405 0.04078 0.16115
0.09603 0.03989 0.15130
-0.33553 -0.04619 -0.11287
-0.33575 -0.05800 -0.12561
-0.32538 -0.07404 0.12274
-0.21641 -0.08147 -0.15731
0.32366 -0.00561 -0.17650
-0.02089 0.00409 -0.07905
0.20343 -0.02140 -0.15940
0.20124 -0.02666 -0.12526
0.36586 -0.06207 0.16415
0.10244 -0.03520 -0.17973
0.12319 -0.00641 -0.17950
0.34475 -0.04249 0.17324
-0.42846 0.01010 0.11200
0.22271 -0.02376 0.14823
-0.04800 -0.00484 -0.11065
-0.33329 -0.06009 0.14284
0.13288 0.07393 0.05031
0.06073 0.10383 0.05813
0.06866 0.10084 0.05190
-0.09959 0.03545 0.15580
0.43543 -0.07825 -0.00762
-0.11050 -0.04320 0.18245
0.09867 -0.03709 0.02659
0.10427 -0.07806 0.02659
0.09797 -0.06708 0.02659
0.10394 -0.05766 0.02659
0.27647 -0.00281 0.14705
0.27301 0.04161 0.13808
0.19941 0.04472 -0.14959
0.11290 0.03545 0.13870
0.11303 0.02636 0.13362
0.12207 0.04022 0.13763
0.09814 0.02990 0.14160
0.08984 0.02912 0.14453
0.28314 -0.03780 0.17136
0.11961 0.07977 0.03450
0.14579 0.06879 0.03074
0.16071 0.06239 0.04683
0.12376 0.07799 0.03931
0.06475 -0.08711 0.10935
0.25196 -0.09954 -0.16813
0.26454 -0.03793 0.16940
-0.22480 -0.09001 -0.17441
-0.42214 0.02895 -0.11235
0.37096 -0.08676 0.10876
0.39569 -0.08409 0.09882
-0.26717 0.08043 -0.12632
-0.27252 -0.11067 0.13398
-0.29161 -0.01387 -0.15751
-0.17979 -0.00196 0.11411
-0.19724 -0.00732 0.10888
-0.20728 0.00102 0.10820
-0.12316 0.01957 0.13190
-0.08466 0.02575 0.14228
0.22955 -0.09825 0.16243
0.43949 -0.07387 -0.03315
0.25371 0.05588 -0.00358
0.22522 0.05821 -0.00333
-0.29818 -0.11207 -0.17011
0.26837 -0.05257 0.17125
-0.12888 0.11679 -0.06733
-0.25967 -0.11836 0.14821
0.27943 -0.06086 -0.16086
-0.30935 0.00860 -0.10710
-0.16523 0.11409 0.05186
-0.44059 -0.02316 0.07889
0.11409 -0.07151 -0.02659
0.13384 -0.08761 -0.02658
0.12161 -0.06928 -0.02658
0.12761 -0.07321 -0.02658
-0.16620 -0.00563 -0.04631
-0.38603 -0.08226 0.09445
-0.39733 -0.08036 0.09000
0.28118 -0.04541 -0.19043
-0.32160 -0.01054 0.14674
0.43872 -0.06089 -0.02329
0.28081 -0.01821 -0.16830
0.34858 -0.03165 -0.17098
0.24946 -0.11143 0.16203
-0.14565 0.10834 -0.12160
-0.26434 0.07626 -0.13231
0.11732 0.00559 0.14165
0.13963 -0.05466 0.13465
0.14215 0.03461 0.13387
0.15102 0.01376 0.13108
0.14940 -0.07131 0.13159
0.12819 0.00262 0.13824
0.11073 0.02258 0.14372
0.14341 0.02579 0.13347
0.14069 0.00945 0.13432
0.15352 0.04324 0.13030
0.13535 0.00884 0.13600
-0.18126 0.09739 -0.13080
0.38336 0.01253 -0.13669
0.18141 0.05879 0.07213
-0.21635 -0.02681 0.13964
0.29710 0.00423 0.14035
0.28838 0.00911 0.12941
-0.22904 -0.06704 0.15541
-0.03557 -0.05973 0.15203
-0.01427 -0.05949 0.15191
-0.03100 -0.07663 0.15201
0.01572 -0.08707 0.15172
-0.04077 -0.05250 0.15207
0.01288 -0.05293 0.15174
-0.03096 -0.02916 0.15201
-0.00276 -0.08379 0.15183
-0.01895 -0.08227 0.15193
-0.01554 -0.04034 0.15191
-0.00926 -0.02424 0.15188
-0.02102 0.00640 0.15195
0.00563 -0.02067 0.15179
-0.04459 0.02887 0.15209
0.06495 -0.07177 0.15143
-0.04182 0.00548 0.15207
-0.01125 -0.05446 0.15189
0.06129 -0.08848 0.15145
0.00869 -0.08284 0.15177
-0.01524 -0.01551 0.15191
0.14777 0.05156 -0.13711
-0.41170 0.01562 -0.11200
-0.02036 -0.08880 -0.09353
0.02290 -0.08880 -0.04073
0.00148 -0.08880 -0.03518
0.01159 -0.08880 -0.05338
-0.01333 -0.08880 -0.09673
-0.41137 -0.00538 0.11353
-0.22332 -0.04051 0.16447
-0.13101 0.11739 -0.02340
0.31755 0.03990 0.10812
0.44232 -0.01439 0.04464
-0.33203 0.01329 0.11351
0.38949 0.02327 -0.08342
-0.19545 0.10068 -0.12500
0.34229 0.03973 0.05158
0.25492 0.01228 0.16697
0.25772 0.01272 0.17758
-0.19799 0.04219 -0.11178
-0.10698 0.11864 -0.03221
0.34057 0.04047 0.04598
0.15929 0.06215 -0.06119
0.10578 0.08508 -0.05411
0.12700 0.07589 -0.05853
0.00327 -0.03889 -0.12883
0.00409 -0.03965 -0.07240
-0.13292 -0.01922 -0.04219
0.17942 0.05934 -0.00367
-0.36622 -0.08109 0.17218
-0.18039 0.06037 0.02302
0.32567 -0.02558 0.16927
0.32806 -0.03142 0.17590
0.06888 -0.03691 -0.00110
-0.19068 0.07182 0.04366
-0.23062 -0.10674 -0.16008
-0.15285 -0.05465 -0.11918
-0.05368 -0.04354 -0.15165
-0.07383 -0.01159 -0.14505
-0.09285 -0.03853 -0.13882
-0.06164 0.02466 -0.14904
-0.09398 -0.07613 -0.13845
-0.10484 -0.06818 -0.13490
-0.09467 -0.03132 -0.13823
-0.10021 -0.03466 -0.13641
-0.06516 -0.07425 -0.14789
-0.08868 -0.04633 -0.14019
-0.17844 -0.06087 -0.11081
-0.10815 -0.05414 -0.13381
-0.15225 -0.04066 -0.11938
-0.05773 -0.06590 -0.15032
-0.07831 -0.04273 -0.14358
-0.08356 0.01258 -0.14186
-0.06553 0.02086 -0.14777
-0.09817 -0.02213 -0.13708
-0.07110 -0.04238 -0.14594
-0.06213 -0.08384 -0.14888
-0.11392 -0.01041 -0.13192
-0.09372 -0.02536 -0.13854
-0.05213 -0.07867 -0.18005
-0.28952 0.00082 0.14025
-0.25819 0.00378 0.12215
-0.33005 -0.07356 0.17545
-0.44184 0.00916 0.00166
0.23265 0.05726 -0.05581
0.25264 0.05538 -0.06264
0.03696 -0.06171 0.00648
0.23762 0.05632 -0.06957
-0.21314 -0.03455 -0.14784
0.31599 -0.03593 0.14623
-0.29943 -0.00372 0.14280
-0.05053 0.02097 0.08236
-0.02070 0.02898 -0.12041
-0.43312 0.05123 0.00251
-0.27141 -0.06995 -0.15417
-0.31112 0.06203 -0.13054
-0.43711 -0.06026 -0.03625
-0.29082 -0.05460 0.18098
0.00896 -0.04321 -0.10889
-0.27922 -0.05531 -0.17303
0.41746 0.00296 0.03828
0.39398 -0.08270 0.13448
0.25427 -0.08184 -0.17136
-0.08218 -0.04229 0.18251
-0.07788 -0.05179 0.18189
0.32238 -0.07011 0.18635
0.22995 0.01300 0.17957
0.42665 0.01011 0.04754
-0.27178 -0.04427 -0.17567
-0.23910 -0.04448 -0.17955
0.30649 0.04783 -0.06140
-0.31197 0.00049 0.17574
-0.31999 -0.00858 0.13432
-0.31824 -0.00658 0.13989
-0.09577 0.11463 -0.10058
0.12078 0.07705 0.07781
0.16021 0.05983 0.08442
0.09020 0.09064 0.07010
0.11173 0.08149 0.07104
-0.14433 -0.04134 0.18239
-0.13196 -0.06420 0.18106
0.14349 -0.06316 0.02661
0.15444 -0.03934 0.02659
0.13334 -0.03919 0.02660
-0.43566 -0.02096 0.10604
0.34295 -0.05616 0.17324
0.20580 -0.07637 0.15238
-0.00057 -0.08880 -0.01916
0.41633 -0.01381 -0.13240
0.39603 -0.08512 -0.06125
0.40603 -0.08383 -0.06248
0.15790 -0.07065 0.05299
0.15790 -0.04227 0.09265
0.15790 -0.05227 0.03916
0.15790 -0.04221 0.07966
0.15790 -0.04985 0.05309
0.25331 -0.09730 0.16809
0.13529 -0.02979 -0.11392
0.36122 0.03334 -0.06910
0.34637 0.03778 0.06519
-0.07106 -0.05176 -0.18188
0.01511 -0.04722 0.05014
-0.32803 0.04576 0.15564
-0.33124 0.04715 0.14947
-0.02334 -0.03331 0.13626
-0.42197 -0.03463 0.14012
-0.31197 -0.09058 0.15160
-0.18036 0.03830 -0.09886
-0.35234 0.06040 -0.08247
-0.24530 -0.10571 0.13871
-0.02215 0.10199 0.13065
-0.32931 0.02226 0.18001
0.09955 0.06957 -0.14043
0.39343 -0.03779 0.15183
-0.23201 -0.09737 -0.15487
-0.30938 0.01704 -0.18319
-0.03432 0.11767 0.07615
0.12566 0.05090 0.09294
0.15790 -0.02712 -0.12298
-0.26361 -0.05992 0.14990
0.25716 -0.00223 0.14478
0.01264 -0.08880 0.08874
0.05650 -0.08880 0.07362
0.01058 -0.08880 0.09585
0.02097 -0.08880 0.08450
0.14341 0.01545 -0.17931
0.18696 0.04311 0.15485
0.25478 -0.04909 0.17449
-0.33363 -0.05750 -0.17257
-0.29929 0.07951 0.04659
-0.26526 0.08916 0.03799
-0.27896 0.08523 0.04636
-0.31545 0.07505 0.03611
-0.33143 0.07052 0.03968
-0.17826 0.10318 0.12578
-0.06078 0.08325 -0.13696
-0.05557 0.05665 -0.14557
-0.05365 0.08446 -0.13656
0.00063 0.11753 -0.02828
0.02302 0.10743 -0.11207
0.21413 -0.08108 0.13849
-0.39957 0.00017 0.16761
0.02721 -0.06831 0.00894
-0.01025 -0.02381 -0.08682
-0.04760 -0.07069 -0.18053
0.03656 -0.08381 0.12531
0.20909 -0.03052 0.14096
0.17309 -0.04037 -0.17704
0.18285 0.05708 -0.09683
0.21770 0.05862 0.03135
-0.25057 -0.11685 -0.15162
-0.42181 0.05794 0.01273
-0.23519 -0.03302 0.16001
0.35612 0.02798 -0.11503
-0.40888 -0.07675 0.11775
-0.23869 -0.00564 0.15571
-0.30821 0.00364 0.14044
-0.29902 0.00894 0.12878
-0.30354 0.00626 0.14529
0.31723 0.04586 0.05237
0.36930 -0.03046 -0.16379
-0.42242 0.05762 0.04854
0.11044 -0.05269 0.14381
0.08754 -0.06514 0.15099
0.12045 -0.05918 0.14067
0.09726 -0.04845 0.14794
0.10569 -0.01006 0.14530
0.09043 0.03197 0.15009
0.10291 -0.04310 0.14617
0.09935 -0.01298 0.14729
0.11536 -0.02320 0.14227
0.11271 -0.04218 0.14310
0.11875 -0.07331 0.14120
0.24265 0.00014 -0.17354
0.06754 0.03252 0.11325
-0.22377 -0.00664 -0.13843
0.32972 0.03409 -0.12018
-0.01094 0.11267 0.10676
-0.01338 0.11405 0.09925
0.31854 -0.05944 -0.17205
0.31918 -0.04524 0.15922
-0.19685 0.02485 -0.05364
0.03801 -0.08799 -0.06194
-0.32145 -0.02824 0.13020
0.31486 -0.07651 -0.17123
-0.19797 0.04150 0.04728
0.24395 -0.10914 0.14280
-0.16328 0.11454 0.02451
-0.19753 0.03372 -0.09381
0.23055 -0.10797 0.18517
0.38115 -0.08670 -0.02609
0.38256 -0.08643 -0.03550
-0.18067 0.03180 0.07935
-0.37888 0.05312 0.11523
-0.03227 0.07818 -0.05578
0.35671 0.02421 0.12932
0.41658 -0.06400 0.11847
-0.00709 -0.00462 0.18035
0.00590 -0.02101 0.18115
0.00324 0.00224 0.18003
-0.25321 0.01651 -0.13761
-0.26255 0.01826 -0.12032
-0.25365 0.01678 -0.11059
-0.33014 0.07099 0.02076
-0.31276 0.07586 0.02947
-0.21178 0.10414 0.04414
-0.28664 0.08317 0.02140
-0.29967 0.07952 0.02507
0.35336 -0.07730 0.16763
-0.37308 0.04860 -0.13858
0.16744 0.05607 -0.00242
0.15826 0.05090 0.06611
0.15932 0.05150 -0.10986
0.16692 0.05578 0.01415
0.15807 0.05079 0.05646
-0.32872 -0.08846 -0.11911
-0.33121 -0.07998 -0.15051
-0.32991 -0.08434 -0.12364
-0.27389 0.01717 -0.12395
-0.27466 0.01712 -0.11114
-0.28814 0.01452 -0.14754
0.21250 0.05886 -0.00221
-0.19256 0.11057 -0.00436
-0.44529 -0.01928 0.02984
-0.06001 0.01408 0.17728
0.33251 0.02138 -0.14836
0.36467 0.01380 0.14436
0.20932 -0.06416 0.14464
0.15056 -0.08879 0.09904
0.15736 -0.08818 0.08781
0.15293 -0.08818 0.07026
0.30233 -0.10611 -0.16456
-0.19099 -0.01708 -0.04792
-0.41337 -0.06035 -0.14512
0.43629 -0.00663 0.08098
0.38226 0.02356 0.09628
-0.11345 0.11795 -0.05871
0.33853 0.03173 0.11981
0.35069 0.02818 0.12043
0.07758 -0.01866 0.01479
0.40766 -0.08329 0.07587
0.02195 -0.07184 -0.17958
0.41499 -0.08281 0.03236
0.36953 -0.08780 0.04594
-0.36710 0.05985 0.07799
-0.37340 0.03166 -0.17168
-0.14930 -0.01632 0.02539
-0.31624 -0.08841 -0.17553
-0.20444 -0.06401 -0.14801
-0.41457 0.05444 -0.10165
-0.21394 -0.03805 0.16662
0.08296 0.03969 0.09233
0.08987 -0.03337 0.17993
0.22771 -0.01553 0.15332
0.30536 0.01764 0.16664
-0.19491 0.00716 0.01689
-0.32264 -0.07703 0.14367
-0.12588 0.00190 -0.12856
-0.19570 -0.02671 -0.10663
-0.16299 -0.01276 -0.11696
-0.18585 -0.01806 -0.11020
-0.06126 0.03317 -0.14934
-0.02083 0.02573 -0.09832
-0.05125 0.03446 -0.12879
0.08296 0.00794 -0.08931
-0.40274 -0.01852 0.17001
-0.22871 -0.09483 0.13481
-0.12723 0.11724 -0.05896
-0.42061 -0.02024 -0.14595
0.43675 0.00744 -0.06132
0.24627 -0.10798 0.13648
0.24086 0.03780 0.15618
0.06071 0.04659 0.05776
0.29839 0.05011 0.03938
-0.35539 0.06197 -0.03010
0.32876 -0.08226 -0.14095
0.32761 -0.08706 -0.12517
-0.22813 -0.05939 0.16096
0.17123 0.05106 0.13522
-0.44119 -0.04912 0.00259
-0.29586 -0.01848 0.16096
0.20045 -0.02867 0.16071
-0.02578 -0.07876 0.06859
-0.19796 -0.07606 -0.16965
0.09889 -0.05835 -0.17862
0.11871 -0.08226 -0.17652
-0.41208 0.01101 0.13631
0.37135 0.03198 -0.03452
0.36944 0.03243 -0.04275
-0.43639 -0.06274 0.02665
0.28974 -0.00117 -0.17405
-0.37206 -0.03889 0.17559
-0.24578 -0.09390 -0.16966
-0.25735 0.00158 -0.14532
-0.33001 0.04659 0.12165
-0.30365 -0.00696 0.13067
-0.39684 0.05440 0.10478
-0.09778 0.11809 -0.06990
0.24194 0.02816 -0.17091
