-0.11672 -0.05954 0.05556
-0.12084 0.03840 -0.07657
-0.30009 -0.05524 -0.14638
-0.10626 -0.02397 -0.06646
-0.40841 0.05693 -0.12165
-0.41877 0.05245 -0.08313
-0.11908 0.03471 0.11709
0.01354 0.06980 0.08783
0.11449 0.09132 -0.02994
0.09684 0.10067 -0.00300
0.10014 0.09892 -0.01767
0.09459 0.10186 -0.01313
0.10773 0.09489 0.00600
-0.04108 -0.04432 -0.05234
-0.13862 0.07049 -0.04704
0.31004 0.00456 -0.15130
0.30033 0.00722 -0.14149
0.30581 0.00542 -0.12506
0.29822 0.00788 -0.14572
-0.27768 0.06917 -0.13026
-0.01521 0.12802 -0.02493
-0.00821 0.12672 -0.04476
-0.01317 0.12797 -0.01877
-0.24102 0.09948 0.10103
-0.23763 0.10256 0.08645
-0.10280 -0.04070 -0.08838
0.42638 -0.02727 -0.14214
-0.04568 -0.03814 0.09812
0.14139 0.01301 0.06412
0.14113 0.01207 0.05256
-0.10662 -0.01011 -0.09880
0.01763 -0.05936 -0.10693
-0.00292 0.04564 0.07453
-0.30042 -0.03625 0.08692
-0.29686 -0.02564 0.07684
-0.29794 -0.03117 0.09785
-0.29388 -0.02342 0.12031
-0.30155 -0.03743 0.07300
-0.12034 -0.04120 -0.07368
-0.09900 -0.04434 0.06543
-0.11547 0.03478 0.08827
-0.12601 -0.05158 -0.03112
-0.08814 -0.06012 -0.07753
-0.09231 -0.06019 -0.07446
-0.05571 -0.05958 -0.08391
-0.36004 -0.07019 -0.09627
-0.35087 -0.07139 -0.08903
-0.34952 -0.07096 -0.10340
0.08955 -0.04341 -0.15625
-0.01485 -0.03938 -0.15710
0.14041 -0.04059 -0.15715
0.03462 -0.04203 -0.15649
0.00540 -0.04153 -0.15655
-0.00875 -0.03288 -0.15890
-0.00139 -0.04040 -0.15685
0.04032 -0.03310 -0.15896
0.11790 -0.04223 -0.15664
0.04215 -0.03727 -0.15782
0.01832 -0.03783 -0.15760
0.09827 -0.05286 -0.03610
-0.11501 -0.02023 0.14641
-0.11658 0.03062 -0.05734
0.15479 0.03514 -0.04877
-0.14069 0.04892 0.10399
-0.35155 -0.07256 0.03323
-0.34879 -0.07267 -0.02014
-0.34795 -0.07271 0.00607
-0.34340 -0.07289 0.02243
-0.34509 -0.07282 0.05251
-0.11487 -0.05939 0.09417
-0.13399 0.03708 0.09516
-0.12520 0.03615 0.11838
0.07281 -0.05965 0.05390
-0.41060 -0.06120 0.08576
-0.40340 -0.06228 0.10211
-0.40490 -0.06245 0.09220
0.01307 -0.05980 -0.10163
0.14119 0.07548 0.05932
0.14260 0.07268 0.11405
0.14355 0.07265 0.10018
0.14192 0.07444 0.07645
0.14084 0.07455 0.09023
-0.06832 0.13039 0.06256
-0.05858 0.13077 0.03624
-0.06651 0.13134 0.02634
0.01753 0.03398 -0.10694
-0.12004 0.04847 0.07243
0.01380 0.05428 0.09017
-0.18695 0.01253 0.16266
-0.15688 0.00894 0.16292
-0.16736 0.00518 0.16328
-0.05048 0.00020 0.16348
-0.09220 0.00031 0.16356
-0.18236 0.01423 0.16249
-0.11360 0.00154 0.16349
-0.11167 0.00647 0.16304
0.19514 -0.07574 -0.10705
0.00218 -0.02802 0.04259
-0.27758 -0.01958 -0.14124
0.00636 -0.05679 0.09649
-0.14711 -0.06814 0.14377
-0.05463 -0.06268 0.14661
-0.08983 -0.06243 0.14669
-0.08084 -0.04454 -0.02173
-0.01556 0.00291 -0.15050
0.05303 -0.04426 0.11787
-0.28734 0.06619 0.13839
0.13617 0.03205 0.01203
-0.03544 -0.05685 0.04825
0.17286 0.04546 -0.04172
0.08979 -0.01858 -0.00593
0.09873 -0.05690 0.05406
-0.42276 0.02988 0.00559
0.34505 -0.04401 -0.09743
0.34451 -0.04528 -0.07770
0.34230 -0.03008 -0.13404
0.34330 -0.03999 -0.08830
-0.38284 -0.06500 -0.12590
-0.11977 0.06271 -0.09707
-0.10836 -0.04654 0.05350
-0.11945 0.05071 0.08701
-0.07089 0.02917 0.15772
-0.05850 0.01347 0.15545
-0.01231 0.01974 0.15636
-0.02294 0.02848 0.15762
-0.01881 -0.00207 0.15320
-0.03720 -0.01239 0.15171
-0.01703 0.02255 0.15676
-0.05178 0.01535 0.15572
-0.02010 -0.00643 0.15257
-0.03621 0.02887 0.15768
-0.02461 0.01353 0.15546
-0.10121 0.02345 0.15689
-0.01162 -0.00289 0.15308
-0.07446 0.01374 0.15549
-0.06592 0.01842 0.15617
-0.25846 0.00312 0.07082
-0.24865 0.00493 0.11651
-0.25687 0.00330 0.08801
-0.26160 0.00246 0.06354
-0.43302 -0.02065 -0.14365
0.01924 -0.00486 -0.02119
-0.11310 0.00229 0.04738
-0.04416 -0.04080 -0.07129
0.00556 -0.04820 -0.04735
-0.42711 0.02689 -0.01610
0.05327 -0.06006 0.07350
0.01523 0.02941 -0.07914
0.03425 -0.04482 -0.06594
0.31269 0.00185 0.07088
0.32182 -0.00264 0.06920
0.32166 -0.00284 0.05722
0.32487 -0.00277 0.12694
0.31543 0.00067 0.07733
-0.42232 -0.01346 -0.14157
0.23090 -0.06881 -0.01549
0.20028 -0.06854 0.05084
0.26400 -0.06911 0.03069
0.23080 -0.06881 0.03623
0.22045 -0.06872 0.05322
0.22071 -0.06872 0.04698
0.29879 -0.06942 0.05151
0.26960 -0.06916 0.01787
0.23227 -0.06882 0.00999
0.31098 -0.06953 0.04406
0.20994 -0.06862 -0.04259
0.20133 -0.06854 0.00344
0.24139 -0.06891 0.00426
0.22209 -0.06873 0.02207
0.33190 -0.06972 0.04901
0.25652 -0.06904 0.03724
0.20557 -0.06858 0.01379
0.30500 -0.06948 0.03461
0.24260 -0.06892 0.05354
0.26879 -0.06915 0.03588
0.22648 -0.06877 0.02498
0.24002 -0.06889 0.03048
0.22791 -0.06878 -0.03270
0.31523 -0.06957 0.04769
0.25634 -0.06904 0.01534
0.22389 -0.06875 -0.01470
0.22390 -0.06875 0.02925
0.28539 -0.06930 0.04846
0.20420 -0.06857 -0.00011
0.25593 -0.06904 0.02749
0.30108 -0.06944 0.02769
0.21735 -0.06869 -0.01249
0.20126 -0.06854 -0.03317
0.23418 -0.06884 0.02296
0.20058 -0.06854 -0.04558
0.21905 -0.06870 0.03692
0.20529 -0.06858 -0.02819
0.00251 -0.04212 0.11747
0.04652 0.11664 0.08584
-0.02966 -0.00965 0.01773
0.07313 -0.05965 0.10776
0.08014 0.10444 -0.10827
0.05614 0.11467 0.07742
0.06049 0.11404 0.05980
0.02605 -0.02231 0.05626
-0.10582 -0.04461 0.03070
-0.39826 -0.05412 -0.14209
0.23394 0.04354 -0.14539
0.24590 0.03684 -0.15048
-0.01789 -0.02240 0.14657
-0.06951 0.03378 0.15131
0.00519 -0.05828 0.05629
0.23540 0.05053 0.08491
0.22245 0.05119 0.12004
0.21887 0.05155 0.11504
0.23641 0.05027 0.10050
0.22425 0.05123 0.10440
0.24130 0.05014 0.07651
-0.23453 0.09925 -0.11772
-0.11197 -0.04416 -0.04269
-0.04033 -0.05941 0.05263
-0.01207 0.00656 0.14989
-0.14784 -0.05336 0.15087
-0.12305 -0.04217 0.15630
-0.07641 -0.04539 0.15479
-0.12305 -0.05657 0.14935
-0.08244 -0.04680 0.15410
-0.14269 -0.04798 0.15347
-0.14003 -0.05179 0.15163
-0.11749 -0.05886 0.14825
-0.05055 -0.04783 0.15364
-0.08580 -0.04211 0.08305
0.30323 0.04248 0.13684
-0.23667 0.10511 0.05367
-0.23477 0.10518 0.06920
0.04559 0.11846 0.03744
0.03862 0.11899 0.07208
-0.11644 0.06206 -0.08623
0.29309 0.04095 -0.14067
0.28032 0.04375 -0.13962
0.31275 -0.02866 -0.15387
0.05920 -0.00914 0.00452
0.22043 -0.11365 -0.15228
0.08671 -0.05958 -0.07256
0.03662 -0.06030 -0.07278
0.05387 -0.05996 -0.09455
0.06424 -0.05979 -0.09699
0.01977 -0.06052 -0.08970
-0.09819 -0.04196 0.08399
0.01226 0.07618 -0.06023
0.10892 0.06442 0.14167
0.10997 0.06060 0.14402
0.02147 0.06233 0.14402
-0.00796 0.06453 0.14302
0.16115 0.05623 0.14610
0.09519 0.06161 0.14357
0.13240 0.06152 0.14318
0.09798 0.05805 0.14574
-0.11033 -0.05312 -0.03857
-0.19786 0.07817 0.13687
-0.08008 0.08268 0.13265
-0.18883 0.08365 0.13337
-0.15373 0.08127 0.13442
-0.17310 0.07817 0.13658
-0.20448 0.08822 0.13073
-0.20370 0.08194 0.13461
-0.10187 0.08157 0.13360
-0.43616 0.02207 0.05992
-0.43425 0.02158 -0.02953
-0.11044 -0.00961 -0.05618
-0.21364 0.00945 0.16299
-0.10793 -0.02728 0.01822
-0.20621 0.11686 -0.08894
0.44101 -0.05734 -0.07506
0.44191 -0.05844 -0.05860
0.05931 -0.05997 0.06947
0.03473 -0.06032 0.07271
0.39568 -0.01058 -0.15234
0.41279 -0.01329 -0.15122
0.39763 -0.01775 -0.15159
-0.42272 0.03484 0.01010
0.40655 0.01986 0.09970
0.41553 0.01489 0.09206
0.41495 0.01668 0.07190
0.40345 0.02397 0.06872
0.02559 0.11857 0.10024
-0.11274 0.00231 0.05937
-0.10690 -0.03107 0.06098
0.02463 -0.00116 0.11326
-0.00941 0.05462 0.08749
-0.21622 -0.01064 -0.14503
0.09751 -0.03470 -0.01983
0.27636 -0.09663 0.16111
0.27828 -0.10149 0.16104
0.24737 -0.08733 0.16213
0.27694 -0.07127 0.16109
0.31086 -0.07371 0.15990
0.28345 -0.06319 0.16086
0.25661 -0.09778 0.16180
0.30972 -0.08278 0.15994
0.30348 -0.07372 0.16015
0.31461 -0.05429 0.15976
0.27009 -0.10115 0.16133
0.29187 -0.09278 0.16056
0.27943 -0.08959 0.16100
0.30004 -0.07783 0.16028
0.31336 -0.06866 0.15981
-0.02838 -0.04915 0.14847
0.01149 0.03591 0.08488
-0.01256 0.06655 -0.14182
0.01171 0.06972 -0.13956
0.04644 0.06939 -0.13935
0.06627 0.06035 -0.14471
0.07561 0.06328 -0.14278
0.02201 0.06313 -0.14352
0.04532 0.06275 -0.14347
-0.06807 -0.04054 -0.07915
-0.05299 0.11777 0.10413
-0.04728 0.11696 0.10471
-0.09036 0.12322 0.10016
0.00682 -0.05806 0.08463
-0.23312 0.00633 0.11166
-0.24126 0.00585 0.08193
-0.23827 0.00602 0.09559
-0.22986 0.00643 0.14691
-0.25058 0.09772 -0.02902
-0.25036 0.09786 -0.01655
-0.24788 0.09947 -0.00477
0.41748 -0.05667 0.13646
0.06824 0.07883 0.13285
0.10432 0.07421 0.13552
0.11260 0.08075 0.13072
-0.02036 0.08001 0.13354
0.08051 0.08269 0.12989
0.06647 0.07513 0.13553
0.08813 0.07678 0.13397
0.42993 -0.05614 0.13179
0.06191 -0.04371 -0.05580
0.08169 -0.05965 -0.06205
0.17191 0.04524 0.00475
0.18995 -0.04723 0.15478
0.00736 -0.04006 -0.04115
0.32540 -0.00264 -0.14380
0.31983 0.00016 -0.14727
0.31542 0.00210 -0.13835
0.32487 -0.00269 -0.13057
0.43694 -0.02017 0.01660
-0.31184 -0.07323 -0.03663
-0.31402 -0.07321 -0.00715
-0.32241 -0.07314 0.05678
-0.32170 -0.07314 -0.04546
-0.37211 -0.07026 0.06203
-0.37608 -0.06885 0.07917
-0.37134 -0.06904 0.09174
-0.11415 -0.05795 0.11480
-0.00941 0.06000 -0.06658
-0.10447 -0.03938 -0.07402
-0.25130 0.06427 0.14404
0.14004 0.01052 0.06973
-0.11236 -0.04432 0.02256
0.01885 0.00321 -0.06607
-0.34468 0.06118 0.14072
-0.10912 -0.01079 -0.06548
0.32552 -0.03731 0.14676
-0.41425 0.05954 0.02565
-0.41354 0.06018 0.01039
-0.41978 0.05446 0.03995
0.19728 -0.02869 0.16006
0.42924 0.00114 -0.08768
0.42584 0.00227 -0.10883
-0.00555 0.04671 -0.08250
0.26896 -0.00678 0.15855
0.31496 -0.02402 0.14822
-0.28967 -0.03195 -0.14469
0.02801 -0.06042 0.08689
0.43635 -0.01503 -0.02005
0.30758 -0.11564 -0.14802
-0.11136 -0.04438 -0.01477
-0.13066 -0.03327 -0.10672
-0.10718 -0.03098 -0.04316
0.02001 -0.04409 -0.08937
0.02694 -0.01786 0.10838
0.01261 0.07749 -0.04981
0.01267 0.07783 0.06228
0.03603 0.12032 -0.04412
-0.07471 -0.04058 0.09620
-0.27000 0.08310 -0.05356
-0.27140 0.08061 -0.07270
-0.26870 0.08122 -0.09117
0.02167 -0.04281 0.11838
0.14444 0.05023 -0.14957
0.10204 0.04350 -0.15346
0.07658 0.04554 -0.15257
0.11008 0.05066 -0.14960
0.06232 0.04719 -0.15179
0.02028 0.04960 -0.15082
0.09237 0.04440 -0.15305
0.08229 0.04472 -0.15296
0.15691 0.05060 -0.14928
0.15582 0.06366 0.12588
0.32654 -0.09989 0.14715
-0.04096 -0.04494 -0.01637
-0.30263 -0.06475 -0.13881
-0.12404 -0.04377 0.04307
0.38464 -0.07324 -0.08691
0.02607 -0.04459 -0.08218
-0.17675 -0.09907 0.15638
0.00576 -0.05121 0.07182
0.01951 0.01769 0.11666
-0.34195 0.05502 0.14678
0.43700 -0.02076 0.03044
0.22705 -0.11315 0.15740
-0.25438 0.09381 0.06116
-0.11452 -0.05934 0.10828
0.00752 -0.05850 0.10871
-0.11700 0.03168 0.06433
-0.10752 -0.02914 0.04361
-0.10460 -0.02834 -0.10391
-0.05862 0.10550 -0.11508
-0.07327 0.10518 -0.11568
-0.10640 0.11242 -0.11053
-0.18335 0.11734 -0.10828
-0.17023 0.11500 -0.10988
-0.11358 0.10812 -0.11421
0.43757 -0.02582 0.02810
0.07141 -0.01191 -0.00096
0.08177 -0.03884 -0.04475
0.41696 0.01462 -0.08352
0.40863 0.02054 -0.07224
0.41895 0.01482 -0.06366
0.41579 0.01593 -0.07519
-0.10028 -0.04243 -0.07312
-0.09152 -0.06025 0.11610
-0.07228 -0.05998 0.11382
-0.28075 0.07255 0.07596
-0.27839 0.07344 0.08948
0.05639 0.05854 0.14581
0.00701 0.06165 0.14452
0.14722 0.04803 0.15072
0.11644 0.04910 0.15038
0.02713 0.05968 0.14542
0.07340 0.05243 0.14893
0.08665 -0.03833 0.11122
-0.07136 -0.07377 -0.09821
-0.12037 -0.07466 -0.05859
-0.04841 -0.07461 -0.07394
-0.05738 -0.07489 -0.06249
-0.03052 -0.07482 -0.06989
-0.05582 -0.07473 -0.06847
-0.09652 -0.07420 -0.07888
-0.06504 -0.07420 -0.08470
-0.04304 -0.07436 -0.08328
-0.12895 -0.07442 -0.06521
-0.06606 -0.07483 -0.06303
-0.10608 -0.07481 -0.05638
-0.02907 -0.07514 -0.05950
-0.04880 -0.07432 -0.08372
-0.03313 -0.07493 -0.06586
-0.08334 -0.07427 -0.07888
-0.11580 -0.07420 -0.07522
-0.02645 -0.07374 -0.10758
-0.04751 -0.07484 -0.06614
-0.05468 -0.07365 -0.10527
0.15977 0.06331 0.08253
0.15563 0.06667 0.06204
0.16322 0.06200 0.06115
0.16270 0.06189 0.07234
0.15407 0.06734 0.06967
-0.37499 0.06221 -0.13643
0.07114 -0.05415 0.04136
-0.11174 0.02553 -0.09060
-0.02997 0.12950 -0.02305
-0.10902 -0.04810 0.03296
-0.24468 0.09632 -0.10750
-0.41857 -0.02751 0.15064
-0.42111 -0.03774 0.14580
0.04056 -0.04445 -0.05284
-0.04668 0.01992 -0.15256
0.20951 -0.06980 0.16291
-0.04043 -0.04404 -0.02103
-0.39822 -0.06537 0.06516
-0.39580 -0.06646 0.05478
-0.38583 -0.06571 0.11159
0.02431 -0.04366 0.09397
-0.10724 -0.00639 0.09257
0.25004 0.00762 0.10902
0.25373 0.00868 0.10377
0.24815 0.00727 0.09749
-0.13591 0.05032 -0.04651
-0.25176 -0.12904 0.16172
0.06985 -0.04312 -0.06025
-0.16957 0.03746 0.15709
-0.07115 0.03482 0.15751
-0.13618 0.03592 0.15741
-0.11335 0.02654 0.08639
0.20449 -0.03468 0.09363
0.21151 -0.02298 0.15442
0.20572 -0.03265 0.10433
0.20172 -0.03923 0.06910
0.20790 -0.02734 0.11157
0.20373 -0.03492 0.07984
0.05959 -0.04050 -0.10529
0.04572 0.11874 -0.02683
0.04458 0.11879 -0.03375
0.20288 0.05211 -0.13931
0.07232 -0.05978 0.09487
0.05967 -0.05995 0.09602
-0.03381 0.01938 -0.01430
-0.08352 0.03999 -0.15601
-0.20325 0.04898 -0.15226
-0.10022 0.04063 -0.15578
-0.21136 0.05292 -0.15042
-0.19207 0.04071 -0.15613
-0.16639 0.04466 -0.15415
-0.19369 0.05635 -0.14872
-0.16331 0.05313 -0.15012
-0.14873 0.04993 -0.15157
-0.12369 0.00498 -0.15250
-0.05340 0.12832 0.08571
0.34194 0.03653 0.13710
0.01222 -0.04373 -0.08442
-0.27873 0.07563 -0.06092
-0.27852 0.07327 -0.09022
-0.09368 -0.04422 -0.06460
-0.37369 -0.06125 -0.13933
-0.00543 -0.00863 0.02152
-0.00157 -0.00863 0.01683
0.09462 -0.00233 0.00950
-0.38122 -0.02820 -0.15491
-0.40319 -0.03373 -0.15267
-0.36573 -0.03483 -0.15360
-0.40071 -0.02222 -0.15591
-0.35736 -0.03445 -0.15398
0.00674 -0.05950 0.07177
0.12888 -0.01461 0.01001
0.00713 0.05962 0.05526
-0.28924 -0.01325 0.07061
-0.28972 -0.01505 0.08659
-0.29408 -0.01992 0.06736
-0.28576 -0.01096 0.10850
0.03465 -0.04482 -0.07929
-0.11969 -0.04029 -0.08018
-0.15156 -0.06532 -0.14518
-0.43938 -0.04846 0.09542
-0.44261 -0.05007 0.06984
-0.17823 -0.00608 0.12238
-0.17944 -0.00676 0.06469
-0.17898 -0.00650 0.08636
-0.17893 -0.00624 0.10011
0.15873 0.03842 -0.07171
0.39942 -0.05815 0.14150
-0.04992 0.01171 -0.00816
-0.42694 0.04287 0.06515
-0.42138 0.04242 0.10985
-0.43295 0.01280 -0.02997
-0.43304 0.00218 -0.00304
-0.43305 0.00179 -0.04808
-0.43300 0.00663 0.00815
-0.43301 0.00625 -0.05594
-0.43306 0.00057 0.01471
-0.43297 0.01068 -0.01544
0.01850 0.00855 0.09781
-0.22668 0.00853 0.16290
-0.25040 0.01833 0.16132
-0.35791 0.02036 0.15796
-0.28181 0.01608 0.16059
-0.26482 0.01698 0.16101
-0.01435 -0.01621 0.14754
-0.10784 -0.04529 -0.05316
0.19671 -0.07374 0.03154
-0.11742 -0.05962 -0.00877
0.21266 -0.04896 0.15892
0.00222 0.03865 -0.03797
0.04681 -0.03550 0.02182
0.05365 -0.04895 0.11940
-0.02899 0.12578 -0.09322
-0.05587 -0.04248 0.03304
-0.08272 -0.06012 0.01797
-0.05053 -0.05966 0.03239
-0.09242 -0.06025 0.01896
-0.05488 -0.05972 0.03010
-0.11397 0.00642 0.01713
0.41435 -0.06740 -0.09616
-0.09440 -0.04110 -0.08821
0.02143 0.01332 -0.10058
-0.40383 0.06062 -0.10254
-0.40444 0.06118 -0.07615
-0.39096 0.06183 -0.11914
-0.39741 0.06183 -0.08568
-0.38699 0.06244 -0.11425
-0.12692 0.04276 -0.05475
0.31812 -0.10301 -0.14797
0.03419 -0.04179 0.04621
0.06050 -0.04099 0.11490
0.24426 -0.12869 -0.13794
0.01917 -0.02610 -0.11038
0.07265 -0.05978 0.08733
0.06544 -0.05988 0.09106
-0.12282 -0.05997 0.11144
0.02554 -0.04398 -0.09538
-0.22063 0.10725 0.11192
0.14863 0.02819 0.01620
-0.11247 -0.00097 -0.04104
-0.21473 -0.06552 0.03222
-0.22966 -0.06539 -0.03961
-0.19689 -0.06568 -0.00107
-0.19390 -0.06571 0.01625
-0.23089 -0.06537 -0.00999
-0.17386 -0.06589 0.04604
-0.21753 -0.06549 -0.03407
-0.17823 -0.06585 0.04222
-0.19403 -0.06571 0.05251
-0.20533 -0.06560 0.00757
-0.21397 -0.06553 -0.02972
-0.19867 -0.06566 0.02366
-0.22225 -0.06545 -0.01955
-0.21263 -0.06554 -0.01124
-0.16755 -0.06594 0.04521
-0.22274 -0.06545 -0.03190
-0.19900 -0.06566 0.01499
-0.21976 -0.06547 0.03783
-0.17626 -0.06587 0.05518
-0.22924 -0.06539 0.02610
-0.22623 -0.06542 0.03942
-0.31361 -0.04197 0.15309
-0.27581 -0.11427 0.16050
0.01724 0.01599 0.09587
0.09994 -0.03632 -0.01528
-0.33091 0.06866 0.01646
-0.33203 0.06860 0.00807
-0.32529 0.06900 0.00544
-0.32397 0.06908 0.03760
-0.32632 0.06894 -0.02309
-0.32988 0.06873 0.02400
-0.32246 0.06917 0.01336
-0.12612 0.12881 0.07878
-0.29458 -0.05938 0.14916
-0.29302 -0.05455 0.15671
0.03148 -0.04698 0.11887
0.02768 -0.04640 0.04614
0.25296 0.02416 0.15679
-0.06645 -0.04535 -0.10844
-0.21226 0.00521 0.14631
-0.21841 0.00555 0.09186
-0.21320 0.00503 0.08097
-0.22414 0.00606 0.08906
-0.11533 0.03320 -0.10343
-0.34930 -0.06957 0.12582
-0.15696 -0.04330 -0.13048
0.02296 -0.06047 -0.05917
0.06404 -0.05980 -0.04911
-0.09346 -0.06026 0.04243
-0.05430 -0.05970 0.05406
-0.08174 -0.06009 0.04949
-0.10859 -0.04584 -0.00930
-0.04075 -0.05933 0.09826
0.00806 0.03885 -0.09701
0.02795 0.12111 0.06548
-0.32958 -0.07083 0.12370
0.08175 -0.05948 -0.10427
0.00702 0.03496 -0.11009
-0.29420 -0.09882 -0.13989
0.40210 0.01873 0.13757
0.21187 -0.08885 0.14497
0.01517 0.04749 0.05849
0.10490 0.09126 -0.12023
0.02845 -0.01863 -0.10385
0.06173 -0.05994 -0.07126
0.04506 -0.04475 -0.08014
-0.17056 -0.05700 0.15438
0.01875 0.02584 -0.04567
-0.11682 0.06326 -0.06041
0.14560 0.02339 -0.01143
-0.05559 -0.04047 -0.07155
0.25924 0.03043 -0.15427
-0.11188 -0.00316 0.05711
0.08121 0.10827 0.00423
0.14120 0.02043 0.09647
-0.12100 0.03625 0.04984
-0.21489 -0.00920 0.15249
0.16527 0.04256 -0.03799
-0.21280 0.00502 -0.08831
-0.21842 0.00581 -0.15615
-0.21661 0.00544 -0.10490
-0.10559 -0.04450 0.04790
-0.17738 -0.08076 -0.15568
-0.11656 0.06984 -0.07062
0.14432 0.04160 0.06277
-0.13882 0.12795 0.08108
-0.28203 0.05701 0.14734
-0.06108 -0.04201 0.07582
-0.37972 0.05130 0.14716
-0.23233 0.05766 -0.14789
-0.22433 0.05774 -0.14806
0.14258 0.01680 0.03498
0.14334 0.01871 0.04789
0.02266 -0.04403 0.10111
-0.13517 0.03591 -0.07677
-0.12089 -0.04365 -0.03935
0.00869 -0.04348 -0.05373
0.08597 -0.04218 -0.09551
-0.24156 -0.13215 -0.14158
-0.20041 -0.11930 -0.15467
-0.00726 0.07572 0.09112
-0.03680 -0.05804 0.03239
0.01970 -0.03848 0.04231
0.10824 0.00650 0.00038
-0.04436 -0.01540 -0.14978
0.29517 -0.12435 -0.15441
-0.30159 -0.06415 -0.14342
-0.03459 -0.05563 0.03847
0.14625 0.02461 -0.03632
-0.11551 0.01404 -0.10825
-0.00106 -0.00486 -0.03473
0.00610 -0.05879 -0.03947
0.02758 -0.04373 0.10759
-0.35222 0.04863 0.15033
-0.05066 -0.05964 -0.05105
-0.05862 -0.05976 -0.04535
-0.04377 -0.05955 -0.05053
-0.06185 -0.05981 -0.03671
-0.03297 -0.04259 -0.15618
-0.07303 -0.04564 -0.15470
-0.03186 -0.05099 -0.15220
0.01771 0.02787 -0.03573
-0.13693 0.03324 -0.09059
0.38834 0.02910 0.10897
0.37584 0.03198 0.09690
0.39567 0.02856 0.06594
0.37753 0.03130 0.11127
0.38060 0.03086 0.10252
0.05962 0.11289 -0.09220
0.00457 -0.05442 -0.03454
0.16002 0.00428 -0.11706
0.14181 0.03477 0.00393
0.35807 0.01501 0.15294
-0.01292 -0.00091 0.03297
-0.09812 -0.04475 0.03728
-0.20426 0.11535 -0.10249
-0.25693 -0.06508 -0.05807
-0.25245 -0.06513 -0.00813
-0.28883 -0.06472 -0.05329
-0.25038 -0.06516 -0.02831
-0.27192 -0.06491 -0.03724
-0.25381 -0.06512 0.02158
-0.26614 -0.06497 -0.06011
-0.25480 -0.06510 -0.00325
-0.25885 -0.06506 0.01482
-0.28370 -0.06477 -0.05886
-0.24692 -0.06519 -0.03709
-0.25535 -0.06510 -0.01257
-0.26247 -0.06502 -0.04319
-0.23431 -0.06534 -0.04525
-0.24247 -0.06525 0.03538
-0.27370 -0.06489 -0.05765
-0.23894 -0.06529 0.01621
-0.23367 -0.06535 -0.01438
-0.23831 -0.06529 -0.03476
-0.23997 -0.06527 0.00225
-0.26395 -0.06500 -0.02589
-0.12729 0.03915 -0.07277
0.01721 -0.04172 0.15653
0.18024 -0.03166 0.15970
0.13902 -0.03760 0.15796
0.11804 -0.03195 0.15947
0.16446 -0.04176 0.15688
0.11981 -0.04238 0.15660
0.17769 -0.02666 0.16107
0.06573 -0.04034 0.15703
0.08548 -0.03946 0.15732
-0.12347 -0.05944 -0.07180
-0.44039 -0.03727 0.10846
0.44755 -0.04500 0.07320
0.44707 -0.03914 0.08949
0.44577 -0.04471 0.08702
0.01705 0.01865 -0.08944
0.07537 -0.05960 -0.10029
-0.11694 0.03726 0.10033
-0.42271 0.04231 -0.10232
0.28015 0.02327 0.15557
0.04624 -0.06009 0.09670
-0.13352 0.03740 0.08863
-0.31293 -0.06857 -0.13946
0.08102 -0.03859 0.04647
-0.11623 0.02240 0.01933
-0.18237 0.08656 -0.13148
-0.03796 0.07684 -0.13575
-0.15833 0.08585 -0.13164
-0.11147 0.08196 -0.13347
-0.04933 0.07554 -0.13670
-0.07054 0.07488 -0.13736
-0.08123 0.07789 -0.13563
-0.00200 0.03648 0.05629
-0.42905 -0.05624 0.07508
-0.44084 -0.05273 0.06554
0.02945 -0.04431 -0.09204
-0.33247 -0.07319 -0.01586
-0.33279 -0.07319 0.00560
-0.32409 -0.07070 -0.12657
-0.03390 0.03378 0.15191
-0.31733 0.06793 -0.12758
0.23697 0.04988 0.12579
0.34645 0.02165 -0.15188
-0.41829 0.01716 0.14852
0.03854 -0.02963 0.02975
-0.05005 0.01154 -0.01467
-0.11233 0.02454 0.09208
-0.12714 0.03843 0.01379
-0.12527 -0.05749 -0.01054
-0.11421 -0.02982 0.15971
-0.09932 -0.03977 0.15698
-0.07576 -0.04056 0.15675
-0.10530 -0.03610 0.15799
-0.08710 -0.03801 0.15746
-0.10677 -0.03034 0.15957
0.15564 0.01504 0.01797
0.26723 0.04794 0.01137
0.25867 0.04877 0.03213
0.28514 0.04621 0.05040
0.28264 0.04645 0.05422
0.26409 0.04825 0.05462
0.26973 0.04770 0.02430
0.27731 0.04697 0.01861
0.26894 0.04778 0.05482
0.25361 0.04926 0.05651
0.39672 -0.03706 0.14788
0.38697 -0.04014 0.14752
0.36875 -0.04398 0.14736
0.39764 -0.04282 0.14625
0.01170 0.05873 0.10537
-0.10083 -0.05055 -0.08971
0.08327 0.10696 0.04183
0.07672 0.10845 0.07078
-0.10209 -0.02951 -0.09276
-0.12586 -0.05103 0.09056
-0.29499 0.06892 0.12484
-0.18241 0.12243 0.08818
0.06959 -0.05374 -0.11134
0.27026 -0.00678 -0.14934
0.00610 -0.05293 -0.04364
-0.38742 0.06384 -0.00346
-0.39161 0.06331 0.01789
-0.38398 0.06427 0.04609
-0.38303 0.06439 0.00657
-0.38500 0.06414 -0.02456
-0.38911 0.06363 0.05131
0.10195 -0.00060 -0.00797
-0.42418 0.02804 0.13395
0.05942 -0.04978 0.04147
0.07806 0.10941 -0.02403
0.08021 0.10744 -0.06233
-0.00820 0.01759 0.03168
-0.26479 0.00035 -0.15131
-0.11120 -0.00364 0.07045
-0.02217 0.03378 0.15424
-0.11950 0.06479 0.09255
0.07505 -0.05962 0.04680
-0.10155 -0.07290 -0.12162
-0.03558 -0.07306 -0.12389
-0.04409 -0.07245 -0.13023
-0.08292 -0.07260 -0.12623
-0.37138 -0.07071 -0.01280
-0.36941 -0.07091 0.02105
-0.37061 -0.07079 0.01132
-0.36629 -0.07123 0.03933
-0.36210 -0.07165 0.04122
-0.01767 0.12514 0.09086
0.30173 -0.01831 -0.15212
-0.33467 -0.07246 0.07716
-0.33662 -0.07253 0.07238
-0.33868 -0.07287 0.05953
-0.12908 0.03884 0.08006
0.37241 -0.04948 0.14658
-0.41576 0.00343 -0.15310
0.02065 -0.05603 0.08466
0.23125 -0.01659 -0.14819
0.10377 0.09129 0.12279
0.02004 0.02107 -0.10003
-0.09436 0.12979 -0.07603
-0.02246 -0.07530 -0.00381
0.13799 -0.07674 0.03905
0.04419 -0.07590 0.00134
0.04723 -0.07593 0.02377
0.00796 -0.07557 0.01312
0.03453 -0.07581 0.00599
0.11194 -0.07651 0.02913
0.08820 -0.07630 0.05473
0.04679 -0.07592 -0.00703
0.15307 -0.07688 0.05326
0.06152 -0.07606 0.02513
0.03476 -0.07581 0.01293
0.18076 -0.07713 0.05526
0.01711 -0.07566 0.01463
0.11462 -0.07653 0.04435
-0.00661 -0.07544 -0.03751
0.05584 -0.07600 0.05322
0.04771 -0.07593 0.04461
-0.00027 -0.07550 0.03366
-0.00146 -0.07549 -0.02598
0.02447 -0.07572 -0.01231
-0.01695 -0.07535 -0.04652
0.05392 -0.07599 -0.01190
0.00265 -0.07553 -0.00816
0.14016 -0.07676 0.05517
0.13510 -0.07672 0.04566
0.07223 -0.07615 0.04834
0.15669 -0.07691 0.04594
0.03926 -0.07586 0.02373
0.09342 -0.07634 0.04170
0.01725 -0.07566 0.00686
0.06042 -0.07605 0.01834
0.03792 -0.07584 -0.00785
0.04826 -0.07594 0.03592
0.00785 -0.07557 -0.03139
0.08574 -0.07627 0.01873
0.06671 -0.07610 0.01036
-0.01839 -0.07534 0.00782
0.10494 -0.07645 0.03177
0.06308 -0.07607 -0.00427
0.08666 -0.07628 0.00485
0.06784 -0.07611 0.03600
0.01064 -0.07560 -0.00910
-0.01360 -0.07538 -0.00142
0.01622 -0.07565 -0.00509
-0.02212 -0.07530 0.03703
0.06556 -0.07609 0.05071
0.14381 -0.07680 0.05228
0.00594 -0.07556 -0.02718
0.10637 -0.07646 0.04942
-0.07925 0.03378 0.15124
0.40647 -0.02806 -0.14988
0.37901 -0.03218 -0.15010
0.41540 -0.02648 -0.14987
0.36390 -0.03081 -0.15123
-0.41584 0.04327 0.13543
-0.40494 -0.05981 0.12639
0.43026 -0.06463 0.03642
0.43172 -0.06394 0.01280
0.43272 -0.06347 0.04550
-0.01866 -0.07299 0.12600
-0.01210 -0.07323 0.12388
0.06925 -0.07337 0.13067
0.04369 -0.07347 0.12684
0.01130 -0.07311 0.12760
0.02759 -0.07323 0.12799
-0.27058 0.08084 0.07772
-0.27449 0.07947 0.05740
-0.26069 0.08611 0.10523
-0.11282 0.03080 0.10542
0.11662 0.08972 -0.05087
0.13048 0.07969 -0.11023
0.11570 0.08943 -0.07322
0.13117 0.07973 -0.09847
0.03304 -0.02691 0.00401
-0.19440 0.00095 -0.13789
-0.19733 0.00145 -0.11644
-0.19582 0.00124 -0.13141
-0.19657 0.00105 -0.10014
-0.38714 -0.05763 -0.14068
0.02364 -0.01137 0.03208
-0.00323 0.07822 0.09884
-0.10785 -0.04116 0.08844
-0.06064 -0.03940 -0.09249
0.07272 -0.04334 -0.10991
-0.08039 -0.06969 -0.14306
-0.08670 -0.06127 -0.14712
-0.11058 -0.05245 -0.15135
-0.12819 -0.06633 -0.14464
-0.11293 -0.06184 -0.14682
-0.09379 -0.06856 -0.14359
-0.06878 -0.06642 -0.14465
-0.14230 0.05226 0.08415
-0.03341 -0.05419 -0.05955
-0.07295 -0.04092 0.08758
0.02078 -0.06418 -0.14597
-0.01418 -0.05653 -0.14951
0.03220 -0.04965 -0.15303
-0.00179 -0.06106 -0.14738
-0.00775 -0.06262 -0.14660
0.16248 -0.04679 -0.15498
0.10313 -0.05455 -0.15098
0.00920 -0.04929 -0.15311
0.14025 -0.04586 -0.15533
0.15549 -0.04708 -0.15481
0.07496 -0.05117 -0.15248
-0.01633 -0.05212 -0.15163
0.13128 -0.04670 -0.15488
0.06388 -0.05837 -0.14896
0.06792 -0.05275 -0.15169
0.20080 0.01791 0.00535
0.20080 0.02836 -0.06241
0.20080 0.01262 -0.05441
0.20080 0.00329 -0.01684
0.20080 0.00451 0.00641
0.20080 0.00923 -0.11402
0.20080 0.03702 -0.08384
0.20080 0.02049 -0.06486
0.20080 0.02835 -0.09614
0.20080 0.02093 -0.09384
0.20080 0.02348 -0.10574
0.20080 0.03349 -0.07421
0.20080 0.01477 0.03193
0.20080 0.03267 -0.08536
0.20080 0.01397 0.04014
0.20080 0.02442 -0.10126
0.20080 0.00583 -0.06841
0.20080 0.00712 0.00214
0.20080 0.01270 -0.08702
0.20080 0.00990 0.02520
0.20080 0.02553 -0.03150
0.20080 0.03072 -0.04715
0.30737 0.04335 -0.08300
0.31123 0.04289 -0.08555
0.30114 0.04428 -0.06677
0.30437 0.04357 -0.09154
-0.05842 -0.04108 -0.10184
-0.00099 0.00067 -0.02135
0.04827 -0.06007 0.04206
0.10700 0.09215 0.10884
0.13855 0.07413 0.12173
-0.00758 0.02037 0.00186
0.00188 0.02037 0.00258
-0.00252 0.02037 -0.00935
0.01326 0.03475 -0.03483
0.37189 -0.07143 -0.12862
-0.42625 -0.02124 -0.12316
-0.43213 -0.00695 -0.07858
-0.43092 -0.01020 -0.08771
-0.43065 -0.01533 -0.08967
-0.12139 0.06528 0.05569
-0.11191 0.00435 0.07465
0.44170 -0.05079 0.10691
-0.25539 -0.00898 -0.14536
-0.12002 0.03520 -0.01472
0.15470 0.03783 -0.15602
0.00746 0.04046 -0.15540
0.09714 0.03859 -0.15590
-0.07812 -0.04444 -0.00376
0.06644 0.11342 0.01171
0.08318 -0.01491 -0.16250
0.02839 -0.01036 -0.16286
0.07177 -0.01220 -0.16273
0.04484 -0.00931 -0.16297
-0.01509 -0.02155 -0.16182
0.04462 -0.01603 -0.16236
0.01040 -0.00755 -0.16310
0.10898 -0.02209 -0.16187
0.03976 -0.02073 -0.16193
-0.00554 -0.00814 -0.16304
0.30162 0.02206 0.15466
0.08696 -0.04298 -0.08986
0.42556 -0.02350 0.13754
-0.12166 -0.04380 0.02275
0.44002 -0.05230 -0.12012
0.03986 -0.04347 -0.04730
-0.43945 -0.02135 -0.11706
-0.43842 -0.02183 -0.09003
-0.11145 -0.05567 0.02115
-0.13105 -0.07429 0.06953
-0.12251 -0.07422 0.07327
-0.15047 -0.07434 0.06419
-0.10100 -0.07414 0.08017
-0.07363 -0.07455 0.07113
-0.04477 -0.07497 0.06221
-0.13283 -0.07454 0.06060
-0.13420 -0.07360 0.09244
-0.08997 -0.07478 0.06044
-0.13864 -0.07389 0.08161
-0.08358 -0.07491 0.05702
-0.09879 -0.07439 0.07187
-0.14848 -0.07455 0.05731
-0.11055 -0.07429 0.07328
-0.14155 -0.07327 0.10235
0.25909 0.04591 -0.14015
0.26410 0.04413 -0.14127
0.09679 -0.00762 -0.01935
-0.22567 -0.13076 -0.15077
-0.03046 -0.04897 0.08737
-0.00080 0.09466 -0.12261
0.06372 0.09003 -0.12491
0.02931 0.09410 -0.12238
-0.02492 0.10126 -0.11777
-0.03357 0.09702 -0.12143
-0.01599 0.09697 -0.12107
0.03961 -0.04498 -0.10961
0.04244 0.03378 0.14806
-0.11167 -0.00688 -0.10800
0.25431 -0.07853 -0.15800
0.24519 -0.06097 -0.15768
0.23327 -0.05834 -0.15726
0.26340 -0.10198 -0.15832
0.25989 -0.09611 -0.15819
0.23615 -0.09578 -0.15736
0.23148 -0.06543 -0.15719
0.24137 -0.07690 -0.15754
0.29091 -0.09560 -0.15928
0.24229 -0.06994 -0.15757
0.30752 -0.10152 -0.15987
0.07282 -0.04231 -0.09478
0.00990 0.04962 -0.09712
0.31406 0.00026 -0.05390
-0.30968 -0.06961 0.13518
0.43559 -0.00828 0.03208
0.38427 0.02933 0.12754
0.14344 0.01897 -0.06258
0.14353 0.01917 -0.08827
-0.38819 -0.06804 0.05118
-0.37983 -0.06940 0.01543
-0.38292 -0.06890 -0.00562
-0.37626 -0.06999 0.03450
-0.39008 -0.06773 -0.03309
-0.42322 0.01155 -0.13899
-0.25278 0.08414 -0.13269
-0.31710 0.06616 0.13684
0.05868 -0.04065 0.04696
0.26216 0.03164 0.15363
0.27423 0.04242 0.14169
-0.30945 -0.06961 -0.13520
-0.12824 0.03845 0.03972
0.29636 -0.01137 0.14438
-0.22223 0.10709 -0.11023
0.14054 0.03535 0.01557
0.00601 -0.05186 0.05221
-0.19531 -0.12022 0.13646
-0.20567 -0.12664 0.15807
-0.21204 0.11697 -0.04536
-0.20197 0.12152 -0.02118
-0.20326 0.12033 -0.03715
-0.19811 0.12007 -0.07969
0.29791 0.04374 -0.12529
0.38908 -0.06713 0.13325
-0.10443 -0.02672 -0.07456
0.00978 -0.06030 0.05781
-0.11037 -0.00030 -0.06977
0.36819 -0.06789 0.13849
-0.10930 0.00853 -0.08980
-0.12727 0.06515 0.10599
0.40269 0.02212 0.10293
0.39766 0.02452 0.11611
0.39691 0.02717 0.08288
-0.12917 0.04601 0.10436
0.00578 -0.04899 0.11181
-0.05358 -0.03878 -0.08165
-0.32116 -0.07195 -0.10018
-0.32515 -0.07208 -0.09472
-0.13634 0.02982 0.11797
-0.21172 0.11816 -0.00883
-0.20614 0.12013 -0.00694
-0.44735 -0.02635 0.07306
0.15214 0.03252 -0.11253
-0.18415 -0.05367 -0.05781
-0.18474 -0.06454 -0.05783
-0.18095 -0.06035 -0.05764
-0.19972 -0.06106 -0.05861
-0.27352 0.08089 0.04665
-0.27242 0.08175 -0.01293
-0.26953 0.08399 -0.00124
-0.27379 0.08067 0.02368
-0.11817 0.04604 -0.08855
-0.43982 -0.02184 0.08854
-0.05799 -0.05566 -0.11054
-0.11515 -0.06058 0.01118
-0.10444 -0.06043 0.01967
-0.09276 -0.06026 0.03082
-0.06207 -0.05982 0.04176
0.00434 0.03919 0.11421
0.00609 -0.05435 0.06563
0.13975 0.07139 -0.13399
0.03097 -0.04950 0.04793
-0.35797 0.06507 0.12527
0.03330 0.10996 -0.10887
0.02907 0.10628 -0.11241
-0.01812 0.11684 -0.10398
-0.01999 0.10932 -0.11101
-0.03168 0.11490 -0.10617
-0.03642 0.11175 -0.10923
0.42077 -0.06108 0.12919
-0.08456 0.13043 -0.06423
-0.07938 0.13024 -0.06966
-0.07199 0.13042 -0.06204
0.42575 -0.03802 0.14174
0.43612 -0.03802 0.13734
0.09716 -0.04310 0.11066
-0.23198 0.06431 -0.14447
-0.24534 0.06230 -0.14523
-0.17140 0.12551 -0.05972
0.43780 -0.02780 0.02396
0.02686 -0.01341 -0.10242
-0.35246 -0.06318 -0.14148
-0.11630 0.12760 -0.09114
-0.13338 0.07456 0.10579
-0.44234 -0.02494 0.11997
0.01463 0.05447 0.06595
0.20733 -0.04357 -0.15553
0.21046 -0.03840 -0.15177
-0.35080 -0.07114 0.09545
-0.36940 -0.07082 0.05558
0.03328 -0.04455 -0.05464
0.14000 0.00600 -0.11273
0.38456 0.02894 -0.13243
0.26251 -0.13215 -0.14219
0.06319 0.11264 0.07906
0.07286 0.11094 0.03483
0.04969 -0.04181 -0.09927
0.22966 -0.02328 0.16079
0.43067 0.00310 -0.00249
0.42934 0.00496 0.04611
-0.43722 -0.02219 -0.06557
-0.43332 -0.02223 -0.01898
-0.43494 -0.02221 -0.03455
-0.43586 -0.02220 0.02771
-0.43429 -0.02222 0.02333
-0.12352 -0.06005 -0.04181
-0.04354 -0.04364 0.04815
0.23061 0.05038 -0.12665
-0.11821 0.03378 0.15503
0.41265 -0.06667 0.11502
-0.07541 -0.04097 -0.08130
-0.05417 0.00774 0.01825
-0.11039 -0.01407 0.02526
-0.12564 -0.05497 -0.06184
0.02473 -0.03100 -0.07409
0.04229 0.00713 -0.00432
-0.25672 -0.12897 -0.12972
-0.45130 -0.02994 0.10346
-0.00153 0.12382 0.08811
-0.05354 -0.05954 -0.09306
-0.11850 -0.06063 -0.08405
-0.09188 -0.06018 -0.08541
-0.00616 0.04713 0.06800
0.00982 0.03880 0.05414
-0.12964 -0.04738 -0.09502
-0.13517 0.00812 -0.10212
0.01722 -0.00955 0.01573
-0.16752 0.11280 0.11161
-0.18889 0.11243 0.11240
-0.18055 0.11575 0.10951
0.01914 0.01794 0.10549
0.07967 -0.04692 0.11894
-0.18906 -0.02415 0.14648
-0.08350 -0.04411 -0.06129
0.01288 0.05708 -0.07062
-0.21162 -0.12590 -0.15507
-0.43139 0.02799 -0.06779
0.35684 -0.07344 -0.08222
0.36021 -0.07335 -0.08639
0.35259 -0.07419 -0.05552
0.21248 -0.10392 -0.14991
0.09578 -0.03793 0.00337
0.44426 -0.05730 0.01326
0.43931 -0.06026 0.03579
0.44297 -0.05808 0.02618
0.03509 -0.07335 -0.12733
0.14820 -0.07482 -0.12223
0.08338 -0.07424 -0.12222
-0.00052 -0.07337 -0.12352
0.04662 -0.07360 -0.12567
0.13439 -0.07472 -0.12190
0.17386 0.04565 0.07465
-0.12414 0.12943 0.06899
-0.13287 0.12939 0.05526
0.18742 0.03777 -0.15575
-0.11475 -0.06057 0.05976
-0.08468 -0.06007 0.06628
-0.06816 -0.05980 0.07128
-0.09361 -0.06022 0.06197
-0.11130 -0.06051 0.05067
-0.09995 -0.06032 0.07312
-0.08592 -0.06009 0.07090
-0.11560 -0.06058 0.04072
-0.08990 -0.06016 0.06468
-0.11135 -0.00544 0.06132
-0.37489 -0.06589 -0.12928
0.06063 0.11314 -0.08620
-0.08211 -0.04108 0.09368
0.40794 -0.07146 -0.05748
0.40448 -0.07117 -0.07735
-0.13165 0.03844 -0.08402
0.05517 -0.04080 -0.03894
0.32639 -0.05630 -0.15069
-0.23002 0.10987 -0.03148
-0.32409 -0.07055 0.12824
0.07008 -0.05351 -0.03292
-0.11524 -0.00515 0.14644
-0.00040 0.12421 -0.08270
-0.11683 0.03668 -0.08184
-0.29358 0.06990 -0.06789
-0.31043 0.06957 -0.05915
-0.30387 0.06939 -0.08460
-0.30930 0.06934 -0.07746
-0.30505 0.06915 -0.09969
0.41203 0.01920 -0.06067
0.39839 0.02782 -0.00985
0.41228 0.01904 -0.05526
0.40038 0.02657 -0.04300
0.40196 0.02557 -0.01179
0.40248 0.02524 0.00397
0.00954 0.04580 -0.06647
0.40273 0.01236 -0.15082
0.40984 -0.06708 0.11961
-0.04063 -0.04510 0.03032
-0.11306 0.00128 0.03409
-0.17690 -0.00625 -0.14178
-0.18038 -0.00533 -0.11284
-0.17886 -0.00614 -0.10621
-0.18362 -0.00381 -0.11741
0.16419 0.04201 -0.09445
0.02336 -0.02061 0.06969
0.06710 -0.05847 0.11981
-0.15507 0.12914 -0.00535
-0.11816 0.13036 0.04265
-0.11865 0.13084 0.02614
0.20231 -0.07182 -0.14916
0.20227 -0.06182 -0.15022
-0.28996 -0.04350 0.14400
-0.10345 -0.03339 0.08743
-0.11297 0.02888 -0.09903
0.15963 0.03980 0.01578
0.40681 -0.06120 -0.13526
0.21567 0.03189 -0.15626
0.19970 0.03627 -0.15581
-0.02600 -0.00869 -0.00217
-0.10267 -0.02791 0.09527
-0.19833 -0.10431 -0.15981
-0.23622 -0.07943 -0.15847
-0.26693 -0.07557 -0.15739
-0.20291 -0.10181 -0.15964
-0.21384 -0.09741 -0.15926
-0.24044 -0.10231 -0.15832
-0.26321 -0.08622 -0.15752
-0.27678 -0.04832 -0.15705
-0.23182 -0.09389 -0.15863
-0.24308 -0.09388 -0.15823
-0.24741 -0.09548 -0.15808
-0.24753 -0.07051 -0.15807
-0.23894 -0.11069 -0.15838
-0.24705 -0.10699 -0.15809
0.10656 -0.03269 -0.01707
-0.29375 -0.08157 0.15710
-0.32997 0.05147 -0.14948
-0.37802 -0.06745 -0.10324
-0.37035 -0.06875 -0.10172
0.28800 0.00932 -0.07978
0.28763 0.00967 -0.14971
0.28381 0.00999 -0.13693
0.11818 -0.03286 0.14541
0.39294 0.02932 0.02915
0.38113 0.03179 0.03614
0.39287 0.02933 0.05050
0.39185 0.02955 -0.02170
0.39181 0.02955 0.00352
0.39043 0.02984 0.05701
0.01074 0.07684 -0.06594
-0.03775 -0.04703 -0.01887
-0.29474 -0.06466 0.15851
-0.37704 0.06426 0.08994
-0.35209 0.06721 0.05847
-0.37658 0.06456 0.07764
-0.36888 0.06492 0.09463
-0.36781 0.06530 0.08074
-0.10956 -0.01524 0.05907
-0.10880 0.13146 -0.01339
-0.09031 0.13124 -0.03686
-0.10033 0.13125 -0.02765
-0.38354 -0.06453 0.12794
0.02500 -0.03756 0.09497
0.09471 -0.00644 -0.00111
-0.16310 -0.03424 0.07202
-0.16166 -0.04012 0.05772
-0.15822 -0.04269 0.10925
-0.15901 -0.03907 0.11996
-0.16005 -0.03823 0.10492
0.01695 -0.05921 0.10006
0.00280 -0.04519 -0.03525
-0.05755 0.01821 0.14635
0.08241 -0.04232 0.09187
-0.13441 0.03618 0.05215
-0.25403 0.05117 -0.15097
-0.06116 -0.05981 -0.00247
-0.10025 -0.06037 0.00283
-0.08636 -0.06017 0.00058
0.01252 0.06193 0.08352
0.11011 0.00903 0.01143
-0.11933 0.03632 -0.10512
-0.11133 -0.00798 0.04571
0.31810 0.04210 0.08687
0.31169 0.04295 0.07707
0.31740 0.04240 0.07040
0.31066 0.04249 0.11882
0.28541 0.04532 0.11878
0.30251 0.04373 0.09525
0.02276 -0.01645 0.06494
-0.10793 -0.01237 0.08029
0.22862 0.05107 -0.08620
0.22669 0.05143 -0.06940
0.23821 0.05054 -0.06372
0.23627 0.05065 -0.06789
0.22023 0.05208 -0.05867
0.23901 0.05006 -0.09998
-0.22525 -0.00678 0.16101
0.01740 0.01360 0.09202
-0.13977 -0.07019 0.14120
-0.15349 -0.07078 0.13743
-0.05808 -0.07203 0.13317
-0.11135 -0.07068 0.13928
-0.33220 0.06493 -0.13726
0.35811 0.03452 0.13029
-0.08546 -0.05427 -0.14882
-0.08991 0.12975 0.07766
-0.22927 0.04400 -0.15459
-0.22470 0.04111 -0.15607
0.04332 -0.07114 -0.14271
0.05451 -0.06805 -0.14431
0.07550 -0.06908 -0.14389
0.08376 -0.06906 -0.14393
0.01866 -0.00055 0.11817
-0.04297 0.02532 -0.15256
0.00523 -0.04615 0.07290
-0.12602 0.01455 -0.16234
-0.09651 0.01405 -0.16232
-0.07981 0.01452 -0.16225
-0.21237 0.01962 -0.16207
-0.06403 0.01619 -0.16206
-0.10347 0.01742 -0.16204
-0.12817 0.00848 -0.16290
-0.16818 0.00426 -0.16336
-0.16459 0.00891 -0.16293
-0.15841 0.00689 -0.16310
-0.25671 0.00275 -0.13589
-0.25570 0.00320 -0.11928
-0.24648 0.00491 -0.16098
-0.25022 0.00417 -0.14766
-0.24779 0.00488 -0.13717
-0.06192 -0.00424 -0.01311
0.43444 -0.02858 0.10566
0.44017 -0.02856 0.11027
-0.10601 -0.01530 -0.07848
-0.21898 0.10006 0.12259
-0.42337 -0.03861 -0.14452
-0.41835 -0.03413 -0.14829
0.24689 0.02817 -0.15578
-0.05595 -0.05859 0.11823
-0.07270 -0.04418 -0.10602
-0.10723 -0.03385 -0.03882
-0.43924 -0.05374 0.04629
-0.43261 -0.05614 0.02586
-0.44116 -0.05305 0.02662
-0.44058 -0.05326 0.01012
-0.43253 -0.05617 0.01890
0.01888 -0.01590 0.04250
0.09790 -0.04329 -0.04073
0.14819 0.01576 -0.07799
0.14762 0.01576 -0.03884
0.15791 0.01576 -0.04370
0.15332 0.01576 -0.04787
0.05082 -0.06009 -0.08282
0.08930 -0.05954 -0.08772
0.04048 -0.06017 0.10993
-0.00891 0.07329 -0.08191
-0.10728 -0.04106 0.05822
0.41937 0.01378 0.07252
0.05893 -0.05987 -0.04480
-0.12620 -0.04982 0.01165
-0.07412 -0.04420 0.02703
-0.11314 0.00151 -0.02072
-0.04820 -0.05325 -0.10903
-0.29928 0.06330 -0.14124
0.13046 0.02854 -0.01539
0.03736 -0.06029 -0.10793
0.09927 -0.05274 -0.09641
0.12443 0.08238 -0.11578
-0.04021 -0.05899 0.11145
0.35618 -0.07432 0.04665
0.36089 -0.07436 0.01017
-0.03776 -0.05923 0.10242
-0.25970 -0.12884 -0.15018
-0.30639 -0.06673 0.07229
-0.30650 -0.07026 0.06773
-0.06136 0.12244 -0.10004
-0.11726 0.11684 -0.10684
-0.04629 0.11945 -0.10238
-0.07206 0.11328 -0.10884
-0.09795 0.11485 -0.10813
-0.08975 0.12150 -0.10173
0.44582 -0.04020 -0.09644
0.44381 -0.04495 -0.10097
0.44502 -0.04733 -0.08683
0.44522 -0.03934 -0.10276
-0.34052 -0.06906 -0.13218
-0.12600 0.05733 -0.14779
-0.16645 0.05777 -0.14786
-0.09901 0.05579 -0.14841
-0.20251 0.07100 -0.14109
-0.19337 0.06530 -0.14405
-0.07486 0.05474 -0.14879
-0.11429 0.06089 -0.14582
0.10847 0.02471 -0.15154
-0.31258 -0.07286 -0.07203
-0.30809 -0.07296 -0.07004
0.09148 -0.05943 0.10180
-0.12625 -0.04903 0.05957
0.44806 -0.05160 0.04098
-0.11786 -0.04386 0.04017
-0.25664 0.09259 -0.05681
-0.40978 -0.00528 0.15762
-0.38733 -0.00093 0.15870
-0.37436 -0.00400 0.15883
-0.36774 -0.00414 0.15902
-0.32804 -0.00804 0.15991
-0.36108 -0.00233 0.15940
-0.42325 -0.05391 0.12895
-0.41610 0.05386 0.09085
-0.41806 0.05491 0.06718
-0.00206 0.03625 0.08533
0.02501 -0.06044 0.10457
0.02189 -0.06049 0.09134
0.01362 -0.06062 0.09210
0.39782 -0.07200 0.08276
0.39871 -0.07085 0.10372
-0.04862 -0.03997 -0.07169
-0.05329 0.03352 0.14946
0.42228 0.01161 -0.06992
0.14995 0.06426 0.14108
0.07077 -0.03943 -0.10486
0.43471 -0.00549 0.05030
0.43546 -0.00746 -0.04382
0.43519 -0.00677 -0.00909
0.02558 -0.06042 -0.09962
-0.10223 -0.03382 0.10409
-0.09889 -0.04534 -0.10631
0.41935 -0.06875 -0.03487
0.42385 -0.06713 0.03936
0.41961 -0.06866 -0.00885
-0.02245 -0.04885 0.14835
-0.32404 0.06897 0.05950
-0.33740 0.06750 0.09907
-0.33920 0.06771 0.08008
-0.34357 0.06766 0.06764
-0.34256 0.06733 0.09048
-0.11156 -0.02421 0.11910
-0.11680 0.02710 -0.01144
-0.15727 0.12700 0.06742
-0.15599 0.12860 0.02484
-0.12203 -0.02417 -0.14946
0.09950 -0.03661 0.02390
0.03307 -0.04527 -0.10972
-0.43986 -0.04114 0.09811
-0.27607 -0.12026 -0.13767
-0.11392 0.02460 0.08089
-0.03197 -0.04380 -0.15001
-0.23323 0.10340 0.10372
-0.11288 0.00428 -0.05587
-0.11578 0.03445 -0.07538
-0.08490 0.12965 -0.07907
0.39989 0.02579 -0.07432
0.40025 0.02423 -0.09467
0.40040 0.02353 -0.10406
0.12353 -0.02044 0.02186
0.03675 0.04059 0.15521
0.12170 0.03835 0.15591
0.01765 0.04174 0.15475
-0.44633 -0.03313 0.02648
-0.44415 -0.04219 -0.03018
-0.44454 -0.04055 0.00784
-0.44498 -0.03874 0.01814
-0.44464 -0.04013 0.03850
-0.44703 -0.03027 0.04501
-0.44715 -0.02974 0.03562
0.06714 0.03378 0.15096
-0.22109 0.11451 -0.03077
-0.03692 -0.02193 0.02960
0.01789 0.03498 0.11287
-0.14336 0.12897 -0.04695
-0.32271 -0.06621 -0.14110
0.01565 0.05768 -0.08982
-0.38997 -0.06717 -0.06602
-0.38747 -0.06628 -0.09374
-0.39284 -0.06504 -0.09453
0.32262 0.02748 0.14997
-0.09441 0.03012 0.14633
-0.15699 -0.06952 -0.07135
-0.19112 -0.11718 0.15656
-0.11406 0.02642 -0.15018
-0.11355 0.00461 -0.02992
0.06280 -0.04382 0.07174
-0.42749 0.03438 0.12333
-0.43049 0.03280 0.10381
0.04928 -0.03651 0.01450
-0.06425 -0.01253 0.01300
0.14731 0.02624 -0.05033
0.13162 -0.01125 0.02270
-0.30597 -0.06413 -0.08188
0.00910 -0.06002 -0.04927
-0.10520 -0.01679 0.09126
-0.41844 -0.01412 0.14882
-0.42645 -0.05535 -0.10172
-0.42397 -0.05482 -0.12239
-0.42108 -0.05717 -0.10280
0.04578 -0.06016 -0.07870
-0.26162 -0.01405 0.15312
-0.06352 -0.04296 0.06166
0.44278 -0.02810 -0.13170
-0.40346 -0.04438 0.14875
-0.18100 -0.03361 0.13819
0.41879 -0.06261 -0.12636
-0.10739 -0.02590 -0.05234
0.34584 -0.07311 -0.01966
-0.32016 -0.07289 0.06893
-0.31003 -0.07293 0.07067
-0.08656 -0.01864 0.16215
-0.13615 -0.01991 0.16209
-0.10862 -0.01135 0.16283
-0.15021 -0.01050 0.16295
-0.06367 -0.01740 0.16223
-0.07636 -0.02039 0.16198
-0.12114 -0.02101 0.16197
-0.10733 -0.06044 0.07649
-0.06380 -0.05973 0.08449
-0.35889 0.06668 0.01563
-0.36466 0.06615 0.03560
-0.37685 0.06502 0.04686
-0.36258 0.06634 0.02622
-0.37932 0.06479 0.05361
-0.35934 0.06664 0.03037
-0.35053 0.06746 0.05149
-0.20203 0.11811 0.08927
-0.12236 -0.06004 -0.06432
-0.00582 0.03491 0.15729
-0.01659 0.03889 0.15622
0.04995 0.03434 0.15731
0.09883 0.03722 0.15640
-0.32464 -0.07277 0.07134
0.01254 0.06091 -0.06469
-0.00394 0.12712 -0.00993
-0.00074 0.12638 -0.02004
0.00943 0.12451 -0.03468
0.00432 0.10816 0.11138
0.06924 0.10673 0.11083
-0.11356 0.00482 0.04254
0.03953 -0.04479 -0.06191
0.01497 -0.04378 0.06340
-0.13172 -0.01654 -0.10865
0.01274 0.05096 0.05585
-0.23158 -0.13215 0.15699
-0.00704 0.04775 0.07890
-0.42865 0.04269 0.00366
0.01480 0.02063 -0.01310
-0.01808 0.01933 -0.01801
-0.10314 -0.02827 0.10910
0.06832 -0.04272 -0.09564
-0.03236 -0.02719 -0.14849
0.23182 0.02891 -0.15635
-0.09163 -0.05243 -0.11125
0.00840 0.04552 0.08032
0.33531 -0.02021 0.07621
0.33437 -0.01594 0.11032
0.33582 -0.02145 0.07110
0.33450 -0.01736 0.09524
0.33545 -0.01847 0.10089
-0.06880 -0.05053 -0.14944
0.17874 0.04606 0.11906
0.01464 0.12386 0.03331
-0.11304 -0.04422 0.03606
-0.30371 -0.06554 0.12278
0.25930 -0.00800 0.15992
-0.00927 0.07212 0.06474
0.13121 0.02919 0.02047
0.09009 -0.04457 0.08509
0.18462 0.05367 -0.13348
-0.09277 0.12729 0.09536
0.22031 0.05208 0.05757
0.23722 0.05069 0.00080
0.23735 0.05068 -0.00923
0.24107 0.05037 0.04010
0.22878 0.05138 0.01576
0.24169 0.05032 0.00543
0.22075 0.05204 0.04003
0.23302 0.05103 0.02681
0.43833 -0.04959 -0.12635
0.16896 0.04138 -0.05408
0.16896 0.04130 -0.08973
0.16896 0.03296 -0.05054
0.16896 0.04333 -0.07469
0.19666 -0.07691 0.06769
-0.10951 -0.00267 0.08209
0.06639 -0.05172 0.04137
0.01347 0.06323 0.10437
-0.10502 -0.04832 0.09404
-0.13010 0.08583 -0.13128
-0.09744 0.08704 -0.12985
-0.03362 0.08320 -0.13149
-0.11209 0.09093 -0.12733
-0.03583 0.09136 -0.12571
-0.05039 0.08937 -0.12737
-0.06020 0.09392 -0.12430
-0.37886 -0.05404 -0.14499
0.18149 0.05274 -0.14216
0.19310 0.04718 -0.14625
-0.44120 -0.02327 0.12485
0.03516 0.12135 0.00342
-0.00329 0.01240 -0.10757
0.41380 -0.01737 0.15080
0.39841 -0.01658 0.15166
-0.43732 -0.04165 -0.11589
-0.44016 -0.02297 -0.13313
-0.43675 -0.04022 -0.12302
-0.43863 -0.02896 -0.13215
0.11203 -0.02756 -0.14830
-0.01509 0.12448 -0.09352
0.25472 -0.12976 0.15304
0.43775 -0.02738 -0.03659
0.01732 0.01368 -0.08137
0.37873 -0.07271 0.11191
-0.07408 0.03378 0.14870
-0.08226 0.03378 0.14771
0.04452 -0.04477 0.08536
-0.22813 0.11101 0.00476
0.19808 -0.00647 0.16281
0.20506 -0.01325 0.16184
0.09044 0.10217 0.08127
0.10644 0.09442 0.06698
0.09622 0.09942 0.07458
0.10180 0.09667 0.07090
0.10359 0.09560 0.07546
-0.31240 0.06959 0.01926
-0.31774 0.06945 0.04172
-0.30656 0.06975 -0.01165
-0.31270 0.06958 -0.00521
-0.30123 0.06989 -0.04134
-0.30645 0.06975 -0.00145
-0.31067 0.06964 -0.02210
-0.28838 0.07024 -0.05321
-0.43314 -0.00889 -0.04023
-0.43323 -0.01939 0.01401
-0.43315 -0.00960 -0.01722
-0.43321 -0.01688 -0.06787
-0.43319 -0.01446 0.01193
-0.43322 -0.01807 -0.02651
-0.43311 -0.00516 -0.06978
-0.11809 0.06767 -0.09697
-0.44277 -0.02719 0.10908
-0.10919 -0.01295 0.07203
-0.39781 0.06081 0.12245
-0.23387 0.00616 -0.14010
-0.24146 0.00559 -0.14498
-0.23624 0.00591 -0.16027
-0.23245 0.00639 -0.10963
-0.23141 0.00626 -0.15977
-0.20882 0.03056 -0.15912
-0.17233 0.03091 -0.15890
-0.14357 0.02109 -0.16151
-0.11264 0.02542 -0.16022
-0.08114 0.02412 -0.16048
-0.18483 0.02063 -0.16177
-0.10355 0.02243 -0.16102
-0.15919 0.02380 -0.16082
-0.42936 0.01260 0.09796
-0.42764 0.01315 0.11106
-0.42921 0.01877 0.09815
-0.10940 -0.04448 0.01636
0.39840 -0.07293 -0.06166
0.40362 -0.07202 -0.06306
-0.01051 0.01888 -0.15540
-0.05525 -0.07176 -0.13479
-0.02983 -0.07203 -0.13397
-0.12711 -0.07166 -0.13322
0.01950 0.02295 0.04484
0.34495 -0.04280 0.10335
0.34355 -0.04512 0.05914
0.34126 -0.03344 0.09026
0.23310 0.02451 0.15765
0.00578 -0.04961 -0.09899
0.40181 0.02031 0.13065
-0.11382 0.01323 -0.06168
0.26516 -0.13215 0.15943
-0.00941 0.06224 0.08815
-0.06511 -0.04348 -0.02365
-0.09616 -0.04483 -0.01421
-0.03427 -0.05109 0.03925
-0.17248 -0.00193 0.16375
-0.32880 0.05083 0.14993
-0.21922 0.09096 -0.12910
0.09443 -0.04682 0.09895
0.40066 -0.07308 0.00238
0.39939 -0.07328 0.02671
0.11861 0.03378 0.15115
0.26506 0.04812 -0.05959
0.27329 0.04730 -0.06119
0.26437 0.04810 -0.06688
0.28176 0.04616 -0.08680
0.25948 0.04841 -0.07983
0.26748 0.04755 -0.08650
-0.44336 -0.03929 0.07603
-0.27723 -0.02611 0.16170
0.01964 -0.00161 -0.06778
0.01903 0.00745 -0.09346
-0.00132 0.03682 -0.06599
-0.00924 0.07164 0.05689
0.19894 -0.01147 -0.16232
0.20597 -0.01319 -0.16180
-0.08726 -0.04476 0.02864
0.06227 -0.06380 0.14647
0.05368 -0.06612 0.14527
-0.00613 -0.06201 0.14706
0.04009 -0.06725 0.14465
0.03764 -0.06308 0.14672
0.44228 -0.02840 -0.12035
0.44433 -0.02849 -0.11627
-0.10850 0.00253 0.10427
-0.33836 0.02772 0.15664
-0.32381 0.02330 0.15827
-0.26817 0.03185 0.15746
-0.25947 0.03394 0.15713
-0.34355 0.02410 0.15750
-0.22980 0.02392 0.16071
-0.36645 0.02419 0.15683
-0.33304 0.02696 0.15700
-0.23477 0.03669 0.15706
-0.42688 -0.01263 0.11976
-0.13807 0.07727 0.08822
0.09117 -0.07510 0.09732
0.14667 -0.07519 0.11125
0.15686 -0.07506 0.11883
0.01416 -0.07430 0.10073
-0.01796 -0.07438 0.08815
0.04043 -0.07482 0.09134
-0.01977 -0.07423 0.09295
0.03606 -0.07450 0.10086
0.15242 -0.07527 0.11032
0.10999 -0.07505 0.10451
0.02838 -0.07513 0.07698
0.00602 -0.07442 0.09415
0.13411 -0.07485 0.11899
0.02840 -0.07475 0.08984
0.05468 -0.07503 0.08826
-0.01695 -0.07522 0.05983
0.07890 -0.07519 0.09024
-0.01318 -0.07407 0.10037
0.01588 -0.07372 0.12106
-0.02465 -0.07381 0.10577
0.03339 -0.07491 0.08607
0.06307 -0.07462 0.10511
-0.00030 -0.07471 0.08234
0.10738 -0.07488 0.10958
-0.01136 -0.07527 0.05999
0.10571 -0.07514 0.10032
0.00678 -0.07482 0.08097
0.07901 -0.07451 0.11361
0.06346 -0.07426 0.11727
0.01114 -0.07502 0.07526
-0.13203 0.13039 -0.02468
-0.13212 0.13058 -0.01842
-0.39056 0.06313 0.06725
-0.40032 0.06184 0.07032
-0.40086 0.06202 0.06003
-0.39554 0.06252 0.06671
-0.40826 0.06094 0.06638
0.23386 -0.01911 0.15767
-0.11688 -0.04064 0.08677
-0.29813 0.06957 0.08275
-0.28636 0.06989 0.08272
-0.30193 0.06984 0.05589
-0.28572 0.06955 0.10872
-0.28197 0.06960 0.11224
-0.00454 0.07746 0.06851
-0.00995 0.02067 -0.00646
-0.01017 0.02067 0.01328
0.04476 0.11490 0.10237
-0.42095 0.04721 -0.09131
-0.13682 0.04599 0.09554
-0.05846 -0.04224 -0.06236
-0.42962 -0.00668 0.10458
-0.14825 -0.07459 -0.01062
-0.15563 -0.07455 0.00632
-0.10555 -0.07483 0.00130
-0.13833 -0.07465 -0.02389
-0.09563 -0.07488 0.03405
-0.09687 -0.07488 0.05399
-0.08849 -0.07492 0.05220
-0.07567 -0.07500 0.02047
-0.14778 -0.07460 0.03909
-0.08303 -0.07495 0.04955
-0.11858 -0.07476 0.00849
-0.08998 -0.07492 0.00998
-0.12523 -0.07472 -0.01734
-0.07901 -0.07498 0.04676
-0.13242 -0.07468 -0.00212
-0.14047 -0.07464 -0.02909
-0.11961 -0.07475 0.02728
-0.14872 -0.07459 -0.00323
-0.15316 -0.07457 0.03466
-0.13641 -0.07466 0.00513
-0.11508 -0.07478 -0.00968
-0.10143 -0.07485 0.05095
-0.15159 -0.07458 0.04525
-0.13522 -0.07467 -0.03379
-0.14816 -0.07459 0.05076
-0.09296 -0.07490 0.01625
-0.08210 -0.07496 0.01316
-0.13726 -0.07466 0.02655
-0.05753 -0.07510 0.04268
-0.12300 -0.07473 0.01592
-0.05757 -0.07509 0.05031
-0.12653 -0.04647 0.04825
-0.43572 0.03093 0.01115
-0.43732 0.02477 0.06661
-0.43478 0.03460 0.04931
-0.43477 0.03462 0.02963
-0.43598 0.02994 0.00079
-0.43774 0.02315 0.03241
0.43995 -0.03640 -0.13345
0.42924 -0.00695 -0.11315
0.42766 -0.00435 -0.11765
0.15278 0.03843 0.01138
0.02458 -0.04385 0.06322
-0.00102 -0.01038 0.04629
-0.04150 -0.05934 -0.09205
0.11225 0.01182 -0.00895
0.20017 -0.05066 0.08968
0.19925 -0.05182 0.07346
0.19723 -0.06659 0.06700
0.19815 -0.06037 0.07119
0.20256 -0.04805 0.13222
0.19955 -0.05786 0.09380
-0.10913 -0.01764 -0.04817
0.05683 -0.00797 0.01025
0.33140 -0.00823 -0.14591
0.33393 -0.01413 -0.12397
0.33191 -0.00991 -0.13545
0.33822 -0.01997 -0.13904
0.33606 -0.02137 -0.07709
-0.11255 -0.00207 0.02996
-0.10752 -0.04358 0.06280
-0.22024 0.07872 0.13675
-0.42447 0.02851 0.14313
0.35811 0.03472 -0.12674
0.08658 -0.01676 0.03295
0.15711 -0.06600 0.14569
0.14307 -0.06759 0.14486
0.12818 -0.06422 0.14642
0.08111 -0.05852 0.14897
0.18467 -0.05102 0.15303
0.12439 -0.07024 0.14350
0.13813 -0.05854 0.14920
0.06616 -0.06058 0.14791
0.09919 -0.06132 0.14769
0.07458 -0.06940 0.14369
0.18619 -0.07098 0.14341
0.08757 -0.06320 0.14674
0.08094 -0.06357 0.14653
-0.16520 0.12794 -0.00649
0.02185 -0.01351 -0.06420
-0.14814 0.12772 0.07275
-0.14148 0.13003 0.01941
-0.15759 -0.07266 -0.01798
-0.15767 -0.06977 0.01621
-0.11250 -0.00257 0.01094
0.02835 -0.03272 -0.09858
0.14114 0.01210 -0.04070
-0.37395 -0.01044 -0.15826
-0.34403 -0.01481 -0.15880
-0.39126 -0.01393 -0.15741
-0.38026 -0.00518 -0.15854
-0.36864 -0.00847 -0.15861
-0.40661 -0.01254 -0.15706
-0.34935 -0.01924 -0.15824
0.09608 -0.00565 -0.00952
-0.41722 -0.01725 -0.15011
-0.42388 0.04894 0.05999
-0.42500 0.04685 0.00752
-0.42598 0.04503 -0.00609
-0.42640 0.04424 -0.02954
-0.41563 -0.06153 0.05283
-0.42001 -0.06025 -0.00296
-0.42078 -0.06002 0.01707
-0.42584 -0.05854 0.01038
-0.42619 -0.05844 -0.02609
0.42242 -0.01378 -0.14212
-0.00942 -0.00290 0.16350
0.08628 -0.01086 0.16286
0.10735 -0.00809 0.16313
0.02603 -0.01017 0.16288
0.01792 -0.01701 0.16225
0.04594 -0.01131 0.16279
0.07667 -0.00536 0.16335
0.05573 -0.00648 0.16323
-0.01116 -0.00719 0.16312
0.01604 -0.00287 0.16353
0.13956 -0.00628 0.16332
0.05881 0.11502 -0.04135
0.05355 0.11684 -0.02667
-0.26806 0.07497 -0.13202
0.01814 -0.01012 0.00288
-0.44386 -0.04478 -0.03502
-0.44381 -0.05170 0.05439
-0.10777 -0.05235 0.08289
-0.02977 -0.00888 0.02902
-0.36897 -0.06771 0.12262
0.02486 -0.07231 0.13508
-0.02345 -0.07162 0.13654
0.10897 -0.07226 0.13968
0.04658 -0.07207 0.13760
-0.13162 0.04548 -0.08623
0.02360 -0.04643 -0.07571
0.29093 -0.00962 0.15738
0.02060 -0.04978 -0.10987
-0.12223 0.03873 0.11031
-0.13884 0.05016 -0.08377
-0.30385 -0.07140 -0.12090
-0.01570 0.02037 0.00637
-0.43157 0.03839 -0.06559
0.08559 0.10387 -0.09637
0.00082 0.03440 0.04247
-0.18694 -0.03483 -0.15782
0.23667 0.00360 -0.11183
0.23334 0.00175 -0.12472
-0.01857 -0.00863 0.00457
0.09083 0.10286 -0.05573
0.09877 0.09743 -0.09425
0.10059 0.09672 -0.08777
0.08531 0.10482 -0.08126
0.09207 0.10177 -0.06865
0.10447 0.09494 -0.08126
-0.12567 -0.05308 -0.08610
-0.12350 -0.06006 -0.01941
-0.12582 -0.05342 -0.00483
0.09681 -0.04974 -0.08536
-0.13710 0.03185 -0.03810
-0.21690 0.10689 0.11755
0.42548 -0.06438 -0.08280
0.42229 -0.06388 -0.10627
-0.06057 -0.00149 0.01565
-0.22614 0.11145 0.03866
0.28948 -0.12957 0.14477
0.20274 -0.05416 -0.15024
0.20027 -0.05201 -0.09477
0.20231 -0.04730 -0.12532
0.20057 -0.05524 -0.10846
0.31439 -0.11587 0.15938
-0.11519 0.01595 -0.03666
0.12290 0.02352 -0.01092
0.43620 -0.01371 -0.05031
0.43668 -0.01791 -0.05335
0.43598 -0.01175 -0.05814
-0.12639 -0.04781 0.04378
0.02207 -0.06048 -0.04587
-0.41809 -0.05663 -0.12394
-0.11285 -0.00047 -0.00540
0.36342 0.03492 0.07873
0.33144 0.03952 0.11206
0.32491 0.04050 0.11686
0.33860 0.03854 0.10225
0.35808 0.03516 0.11294
0.35525 0.03593 0.09639
0.33993 0.03816 0.11063
0.12757 -0.01615 0.02388
0.38729 -0.07442 0.01349
0.38566 -0.07453 -0.02159
0.01483 0.05078 -0.08710
0.32064 -0.04051 -0.15181
-0.06566 -0.02905 0.14967
-0.04761 -0.03344 0.14967
-0.01151 -0.03062 0.14967
-0.16205 -0.02429 0.16124
0.02346 -0.02144 -0.06321
0.38188 0.02893 -0.13755
-0.05707 -0.05966 -0.09836
0.20321 0.02772 0.15819
0.20076 0.01932 0.16059
-0.42849 -0.00253 0.10651
-0.43301 -0.00592 0.07186
-0.42741 -0.00668 0.11467
0.08522 0.09921 0.11694
0.07858 0.09169 0.12323
0.09208 0.09352 0.12142
0.02962 0.09543 0.12129
0.08043 0.09889 0.11731
0.02426 0.09327 0.12317
0.06616 -0.04347 -0.08402
0.40603 -0.06964 0.09661
-0.18464 0.00391 -0.16343
-0.25662 -0.01103 0.14570
-0.06789 -0.04012 0.10040
0.29135 0.02847 -0.15298
-0.13176 -0.01820 0.11785
-0.35606 0.06603 -0.09828
-0.37560 0.06429 -0.09520
-0.36395 0.06541 -0.09299
-0.37222 0.06500 -0.07557
0.11329 0.08700 0.12236
-0.17653 -0.06538 -0.15457
-0.12471 0.03960 0.09525
0.22028 0.02813 0.15715
0.20801 0.03186 0.15670
-0.06956 -0.05995 -0.10608
-0.19870 -0.01639 0.15373
-0.11464 0.01078 -0.01019
-0.11589 -0.01138 -0.16283
-0.13117 -0.01593 -0.16244
-0.06220 -0.00178 -0.16364
-0.09655 -0.00341 -0.16353
-0.12776 -0.00559 -0.16337
-0.13505 -0.01227 -0.16278
-0.35709 -0.06443 -0.13881
0.02085 0.01626 0.04555
-0.07815 -0.04434 0.04072
-0.10771 -0.02927 0.01225
0.35112 0.02138 0.15167
0.00619 -0.05539 -0.07076
-0.35706 0.01115 -0.15882
-0.39335 0.02055 -0.15690
-0.32520 0.01899 -0.15905
-0.32856 0.01219 -0.15957
-0.33313 0.01409 -0.15926
-0.26187 0.02006 -0.16082
-0.31232 0.01305 -0.15997
-0.29893 0.01657 -0.16004
-0.33835 0.01494 -0.15903
0.14199 0.00091 0.01250
0.37970 0.03203 -0.05972
0.39596 0.02864 -0.05968
0.39231 0.02907 -0.07421
0.38931 0.02997 -0.06246
0.39274 0.02850 -0.09523
-0.08292 -0.06004 -0.09167
-0.02835 0.03378 0.14810
-0.08843 -0.06014 -0.05737
-0.10122 -0.06034 -0.03269
-0.07710 -0.05995 -0.06609
-0.06506 -0.05975 -0.07209
-0.04514 -0.05943 -0.07545
-0.10619 -0.06043 -0.05233
-0.09192 -0.06019 -0.04848
-0.09412 -0.06023 -0.05459
0.02091 0.02378 -0.10414
0.09790 -0.05151 -0.10823
-0.18531 -0.10146 -0.15452
0.04500 0.00347 -0.01349
0.30565 -0.12251 0.16002
0.41370 -0.04250 -0.14520
-0.12589 -0.05672 0.11772
0.04792 -0.04432 0.04339
0.00567 -0.04999 -0.05155
-0.41067 0.05254 0.13064
0.28157 0.04614 0.08970
0.27700 0.04625 0.11586
0.27036 0.04692 0.11452
0.25065 0.04878 0.11905
0.26333 0.04787 0.09310
0.28086 0.04598 0.10779
-0.08819 -0.04476 -0.02359
-0.10515 0.13004 0.06340
-0.09863 0.13049 0.05426
-0.10666 0.12987 0.06780
-0.01053 0.00049 -0.15243
0.05428 0.11273 0.10262
-0.22306 0.04404 0.15460
-0.23728 0.05542 0.14883
0.34915 -0.06808 0.12561
0.01941 0.00976 0.10349
0.08182 -0.05957 0.04443
-0.07563 -0.04211 0.14667
-0.33564 0.06691 0.12605
-0.21075 -0.12863 0.15458
-0.21096 -0.12852 0.13685
-0.03883 -0.04553 0.06263
0.21310 -0.01445 0.08009
0.21459 -0.01142 0.07150
0.21717 -0.00709 0.06800
0.20924 -0.01960 0.06775
-0.10898 -0.02064 -0.02618
-0.07768 0.03311 0.15713
0.07369 -0.04102 0.01046
0.22030 -0.03381 0.15997
-0.03591 -0.05330 -0.00822
-0.03591 -0.04053 0.00104
-0.10673 -0.03741 0.06590
0.01620 0.02743 -0.09250
-0.38392 0.06207 -0.12874
-0.06966 -0.04374 -0.03969
0.23675 -0.12565 -0.15501
0.09804 -0.05131 -0.05316
-0.17550 0.12504 0.05580
-0.17394 0.12483 0.06820
-0.11886 0.06364 -0.04725
0.27801 0.04601 -0.12394
0.02613 -0.00924 0.11350
0.32569 0.02454 -0.15220
0.40737 -0.07198 -0.03178
0.40778 -0.07188 -0.04168
0.41080 -0.07109 0.03509
-0.35528 0.06265 -0.13796
0.36500 -0.07165 0.12673
0.16183 0.04422 0.06084
-0.28600 -0.11118 -0.14824
-0.28261 -0.11453 -0.14705
0.08279 -0.05962 -0.09046
-0.32856 -0.07025 0.12992
-0.30073 -0.08164 -0.14891
-0.30076 -0.08047 -0.14080
0.14178 0.01438 0.03119
-0.26543 -0.01228 -0.14990
-0.42397 0.03933 -0.13434
-0.14787 -0.03822 -0.15741
-0.15205 -0.02395 -0.16133
-0.14960 -0.03150 -0.15925
-0.03950 -0.02451 -0.16116
-0.10340 -0.02805 -0.16020
-0.04738 -0.02283 -0.16162
-0.12928 -0.03010 -0.15964
0.09201 -0.01242 0.00101
0.00723 -0.04377 0.06566
0.45026 -0.02946 -0.04483
0.44406 -0.02940 -0.05514
0.45200 -0.02947 -0.03674
-0.12081 0.09767 0.12267
-0.07479 0.08714 0.12939
-0.13850 0.09793 0.12279
-0.08360 0.09141 0.12649
-0.15995 0.10185 0.12036
-0.08318 0.09674 0.12269
0.22112 0.05073 -0.13707
-0.30687 -0.06803 0.02369
-0.30684 -0.07161 -0.00362
0.35861 0.03338 0.13862
0.01263 -0.04352 0.09880
0.01505 0.03083 0.09216
0.36443 -0.07225 -0.12002
0.21965 -0.10393 0.16090
0.01529 0.02893 0.08398
0.03491 0.11951 -0.07963
0.11776 -0.02579 0.01250
-0.15573 -0.06554 0.10096
-0.15738 -0.06652 0.06492
-0.13572 0.03521 0.08412
0.03443 -0.02015 -0.02132
-0.12049 0.12937 -0.07385
-0.12356 0.13047 -0.03507
-0.42739 -0.02020 -0.14949
-0.18682 0.12311 -0.05947
-0.18730 0.12333 -0.05137
-0.08790 -0.04478 0.01738
-0.12603 0.06933 0.05518
-0.05064 -0.05966 0.01672
-0.05387 -0.05971 0.01219
-0.06765 -0.05990 0.01024
0.01150 0.07041 0.05562
0.41435 -0.00189 -0.14992
0.33224 -0.05183 0.15707
-0.28406 -0.10464 0.16020
-0.42953 0.02206 0.11387
0.01721 0.01516 -0.05958
-0.11031 -0.01451 -0.01137
0.05908 -0.05998 0.07750
0.09509 -0.05545 -0.10887
-0.11024 0.00698 0.08810
-0.24701 0.09917 -0.04964
-0.24163 0.10107 -0.07144
0.05062 0.07899 -0.13304
0.10092 0.07397 -0.13575
0.06758 0.07610 -0.13481
-0.02050 0.08000 -0.13355
0.08732 0.07551 -0.13489
-0.02701 0.08096 -0.13297
-0.02978 0.08802 -0.12799
0.07781 -0.01242 0.00943
0.43866 -0.05849 0.07706
-0.13650 0.04579 0.08040
-0.23698 -0.00678 -0.15709
-0.11095 -0.05372 0.11711
0.28371 -0.00958 -0.15107
-0.11359 -0.05816 -0.02959
-0.19207 -0.02792 -0.15331
-0.10308 -0.06041 -0.00765
-0.09205 -0.06025 -0.01904
-0.11553 -0.06059 0.00003
-0.10856 -0.06049 -0.00561
0.00610 0.01404 -0.02135
0.20011 -0.07521 -0.12007
0.19997 -0.07066 -0.12044
-0.36335 0.05546 -0.14557
0.21606 0.01931 -0.15999
0.20060 0.02707 -0.15847
0.36694 -0.07442 0.04476
0.36359 -0.07439 0.02629
0.36305 -0.07438 -0.01868
0.36917 -0.07444 -0.00939
0.36147 -0.07437 0.03646
0.36845 -0.07443 0.00846
-0.13717 0.04601 0.07236
0.14623 0.02198 -0.05645
-0.11511 -0.05908 -0.04599
-0.43171 0.02172 -0.09014
-0.11164 -0.01106 0.11795
-0.00473 0.03272 -0.10535
-0.33421 -0.07232 -0.08198
-0.34242 -0.07118 -0.10691
-0.33643 -0.07170 -0.09829
-0.10883 -0.05577 -0.07714
0.19639 0.03857 0.15405
-0.12459 0.04804 0.10554
-0.11306 0.00535 0.11707
-0.03495 0.02719 0.14993
-0.43277 0.00763 -0.07254
-0.43131 0.01923 -0.08193
0.02294 -0.01915 -0.06911
-0.18581 0.12248 0.08094
-0.18741 0.12391 0.03534
-0.13470 0.07807 0.06582
-0.13731 0.03048 0.05689
-0.07175 0.13194 0.01019
-0.08911 0.13133 0.03411
-0.08657 0.13095 0.04648
-0.10094 -0.06036 0.03913
-0.05805 -0.05970 0.06703
0.43400 -0.00405 0.06592
0.43062 -0.00256 0.08835
-0.11858 -0.06063 0.07949
-0.11369 -0.06055 0.07827
-0.09756 -0.06028 0.08780
-0.17709 -0.05848 -0.14969
-0.34942 0.05494 -0.14640
-0.10824 -0.04394 -0.00216
-0.11684 0.03050 -0.04693
-0.40553 -0.06427 -0.00221
-0.40531 -0.06432 -0.01971
-0.40353 -0.06472 0.02528
-0.40627 -0.06410 0.03895
-0.02224 -0.00863 0.00949
0.04013 -0.06025 0.11714
0.16774 0.03361 -0.10506
0.32394 -0.09339 -0.13805
-0.07243 -0.05989 -0.05170
-0.06735 -0.05987 -0.05062
0.09501 -0.01043 0.02597
0.01349 0.04773 0.06605
-0.11816 0.07147 0.05691
-0.42454 0.02800 -0.00810
-0.08543 -0.07274 0.12446
-0.09540 -0.07262 0.12518
-0.09994 -0.07247 0.12669
-0.24932 0.08125 0.13458
-0.06996 -0.04391 -0.01947
0.04482 -0.02912 0.03274
0.04213 -0.06016 0.06290
0.03092 -0.06034 0.05882
0.05771 -0.05990 0.05875
0.06287 -0.05991 -0.05857
0.08012 -0.05966 -0.05303
-0.02476 -0.03054 0.14585
-0.15605 0.12798 -0.04270
-0.15666 0.12725 -0.06208
-0.41312 -0.04426 -0.14622
-0.11450 0.01375 0.06026
0.01496 -0.04358 -0.15589
0.07340 -0.04453 -0.15569
-0.00321 -0.04540 -0.15495
-0.00655 -0.05117 -0.15220
-0.02249 -0.04456 -0.15526
-0.00588 0.04802 0.10542
-0.23105 0.04333 0.15498
-0.11221 -0.05594 -0.10677
-0.06392 -0.04323 0.04995
-0.06255 0.12633 0.09623
0.02550 -0.03536 0.09915
0.14047 0.00885 0.01582
0.10174 -0.05046 -0.10053
-0.10710 -0.00859 0.10965
-0.10207 0.12660 -0.09735
-0.40621 -0.06158 -0.10038
-0.40957 -0.06222 -0.07349
-0.27073 0.07773 0.11605
0.19183 0.05281 0.14044
-0.21145 -0.07623 0.16054
-0.25438 -0.09895 0.16205
-0.19454 -0.05721 0.15994
-0.20178 -0.09624 0.16020
-0.20000 -0.08869 0.16013
-0.22143 -0.07148 0.16089
-0.24500 -0.08322 0.16172
-0.21695 -0.11192 0.16073
-0.23092 -0.09911 0.16122
-0.21629 -0.07128 0.16071
-0.20568 -0.06867 0.16033
-0.20228 -0.05427 0.16021
-0.23689 -0.08832 0.16143
-0.19514 -0.04467 0.15996
-0.18246 0.12545 0.00266
0.15669 0.03684 0.06115
0.10816 -0.03249 0.00032
0.08020 -0.04145 -0.09588
-0.06486 -0.02192 0.01456
-0.06486 -0.03792 0.02223
-0.06486 -0.03098 0.02241
-0.06486 -0.03024 -0.00277
-0.20058 0.11644 0.10219
0.08358 -0.05963 0.08541
0.02100 -0.04410 -0.05396
-0.06357 -0.05984 -0.02685
-0.07732 -0.06004 -0.01457
-0.04522 -0.05958 -0.02718
0.17951 0.04421 0.15082
-0.29009 0.06860 -0.13305
0.07929 -0.04952 0.04195
-0.03495 -0.04987 0.02826
0.42282 -0.01753 0.14180
-0.42855 0.04046 -0.10137
-0.43209 0.03832 -0.07894
-0.42663 0.04070 -0.11561
-0.43066 0.04096 -0.08398
0.23541 0.00364 0.08459
0.23414 0.00267 0.10068
0.23385 0.00227 0.11233
0.22814 -0.00011 0.10032
0.23147 0.00197 0.07751
-0.04568 -0.04300 0.04039
-0.11809 0.06067 0.14596
-0.08369 0.06056 0.14576
-0.06105 0.05329 0.14946
-0.12335 0.05909 0.14684
-0.10692 0.06236 0.14498
-0.14885 0.05627 0.14852
-0.04588 0.05824 0.14672
-0.06303 0.05818 0.14688
-0.13050 -0.03471 0.11645
-0.14159 0.05000 0.09612
0.37277 -0.07195 -0.12377
0.16052 0.03974 0.07976
-0.10914 -0.01938 0.04496
0.05643 0.11636 0.00436
0.05438 0.11692 0.01085
-0.20402 0.11887 0.06278
-0.20293 0.11864 0.07544
-0.20448 0.11787 0.08057
-0.12475 0.07798 0.07064
-0.05964 -0.00820 -0.02052
0.05464 -0.04111 0.10937
0.18961 -0.04983 -0.15356
0.42192 -0.06335 0.11462
0.42372 -0.06331 0.10528
-0.10753 -0.03700 -0.01616
-0.02065 0.01137 0.14638
-0.18853 0.12441 0.01384
0.37845 -0.07296 -0.10438
0.37775 -0.07392 -0.07173
0.38156 -0.07430 -0.05974
0.36898 -0.07356 -0.08176
0.19998 -0.07163 0.12004
0.19780 -0.06836 0.08125
-0.10457 -0.06040 -0.06755
0.11190 0.00235 -0.02125
-0.12707 -0.05844 -0.05498
0.43729 -0.02329 -0.01001
0.07237 0.10983 -0.07686
0.07100 0.11056 -0.06710
0.24134 -0.12411 0.15863
-0.17318 0.12294 -0.09436
-0.30426 -0.05289 0.08813
-0.30341 -0.04367 0.08149
-0.30437 -0.05045 0.07948
-0.30561 -0.05908 0.07658
0.42521 0.00976 -0.02084
0.42441 0.01043 0.01893
0.42689 0.00835 0.04388
-0.26735 0.06678 -0.14228
-0.25641 0.06665 -0.14263
0.14958 0.02948 0.05789
0.09573 -0.00909 0.00549
-0.03591 -0.02820 0.00827
-0.03591 -0.04191 0.00816
0.16508 0.04247 -0.02640
0.05098 -0.04245 0.10658
-0.16472 -0.02296 0.13228
-0.16845 -0.02192 0.06982
-0.17224 -0.01631 0.07025
-0.16914 -0.01823 0.10725
-0.17200 -0.01599 0.07961
0.40470 0.01718 -0.13712
0.00013 0.12597 0.03033
-0.00026 0.12631 0.02009
-0.00622 0.12721 0.01845
-0.10693 -0.05457 0.10138
-0.00012 0.03748 0.07221
-0.23650 0.10465 -0.06294
-0.23619 0.10373 -0.08118
0.41785 -0.05700 -0.13597
-0.28591 0.05923 -0.14590
0.07853 -0.03914 -0.10662
-0.05879 -0.02140 -0.02133
-0.12485 -0.05826 -0.03236
-0.02174 0.12859 0.02970
-0.01868 0.12799 0.03939
-0.01965 0.12892 0.00968
0.12748 0.03432 -0.15631
-0.01961 -0.07147 -0.13758
0.04597 -0.07246 -0.13533
-0.01071 -0.07115 -0.13987
0.17165 -0.07409 -0.13246
0.00442 -0.07222 -0.13459
0.06411 -0.04324 0.10189
0.25291 0.03239 0.15397
0.24403 0.03678 0.15075
-0.10770 -0.04108 -0.02930
-0.37559 0.06151 0.13721
0.33071 0.04053 -0.06454
0.36573 0.03478 -0.06632
0.34620 0.03808 -0.06047
0.35728 0.03622 -0.06294
0.36124 0.03502 -0.09288
0.34299 0.03845 -0.06835
0.35566 0.03613 -0.08192
-0.13212 0.03763 -0.02159
0.20497 -0.05065 -0.15393
0.05150 -0.04453 -0.07967
-0.06434 0.13008 -0.06823
-0.05181 0.12960 -0.06864
0.02918 -0.04137 -0.04188
-0.13950 0.06953 -0.06614
0.05502 -0.01024 0.03175
-0.10577 -0.03469 -0.06403
0.44954 -0.04488 -0.00149
0.45181 -0.03613 -0.05642
0.44824 -0.04991 0.02257
0.45063 -0.04066 -0.05829
0.44849 -0.04895 -0.02120
0.45000 -0.04311 -0.02818
0.44987 -0.04362 0.00467
-0.03422 -0.05487 0.00872
0.39143 0.02182 0.14453
0.34610 -0.07263 -0.05793
-0.23055 0.10553 -0.09865
0.34386 0.03854 0.00659
0.35916 0.03604 0.01404
0.35409 0.03687 0.01065
0.36653 0.03484 0.05383
0.35664 0.03645 0.03691
0.35139 0.03731 0.04658
0.34986 0.03756 0.00189
0.35048 0.03746 0.01662
0.36469 0.03514 -0.01749
0.35796 0.03624 -0.00076
0.33812 0.03948 0.02498
0.35286 0.03707 0.02052
0.01033 -0.04186 0.10609
-0.28182 -0.00851 -0.15370
-0.28689 -0.01605 -0.15824
-0.06587 -0.04094 -0.07461
0.42850 -0.01971 0.12912
0.43293 -0.01355 0.08973
0.43064 -0.01083 0.10546
-0.02851 0.12724 0.08272
-0.20858 -0.01480 -0.15574
-0.26160 -0.12489 0.15277
-0.26633 -0.12206 0.15764
-0.01981 0.03049 0.14653
0.38191 -0.07446 0.05431
0.36614 -0.07346 0.08427
0.36828 -0.07368 0.07745
0.37317 -0.07370 0.07788
-0.25406 0.08762 0.12170
-0.00871 0.07383 -0.05575
0.30229 0.04429 0.02877
0.31456 0.04292 0.00908
0.31469 0.04291 -0.01522
0.31515 0.04286 -0.02211
0.30511 0.04398 0.04612
0.32136 0.04216 -0.00163
0.29713 0.04487 0.03527
0.32113 0.04219 0.03450
0.31818 0.04252 -0.02617
-0.11029 0.00496 0.11254
0.01923 0.02746 0.11581
0.09322 -0.07582 -0.07338
0.00107 -0.07472 -0.08239
0.05587 -0.07587 -0.06008
0.11465 -0.07642 -0.05955
0.01022 -0.07507 -0.07350
-0.02351 -0.07356 -0.11459
0.01496 -0.07457 -0.09176
-0.02220 -0.07448 -0.08346
0.01141 -0.07469 -0.08679
-0.01756 -0.07531 -0.05658
0.04440 -0.07522 -0.07876
-0.01315 -0.07478 -0.07612
0.02958 -0.07493 -0.08428
0.06384 -0.07551 -0.07474
-0.01685 -0.07392 -0.10440
-0.00077 -0.07535 -0.06057
0.06661 -0.07538 -0.08025
0.13977 -0.07653 -0.06344
0.10706 -0.07607 -0.06912
0.01737 -0.07550 -0.06100
-0.01649 -0.07352 -0.11801
0.14447 -0.07659 -0.06291
0.08079 -0.07548 -0.08096
0.01666 -0.07531 -0.06713
-0.02486 -0.07337 -0.12056
0.02523 -0.07569 -0.05708
0.03889 -0.07572 -0.06023
0.03039 -0.07478 -0.08955
0.05883 -0.07498 -0.09138
0.02007 -0.07463 -0.09135
-0.02140 -0.07485 -0.07118
-0.00148 -0.07417 -0.10062
-0.11708 0.06716 -0.07729
-0.30866 0.05649 0.14696
-0.03821 -0.05417 0.11394
-0.27499 0.05964 0.14590
-0.11556 0.02237 -0.05412
-0.19529 0.00122 0.14127
-0.20230 0.00252 0.09900
-0.19734 0.00099 0.07860
-0.19620 0.00075 0.08371
-0.05187 -0.04255 0.11403
0.09101 -0.03925 0.01066
0.26536 0.04691 0.13309
-0.30599 0.05088 -0.15056
-0.08114 -0.04279 0.10971
0.01985 -0.04434 -0.07790
-0.40967 0.02240 -0.15613
-0.33738 0.02354 -0.15782
-0.39871 0.02630 -0.15535
-0.36386 0.02807 -0.15584
-0.35664 0.03399 -0.15441
-0.28216 0.02483 -0.15900
-0.34239 0.02472 -0.15736
-0.28857 0.02647 -0.15837
0.31916 0.02034 -0.15412
0.43637 -0.01513 0.01839
0.43654 -0.01666 0.04363
0.43588 -0.01086 0.06102
0.02643 0.01846 -0.00413
0.01274 0.03490 0.09447
0.07268 0.10711 0.10656
-0.12545 0.03951 0.08853
0.00802 0.07297 -0.04698
0.07940 -0.04118 0.11715
0.17796 -0.04747 0.15474
0.17959 -0.05249 0.15237
0.09270 -0.04822 0.15402
0.15174 -0.04451 0.15603
0.12751 -0.04474 0.15582
0.17116 -0.05291 0.15213
-0.28017 -0.00434 0.06732
-0.27938 -0.00431 0.08154
-0.26483 0.00097 0.12077
-0.26712 0.00044 0.10033
-0.11572 0.01850 0.02587
0.42523 0.00504 0.09738
-0.12864 -0.05587 -0.09267
0.43241 -0.02115 -0.09976
0.43366 -0.01554 -0.08560
0.43409 -0.01327 -0.08050
-0.03500 0.12594 0.09478
-0.03247 -0.05693 -0.07727
-0.03556 0.02954 -0.15256
0.23419 0.04952 0.13859
-0.12993 0.03826 0.02720
-0.03927 -0.05932 0.07269
-0.11702 0.03098 0.05568
0.00210 0.03820 -0.08607
0.05814 -0.04410 0.09189
-0.27285 0.07565 -0.11772
0.35597 0.03459 -0.13403
0.02166 -0.05464 0.11745
-0.09152 0.12800 -0.09124
0.10065 -0.04772 -0.04413
0.20447 -0.08640 -0.15391
-0.09080 -0.04482 -0.01360
-0.40048 0.05793 -0.13561
-0.26160 0.04754 0.15291
0.00682 0.05388 -0.09749
-0.23202 0.10891 0.01361
-0.23224 0.10879 -0.00663
-0.25658 0.09376 -0.04028
-0.15918 0.12547 0.08811
-0.43895 -0.02741 0.13298
-0.34472 0.06741 -0.07817
-0.34122 0.06708 -0.10991
-0.33776 0.06743 -0.10162
-0.33300 0.06771 -0.10210
-0.32243 0.06835 -0.10177
-0.25457 0.04590 -0.15385
-0.12246 0.04535 0.15363
-0.18236 0.04891 0.15221
-0.07390 0.03968 0.15612
-0.13821 0.04098 0.15577
-0.20027 0.04218 0.15547
-0.21964 0.04140 0.15593
-0.12685 0.04096 0.15574
-0.09954 0.04022 0.15597
-0.08091 0.04088 0.15558
-0.12326 0.03750 -0.03171
0.32771 -0.06894 -0.15056
-0.11471 0.02099 0.11598
-0.09737 -0.04482 0.02194
-0.28507 0.07069 -0.03267
-0.28255 0.07301 -0.05238
-0.28452 0.07120 -0.04144
0.01435 0.03361 -0.09299
0.04674 -0.04468 -0.06290
0.35365 -0.07395 0.06408
0.35180 -0.07307 0.09335
0.15379 0.03417 -0.02975
-0.32407 0.05729 -0.14596
0.01401 0.00836 0.04233
