-0.35703 -0.05402 0.14091
-0.34056 0.01612 -0.12244
-0.33241 -0.06544 0.13866
-0.01757 -0.00742 -0.12395
-0.31796 0.13744 0.03172
-0.17493 0.13818 -0.11462
-0.00425 -0.08879 0.12120
-0.00920 -0.00672 -0.16558
-0.13119 -0.04497 0.14437
0.07847 0.13715 0.10867
-0.41953 0.16826 0.00349
-0.14395 -0.01626 -0.02774
-0.25871 -0.03770 0.08032
0.02551 -0.03578 0.17080
-0.04513 0.13649 0.09121
-0.04900 0.01053 0.11327
-0.29663 -0.06419 -0.15665
-0.09251 0.13604 0.09470
0.13089 0.03119 0.05292
0.19748 -0.10220 -0.17028
0.26898 -0.04578 -0.16420
-0.28012 0.02785 0.14661
0.29744 -0.03850 0.17017
-0.29894 -0.07944 -0.02361
0.27906 0.02103 -0.06472
-0.17743 0.13404 -0.11220
0.39036 -0.14295 -0.10714
0.41827 -0.15769 0.06439
-0.02247 0.14236 -0.04117
-0.29539 0.02411 0.04824
0.10734 -0.07440 -0.02993
0.14548 0.09515 0.12330
-0.03924 0.03212 -0.04164
0.10934 0.00271 0.06186
0.36770 -0.16734 -0.15923
-0.24671 0.12603 0.12967
-0.36736 -0.10735 -0.03335
0.10374 0.11141 0.13104
0.25714 0.01819 0.12862
-0.35812 -0.02353 -0.11929
-0.10743 0.09005 -0.14177
0.38474 -0.12144 0.07294
-0.00217 0.06816 0.14648
-0.18548 -0.12837 0.12501
-0.19366 -0.09984 -0.11971
-0.02154 0.03625 0.15241
0.33769 -0.08412 0.17149
-0.19642 -0.09161 -0.17765
-0.20082 0.05931 0.14756
-0.25961 -0.12480 0.15228
-0.29894 -0.07963 0.02724
-0.31108 -0.13229 0.11444
0.01431 -0.00357 -0.14139
-0.01493 0.01586 -0.14219
0.01927 -0.05661 -0.12885
0.30816 -0.15705 -0.16400
-0.35056 -0.01618 0.00126
-0.35059 -0.03196 0.00090
0.06120 0.13322 0.12883
-0.23240 -0.02906 0.14289
0.41796 -0.06715 -0.02216
-0.37136 -0.08474 0.00650
-0.32000 -0.15599 -0.16483
0.18122 -0.10011 0.14996
-0.03110 0.12516 0.13115
0.21858 -0.14372 -0.15992
-0.08692 0.05540 -0.01120
-0.17898 0.14345 -0.00535
-0.25332 -0.08289 -0.12108
0.09344 0.00824 0.03221
-0.01163 -0.01160 0.02062
0.01687 -0.05157 -0.17130
-0.09075 -0.07977 -0.14472
-0.07571 -0.07364 -0.14460
-0.24379 -0.04646 0.14178
0.29690 0.01554 0.06957
-0.03878 0.07612 -0.14595
0.23826 0.03042 -0.07763
-0.24386 -0.11267 -0.16436
0.24387 -0.05209 -0.15695
0.04119 0.02581 -0.14906
-0.23711 -0.00255 -0.14050
0.29436 0.01288 0.14479
-0.29861 -0.16432 -0.09673
-0.40455 0.16945 -0.07145
-0.40369 0.16919 -0.07824
-0.41051 0.17121 -0.12058
-0.18138 0.14355 -0.03716
0.04363 0.11610 -0.13653
0.15664 -0.04550 -0.02300
0.18004 -0.05448 -0.02500
0.14872 -0.01013 0.06868
0.21721 -0.13546 -0.15674
-0.30755 -0.10104 -0.16790
0.23864 0.02001 0.12226
-0.17663 -0.03358 0.05326
0.27742 -0.15720 0.15251
-0.03306 0.13887 -0.05343
-0.30169 0.13809 0.04886
0.12277 0.02002 0.06819
0.37263 -0.00214 -0.10116
0.34366 -0.10290 0.11606
0.37666 -0.07679 0.05542
-0.19685 -0.15205 0.12828
0.02496 0.14182 0.04256
-0.21466 -0.05250 0.14395
-0.16820 0.01115 0.00349
0.26826 0.01357 0.15207
0.19430 -0.10622 0.10154
0.02497 0.13109 0.13262
0.17127 0.01921 0.15296
0.37353 -0.11275 -0.07749
-0.27258 -0.09285 -0.12108
-0.24580 -0.09609 -0.12108
-0.10618 -0.16873 0.17262
-0.13143 0.13793 -0.06764
0.11968 -0.08250 -0.09199
-0.00112 -0.10942 -0.11555
0.08321 -0.13567 0.13567
0.10470 -0.13567 0.15347
0.07178 -0.13567 0.13757
0.13685 -0.13567 0.11291
-0.01479 -0.13567 0.14993
0.13754 -0.13567 0.13790
-0.04633 -0.13567 0.15170
0.04090 -0.13567 0.13283
0.09549 -0.13567 0.14974
0.10964 -0.13567 0.14875
-0.01250 -0.13567 0.15570
0.07427 -0.13567 0.15364
0.02840 -0.13567 0.15517
0.13454 0.02280 0.15480
0.07448 0.13495 -0.12181
0.20537 -0.07734 0.17426
0.38719 -0.12172 -0.05230
-0.18958 0.13655 0.08539
0.13246 0.12271 -0.10156
-0.25066 0.14263 0.05601
-0.04888 0.12506 0.13139
0.31477 -0.06140 0.13693
-0.30095 -0.04683 -0.05443
0.12308 -0.02843 0.17021
0.18234 -0.05330 0.16943
-0.03456 -0.16903 -0.15982
0.39060 -0.14188 -0.03074
0.17923 0.02320 -0.00982
-0.11773 -0.01693 -0.14327
-0.11579 -0.00563 -0.14346
0.22352 -0.05520 -0.17416
-0.31227 -0.12192 -0.18630
0.18354 -0.16349 0.17265
-0.31043 -0.08342 0.12009
-0.30607 -0.13585 -0.11640
-0.24951 -0.17967 0.14385
0.05449 -0.01919 0.14091
0.08342 -0.02841 0.14105
-0.21149 -0.05877 -0.12883
-0.24182 -0.12690 0.15473
0.31801 -0.07560 -0.15270
-0.20325 0.14279 -0.05928
-0.06423 0.13921 0.04358
0.40269 -0.08236 0.10036
0.22003 -0.15398 -0.11508
-0.30054 -0.05820 0.14050
-0.18762 0.01713 0.00395
-0.25656 -0.09584 -0.15039
-0.31502 -0.08534 -0.01235
-0.26036 -0.02518 0.04753
-0.02131 -0.16762 0.17268
0.21584 -0.09334 -0.15827
-0.31450 -0.00093 -0.05961
0.05178 0.01649 -0.14097
-0.34693 -0.04680 0.08439
-0.34787 -0.05989 0.07221
-0.02423 -0.01378 -0.06760
0.28239 0.02166 -0.04256
-0.33650 -0.14641 0.09854
0.38460 0.00120 0.04067
-0.19350 0.00124 -0.16685
0.12984 0.02265 0.14237
-0.32110 0.13465 0.09156
-0.28434 -0.17062 -0.12565
-0.32708 -0.09155 0.01457
0.12771 -0.00564 0.09492
0.04905 0.14151 0.03883
-0.33823 -0.02096 0.13180
-0.34071 -0.05132 0.12182
-0.28137 0.12982 0.12257
-0.20931 -0.06846 0.13764
-0.03486 0.09402 0.13261
-0.10046 0.07311 -0.01306
0.31834 -0.14934 0.11691
-0.00418 -0.09977 0.14286
-0.00408 -0.11216 0.14229
0.16956 -0.05010 0.03566
-0.17398 -0.09015 0.14474
0.21872 0.02150 -0.13919
0.23774 0.02328 -0.03628
-0.28063 0.00891 -0.03232
-0.21675 0.01898 -0.04007
0.24223 -0.00914 0.16730
-0.02831 -0.14163 -0.17196
-0.34282 -0.01967 -0.11353
-0.34160 -0.04569 -0.11855
-0.06812 0.05549 -0.07572
-0.13052 0.07050 0.14581
-0.27286 0.13637 0.08434
-0.30297 0.13689 0.07682
-0.07429 0.01793 -0.16265
-0.36569 -0.03423 -0.06233
-0.37203 -0.11555 0.03049
-0.17383 -0.01877 0.14366
-0.00668 -0.05113 0.09761
0.36712 -0.03526 0.06663
0.30939 -0.05793 -0.10434
-0.17843 0.06786 0.14443
0.00118 -0.08983 0.07297
-0.23127 -0.02456 -0.01443
-0.28976 -0.02740 -0.01187
-0.22280 -0.01266 -0.02518
-0.26909 -0.01997 -0.01858
-0.28263 -0.02496 -0.01407
-0.07286 0.10610 -0.00022
-0.32391 0.13694 -0.11489
0.30905 -0.07497 -0.10021
0.27084 -0.07447 -0.10021
0.17245 -0.05103 -0.00137
-0.31791 0.13974 -0.04349
-0.35697 0.06513 -0.05487
0.37818 -0.00819 0.08933
-0.37733 0.02662 -0.03906
0.39190 -0.12231 0.07815
-0.14214 0.14199 -0.07751
0.14644 0.11353 0.08702
-0.31222 0.13404 0.10812
0.26169 -0.05317 0.12187
0.08182 0.14007 -0.07895
0.21411 -0.09186 -0.16551
0.22503 -0.15213 -0.16479
0.31658 -0.14815 0.13903
-0.02711 0.13483 0.12825
-0.06741 0.01200 -0.05756
0.39434 -0.08120 -0.12151
0.04926 -0.04507 0.14194
0.09954 -0.04540 0.14152
-0.35560 0.08217 -0.02912
0.19241 -0.12548 0.16893
0.07336 0.13947 0.09165
-0.20610 0.13910 0.02169
-0.42049 0.16899 0.11816
0.23895 0.02118 -0.07160
-0.25445 0.13374 -0.11264
0.32992 -0.10213 -0.16943
-0.37114 -0.11815 0.10749
0.10439 -0.10192 0.01257
-0.15179 -0.10799 -0.16952
-0.24203 0.14127 -0.08295
0.14282 0.01950 -0.13517
-0.16224 0.14198 -0.07709
0.24779 -0.08178 -0.15207
0.22459 -0.06413 -0.16355
-0.29894 -0.00487 -0.08136
0.36408 -0.03389 0.00106
-0.06677 -0.13567 -0.09788
0.08517 -0.13567 0.02320
0.08088 -0.13567 0.02672
-0.11782 -0.13567 -0.13397
0.13266 -0.13567 -0.01555
0.08395 -0.13567 -0.03051
-0.09639 -0.13567 -0.14181
0.14109 -0.13567 -0.01108
0.08355 -0.13567 -0.07871
0.06548 -0.13567 -0.04881
0.05551 -0.13567 -0.02648
0.15176 -0.13567 -0.10111
0.06394 -0.13567 -0.06606
-0.04375 -0.13567 -0.09625
0.08315 -0.13567 -0.04861
-0.03326 -0.13567 -0.09287
0.15259 -0.13567 0.05443
-0.00260 -0.13567 -0.03689
-0.03532 -0.13567 -0.10319
0.01176 -0.13567 -0.07010
0.10975 -0.13567 -0.09008
0.09575 -0.13567 0.01807
-0.04184 -0.13567 -0.08633
0.15342 -0.13567 -0.05613
-0.06297 -0.13567 -0.10508
0.03340 -0.13567 -0.08717
0.10718 -0.13567 -0.00230
0.09651 -0.13567 -0.06524
0.08537 -0.13567 -0.00971
-0.12298 -0.13567 -0.14139
-0.07379 -0.13567 -0.10522
0.14758 -0.13567 0.06194
-0.14890 -0.13567 -0.14186
0.10167 -0.13567 -0.05029
0.16238 -0.13567 0.05081
-0.02333 -0.13567 -0.09530
-0.11694 -0.13567 -0.12085
-0.00270 -0.13567 -0.09080
0.09872 -0.13567 -0.04035
0.11745 -0.13567 0.00003
0.09388 -0.13567 -0.10121
0.12335 -0.13567 -0.06008
0.39607 -0.10605 -0.11491
-0.07604 0.13881 -0.10952
-0.08177 0.01869 -0.16209
-0.38438 0.13933 0.03939
-0.05627 -0.11100 -0.16925
0.32154 0.00415 -0.15899
-0.20637 0.00685 -0.01704
-0.16180 0.01965 -0.00527
0.33647 -0.08595 -0.12535
-0.26151 -0.03889 0.04940
-0.00117 -0.11567 -0.16853
-0.08255 0.13443 0.10984
0.39507 -0.13194 0.10408
-0.24305 0.13353 0.11558
-0.25455 -0.13374 0.12015
-0.22218 -0.13461 0.04253
-0.17936 -0.13575 -0.03258
-0.27144 -0.13329 0.04251
-0.24696 -0.13394 0.07651
-0.25052 -0.13385 0.08521
-0.24147 -0.13409 0.11040
-0.18219 -0.13567 0.01447
-0.18436 -0.13562 -0.04883
-0.23770 -0.13419 0.00433
-0.25490 -0.13373 0.10581
-0.19815 -0.13525 -0.04223
-0.23028 -0.13439 0.02443
-0.18924 -0.13549 -0.00396
-0.17575 -0.13585 -0.10542
-0.21600 -0.13477 -0.02300
-0.24343 -0.13404 0.06905
-0.19233 -0.13540 -0.08815
-0.18734 -0.13554 0.01374
-0.21406 -0.13482 0.02115
-0.17833 -0.13578 -0.00336
-0.19609 -0.13530 -0.05087
-0.26587 -0.13344 0.09930
-0.29191 -0.06056 0.13683
-0.25614 0.08233 0.14214
-0.22505 0.13775 0.11711
0.26804 -0.06654 -0.16881
0.32776 -0.07247 -0.14150
-0.18984 0.01939 0.01687
0.09108 -0.11873 0.14019
0.08184 -0.12396 0.14008
-0.21800 0.14371 -0.01671
-0.07810 0.13901 -0.04914
0.26186 -0.09169 0.17301
-0.36755 -0.03292 0.03176
0.38723 -0.00842 -0.04659
0.18479 -0.06528 0.03201
0.18173 -0.09510 0.04009
-0.40718 0.17020 0.12979
-0.39610 0.16692 0.13441
-0.14913 0.01809 -0.02042
0.12751 -0.03489 -0.12461
-0.37180 -0.11427 0.02365
0.10658 0.14083 -0.01079
-0.36298 -0.08195 -0.13804
-0.17121 -0.16897 -0.17289
0.38976 -0.04411 0.10749
-0.33668 -0.16277 0.09859
0.14629 0.12820 0.02161
-0.09018 0.13685 -0.08540
-0.30305 0.14299 -0.02246
-0.05374 0.14133 0.08487
-0.03477 0.14064 -0.09210
0.11507 0.13719 0.07666
-0.20481 0.10091 -0.13828
-0.18591 -0.03674 -0.02011
0.36891 -0.06889 0.15616
-0.22682 0.03853 0.14421
-0.13473 0.13569 -0.09717
0.18052 0.09027 0.01822
0.04571 -0.10688 0.02142
0.20262 0.06005 -0.05462
0.05413 -0.08292 -0.09970
-0.31840 -0.09258 0.17183
-0.38401 0.16743 0.15428
-0.36545 0.14312 0.15428
0.13138 0.13350 0.06681
-0.29894 -0.05034 -0.00441
0.07768 -0.08667 -0.01500
-0.29378 -0.06753 -0.12108
-0.06706 -0.08910 -0.17042
0.27708 -0.04642 -0.15860
0.32794 -0.09384 0.14251
-0.26370 -0.12263 0.15790
-0.24680 0.14050 -0.09218
-0.04706 0.05718 0.05573
-0.18301 -0.03117 -0.05222
-0.34648 0.06231 -0.13668
0.37831 -0.07626 -0.02274
0.33408 -0.13336 -0.16126
0.39684 -0.11609 -0.10714
0.16727 -0.12723 -0.16186
-0.04980 -0.04568 0.14366
-0.25302 0.14361 0.01496
0.12437 -0.03950 0.01699
-0.30095 -0.07554 0.01330
0.37390 -0.14195 -0.06885
-0.24740 -0.07519 0.15126
-0.06861 0.06831 -0.08833
-0.27225 0.01773 0.01299
-0.15727 -0.03540 -0.01840
0.20970 0.03143 -0.11198
0.06965 -0.15871 0.17244
-0.30815 -0.11973 0.13288
-0.14839 0.13376 0.11510
-0.13658 -0.06506 0.14478
-0.15300 -0.07303 0.14493
-0.00407 -0.10167 0.04955
0.21026 -0.11523 0.12115
-0.21705 -0.05259 0.17502
0.19545 0.05371 -0.09895
0.09292 -0.07380 0.09818
-0.35038 0.05372 0.12158
0.34546 -0.10825 -0.13621
-0.19905 -0.04940 0.17133
-0.08739 0.01790 -0.14360
-0.37014 -0.09208 -0.02271
0.34378 -0.10326 0.15904
-0.36159 0.14868 0.10881
-0.20147 0.02401 -0.05289
-0.08174 0.07056 0.02893
-0.21665 0.00022 -0.08742
-0.22406 0.03685 0.15065
0.24697 -0.05089 0.10145
0.06812 -0.14120 0.17198
-0.36128 0.14830 -0.11786
0.13695 0.07410 0.14605
0.29166 -0.05627 -0.15756
0.23290 -0.15692 0.13653
0.07536 0.13740 0.05228
0.23119 -0.06709 0.12180
-0.27946 -0.14300 0.15251
-0.06210 0.14378 -0.03267
0.02079 -0.06939 0.01894
0.14469 0.00603 0.02854
-0.27520 -0.13528 -0.15251
0.27468 -0.13567 0.05426
0.28980 -0.13567 0.09044
0.34066 -0.13567 0.01831
0.31225 -0.13567 0.06636
0.34997 -0.13567 0.02041
0.32209 -0.13567 0.05600
0.28264 -0.13567 0.09762
0.35436 -0.13567 0.02934
0.22176 -0.13567 0.07993
-0.00863 -0.01176 -0.16433
-0.10735 -0.09717 0.14485
-0.08020 -0.09624 0.14483
0.09488 0.08270 0.14319
0.32798 -0.12173 0.12967
-0.09751 -0.00804 0.14322
-0.10891 -0.00821 0.14334
-0.20308 -0.03619 0.04770
-0.06842 0.07399 -0.04388
0.04298 -0.09308 0.09070
0.00969 -0.09809 0.08668
0.01923 -0.09664 0.08353
0.01374 -0.09745 0.08022
0.21781 -0.15318 0.12481
0.18106 -0.10164 0.05980
0.17842 -0.12739 0.09059
-0.03817 0.03014 -0.03582
-0.30695 0.12348 -0.13263
-0.06805 0.00574 0.16597
-0.27044 -0.05306 -0.13302
-0.00189 0.14137 0.06221
-0.06523 0.05730 -0.08228
0.13121 -0.03715 0.12363
0.00910 -0.04420 0.01753
0.18496 -0.06363 -0.12663
0.38304 -0.10670 -0.05475
-0.02074 -0.00389 0.14212
-0.06527 -0.01196 0.14278
0.31156 -0.11477 0.15188
-0.10097 0.13070 -0.13306
0.37736 -0.15441 0.00890
0.18517 -0.10528 0.16990
0.11977 -0.09214 0.05512
0.01986 -0.11726 -0.01872
0.02386 -0.12448 -0.01990
0.31280 -0.05972 -0.15227
-0.36263 0.01271 0.07358
0.18361 -0.07681 -0.14221
-0.11763 0.01017 -0.14348
-0.12676 0.00093 -0.14356
-0.22999 -0.08808 0.12108
-0.20034 -0.08106 0.12108
-0.36062 -0.05609 0.15383
0.32938 -0.09806 0.12803
0.30841 -0.05289 -0.17343
-0.24288 0.00037 -0.02837
-0.31564 -0.14698 -0.06993
-0.16089 0.02391 0.02353
0.38304 -0.03651 -0.07020
0.03355 -0.08293 -0.02211
-0.05014 0.05386 0.03137
-0.30133 0.13717 -0.11553
0.06243 0.14028 0.06791
-0.32660 0.13543 0.00931
-0.05047 0.04816 0.14933
-0.15211 0.10155 -0.13867
-0.06548 0.05323 0.02500
-0.29621 -0.05230 0.04302
-0.01078 -0.05191 -0.14315
-0.00352 -0.07493 -0.14290
-0.34834 0.05019 -0.13326
-0.36993 -0.08472 -0.09015
-0.23798 -0.03980 -0.07206
-0.27879 -0.03679 -0.07929
-0.00566 0.14253 -0.02678
0.33534 -0.02357 -0.16434
0.01033 -0.08018 0.02977
0.07563 0.13799 0.01843
-0.24872 0.04104 -0.15096
-0.24426 -0.11048 0.15077
-0.20857 -0.03401 -0.04438
0.21795 -0.15336 -0.15112
0.11918 -0.11144 0.01882
0.12369 -0.09598 0.01775
0.12618 -0.10567 0.01882
-0.28695 0.02956 0.01199
0.39093 -0.10552 0.04440
-0.36901 -0.07790 -0.01419
-0.10308 0.05218 -0.14965
-0.28825 -0.15692 -0.18397
-0.00145 -0.08753 0.13300
0.10179 -0.12843 0.16129
-0.34711 0.00576 -0.08145
-0.34705 -0.04238 -0.08283
-0.35700 0.02817 -0.10431
0.07297 0.13265 -0.11109
0.24697 -0.05090 0.10764
0.25579 -0.04961 0.13301
-0.19123 0.13185 0.12073
-0.07520 -0.16901 0.16295
-0.19789 -0.07198 0.13463
-0.03626 0.02415 0.10372
0.18772 0.02612 0.09090
-0.04340 -0.00739 -0.05375
-0.03172 -0.04120 -0.06359
-0.04072 -0.01318 -0.03769
-0.00406 -0.10915 -0.02603
-0.36774 -0.10951 0.03561
-0.31567 -0.09772 0.15920
-0.03250 0.14153 0.08124
-0.19869 -0.14397 -0.18161
0.18306 -0.08216 0.00946
0.27535 0.02181 0.05181
0.03508 0.10224 -0.13941
0.07701 -0.09864 -0.17000
-0.14473 0.11990 -0.13509
-0.29894 -0.01674 0.02642
0.04771 0.14069 -0.06531
0.12736 0.07117 -0.14637
0.10617 0.13539 -0.04056
0.15299 -0.02252 0.08214
-0.01800 -0.07756 -0.17083
0.11671 -0.01238 0.08103
-0.32283 0.07611 -0.14354
-0.31766 -0.06881 0.07196
0.06474 0.02087 0.14169
0.07103 0.13602 0.11705
0.01965 0.04678 -0.15031
-0.26422 -0.07877 0.15114
-0.35774 -0.13088 -0.02336
-0.36105 -0.13078 -0.04421
-0.35790 -0.13087 -0.07341
-0.20730 -0.09314 0.14993
0.17787 -0.13275 0.04930
0.18452 -0.06787 0.01836
-0.19776 0.08890 0.14116
0.12205 0.13751 -0.06168
-0.19867 -0.05671 0.04865
-0.22521 -0.09119 -0.15063
0.21231 -0.07956 -0.15266
-0.36502 0.01657 0.02047
-0.37880 -0.14276 -0.08987
0.03905 0.14204 0.00730
0.00865 -0.02773 -0.17022
-0.06635 -0.04852 0.14834
0.04179 -0.08471 0.09631
0.02310 -0.08714 0.07891
0.04931 -0.08373 0.05910
0.30221 -0.05375 -0.15936
0.00800 -0.09495 -0.02002
-0.26184 0.14290 0.04707
-0.32540 0.14054 -0.07497
-0.22032 -0.16268 -0.17828
0.26666 -0.00154 0.16126
0.25433 -0.17107 -0.13863
0.33552 0.00525 0.14063
-0.18757 -0.09132 -0.16327
-0.18043 0.01567 -0.14331
0.24096 -0.16554 -0.12867
0.07027 -0.00039 0.14100
0.10975 -0.01751 0.14071
0.25105 -0.05033 -0.12928
0.25275 -0.05016 -0.16429
0.23405 0.03038 0.00369
-0.24922 -0.14545 0.14898
0.17986 -0.11338 -0.02185
0.18425 -0.07053 -0.04308
-0.36886 -0.05488 -0.00278
-0.26991 -0.08765 -0.03226
-0.21945 -0.09011 -0.03049
-0.16245 -0.09431 -0.02747
-0.25077 -0.09041 -0.03027
-0.20855 -0.08591 -0.03351
0.02392 -0.09574 0.11766
0.17028 0.01538 -0.13895
-0.06073 0.14016 0.09771
-0.18174 -0.04626 0.04892
0.00588 -0.04758 0.12287
0.11893 -0.15199 0.17230
-0.21088 -0.04117 -0.03717
0.39083 -0.11211 -0.10493
0.27249 -0.15110 -0.15207
0.37577 -0.04063 -0.11379
-0.15340 0.01492 0.14346
-0.10628 0.01218 0.14345
-0.21315 0.00557 -0.16615
-0.35740 -0.13089 0.03809
-0.34639 -0.13121 0.08436
-0.31796 0.13724 -0.03344
-0.41292 0.17336 0.09264
0.37100 -0.01112 0.10568
-0.03759 0.13516 -0.12746
-0.10812 0.02345 -0.15749
-0.02267 0.00133 -0.11411
-0.32934 0.06856 0.13450
0.29165 0.02154 -0.01730
-0.09442 -0.00403 -0.16762
0.29838 -0.05905 0.15404
0.38661 -0.13277 0.04584
-0.12746 0.12464 0.13224
-0.17230 0.11064 0.13626
0.17313 0.01440 -0.15972
-0.21414 -0.13033 -0.09247
-0.37361 0.14298 -0.15828
-0.36226 0.12638 -0.15828
0.14235 0.02958 0.15064
-0.23514 0.07461 -0.13609
0.32693 -0.13397 -0.16171
0.18507 -0.02667 0.13802
0.13843 0.04426 0.14844
-0.23917 -0.02687 -0.04589
-0.12855 0.09033 0.14150
-0.35733 0.05958 -0.06038
-0.00227 -0.05980 0.07694
0.38297 -0.12954 0.07326
0.21102 -0.10433 0.13068
0.23526 0.02419 -0.11407
0.39891 -0.15527 0.12004
-0.01234 -0.01979 -0.16951
-0.04992 0.05736 0.14032
0.25635 -0.17150 0.13720
-0.00429 -0.08970 0.09691
-0.00352 -0.05734 -0.04556
0.21518 -0.00244 0.16661
0.10556 0.08258 -0.14316
0.08814 0.13764 -0.00027
0.17774 0.02182 0.13266
0.13230 0.11146 -0.12051
-0.14212 -0.09725 -0.00343
0.18864 0.02612 -0.13959
0.02483 -0.10543 -0.02088
-0.04362 -0.00304 0.11516
-0.01045 0.14269 0.01341
-0.35594 -0.05036 -0.13265
-0.03307 0.02078 0.15991
-0.22089 -0.00982 0.16851
-0.18359 0.14133 -0.08529
-0.38363 0.17429 -0.15826
0.23475 -0.15834 -0.13362
0.19434 -0.10607 0.13495
0.30317 -0.01889 -0.16231
-0.32136 -0.14663 -0.15921
-0.13836 0.13423 -0.11096
-0.35088 -0.02269 -0.15060
0.24132 -0.05280 0.11818
-0.32534 0.14155 0.05551
0.11157 0.09902 -0.14139
-0.30058 -0.10257 0.04229
0.12299 0.13895 -0.03337
-0.31415 -0.09241 -0.16183
0.07768 -0.01856 0.05029
0.24939 -0.05634 -0.16767
-0.32708 -0.10382 0.04830
-0.23340 -0.04267 -0.04296
-0.05844 -0.03753 -0.17089
-0.22657 0.05328 0.14868
-0.16964 0.02656 -0.15474
-0.26684 -0.01496 -0.03148
-0.28873 -0.03004 -0.05106
-0.22769 -0.01999 -0.03802
-0.27703 -0.02232 -0.04104
-0.22728 -0.02455 -0.04394
0.04976 0.13375 0.10806
0.28106 0.01964 0.08838
-0.18247 -0.12709 -0.18448
-0.07511 0.09153 -0.14171
-0.06629 -0.05664 -0.13500
-0.04319 -0.15583 0.17229
-0.24005 -0.04121 0.00259
-0.23075 -0.03413 0.00896
-0.26573 -0.02396 0.01810
0.24903 0.01967 -0.05725
0.13820 0.13095 0.05614
-0.03610 0.12295 0.13000
-0.28551 0.02324 0.04224
-0.24557 -0.08711 -0.15039
-0.17696 0.00644 0.00678
0.38577 -0.13137 -0.01336
0.13180 0.00313 -0.07703
-0.31604 -0.08453 -0.05964
0.39202 -0.12504 -0.04968
0.07346 -0.15238 -0.17228
-0.03285 0.04810 -0.14925
-0.01562 -0.01334 -0.14186
0.00946 -0.01686 -0.14134
0.41709 -0.07065 -0.00371
-0.16501 0.04801 -0.15002
0.17944 0.02294 -0.04834
0.24969 -0.15507 -0.15207
0.02101 -0.00553 -0.16768
-0.37650 0.13263 0.03275
-0.36396 0.13101 -0.07551
-0.38225 0.13338 -0.08900
-0.40287 0.13605 -0.12022
-0.36489 0.13113 -0.04149
-0.40741 0.13664 -0.14514
-0.38592 0.13385 0.01766
-0.40881 0.13682 -0.15096
-0.39929 0.13558 -0.14312
0.02096 -0.08433 -0.12436
-0.12837 0.03468 -0.15266
-0.09219 0.00067 0.16686
0.24399 -0.05202 0.14951
0.01173 -0.08322 -0.02004
-0.16967 0.13310 0.13096
0.09267 -0.15186 0.17227
-0.03543 0.02264 -0.03445
-0.36910 -0.09935 -0.02574
-0.20633 0.06435 0.14647
0.37790 -0.11704 -0.00976
-0.29894 -0.00940 0.04019
-0.17379 -0.03253 -0.01472
0.04053 -0.01118 0.16842
-0.35883 0.02576 0.10025
0.22226 -0.07685 -0.16999
-0.16933 0.12141 0.13242
-0.34939 -0.03841 -0.04847
-0.34994 0.00994 -0.03478
0.18315 0.02246 0.04589
-0.29894 -0.03234 0.04267
-0.25247 -0.17955 -0.16780
-0.34379 0.13309 0.06344
-0.30362 0.02605 -0.14588
0.12632 -0.03369 0.10721
-0.17994 0.14370 -0.02941
-0.36618 -0.06982 0.06518
-0.18357 -0.11144 0.14415
-0.01897 0.14064 -0.07846
0.38705 -0.12724 0.05391
0.37300 -0.01484 -0.09926
-0.23078 0.13660 -0.08315
-0.12304 0.13468 0.01642
-0.01399 0.07857 0.14441
0.05047 -0.04131 0.17106
0.01802 0.08164 -0.14373
0.12428 0.02736 0.08826
-0.29980 -0.14383 -0.14295
-0.11754 -0.16900 0.16860
-0.29894 -0.04648 0.04952
0.12412 -0.13454 -0.17183
0.06263 0.02115 -0.15706
-0.00610 -0.01588 -0.12422
-0.19397 0.13756 -0.11831
-0.21445 -0.12464 -0.08182
-0.25287 0.14214 0.06690
0.26463 -0.12210 0.14565
-0.35891 0.02800 0.00693
-0.27254 0.14329 -0.02699
0.18217 -0.05835 -0.13813
0.15551 -0.06312 -0.14005
-0.24014 -0.10579 -0.16434
-0.08648 0.09803 -0.00062
-0.08692 0.12143 -0.13303
0.01044 -0.05666 0.13431
0.37684 -0.04103 0.11291
0.36640 0.01072 0.00975
0.02675 0.08625 -0.14275
-0.37217 0.01947 0.03825
-0.23063 0.14305 -0.04906
0.12901 0.13831 0.02528
0.34917 -0.13567 -0.03799
0.30258 -0.13567 -0.05925
0.32048 -0.13567 -0.08320
0.29615 -0.13567 -0.07590
0.29855 -0.13567 -0.08145
0.30995 -0.13567 -0.09037
0.32677 -0.13567 -0.08814
0.30705 -0.13567 -0.07146
0.23531 -0.13567 -0.09511
0.22070 -0.13567 -0.07882
0.12211 0.12507 0.11511
0.14016 -0.12055 -0.16776
-0.01411 -0.03702 0.05112
-0.06638 0.13537 0.12733
-0.25571 -0.05135 0.14960
-0.31000 -0.11473 -0.11248
0.16490 0.03360 0.14467
0.08514 -0.10122 0.00088
0.16796 0.09172 -0.08082
-0.05634 0.11527 0.13486
-0.10294 0.04609 -0.15076
0.20368 -0.08457 -0.15791
0.34260 -0.02652 -0.03872
0.11589 -0.00013 0.07796
0.08680 -0.00842 0.05837
0.02693 0.02484 -0.15144
0.24423 -0.16689 0.12576
-0.19418 -0.14856 -0.12183
-0.05479 0.12558 0.12456
-0.04882 0.00739 -0.08246
-0.03821 -0.01987 -0.10446
-0.03714 -0.02625 -0.07501
-0.02089 0.01489 0.12460
0.32248 -0.08334 0.10021
0.28247 -0.08132 0.10021
0.26674 -0.17287 0.14789
0.07954 0.13791 0.00412
-0.26930 -0.12198 0.17331
0.06478 0.02412 -0.14952
-0.21975 0.06759 0.14655
0.37003 -0.15326 -0.09779
0.37225 -0.12037 -0.08584
-0.31867 0.11914 -0.12402
-0.35962 -0.14596 0.07599
-0.24815 0.13534 0.09746
-0.14361 -0.02009 0.04103
-0.16625 -0.07149 -0.14489
-0.05362 0.07452 -0.06744
-0.06191 0.07951 0.06203
0.06772 0.14106 -0.07139
0.35269 -0.02474 -0.07797
-0.32708 -0.08718 0.04624
0.38194 -0.14053 0.00171
-0.09566 0.12416 -0.13378
-0.38923 0.08817 0.04320
0.13087 0.03060 0.15137
0.22119 -0.08174 -0.14809
0.09632 0.13660 0.04434
0.22455 -0.07692 -0.11203
0.10523 0.03761 0.07403
0.32759 -0.09170 -0.10021
0.27819 -0.09119 -0.10021
-0.19365 -0.01547 -0.14336
-0.08906 0.06204 0.02413
-0.06835 0.06923 -0.14235
-0.06777 0.03408 -0.14172
-0.22322 -0.06116 -0.12402
-0.35664 -0.00010 -0.04465
-0.03356 0.12049 -0.13569
0.07246 -0.08792 -0.12672
-0.10898 0.13412 0.11160
0.27889 -0.12341 -0.15106
0.25637 0.01854 0.04598
-0.29001 -0.09034 0.15251
-0.30079 -0.07392 0.03292
-0.04149 0.13978 -0.01321
0.31075 -0.06763 0.12387
0.29774 0.02056 -0.03560
0.16338 -0.10240 -0.13880
0.18100 0.02354 -0.12152
-0.00645 -0.02696 -0.01929
0.13149 0.10507 -0.12990
0.13801 -0.13850 -0.17194
-0.27745 0.12668 -0.12772
0.13191 0.01765 0.09596
-0.21579 0.01437 -0.02682
0.16177 0.08423 -0.11234
-0.32457 0.13488 0.12436
-0.00342 -0.03290 0.12199
-0.16234 -0.09361 0.17024
0.19224 -0.08040 -0.17079
0.36482 -0.04114 -0.13720
-0.24407 -0.04698 0.17503
0.23905 0.01870 0.13449
0.37784 -0.10279 -0.02249
0.37879 -0.03651 -0.09083
-0.01768 -0.03051 0.05073
-0.14936 0.13808 -0.11528
-0.33713 0.09768 -0.12643
0.15297 0.00430 0.10144
0.38712 -0.14390 0.02078
0.10456 -0.12859 -0.16789
-0.14977 -0.15877 -0.18449
-0.31156 -0.11435 0.11281
0.32983 -0.12390 0.14171
0.00582 0.13819 0.11065
-0.16068 0.13532 0.10059
0.12956 -0.00167 0.06091
0.07052 -0.03065 -0.17041
0.40746 -0.15263 0.01849
0.40629 -0.04486 0.05793
-0.05789 0.03586 0.10717
0.15452 -0.04529 0.04208
-0.25348 -0.05098 -0.18683
0.33119 -0.11034 -0.17032
0.01439 0.13017 -0.12263
-0.25284 -0.10143 -0.16894
-0.30845 0.00910 -0.14050
-0.27956 -0.00752 -0.14050
-0.30314 -0.00891 -0.14050
-0.31627 0.01123 -0.14050
0.30773 -0.16006 0.13564
0.38086 -0.11269 -0.03281
0.06555 -0.08071 -0.03482
-0.33322 0.14186 0.03467
-0.20972 0.00556 0.03250
-0.29267 0.00743 0.03397
0.31949 -0.07753 0.13077
-0.03953 0.03265 0.07792
0.00497 -0.09869 -0.01678
0.16071 -0.10483 0.13883
-0.02110 0.12731 -0.12761
-0.26318 -0.05395 0.12108
0.29136 0.01716 -0.11164
-0.34478 -0.06268 0.10050
-0.34364 -0.07928 0.10866
0.11954 -0.09258 -0.03840
0.12116 -0.00040 0.06403
-0.06771 0.03017 -0.07974
0.41292 -0.04681 -0.03712
-0.41214 0.17239 0.00905
-0.02488 0.14107 -0.03540
-0.19779 -0.01207 0.01980
-0.26674 0.13853 0.03723
-0.22551 -0.14748 0.07887
0.34072 -0.02230 0.01696
0.38841 -0.09693 0.08087
-0.00356 -0.03566 -0.00634
0.36986 0.00020 0.10565
0.27254 -0.04760 0.12125
-0.21842 0.00955 0.08019
-0.26358 0.00487 0.14050
-0.23660 0.01494 0.14050
-0.27963 -0.00998 0.14050
-0.24667 0.00403 0.14050
-0.27924 0.00566 0.14050
0.11307 0.13310 0.10636
0.34451 -0.03181 0.14903
0.07140 0.14233 0.01900
-0.02095 -0.08194 -0.14336
-0.06562 -0.05324 -0.14423
-0.08194 -0.07684 -0.17085
-0.17003 0.02152 0.14425
-0.20199 -0.08058 -0.14955
-0.27718 0.01050 -0.16459
-0.31335 -0.01636 -0.14050
-0.01197 -0.08333 -0.11567
-0.30698 0.01042 -0.04647
-0.04758 -0.16691 -0.17266
-0.36694 -0.08473 0.06108
-0.17754 -0.00531 -0.14350
0.19136 -0.16872 -0.16448
-0.01201 -0.04085 -0.09006
-0.34101 0.09678 0.13140
-0.08809 -0.11645 -0.14397
-0.13085 -0.12843 -0.14343
0.22900 0.03607 -0.00428
0.38660 -0.13127 0.06525
0.16869 0.02458 0.05699
0.31959 -0.14771 -0.16414
0.14400 0.12775 -0.04541
-0.27496 -0.10514 -0.12108
0.16976 0.02403 -0.10033
-0.20677 0.04730 -0.14993
0.17986 -0.11605 0.17103
0.30493 0.01197 -0.05838
-0.04903 0.03541 -0.01554
0.18080 -0.10412 -0.03898
0.18466 -0.06658 -0.04829
-0.20322 -0.02423 -0.03900
-0.02447 -0.06209 -0.07139
-0.24178 -0.14870 -0.07713
0.23389 -0.16441 0.16888
-0.32708 -0.08714 0.06021
0.13314 -0.16606 0.17280
-0.28330 -0.12460 0.04168
-0.34320 0.12793 -0.01576
-0.04825 0.06066 0.09952
0.39482 -0.04072 0.02367
-0.19199 -0.14525 0.12706
0.38098 -0.14087 -0.07960
0.29664 -0.16474 0.14987
0.31794 -0.11631 0.14996
-0.16775 -0.09164 -0.17740
-0.36243 0.12984 -0.04737
-0.35162 0.08555 0.08165
-0.25136 0.13671 0.12229
-0.21646 0.12955 0.13245
0.36538 -0.07461 -0.12892
-0.05147 0.11203 0.13563
-0.23362 -0.12964 -0.12108
-0.23618 -0.11828 -0.12108
0.23991 -0.03276 -0.17004
0.07447 0.14231 0.00443
0.30930 0.01481 0.11671
-0.27689 -0.05158 0.13389
0.03060 -0.03145 0.17048
-0.09887 0.14161 0.04459
0.10764 0.12592 0.13014
-0.06670 -0.03130 -0.10562
-0.06760 0.02397 -0.02306
-0.06732 0.00644 -0.06119
-0.02666 0.02428 0.15676
-0.08648 0.06411 -0.02092
-0.00353 0.12578 0.12995
-0.19298 -0.00459 -0.09231
0.04632 0.08162 0.14360
-0.29254 -0.00689 0.16714
-0.18410 0.14259 0.06510
-0.23276 -0.08557 0.14898
0.16034 -0.04715 0.14697
0.15742 -0.16912 0.17158
-0.02721 0.07622 -0.14497
-0.35163 -0.00579 -0.14185
-0.23269 0.01054 -0.01501
0.17668 -0.13703 -0.17193
-0.25773 -0.13898 0.14898
0.11230 -0.10187 0.11440
-0.21320 0.12077 -0.13421
-0.27724 -0.04053 -0.06423
0.27780 -0.03414 0.17063
-0.36827 -0.05666 -0.03145
-0.25091 0.12835 -0.12551
0.38511 -0.10923 -0.03533
0.37654 0.00756 0.00159
-0.19617 -0.11009 0.00081
-0.23953 -0.11365 0.01285
-0.21872 -0.11194 0.00639
-0.05035 0.01668 0.14298
-0.03839 0.02107 0.01085
-0.17004 0.01041 0.01905
-0.23693 -0.10911 -0.12108
0.02039 0.12877 0.13427
0.33404 -0.09193 0.12709
-0.12026 0.12255 -0.13250
0.23578 -0.16180 -0.15931
-0.18591 -0.09492 -0.14186
0.39507 -0.09958 0.09604
-0.01868 -0.07681 0.05529
0.25320 0.02439 -0.01364
-0.00288 0.01158 0.14189
-0.39785 0.14151 -0.03971
0.20699 -0.10435 -0.10021
0.28981 -0.11050 -0.10021
-0.21705 -0.05829 0.14631
-0.27664 -0.02486 -0.03178
-0.31969 -0.12316 -0.17144
0.32373 -0.08367 -0.15460
-0.11800 0.11378 0.13599
0.16435 -0.12234 -0.13825
0.03785 0.13679 -0.09986
-0.34979 -0.11480 -0.16536
0.08363 0.13326 0.10429
0.04292 -0.08937 -0.17043
-0.07936 0.06412 -0.01293
0.05061 0.13939 0.08601
-0.05262 -0.16903 0.16816
-0.19916 0.13055 -0.13232
-0.15609 -0.08554 -0.17054
0.25520 -0.13684 -0.15024
-0.34692 0.06029 0.13223
0.06122 -0.13050 -0.17032
-0.27384 0.14342 -0.01927
-0.33081 -0.07882 0.17187
-0.07889 0.14382 -0.03205
-0.28193 0.02715 0.15440
-0.02993 0.00350 -0.05694
-0.03829 0.09653 -0.13208
0.10015 0.13678 0.01424
-0.22663 -0.10772 0.15039
-0.35280 -0.04546 -0.13948
-0.24810 -0.04311 0.17382
0.35661 0.00823 0.09974
-0.11120 0.09608 -0.14039
-0.15696 0.02161 0.15939
-0.09531 0.13801 -0.06850
-0.36556 -0.09742 0.01792
0.30215 0.01809 0.02729
-0.31572 0.08737 -0.13256
0.13188 0.12590 -0.09243
-0.00191 0.13085 0.12163
0.24486 -0.02321 -0.16899
-0.02073 0.02056 0.12759
-0.32328 0.04520 -0.14045
-0.29844 0.13896 -0.10098
0.14623 -0.13567 -0.15708
0.00746 -0.13567 -0.13081
-0.11455 -0.13567 -0.16047
0.04357 -0.13567 -0.15407
-0.02541 -0.13567 -0.15597
0.01672 -0.13567 -0.14854
0.10806 -0.13567 -0.15494
0.10143 -0.13567 -0.13481
-0.01633 -0.13567 -0.15306
0.12778 -0.13567 -0.14933
0.13389 -0.13567 -0.13162
0.15408 -0.13567 -0.14610
-0.33031 0.03396 0.15175
-0.07104 0.04677 0.15079
-0.35399 0.09064 0.03410
0.22899 0.02085 -0.12997
0.27223 0.02304 -0.00416
-0.20142 -0.12905 0.12108
-0.23098 -0.11851 0.12108
-0.24553 0.13764 -0.06488
-0.26050 0.13812 -0.05258
0.08251 -0.01058 0.09395
0.35201 -0.13567 -0.05809
0.37584 -0.08575 -0.05917
0.37538 -0.08945 -0.06326
-0.20049 -0.10500 0.15039
0.38828 -0.11355 0.01541
-0.24700 -0.12891 -0.15314
0.25681 -0.11488 -0.14686
-0.30789 0.13728 -0.06826
-0.27713 0.13708 -0.07550
-0.29894 -0.02182 -0.09166
0.27151 -0.06562 -0.15207
0.28920 -0.08457 0.10021
0.20823 -0.08405 0.10021
-0.14827 0.13705 -0.12141
-0.26400 -0.05390 -0.11248
0.06613 -0.06657 0.01598
0.41171 -0.05132 -0.06117
-0.25814 0.04725 0.14965
0.19196 -0.11705 0.14991
-0.29894 -0.03460 0.02691
-0.23663 -0.14326 -0.15251
0.25219 -0.17019 0.12627
-0.35949 -0.07941 -0.15801
-0.35056 -0.08528 -0.00994
-0.35045 -0.06427 -0.01476
0.23997 -0.16235 0.12158
0.13261 0.13187 0.00783
0.34629 -0.13180 -0.10028
0.40969 -0.07775 -0.07494
0.40608 -0.06550 -0.06010
-0.21785 0.08937 0.13964
0.00808 0.12660 -0.13514
0.15247 0.07281 0.14161
0.00944 -0.09032 0.12117
0.38022 -0.09875 -0.06946
-0.22946 0.10008 -0.13053
-0.29893 0.13372 0.10950
-0.04583 0.00121 -0.03621
-0.13253 0.12692 -0.12863
-0.24674 0.14353 0.02426
-0.03942 0.07935 -0.13583
-0.11133 -0.07864 0.17078
0.14445 0.04703 0.09370
-0.36640 -0.03646 -0.05388
-0.33852 -0.01971 0.16724
0.04781 0.14187 0.00789
0.29390 -0.11134 0.16368
0.24271 -0.05911 0.15426
0.12753 0.03229 0.07977
-0.23269 0.04155 -0.15097
0.08025 -0.06774 0.11600
0.22942 -0.12089 0.15251
0.17408 -0.05155 -0.14311
0.05923 0.13236 -0.11498
-0.08459 -0.03321 -0.14356
-0.07647 -0.02674 -0.14321
-0.31244 -0.06296 -0.06817
-0.27550 -0.05638 -0.17180
-0.25633 -0.05276 0.11684
0.19593 0.05539 0.09368
0.38971 -0.13035 -0.02748
0.02155 0.13249 0.11851
-0.15924 -0.06702 0.14490
-0.22811 -0.02461 0.04680
-0.06749 0.02454 -0.15235
-0.04684 0.03636 -0.09598
-0.24420 0.13895 0.01449
0.40719 -0.04771 -0.07852
-0.00406 -0.10121 0.11098
-0.30615 0.13458 -0.10262
0.08326 -0.13368 0.17167
-0.25962 -0.05181 -0.14022
-0.29894 0.01323 0.05028
0.03152 0.13923 0.09125
0.26960 -0.06930 0.10021
-0.17675 -0.16898 0.16859
0.14490 -0.04221 0.10703
-0.18513 -0.07790 0.17287
-0.18700 -0.09562 0.16929
-0.13232 0.13188 0.00408
0.18227 -0.05029 -0.16728
-0.36574 -0.09843 -0.00089
0.21097 -0.01256 -0.16822
-0.26437 -0.05558 -0.12108
-0.36685 -0.05197 0.05455
0.29801 -0.05299 0.11715
0.21137 0.02832 -0.12011
0.10275 0.12394 0.13357
-0.35785 0.02834 0.07186
0.37706 -0.03928 -0.10716
-0.31742 -0.11095 -0.15798
-0.29793 -0.03540 0.06058
0.26550 -0.12466 0.17107
-0.37084 -0.14448 -0.11563
0.01187 0.14245 0.01435
0.00183 -0.08834 -0.08287
-0.21813 0.13906 -0.01436
-0.06945 0.13964 -0.02555
0.08366 -0.07576 0.04619
-0.28686 0.13243 -0.12956
0.28680 -0.07120 -0.14853
0.42335 -0.15665 -0.02518
0.00916 -0.10970 -0.03043
-0.12896 0.14225 -0.07321
0.20513 0.02612 0.03072
0.08771 0.13758 -0.01581
0.10537 -0.10773 0.05534
-0.08366 0.13337 -0.11766
-0.08163 0.03520 0.15274
-0.28842 -0.03657 0.02293
-0.31838 0.13752 -0.00204
0.11213 0.13456 0.04594
-0.35179 0.00354 -0.13936
-0.05114 0.05854 -0.14947
-0.06923 0.12310 -0.00599
0.01169 -0.10466 0.12071
0.41578 -0.04921 0.01814
-0.23508 -0.06537 0.15170
-0.02952 0.01153 -0.16477
-0.24974 -0.00468 0.03057
-0.19306 -0.00596 0.03038
-0.04600 0.05130 0.04933
-0.00797 -0.14052 -0.17194
-0.02840 0.05519 0.14902
0.18570 -0.04833 -0.13785
0.02761 -0.08560 0.11362
-0.16665 -0.10357 0.16976
-0.36718 -0.01589 -0.01681
-0.06084 0.04352 -0.05130
-0.23921 0.02409 -0.04555
0.14255 -0.00970 0.05541
-0.18476 -0.04280 -0.14416
-0.22475 -0.04335 -0.14308
0.11734 -0.06159 -0.14149
0.10373 -0.08166 -0.14128
0.07563 -0.05771 -0.14191
0.04791 -0.13040 0.00200
0.02917 -0.13040 0.00211
-0.17980 0.05312 -0.14962
0.08021 0.14189 0.03460
-0.06825 0.07535 -0.09040
-0.06313 0.14257 0.06659
-0.04652 0.13548 0.10217
-0.27513 -0.05474 0.12726
-0.06639 0.07896 -0.07515
0.29148 -0.12691 0.15039
0.17569 -0.05962 -0.02442
0.15415 -0.06050 -0.02151
-0.33990 0.13018 0.01278
-0.26108 -0.01535 0.16892
-0.39786 0.07487 -0.04033
-0.27817 -0.08441 0.12108
-0.21886 -0.09333 0.12108
-0.23631 0.09475 -0.13162
0.10636 0.02192 -0.14125
0.21503 -0.13574 0.11721
-0.34358 0.12757 0.02341
0.01736 -0.06885 0.01464
-0.34452 -0.02867 -0.10204
-0.34381 -0.01658 -0.10740
0.29523 -0.03511 -0.16925
-0.37559 -0.13320 -0.07336
0.02447 0.13930 -0.10021
0.01360 -0.08837 0.06326
0.01269 -0.08849 0.03811
0.02273 -0.08718 0.03087
0.34887 -0.13408 0.16664
-0.34935 0.01761 0.04952
-0.03843 -0.00676 -0.02453
0.12110 0.06126 -0.14678
-0.29021 -0.06507 -0.07237
-0.07268 0.07853 0.14458
0.13602 -0.00890 -0.14007
0.10656 0.00742 -0.13994
-0.20385 -0.07815 0.11699
0.33857 -0.08928 0.10225
0.13393 0.13132 -0.00865
0.30003 0.02080 -0.00769
-0.18817 -0.08935 0.13101
0.01625 0.12106 0.13380
0.40240 -0.05233 -0.09996
0.10418 -0.08620 -0.12539
0.35258 0.00446 -0.13290
-0.06905 0.11242 0.07102
0.14005 0.13084 -0.04854
0.16553 -0.04283 0.13910
-0.11860 0.08463 -0.14286
-0.34225 -0.02696 -0.14933
0.27053 -0.12445 -0.14072
-0.22768 -0.05702 0.14624
-0.03814 0.03327 0.11462
0.23812 0.02305 0.11062
-0.31586 -0.07269 -0.04938
-0.29143 -0.05416 0.17300
0.21212 -0.11227 -0.11769
0.13986 0.12584 0.06777
-0.30682 -0.07674 -0.12453
-0.21388 -0.06496 -0.11863
0.12873 0.12571 0.10083
-0.15036 -0.06010 -0.17122
0.08171 -0.09417 0.14150
0.04723 -0.06210 0.14210
0.04400 -0.08828 0.14202
-0.33358 -0.08838 0.16821
0.38403 -0.12946 0.13862
0.18896 0.02612 -0.08334
-0.35079 0.07068 0.10508
-0.35593 -0.02918 0.13101
-0.05395 0.01913 0.16162
-0.00342 0.12937 -0.13396
0.37678 -0.10391 0.04488
0.37599 -0.14306 0.04651
-0.20141 0.01867 -0.00488
-0.20538 -0.03201 0.05581
0.05923 0.12466 0.13103
-0.07755 -0.00785 0.16817
0.10003 0.03899 0.05914
-0.31212 -0.13786 0.11795
-0.37072 -0.16513 -0.09252
0.11968 -0.11348 -0.01847
0.11957 -0.03860 -0.17094
-0.05012 0.02814 -0.01534
-0.26807 -0.16262 -0.08250
0.06958 -0.07982 0.08257
0.08169 0.03471 0.15147
-0.21858 0.02075 -0.00899
-0.07965 0.14144 -0.08447
-0.28162 0.00093 0.08888
-0.35787 -0.11536 0.16100
0.09820 0.01448 0.13979
0.07949 0.01395 0.14022
0.11470 -0.10162 0.04307
-0.36699 -0.14788 0.13900
0.08305 -0.07593 -0.08474
0.12887 -0.13043 0.14895
-0.03213 0.01090 -0.09180
0.01578 0.11690 -0.13587
0.36062 -0.14462 -0.14186
0.37149 -0.07157 0.10093
0.37399 -0.08292 0.08124
0.17570 0.02369 0.02967
-0.03636 0.09837 0.14106
-0.07381 0.14226 -0.07242
0.26680 -0.05249 0.15041
0.12106 -0.02028 -0.12151
-0.23817 -0.11850 -0.14117
0.02593 -0.09254 -0.02270
0.16205 0.07677 -0.12361
0.28404 -0.09449 0.15039
0.06428 -0.08095 0.05216
0.30800 -0.06552 0.14098
-0.06852 0.08035 0.08703
-0.02862 -0.00078 0.10263
0.04275 0.12171 -0.13592
-0.02578 -0.05392 0.12085
-0.18593 -0.05016 0.17131
-0.19035 -0.08753 -0.17006
0.17847 -0.12687 0.11601
0.18023 -0.10973 0.10806
-0.17672 0.00519 -0.00745
0.13405 0.05029 0.15907
-0.24616 -0.11681 0.12108
-0.24736 -0.11171 0.12108
-0.18556 -0.09633 -0.17230
-0.18132 -0.11150 0.12682
-0.07011 0.07133 -0.02521
-0.24015 -0.09823 -0.16111
-0.30822 -0.03099 0.08263
-0.30517 -0.15079 0.12256
0.08756 0.13704 -0.04906
0.23607 -0.09047 -0.14853
-0.28426 -0.03223 -0.08438
-0.23124 -0.03338 -0.08349
0.01019 0.03504 0.15226
0.27671 -0.09759 -0.17273
-0.05592 -0.00167 -0.16720
0.07278 0.13477 0.12296
0.15192 -0.16912 -0.16156
-0.09713 -0.16900 0.16650
0.18361 -0.05459 -0.05128
0.18306 -0.05442 -0.03313
-0.30531 -0.08770 -0.11920
-0.03052 0.07381 -0.14065
-0.10046 0.09209 -0.00200
0.01750 0.11631 0.13626
0.10456 -0.02152 -0.14077
0.13248 -0.03775 -0.14111
-0.35362 -0.03548 0.14154
0.10483 -0.10805 -0.10742
0.08644 -0.00523 0.16743
-0.08298 0.14279 -0.06362
-0.06781 0.03610 -0.12648
-0.31402 -0.04126 -0.16956
-0.32198 -0.14204 -0.09004
0.09103 -0.00847 -0.14085
0.07714 -0.00109 -0.14097
-0.28417 -0.08749 0.04068
-0.28020 -0.05984 0.18036
0.06628 -0.07494 -0.11547
0.06415 -0.09442 -0.12574
-0.39189 0.15973 -0.05283
-0.39468 0.15996 -0.08037
-0.38988 0.15955 -0.04245
-0.36608 0.00481 -0.01615
-0.27428 0.02470 -0.15571
0.09978 -0.07023 0.12657
0.41554 -0.06742 -0.03386
-0.17012 -0.05191 -0.14471
0.14978 0.03325 0.17432
-0.23968 0.13862 -0.03804
-0.26951 0.13876 -0.02759
0.29811 -0.05302 0.15185
-0.27613 -0.03491 0.02082
0.36960 -0.03448 -0.01773
-0.10433 0.11307 0.13628
0.21424 -0.06476 -0.17441
0.07883 -0.00631 0.07434
-0.36829 -0.07458 0.03485
-0.21372 -0.15761 0.11706
-0.34679 -0.00280 0.16061
0.38184 -0.07120 -0.14297
0.15110 0.10213 -0.10097
-0.34375 0.13341 -0.06210
0.11806 0.08515 0.14392
-0.10069 0.14150 0.08417
0.03729 0.09051 0.14189
0.05755 0.13542 -0.12156
-0.12948 0.13735 0.11956
0.03761 -0.10188 -0.14176
0.07315 -0.12263 -0.14028
-0.03860 0.03031 0.10280
0.16720 0.09130 0.08437
-0.33182 0.14131 -0.05228
0.36915 -0.12647 -0.10548
0.16146 -0.04751 -0.08773
0.17680 -0.05242 -0.09171
0.16088 0.10229 -0.07292
-0.11652 -0.09285 -0.17028
-0.35620 -0.05679 -0.13179
0.14560 0.07171 0.13813
-0.14828 -0.12402 -0.14383
-0.03140 0.00858 -0.03886
0.24491 -0.06049 0.12779
0.38589 -0.03651 -0.06047
0.03672 0.11669 0.13570
-0.27897 0.07601 0.14320
-0.32792 0.05273 0.14828
0.26900 -0.04826 -0.10021
0.28723 -0.11134 0.14402
0.08794 -0.10500 0.02003
0.22326 -0.16023 0.14734
-0.35677 0.07598 -0.01469
0.37334 -0.13467 0.15165
-0.29278 -0.09949 0.12108
-0.23998 -0.10175 0.12108
-0.37610 -0.13422 0.07031
0.04101 0.13922 0.10021
-0.25246 -0.17324 -0.18763
0.34073 -0.09420 -0.11081
-0.37208 -0.09087 -0.09983
0.04385 -0.07661 -0.02212
0.20894 -0.13767 0.13818
-0.04350 0.04381 -0.07411
0.12507 -0.00127 -0.16667
0.30614 -0.02657 -0.16722
0.21338 -0.12269 0.14251
-0.36762 -0.12882 -0.13410
-0.03338 -0.02347 0.14233
-0.00757 -0.02791 0.14204
0.32772 -0.12370 -0.16011
0.38871 -0.13656 0.06231
0.31289 -0.15610 0.16287
-0.26094 -0.02290 -0.04161
-0.06779 0.03518 -0.02861
-0.26956 -0.02126 0.09576
-0.28956 -0.02104 0.09594
0.13565 0.01138 -0.02362
-0.06723 0.00102 -0.13581
-0.06752 0.01874 -0.10972
-0.06744 0.01388 -0.08607
-0.06702 -0.01165 -0.12741
-0.01214 -0.13406 0.17173
-0.35335 -0.04845 -0.14412
-0.21382 0.02295 0.00946
-0.36012 -0.11406 -0.15295
-0.36344 -0.05592 0.14452
-0.16663 0.14124 0.08696
0.13985 0.09945 0.12567
0.38946 -0.11982 -0.03641
-0.06756 -0.11291 -0.14409
-0.02088 -0.11392 -0.14267
-0.18422 -0.05871 0.05121
0.01831 -0.06744 0.12943
-0.09640 -0.03773 0.17091
-0.31855 -0.04617 0.02866
0.31641 -0.06280 0.11429
-0.25149 -0.11911 0.15317
0.36773 0.00995 -0.02988
-0.29327 -0.02765 -0.04593
-0.00507 -0.00561 0.16751
-0.03535 -0.00424 0.12003
0.17872 -0.12445 -0.13989
-0.33776 0.04396 -0.13778
0.22550 -0.06053 0.16073
-0.30899 -0.06916 -0.07127
0.10968 0.11713 -0.12728
-0.36328 0.15057 -0.02756
-0.15657 0.13747 0.07577
-0.36735 -0.15258 -0.09878
0.27014 0.02284 0.02841
0.41015 -0.06122 0.02218
-0.02504 0.13743 -0.08428
0.33575 -0.12776 0.13833
0.07784 -0.02602 0.07375
0.17995 -0.11250 -0.08432
0.17775 -0.13388 -0.06208
-0.36533 -0.13730 -0.14444
0.22689 -0.09222 0.10021
-0.36353 0.01860 -0.05547
0.20589 -0.08125 0.16111
-0.01362 -0.08701 0.09960
0.03014 -0.10525 -0.02726
-0.03876 0.02689 0.09557
-0.05780 0.13703 0.12029
-0.26807 0.13886 -0.10598
-0.08942 0.14272 0.06510
0.20369 0.02612 0.10261
-0.37017 -0.14104 0.11999
-0.17687 0.03195 0.15177
-0.02964 -0.04467 0.09983
-0.02250 -0.06608 0.08683
-0.23964 0.02435 0.05381
-0.14935 0.02973 -0.01206
0.12351 -0.12853 -0.16238
0.07622 -0.12314 -0.01968
-0.29894 -0.04956 0.00721
-0.26754 -0.05494 0.18770
-0.32136 0.07728 0.13395
0.14707 -0.11218 -0.16913
-0.34727 0.05598 0.13776
-0.01677 -0.01436 -0.02264
-0.06822 0.06169 -0.09095
0.07802 -0.12051 -0.16770
-0.24518 0.13148 0.12075
0.03900 -0.10913 0.09672
0.09544 -0.10856 0.09460
0.05323 -0.10898 0.10084
0.06722 -0.10884 0.08534
-0.30019 -0.06426 -0.01796
-0.29061 0.14269 -0.04160
0.33676 -0.10527 -0.15834
-0.19764 -0.14225 0.16893
0.21018 -0.06431 0.17332
-0.32475 0.06761 -0.14535
-0.10160 -0.12732 0.16766
0.14974 -0.14637 0.17216
-0.26185 -0.16975 0.12292
-0.25619 0.07039 0.14482
0.27230 0.02242 0.03999
0.14022 0.01731 0.08656
0.00081 -0.09760 -0.02388
0.31571 -0.13333 -0.10021
0.30305 -0.13131 -0.10021
0.24576 -0.11207 -0.10021
0.21692 0.03075 0.09640
0.28761 -0.04983 -0.11460
-0.08648 0.09409 0.00494
0.18066 -0.05365 -0.11182
-0.06145 -0.10755 0.14412
-0.06684 -0.11302 0.14406
-0.03255 -0.12403 0.14261
-0.04789 0.03739 0.07887
0.29075 -0.10488 0.10021
0.21501 -0.10613 0.10021
0.03495 -0.09414 -0.01609
-0.06764 0.02634 0.00609
-0.06630 -0.05581 -0.11295
-0.06648 -0.04468 -0.10840
-0.25017 -0.02457 -0.01842
0.22572 -0.14954 0.14825
-0.08523 0.13957 0.02589
-0.31937 0.13614 0.06277
-0.33958 -0.02103 0.15589
0.23095 -0.06995 -0.13195
0.16214 0.02562 -0.01630
-0.05784 0.03484 -0.04428
0.12204 -0.01780 -0.07657
-0.00917 -0.08728 0.11800
-0.20096 0.14313 0.05005
-0.34666 0.00853 0.08615
-0.34683 -0.03364 0.08521
0.26426 -0.07351 -0.14853
0.25989 -0.07821 -0.15084
-0.18620 -0.10134 0.16843
-0.17733 -0.12202 0.16984
0.00263 0.12421 -0.13252
-0.32225 0.13500 -0.07335
-0.34118 0.11338 0.11396
0.15509 -0.05418 0.02242
-0.35846 0.06426 -0.01489
-0.07593 -0.08465 0.14474
-0.13097 -0.08540 0.14491
-0.19895 0.12751 0.12756
-0.33956 0.01103 0.12626
-0.34114 -0.00868 0.12005
0.13840 0.13515 0.01773
0.32291 -0.09445 -0.15526
0.12048 -0.00488 0.09281
0.18982 -0.13946 0.15810
0.19014 -0.13608 0.15322
-0.23641 0.13901 -0.00251
0.17898 -0.01553 -0.16634
0.12056 0.08093 -0.14256
-0.06654 -0.04970 -0.17130
-0.30833 -0.07935 -0.07708
0.18272 -0.08544 -0.00899
0.09058 -0.07423 0.07976
-0.07111 0.13331 -0.13096
0.00238 -0.07027 0.08308
-0.22984 -0.05612 -0.15257
-0.03371 -0.12759 0.15965
0.22789 -0.13652 -0.10021
0.23775 -0.13599 -0.10021
0.20923 -0.12950 -0.10021
-0.23536 -0.05613 0.17508
-0.39006 0.05574 -0.04324
0.00987 -0.09164 -0.13246
0.12087 -0.02265 0.02080
-0.05209 -0.05497 0.14394
0.00689 -0.07589 0.14269
-0.06280 0.06378 -0.14763
0.25069 0.02146 -0.09428
0.18372 -0.02673 -0.16998
-0.35302 -0.01252 -0.14123
0.11704 -0.08208 0.00713
0.35079 -0.16802 0.15944
0.04012 0.13396 -0.12821
0.11495 0.00161 -0.16625
-0.13163 0.02641 0.15216
0.36555 -0.13114 0.12714
0.10069 0.02458 0.03848
0.34633 -0.12914 0.14931
0.37436 -0.11764 0.07173
0.37446 -0.11111 0.07199
0.14175 -0.05211 0.14109
0.17611 -0.07090 0.13852
-0.19451 -0.07786 0.13876
0.29989 -0.16731 0.11337
0.38941 -0.10873 0.01066
-0.04858 0.01486 0.16410
-0.11582 -0.11606 -0.14396
-0.12747 -0.11310 -0.14414
0.32334 -0.14264 0.16800
-0.02716 0.13914 0.04426
0.40844 -0.07492 0.04678
-0.37470 0.16232 -0.12140
-0.36764 0.16102 -0.12612
-0.37740 0.16282 -0.06967
-0.37257 0.16193 0.02884
-0.37618 0.16259 -0.14612
-0.35015 -0.01509 -0.03024
-0.34997 -0.02487 -0.03455
0.35085 -0.02362 -0.14273
0.38982 -0.11425 -0.03204
0.11551 -0.03390 0.17064
-0.32934 0.11520 0.13404
-0.17977 -0.11927 -0.13219
0.13524 0.03490 0.10866
0.30290 -0.16109 -0.13901
0.29486 -0.05161 -0.14088
0.07764 -0.06859 0.02499
0.19298 -0.12112 -0.16867
-0.21543 0.13673 -0.12336
0.02936 -0.08632 -0.04068
0.03894 -0.08508 -0.05054
-0.35845 -0.14471 -0.06214
-0.03670 0.02678 -0.14879
0.21057 -0.07422 0.10139
-0.34176 -0.03046 0.15123
0.20580 -0.04643 0.17117
0.00207 -0.09916 -0.07394
0.00504 -0.09884 -0.04133
0.01131 -0.09774 -0.07891
-0.26169 0.02811 -0.15322
-0.22833 0.01910 0.14317
-0.11866 0.13579 -0.03267
-0.20550 -0.15166 0.11248
0.12026 -0.08312 0.06497
0.32342 -0.11503 0.14748
0.12039 0.13459 -0.00423
0.36755 -0.10762 0.15705
0.10058 0.14077 0.03878
-0.19805 0.14296 0.05512
-0.03387 0.01652 0.09321
-0.11389 0.13825 0.11419
-0.09346 0.13896 -0.10887
-0.35621 -0.15290 0.03421
-0.28446 0.13658 0.12114
-0.17242 0.02974 0.15352
-0.24874 -0.04580 -0.17620
0.32279 -0.13842 -0.15599
0.30434 -0.17068 0.15235
0.29198 -0.16897 0.11738
-0.27214 -0.09790 -0.15039
-0.24157 -0.05138 -0.14724
-0.24692 -0.01872 0.03927
-0.18892 -0.05256 -0.04114
0.14110 0.00557 0.13913
0.17347 -0.01783 0.13855
0.00299 -0.07164 -0.04037
-0.02067 -0.00268 0.01908
-0.34791 0.12640 0.04361
0.19135 0.02612 -0.09753
-0.21942 0.02291 -0.02263
-0.05188 0.14408 0.00415
-0.32986 -0.10956 -0.16786
-0.29941 -0.15828 -0.16972
-0.02069 0.02380 -0.01223
0.19636 0.07291 0.00625
-0.23308 -0.00558 0.16798
0.13059 0.00054 -0.12440
-0.06820 0.09802 0.02662
-0.32685 -0.05337 0.14050
-0.32760 -0.07622 0.14050
-0.30507 -0.04251 -0.06384
0.40615 -0.06751 0.07926
0.32974 -0.10073 -0.15433
0.40747 -0.08954 0.03901
-0.21700 -0.06038 0.18569
0.38296 -0.04759 -0.13898
-0.00271 -0.04769 0.02743
-0.24926 0.14320 0.03975
-0.41770 0.16669 -0.12478
0.41087 -0.06762 0.00100
-0.06668 -0.03249 -0.05089
-0.06776 0.03411 0.04094
-0.06553 -0.10286 -0.14158
-0.06807 0.05273 0.06056
-0.06784 0.03893 0.04982
-0.17517 0.13539 0.12782
-0.15904 -0.04199 -0.17113
-0.29459 -0.06371 0.17469
0.12316 0.02591 0.06737
-0.23703 0.13052 0.12377
0.16723 0.00342 -0.13851
0.36769 -0.02337 0.09930
-0.31934 -0.10323 0.16357
-0.36089 0.01696 0.08810
0.10525 -0.14133 -0.17200
-0.04047 0.01050 0.16500
-0.25269 -0.17098 0.18770
0.07990 -0.08091 -0.12678
0.38221 -0.13060 -0.07960
-0.02902 -0.04784 0.08618
-0.02448 -0.06206 0.07241
-0.04423 -0.00488 0.08910
-0.05525 0.14385 0.02862
0.19814 -0.00872 -0.16776
-0.23327 -0.05343 0.11318
-0.01392 0.06179 -0.14774
0.37567 -0.14659 -0.04829
0.37608 -0.12878 -0.04651
0.02149 -0.08734 -0.10233
-0.00071 -0.09023 -0.07397
0.33922 -0.09529 0.16811
-0.30491 -0.13239 -0.10595
-0.29354 -0.13270 -0.07523
-0.27747 -0.13313 -0.04485
-0.32429 -0.13187 -0.06007
-0.25183 -0.13381 -0.08468
-0.32284 -0.13191 0.00756
-0.27222 -0.13327 -0.04450
-0.32371 -0.13189 0.11435
-0.26337 -0.13350 -0.09221
-0.29247 -0.13273 -0.09337
-0.21980 -0.13467 -0.11413
-0.24408 -0.13402 -0.10173
-0.28537 -0.13292 -0.10502
-0.31284 -0.13218 -0.02140
-0.31413 -0.13215 0.06630
-0.22004 -0.13466 -0.08130
-0.30538 -0.13238 -0.00818
-0.21921 -0.13468 -0.07093
-0.31433 -0.13214 -0.08767
-0.27055 -0.13331 0.00212
-0.24793 -0.13392 -0.06495
-0.25733 -0.13367 -0.01036
-0.26709 -0.13340 -0.11998
-0.33591 -0.13153 -0.05470
-0.32833 -0.13176 -0.01985
-0.34814 -0.13117 0.03644
-0.33295 -0.13162 0.09604
-0.34431 -0.13128 -0.01311
0.39107 -0.10301 0.05664
-0.06940 0.07100 0.07805
0.40637 -0.15262 0.04025
0.21742 -0.06763 -0.16908
0.27219 -0.17960 0.15929
0.21877 -0.07094 0.13674
-0.36685 -0.16005 0.04152
-0.02742 0.02845 0.00973
0.04509 0.02577 0.15083
0.11629 -0.05297 -0.00592
-0.37024 -0.11339 -0.08764
-0.21544 -0.06643 0.14867
-0.00409 -0.10876 0.09964
-0.19171 -0.08507 0.18175
-0.26079 0.14366 -0.00663
0.40829 -0.06171 0.04365
0.38436 -0.16073 0.14511
-0.00331 -0.00493 -0.16189
-0.32045 -0.10770 0.13655
-0.36172 -0.00878 0.09233
0.38640 -0.09889 0.09929
-0.30575 0.12128 0.12647
0.03396 -0.10903 -0.11518
-0.00003 -0.03478 -0.17073
0.04038 0.13663 0.11732
-0.08692 0.08875 0.01938
0.18510 -0.06220 -0.13330
0.17871 -0.12453 -0.12741
-0.19348 -0.12415 0.11692
-0.29980 0.02275 0.15739
-0.14915 0.00823 -0.03500
-0.03011 0.07021 -0.14580
0.10862 -0.08426 -0.01986
-0.04794 0.14158 -0.08146
-0.15947 -0.16897 -0.15693
0.26116 -0.05854 0.10021
-0.33485 0.00013 0.15853
-0.00381 -0.08867 -0.05344
-0.23492 0.14200 0.07232
0.28071 -0.11698 0.14117
0.38737 -0.12560 0.02117
-0.25373 0.03094 0.01005
0.07626 -0.06259 -0.02232
0.38443 -0.10931 0.05000
-0.37004 -0.15635 0.12224
0.05486 0.03133 0.15233
0.14935 0.04388 0.14839
0.14681 0.05206 0.14708
0.01346 -0.09259 0.01611
-0.23580 -0.12055 0.16252
0.28874 -0.05066 0.17529
-0.36928 -0.13450 0.12494
0.14157 -0.13589 0.17187
-0.02307 -0.01708 0.08627
-0.03380 0.13742 -0.08075
-0.01134 -0.00107 -0.16744
0.10780 -0.02993 0.06201
-0.36243 -0.05094 -0.09597
-0.03537 0.14333 0.04619
0.14479 0.11044 0.09841
-0.24416 -0.12247 -0.16009
-0.08843 0.02642 -0.15580
-0.34233 0.00199 0.14186
0.27220 -0.14895 0.15251
-0.30690 0.13867 0.00979
0.40704 -0.15262 -0.03573
0.13223 0.04553 0.15455
0.04476 -0.09859 0.01652
0.29183 -0.04945 0.12779
-0.33872 0.13746 -0.07589
0.38973 -0.10356 -0.12575
-0.08535 -0.10656 0.16958
-0.38655 0.15284 0.07877
-0.37689 0.15197 0.02281
-0.36889 0.15124 0.04796
-0.37333 0.15165 0.06451
-0.37694 0.15197 0.08106
-0.38508 0.15271 0.09498
0.11831 0.02840 -0.15188
0.04570 -0.02272 -0.16975
0.03245 -0.08490 0.02662
0.22466 -0.08029 -0.10021
0.21379 -0.07736 -0.10021
-0.01257 -0.12460 -0.01522
0.22906 -0.05832 0.12938
-0.26369 0.13415 -0.12846
0.00246 0.13890 0.10571
0.25621 -0.10874 -0.15045
0.19182 -0.07037 0.17113
-0.19842 0.03618 -0.15208
0.11227 -0.07518 0.04472
0.40446 -0.15263 -0.01254
-0.05755 -0.07176 0.17098
0.23614 0.02463 0.00329
0.35751 0.01080 -0.06536
-0.31431 0.04224 -0.14569
0.00169 0.00462 -0.16606
0.12295 -0.01583 -0.04802
-0.00911 0.02411 0.15666
0.34933 -0.02389 0.11979
0.36747 -0.07558 0.12219
-0.05651 0.04457 0.08631
0.11819 0.11065 0.13650
-0.14639 0.03827 0.15192
0.18608 -0.13045 -0.12650
0.17934 -0.13045 0.07951
0.17910 -0.13045 0.09562
0.16618 -0.13045 0.01938
0.15741 -0.13044 0.12776
0.18257 -0.13045 0.04739
0.17372 -0.13045 0.09841
0.18540 -0.13045 -0.08768
0.15521 -0.13044 0.04968
0.17216 -0.13045 0.06164
-0.22144 0.13526 0.09932
-0.04424 0.04622 0.10472
0.13283 -0.09252 -0.01855
0.16082 -0.11872 -0.02317
-0.03078 0.14278 0.06017
0.00641 -0.07487 0.12823
-0.05803 0.00940 0.16524
0.06465 -0.09895 -0.14155
0.10747 -0.10182 -0.14084
-0.04242 0.02398 -0.15689
0.04603 0.14170 -0.03291
0.19867 0.02612 0.05979
0.02842 -0.08229 -0.12201
0.29934 -0.12514 -0.15094
0.37212 -0.14956 0.15250
-0.07385 0.13977 0.00596
-0.27983 -0.16338 0.14912
0.27046 -0.05461 0.16093
-0.02690 0.03440 -0.15158
0.18950 0.07264 0.06375
0.08079 -0.05422 -0.17132
-0.04221 -0.10268 0.16533
0.08510 -0.16909 -0.16484
-0.37230 -0.15087 -0.10603
0.18297 -0.05439 0.11983
0.16969 -0.05014 0.11746
-0.09485 -0.14612 0.16760
0.04736 -0.07941 0.11593
0.26635 0.01736 -0.00370
0.31592 -0.03480 0.16720
-0.29047 0.00681 0.08179
-0.28209 -0.13818 0.14898
-0.10501 0.13948 -0.05144
-0.32288 -0.09328 -0.05395
-0.25496 -0.06807 -0.12108
-0.00135 -0.04621 0.11825
0.23545 -0.12240 0.10021
0.20673 -0.13000 0.10021
0.19326 -0.11530 0.10021
-0.18136 0.00664 0.02107
0.37812 -0.13265 -0.09601
-0.33597 -0.00447 0.13477
-0.34626 0.13331 -0.02372
-0.01495 0.14142 -0.06329
-0.02177 -0.02197 0.01647
-0.05205 0.01925 -0.02496
0.18116 -0.08822 -0.17042
-0.21528 -0.15882 -0.11684
0.36664 -0.03414 -0.11159
-0.32720 0.14274 0.00342
0.36480 -0.14091 0.12978
-0.06871 0.06344 -0.03261
0.37796 -0.03670 -0.10210
-0.24096 -0.05293 -0.16968
0.37209 0.00597 -0.07515
-0.23721 -0.00112 -0.16723
-0.25060 0.13531 -0.09768
0.37443 0.00569 0.06849
0.11662 0.09686 0.13873
-0.17883 -0.02604 -0.03970
0.22997 0.02970 0.05200
-0.22566 0.08831 -0.13980
-0.36381 -0.02617 -0.07952
-0.24787 -0.02880 0.05215
-0.24295 -0.03346 0.05810
-0.29321 -0.02650 0.04920
-0.19088 -0.03975 0.06613
-0.25350 -0.02350 0.04537
0.18162 -0.16913 0.16938
-0.15509 0.00240 -0.01841
0.00177 -0.04996 0.13398
0.20559 -0.09684 0.12800
-0.38538 0.13166 0.04292
-0.33667 -0.09614 0.16776
-0.26532 0.00887 0.16515
0.32937 -0.12742 -0.16551
-0.20884 0.13901 -0.02794
-0.15461 0.11872 0.01332
0.15608 0.04314 0.16544
0.25504 -0.16907 -0.12075
0.39808 -0.04539 -0.09933
-0.36759 -0.02051 -0.00301
-0.19204 -0.08168 0.16440
-0.24083 0.04254 -0.14425
0.31703 -0.06284 -0.17422
-0.34338 0.09155 0.12331
0.14300 0.09232 0.13032
0.29345 -0.16836 -0.15114
0.19588 -0.10759 -0.16895
-0.28519 -0.05895 -0.11461
0.15821 0.02604 -0.07401
-0.29673 0.13747 0.06487
-0.09319 0.05498 0.01861
-0.21180 -0.15718 0.18770
-0.29894 -0.03138 0.06505
-0.07888 -0.15887 -0.17037
-0.35059 -0.08691 0.00800
-0.35031 -0.04473 0.02484
-0.33193 0.14242 -0.01163
-0.06642 0.06122 -0.05836
0.20924 0.03988 -0.09510
-0.10617 0.02309 0.15790
-0.23970 -0.10450 -0.15341
-0.32288 -0.07453 0.06577
0.32293 -0.14103 0.11248
-0.14212 -0.03431 0.03039
-0.27584 -0.09384 -0.14898
0.02753 0.13037 -0.12202
-0.29894 -0.03032 -0.02831
-0.00281 -0.03136 -0.12016
0.22369 0.02316 0.09333
-0.20298 -0.07579 0.12376
-0.18511 0.08859 0.14134
-0.29894 0.01895 0.05398
0.42208 -0.16470 0.05840
0.41796 -0.08305 0.02728
0.00228 -0.09337 0.12829
-0.39346 0.16614 -0.06058
-0.39685 0.16714 -0.10058
-0.06913 0.11703 -0.07638
-0.25757 -0.12383 0.16489
0.10803 -0.07452 -0.05178
0.00377 -0.08748 0.12536
0.21174 -0.12649 0.13045
0.00745 0.14044 0.07912
-0.31218 0.13850 -0.03102
-0.29004 -0.05584 -0.04462
-0.23126 -0.17673 0.12501
0.12009 -0.06340 -0.01679
0.38741 -0.11621 -0.05972
-0.35019 0.01521 -0.02834
-0.35033 0.00779 -0.01637
-0.36416 0.02503 -0.02819
0.25890 -0.11787 0.16489
-0.18605 0.13248 0.13128
-0.10461 -0.16322 0.16607
0.32725 -0.09808 0.13822
-0.34468 -0.05376 -0.10086
-0.05635 0.12188 -0.12690
-0.31574 -0.07497 0.06881
-0.00606 -0.05235 -0.05853
0.23220 -0.15638 -0.14503
-0.00389 -0.09332 -0.10339
0.18085 -0.02799 0.16830
-0.35890 0.03185 -0.08546
0.35683 -0.02124 -0.14161
-0.00097 -0.09017 0.03120
0.12189 0.02362 0.05276
-0.01398 -0.06465 0.12966
0.09569 0.14044 -0.05710
-0.05410 -0.15337 0.17164
0.08765 0.12894 0.13298
-0.03124 0.02771 -0.13077
-0.01074 -0.12133 0.01867
0.02849 -0.11521 0.01767
0.05614 -0.12959 0.02002
0.27682 -0.10575 0.16249
0.00520 -0.09937 0.12511
-0.35511 -0.01115 0.13252
0.02953 -0.07875 -0.17082
-0.04038 0.11916 -0.12651
-0.24626 -0.12978 -0.00162
-0.28545 -0.12978 0.03096
-0.29292 -0.12978 0.03966
0.31696 -0.09277 -0.16014
-0.25170 0.13325 -0.11746
-0.30899 -0.08433 -0.05701
-0.25888 0.13508 0.12720
0.16832 -0.04970 -0.10015
0.22751 -0.03397 -0.17033
-0.15935 -0.16898 0.16567
-0.36609 -0.00583 -0.03493
-0.34947 0.11382 -0.04151
0.38499 -0.11410 0.11799
0.37812 -0.10905 -0.09627
0.40783 -0.08954 -0.06112
-0.06229 -0.10899 -0.16945
-0.06625 -0.05582 0.14739
0.11542 -0.04159 0.17107
-0.03639 -0.09289 0.14392
-0.05399 -0.06873 0.14410
-0.32022 -0.06893 -0.14050
0.20712 0.01876 0.15007
0.00934 -0.07143 -0.13098
0.04308 0.06564 -0.14668
-0.18763 -0.05718 0.17412
-0.26178 -0.04705 -0.14256
0.09477 0.02497 -0.15422
0.15190 -0.07911 0.14009
0.14507 -0.08387 0.14043
-0.22131 -0.16342 0.16515
0.19218 -0.11472 -0.11696
-0.27366 0.13322 0.11631
-0.30873 0.01257 0.06276
0.07039 0.13738 0.05693
0.02173 0.14224 -0.02397
-0.21593 0.12078 0.13210
-0.14623 -0.05526 -0.14477
-0.09938 -0.05921 -0.14453
-0.18035 -0.05747 -0.04671
-0.12012 0.06403 -0.14720
-0.16816 0.02218 -0.15878
-0.31012 -0.12474 0.12108
-0.28906 -0.12561 0.12108
-0.34435 -0.14310 0.08987
-0.26686 -0.05662 0.11724
-0.32089 -0.10951 -0.14152
0.17782 -0.13327 0.00228
-0.36343 -0.08002 -0.14832
-0.34945 0.00214 0.13999
-0.35720 -0.07964 0.13879
0.19890 0.06516 -0.05019
-0.02033 -0.02485 0.07790
-0.34737 -0.08120 -0.07918
-0.34888 -0.05973 -0.05921
0.02469 -0.11906 0.16792
-0.06882 0.09788 -0.11510
-0.35599 -0.13094 0.12212
0.27617 -0.04813 0.10648
-0.03517 0.02896 0.15313
-0.00578 0.12158 0.13353
-0.28051 -0.06252 -0.12070
-0.19299 -0.09644 -0.11248
-0.17112 0.07843 -0.14374
-0.04478 0.13975 0.01969
-0.08996 -0.12774 0.14351
-0.17907 0.09117 -0.14134
-0.25589 -0.17267 -0.15507
0.26675 0.01703 0.02079
-0.21359 -0.02240 -0.14317
0.04478 -0.14693 -0.17212
-0.06950 0.08105 -0.03411
-0.23900 -0.05263 -0.17563
-0.25927 -0.05176 0.15749
0.13444 -0.04820 0.17133
-0.30095 -0.03664 0.04977
0.33877 -0.00918 -0.15606
0.08079 0.00365 0.06289
-0.13093 0.01586 0.16385
0.07442 -0.04974 -0.14192
0.09303 -0.05185 -0.14186
0.01368 -0.05250 -0.00602
-0.21713 0.13901 0.02624
-0.26895 -0.17708 -0.13292
-0.03813 -0.06118 0.17075
-0.00085 -0.04040 -0.17102
-0.29037 -0.15529 -0.17587
-0.21457 -0.05963 0.13296
-0.29867 -0.08006 0.11570
-0.28246 -0.03654 0.04899
0.15681 0.02580 0.02964
-0.36380 0.02705 -0.03468
0.01682 -0.14974 0.17218
-0.15856 0.03703 -0.15210
0.16347 0.02524 -0.07985
-0.14887 -0.07057 -0.17100
0.01905 -0.11492 -0.14153
0.00361 -0.12007 -0.14172
0.38322 -0.11778 -0.04432
-0.00151 -0.05724 0.01193
-0.13997 -0.04654 -0.17132
-0.13100 0.14214 0.07519
0.11573 -0.03344 0.06966
0.38578 -0.14520 0.06621
0.38456 -0.14534 0.04902
0.00015 -0.08794 -0.09698
0.17320 -0.16913 -0.16749
0.13042 -0.05773 0.01823
0.16615 -0.07507 0.02310
-0.26979 -0.08420 0.15251
-0.32708 -0.06183 0.08160
0.12635 0.13349 -0.02878
0.31318 -0.15588 -0.11666
-0.23161 -0.04850 -0.13376
0.13731 -0.08352 -0.14092
-0.18928 0.02817 0.15106
0.27814 -0.05298 0.12995
-0.08106 -0.13567 0.07538
-0.04235 -0.13567 0.12195
-0.07122 -0.13567 0.05447
-0.12000 -0.13567 -0.11609
0.07927 -0.13567 0.04081
-0.03964 -0.13567 0.03863
-0.00135 -0.13567 0.09960
-0.14374 -0.13567 0.06425
-0.11038 -0.13567 0.11196
-0.16396 -0.13567 0.15241
-0.15286 -0.13567 0.07808
0.07182 -0.13567 0.05624
-0.12889 -0.13567 0.00705
0.00948 -0.13567 0.11564
-0.07645 -0.13567 -0.00081
-0.10141 -0.13567 -0.09526
0.01789 -0.13567 0.09473
-0.11566 -0.13567 0.04209
-0.13148 -0.13567 0.08326
-0.01811 -0.13567 0.00660
-0.11677 -0.13567 0.10118
0.12638 -0.13567 0.10669
-0.02055 -0.13567 0.07904
0.05569 -0.13567 0.03516
0.13901 -0.13567 0.08237
-0.09568 -0.13567 0.00178
-0.04368 -0.13567 -0.03500
0.09379 -0.13567 0.06181
-0.00186 -0.13567 0.08229
-0.08991 -0.13567 0.03060
-0.10334 -0.13567 -0.06442
-0.11028 -0.13567 -0.02824
-0.01373 -0.13567 -0.01073
0.13084 -0.13567 0.08245
-0.00640 -0.13567 0.12641
-0.01444 -0.13567 0.10310
-0.12999 -0.13567 0.02067
-0.04471 -0.13567 -0.01850
-0.07463 -0.13567 -0.01447
-0.06952 -0.13567 0.04246
-0.01160 -0.13567 0.05690
-0.02595 -0.13567 0.10378
-0.15778 -0.13567 0.00130
-0.17126 -0.13567 -0.07821
-0.05040 -0.13567 -0.01706
-0.17257 -0.13567 -0.11525
-0.10557 -0.13567 -0.10126
-0.02166 -0.13567 0.02483
0.00209 -0.13567 0.06311
-0.06130 -0.13567 0.08977
-0.16216 -0.13567 -0.14649
-0.11017 -0.13567 -0.03820
-0.07011 -0.13567 0.10232
0.12232 -0.13567 0.08609
-0.10105 -0.13567 0.10914
-0.15879 -0.13567 -0.10054
0.00526 -0.13567 0.02732
-0.17534 -0.13567 0.14406
-0.14566 -0.13567 0.10968
-0.08204 -0.13567 0.13163
-0.12586 -0.13567 -0.05545
-0.10775 -0.13567 -0.00366
0.05053 -0.13567 0.01998
-0.08137 -0.13567 0.08780
0.04389 -0.13567 0.09135
0.05985 -0.13567 0.08235
-0.14541 -0.13567 0.02355
0.06069 -0.13567 0.10699
-0.02131 -0.06809 -0.04144
0.22983 0.01872 -0.11452
0.01655 -0.05777 -0.00709
-0.02005 -0.06209 0.12590
-0.28929 0.13874 -0.01582
-0.30849 0.13866 -0.00902
0.31066 -0.15514 0.15222
0.22462 -0.11498 -0.14853
-0.13610 -0.07488 0.17091
0.33102 -0.11489 -0.15166
-0.27780 0.14344 -0.01275
0.31435 0.01647 -0.09163
0.07295 -0.07885 -0.10176
0.32975 -0.07531 0.15147
0.09811 0.13484 0.07297
-0.32708 -0.09715 -0.00330
-0.08727 0.02731 -0.15040
0.36029 -0.02196 0.13042
0.40220 -0.04305 0.00232
0.23632 -0.06315 0.12868
0.06262 0.13195 -0.13101
-0.06792 0.04315 -0.07349
-0.06326 0.08263 -0.14375
0.23494 -0.05702 0.11589
0.12316 0.00912 0.07849
0.04996 0.13901 -0.09068
-0.30815 -0.13077 -0.12108
0.39508 -0.10362 -0.09801
0.05247 0.03570 -0.15166
0.26607 0.01797 -0.12427
-0.37745 -0.11863 0.04502
-0.15929 0.02651 0.15571
0.21541 0.05112 0.01464
-0.31018 -0.04939 0.03683
0.18093 -0.10294 0.13168
0.18185 -0.09395 0.12743
-0.36786 -0.10469 0.12398
-0.01318 -0.04824 0.01189
-0.22400 -0.06867 0.04887
-0.27833 -0.07037 0.04766
-0.24716 -0.07365 0.04531
-0.26668 -0.07513 0.04426
-0.17404 -0.04603 0.06506
-0.22843 -0.04441 0.06622
-0.12281 0.02638 0.15317
0.12276 0.13553 -0.07703
-0.26013 0.03062 0.14963
-0.35761 0.02066 -0.11072
-0.15422 0.13687 -0.08287
0.15848 0.05096 -0.14177
0.03363 0.14073 -0.06892
-0.34117 0.05697 -0.14623
-0.20477 0.14363 0.02761
-0.08180 0.07236 -0.14584
-0.04638 0.05280 -0.09494
0.35804 -0.04066 0.14642
0.20066 -0.13567 0.07307
0.22706 -0.13567 0.05521
0.27961 -0.13567 -0.02851
0.24306 -0.13567 -0.05237
0.19339 -0.13567 0.00827
0.29169 -0.13567 0.02152
0.33942 -0.13567 -0.01090
0.27773 -0.13567 0.02809
0.23737 -0.13567 0.00098
0.17244 -0.13567 0.01988
0.25815 -0.13567 -0.00065
0.24963 -0.13567 -0.00172
0.20759 -0.13567 -0.02668
0.19531 -0.13567 -0.05037
0.20739 -0.13567 0.02865
0.26124 -0.13567 -0.01223
0.17183 -0.13567 -0.09079
0.29702 -0.13567 0.00678
0.17135 -0.13567 0.04715
0.17094 -0.13567 0.09253
0.31497 -0.13567 0.01460
0.21518 -0.13567 -0.06865
-0.06555 0.04569 0.01435
0.06682 0.14179 0.05376
-0.35686 0.05988 0.06541
-0.23551 -0.05237 0.13882
-0.04439 0.14385 0.02679
0.02974 -0.08312 -0.14223
0.06138 -0.07532 -0.14186
-0.37078 -0.12484 0.11288
-0.01669 -0.03045 0.13046
0.26389 -0.04977 -0.17485
-0.36667 -0.16734 -0.10992
0.00486 -0.06788 -0.02761
0.37273 -0.06439 -0.15306
-0.41334 0.16419 -0.03019
-0.41154 0.16389 -0.09252
0.34050 0.01273 -0.09037
0.03570 -0.09646 0.12427
0.07986 -0.00791 0.03845
-0.07959 0.13526 -0.10300
-0.29057 -0.10327 -0.02654
-0.06911 0.11550 -0.09442
0.16288 -0.09785 0.02245
0.13865 -0.07612 0.01887
-0.33096 0.13046 -0.10847
0.05484 -0.00669 0.16777
-0.02938 -0.02055 -0.01658
0.13646 0.12963 0.02871
0.09938 -0.00852 0.16790
-0.01243 -0.08424 -0.02434
-0.19410 0.02677 0.15479
-0.25368 -0.05241 -0.11504
-0.19135 0.13579 -0.12652
-0.17433 -0.07605 -0.17751
-0.29835 -0.00198 -0.01003
0.12501 -0.07403 0.01660
0.13783 0.02394 -0.15023
0.09406 -0.07359 -0.07130
0.13663 -0.16691 -0.17280
-0.28956 -0.16661 0.13976
0.35596 -0.11932 -0.16250
0.05215 -0.04789 0.17133
-0.21512 -0.05934 -0.13579
-0.20290 0.00302 -0.08194
0.31887 -0.15911 0.12840
-0.26018 -0.16997 -0.12868
0.00395 -0.07609 0.09729
0.35106 0.00143 0.14207
0.18308 -0.08192 0.08407
0.17993 -0.11265 0.08990
-0.29141 0.03270 -0.15172
-0.27502 0.02638 -0.00561
-0.05349 0.07268 0.05231
0.36523 0.00994 0.04647
0.28094 -0.05549 -0.14416
-0.35197 0.09653 0.05536
-0.27170 0.12865 -0.12454
-0.22997 -0.04737 0.03673
0.22305 -0.06269 -0.12196
-0.01283 -0.03935 -0.04361
-0.03612 0.02189 0.13368
0.21018 -0.10118 0.17011
0.37686 -0.14945 0.02759
-0.25838 -0.11958 -0.03660
0.09639 0.06086 0.14712
0.21014 -0.07486 -0.13172
-0.32887 -0.16981 0.16193
-0.06284 0.05103 -0.10335
0.01846 -0.08546 0.12595
-0.32629 -0.07520 0.07170
0.06059 -0.10891 -0.07541
0.07959 -0.10872 -0.08251
0.08663 -0.10865 -0.08506
0.08722 -0.10864 -0.03414
0.09314 -0.10858 -0.06472
-0.36081 0.04042 0.04129
-0.30225 -0.06239 -0.17255
-0.32525 0.07894 0.14283
-0.38246 0.06568 -0.04390
-0.02020 0.09142 0.14167
0.38306 -0.12955 0.02183
-0.27675 -0.05152 -0.14584
-0.30141 -0.08869 -0.02320
-0.10018 0.13911 0.10772
0.01083 -0.03035 0.17040
0.35738 -0.00420 0.08044
0.35192 -0.01086 0.07756
-0.35254 0.13287 0.15682
0.07562 -0.09511 -0.01642
0.28329 -0.11694 -0.14072
0.15823 0.02604 0.09555
-0.30737 -0.06797 -0.14050
-0.06814 0.05655 -0.10749
-0.04857 0.10002 -0.14066
-0.09303 -0.13962 -0.16781
-0.30424 -0.00688 -0.16679
-0.29625 -0.10604 -0.15251
-0.15961 0.12365 -0.02608
-0.13809 0.10569 -0.13780
0.19546 -0.10276 -0.12900
-0.04345 0.02633 0.13041
-0.26442 -0.03819 0.02500
-0.04417 -0.04066 -0.14332
0.00622 -0.05049 -0.14277
-0.06350 -0.15361 0.17112
0.04228 0.11850 0.13465
-0.30925 -0.08032 0.14237
-0.19071 -0.10602 -0.12256
-0.21704 -0.16284 -0.13332
-0.16066 -0.03392 0.01955
0.10070 0.01227 -0.16427
-0.06566 -0.11375 -0.16886
0.32466 -0.00919 -0.06603
-0.16714 0.14145 -0.08406
-0.03439 0.01914 -0.10849
-0.18668 -0.01111 0.09818
-0.28602 -0.11889 0.15251
-0.11386 -0.02734 -0.14354
-0.14712 -0.04119 -0.14435
-0.22347 0.07658 -0.14459
-0.03045 0.13807 0.06916
-0.39951 0.16086 -0.09474
-0.41147 0.16393 -0.13517
0.08972 -0.06590 0.02446
-0.24607 -0.17065 -0.15922
-0.35084 0.10355 -0.05367
-0.31112 -0.12760 0.18655
-0.32854 0.00043 0.15521
0.08793 0.13658 -0.05966
0.11808 -0.08723 0.11196
-0.20001 -0.03861 -0.17098
-0.34011 0.01003 -0.16162
0.12397 -0.01366 0.01069
-0.32978 0.04852 0.13853
-0.20674 0.13560 -0.09577
-0.19069 0.13572 -0.09485
0.18397 -0.16334 -0.17265
0.30596 0.01527 -0.11617
0.37788 -0.07948 -0.03047
-0.06892 0.10416 -0.11167
0.14426 -0.04201 -0.02353
0.25979 -0.17196 -0.15288
-0.35601 0.05873 0.07756
0.38148 -0.09410 -0.14290
0.30000 0.01195 0.14633
0.33703 -0.10733 0.12743
-0.21230 -0.01965 0.02578
-0.05911 0.02278 -0.15812
-0.25442 -0.00661 -0.01820
0.30413 -0.06523 -0.15520
0.36295 -0.15085 0.13596
-0.33746 -0.03962 0.16414
0.30198 -0.16179 -0.11528
-0.32306 -0.12126 -0.13175
0.17979 0.02247 -0.07998
-0.06428 -0.12430 0.16678
0.02733 -0.10119 -0.00348
0.02460 -0.10119 0.00981
0.08254 -0.00598 0.07870
-0.29547 -0.15296 0.11578
0.22900 0.01666 -0.12684
-0.40344 0.16187 0.04357
-0.40996 0.16348 0.07665
-0.34608 -0.02526 -0.16403
0.12868 0.01377 0.03133
0.00485 0.14256 -0.00862
0.29213 -0.05646 0.14686
-0.01129 0.14221 -0.04251
0.12260 -0.03494 0.00489
-0.04675 0.06799 -0.14549
0.00080 0.09819 -0.14020
0.10928 -0.00372 0.08060
0.34405 -0.16634 0.16709
0.32686 -0.13416 -0.14694
-0.04975 0.03705 0.14354
0.08300 0.11624 -0.13553
0.13098 0.13154 -0.03186
0.39824 -0.06628 -0.09503
-0.40988 0.17101 0.14233
-0.40718 0.17026 0.03755
-0.40748 0.17034 0.05537
-0.24409 -0.17896 -0.12158
-0.30411 0.14315 -0.00646
0.12350 0.12967 0.07683
-0.20474 0.13143 -0.13180
-0.04802 0.05753 0.09071
0.26546 -0.04818 -0.12876
0.19080 -0.10708 0.17173
-0.06551 -0.10286 0.14474
0.09539 -0.07674 -0.17094
-0.26731 -0.17759 0.14246
-0.04286 0.02169 -0.01019
0.36706 -0.13164 -0.11597
0.25764 0.01973 0.11011
0.21991 -0.06544 0.16840
0.34579 -0.02708 -0.01765
-0.19141 -0.08152 -0.15232
0.02943 -0.09803 -0.02414
0.12218 0.00750 0.07247
0.11608 -0.08593 -0.00635
0.37720 -0.08391 0.04408
-0.10908 0.04733 0.15050
0.17431 -0.05162 0.06803
0.16523 -0.04872 0.06960
0.18558 0.08302 -0.03332
-0.23771 -0.05368 0.12980
-0.35041 0.08763 -0.08834
-0.31612 -0.16759 -0.08761
-0.18203 -0.00223 0.16739
-0.39806 0.16052 0.02991
-0.40253 0.16164 0.08695
0.31578 -0.07618 0.13866
-0.14768 0.13928 0.10660
0.19094 -0.12770 -0.14610
-0.34013 -0.13143 -0.12769
-0.04920 0.00978 0.09676
0.16550 0.02487 0.11024
-0.18008 0.14005 -0.09977
0.05036 -0.12820 -0.16189
-0.41902 0.17579 -0.12480
-0.17920 -0.13228 0.12381
0.10841 -0.10597 0.09611
0.14887 -0.04348 0.07384
0.08317 -0.06520 0.01510
0.03947 0.12967 -0.12291
0.38535 -0.03651 0.06519
0.15789 -0.01969 -0.13945
0.21877 0.04174 -0.05494
0.29012 -0.17663 0.12689
-0.25655 -0.02608 0.03964
0.16935 0.09773 -0.05397
-0.06629 -0.05639 -0.09314
0.21716 -0.03696 0.17065
-0.03470 0.03550 0.02348
0.18563 0.03492 0.14367
0.33949 -0.11429 0.10021
0.27112 -0.11592 0.10021
-0.07049 0.10401 0.13878
0.17364 0.01346 0.16283
-0.37193 -0.11113 -0.09204
-0.23350 0.02433 0.01226
0.06879 0.10456 0.13913
0.28275 -0.16964 0.15810
-0.23601 0.11955 -0.12636
-0.04754 0.08510 -0.14190
0.06397 -0.10139 0.14143
0.08512 -0.10620 0.14090
0.30798 0.01516 -0.00014
-0.21939 0.11589 0.13535
0.21055 0.02612 -0.05479
0.09172 -0.10670 -0.16957
0.32255 -0.00001 0.02984
-0.04187 -0.01147 0.05311
-0.02960 -0.04729 0.06523
-0.04888 0.00804 0.05465
-0.28836 0.14326 0.01949
0.39247 -0.13187 0.11245
0.26488 -0.12037 0.15988
-0.01167 -0.03387 -0.12900
-0.02620 -0.02233 -0.14214
-0.01650 -0.02116 -0.14191
-0.13823 -0.08215 0.17066
-0.02606 0.13583 -0.09847
-0.17845 0.14238 -0.06922
-0.11918 0.13937 0.10590
0.15548 0.05506 0.14857
0.35832 0.01262 -0.02146
-0.10046 0.07025 0.02405
-0.05494 0.03457 -0.14392
0.23492 0.03221 0.04335
-0.25506 -0.17644 -0.11465
0.38104 -0.10220 -0.14320
0.24806 -0.06782 -0.10021
0.28676 -0.11259 -0.14072
-0.36874 -0.07786 -0.02358
0.19938 -0.09697 0.16838
-0.29957 -0.14762 -0.11954
-0.36321 -0.01023 0.07970
0.23481 -0.05590 -0.15967
-0.23101 0.13806 0.05685
-0.01970 -0.07187 -0.10407
-0.03015 -0.04348 -0.09583
0.08492 -0.10448 -0.12175
-0.32293 0.13952 0.09002
-0.29123 -0.11671 -0.15251
-0.20844 -0.03976 -0.02400
-0.03633 -0.02855 0.07211
0.31329 -0.07294 -0.12505
-0.15072 -0.02161 0.00634
-0.31216 -0.13778 -0.12488
-0.25132 -0.04833 -0.04634
0.05217 0.05341 -0.14882
0.39550 -0.08982 0.11870
-0.30095 -0.05317 0.05058
-0.20839 -0.00083 0.14306
0.05570 0.14157 0.02855
-0.36852 -0.08473 -0.06461
-0.36439 -0.09454 0.14428
-0.37473 -0.16005 -0.00632
0.00653 -0.07210 -0.12588
0.12602 0.02341 -0.15413
-0.21025 0.02850 0.15423
0.13481 -0.12859 0.16346
0.34656 -0.11345 -0.13919
0.26413 -0.11204 0.16341
-0.30401 -0.07308 0.14192
0.10849 -0.02708 0.17011
-0.17148 0.07266 -0.14500
-0.22661 0.02823 0.15138
-0.15242 -0.02421 0.14384
-0.13251 -0.02371 0.14361
0.07808 0.13779 0.02893
-0.08547 0.08627 0.14279
-0.03033 0.07079 0.14487
-0.34951 -0.05220 0.04645
-0.34924 -0.08734 0.05261
-0.24581 -0.08044 0.15251
-0.23907 -0.04072 -0.03789
-0.31077 -0.16604 -0.07537
0.35638 -0.02856 -0.11646
0.12039 0.02430 0.14808
0.35824 0.00667 -0.10892
0.41673 -0.05403 0.00416
-0.20945 -0.06902 0.12108
-0.22991 -0.06990 -0.14991
0.37080 -0.10272 0.10195
0.37166 -0.15262 0.08913
-0.21869 -0.09065 -0.15251
0.04584 -0.16907 0.16064
-0.35967 0.05577 -0.00794
-0.33203 -0.07548 -0.13902
0.14871 0.12486 0.03211
0.38858 -0.09776 0.07052
0.34626 -0.13422 0.14363
0.34628 -0.13259 0.11832
0.28555 -0.11343 0.16489
-0.06041 -0.00800 -0.16818
-0.04234 0.13623 -0.12414
-0.28251 0.01298 -0.07010
-0.06844 0.07485 -0.11461
-0.35863 -0.05410 -0.11948
0.10350 -0.16910 0.15845
-0.35006 0.09622 -0.07813
-0.21644 0.00764 0.14293
-0.00382 -0.08973 -0.09125
0.32311 -0.02712 0.16625
-0.18386 -0.04156 -0.06302
-0.22375 -0.04764 -0.05829
-0.22337 -0.04404 0.06350
-0.20545 -0.04708 0.06112
-0.26022 -0.04566 0.06223
-0.27459 -0.16785 -0.14350
-0.23763 -0.15042 -0.14898
-0.18532 0.02808 -0.14911
0.38575 -0.13544 -0.03810
-0.41159 0.15427 0.11867
-0.41032 0.15394 0.11195
0.07423 0.13777 -0.03821
0.18287 -0.08396 0.13917
-0.06805 0.05092 -0.09942
-0.28894 0.01740 -0.06458
0.31019 0.00812 0.05700
-0.17223 -0.11915 0.14518
0.22249 0.01657 -0.14376
-0.06443 0.06407 0.14757
-0.01867 0.11331 -0.13664
-0.02223 -0.01967 -0.16951
0.13356 0.11336 0.11555
-0.01152 -0.11650 -0.16838
0.06395 -0.11560 0.16858
0.40892 -0.07492 0.06038
-0.20501 -0.15222 0.14407
-0.07900 0.06856 0.14660
0.09901 0.13226 0.09435
-0.34808 0.01249 0.06911
-0.25968 -0.11035 -0.16489
0.06254 -0.05146 0.17132
-0.18698 -0.09260 0.14503
-0.35336 0.09816 -0.00502
-0.00822 -0.08793 -0.17046
0.09320 0.02257 0.09365
0.33854 -0.02256 0.04019
-0.26131 -0.05850 -0.04804
0.00155 -0.06839 -0.05482
-0.33600 -0.00811 -0.14186
-0.10881 0.13677 0.08581
-0.32962 0.10447 -0.12603
0.11740 0.05379 -0.14805
-0.35854 0.00257 -0.11182
-0.04771 0.05639 0.08481
0.38251 -0.11842 0.06927
-0.24615 0.14152 0.07889
-0.19256 -0.12998 -0.17422
0.38021 -0.10980 -0.02417
0.03944 0.02072 -0.15841
0.37042 -0.03514 -0.05182
0.33411 -0.08511 -0.17107
-0.05252 0.03086 -0.04390
-0.25496 -0.08914 0.15039
-0.24960 -0.04000 0.14050
-0.31168 -0.00444 0.14050
-0.26017 -0.04333 0.14050
0.27717 -0.00896 -0.16040
-0.24044 -0.03971 -0.02393
-0.27684 0.14217 -0.06062
-0.21207 0.10440 -0.13736
0.00597 -0.07020 -0.01494
0.05567 0.12949 -0.12281
-0.29495 -0.07173 -0.15027
0.29613 -0.07431 -0.15207
0.06473 0.14140 -0.00730
0.18217 -0.12247 -0.02628
0.15511 -0.09143 -0.02172
0.42106 -0.16564 -0.05845
0.36009 -0.02891 0.10945
-0.21086 -0.06995 -0.13312
-0.35677 0.05414 -0.07628
0.33158 0.01362 -0.09722
-0.06898 0.04775 0.02555
-0.35772 -0.07229 -0.12487
-0.20768 0.08818 -0.14122
-0.11329 0.14000 0.06264
-0.39728 0.15389 -0.10109
-0.41281 0.15775 -0.14252
-0.39816 0.15410 0.03836
-0.41475 0.15823 -0.09922
-0.41240 0.15765 -0.14917
0.06646 0.13899 -0.09753
0.15363 -0.04500 -0.07640
0.14234 -0.04139 -0.06769
0.02169 -0.10219 0.12366
0.16676 0.00531 -0.16537
0.04879 -0.11658 0.01789
0.08338 -0.12380 0.01907
-0.19414 -0.01933 0.04005
0.30188 -0.16160 -0.14868
0.03665 0.14066 0.06934
-0.19745 -0.08358 -0.15017
-0.31009 -0.08466 -0.02175
0.08130 -0.06826 0.14169
0.11932 -0.05962 0.14151
0.07769 -0.05351 0.14196
0.13805 0.06863 0.14578
-0.02250 -0.07088 0.17100
-0.02446 -0.01315 -0.09365
0.08831 -0.07036 -0.11459
0.27300 -0.04766 -0.15428
0.03527 0.13683 -0.11663
0.07306 0.04848 0.14948
0.28663 -0.17260 0.11327
-0.00394 0.02643 0.15085
0.23530 -0.16143 -0.16532
0.29212 -0.00089 0.16445
-0.04867 0.03168 0.15425
0.33525 -0.01492 0.02578
-0.25014 0.13940 -0.10314
-0.27064 0.12869 0.12477
-0.36854 -0.06574 -0.02890
0.25182 0.01555 -0.14927
0.09396 0.03875 -0.15070
-0.07073 0.09629 0.09501
0.33122 -0.11203 0.12815
-0.30882 0.12652 0.12257
0.26683 -0.08526 0.15251
-0.01705 0.14241 0.03683
0.19328 0.07103 0.05246
-0.22613 -0.16542 -0.12166
0.36583 -0.02422 -0.12758
-0.27047 -0.05581 -0.16213
0.11519 0.07174 -0.14508
0.17243 -0.12312 0.13806
-0.23595 -0.01742 -0.16937
0.12226 0.13423 0.01723
0.15305 0.09098 -0.11708
-0.22660 0.02281 0.15830
-0.36775 -0.15013 -0.07560
-0.22464 -0.05419 -0.12193
-0.30545 -0.07614 -0.13764
-0.35260 0.06768 0.09632
-0.06919 0.12102 -0.03403
0.27561 -0.17914 -0.16143
-0.37605 -0.10382 -0.05574
0.17681 -0.04904 -0.13845
0.01612 -0.10709 0.11869
-0.19052 -0.10743 0.11468
0.31755 -0.06482 -0.15610
-0.21558 0.03943 0.15139
-0.04778 0.13795 0.07319
0.41022 -0.15653 0.05993
0.11247 -0.16910 -0.17125
0.07463 0.13727 -0.05594
0.05228 0.13981 0.07989
-0.36003 -0.04943 0.11141
-0.30461 -0.07565 0.12108
-0.23861 -0.16967 0.16852
-0.36044 -0.08450 0.03588
-0.36604 -0.00171 0.03139
-0.20869 -0.06653 -0.16635
0.22569 0.02928 -0.07329
0.18381 -0.07486 -0.06323
0.29168 -0.02291 -0.16447
0.02198 0.10206 0.13942
-0.00212 -0.10569 0.11343
