0.31257 -0.04750 0.13930
0.02143 -0.00667 0.13530
0.22295 -0.04641 0.02836
0.21760 -0.03253 0.03104
0.27685 -0.03597 0.02789
-0.07164 -0.04057 -0.08561
-0.07164 -0.04091 -0.07269
0.29650 -0.05366 -0.06724
0.34824 0.00273 0.01745
0.32813 -0.10212 -0.10966
0.36078 0.02567 0.04692
0.29935 0.01642 -0.02060
0.25563 0.01642 -0.01992
0.36831 -0.05560 0.10972
-0.05847 0.10966 -0.07492
0.38040 0.00478 0.08922
-0.07990 0.02519 0.05499
-0.26568 -0.06794 0.13841
-0.29534 -0.02914 0.13297
0.04071 0.02009 -0.01273
0.04070 0.02022 0.00831
0.22024 -0.02304 0.01809
0.21392 -0.01817 0.01363
-0.19490 0.09510 0.03127
0.02350 -0.02676 0.13520
0.03141 -0.02476 0.13527
0.01948 -0.02341 0.13532
-0.01205 -0.02699 0.13519
-0.34556 0.05475 -0.03075
-0.25879 -0.00961 -0.14840
0.31135 -0.03743 0.00757
0.30887 -0.07161 -0.12995
-0.22006 -0.07420 -0.14835
-0.05349 -0.02656 0.02071
0.26006 -0.02600 -0.03474
0.08809 0.04544 -0.06187
-0.00100 0.09557 -0.04420
0.06042 0.06105 -0.05556
0.32286 -0.00045 0.02067
0.23516 -0.06600 -0.07189
-0.38968 0.04254 0.00139
0.24964 -0.00680 0.05600
0.29584 0.03101 -0.06617
0.22271 -0.02855 -0.03819
0.22664 -0.01457 0.04707
0.21006 -0.01452 0.04712
0.22228 -0.07804 -0.07242
0.22795 -0.00045 -0.06106
0.24247 -0.00354 -0.06376
0.22182 0.00707 -0.05449
0.25946 -0.00316 -0.06342
0.22783 0.01717 -0.04567
0.27499 0.00288 -0.05815
0.21056 0.00766 -0.05398
0.24860 0.01052 -0.05148
0.30010 0.03153 -0.04705
-0.19162 0.09196 0.11655
0.20393 -0.00957 0.00676
-0.17511 0.09766 0.08206
-0.39648 0.04000 -0.04409
-0.42954 0.03020 -0.05709
0.00483 -0.02510 -0.08416
-0.37707 -0.04819 0.06912
0.26317 -0.05031 -0.02116
-0.13580 -0.06876 0.07727
0.35123 0.02695 -0.04052
0.13796 0.03483 -0.07754
0.25562 -0.03395 -0.03958
0.21888 -0.03656 -0.03988
0.31371 0.01642 0.03447
0.09698 0.03793 0.08609
0.23058 -0.02951 -0.00032
0.36662 0.02572 0.02098
-0.28928 0.00802 0.11888
0.44408 -0.00023 0.04292
-0.17248 -0.04577 0.03991
-0.12417 -0.03144 -0.10278
0.06383 -0.06098 0.14525
0.10777 -0.06098 0.14510
0.24005 0.03667 0.00210
0.35914 0.02637 -0.02974
-0.28646 -0.05665 -0.13841
-0.10687 0.10485 -0.11547
-0.12873 -0.05777 0.14492
0.01981 -0.01878 -0.00751
-0.07943 -0.02637 0.13521
-0.08563 -0.03053 0.13506
-0.10210 -0.02685 0.13519
-0.00276 -0.02984 0.13509
0.17705 -0.00966 -0.14870
-0.08994 0.10998 0.00999
-0.02654 -0.07091 -0.03045
-0.33160 0.05854 -0.03838
-0.34438 0.05538 0.00152
-0.08423 0.04078 -0.11099
-0.45600 -0.01259 -0.00115
0.30502 0.03189 -0.01604
0.28623 -0.10304 -0.11029
0.38632 0.02276 0.04665
0.35829 0.02002 -0.07957
-0.00552 -0.01771 0.03139
0.08798 -0.04749 -0.01182
-0.36068 -0.03615 -0.14516
-0.20332 0.03253 -0.09886
-0.26581 -0.06009 0.11959
0.00692 -0.00682 0.03155
0.29292 -0.05491 0.13841
0.22580 -0.03344 0.00155
0.19829 -0.07739 -0.07422
0.44038 -0.02863 -0.01925
-0.22230 -0.02423 0.10960
0.22645 -0.07702 0.06936
0.28560 -0.04476 0.01915
-0.03317 -0.02285 0.11113
-0.17851 -0.06143 -0.14417
-0.07362 0.01144 0.14652
-0.05213 0.01070 0.14658
-0.12908 0.00742 0.14681
-0.08353 0.00660 0.14686
-0.28198 -0.04939 0.06744
-0.23586 -0.05870 0.11959
0.17809 0.03840 0.05150
-0.33206 -0.05782 -0.07006
-0.07667 0.01090 -0.10443
0.30163 -0.01744 0.12495
0.28748 -0.06928 -0.07394
0.05406 0.06569 0.03118
0.09655 0.04161 0.04657
0.07683 0.05289 0.03639
-0.02563 -0.06906 0.04170
-0.20766 -0.05892 -0.11546
-0.25981 -0.02998 0.12757
0.27403 0.00160 -0.04289
0.08556 0.04228 -0.11554
0.05106 0.06306 -0.09449
0.05511 0.06110 -0.09223
0.07265 0.04954 -0.11279
0.08152 0.04485 -0.11176
0.06818 0.05388 -0.09374
0.30194 -0.04009 -0.13841
0.04008 0.02811 0.10882
-0.30088 0.06498 -0.09256
-0.32830 -0.03759 -0.14279
0.21016 -0.05480 -0.02521
0.25159 -0.05480 -0.02959
0.23042 -0.07362 0.07808
-0.18169 -0.01597 -0.09588
-0.08783 -0.07263 -0.07036
0.32123 -0.01941 -0.00586
-0.24152 -0.10499 -0.12250
0.44300 0.00330 0.08728
0.30106 -0.02487 -0.07009
0.36588 -0.02396 0.14807
0.00591 0.08488 -0.11434
0.03143 0.07020 -0.12326
-0.02831 0.10436 -0.10373
0.35086 -0.03845 0.11283
-0.00111 -0.02444 -0.10793
0.29753 -0.03203 -0.13841
0.30899 -0.08927 0.14781
-0.21559 -0.08173 0.14022
-0.19605 0.05804 -0.13053
0.03921 0.03730 0.14146
0.20501 -0.06483 0.14388
0.36275 0.01830 -0.11982
0.37567 0.01688 -0.12845
0.04341 -0.06656 0.04431
-0.22164 -0.05849 0.06766
0.44809 -0.03372 0.01365
0.28377 -0.08509 -0.14840
-0.07728 -0.02501 -0.13526
-0.10747 -0.02367 -0.13531
-0.00491 -0.02524 -0.13525
0.20393 -0.00876 0.01695
-0.27695 0.02925 -0.14610
0.22670 0.00578 -0.05355
0.32565 -0.04155 0.00370
-0.25209 -0.03602 -0.12557
-0.27484 -0.01051 -0.11018
-0.03965 0.02574 -0.13280
-0.06861 0.02463 -0.13294
0.04224 0.02764 -0.13257
0.28320 -0.06293 -0.06771
0.21579 -0.02230 -0.00499
-0.09869 -0.02620 -0.13522
-0.12645 -0.02401 -0.13529
-0.10541 -0.02962 -0.13510
0.30519 -0.08815 0.11018
0.22343 -0.01219 -0.01085
0.25944 -0.00829 -0.01579
0.21802 -0.01033 -0.01320
0.30380 -0.04201 -0.12258
0.27895 -0.03873 0.14361
0.18179 0.02894 -0.14541
0.16753 0.03200 -0.14464
0.32066 0.03030 0.02833
-0.27563 -0.11028 -0.14380
0.30673 -0.11053 0.14011
0.22101 0.01803 0.00070
0.08368 0.03215 0.13400
-0.18419 -0.02191 -0.14763
0.18538 0.03889 -0.03000
0.00177 -0.04433 0.13413
0.07059 -0.04750 0.13385
0.02327 -0.04166 0.13436
-0.11444 -0.04072 0.13445
0.08535 0.05531 0.02047
-0.31451 0.06184 -0.07991
-0.21987 -0.06138 0.07470
0.24508 -0.01938 -0.02940
0.23346 -0.01491 -0.02560
0.26516 -0.01774 -0.02800
0.31977 -0.03186 0.13259
-0.44912 -0.01282 0.12063
0.43972 -0.02808 -0.04601
-0.15670 0.10314 0.02803
-0.13274 -0.03063 0.04000
-0.23718 0.08500 0.02064
0.31778 -0.01523 0.12925
0.33229 -0.01016 -0.14840
-0.39287 -0.01309 -0.15424
0.29451 -0.01588 0.00236
0.08658 -0.04150 -0.13438
0.02689 -0.04668 -0.13393
-0.01086 -0.04515 -0.13406
0.22113 0.02699 0.01910
0.04763 0.06105 -0.12774
0.28373 -0.05119 0.02234
0.24971 -0.05026 0.02234
-0.09070 0.10774 0.08605
-0.17990 -0.04257 -0.08410
-0.25721 0.07490 -0.11677
-0.11822 0.10478 0.10125
-0.10340 0.04196 0.06176
-0.09214 -0.00959 0.04537
-0.09457 0.00155 0.04802
-0.08925 -0.02285 0.04199
-0.09710 0.01314 0.06244
-0.10420 0.04564 0.09496
-0.09944 0.02385 0.08777
-0.10312 0.04070 0.09132
-0.10625 0.05503 0.11185
-0.10120 0.03189 0.05930
0.39042 0.01606 -0.07996
-0.29167 0.00708 0.13696
0.09827 -0.07553 -0.07772
0.34391 -0.09517 0.10969
0.32297 0.02415 -0.14478
-0.21077 -0.02773 -0.12266
-0.22669 0.00928 -0.14976
0.19076 0.03901 0.00738
-0.34648 -0.05257 -0.07889
-0.18114 -0.01997 -0.00758
0.12504 -0.07634 -0.06937
-0.44927 -0.00883 0.13450
0.17581 0.03940 0.01755
0.29343 -0.10190 0.14825
0.08798 -0.06253 -0.13059
-0.41510 -0.01249 0.15810
-0.18466 0.00005 -0.11971
-0.18114 -0.01996 0.09756
0.17629 0.03176 -0.12156
0.15729 0.03220 -0.10868
0.44029 -0.03356 0.10667
0.22148 0.00676 0.14932
0.17409 0.00179 0.14870
0.26455 0.00846 0.15002
-0.27259 -0.00013 -0.10960
0.10872 0.03819 0.07202
-0.12629 -0.04446 0.03991
-0.08202 -0.03487 -0.09068
-0.01886 -0.07544 -0.04076
0.28891 -0.07608 0.13919
0.20393 -0.03086 -0.03737
0.04290 0.03974 0.04959
0.34611 -0.07675 0.14840
0.31785 0.01175 0.12485
-0.22422 0.07029 -0.12236
0.45628 -0.03002 -0.00834
0.23570 -0.05319 -0.03338
-0.33231 -0.04468 -0.08275
0.10263 -0.07806 -0.07310
-0.41905 0.03411 -0.01189
-0.39356 0.04141 -0.00567
0.04560 0.04427 0.09237
0.10818 0.01762 0.14631
0.11990 0.01669 0.14661
0.12956 0.01443 0.14700
0.27036 -0.07640 -0.07170
0.24706 -0.04098 -0.02073
0.26080 -0.04109 -0.02073
0.42504 0.01729 0.04361
-0.20289 0.03274 -0.01623
0.32286 -0.01405 0.01239
-0.17990 -0.04309 -0.00005
-0.18578 0.00485 0.01989
-0.18558 0.00403 -0.03721
-0.41330 0.03283 0.09953
-0.27908 0.07245 0.06193
-0.25082 -0.05408 -0.11959
0.28088 -0.03176 0.02526
-0.13978 0.10531 -0.02849
-0.07238 -0.01715 0.08798
0.39513 0.02251 -0.00311
-0.21630 -0.06103 -0.10962
-0.13670 -0.03036 -0.07170
-0.32815 -0.06382 0.12043
0.22023 -0.01822 0.00153
0.23515 -0.05383 0.01846
-0.06912 -0.02488 0.07042
0.27724 -0.07249 0.07750
0.39029 0.02162 0.06138
-0.30810 -0.00560 -0.11000
0.33790 0.02236 -0.14495
0.17046 0.03913 0.03705
0.13853 0.03470 0.14403
0.22406 0.01969 0.14773
0.31284 -0.02116 -0.06672
-0.09678 0.06153 -0.11387
0.05064 0.04180 0.06847
-0.25547 0.02404 -0.14759
0.24079 -0.03504 -0.02499
0.20605 -0.03504 -0.02609
0.42656 0.01690 0.05044
-0.19559 -0.06370 -0.07888
0.20384 -0.07730 -0.06980
-0.31995 -0.05790 0.14838
-0.19348 0.01699 -0.12229
-0.36865 -0.05625 -0.07684
0.44118 -0.00826 -0.04088
-0.24452 -0.08106 0.14781
0.04115 0.01719 0.08556
0.01962 0.02121 0.08161
0.20476 -0.02722 -0.03056
-0.22654 0.08698 -0.05682
-0.43591 0.01517 -0.02015
-0.43570 0.01398 -0.00204
-0.16283 -0.02671 -0.14737
-0.26963 -0.07677 -0.11959
-0.15102 -0.06098 -0.14589
0.32538 -0.10971 0.14262
-0.03193 -0.02286 -0.11343
-0.32402 -0.05193 -0.06727
0.34246 -0.07557 0.11959
-0.00151 -0.06054 -0.14453
0.18623 0.03923 -0.00039
-0.18191 -0.01459 0.00182
-0.10074 0.05031 -0.03871
0.44143 0.00010 -0.06329
0.29326 -0.01643 0.11959
0.27455 0.01642 -0.02327
-0.23534 0.08528 -0.03341
-0.03851 0.11101 0.02526
0.25169 -0.04905 0.11295
0.27389 -0.06765 -0.06707
0.32226 0.02622 0.00679
0.31751 -0.00090 0.10960
-0.16812 -0.06643 -0.07254
0.23124 -0.02593 0.02185
-0.22581 -0.00516 -0.11252
-0.17757 0.07283 -0.12613
-0.03587 -0.02319 0.04097
0.20556 -0.01723 0.04273
-0.17863 -0.04209 0.11975
0.01615 0.03452 0.13613
-0.29439 -0.10510 0.13839
-0.27993 -0.04795 -0.07612
-0.37584 0.04631 0.02327
-0.06166 -0.03495 -0.03862
-0.09867 0.04009 0.12392
0.22007 0.00149 0.04083
0.01771 0.03008 0.08663
0.08949 -0.02551 0.14098
-0.09664 0.00348 0.13487
-0.12189 0.00968 0.13443
-0.07760 0.00690 0.13463
0.14436 0.03252 -0.11316
0.39254 0.01786 0.14357
0.22940 0.00403 0.04607
-0.19342 0.07359 -0.12426
0.21061 -0.02731 0.14718
0.16045 -0.04306 0.14579
-0.12345 -0.03152 0.04702
0.30022 -0.04598 -0.13408
-0.09861 0.06159 0.09623
-0.09329 0.06205 0.10117
0.43874 -0.03112 0.03948
0.07736 0.05556 0.14882
-0.09767 0.03753 0.14266
0.33007 -0.10651 -0.14802
-0.31377 0.00438 0.14909
0.44345 -0.02778 0.03025
-0.14654 -0.06645 -0.07323
0.45414 -0.03033 0.05939
-0.20683 -0.04476 -0.12842
0.21230 0.01364 -0.01951
0.00607 -0.03881 -0.11111
0.17682 0.02458 -0.14652
0.19747 0.01983 -0.14752
0.10783 0.02733 -0.14515
-0.18047 -0.02562 -0.01448
-0.35020 -0.04692 0.07536
0.26590 0.03386 0.05368
-0.07015 -0.02712 -0.12336
-0.31241 -0.09276 0.12353
-0.42680 -0.02314 -0.03400
0.28862 -0.05908 0.07845
-0.23567 -0.06482 0.13945
0.29873 -0.01893 0.11972
0.09365 0.04700 0.04881
0.24474 0.03598 -0.03259
0.30273 -0.03134 -0.06806
0.33143 0.02179 -0.13508
0.05132 0.02880 0.08886
0.03993 0.04430 0.09190
-0.27732 -0.03078 0.12036
0.00223 -0.04971 0.13363
-0.44867 -0.00959 -0.13128
0.14063 -0.06618 0.07456
-0.22791 -0.00362 0.11225
0.23148 0.03712 -0.00734
0.30700 -0.06090 -0.11959
0.28816 -0.03874 0.01052
-0.19010 -0.01132 -0.14806
-0.18238 -0.01328 0.12016
-0.42243 -0.02435 -0.04583
-0.20339 0.03250 0.04227
0.33249 0.02945 0.00643
0.29941 -0.01751 0.04369
-0.29410 0.00213 0.14813
0.34732 -0.07728 -0.10959
-0.14863 0.10205 0.08975
0.07539 0.06486 -0.15660
-0.36223 -0.05573 0.06767
-0.18994 0.01975 -0.02686
0.20556 -0.00303 0.05678
0.44980 -0.03320 -0.10373
-0.28010 -0.04931 -0.06754
0.21274 0.00931 0.05019
-0.27266 0.06668 0.11838
-0.37736 -0.04979 -0.06788
0.30032 -0.04225 0.12885
-0.04635 0.11123 0.02829
0.02767 -0.07415 -0.03269
0.41773 0.01808 -0.06020
-0.16390 0.10174 0.02691
-0.42845 -0.02530 -0.14141
-0.43059 -0.03195 -0.14141
-0.03831 0.11024 0.05838
0.28235 -0.01812 0.01009
0.23569 -0.01842 0.01030
-0.10233 0.06069 -0.10661
-0.31827 -0.04448 -0.10960
-0.45101 -0.00172 0.11297
-0.00116 0.09457 0.06004
0.00550 0.09123 0.05561
-0.02324 0.10745 0.04875
-0.01016 0.10000 0.05291
0.04081 0.07173 0.05781
0.31472 -0.06160 0.12099
0.40157 0.01559 -0.14375
0.39252 0.02238 0.03417
0.35350 0.01929 0.10686
0.36301 0.01820 0.09490
-0.17195 -0.07016 0.07860
0.34689 -0.04503 -0.13783
-0.26260 0.01298 -0.00061
-0.26089 0.01286 0.02976
-0.26233 0.01296 0.09202
-0.36208 0.03378 0.12583
0.21430 -0.04781 -0.02537
-0.25034 0.08051 -0.05816
-0.36401 -0.04264 -0.08253
-0.36451 -0.04251 0.00941
-0.36335 -0.04282 -0.05314
-0.37162 0.04658 0.06053
0.09981 0.03333 0.12050
0.43639 -0.03648 0.09338
0.43935 -0.03374 0.02568
0.44010 -0.05611 0.00842
0.43824 -0.05201 0.05094
0.43692 -0.03591 0.08129
0.43740 -0.03871 0.07034
0.43542 -0.03484 0.11566
0.43879 -0.03923 0.03849
0.00900 -0.07776 -0.03829
-0.04134 0.10490 -0.11750
-0.28722 -0.05183 0.12450
-0.32900 -0.05745 0.13694
0.23392 0.03560 0.05949
0.25558 -0.05036 -0.00481
0.21370 -0.00313 -0.04040
0.43352 -0.01418 -0.11017
-0.16115 0.02433 0.14538
0.26625 -0.08388 -0.10991
-0.42382 -0.02411 0.11561
-0.29109 0.06721 -0.10107
0.07040 -0.06683 0.06648
0.16268 0.03834 -0.06214
0.21557 -0.03741 0.14627
0.16316 -0.04760 0.14538
-0.12013 0.03403 0.13557
0.23047 0.03618 0.05061
0.00724 -0.02557 0.05424
0.33554 -0.10157 0.10979
-0.45316 -0.01289 0.01163
-0.45649 -0.00781 -0.00961
-0.23504 0.02153 -0.14774
-0.20125 -0.05876 0.07785
-0.18346 -0.00568 0.04931
0.30582 -0.01996 -0.00236
0.41037 -0.02817 -0.15577
-0.29972 0.06782 0.01309
-0.12739 -0.03110 0.02336
-0.15183 -0.02994 -0.07309
0.37332 -0.00045 0.14831
0.31940 -0.04449 -0.12801
-0.24817 -0.10267 0.10979
0.20019 0.03810 -0.03674
-0.05620 -0.02369 -0.10352
0.13485 -0.05272 -0.14494
0.12312 -0.07219 0.06718
-0.29145 -0.10610 0.14459
-0.16617 -0.03041 0.05694
-0.00325 -0.06819 -0.04050
-0.39320 -0.04973 0.07765
0.31944 0.02945 -0.05696
-0.25375 -0.03605 0.12498
0.27079 -0.00885 0.03563
0.25684 -0.00642 0.04021
0.16998 0.03840 -0.05655
0.01682 0.08198 0.09052
0.02063 0.07946 0.09510
0.07477 0.04932 0.10359
0.06306 0.05629 0.09733
0.01452 -0.01357 -0.00404
0.32286 0.01494 -0.03501
0.36919 0.02178 0.14354
0.20556 0.01981 -0.03911
0.27620 -0.02696 -0.03753
-0.26488 -0.10660 -0.10981
0.04119 0.01487 0.03670
0.29859 -0.04125 0.06995
0.33754 -0.07244 0.13226
-0.35731 0.05019 -0.07142
0.22948 -0.01690 0.00240
-0.09383 0.07402 0.10641
0.05185 0.04224 0.07365
0.33972 0.00501 0.11129
0.33951 0.00596 -0.12147
-0.19051 -0.03626 -0.03629
0.25774 -0.03077 -0.03203
0.23788 -0.03304 -0.03010
0.30993 -0.04364 -0.00184
0.25913 -0.07939 0.13400
0.05027 0.04177 0.10787
-0.10045 0.06133 -0.09957
-0.21759 0.08721 0.09880
0.30669 -0.01086 0.04787
-0.40713 0.01200 -0.14368
0.20996 -0.03927 -0.00960
0.43993 -0.03312 -0.02780
-0.12217 -0.04316 0.01097
-0.12217 -0.04277 -0.03144
-0.03185 -0.02286 0.05283
0.30460 -0.01489 0.11959
-0.09198 0.10980 -0.01924
0.10278 -0.06787 0.06827
-0.04498 -0.02308 0.04168
0.23213 0.00226 -0.04088
0.12990 0.03894 0.06220
-0.35097 0.05168 0.07846
-0.16177 0.10145 -0.05610
0.27881 -0.02805 0.02966
0.21483 -0.02882 0.02815
-0.45856 -0.01393 -0.11552
0.15542 0.03323 -0.13633
-0.16530 -0.07616 0.07642
-0.03864 -0.05191 -0.14560
-0.11202 -0.05389 -0.14538
-0.04798 0.11147 -0.01363
0.00132 -0.05613 0.14512
-0.26479 -0.01388 0.13963
-0.10006 -0.06258 -0.14425
-0.22154 0.08796 0.06353
-0.04472 -0.05119 -0.00150
-0.06925 -0.05119 -0.00840
-0.04987 -0.05119 0.01233
0.05353 -0.05119 -0.01745
-0.06004 -0.05119 -0.00481
0.04332 -0.05119 -0.01559
-0.03221 -0.05119 -0.00679
-0.06143 -0.05119 -0.02070
-0.00058 -0.05119 -0.01451
-0.02632 -0.05119 -0.01099
-0.01839 -0.05119 -0.01939
-0.02463 -0.05119 0.00590
0.08690 0.04636 -0.06749
-0.08437 0.04123 0.04170
-0.17035 -0.03071 0.09652
-0.27410 -0.06396 -0.13841
0.30090 -0.08160 0.13841
0.31640 -0.01396 0.04777
0.24112 -0.07399 0.06702
-0.32194 -0.03821 0.10969
-0.41005 0.03499 -0.07631
-0.40011 0.03778 -0.07742
0.21869 0.02990 -0.09848
0.23219 0.02916 -0.10056
0.30508 -0.04631 -0.13841
0.05368 -0.05657 -0.14663
0.01413 -0.05741 -0.14656
0.14061 -0.05846 -0.14647
0.09718 -0.06073 -0.14627
-0.13850 -0.06029 -0.14631
0.04492 -0.05752 -0.14655
0.19119 -0.05385 -0.14687
-0.03459 -0.06968 0.04141
-0.09241 -0.06642 0.06323
-0.41549 0.03492 0.02865
-0.13209 -0.03235 -0.04208
-0.19833 -0.01902 0.14788
0.27763 -0.08814 -0.10961
0.27681 -0.05521 -0.14546
0.22671 -0.07624 -0.06924
-0.42449 0.02394 -0.14333
-0.43297 0.01460 -0.14333
0.40503 -0.02771 -0.14675
0.21629 0.03200 -0.14420
0.32449 -0.05487 -0.00850
0.28264 0.02593 0.12074
0.28689 0.02555 0.11492
0.31321 -0.03200 0.02453
-0.09619 -0.02529 -0.14747
-0.06600 -0.03083 -0.14727
-0.02298 -0.02913 -0.14733
-0.13827 0.01930 -0.13356
-0.09714 0.01886 -0.13361
0.03001 0.02590 -0.13279
0.01117 0.02373 -0.13305
-0.05112 0.02356 -0.13307
-0.01616 0.02198 -0.13327
0.38987 -0.01386 -0.14690
0.21383 0.00041 0.04102
-0.11831 -0.03335 0.01317
-0.23527 -0.10139 -0.11322
0.19277 -0.07755 -0.07258
0.04365 -0.00057 0.07542
-0.26976 0.00066 0.10960
0.04110 -0.07095 -0.03992
0.32573 -0.04452 0.12221
0.28923 -0.01322 0.02576
-0.23169 -0.00726 -0.10974
0.44245 0.01431 -0.02928
-0.14139 -0.03013 0.01367
-0.34771 -0.04956 -0.06742
-0.08764 0.10935 -0.05201
-0.05481 0.00418 -0.13483
0.01862 0.00447 -0.13481
-0.09352 0.00733 -0.13460
-0.04583 0.00356 -0.13487
-0.22518 0.08680 0.07003
0.25949 0.02984 0.07759
-0.23633 0.06890 0.12157
0.41553 0.01310 -0.07955
-0.10946 0.10724 -0.06778
0.20665 0.03658 0.06683
0.24522 0.02452 -0.14610
-0.09622 0.06020 -0.03995
0.28681 0.02548 -0.09403
0.29341 0.02494 -0.09729
0.30835 0.03136 -0.02968
0.27170 -0.04488 -0.02194
0.32840 -0.02066 0.12480
0.34264 -0.03226 0.12323
0.43870 -0.03023 -0.05098
0.27532 -0.00542 0.14810
0.36984 -0.02566 0.12886
-0.18939 0.09654 -0.01797
-0.29921 -0.10317 0.13297
-0.03936 0.11016 -0.06135
0.12790 -0.06595 -0.07221
0.26807 0.02053 0.00377
0.09624 -0.06771 -0.06845
0.20393 -0.00015 -0.00332
0.25601 -0.06710 0.07005
0.20475 -0.01300 -0.01823
-0.29594 0.05983 0.11854
-0.25879 -0.11029 0.13372
-0.23628 0.08475 0.04492
-0.17186 0.02135 -0.14617
0.09566 0.03597 -0.12392
0.04459 -0.00802 -0.00241
-0.18198 -0.01417 0.07600
0.21628 0.00910 -0.05153
0.26660 -0.04123 -0.01826
-0.25705 -0.05481 0.11959
-0.43364 -0.00831 0.12747
0.26312 0.02724 -0.10208
0.25337 0.02789 -0.09604
0.18776 0.03770 -0.06046
-0.33541 0.05518 -0.09537
0.23124 -0.00405 0.01591
-0.35137 -0.04896 -0.07780
-0.24329 -0.10553 -0.11543
-0.38628 0.04038 0.10190
-0.27002 -0.04599 -0.13493
-0.31531 -0.01013 -0.13078
-0.23855 -0.01473 -0.10960
-0.33732 -0.01054 -0.14711
-0.33809 -0.01915 -0.14734
0.05145 -0.03957 -0.02071
0.08216 -0.04755 -0.02071
0.02765 -0.02728 -0.02071
0.28214 -0.04437 -0.03182
0.07883 0.00326 0.13111
0.06433 0.00502 0.13111
0.07243 -0.00341 0.13111
0.04979 -0.00272 0.13111
0.21296 -0.02741 -0.03523
-0.05672 -0.06606 0.04410
0.28566 0.01154 -0.14974
0.23963 -0.00734 -0.03318
0.07258 0.03795 0.07069
-0.00733 -0.02591 -0.03936
0.29568 -0.03802 0.01919
0.25662 -0.03940 0.01919
-0.18272 -0.04139 0.04564
-0.45624 -0.01065 0.02034
0.32180 0.03038 0.01810
-0.28298 0.02536 0.14711
0.43886 -0.02829 -0.03773
-0.40647 0.03542 0.08775
-0.40961 0.03493 0.08015
0.28566 -0.00071 -0.05095
0.08901 -0.03374 0.14254
-0.28006 -0.03143 -0.13841
-0.35559 0.03439 -0.12381
-0.04344 0.10967 0.07679
0.38897 0.01437 -0.14435
0.36244 0.00992 -0.14797
-0.29814 -0.05438 0.06702
-0.05018 0.11107 -0.03803
0.30152 -0.01799 -0.05713
-0.07508 0.00241 0.05255
-0.27272 -0.05045 -0.07800
0.23961 0.00126 0.03938
0.36005 -0.04468 0.10960
0.30154 -0.05585 0.07480
0.19912 0.00121 0.14913
0.13283 -0.00380 0.14816
0.12061 -0.00946 0.14807
0.11349 0.04026 -0.03003
-0.32206 -0.04662 0.06091
0.37477 -0.04652 -0.12405
0.06827 -0.03378 0.11688
0.14334 -0.01895 -0.14810
0.10928 -0.02150 -0.14776
0.20037 -0.00948 -0.14885
0.19119 0.03111 -0.10381
0.18432 0.03133 -0.09234
-0.34875 0.05358 0.04323
-0.18594 0.00548 -0.11689
-0.17990 -0.04392 0.06123
-0.10424 0.07341 -0.10675
0.08960 -0.06898 -0.07812
-0.25271 -0.03714 -0.11959
0.05862 0.03870 0.05891
-0.17470 -0.04202 -0.01128
-0.17410 -0.04202 -0.02134
-0.15182 -0.04202 -0.01799
-0.17566 -0.04202 0.03294
-0.15354 -0.04202 -0.03642
-0.12745 -0.04202 -0.03374
-0.14449 -0.04202 -0.01662
0.43915 0.00427 -0.13645
-0.20401 0.04357 0.13553
0.26249 -0.03789 -0.01686
-0.07873 -0.01148 -0.12238
-0.26027 -0.00206 0.10960
0.43583 -0.01747 0.10911
0.23228 -0.03256 0.03375
0.30906 -0.03015 0.03599
-0.18418 0.09775 0.00403
0.07539 0.05382 0.15712
0.27261 -0.03370 0.00289
-0.41460 0.03510 -0.03282
-0.39345 0.04112 -0.03308
0.35214 0.01398 -0.14794
-0.17833 -0.03495 0.03792
0.37255 -0.05128 0.10998
-0.38558 -0.05678 -0.07704
-0.45064 -0.01629 -0.11879
-0.26210 0.07819 -0.01833
0.28196 -0.00637 0.14836
0.15940 -0.06627 -0.07077
0.38330 -0.00367 -0.14754
-0.32876 -0.04208 0.14525
0.24115 -0.00209 0.00381
0.21563 -0.00209 0.00997
0.22182 -0.00209 0.00720
0.20652 -0.00209 -0.00735
-0.19404 -0.06565 -0.06688
-0.07638 0.00949 0.05410
0.42222 0.01828 -0.02222
-0.31053 0.01171 0.14847
-0.28241 0.06946 -0.10350
-0.33447 0.05636 0.07785
-0.12153 0.10669 -0.05288
-0.30414 -0.05965 0.14546
-0.25282 0.01201 -0.09724
-0.25279 0.01200 -0.02072
-0.25296 0.01203 0.02762
-0.13345 -0.03058 -0.10563
-0.17222 -0.05391 -0.14491
-0.07678 -0.07366 -0.06326
-0.30626 -0.09742 -0.14420
0.22621 0.02960 0.12160
0.27420 -0.05186 0.11432
-0.39765 0.01978 -0.14360
-0.37505 -0.01701 -0.14464
-0.39670 0.02528 -0.14345
0.12912 0.04048 0.00502
0.44469 -0.02762 0.06419
0.27458 -0.00024 -0.03798
0.27945 -0.00107 -0.04200
0.29042 -0.05180 0.00078
0.39694 0.02169 -0.03866
0.37337 -0.06298 -0.13690
-0.19215 0.02639 0.05594
-0.18123 -0.02044 -0.03967
-0.18695 0.07341 0.12498
-0.43380 -0.01647 0.01979
-0.41304 -0.00707 0.15154
-0.25439 0.01029 -0.11414
-0.26104 0.07830 -0.02976
-0.08141 0.10957 0.05537
0.36595 -0.04883 -0.10961
-0.07176 -0.02382 -0.10412
0.07169 -0.01511 0.13543
-0.04151 -0.01429 0.13542
0.00085 -0.01867 0.13538
0.03385 -0.01837 0.13539
0.41828 0.01919 -0.01011
0.23258 0.03567 -0.05966
-0.10595 0.05768 0.10371
-0.21508 0.00798 0.14924
0.44770 0.00804 0.00001
0.35407 -0.00386 0.11331
-0.10840 -0.01732 0.13539
-0.14020 -0.02007 0.13536
-0.31677 0.00869 -0.14806
-0.07731 0.11039 0.03157
-0.12217 -0.04546 0.08107
-0.28174 -0.04684 -0.12606
-0.05870 -0.07440 0.05259
-0.15689 -0.06733 0.07580
0.34741 -0.09909 -0.14738
-0.40922 -0.03430 -0.12065
-0.40632 -0.03430 -0.04620
-0.41881 -0.03430 -0.11695
-0.41928 -0.03430 -0.07271
-0.39858 -0.03430 0.05088
-0.39825 -0.03430 0.09145
-0.40716 -0.03430 0.03860
-0.41324 -0.03430 -0.09672
-0.40348 -0.03430 -0.03047
-0.40127 -0.03430 -0.02152
-0.41008 -0.03430 -0.13964
-0.41768 -0.03430 -0.04413
-0.39226 -0.03430 0.13370
-0.41776 -0.03430 -0.13382
-0.40182 -0.03430 0.02954
-0.41615 -0.03430 -0.02692
-0.39822 -0.03430 0.09703
-0.39369 -0.03430 0.06851
-0.41886 -0.03430 -0.10261
-0.39377 -0.03430 -0.02305
0.31531 -0.00381 0.05943
-0.29105 -0.00864 0.10960
-0.13948 -0.03022 -0.01154
0.44585 0.01197 0.05747
0.14289 -0.07448 -0.07833
0.30693 -0.11072 0.12881
0.33838 0.00155 0.00216
0.04202 0.00816 -0.11740
-0.10157 0.07577 0.10657
-0.02294 0.01389 -0.13409
0.08477 0.01525 -0.13397
0.03410 0.01797 -0.13370
-0.00697 0.01635 -0.13385
0.28156 0.01252 0.14928
0.31759 -0.11080 0.14089
-0.36192 0.04855 0.07918
0.33730 -0.10415 0.14778
-0.09775 0.02086 -0.04035
0.24726 0.00324 0.03866
0.27253 -0.06976 0.10960
0.01432 -0.05012 -0.14581
-0.20937 -0.03158 -0.14252
0.30329 -0.05892 0.11959
-0.17209 0.09875 -0.07188
0.40193 0.00509 0.14548
-0.27098 0.07581 -0.00663
0.22943 -0.05404 -0.01728
-0.09560 0.00065 -0.13500
-0.06543 -0.00487 -0.13525
0.01430 -0.00481 -0.13526
0.04647 -0.03164 0.13502
0.08261 -0.03906 0.13457
-0.07131 -0.03352 0.13490
-0.09188 -0.03258 0.13496
0.04356 0.06257 -0.13185
0.29250 -0.00059 -0.04854
0.20556 0.00183 -0.02082
0.03556 0.07315 -0.07708
0.07483 0.05073 -0.08906
0.08390 0.04581 -0.08859
0.39793 -0.02602 -0.14117
-0.29563 -0.05114 0.07869
0.25025 -0.05166 -0.00083
-0.24212 -0.02073 0.14546
0.04178 0.03785 0.12135
0.11228 0.03281 -0.09569
-0.18588 0.00526 0.06647
0.29929 -0.00223 -0.03673
-0.32563 -0.07126 0.13454
0.20986 -0.03459 -0.02222
-0.31110 -0.00543 0.14332
0.36550 -0.01707 -0.14123
-0.11083 0.10509 0.10647
0.31898 0.01642 0.02696
-0.03760 0.11117 -0.00185
-0.27177 -0.10748 0.14811
0.37472 -0.00172 -0.14824
-0.27542 -0.11056 0.13397
-0.08594 -0.03108 0.06452
0.27773 -0.06576 -0.14670
0.09211 -0.01426 -0.14768
0.24730 0.00445 -0.14983
0.22038 0.00117 -0.14946
-0.07386 -0.03720 -0.03992
-0.28260 0.07016 -0.09048
0.24595 -0.01052 0.00962
0.25077 -0.03040 -0.02682
0.20958 -0.02995 -0.02735
0.39250 0.02266 0.02198
0.09041 -0.06907 0.06799
0.14019 0.04026 -0.01439
-0.44362 -0.00724 -0.01341
-0.42982 0.02544 0.11969
0.01684 -0.00080 0.03073
-0.27177 -0.05928 -0.11959
0.35913 0.00273 0.06243
0.35554 -0.00476 -0.11920
0.08931 0.00928 0.13484
0.23896 -0.05107 -0.00318
-0.17536 -0.03859 -0.04261
-0.17420 0.09496 -0.11686
0.25230 0.00720 0.04615
-0.25151 0.00966 0.11299
0.18168 0.01399 -0.14800
0.09537 0.01399 -0.14642
0.08965 0.01784 -0.14595
0.33614 -0.00784 -0.10960
-0.25123 -0.06019 -0.12950
0.23397 -0.02505 0.01047
-0.12013 -0.04145 -0.00714
-0.24393 0.08324 -0.00815
0.32479 -0.04969 -0.13841
0.20767 0.00347 -0.04112
-0.24372 0.08305 0.02991
-0.10434 0.00270 -0.13491
-0.06708 0.00089 -0.13500
0.05283 0.00217 -0.13495
-0.40190 -0.03112 -0.12018
-0.39847 -0.03227 0.06590
-0.15968 -0.07338 0.07816
0.06272 0.03963 0.10710
0.03978 0.03025 0.05113
-0.24992 -0.08076 -0.14371
-0.25360 -0.04773 0.12731
-0.17539 0.05452 -0.13421
-0.07807 0.01746 0.05278
0.08884 0.05295 -0.03498
-0.19016 0.02043 -0.10927
-0.11705 -0.03858 -0.01270
-0.05682 -0.04797 -0.12125
0.30906 0.01157 -0.14329
0.25507 0.00046 -0.05055
-0.15333 0.10054 -0.10489
0.31093 -0.07500 0.13198
0.22891 -0.04446 0.01039
0.02110 0.03035 -0.13295
0.27675 -0.06641 0.14840
-0.37681 -0.05719 -0.07567
-0.25339 -0.07919 0.13221
-0.29233 0.06895 -0.05758
0.30131 -0.04748 -0.12399
0.08302 -0.06589 -0.06988
-0.15720 -0.04417 -0.11975
-0.07683 0.10996 0.04972
0.26618 -0.01029 0.14065
-0.22970 -0.05131 0.11959
0.36343 0.02623 0.00697
-0.17359 0.00613 -0.14756
-0.44388 -0.01314 0.06918
0.29285 0.00289 -0.04211
0.28974 -0.03219 0.00505
0.22669 -0.04586 -0.00630
-0.18124 -0.01920 -0.11904
0.21188 0.02827 0.14539
0.18548 0.03400 0.14395
-0.44316 -0.01315 -0.07097
-0.08130 0.01739 0.12361
-0.18913 0.01707 0.05145
0.08822 -0.00226 0.14400
-0.35745 0.05170 0.00030
0.22305 -0.03845 -0.03648
0.23084 0.03125 -0.07816
0.30522 0.01132 0.12864
0.28728 -0.02267 0.03286
0.20507 0.03159 -0.07979
0.29567 0.02822 -0.01499
-0.22557 0.08803 0.02264
-0.24273 0.08182 -0.07719
-0.09021 0.05791 0.06946
-0.26790 -0.08976 -0.11018
0.08078 -0.05119 0.13834
0.02809 -0.05119 0.14238
0.06400 -0.05119 0.14341
-0.08247 -0.05119 0.13557
0.12173 0.03274 -0.09956
0.12713 0.03260 -0.09100
-0.02158 -0.07489 0.03101
0.31600 -0.08137 -0.11959
0.30003 -0.02485 -0.03739
-0.14754 -0.06778 0.07716
0.25138 0.03601 -0.00669
-0.02191 0.10823 -0.01677
-0.01341 0.10365 -0.00690
-0.00806 0.10062 -0.01109
0.01470 0.08799 -0.01137
-0.02470 0.10999 -0.00222
0.27370 0.02220 -0.01812
-0.08575 0.02544 -0.12381
-0.01663 -0.02329 -0.11282
0.20762 -0.02683 0.01585
0.26439 -0.03080 0.01864
0.28132 -0.03275 0.02001
0.38709 0.02351 0.00647
-0.02115 -0.02308 0.07095
-0.07242 -0.01687 -0.09774
0.27215 -0.02670 -0.03349
-0.12119 0.10719 -0.03526
0.23768 -0.00406 0.01984
0.43805 -0.02361 -0.08598
-0.12217 -0.04292 -0.06491
0.34981 -0.09891 0.13485
0.31940 0.02267 0.04120
0.25776 0.01977 0.04372
0.23898 0.01209 0.05040
0.21674 0.00581 0.05585
0.24588 0.00933 0.05279
0.21513 0.02276 0.04111
-0.18788 -0.03881 0.05831
0.29899 0.03245 0.01195
0.20556 0.00275 -0.05390
0.44352 0.00780 0.07380
-0.27028 -0.01078 0.11959
-0.45323 -0.01274 -0.03068
-0.42822 -0.01300 0.15045
-0.43681 -0.00973 0.06998
0.42186 -0.03852 0.14726
0.40033 -0.04027 0.14726
0.40369 -0.05015 0.14726
-0.20058 0.09059 0.10839
-0.16352 0.09949 -0.09222
-0.06932 -0.03982 -0.14674
-0.07644 -0.03465 -0.14705
-0.12549 -0.03626 -0.14696
-0.25136 -0.03422 -0.13841
-0.14114 -0.03034 0.14729
0.36643 -0.03911 0.10966
0.00534 -0.04213 0.08654
0.37333 -0.03554 0.12415
0.25200 -0.05497 0.13203
-0.20304 -0.01622 -0.08159
-0.20077 -0.01944 -0.03781
-0.20130 -0.01870 -0.06417
-0.19537 -0.02709 -0.13985
-0.20275 -0.01664 0.11431
-0.20194 -0.01778 0.03771
-0.20241 -0.01711 -0.02916
-0.20313 -0.01610 -0.11879
0.30681 -0.03926 0.12038
0.29921 -0.08411 -0.14546
-0.16378 -0.03863 0.12259
0.37484 -0.04856 -0.11535
0.35609 -0.09372 0.14502
0.29039 -0.01051 0.05174
-0.11742 -0.03437 -0.06848
-0.30316 0.00030 -0.14600
-0.44112 -0.00738 0.04151
-0.12066 -0.04168 0.06518
-0.18251 -0.01086 0.05376
-0.17786 -0.04202 -0.10740
-0.14810 -0.04202 -0.09484
-0.17306 -0.04202 -0.05883
-0.15610 -0.04202 -0.10022
-0.14913 -0.04202 -0.10379
-0.16630 -0.04202 -0.06930
-0.17171 -0.04202 -0.07410
0.05081 0.03049 0.10971
-0.08719 0.05000 0.07321
-0.33237 -0.05771 0.07443
0.34824 -0.03447 -0.11959
0.44975 -0.02808 0.11911
-0.43516 0.01095 0.05604
-0.43452 0.00730 0.06161
-0.07117 -0.06829 0.04914
0.08508 -0.01280 -0.13542
-0.02150 -0.00982 -0.13535
0.30887 0.02378 -0.12938
0.30478 0.02408 -0.11994
0.09377 0.02671 0.14500
0.19613 0.01445 0.14821
-0.33972 -0.05126 0.06730
0.32534 -0.09427 -0.10960
-0.17047 0.10060 0.00870
-0.08336 -0.06833 0.05529
0.32449 -0.02502 -0.01366
0.04999 0.03015 0.09706
0.24019 -0.01349 0.02905
-0.43812 0.00052 -0.13327
0.07182 0.03617 -0.13852
-0.05616 -0.00936 -0.13534
-0.10903 -0.00857 -0.13532
-0.33162 -0.05531 0.06053
-0.17018 -0.00939 0.14769
0.44801 -0.02765 0.05307
-0.15540 -0.05119 -0.00226
-0.16143 -0.05119 -0.00355
-0.15753 -0.05119 -0.03239
-0.13522 -0.05119 -0.02434
-0.16284 -0.05119 0.00977
-0.16206 -0.05119 0.00151
-0.15690 -0.05119 -0.02187
-0.17046 -0.05119 -0.03707
-0.14832 -0.02996 0.08125
-0.17014 0.09766 -0.10069
0.28204 -0.00811 0.03618
-0.09696 -0.07280 0.06225
0.21851 -0.05349 -0.03409
0.24028 -0.04935 -0.03569
0.25659 -0.04671 -0.03671
0.24754 -0.04876 -0.03592
-0.30147 -0.00538 -0.14828
0.26455 -0.02900 -0.02006
0.14849 -0.06340 -0.14400
-0.08704 0.08112 -0.12646
-0.26759 0.01226 0.12296
-0.17124 0.00433 0.14759
0.44146 -0.00004 0.08020
-0.32216 -0.06054 0.07640
-0.04661 -0.02174 -0.13535
-0.05129 -0.01906 -0.13537
-0.13605 -0.02015 -0.13536
-0.10259 -0.01621 -0.13540
0.33371 -0.05661 0.13841
-0.20118 -0.00032 0.14874
0.20556 -0.04947 -0.02790
0.29872 -0.00887 -0.03415
0.08798 -0.01696 0.00397
-0.27355 0.03022 0.14589
0.24770 -0.05426 0.01287
0.41925 0.01859 -0.03657
0.39601 -0.02451 0.14314
-0.35752 0.05110 0.04346
-0.29236 0.06975 0.02366
0.35824 0.02560 0.05529
-0.27913 -0.05168 -0.12330
-0.35674 -0.02515 -0.14551
-0.34787 -0.04148 -0.14591
-0.37419 0.00743 -0.14474
0.01378 -0.05144 0.14566
0.32144 -0.05944 0.12017
-0.13466 -0.04834 -0.13899
-0.18348 -0.00557 -0.07341
0.25385 0.03568 0.02090
0.43902 0.00190 -0.09576
-0.18005 -0.02999 0.01139
0.31441 -0.07505 -0.13841
0.10695 0.03859 -0.08084
-0.09914 0.10574 0.11068
0.26253 -0.03881 0.14839
-0.02304 0.10550 0.07082
0.02704 0.07779 0.07698
0.01141 0.08675 0.07187
0.07370 0.05102 0.09257
0.05269 0.06301 0.08616
0.30771 -0.01097 -0.11091
0.42580 -0.03352 -0.14103
0.43921 -0.01170 -0.06630
-0.24607 -0.01737 -0.11511
0.43721 -0.02508 0.05823
-0.30832 -0.09145 -0.14813
-0.18354 -0.00529 0.02339
-0.40238 -0.02770 -0.14389
-0.41460 0.03439 0.05923
-0.41025 0.03546 0.06323
0.23694 0.03657 0.02638
0.37304 -0.06405 -0.14337
-0.36600 0.04864 0.04549
-0.15632 -0.04202 0.08026
-0.14541 -0.04202 0.05790
-0.15660 -0.04202 0.05634
-0.17181 -0.04202 0.04370
-0.17741 -0.04202 0.08333
-0.16832 -0.04202 0.06704
-0.16749 -0.04202 0.09482
-0.15353 -0.04202 0.07457
-0.17815 -0.04202 0.06947
0.25532 -0.05273 0.02628
0.22600 -0.05273 0.02733
0.27625 -0.02216 0.01313
-0.35475 -0.04701 -0.06999
-0.08477 -0.03246 0.05838
-0.44129 -0.00724 0.06872
0.21028 -0.04265 -0.01854
0.22882 -0.00891 0.03660
0.21267 0.00232 -0.05337
0.01114 -0.02813 -0.08663
0.36597 -0.00197 0.07347
-0.24487 0.03401 0.14474
-0.20825 -0.05849 0.06717
0.05132 0.03996 0.09207
0.11478 0.00625 0.14739
0.21344 0.00786 0.14911
0.24286 0.00183 -0.04144
0.15991 0.03537 -0.07583
0.06526 0.04191 0.07676
-0.18578 -0.06751 -0.07884
0.34566 -0.02895 0.14546
0.32487 -0.04601 -0.12686
0.43215 0.01390 0.14339
-0.23285 -0.03289 -0.11138
0.01253 -0.03330 -0.11970
0.44997 -0.02786 -0.06152
-0.18006 -0.02991 -0.11608
-0.22312 -0.04923 0.07168
0.11848 0.03329 -0.13531
-0.22165 -0.00973 0.14382
0.45278 -0.02797 -0.02654
0.21662 0.00070 -0.01587
-0.07901 -0.05119 -0.14568
-0.06654 -0.05119 -0.14306
0.02825 -0.05119 -0.13850
-0.02169 -0.05119 -0.14283
0.04882 -0.05119 -0.14429
-0.19007 0.02013 0.10134
-0.18793 -0.06554 -0.06739
-0.18132 0.01487 -0.14728
0.21708 0.01911 -0.03150
0.35092 -0.09211 -0.10979
-0.37508 -0.03953 -0.08865
-0.37536 -0.03945 -0.03475
-0.37485 -0.03960 0.01310
0.05599 0.04261 0.06590
-0.38801 0.04145 -0.07194
0.22974 -0.05304 0.01637
0.15952 0.02928 -0.14538
0.32559 -0.05423 0.13841
0.26356 -0.05041 -0.03344
0.21461 -0.00551 -0.00239
0.24361 -0.00551 -0.01067
0.22391 -0.00551 -0.01188
0.23729 -0.00551 -0.00862
0.22649 -0.06848 0.06780
0.42121 -0.03306 0.14082
0.29237 -0.06073 0.12154
-0.19774 0.09422 0.04269
0.32385 -0.04354 0.13175
-0.08378 -0.03344 -0.08135
0.28379 -0.02390 -0.11097
0.22551 0.00166 0.05255
-0.38392 0.04392 -0.02867
0.15118 -0.06938 0.07823
-0.21162 0.09148 -0.01656
-0.29797 0.01949 0.14785
0.31326 -0.05841 -0.13836
0.20937 -0.01062 0.00238
0.25899 -0.00813 0.00238
-0.09038 0.06230 -0.05916
-0.31218 -0.07325 0.14840
-0.03761 0.10937 -0.08031
-0.00059 0.09448 -0.05681
0.02764 0.07916 -0.05478
0.00112 0.09408 -0.04918
0.05266 0.06493 -0.06227
-0.02602 0.10863 -0.05374
0.30287 -0.03713 0.02588
0.24104 -0.02573 -0.01452
0.22015 -0.02420 -0.01245
0.43556 -0.02287 -0.11505
-0.03402 -0.02286 -0.09495
0.38676 -0.00518 0.14721
-0.11064 0.10617 0.08833
-0.25302 0.02662 0.14682
-0.05950 -0.02393 -0.08734
0.45152 -0.03361 -0.00005
0.22084 -0.05426 0.00550
0.23856 -0.05426 0.00318
0.25957 -0.05426 0.00173
0.12075 0.03281 0.10839
-0.26627 0.07699 0.02228
-0.43550 -0.01852 -0.11264
0.41426 -0.02828 0.15645
0.31194 -0.07701 0.13841
0.23332 -0.07023 -0.07808
0.31507 -0.10270 -0.14837
0.12149 -0.02485 0.14773
0.18688 -0.01028 0.14872
-0.10550 0.05828 0.04292
-0.16235 -0.01303 -0.14767
0.44059 -0.02710 0.02081
0.11126 -0.04553 0.14611
0.14056 -0.06992 -0.07795
0.00787 0.09102 -0.03673
-0.02222 0.10780 -0.03309
0.03003 0.07882 -0.03581
-0.00641 0.09887 -0.03783
-0.00160 0.09648 -0.03132
-0.25367 -0.03424 0.13841
-0.42033 0.02686 0.14286
0.28926 -0.05779 0.06727
0.09079 0.01171 -0.14656
0.12611 0.01087 -0.14727
0.17808 0.00819 -0.14843
-0.43543 -0.01099 -0.06538
-0.43519 -0.01238 -0.03813
-0.43574 -0.00922 -0.06003
-0.43549 -0.01065 0.01175
-0.43566 -0.00968 0.00513
-0.37357 -0.05152 0.07823
-0.40351 0.02911 0.12776
-0.18014 0.09482 -0.11256
-0.28423 0.07194 -0.02723
-0.16162 -0.03017 -0.06848
-0.10307 -0.06679 0.06978
0.28809 -0.06834 0.07039
0.32449 -0.02318 -0.03218
-0.27688 -0.03161 0.13841
0.33146 -0.08332 -0.14546
-0.08636 -0.03565 0.14699
-0.11968 -0.03654 0.14694
-0.12693 -0.03881 0.14680
-0.02600 -0.03173 0.14723
-0.25354 0.03982 -0.13159
0.24216 0.00161 0.14969
-0.14261 0.10524 0.00043
0.26172 -0.05380 0.02461
-0.29540 -0.06920 -0.11959
-0.42959 -0.02148 0.09371
0.27833 0.02718 -0.14455
0.40561 -0.03108 0.14208
0.25867 -0.07761 0.14419
0.24628 -0.01228 -0.01907
0.26469 -0.01032 -0.02137
0.31406 -0.00032 0.14840
0.26135 -0.05573 -0.02530
0.22633 -0.02483 -0.02690
0.27666 -0.02413 -0.02772
0.23697 -0.02278 -0.02931
0.11776 -0.07549 0.07705
-0.40449 -0.03024 -0.12889
-0.40397 -0.03042 -0.03822
-0.40357 -0.03056 -0.08496
-0.21270 -0.02311 0.13633
-0.32758 -0.06659 -0.12479
-0.25376 0.05583 -0.12493
-0.10232 0.10764 -0.07159
0.13513 -0.07739 0.07133
-0.32038 -0.01678 0.12469
0.33005 -0.02193 -0.12369
-0.25710 0.01084 -0.13724
0.40363 -0.03432 -0.14623
0.42060 -0.05890 -0.14623
0.41606 -0.03778 -0.14623
0.05400 0.04212 0.07908
-0.31335 0.06326 0.05203
0.27305 0.00226 0.01345
0.26413 -0.00125 0.03602
0.00311 -0.02491 0.07158
0.17221 -0.00348 -0.14878
0.19301 0.00026 -0.14905
-0.42772 -0.00727 0.15124
0.08802 0.02840 0.14347
-0.07164 -0.04127 0.06992
-0.07164 -0.04463 0.09318
0.32286 -0.01244 -0.03681
0.43957 -0.02579 0.04311
-0.04838 -0.02781 -0.04067
0.35407 0.01926 0.11911
0.36036 0.01857 0.12098
-0.15311 -0.02996 0.04291
-0.31207 0.06335 -0.06024
-0.07164 -0.04637 -0.01373
-0.27298 0.07314 0.08445
0.00966 -0.03733 0.04362
0.20857 0.03051 -0.12461
-0.14659 -0.05119 0.14545
-0.07858 -0.05119 0.14588
-0.28509 -0.07812 -0.12556
-0.07835 0.01871 -0.07426
0.04258 0.00476 0.07542
-0.38760 0.03106 -0.12989
-0.37428 0.03256 -0.12272
-0.29284 0.01532 0.14923
0.37851 0.01651 0.10835
0.24822 -0.02122 0.03454
-0.24677 0.07931 0.10278
0.39058 0.01497 0.10011
0.22475 -0.00415 0.01384
0.24510 0.02056 -0.00461
-0.18071 -0.02349 -0.11617
-0.10568 0.06242 -0.05520
-0.14904 -0.04430 -0.03992
-0.44176 -0.00726 -0.13696
-0.39995 -0.01856 -0.14395
0.32882 0.02432 -0.07735
-0.03928 -0.03897 0.04790
-0.04338 -0.03897 0.04210
-0.05116 -0.03897 0.04861
-0.07007 -0.03897 0.11944
-0.07000 -0.03897 0.04231
-0.05497 -0.03897 0.05972
-0.03536 -0.03897 0.05737
-0.00218 -0.03897 0.04177
-0.05194 -0.03897 0.09743
-0.06011 -0.03897 0.10778
0.06806 -0.00678 0.03966
0.08688 -0.00678 0.09595
0.05782 -0.00678 0.02154
0.07767 -0.00678 0.02178
0.08411 -0.00678 0.10558
0.07615 -0.00678 0.06782
0.05534 -0.00678 0.03618
0.28438 -0.09919 0.10981
-0.18301 -0.04847 -0.14531
-0.23068 0.03132 0.14539
-0.06060 0.11095 0.03307
0.25495 -0.02198 0.03855
0.28052 -0.01974 0.04112
-0.00785 -0.02385 0.07471
0.34156 -0.02741 -0.11959
0.20710 0.03039 0.09398
0.28924 0.00131 0.04057
0.30479 -0.00404 -0.04008
0.01097 -0.03620 0.06273
-0.30205 -0.03094 0.11959
-0.02418 -0.02299 -0.10028
-0.07327 -0.00967 0.08290
0.05138 0.04334 0.09962
-0.00864 -0.02379 -0.07157
-0.09222 -0.07719 0.06222
0.40934 0.01264 -0.11041
0.40111 0.01369 -0.11600
0.11823 0.03877 0.06798
0.05898 0.03852 -0.14299
-0.14082 0.04142 -0.14188
0.34116 -0.07172 0.13841
0.24965 -0.02767 -0.03827
0.03964 0.03282 -0.12782
-0.09371 0.10859 0.06284
-0.44425 -0.01304 0.01576
-0.07569 0.00576 -0.11759
-0.32366 -0.07384 0.11127
-0.37638 -0.01451 0.14457
-0.36772 -0.02636 0.14491
-0.39517 0.01777 0.14366
-0.26425 -0.06788 -0.12359
-0.19095 -0.06671 -0.07826
-0.00818 -0.05119 -0.11019
-0.03203 -0.05119 -0.11941
-0.05891 -0.05119 -0.09909
-0.06540 -0.05119 -0.04802
-0.02099 -0.05119 -0.10779
-0.06007 -0.05119 -0.05497
-0.03958 -0.05119 -0.08519
-0.06414 -0.05119 -0.11298
-0.07074 -0.05119 -0.09264
-0.13997 -0.06689 -0.07062
0.16332 -0.01752 0.14828
0.21404 -0.01142 0.14867
-0.07331 -0.00938 -0.06599
-0.06736 -0.02468 -0.10055
-0.21600 -0.05492 -0.07872
-0.28049 -0.04351 -0.12066
-0.37277 0.04728 -0.01412
-0.18282 -0.04136 -0.11150
-0.23053 -0.00111 0.12161
-0.27687 -0.05916 -0.12657
0.32531 0.02212 -0.09830
0.32527 0.02211 -0.09307
0.27743 0.02627 0.10816
0.26288 0.02727 0.10560
-0.18094 -0.04183 0.05629
0.20519 -0.02547 -0.01129
-0.06055 -0.02403 0.05372
-0.18582 -0.04013 -0.04277
0.00357 -0.02128 -0.14757
-0.13563 -0.01839 -0.14759
-0.12398 -0.01895 -0.14759
0.39720 0.00205 -0.14602
0.42058 0.00051 -0.14629
-0.27523 -0.03130 -0.12645
0.33435 0.02411 0.14425
-0.34466 -0.05847 0.07246
-0.08277 -0.03433 0.10926
-0.14033 -0.06246 0.14426
0.33525 -0.02427 -0.13841
0.31507 -0.03761 -0.12793
0.24151 -0.05241 0.03068
-0.18760 0.01178 0.05017
0.24417 -0.03485 0.02745
0.23064 -0.05395 -0.00514
-0.41036 0.03661 0.00720
-0.42703 0.03189 0.00189
0.08798 0.02728 -0.13827
0.27164 -0.05298 -0.03384
-0.16085 0.10063 0.08045
-0.14192 -0.03011 0.06345
0.21142 -0.00184 -0.03496
-0.18704 0.09340 -0.11166
0.32368 -0.04289 0.02440
-0.32126 -0.02453 -0.14805
0.24205 -0.04879 0.00388
-0.32320 -0.02219 0.13767
0.12162 0.04001 0.03849
-0.02999 0.02924 -0.13247
0.43976 0.01451 -0.06574
0.31244 -0.01589 0.05478
0.30376 0.02217 -0.01827
0.29646 0.02575 -0.02363
-0.04316 0.03705 0.14061
-0.20117 0.09176 -0.08598
0.33350 -0.06065 -0.12282
-0.09161 0.05941 -0.09708
0.25177 0.03596 0.01167
0.26318 0.02732 0.12080
0.35342 -0.00450 0.14722
-0.01287 0.10007 -0.06998
0.06544 0.05586 -0.08872
-0.02993 0.10953 -0.06776
0.02293 0.08020 -0.07508
0.03693 0.07152 -0.08637
0.02648 0.07778 -0.08023
0.45253 -0.03300 -0.07446
-0.22595 -0.07158 -0.14840
0.27972 -0.04680 -0.12686
-0.44984 -0.00729 0.07748
0.25752 0.00002 0.00068
0.23065 0.00002 0.00926
0.23552 0.00002 -0.00129
0.29952 -0.09415 0.10960
0.30020 0.03238 -0.00753
-0.25608 0.03885 -0.14358
-0.16673 -0.01599 -0.14773
-0.27714 -0.03069 -0.11959
0.23479 0.00065 -0.04872
-0.44568 -0.00706 0.06013
-0.26655 0.07407 -0.09975
0.39361 0.02239 -0.02789
0.45225 -0.03345 0.02543
-0.09599 -0.07463 -0.06178
-0.21817 -0.01409 0.14058
-0.41704 -0.02583 -0.02401
-0.41553 -0.02638 -0.12205
-0.41540 -0.02643 -0.03301
-0.41920 -0.02504 -0.06858
-0.16644 -0.02692 0.14734
-0.29485 0.06752 -0.07557
0.21687 0.03028 -0.13499
0.29099 -0.02175 0.01264
0.29975 0.02170 0.14650
-0.12495 -0.07698 -0.07625
-0.43955 0.01239 0.11111
-0.25797 0.01264 -0.08240
-0.25601 0.01241 0.01626
-0.25483 0.01227 0.14966
0.29868 -0.08503 0.14546
0.32123 -0.04924 0.02187
0.20393 -0.03391 0.01916
-0.29570 -0.04730 -0.07611
-0.15762 -0.03004 -0.00535
0.25131 -0.01886 -0.00239
0.39192 0.02139 -0.06181
0.28115 0.01399 0.01540
0.31946 0.01391 0.01548
0.26183 0.01128 0.01814
-0.08947 -0.06599 -0.06531
0.37760 0.02461 -0.01300
0.32286 0.00346 0.00067
-0.07233 -0.07682 -0.05139
0.25352 0.03406 -0.06728
0.04141 0.04056 0.06090
-0.20895 -0.06652 0.11485
-0.08766 0.04973 -0.04080
-0.43324 -0.01747 0.07929
0.32286 -0.02771 -0.02269
-0.38202 -0.03747 -0.02799
-0.38033 -0.03799 0.03254
-0.38000 -0.03808 -0.00123
0.32286 0.00129 -0.02921
0.30140 -0.05232 0.13274
-0.38501 -0.01014 -0.15902
-0.23696 -0.05921 0.13841
0.23452 -0.00788 0.02398
0.22692 -0.04611 0.02247
-0.24512 0.02008 -0.14810
-0.27376 -0.05774 0.07115
-0.03616 -0.02408 0.12268
0.20025 -0.05921 0.14437
0.30172 -0.01381 0.05948
0.04191 0.00892 0.02511
0.27657 -0.03607 0.00935
0.07707 -0.07681 -0.06337
0.08903 -0.07740 0.07410
-0.23865 -0.10222 0.14754
-0.30118 -0.05418 0.06072
0.36945 -0.05921 0.14818
-0.29769 -0.05609 -0.11959
0.35279 0.02641 -0.05065
-0.24812 -0.01978 -0.13898
-0.18049 -0.02546 0.04881
0.20393 -0.03989 -0.03192
0.16308 0.03210 0.11807
0.15938 0.03218 0.11352
-0.26531 -0.09973 -0.10960
-0.43518 -0.03380 0.01820
-0.43518 -0.02727 -0.00176
-0.43518 -0.01936 -0.10178
-0.43518 -0.02554 -0.10588
-0.43518 -0.02674 -0.03547
-0.43518 -0.03402 -0.05291
-0.43518 -0.03351 0.03316
-0.43518 -0.03166 -0.04561
-0.43518 -0.01992 -0.12201
-0.43518 -0.03347 0.11616
0.43684 -0.02584 -0.07625
0.14036 -0.02361 0.14780
0.22653 -0.01377 0.14842
0.24890 -0.03466 -0.03743
0.06890 -0.01439 0.14763
-0.08112 -0.01664 0.14761
-0.06965 -0.01656 0.14761
0.25779 -0.04598 -0.01817
0.32286 -0.04043 -0.02180
0.30032 0.01066 0.12509
0.14075 0.03251 0.10483
-0.29972 -0.03552 -0.11959
0.26122 -0.03080 0.14829
0.41533 0.01181 -0.09950
0.20556 0.00911 0.00112
-0.43479 -0.01406 -0.10421
-0.14734 -0.02997 0.01823
0.24956 0.01549 -0.00417
0.44022 -0.04651 -0.00470
0.44009 -0.05377 -0.00777
0.43795 -0.04080 -0.05672
0.43746 -0.04561 -0.06793
0.43862 -0.03309 -0.04122
-0.09987 0.05655 -0.12397
0.27067 0.02208 -0.04066
0.24396 0.02018 -0.03849
-0.41383 0.03495 0.04778
-0.33260 0.05741 -0.06500
-0.14718 0.10461 0.01172
-0.14117 -0.07081 -0.06685
0.06552 0.03993 0.06125
-0.42635 -0.03030 0.14141
-0.42371 -0.02340 0.14141
-0.16573 -0.03038 -0.03186
0.31740 0.02971 0.05533
0.30007 0.01927 0.01006
0.21881 0.01927 0.00930
0.22160 -0.06684 -0.07488
-0.28499 -0.03461 0.12362
0.02126 -0.01820 -0.00269
0.40014 0.02095 -0.04859
-0.08733 0.05040 -0.05990
-0.18238 0.09794 0.02551
-0.14286 0.10238 0.09718
0.08588 0.00393 0.13486
0.06693 0.00861 0.13453
0.00686 0.00686 0.13465
-0.01727 0.01038 0.13439
-0.19016 -0.06591 0.06716
-0.28647 -0.03162 0.13841
0.30712 -0.04259 -0.03670
0.28284 -0.04261 -0.03669
-0.19800 0.03063 0.04254
-0.40736 -0.00087 0.03527
-0.41340 -0.00087 0.07617
-0.39704 -0.00087 0.05288
-0.41271 -0.00087 0.03106
-0.39518 -0.00087 0.04175
-0.34966 -0.00087 0.09538
-0.39509 -0.00087 -0.00645
-0.41059 -0.00087 0.09635
-0.40850 -0.00087 -0.00669
-0.41371 -0.00087 0.01540
-0.39650 -0.00087 -0.01889
-0.42679 -0.00087 0.01089
-0.34082 -0.00087 0.09575
-0.39904 -0.00087 0.00231
-0.33916 -0.00087 0.08771
-0.42826 -0.00087 0.04319
-0.40225 -0.00087 0.03022
-0.42895 -0.00087 -0.07387
-0.43022 -0.00087 -0.08239
-0.42722 -0.00087 0.07339
-0.42054 -0.00087 0.01190
-0.42818 -0.00087 0.01907
-0.39797 -0.00087 0.09264
-0.43255 -0.00087 -0.06715
-0.33538 -0.00087 0.09461
-0.41751 -0.00087 0.06546
-0.37120 -0.00087 0.06584
-0.42327 -0.00087 -0.02025
-0.35661 -0.00087 0.07178
-0.34973 -0.05656 -0.07650
0.44576 0.01374 0.00151
-0.13918 0.10497 0.04681
-0.15186 -0.07328 0.06681
-0.19389 0.03071 0.01357
0.28966 0.02103 -0.14714
0.29876 0.01716 -0.14846
0.26142 -0.04274 0.02516
0.00229 0.01409 0.13407
0.02035 0.01521 0.13397
0.05879 0.01977 0.13353
-0.02833 0.01563 0.13392
0.20556 0.01144 -0.03332
0.25670 -0.01279 -0.02689
0.21507 -0.01084 -0.02530
0.22963 -0.00987 -0.02452
0.22264 -0.01892 -0.03189
0.29429 -0.00900 -0.02381
0.24735 -0.00962 -0.02431
-0.02493 0.10060 0.11689
0.27518 -0.05927 -0.11239
0.20556 -0.03891 0.02708
0.00988 -0.01103 0.13538
0.06929 -0.06501 0.14391
-0.00153 -0.06367 0.14409
0.32286 -0.01270 -0.01766
0.43502 0.01581 0.01543
-0.27183 -0.03558 0.12071
-0.04219 0.10996 -0.06895
-0.31371 0.05574 0.11818
-0.09083 -0.06722 0.06938
-0.19594 0.03248 -0.06719
0.28042 -0.10142 0.11310
0.23086 0.00798 -0.04898
0.01842 0.03470 0.06582
0.22780 0.02603 0.00370
0.43381 0.01595 -0.02704
0.31982 -0.05310 -0.12829
0.11069 0.04028 0.02916
0.16809 -0.02703 0.14750
0.20303 -0.02099 0.14786
0.33857 -0.07932 -0.11310
0.21411 -0.02553 0.03619
-0.16878 0.08696 0.12082
-0.28689 0.06913 0.08742
0.28173 -0.06499 0.07820
-0.27252 0.07465 -0.04992
-0.29944 0.05196 0.12133
0.12705 -0.05329 0.14491
-0.27227 -0.08923 0.14781
0.23903 -0.07701 0.07615
-0.17730 -0.05119 0.08483
-0.15340 -0.05119 0.08045
-0.16620 -0.05119 0.04522
-0.17010 -0.05119 0.07254
-0.13953 -0.05119 0.04066
-0.17417 -0.05119 0.04324
-0.14737 -0.05119 0.04158
-0.16946 -0.05119 0.08499
-0.11457 -0.05034 0.14578
0.08798 -0.00940 -0.06766
0.08798 -0.01364 -0.03960
-0.23637 0.08528 -0.01186
0.22977 -0.04286 -0.00971
0.32449 -0.01057 0.02511
0.32077 0.01220 -0.01678
0.31524 0.01412 -0.01484
0.27279 0.01789 -0.01104
-0.17822 -0.03053 0.14710
0.34265 -0.00489 0.14836
-0.45372 -0.00752 -0.02584
-0.22331 -0.00721 0.13582
0.32384 0.02514 0.07676
0.27433 0.02704 0.13562
-0.37120 -0.04064 -0.07953
-0.36925 -0.04120 -0.13000
-0.15810 -0.05119 -0.08732
-0.15724 -0.05119 -0.10944
-0.15058 -0.05119 -0.10192
-0.14261 -0.05119 -0.09778
-0.17801 -0.05119 -0.11050
-0.12844 -0.05119 -0.11879
-0.21459 0.08911 -0.07638
0.02502 0.01251 -0.13423
-0.08577 0.01300 -0.13417
-0.43813 0.00434 -0.11304
0.31650 -0.03859 -0.11959
0.10403 -0.06832 -0.06863
-0.44086 0.02379 -0.12864
-0.27799 0.07093 0.09954
0.12433 -0.07713 -0.07488
-0.31727 -0.04429 -0.06409
0.11953 -0.06883 -0.07802
-0.00942 0.01116 -0.13434
0.00574 0.00999 -0.13442
0.06899 0.05788 -0.00803
0.07527 0.05445 -0.00251
0.09345 0.04436 -0.00225
0.02763 0.08089 -0.00479
-0.07673 -0.03767 -0.08602
-0.26923 -0.06852 0.11959
0.32848 -0.05518 -0.13841
-0.20019 0.02369 -0.14679
-0.13393 0.10584 -0.03720
0.32286 0.01168 0.02745
0.04928 -0.00208 0.01032
-0.29949 0.06784 0.01944
-0.01267 0.10309 0.01745
0.07452 0.05463 0.02251
0.03871 0.07464 0.01294
0.04564 0.07077 0.01457
-0.01454 0.10422 0.01075
0.34350 -0.02751 0.11959
-0.45205 -0.00967 0.11274
-0.22013 0.07026 0.12283
0.29739 0.02753 0.07666
0.36072 0.02655 -0.00226
0.36542 -0.08250 0.12729
0.21152 -0.00583 0.02184
-0.21739 -0.02366 -0.14819
0.20556 0.00109 -0.03084
-0.41262 -0.01316 0.15053
0.27143 -0.03806 -0.02396
-0.03771 -0.00939 0.14755
-0.07002 -0.00974 0.14755
-0.10513 -0.01174 0.14759
-0.14226 -0.01010 0.14756
0.21080 -0.00357 -0.02013
-0.17973 0.02657 0.14575
-0.16263 0.03206 0.14437
0.44785 -0.03332 -0.12503
0.25311 -0.03995 -0.00745
-0.22665 0.08763 -0.03028
0.01715 0.07823 0.11951
0.00449 0.08529 0.11651
-0.03184 0.10629 0.10313
-0.02018 0.09868 0.11317
-0.14873 0.01368 0.13410
0.15555 -0.06680 -0.07478
-0.43223 -0.01892 -0.01280
0.31303 -0.03738 0.13841
-0.26434 0.07545 -0.08576
0.30283 -0.08070 -0.11961
0.02540 -0.07737 0.03399
-0.33236 -0.00671 0.14773
0.00269 -0.05010 -0.13359
-0.41537 0.00938 0.14344
0.28337 -0.05486 -0.12768
0.32449 -0.00410 -0.00876
0.43605 -0.03297 0.10300
-0.22149 -0.00012 -0.12610
-0.21961 -0.00143 -0.01251
-0.22528 0.00252 0.05525
-0.22487 0.00223 -0.03040
-0.21765 -0.00279 -0.10930
-0.22330 0.00114 0.07214
-0.22558 0.00273 -0.14708
0.44171 0.01431 -0.05816
0.29474 -0.00784 0.05480
0.43864 -0.02784 0.01531
-0.39222 -0.03430 -0.09799
-0.39204 -0.03436 -0.06297
-0.39361 -0.03385 -0.05747
-0.18307 0.09644 -0.07200
0.19185 0.03862 0.03005
-0.29206 -0.04690 -0.07203
-0.19098 -0.03315 -0.14667
-0.29595 -0.02982 -0.12552
-0.09769 0.10892 -0.04471
-0.18464 -0.00005 0.06596
-0.39765 -0.01099 -0.14400
0.29627 -0.04944 -0.07761
-0.10163 0.03386 -0.11527
-0.10223 0.03663 -0.08054
-0.10618 0.05470 -0.08868
-0.09629 0.00939 -0.10400
-0.10191 0.03514 -0.10926
-0.10307 0.04046 -0.06169
-0.10189 0.03505 -0.06472
-0.08928 -0.02270 -0.12052
-0.10276 0.03903 -0.06829
-0.10078 0.02998 -0.09508
-0.09557 0.00612 -0.09391
-0.24073 -0.02146 0.11596
-0.16756 -0.03396 -0.12231
0.23461 0.02907 -0.11012
0.24111 0.02875 -0.11694
0.31080 -0.00813 0.02075
-0.19467 -0.02816 -0.09417
-0.19277 -0.03220 -0.06245
-0.18971 -0.03871 -0.10081
-0.19339 -0.03089 0.01958
-0.19334 -0.03099 -0.00594
-0.19276 -0.03222 -0.07415
-0.19257 -0.03263 -0.05255
-0.18902 -0.04018 -0.12433
-0.19370 -0.03024 0.10751
-0.19250 -0.03279 0.00537
0.02700 -0.07505 0.04421
0.11357 0.03277 0.09645
0.24190 -0.02326 0.01391
-0.33329 -0.05247 -0.07839
0.22130 -0.05292 0.01968
0.30234 -0.10959 -0.14588
-0.10732 0.10782 -0.05796
-0.08711 0.10996 -0.02714
0.25203 -0.04396 0.13043
0.41396 0.01967 0.03271
-0.38177 -0.05827 0.07440
0.25405 -0.02802 -0.01477
0.26312 -0.02749 -0.01405
-0.30534 -0.02883 -0.10959
0.44599 -0.02763 0.08758
0.12100 -0.04971 -0.14551
0.26091 -0.01041 0.00915
-0.27425 -0.05428 0.07798
-0.27153 0.07445 -0.06409
-0.28288 -0.05636 -0.11959
0.09017 -0.05175 -0.14560
0.43545 -0.00186 0.08373
-0.03759 -0.06784 0.03265
-0.20546 -0.05385 -0.07409
-0.20535 0.02611 -0.10213
-0.20361 0.01817 -0.10934
-0.19824 -0.00642 -0.11757
-0.20089 0.00570 -0.09785
-0.19916 -0.00223 -0.09593
-0.19444 -0.02383 -0.11127
-0.24787 0.01115 -0.05401
-0.24540 0.01063 0.06888
-0.24866 0.01132 -0.07938
-0.18432 -0.03175 0.14695
-0.25661 -0.05334 0.12650
0.14178 0.03886 -0.06039
0.06500 0.03497 0.12186
-0.20780 -0.06125 -0.13665
0.20815 0.00018 0.03951
0.13930 0.03902 0.05767
0.42781 0.01732 0.00355
0.04287 0.05906 0.13510
0.25822 -0.02195 -0.12500
-0.34624 0.02586 -0.14389
-0.34565 -0.00419 -0.14567
-0.35582 0.00670 -0.14497
-0.36915 0.00690 -0.14487
-0.37385 0.01537 -0.14434
0.22378 0.01407 -0.14872
0.11631 0.02450 -0.14564
0.32401 -0.04040 -0.11959
-0.45322 -0.00759 0.05650
0.06109 -0.00678 0.00344
0.05322 -0.00678 -0.00726
0.06041 -0.00678 -0.01325
-0.41030 -0.02824 -0.07919
-0.40990 -0.02838 -0.04453
0.37099 -0.02873 -0.13821
-0.09764 -0.00086 0.14728
0.00868 0.00228 0.14714
-0.14130 -0.00036 0.14726
-0.14540 -0.07526 -0.06768
0.22722 0.02870 0.14507
0.31321 -0.11146 0.13707
0.16498 -0.07730 0.07441
-0.20017 0.09422 -0.00327
-0.05004 -0.02331 -0.09447
-0.31950 -0.01574 0.13801
-0.35311 0.01940 0.14423
-0.36081 0.01639 0.14437
-0.35843 0.01148 0.14467
-0.28542 0.00858 -0.11094
-0.00896 -0.04096 0.12125
-0.27749 -0.01655 0.12768
0.38604 0.01707 0.14425
0.37021 0.01058 0.14701
0.29442 -0.02454 0.03400
-0.05291 0.10959 0.07889
0.27004 -0.04389 0.02132
0.42499 0.01253 0.07825
0.44960 -0.03347 0.08125
0.35272 -0.04398 -0.11018
-0.24330 -0.01965 -0.14546
0.22666 0.01169 0.01994
-0.34000 -0.01331 0.14673
0.08319 0.03172 -0.13372
-0.14689 -0.02998 -0.08289
-0.08252 -0.02626 0.03867
0.32723 -0.03982 -0.13189
-0.32324 0.03701 0.13399
0.24624 -0.05505 0.02234
-0.14721 0.10387 0.05097
0.27898 -0.03934 0.13841
-0.08363 -0.07312 0.06725
0.30277 -0.04255 0.02732
-0.29115 0.06758 0.09456
0.34513 0.02674 0.06138
0.31273 -0.09851 0.10960
0.21306 -0.01483 -0.04981
0.28192 -0.01647 -0.04778
0.26806 -0.01380 -0.05109
0.28838 -0.01869 -0.04503
0.25113 -0.02006 -0.04333
-0.18664 0.00151 0.03806
0.03074 0.03518 -0.13695
-0.39675 0.01367 0.09710
-0.43206 0.01954 0.09710
-0.38613 0.00592 0.09710
-0.37096 0.00491 0.09710
0.19247 0.03240 -0.14436
0.20709 0.02870 -0.14531
-0.04084 -0.02295 -0.10456
-0.03653 0.02791 0.13254
-0.13586 0.02778 0.13255
-0.13404 0.02312 0.13312
-0.11085 0.02617 0.13275
0.18411 0.03928 0.00533
0.30172 -0.01510 0.05022
0.13331 0.03364 0.13634
-0.29389 -0.08928 0.10960
-0.26443 0.07447 0.10272
-0.20111 0.03331 0.11517
0.38895 -0.01910 0.14643
-0.14033 -0.03859 0.03746
0.26537 -0.02053 0.10973
0.03814 0.06839 0.10916
0.05743 0.05819 0.10850
-0.01715 0.09949 0.09590
-0.02585 0.10413 0.09591
0.11860 -0.06713 -0.07004
-0.31942 -0.08354 -0.12037
0.09668 0.00345 -0.14724
0.12638 0.00016 -0.14792
0.09260 -0.00090 -0.14736
0.25204 0.00074 0.04873
0.22538 -0.00770 -0.14898
0.15948 -0.01930 -0.14813
-0.06201 0.11083 -0.03754
0.11734 -0.07499 0.06806
-0.13131 0.10627 0.02875
0.10077 -0.05510 -0.14509
0.44053 -0.02822 -0.14247
-0.31083 0.03773 0.13146
-0.40888 0.02840 0.13809
0.45383 -0.02794 0.00184
-0.01254 -0.04150 -0.04142
0.00439 -0.04105 -0.04142
-0.45435 -0.01024 -0.04907
0.00833 -0.06790 0.04086
-0.10078 -0.06854 0.07573
0.43718 -0.01022 -0.08072
0.33699 -0.07474 -0.13841
0.34402 -0.01263 0.10960
0.35700 0.01890 -0.10449
0.21846 -0.00053 -0.04249
-0.26284 -0.00697 0.14840
0.03721 0.07457 0.04267
0.03302 0.07699 0.04012
0.01464 0.08709 0.04138
-0.00121 0.09599 0.03813
-0.01001 0.10123 0.02905
-0.25878 -0.05012 -0.12868
-0.18136 0.09794 -0.03809
0.08341 0.04579 0.09218
0.07411 0.05156 0.08354
0.13931 0.04021 0.01898
0.34799 -0.08631 -0.10960
-0.35955 -0.00592 0.14569
-0.34823 -0.01972 0.14658
0.32449 -0.01515 -0.00141
-0.09222 -0.07138 0.07280
0.19164 0.03893 -0.01329
-0.01906 0.00569 -0.14693
-0.03104 0.00507 -0.14697
0.00936 0.00432 -0.14702
-0.18828 -0.00268 0.14824
0.19551 0.03272 0.13781
0.26898 -0.01397 0.02641
-0.26808 -0.05360 -0.07824
-0.29651 0.03300 -0.14478
0.45197 -0.03343 -0.02996
-0.16896 0.09994 0.05854
0.20393 -0.05375 0.03294
0.33599 0.02114 -0.11693
0.06950 -0.07243 -0.05536
0.22037 -0.01718 0.03186
0.25378 0.02671 0.14525
-0.27313 -0.06456 0.12455
-0.20239 0.01260 0.04702
-0.19559 -0.01857 0.04621
-0.20521 0.02551 0.09547
-0.19440 -0.02402 0.04460
-0.20245 0.01287 0.09775
-0.20444 0.02195 0.07229
-0.20003 0.00176 0.06132
-0.19922 -0.00193 0.07524
-0.20044 0.00362 0.07517
-0.20234 0.01237 0.04194
-0.21382 -0.07816 0.14424
-0.12768 -0.03107 0.07103
-0.24611 -0.10694 -0.13153
0.31195 -0.02040 -0.05418
-0.36962 0.04630 0.08042
-0.15159 -0.06602 0.07167
0.04641 -0.07240 0.04278
-0.04603 -0.02311 0.09360
0.22271 0.00257 -0.04239
-0.19947 0.09300 0.06758
-0.17448 0.08216 0.12238
0.33331 -0.02210 0.13841
0.03532 -0.01878 0.00186
0.01408 -0.01878 -0.01717
0.26917 -0.08681 0.14813
-0.33739 0.04677 0.11911
0.07804 0.05118 0.05846
0.02719 0.07969 0.05001
0.08653 0.04636 0.06079
0.27381 0.02803 -0.13738
0.20261 0.03719 0.05799
0.30553 -0.00543 0.14840
0.26228 -0.01533 0.11803
-0.19711 -0.00058 -0.14857
-0.09791 0.02716 0.12315
-0.21042 -0.00880 0.01813
-0.21363 -0.00561 -0.07620
-0.21178 -0.00745 -0.14494
-0.20790 -0.01130 -0.14226
-0.21330 -0.00594 0.00222
-0.20637 -0.01282 -0.06413
-0.20928 -0.00993 -0.09225
-0.21255 -0.00668 -0.03211
-0.37924 0.04546 -0.01130
-0.33113 -0.04628 0.06108
-0.01596 -0.02332 0.06646
-0.38538 0.03131 0.12088
0.32286 -0.01650 0.02645
-0.44058 0.02082 0.07430
-0.43757 0.01871 -0.03097
0.30297 -0.00930 0.10959
-0.03145 0.10957 0.07112
0.03723 -0.05119 -0.14706
0.01894 0.00775 -0.00504
-0.24443 0.08314 0.00124
-0.44026 0.01936 0.08508
0.06611 0.03859 0.14296
0.35588 -0.07806 0.10960
-0.26928 -0.05607 -0.12837
-0.17745 0.05388 0.13427
0.30463 -0.08637 0.11959
-0.20735 0.02697 -0.14630
0.13379 0.04000 0.03289
0.32431 0.01645 -0.14859
0.43609 -0.01344 0.12989
-0.32778 -0.03860 -0.11125
0.20848 -0.05573 -0.01535
0.26372 -0.05573 -0.00449
0.26727 -0.05573 -0.00879
0.23582 -0.05573 0.01028
0.27929 -0.05573 -0.00502
0.21183 -0.05573 0.00511
0.21580 -0.05573 -0.00182
-0.36852 -0.04744 0.07021
-0.27652 -0.03921 -0.11959
-0.01344 -0.07753 -0.03600
0.37456 0.01938 -0.13916
-0.28444 -0.07965 0.11959
-0.20087 -0.06163 -0.06725
0.21490 -0.01907 0.00160
0.22903 -0.02404 0.00067
-0.45045 -0.00712 0.00836
-0.33065 0.01816 0.14579
-0.33716 0.02407 0.14493
0.17353 0.03931 0.02635
-0.43136 -0.01993 -0.07188
-0.01208 0.03280 -0.13448
-0.43879 0.00809 -0.13832
-0.43722 -0.00082 -0.11737
-0.43553 -0.01044 -0.09598
0.43672 0.00433 -0.14544
0.20284 0.03070 0.11601
0.00817 -0.01833 -0.01613
-0.16354 -0.04661 -0.14599
0.31370 0.02330 0.11241
-0.07470 -0.00001 -0.09434
-0.26844 -0.08971 -0.14781
0.29074 -0.08148 0.11199
0.29448 -0.02490 -0.13841
0.10236 -0.07795 0.07169
0.26891 -0.05112 0.00404
-0.27286 -0.08017 -0.12481
0.21814 -0.01843 0.00699
0.30583 -0.11052 0.12245
-0.27478 -0.05322 0.12344
0.28053 -0.04049 -0.01724
-0.41553 0.03240 -0.09625
-0.33062 0.01576 -0.14611
-0.32528 0.00285 -0.14791
0.28164 -0.06164 0.13841
-0.32188 -0.04425 -0.07733
-0.34332 -0.04425 -0.06920
-0.11564 -0.02896 0.14734
-0.03080 -0.02466 0.14749
-0.12631 -0.02856 0.14735
0.27589 -0.05503 0.14546
0.26730 0.03459 -0.02875
0.24735 -0.02881 0.01487
0.21578 -0.03038 0.01598
0.26939 0.02685 -0.11257
0.25716 0.02770 -0.11316
0.38643 0.01550 -0.10160
0.38455 0.01570 -0.08778
0.38288 0.01669 0.08051
0.21833 0.00257 0.04715
-0.03602 0.06155 0.13415
-0.02989 0.05296 0.13745
0.05153 0.04457 0.14067
-0.08268 0.07200 0.13014
-0.01096 0.08323 0.12582
-0.06326 0.04302 0.14126
-0.01990 0.07739 0.12807
-0.07050 0.05587 0.13633
-0.00396 0.05370 0.13716
-0.08043 0.05347 0.13725
-0.08046 0.04668 0.13986
-0.09334 0.06819 0.13160
-0.02776 0.07514 0.12893
-0.03296 0.04873 0.13907
0.01392 0.07059 0.13068
-0.04596 0.08203 0.12629
-0.10367 0.06358 0.13337
0.01529 0.04890 0.13900
-0.11323 0.04934 0.13883
-0.03839 0.05372 0.13715
-0.06512 0.07138 0.13037
-0.10597 0.05907 0.13510
-0.03521 0.07064 0.13066
-0.06984 0.06218 0.13390
-0.09765 0.05029 0.13847
-0.18862 0.01540 -0.00717
-0.31904 0.05925 0.10370
0.34231 -0.02609 -0.14546
-0.41962 -0.01285 0.15500
0.23933 -0.04766 0.00871
-0.06398 -0.00381 -0.14741
-0.00631 -0.00498 -0.14746
-0.08135 0.00046 -0.14722
-0.02849 -0.00342 -0.14739
0.23811 -0.03187 -0.01742
0.43352 0.01583 0.03974
0.01773 0.03215 0.09818
-0.44214 -0.00707 0.13049
0.17581 0.03799 0.06185
-0.24126 0.00962 -0.02793
-0.24130 0.00964 -0.13602
-0.05130 0.10996 -0.07100
-0.42276 -0.01060 -0.15687
-0.35236 -0.03416 0.14567
-0.34658 -0.03426 0.14631
-0.35425 -0.01477 0.14615
0.21571 -0.01230 0.00107
0.28882 -0.01688 -0.00441
0.44421 -0.00052 0.02033
0.11341 -0.07583 -0.06876
-0.18745 0.01125 -0.10365
-0.17486 0.03354 0.14441
-0.23525 0.01067 0.14996
0.22934 0.01873 0.03662
0.22082 -0.03697 -0.00625
-0.19340 0.02982 -0.08361
-0.40279 -0.00872 0.14385
0.41791 -0.00490 0.14690
0.32253 -0.05991 -0.12496
-0.23174 -0.09898 0.12144
0.21852 -0.00554 -0.03221
-0.22147 -0.00982 -0.14138
-0.31462 0.03751 -0.13716
0.22310 0.00829 -0.04698
0.30094 -0.00224 0.01763
-0.10647 -0.04865 -0.14597
-0.01311 -0.04609 -0.14620
-0.10624 -0.04357 -0.14642
0.26727 0.03443 0.03535
-0.17292 0.04148 0.13990
-0.22943 0.00456 -0.11467
-0.23487 0.00708 -0.11470
-0.23270 0.00608 -0.01953
-0.23594 0.00758 0.06333
-0.22782 0.00382 -0.10702
-0.23473 0.00702 0.03044
-0.23497 0.00713 -0.06332
-0.23403 0.00670 0.00601
-0.05045 -0.03897 -0.08499
-0.04284 -0.03897 -0.09918
-0.01806 -0.03897 -0.10369
-0.05458 -0.03897 -0.10436
-0.02652 -0.03897 -0.11011
-0.05846 -0.03897 -0.08858
-0.02329 -0.03897 -0.09569
-0.05598 -0.03897 -0.06101
-0.05212 -0.03897 -0.07449
-0.06426 -0.03897 -0.06227
-0.05546 -0.03897 -0.12007
-0.04530 -0.03897 -0.09133
0.20556 -0.01914 0.00340
0.25728 -0.03176 0.03048
0.44703 -0.02762 0.01317
-0.20243 0.06888 -0.12534
0.29209 -0.05898 -0.13059
0.21877 0.02814 -0.01217
-0.27320 0.01157 -0.13965
0.33454 -0.07520 0.12066
0.36016 -0.06324 0.14840
0.04768 -0.01271 -0.14760
-0.11562 -0.00816 -0.14753
0.01490 -0.01328 -0.14762
-0.09932 -0.01386 -0.14763
-0.32513 -0.00581 -0.14871
0.45257 -0.02941 0.09553
-0.15436 0.10208 -0.07382
-0.15822 0.04855 0.13843
-0.28976 -0.00958 0.14840
-0.40990 0.02827 -0.12254
-0.41160 0.02805 -0.13460
-0.09867 0.10911 0.03373
0.41181 0.01276 -0.13558
0.22868 -0.03785 -0.03701
0.28976 0.02637 -0.07979
0.02796 -0.06815 0.04408
-0.26018 0.07725 -0.07199
0.16480 0.03199 -0.10777
0.09429 0.04374 0.01582
0.03913 0.07447 0.00774
0.06951 0.05761 0.00646
0.01053 0.09040 0.00405
0.06471 0.06020 0.01272
0.24669 0.02838 0.10661
0.01211 -0.01812 -0.13539
0.05454 -0.02038 -0.13537
0.04660 -0.02071 -0.13537
-0.06886 -0.01590 -0.13540
0.30278 0.03196 0.02401
-0.38920 -0.02207 -0.14428
-0.11672 -0.03744 -0.02424
-0.19330 0.03280 0.14481
-0.08223 0.03396 -0.09291
-0.22715 -0.07990 0.10960
-0.18243 -0.04147 -0.00803
-0.16112 0.08553 -0.12210
-0.18801 0.01327 -0.03309
-0.19789 -0.00567 -0.03916
0.24946 -0.03286 0.00622
-0.34550 -0.05756 -0.06074
0.26138 -0.08291 -0.12736
0.32286 0.01588 -0.04466
-0.05221 -0.04031 0.04142
-0.03527 -0.04032 0.04142
0.21643 -0.06615 -0.07107
-0.03078 -0.07804 -0.03602
0.22873 0.00995 0.05157
-0.01609 0.00062 0.13501
0.00796 -0.00042 0.13506
-0.03130 -0.05119 0.06665
-0.05761 -0.05119 0.07262
-0.05575 -0.05119 0.10068
-0.07062 -0.05119 0.09184
-0.04558 -0.05119 0.06948
-0.04260 -0.05119 0.05531
-0.03794 -0.05119 0.06406
-0.04116 -0.05119 0.08171
-0.04854 -0.05119 0.09429
-0.05525 -0.05119 0.06267
-0.07031 -0.05119 0.10992
-0.05293 -0.05119 0.05319
0.10911 0.04316 0.01151
0.29481 -0.01856 -0.13854
-0.28551 -0.06025 0.13134
-0.23865 -0.05787 -0.11959
0.09959 -0.04027 0.14666
-0.20002 0.03340 0.10003
0.27765 -0.00478 0.05832
0.29916 -0.00240 0.06106
-0.08638 0.10681 -0.10660
-0.29340 -0.05781 0.07550
-0.34216 0.04950 0.11748
0.10830 0.02968 0.14480
0.14160 0.02760 0.14558
0.22039 -0.05899 -0.01697
-0.29666 -0.10415 0.11941
0.35041 -0.06179 0.11050
0.28526 -0.02718 -0.14076
0.32603 -0.08797 0.14840
0.20556 -0.01837 0.01878
-0.07081 0.10921 0.07664
-0.22054 0.04198 -0.13430
0.24770 -0.01821 0.00733
-0.08568 0.04538 0.08109
-0.35858 -0.04410 0.01950
-0.35791 -0.04427 -0.12219
-0.35854 -0.04411 0.00975
-0.35854 -0.04411 -0.05567
0.31998 -0.00278 -0.10960
0.21915 -0.03160 0.02554
0.22838 -0.02959 0.02876
0.29839 -0.02969 0.03287
0.03029 -0.06680 -0.03639
-0.28894 -0.08726 -0.10959
-0.38649 -0.03610 -0.03078
-0.38602 -0.03625 0.05345
-0.11963 0.10669 0.05897
0.23530 -0.04257 -0.00750
-0.34214 -0.06054 -0.07029
-0.32325 -0.06054 -0.06708
-0.21266 0.02764 0.14618
0.32449 -0.01237 -0.02438
-0.21577 -0.05152 -0.06996
-0.03566 -0.03439 -0.12322
0.31232 0.03069 0.04161
-0.13265 -0.03064 -0.03228
0.23761 -0.05203 0.03560
0.24343 -0.01815 0.00396
-0.08145 0.03117 0.08550
0.34824 0.00157 0.04642
0.20792 -0.01387 -0.14847
0.24702 -0.01362 -0.14837
0.16635 -0.02086 -0.14796
0.20810 -0.00651 -0.03301
-0.19897 -0.00308 -0.03257
-0.20176 0.00971 -0.03285
-0.19916 -0.00220 -0.02131
-0.20463 0.02281 -0.02515
-0.19932 -0.00147 -0.01295
-0.20194 0.01050 -0.01619
-0.20327 0.01658 0.01998
-0.19944 -0.00092 -0.00719
-0.20416 0.02067 0.01512
-0.30721 -0.04738 -0.11117
-0.22907 -0.05152 -0.11536
0.24351 0.03573 0.04327
0.35545 -0.08124 0.14838
0.43635 -0.02964 0.09387
0.43643 -0.02447 0.12504
0.32449 -0.03429 0.01961
0.44549 -0.02764 0.03551
0.31673 -0.11103 -0.12236
0.17663 0.03614 0.07365
-0.03287 0.01386 -0.14630
-0.09335 0.01460 -0.14623
-0.17990 -0.04650 0.14562
0.20377 -0.07201 0.07885
-0.15925 0.08423 0.12272
0.20191 -0.02252 -0.14777
0.21558 -0.01929 -0.14796
0.39386 0.02147 0.05471
-0.13906 0.10354 -0.08383
-0.44296 -0.00725 -0.02094
0.12783 0.04012 -0.03129
-0.07400 -0.00433 0.11298
0.29065 -0.05256 -0.12754
0.30937 0.02363 0.10272
0.44054 -0.01626 0.01829
0.44180 0.01436 -0.04692
-0.12189 -0.04196 -0.08266
-0.18684 -0.00252 -0.14819
0.31704 0.01142 0.14569
0.27759 -0.01913 -0.01271
0.29732 -0.01843 -0.01202
-0.23282 -0.09958 -0.14336
0.24881 -0.05573 0.02872
0.21053 0.00519 0.05343
-0.01083 -0.02072 0.01341
-0.05878 -0.02561 0.01503
-0.06355 -0.02610 0.01121
-0.02503 -0.02217 0.00606
-0.01557 -0.02120 0.01800
0.27932 -0.10062 0.14420
-0.43916 -0.00805 -0.14680
0.22123 -0.04816 -0.00403
-0.20420 0.03198 -0.00074
-0.24499 0.08146 -0.07092
-0.26453 -0.10728 0.14813
-0.29770 0.06831 -0.02151
-0.26220 -0.06248 -0.13069
0.01693 0.01987 0.13351
-0.08267 0.01929 0.13356
0.28557 -0.03627 0.02642
-0.41192 -0.00707 -0.15101
-0.01884 -0.06986 0.03069
0.04141 0.01282 -0.09330
0.26988 -0.02170 -0.10960
-0.23246 -0.08889 0.14837
-0.06503 -0.02695 -0.12357
-0.22951 0.06033 0.12584
0.32286 0.01355 -0.02299
-0.30105 -0.02022 -0.10959
0.29919 -0.03699 -0.12006
0.32947 -0.04896 0.13079
-0.30071 0.01977 -0.14775
0.31017 -0.02719 -0.07783
-0.15366 0.06967 0.12929
0.27424 -0.04703 -0.14632
0.21127 -0.02506 0.02401
0.22920 -0.02052 0.02944
-0.28850 -0.08227 0.14546
-0.43532 0.00058 0.02252
-0.43583 -0.00015 0.03653
-0.13763 0.01987 0.14572
-0.00489 -0.02410 0.05772
-0.20078 0.02179 0.03715
-0.26813 -0.03737 0.13617
-0.19351 -0.07041 -0.07365
-0.43466 0.00810 -0.05613
-0.43388 0.00371 -0.03667
-0.43565 0.01373 -0.07366
-0.43409 0.00488 0.01987
0.11292 -0.06214 -0.14411
-0.30431 0.04821 -0.00897
-0.28468 0.03139 0.12297
-0.31515 0.05748 -0.04741
-0.30578 0.04946 0.08029
-0.30794 0.05132 0.09746
-0.27657 0.02446 0.11684
-0.30015 0.04464 0.06952
-0.28876 0.03489 0.03924
-0.30969 0.05282 0.02421
-0.28442 0.03118 0.09638
-0.31069 0.05367 -0.05496
-0.29332 0.03880 0.08309
-0.28379 0.03064 0.07950
-0.28076 0.02804 0.07619
-0.29215 0.03779 0.05274
-0.31736 0.05938 0.03827
-0.31371 0.05626 0.02036
-0.29546 0.04063 0.11023
-0.26916 0.01811 0.12493
-0.31638 0.05854 0.04579
0.03974 0.03314 0.08485
0.03973 0.03327 0.09018
-0.00735 -0.03940 -0.13455
0.03768 -0.03387 -0.13488
0.02874 -0.03680 -0.13470
-0.34439 0.05514 0.02717
0.21391 -0.05155 -0.03127
0.21295 -0.04899 0.02731
-0.35377 -0.05341 -0.07827
0.28372 -0.07303 -0.11959
0.22548 -0.02795 0.00328
0.20556 0.01348 -0.01126
0.04916 0.04163 0.05600
-0.05462 -0.02358 0.08438
-0.19350 0.03000 -0.01678
-0.18586 -0.04735 0.14290
-0.18585 -0.04738 0.10064
-0.29351 -0.02167 0.14546
0.29413 -0.00124 -0.14839
-0.21254 0.01664 -0.14833
-0.03284 -0.05119 0.00152
-0.05352 -0.05119 -0.01300
-0.04148 -0.05119 -0.02008
0.00554 -0.05119 -0.00342
0.05957 -0.05119 -0.01947
0.03324 -0.05119 -0.00656
-0.17453 -0.03108 -0.11366
0.16528 -0.06935 -0.06734
-0.37064 0.04653 -0.06862
0.25497 -0.03880 -0.10999
0.26441 0.01651 0.00518
0.25861 -0.00287 -0.03471
-0.18934 -0.03758 -0.02511
0.06923 0.02507 0.13289
0.32309 -0.01011 0.00875
-0.21324 0.09044 -0.04913
-0.07712 0.10824 0.09040
0.07625 0.00709 -0.13111
0.05317 0.03403 -0.13111
0.07496 0.01265 -0.13111
0.08757 0.03313 -0.13111
-0.14173 -0.03012 -0.11026
0.27795 -0.09956 -0.14435
0.01089 0.08466 -0.09510
-0.01932 0.10141 -0.08985
-0.02667 0.10653 -0.08014
0.06830 0.05165 -0.11449
0.30143 -0.01838 0.06481
-0.07985 0.02499 -0.07077
0.25176 0.00267 0.04235
-0.25381 -0.08908 0.14840
0.31154 0.00949 -0.01577
0.26359 0.00949 -0.01366
0.30607 0.00949 -0.01921
0.28689 0.00949 -0.01809
-0.19259 0.02761 -0.02824
0.32449 -0.00495 0.00272
0.20648 -0.00152 0.01761
0.23850 -0.01349 0.00124
-0.15261 0.01839 0.13838
0.34201 0.00043 -0.10983
-0.01581 -0.05585 0.14670
0.08290 -0.05873 0.14645
-0.17123 -0.05729 0.14657
-0.13462 -0.05429 0.14683
0.20517 -0.03899 -0.03872
0.44991 -0.02226 0.10408
-0.35666 0.05161 -0.03086
0.21018 -0.06716 0.06993
0.31044 0.00889 0.05313
-0.07212 -0.01978 0.05042
0.28049 -0.09653 0.14817
0.09801 -0.06667 0.06975
-0.31445 -0.03128 0.10960
0.24706 -0.06932 -0.06790
-0.11837 -0.04361 0.14641
0.00166 -0.04215 0.14654
-0.07525 -0.04248 0.14651
-0.10204 -0.04533 0.14626
0.29301 -0.02839 0.12016
0.20556 -0.00367 0.04474
-0.22984 -0.05742 0.11364
0.35979 -0.00937 0.13376
0.26355 0.02502 0.00376
-0.29633 -0.06719 0.12715
-0.25351 0.03738 0.14400
-0.44075 -0.01301 0.08776
-0.20820 0.09007 -0.08725
0.04775 0.02394 0.07034
0.04866 0.02394 0.07711
-0.21836 0.08239 0.11797
0.12638 -0.03770 -0.14677
0.16187 -0.02932 -0.14735
-0.18302 0.09122 -0.11767
0.08798 0.01202 0.14175
0.33992 0.02072 0.10630
0.33146 0.02154 0.10564
0.16109 0.03205 0.10077
-0.35550 -0.04491 -0.01819
-0.35469 -0.04511 0.11837
0.25737 0.03501 0.03892
-0.29990 0.06654 -0.06532
0.17846 -0.07183 0.07832
-0.19492 0.09541 0.00222
-0.27391 0.07489 0.02155
-0.12707 0.02775 -0.14477
-0.00052 0.02156 -0.14553
-0.05780 0.02526 -0.14508
-0.12434 0.02262 -0.14540
0.21665 -0.03461 -0.00386
0.31535 -0.05695 0.12599
-0.26953 -0.05338 0.12469
-0.09778 -0.00203 0.13512
-0.00910 -0.00278 0.13517
-0.13855 -0.00323 0.13516
-0.12999 -0.00393 0.13520
0.18136 -0.00453 0.14891
-0.18566 0.05892 -0.13129
-0.23531 -0.04060 -0.12304
-0.27569 0.01843 -0.14912
-0.43833 -0.01282 0.09857
0.00728 -0.02558 -0.06565
