-0.29200 0.08032 0.11051
-0.33018 0.05077 0.13789
-0.33797 0.05365 0.13467
0.27445 -0.00358 0.14655
-0.41971 -0.00940 0.13772
0.31455 -0.03218 -0.15107
0.40626 -0.07658 0.13007
0.40468 -0.05938 0.13083
0.40409 -0.04659 0.13013
0.41121 -0.01675 0.11017
-0.18247 0.13132 -0.01046
0.11179 0.08941 -0.11418
-0.42775 -0.06596 0.08181
0.01261 0.13245 0.08680
-0.32108 -0.01318 0.16392
-0.21726 -0.04563 0.14579
0.39837 -0.03165 0.13560
0.02477 0.13028 0.08535
0.03825 0.12917 0.06422
0.29659 -0.03577 0.14312
-0.20367 0.12313 0.07625
-0.35108 0.06947 0.02507
0.32866 -0.10932 0.16646
0.13355 0.04088 -0.15035
-0.30928 -0.07611 -0.12160
0.36323 0.02822 0.08213
0.42423 -0.00104 -0.05142
-0.35046 0.06845 0.08640
0.41053 -0.01413 0.07956
0.23586 -0.11745 0.13675
0.22243 -0.03294 -0.11954
0.22458 -0.02875 -0.14113
0.42938 -0.02795 -0.07212
0.32752 -0.09564 -0.14471
0.28320 -0.12337 0.14075
-0.24114 -0.12292 -0.12654
-0.30545 0.03690 -0.14992
0.03204 0.13144 0.03991
-0.29104 -0.06282 -0.16313
0.29244 -0.01900 0.13496
-0.43319 0.00472 -0.01238
-0.35735 0.06821 0.11427
0.40565 -0.01565 -0.10255
-0.19387 -0.08539 0.16400
-0.34170 0.07076 0.02418
-0.43604 -0.03913 0.04772
0.07531 0.11851 0.06427
-0.40765 -0.05667 -0.13605
-0.05176 0.07692 0.13336
-0.05068 0.08556 0.12962
0.01837 0.13223 -0.07101
-0.19203 -0.10041 0.12580
-0.27383 -0.03160 -0.13026
-0.26496 -0.08233 -0.14727
0.21447 0.03381 -0.14960
-0.30330 -0.02249 -0.16486
0.24460 -0.09633 0.15865
0.27283 -0.09522 0.14727
0.22251 0.05379 -0.00519
0.21582 0.05451 -0.01083
0.03367 0.03506 -0.15471
0.02551 0.02849 -0.15735
-0.17444 0.11758 0.11140
-0.16133 0.13479 0.01302
-0.24075 0.10863 -0.08334
-0.19603 0.07481 0.13071
-0.01123 -0.02737 -0.16480
0.00616 -0.02181 -0.16509
-0.25400 -0.12127 -0.13035
-0.00736 0.13642 0.03293
0.27183 0.00148 0.15052
0.28178 0.00305 0.13622
-0.43287 -0.04817 0.06415
-0.43268 -0.04881 0.10233
0.15060 0.05611 -0.13855
-0.40447 0.05720 -0.02534
-0.38898 0.06480 -0.02439
-0.25670 0.10654 0.03795
0.32888 0.00595 -0.15233
0.07296 0.11898 -0.07028
-0.33201 0.06968 -0.08421
-0.33713 0.06563 0.12358
-0.31650 0.02022 0.15428
-0.21460 -0.11736 -0.14394
-0.18682 -0.07381 0.16443
0.27196 -0.10332 -0.14613
0.27592 -0.01950 0.16507
0.34716 0.03055 0.08883
-0.11180 0.01180 0.16235
-0.07269 0.00235 0.16500
-0.07202 0.01066 0.16267
-0.05886 0.01408 0.16170
-0.08360 0.00259 0.16494
-0.09683 0.00852 0.16328
-0.08059 0.13758 -0.06203
-0.38242 -0.07336 -0.13842
-0.39645 -0.07515 -0.13060
0.23173 -0.04279 -0.16650
0.27617 0.04094 -0.12543
-0.43267 -0.07302 0.09934
0.20330 0.05320 -0.07351
-0.23510 0.11363 -0.06740
0.36583 0.00842 0.11842
-0.39814 0.06172 0.02703
-0.23657 -0.13920 0.13757
-0.27535 0.09920 -0.01382
-0.21630 0.11944 -0.07776
0.30024 0.02074 -0.15164
0.31711 -0.05384 -0.14312
-0.26276 0.10465 -0.02483
0.14333 0.06655 -0.12718
0.15221 0.06034 0.12926
0.42190 -0.01734 0.08486
-0.30540 -0.05612 -0.15687
0.06385 0.12590 -0.04009
0.16792 0.05171 0.13351
0.37502 0.02048 -0.11047
-0.23300 -0.06180 0.16627
-0.11186 0.13698 -0.06533
0.12468 -0.02016 0.16552
0.16921 -0.01637 0.16571
0.16507 -0.02219 0.16556
0.05040 -0.01688 0.16544
-0.24557 0.11248 0.02260
0.15074 0.07954 -0.01785
0.12605 0.09478 -0.01084
-0.43063 -0.05601 -0.01243
-0.42671 0.00204 0.10831
-0.28480 -0.04492 0.14336
-0.32658 -0.03633 0.16471
0.23828 -0.08325 -0.16507
-0.38237 0.06583 0.01979
-0.38661 0.06516 0.02447
-0.27144 0.10064 0.02681
0.05160 0.11991 0.10940
0.38543 -0.07694 0.14825
-0.03893 0.13487 0.09051
0.23733 0.04799 0.10181
0.20108 0.05505 0.04742
0.35848 0.00890 0.12978
0.28619 0.03942 0.12583
-0.38385 -0.05220 0.14722
0.29781 -0.02135 0.12654
-0.06500 -0.01977 0.16505
0.37150 0.01038 -0.12033
0.39093 0.00726 -0.10611
0.04560 0.12060 -0.10903
0.22216 0.05064 0.08854
-0.44111 -0.01406 0.01944
-0.42695 0.01972 -0.00617
0.23087 -0.08953 0.12537
0.39637 -0.00785 0.13111
-0.18822 -0.08327 -0.16410
-0.20172 0.02674 0.15858
-0.19792 0.02014 0.16034
0.37827 -0.01123 -0.12751
-0.41251 0.01323 0.08637
0.11218 0.04503 -0.14763
0.29974 -0.06127 0.15258
-0.40790 0.05145 -0.05594
-0.33465 0.07116 -0.06221
-0.24181 -0.04663 -0.14727
-0.23001 0.11926 0.02136
-0.27318 -0.06398 -0.14727
0.43128 -0.06689 0.07637
0.43084 -0.04863 0.07362
-0.42423 -0.06662 0.04790
-0.28451 -0.04809 -0.16507
-0.42416 -0.06643 -0.05706
-0.23062 -0.03530 0.14616
0.25799 -0.01164 0.16129
0.21954 -0.08344 -0.13385
0.32279 -0.03771 0.12654
0.18990 0.05476 -0.08110
-0.15184 0.13500 -0.04009
-0.23446 -0.02295 0.16067
-0.42389 0.02391 -0.03322
-0.23095 -0.08659 0.15258
-0.43864 -0.03150 -0.03045
-0.18878 0.12679 -0.07772
0.28409 -0.08268 -0.16627
-0.18810 -0.05919 -0.14830
0.31557 -0.08919 0.14427
-0.26317 0.05504 -0.14208
-0.25119 0.05799 -0.14058
0.28980 0.04322 0.06446
-0.36420 0.06795 0.07648
-0.19348 0.12532 0.08098
-0.39904 0.05707 -0.08656
-0.43893 -0.02588 0.04819
-0.26031 -0.09993 0.14615
-0.26208 -0.07819 0.16632
0.34897 -0.03249 -0.16217
0.35170 -0.03780 -0.14706
-0.43332 -0.00393 0.06103
-0.39710 0.04298 -0.11052
-0.20064 -0.10019 -0.15608
-0.31128 0.05776 0.13579
0.33650 -0.05776 0.15921
0.31181 0.03850 -0.07488
-0.03425 0.12803 -0.10554
0.41128 -0.09138 -0.12515
0.41117 -0.06858 -0.12047
-0.25149 0.08692 -0.11986
-0.14566 0.13698 -0.01634
-0.16068 0.11861 -0.11234
0.30427 0.03769 -0.09933
-0.27554 -0.11003 0.12649
0.07625 0.11533 -0.08557
-0.19290 -0.05467 -0.16507
0.13387 0.08732 -0.04439
-0.24105 0.11143 0.06321
0.27563 -0.12251 0.14474
-0.07550 0.13874 -0.02731
-0.19820 -0.12553 0.14044
-0.06368 0.13638 0.08595
-0.00930 0.01349 0.15959
-0.18478 0.04677 -0.14905
-0.24702 -0.04825 -0.13719
-0.25195 -0.01460 0.16650
0.25456 0.04907 -0.05197
0.25023 0.04891 -0.06000
0.30154 -0.03835 0.14615
-0.34434 0.07027 -0.03809
-0.43482 -0.00012 0.02104
-0.38105 0.04057 0.12255
-0.25725 -0.02164 -0.15826
-0.23692 -0.09495 0.14312
-0.24284 -0.04716 0.14727
0.26877 -0.00501 -0.14095
0.33350 -0.07960 -0.13602
-0.03763 0.02236 0.15936
0.31157 -0.04718 0.14613
-0.17198 -0.01569 0.16523
0.38596 0.02635 0.04570
-0.41813 0.03613 -0.03918
0.15965 0.05786 -0.12515
-0.23622 0.11422 -0.05847
-0.38818 0.06535 0.06454
0.43037 -0.01143 0.05438
0.26824 0.04869 -0.02634
0.36319 -0.00867 -0.13983
-0.38433 0.06575 0.05965
-0.37539 0.06687 0.05701
-0.36883 0.06756 -0.06596
0.28796 0.01705 -0.15643
-0.30812 -0.03304 -0.16427
-0.40093 0.01909 -0.13515
-0.25380 0.10898 0.01632
0.00436 0.13175 0.09502
-0.28095 -0.10266 0.16142
0.36931 0.02101 0.12156
-0.43289 0.00006 -0.05296
-0.35612 0.03082 0.13613
0.25618 -0.00331 -0.12542
0.24681 -0.00806 -0.14368
0.25014 -0.00637 -0.11572
-0.31073 0.06510 0.12616
0.19230 0.04898 0.13243
0.27197 0.01382 -0.15957
-0.15068 -0.06783 -0.15873
0.34898 -0.00617 -0.15831
-0.22148 -0.02152 -0.13790
0.23695 -0.02384 0.15671
0.12366 0.08598 -0.09978
0.29586 0.04095 0.08233
-0.41329 0.01694 0.12168
0.23271 -0.04555 -0.12537
0.41157 0.01476 0.04669
-0.43873 -0.03421 0.01561
-0.30897 0.08248 0.05432
0.05486 0.12796 0.03550
0.28678 -0.09227 -0.14767
-0.03680 0.01195 -0.16229
-0.28063 -0.10313 -0.15517
0.11896 0.01033 -0.16269
0.10607 0.00488 -0.16423
-0.01025 -0.04743 0.16262
0.02184 0.13434 -0.01313
0.30499 0.00575 0.16225
-0.42430 0.00855 -0.07398
-0.39952 -0.00657 0.14536
-0.26007 -0.09407 -0.14604
-0.00689 0.13519 0.06138
-0.29962 -0.09348 -0.12808
0.31230 -0.02561 -0.13561
-0.37424 -0.00384 0.15271
-0.01993 0.00410 0.16449
-0.23419 0.04001 0.15218
-0.02273 0.13845 0.00165
-0.01962 0.04993 -0.14547
-0.24580 -0.01900 0.14972
0.32883 0.03283 0.10834
-0.23037 -0.04586 -0.16688
-0.20992 -0.09126 0.14727
-0.44032 -0.02597 0.01762
0.29163 -0.00406 -0.13378
-0.26614 -0.01526 -0.12537
-0.12269 -0.00859 0.16572
-0.40871 0.05172 -0.03772
-0.42013 0.03227 0.03621
-0.16950 -0.07282 -0.11621
-0.29136 -0.06655 0.14618
-0.05188 0.03194 -0.15605
-0.27502 0.08861 -0.10446
0.22306 -0.08179 0.12646
-0.41427 0.03314 0.10385
0.43012 -0.01727 -0.00833
-0.28613 -0.08850 0.12654
-0.20420 0.03256 0.15645
-0.27525 0.08790 0.10692
-0.41655 0.02778 -0.09220
-0.34472 0.07031 0.03102
0.41601 0.00059 -0.04037
-0.28211 -0.11593 -0.12537
-0.18887 -0.05632 0.14968
-0.36681 0.06771 0.05608
-0.13917 0.13638 -0.04577
0.35557 0.02623 -0.12576
0.23604 -0.06233 0.16507
0.17866 0.06350 -0.01096
-0.38467 -0.02660 0.15246
-0.22469 0.12134 0.00875
-0.21862 0.06351 -0.13909
-0.00193 0.12263 -0.11117
0.36168 0.03271 0.00242
0.19663 0.05351 0.08931
-0.32508 0.06192 -0.13047
-0.05522 0.06148 0.13917
-0.32236 0.07914 -0.01065
-0.19228 -0.02468 -0.16060
0.25572 -0.11389 0.15165
-0.41085 0.05013 0.01741
-0.17771 0.12773 0.09105
0.38569 0.02735 0.02886
-0.12602 0.13703 0.04965
0.37955 -0.05938 -0.14990
-0.18695 -0.07528 -0.16230
-0.14033 0.13767 -0.00730
-0.22407 0.11094 -0.10387
0.13938 0.07512 0.10809
0.14758 0.07010 0.10954
-0.20904 -0.00775 -0.12721
-0.20554 -0.00920 -0.15575
-0.20803 -0.07522 -0.14727
-0.14500 0.05525 -0.14047
-0.38668 0.01722 -0.14267
0.30979 0.04082 0.05159
0.33864 0.03462 0.06104
-0.26672 0.10243 0.03274
-0.36446 -0.01024 -0.15780
-0.29030 -0.08257 0.14215
-0.29342 0.09090 0.02037
-0.42186 -0.05066 0.12526
-0.32650 -0.03027 0.16495
-0.24110 -0.10525 -0.14431
0.06084 0.12777 -0.02053
0.28755 0.04178 -0.09009
-0.34163 0.02261 -0.14999
-0.35404 0.02056 -0.14857
0.04462 0.13037 0.02125
-0.27326 0.09653 0.06531
0.37836 -0.00580 -0.11368
-0.30384 -0.04530 -0.13689
0.35512 0.02257 0.13665
-0.41809 0.03523 -0.05082
0.27477 -0.13055 -0.16650
0.01650 0.13352 -0.05358
-0.19861 0.05489 -0.14375
0.04438 0.13075 -0.01489
-0.24563 -0.07249 -0.16627
-0.36173 -0.02149 0.15934
-0.20989 -0.01166 -0.13174
0.28386 -0.06500 -0.16627
-0.25962 -0.00653 -0.13452
0.30735 -0.06927 0.14312
-0.01287 0.13495 0.07106
-0.30129 0.08117 0.08530
0.36849 -0.00732 0.14911
-0.26619 -0.03667 -0.13602
0.42558 -0.00622 0.02024
0.09310 0.02682 -0.15783
0.07773 0.02667 -0.15793
0.19071 0.05672 0.03473
-0.40639 -0.01228 -0.14571
-0.41409 0.01610 -0.12016
0.01738 0.13485 0.01666
-0.17029 0.12681 0.10056
0.00433 0.13569 -0.03442
0.33356 -0.10467 0.16650
-0.17242 0.13290 -0.01599
0.33911 -0.00212 0.15969
0.18057 -0.06667 -0.16148
0.19725 -0.05548 -0.16264
0.20796 -0.05947 -0.16229
-0.00025 -0.07161 -0.15944
0.42729 0.00260 0.00081
-0.13867 0.04380 -0.15065
-0.12817 0.04500 -0.14973
-0.12217 0.05318 -0.14394
-0.15537 0.05226 -0.14481
0.19796 0.05574 0.03934
-0.34790 0.06971 0.04630
0.42350 0.00442 0.03347
0.00935 0.13170 -0.09401
0.34240 -0.07899 -0.16640
0.27900 -0.13344 0.16650
-0.41467 0.02370 0.11229
0.30820 0.01275 0.15758
0.29948 -0.10672 -0.16445
-0.33022 0.06912 0.11045
-0.18726 -0.07878 0.13127
-0.36173 -0.00172 0.15306
-0.33241 -0.05760 -0.16110
0.24355 0.04542 -0.12352
-0.32735 -0.05211 -0.16231
-0.25324 0.10704 0.05330
0.21176 0.05323 -0.05816
0.24005 0.04979 -0.06270
0.22644 0.05127 -0.06319
-0.38211 -0.01664 0.15374
-0.18431 -0.03051 0.13899
-0.19910 -0.04404 0.15933
-0.30836 0.08342 0.04397
0.35364 0.00907 -0.14917
-0.20715 -0.02933 -0.12676
0.33496 -0.01583 0.15205
0.33149 -0.01238 0.13607
0.07254 0.11367 -0.10211
-0.04829 0.13756 -0.05703
0.22140 0.04960 -0.10518
0.32367 0.03294 0.13696
0.38005 0.01607 -0.11769
0.32771 -0.03950 0.16068
-0.30115 -0.01209 0.16451
-0.20246 -0.07484 0.14408
-0.34029 -0.04924 -0.16142
0.42817 -0.00856 -0.00671
-0.24408 -0.00103 -0.13559
-0.25396 -0.00233 -0.12222
0.38577 0.00218 -0.13303
0.21262 0.05122 0.09473
-0.31774 -0.05246 0.16183
-0.10204 0.13662 0.08059
-0.34147 -0.04511 0.16176
-0.19031 -0.02041 -0.11496
-0.19216 -0.01900 -0.14629
-0.16522 0.01739 0.15860
-0.41400 0.04598 -0.02215
-0.31348 0.04763 -0.14259
-0.26328 0.10376 -0.03565
-0.21827 -0.09980 -0.14727
0.22746 0.05285 0.03404
0.11350 0.07359 0.15852
0.31705 -0.01259 0.16015
0.32852 0.03896 -0.01234
0.32659 0.03932 0.00985
0.14817 0.07240 -0.09569
0.15252 0.06918 -0.09972
0.44117 -0.04116 -0.02950
0.44036 -0.09311 -0.03617
-0.38628 0.00909 -0.14475
0.08922 0.10100 -0.11513
0.39318 -0.01790 -0.12972
-0.17291 -0.06657 0.13220
0.35282 0.03365 0.04499
0.40037 0.01640 0.07658
0.12878 0.09174 -0.02792
-0.22013 -0.03190 0.13256
-0.22936 0.11962 -0.01943
-0.28555 -0.04652 0.16298
-0.20411 -0.03198 0.13067
0.28508 0.00357 -0.12761
0.27544 0.00205 -0.12205
-0.29545 -0.03364 -0.13443
0.13198 -0.01777 -0.16560
0.11289 -0.01527 -0.16562
0.15637 -0.01823 -0.16564
-0.24220 -0.06677 -0.16627
0.33020 -0.09177 0.16507
0.30848 0.02431 -0.14689
-0.36311 -0.05803 -0.15260
0.22573 0.01138 -0.16162
0.29105 0.03143 0.14613
-0.24941 -0.13290 -0.16650
-0.41483 -0.00965 -0.14172
-0.22242 -0.02898 -0.16247
-0.06102 0.13854 -0.03377
-0.23169 -0.12294 0.13165
-0.18540 -0.04796 -0.16650
0.34528 -0.00303 -0.14686
0.33987 -0.11004 0.15914
-0.43929 -0.01084 0.05010
-0.27223 0.09059 0.10192
-0.18703 -0.07612 -0.14209
-0.40222 0.05571 0.07327
-0.43160 -0.06579 0.09304
0.21798 0.05257 0.05771
0.20416 0.05359 0.06557
0.34967 0.03502 0.02413
-0.43091 0.01030 -0.00998
-0.43515 -0.00148 -0.02576
-0.38279 -0.00538 -0.15083
0.25677 -0.11036 -0.16507
-0.38082 0.02069 0.14138
-0.42534 0.02112 -0.02800
0.39074 0.02232 -0.06738
0.35956 0.03325 -0.00866
-0.28511 -0.05590 0.14543
0.08316 0.03126 0.15608
0.26543 0.04197 0.13319
0.16868 0.01063 -0.16246
-0.41691 0.03614 0.06153
0.28138 -0.00298 -0.13660
-0.12535 0.11716 -0.11288
0.33599 -0.08603 0.16507
-0.36335 0.03458 -0.13165
0.32349 0.03307 -0.13647
-0.36544 0.06781 -0.05824
0.26261 -0.11799 0.14347
0.25420 -0.01465 -0.16348
-0.18728 -0.03969 -0.16650
-0.17374 -0.04712 0.14489
0.42980 0.00074 -0.00876
0.06092 0.11958 0.10137
0.16555 0.05333 -0.13033
-0.17493 0.06315 0.13541
-0.18603 0.09701 0.12076
0.32927 -0.09208 -0.16138
0.13030 -0.03763 -0.16431
0.07879 -0.03205 -0.16477
0.11697 -0.03252 -0.16480
0.14435 -0.03502 -0.16460
0.12306 -0.00413 0.16564
-0.28497 0.08665 0.09223
0.10936 0.10071 0.05690
0.41825 0.00573 -0.07118
-0.29842 0.08822 -0.03263
-0.08581 0.13747 0.06413
0.30403 0.00081 -0.11626
0.28901 0.00318 -0.15727
0.05663 0.11382 -0.11447
0.36201 -0.04531 -0.15782
0.36335 -0.02100 -0.15459
0.23810 -0.03712 -0.16650
0.35841 -0.05777 -0.15741
0.35976 -0.06599 -0.15938
0.34197 -0.00316 -0.15956
-0.23135 -0.01161 0.12537
-0.22087 -0.13667 -0.13900
0.43265 -0.01631 0.01257
-0.07627 0.13674 0.08084
-0.21923 -0.07299 0.16608
-0.17627 0.04512 0.15000
-0.27660 -0.03436 0.13129
-0.15433 0.13374 0.05973
0.00993 0.13583 0.01815
-0.06113 0.13801 -0.05378
0.28726 0.04594 0.02704
0.35045 0.00338 -0.15263
0.33691 -0.08274 0.13034
0.12142 0.09528 -0.03785
0.40923 0.00981 0.08125
-0.16098 0.13326 -0.04725
-0.21456 -0.01443 0.16650
-0.28397 -0.10513 0.16625
-0.24912 -0.04266 0.16646
-0.23149 -0.04820 0.14963
-0.27112 -0.07430 -0.14312
0.30369 -0.08099 0.14312
0.26208 -0.11774 0.15912
-0.17129 -0.06480 -0.13880
0.33245 -0.12077 -0.14000
-0.28478 0.08538 -0.09927
0.00624 0.03021 0.15667
0.04015 0.03271 0.15565
0.27018 -0.04271 0.14312
0.26142 0.04504 -0.09807
-0.38678 0.06561 -0.09643
0.26964 -0.08294 -0.14742
0.38772 -0.05870 -0.14596
-0.25623 0.10750 -0.02681
0.34228 -0.03282 0.14189
-0.31077 0.08235 -0.04642
-0.19923 -0.04385 -0.16082
0.40377 0.00583 0.09722
-0.42183 0.00990 -0.08000
-0.33414 0.06932 0.09631
-0.42653 -0.00310 0.11877
-0.29530 -0.03304 0.13487
-0.40650 0.05502 0.02574
0.16913 0.06794 -0.02607
0.16349 0.07139 -0.02490
-0.05774 0.13922 -0.01421
0.04154 0.12566 -0.09692
0.29626 -0.03991 -0.16532
-0.21025 -0.08350 0.14434
-0.20002 0.00565 -0.16420
-0.21500 0.00332 -0.16483
-0.22315 0.00934 -0.16323
-0.22263 0.00029 -0.16564
-0.35274 -0.03277 -0.16084
0.41097 0.01155 -0.06897
-0.18741 -0.08025 -0.12880
0.32916 -0.09363 0.12654
0.22304 0.05007 -0.09396
0.43792 -0.02788 -0.05259
0.43672 -0.04660 -0.06038
0.13709 0.02395 0.15884
0.12941 0.02251 0.15925
0.12114 0.02134 0.15958
0.42817 -0.00064 -0.01472
0.37376 0.02971 -0.04515
0.32137 0.00986 0.15661
-0.27731 -0.01219 0.14743
-0.27971 -0.01404 0.11370
0.23602 -0.05444 0.13242
0.34488 0.02915 -0.12599
-0.24891 -0.00641 0.12986
0.30192 -0.02109 0.16085
0.27898 -0.13883 -0.14309
-0.06911 0.04325 -0.15056
-0.05991 0.04647 -0.14823
0.42607 -0.00455 -0.02050
-0.19174 0.12368 0.09760
0.22593 0.04939 -0.09963
-0.14484 0.13350 -0.08726
-0.02690 -0.01607 -0.16529
-0.04676 -0.01325 -0.16530
-0.24470 -0.03831 -0.14436
-0.36215 0.02983 0.13917
-0.24867 -0.10363 -0.14727
-0.21213 0.12296 0.05477
-0.17147 0.12917 0.08770
-0.26014 -0.11576 0.16507
-0.00561 0.12953 0.10278
-0.39383 0.01219 0.14167
0.26954 -0.11962 -0.12654
-0.20707 0.11763 -0.10378
0.06463 0.10062 -0.12069
0.37058 -0.03137 -0.15229
0.36877 -0.06723 -0.15621
0.37243 -0.02170 -0.15045
-0.38725 0.05164 -0.12702
0.28021 -0.01891 0.14142
-0.42483 -0.02324 0.13309
-0.23980 -0.11943 -0.14813
-0.23670 -0.01864 -0.15145
0.24638 -0.04085 0.12654
-0.42279 0.01888 0.06954
-0.22389 -0.06005 0.15258
0.41952 -0.00184 0.05559
0.26842 -0.09104 -0.14727
0.27881 -0.09565 0.16699
-0.43924 -0.01929 -0.07549
-0.21995 -0.13643 0.13777
0.23151 0.04082 0.14283
-0.36994 0.06777 0.10531
-0.23723 -0.13926 -0.13637
0.33027 0.03357 0.09085
-0.29406 0.03183 -0.15339
-0.28762 -0.07081 -0.14906
0.27293 -0.11827 -0.16507
0.21251 -0.06207 -0.11965
0.21281 -0.06027 -0.13176
-0.17250 0.12922 -0.08576
0.12317 0.07486 -0.13124
0.30785 0.04051 0.05850
0.31917 0.03773 0.06575
-0.43127 0.00884 0.01510
-0.43174 0.00610 0.02887
0.02962 0.12870 -0.09231
0.23935 -0.04671 -0.13052
0.42402 -0.00076 0.04572
0.23726 -0.05965 -0.12654
-0.24244 -0.13282 0.12537
0.29459 -0.06759 0.16627
-0.05941 0.13836 -0.03965
0.34620 0.03573 -0.01898
-0.21396 -0.11231 0.14563
-0.29637 0.05935 -0.13677
-0.22080 0.10312 0.11517
-0.27714 -0.00534 -0.16435
0.28211 -0.11916 -0.15584
-0.15183 0.13162 -0.09235
0.35641 -0.01298 -0.15719
0.19048 0.05618 0.04911
0.18456 0.05858 0.02715
0.24471 0.04406 -0.13959
0.31867 0.03469 -0.10850
0.33262 -0.05911 -0.15502
0.17434 0.05820 -0.08784
-0.03564 -0.00436 0.16553
-0.09924 -0.00573 0.16558
-0.39714 0.06208 -0.03849
0.26713 0.04834 -0.03967
-0.30956 0.07648 0.09278
-0.35891 0.06835 0.10093
-0.25495 -0.13401 -0.16251
-0.10363 0.03816 0.15365
-0.09169 0.03883 0.15336
0.17900 -0.02559 -0.16548
-0.18161 -0.09074 0.12537
0.32766 -0.00950 0.14750
0.31594 -0.00356 0.12756
0.26053 -0.11225 0.16341
0.26926 -0.12081 0.13949
0.25541 0.05025 0.01675
-0.41377 0.03829 -0.10092
-0.24633 -0.11886 0.13778
-0.05363 0.12592 0.10843
-0.25392 -0.00732 0.16173
-0.41357 0.03963 -0.07621
-0.20504 -0.10534 0.12654
0.32241 -0.03932 0.15745
-0.28597 -0.07235 0.16499
-0.22415 0.12087 0.02763
0.27854 -0.08461 -0.15258
0.26554 -0.02266 -0.13623
0.34301 0.03218 0.08164
0.35158 0.03157 -0.06650
0.35084 0.03248 -0.05924
-0.39834 0.05991 0.06550
-0.15104 0.13610 0.01925
-0.32918 0.07616 -0.02547
-0.05486 0.13912 0.01678
-0.26822 -0.11461 0.14577
0.17569 -0.01165 -0.16584
0.26130 -0.02923 0.15869
0.18334 0.01683 0.16057
0.18595 0.01161 0.16202
0.26284 -0.12340 -0.12544
0.26279 -0.08002 -0.16410
0.23370 -0.03143 -0.13024
-0.42404 -0.04271 -0.12623
-0.10040 0.13838 -0.03734
-0.04270 0.03471 0.15493
0.32866 -0.04086 0.14104
0.42418 -0.00712 0.06360
0.01596 0.13332 0.05974
0.28190 -0.09987 0.14312
-0.21956 -0.11515 -0.15415
-0.26820 0.09427 -0.09291
0.26414 0.04931 -0.02159
-0.23592 0.09762 -0.11564
-0.37098 -0.04784 0.15338
-0.23076 -0.01916 0.14741
-0.00478 0.13739 -0.00574
-0.27905 -0.04378 0.15565
-0.25646 -0.12061 0.14800
0.43700 -0.02189 0.04000
0.24355 0.05109 -0.03542
0.20915 0.05483 -0.03302
0.18729 0.05599 0.06166
0.10922 -0.00214 -0.16549
-0.03393 -0.01463 0.16530
-0.07749 -0.01519 0.16519
-0.10749 -0.01514 0.16513
-0.24246 -0.00082 0.15811
0.41313 0.01539 0.02874
-0.03583 0.08854 -0.12834
-0.03501 0.07015 -0.13629
-0.32883 -0.08363 0.08760
-0.32698 -0.08363 -0.05354
-0.31986 -0.08363 -0.15260
-0.33157 -0.08363 -0.09844
-0.32029 -0.08363 -0.11291
-0.32264 -0.08363 -0.08676
-0.31860 -0.08363 -0.09326
-0.32369 -0.08363 -0.00156
-0.32983 -0.08363 0.01784
-0.32838 -0.08363 -0.06483
-0.32091 -0.08363 -0.06697
-0.32607 -0.08363 0.04770
-0.32396 -0.08363 -0.03236
-0.16781 0.13150 -0.06060
0.28919 0.02590 -0.14810
-0.37834 0.02420 -0.13083
0.26571 0.00519 0.16378
-0.31118 0.04391 0.14516
0.30500 -0.06962 -0.16591
-0.04393 0.02577 0.15840
0.10446 0.08792 0.12628
-0.39085 0.00978 0.13201
0.14702 0.03085 0.15609
0.00675 -0.00877 -0.16552
0.31276 -0.08702 -0.14435
0.27809 -0.03487 0.14424
0.40837 0.01774 -0.03806
0.36583 0.02034 -0.13145
0.43789 -0.02646 0.05278
-0.05885 0.11178 -0.11828
0.24049 -0.01202 0.13277
0.23076 -0.02170 0.11729
0.23881 -0.01370 0.12439
0.24971 -0.07007 0.14727
-0.09663 0.13612 0.08775
-0.19095 -0.07393 0.15436
0.39725 -0.03535 -0.13726
0.31655 -0.03358 0.13681
0.29261 -0.01970 -0.16507
-0.23115 0.09166 0.12228
0.10367 0.10253 0.06942
-0.35641 0.03618 0.14269
0.28230 -0.12329 -0.16221
0.23879 -0.10867 0.16650
-0.19619 -0.01789 -0.14068
0.14605 0.07954 0.05036
-0.20122 0.12456 0.06695
-0.38215 0.06589 0.03736
0.43260 -0.01262 -0.02551
0.36376 0.03208 -0.03601
-0.39873 0.03989 -0.12806
-0.26170 -0.11830 -0.15002
0.30101 0.03776 0.11198
0.28333 0.04118 0.10776
0.32839 -0.10154 -0.13387
-0.22808 0.11403 0.08581
0.34409 -0.08167 0.12537
-0.43781 -0.00802 -0.04839
0.17850 0.01653 -0.16070
-0.29443 -0.09440 -0.16650
0.30702 0.03589 -0.12766
0.19830 0.05667 -0.01249
0.22538 0.05348 -0.01618
-0.15007 0.13291 0.08541
0.20806 0.05535 0.00226
-0.20064 -0.01628 -0.15862
-0.03143 0.13704 -0.05282
-0.16190 0.13340 -0.03986
-0.42147 0.03147 -0.01292
0.26471 -0.05038 0.14312
0.27463 0.04746 0.03570
-0.39399 0.05787 0.12007
0.37391 0.02248 -0.10252
-0.41361 0.04709 -0.01220
0.25744 -0.12282 -0.16650
-0.18981 0.12823 0.04542
0.12656 0.06808 -0.13648
-0.20095 0.12719 0.01572
-0.19514 -0.04256 0.13092
-0.43613 -0.03942 -0.04334
0.22665 -0.06447 -0.12537
-0.20386 0.12530 0.04503
0.02167 0.13226 -0.06124
-0.20652 0.12191 -0.08182
0.03552 0.12886 -0.07604
-0.20434 -0.00969 0.12922
-0.21893 -0.00365 0.16095
-0.23686 0.11552 0.03675
-0.39615 0.05973 0.09337
-0.33949 0.01449 0.15233
0.39010 0.02225 0.07009
-0.34483 -0.07707 -0.15041
-0.27700 -0.10545 0.16507
-0.29464 0.06185 0.13451
0.21826 -0.06218 0.15639
0.41509 -0.01228 0.09422
0.29025 -0.09058 0.14862
0.20186 0.04791 0.13837
-0.14489 0.12629 -0.10558
0.38314 -0.02607 0.14568
0.38638 -0.01822 0.14375
-0.23149 -0.01910 -0.14331
-0.37898 0.01350 -0.13725
-0.19156 0.08085 -0.13166
-0.27217 -0.05748 -0.14615
0.01585 0.13254 0.07390
0.42525 -0.00823 0.07415
-0.16811 0.11970 0.10994
-0.39185 0.04504 0.12856
-0.20400 -0.03565 -0.12654
-0.05218 -0.01040 -0.16538
-0.01555 0.13395 0.08855
0.37148 0.01370 -0.13455
-0.40320 0.05265 0.11285
-0.21743 0.11840 -0.08377
0.33742 -0.08914 -0.12610
-0.42923 0.01105 0.03602
0.01075 0.13356 0.06971
-0.38362 -0.07511 0.13677
-0.39052 -0.06874 0.13740
-0.33901 0.07071 -0.04554
-0.26609 -0.07041 0.14312
-0.26615 0.07084 0.12900
-0.28079 0.06743 0.13016
-0.03753 0.13629 0.07195
-0.42093 0.02689 -0.06201
0.25161 -0.03331 0.16507
0.34429 -0.07495 0.12537
-0.36374 0.05024 -0.13265
-0.40533 0.05118 0.10561
0.23969 -0.09606 -0.14265
0.31010 -0.11296 0.13421
0.24875 -0.10340 0.16507
0.27563 0.04151 -0.11917
0.01676 0.13443 0.02808
0.39574 0.01057 0.10160
-0.19475 -0.02804 0.12537
0.32073 -0.06158 0.14727
-0.00720 -0.03276 0.16448
-0.26429 -0.05462 -0.14727
-0.19711 0.12201 -0.09876
0.29289 -0.02316 0.15286
0.27264 -0.02455 -0.16425
0.24858 -0.10786 0.12922
-0.05394 0.00508 -0.16423
0.27667 0.04679 0.04363
0.38425 0.02048 0.09051
-0.24858 -0.13861 -0.15045
-0.18703 -0.03642 -0.12537
0.30501 -0.06401 -0.14653
0.22493 -0.04029 0.13631
0.28772 -0.05063 -0.16617
0.31073 -0.13295 -0.13273
-0.40975 0.01511 -0.08677
-0.09342 0.13767 0.05994
0.26523 -0.04691 -0.14727
0.24108 0.00764 -0.16259
0.23542 -0.02502 0.14837
0.42427 -0.02252 0.07934
-0.42437 0.02056 0.05365
-0.05663 -0.02503 0.16476
-0.10025 -0.03128 0.16436
-0.02901 -0.03028 0.16462
-0.43300 -0.04950 -0.03619
-0.25117 -0.01999 -0.14108
-0.08144 0.13831 0.04081
-0.23581 0.11549 0.04427
0.38303 0.02823 -0.02155
0.28696 0.03767 -0.14236
-0.26724 -0.06405 -0.14312
-0.35574 0.06838 -0.07613
-0.27556 0.06355 -0.13440
0.04444 0.12883 -0.05308
-0.26372 -0.04222 -0.16355
-0.43939 -0.02222 -0.05095
-0.23353 0.10839 0.10015
-0.05599 0.13536 0.09170
-0.20508 -0.06879 -0.14428
-0.27716 0.09756 0.03519
0.29969 0.01634 -0.15580
-0.08794 -0.04256 -0.16293
-0.15528 -0.04278 -0.16284
-0.14381 -0.04332 -0.16277
0.40290 -0.01525 0.12824
0.11663 0.09600 0.06084
0.12958 -0.06209 0.16170
0.27368 -0.02003 -0.13877
-0.28705 0.09071 -0.06245
0.36740 -0.08337 -0.15791
0.32590 -0.01587 -0.14471
-0.40904 -0.01925 -0.14528
-0.25156 -0.02401 0.12654
-0.14895 0.13060 0.09880
0.17263 -0.00414 -0.16566
0.09027 -0.00587 -0.16572
0.15339 0.05071 0.14330
0.24204 0.04642 -0.11550
0.23199 -0.02905 -0.13819
0.00474 0.12916 -0.10294
-0.17830 -0.10178 0.13987
-0.16832 -0.03833 0.16350
-0.29012 -0.08325 -0.16028
-0.29306 0.08759 0.06524
-0.17081 -0.08557 -0.14138
-0.17035 -0.08093 -0.15662
-0.16131 0.13505 0.00245
0.27436 -0.05198 0.14312
-0.22861 -0.07778 0.15114
-0.25420 -0.04834 -0.14727
-0.07460 0.13900 -0.02005
-0.42201 -0.07088 -0.00567
0.08407 0.11736 0.02571
0.37570 0.01183 0.13353
0.10288 0.06348 -0.13636
0.44012 -0.07354 0.03809
0.32059 0.03648 0.08055
-0.42389 0.02593 0.01317
-0.20933 -0.03911 0.13643
-0.25026 0.08910 0.11836
-0.35614 0.05746 -0.13023
-0.34152 0.05659 -0.13236
-0.37327 0.02025 0.14637
-0.14429 0.13110 -0.09984
-0.02608 0.13476 0.08645
-0.22531 -0.12153 -0.15909
0.35687 0.01039 -0.13002
0.34557 0.03088 -0.08869
0.25333 0.04721 0.08623
0.10433 0.02039 -0.15985
0.09965 0.00328 -0.16468
0.04939 0.00663 -0.16375
0.07065 0.01292 -0.16197
0.24968 -0.03306 0.13868
-0.25209 0.05206 0.14462
-0.20314 -0.04684 0.13415
-0.33320 -0.01805 -0.16507
-0.16986 0.03274 0.15593
0.43737 -0.02424 0.01209
0.23350 -0.07408 0.14868
-0.19851 -0.01412 0.16459
-0.19294 -0.01839 0.16477
0.39824 -0.00902 -0.12946
0.30955 0.03035 0.14491
-0.30144 0.08666 0.03525
-0.28441 0.09450 0.03259
-0.35746 -0.02795 -0.15986
-0.13665 0.13272 0.09782
-0.09996 0.13486 -0.09414
-0.30911 -0.07112 0.13394
0.04781 0.12875 -0.04268
-0.32603 -0.00266 -0.15838
-0.32006 0.00540 -0.15729
-0.37529 -0.01767 0.15604
-0.39796 0.06001 -0.06747
-0.24122 -0.09375 -0.16410
-0.09529 0.13583 -0.08971
-0.39459 0.03004 -0.13379
-0.18685 -0.06792 0.13142
0.30692 -0.03198 -0.16486
-0.42018 0.00873 -0.09605
0.08325 0.11147 0.08695
0.36846 0.02530 0.09227
-0.42218 0.00661 0.09924
-0.26189 -0.08584 0.14312
-0.35728 0.04876 -0.13408
0.15500 0.06757 0.10065
0.35881 -0.05265 0.16141
-0.27483 0.02591 -0.15673
-0.29518 0.02501 -0.15551
0.17835 -0.00031 -0.16540
0.34140 -0.03269 0.13439
-0.29253 -0.06785 0.12646
0.37503 -0.03650 -0.15024
0.02872 0.13043 0.07008
0.42157 0.00470 -0.03765
0.03115 0.13296 0.01309
0.31569 -0.00973 0.13706
-0.11352 0.13905 0.00435
0.09456 0.11047 0.04050
-0.33821 -0.05840 -0.15970
-0.30902 -0.06979 -0.15253
-0.27219 -0.11184 -0.15434
-0.26300 -0.00514 -0.12449
-0.27016 -0.00811 -0.12197
-0.24204 -0.04027 0.14727
0.06160 0.12596 -0.05168
0.18388 0.06012 -0.01416
-0.34448 -0.01622 0.16263
0.14216 0.07917 -0.07527
-0.35712 -0.06740 -0.15057
-0.35116 -0.06873 -0.15180
-0.23547 -0.00291 0.14729
0.10009 0.09455 -0.11926
0.32276 -0.00702 -0.11526
0.31205 -0.00158 -0.13380
-0.22665 -0.02040 0.12654
-0.43961 -0.02564 0.03409
-0.05251 0.12907 -0.10462
0.17401 0.03812 -0.15043
-0.19735 -0.10262 0.15129
-0.26638 0.10112 0.05290
0.29444 -0.01793 0.16548
-0.03253 0.08255 0.13093
-0.03313 0.09310 0.12636
-0.40694 0.02868 0.08957
-0.20213 -0.02253 -0.16650
-0.26388 -0.04470 -0.14425
-0.24176 0.10716 -0.08952
0.39227 -0.03074 -0.14107
0.43328 -0.01276 -0.03303
-0.37145 0.06730 -0.05245
-0.40972 0.04086 0.10375
0.01875 0.12472 0.10717
0.38687 -0.00139 -0.09245
0.26855 -0.00592 -0.15781
0.11828 0.05636 -0.15732
-0.00500 -0.01852 0.16520
-0.18331 0.11240 0.11528
-0.21173 -0.08865 -0.14432
-0.33726 0.03242 0.14762
-0.36504 -0.04962 0.15471
-0.17130 -0.07738 -0.13649
0.21241 -0.07910 0.14602
0.21202 -0.07651 0.12442
0.21235 -0.07870 0.15584
-0.27242 0.10044 -0.01958
-0.24330 -0.02048 0.12654
-0.00991 0.13512 -0.06524
0.40460 0.01865 -0.04674
0.23132 -0.03584 0.12911
0.04986 0.12882 -0.03446
0.10204 0.09793 0.10190
0.42075 -0.01176 0.08133
-0.07331 0.12702 -0.10704
0.34690 0.02896 0.12059
0.02971 0.13117 -0.05578
-0.19175 -0.05127 -0.12654
-0.39193 0.06256 0.09864
0.07571 0.11952 -0.05254
0.36709 -0.00418 0.13401
-0.21601 -0.02400 -0.15912
-0.29849 0.08067 0.09495
-0.21095 -0.11020 0.16059
-0.19245 -0.04723 0.14071
0.04738 0.12918 0.03529
-0.42585 -0.05929 -0.11258
-0.22046 0.10482 -0.11353
0.33831 -0.06992 -0.14226
-0.35801 0.06830 -0.09287
-0.30626 -0.05805 0.14847
-0.32517 -0.00603 0.16111
0.24230 -0.09195 -0.14702
0.14882 0.08091 0.01521
-0.17702 -0.05260 0.12906
0.26991 -0.07684 -0.15044
-0.43863 -0.02474 0.07011
-0.27187 -0.06484 -0.16562
0.33698 0.03404 0.07174
-0.22563 -0.12162 -0.12831
0.17416 0.06447 0.03163
0.39625 -0.00191 0.11944
-0.40784 0.01940 0.08762
0.33628 -0.02508 0.13891
-0.07547 0.13791 -0.05569
-0.30443 -0.06403 -0.13069
0.42330 -0.07879 0.09511
0.42618 -0.06234 0.08347
-0.21895 -0.10310 0.16538
0.29583 -0.12256 -0.13956
0.37678 0.02282 -0.09265
0.23337 -0.06943 0.14430
0.23341 -0.06890 -0.15412
-0.20569 -0.06561 0.16598
0.34107 -0.07318 0.16599
-0.30214 -0.09340 -0.15923
-0.40500 0.05585 0.04124
0.26247 -0.00012 0.11948
0.26139 -0.00066 0.12759
0.26088 -0.00093 0.14291
-0.24282 -0.13911 0.13758
-0.25465 -0.04214 0.14606
0.03090 0.13327 0.00026
-0.31483 0.07601 -0.08303
-0.30779 0.07766 -0.09073
0.35278 -0.05756 -0.13818
-0.30417 0.08312 0.06529
-0.01625 -0.00718 -0.16556
-0.00812 0.13207 -0.09626
0.23822 -0.11981 -0.14292
0.17214 0.06150 -0.07522
-0.04029 -0.00440 -0.16553
0.38074 -0.04882 0.14850
0.34158 -0.09002 0.16650
-0.10880 0.13753 0.05761
-0.42986 -0.02551 -0.12368
-0.41466 -0.07095 0.11935
0.31807 -0.11238 0.13028
0.23606 -0.02437 -0.13941
0.27048 0.02166 -0.15462
-0.14886 0.11481 0.11471
0.24604 -0.03698 -0.16507
-0.19514 -0.09946 -0.15339
0.29219 -0.07326 0.16627
0.30971 -0.08009 0.16405
0.33074 -0.04383 -0.14579
-0.42272 0.01421 0.07473
0.35612 -0.02818 0.16030
-0.37405 0.02026 0.13470
0.41954 0.01035 0.03538
0.01663 0.13356 0.05152
0.17787 0.05335 0.11954
-0.20203 0.07592 0.12988
0.35056 -0.04929 0.13770
-0.23018 0.06478 0.13735
0.33328 -0.04884 -0.15545
-0.28917 -0.05523 -0.15263
-0.13636 0.13464 0.08793
0.23679 -0.08983 -0.14968
-0.26908 0.09675 0.07626
0.36088 -0.04441 0.15823
0.36584 -0.02094 0.15344
-0.35559 -0.07718 0.14681
-0.21268 -0.02557 0.16508
0.42699 -0.01101 0.03839
-0.25345 -0.02060 -0.14887
0.17161 0.05693 0.10602
0.33398 -0.07449 0.16090
-0.28699 -0.06364 0.16294
0.08652 -0.02894 -0.16504
0.11972 -0.02671 -0.16524
0.29586 -0.01947 -0.15131
0.10902 0.10282 0.03471
-0.16753 -0.02925 0.16433
-0.40870 0.02697 -0.08923
-0.27222 0.04610 0.14740
-0.02284 0.13769 -0.02431
-0.33791 0.04903 -0.13048
0.24311 -0.04067 -0.12693
-0.29535 -0.03310 -0.15699
-0.26142 0.00908 0.16232
0.26133 -0.05830 -0.14727
0.42258 -0.00622 0.00461
-0.23289 -0.12213 -0.12654
0.33807 -0.10283 -0.12537
-0.14629 0.05469 0.14304
-0.13453 0.05399 0.14345
-0.15388 0.04484 0.15002
-0.11326 0.04679 0.14837
0.10512 0.10498 -0.03511
-0.40859 0.04083 0.11817
0.32366 -0.03478 -0.16321
0.20141 0.05424 -0.06029
0.01481 0.13238 -0.08072
0.32207 0.01423 -0.15041
-0.41640 0.00917 0.11736
-0.16955 -0.06781 -0.14862
0.08279 0.11652 0.04474
-0.43113 -0.04981 0.11078
-0.41939 -0.00197 -0.12957
0.27536 -0.07385 0.15258
-0.11334 -0.04591 0.16240
-0.05516 -0.04350 0.16293
-0.40083 -0.05252 0.14056
-0.23103 -0.08499 -0.15258
0.30768 -0.02793 0.15608
-0.40830 -0.04850 -0.13925
-0.41969 0.01553 -0.08333
0.28108 -0.04669 0.14312
-0.25662 0.08254 -0.12202
-0.19106 -0.09180 0.13349
-0.06096 0.13615 -0.08816
0.31110 -0.06231 -0.16422
-0.27808 -0.03583 0.16508
0.24578 -0.03696 -0.13658
0.41579 -0.04860 0.10708
0.41800 -0.03830 0.09968
0.41618 -0.02193 0.10018
-0.25187 -0.02442 0.16485
-0.40254 0.03256 -0.12805
-0.23522 -0.01925 -0.12654
-0.18030 0.13092 -0.02735
-0.20538 -0.03651 0.15756
0.30751 0.00026 0.13181
0.30627 0.00046 0.12366
0.29751 0.00184 0.12159
0.40828 0.01888 0.01390
-0.44024 -0.00871 -0.01433
-0.07904 0.04436 0.14984
-0.12129 0.04091 0.15256
-0.06820 0.04871 0.14671
-0.26989 -0.10657 -0.16321
0.26123 -0.08898 -0.14312
-0.17841 0.12879 -0.07601
-0.26145 -0.04231 0.14425
-0.03654 0.05168 0.14440
0.30400 0.04334 -0.00447
-0.27460 0.09795 -0.04546
0.11369 0.04114 0.15036
0.14016 0.04299 0.14879
-0.31018 -0.06438 0.15933
0.05155 0.12937 0.01894
-0.41902 -0.07565 -0.02944
0.27026 -0.02094 0.15267
-0.23166 0.11363 0.07790
0.13439 0.08542 0.06186
0.16362 0.06747 0.06806
-0.19916 -0.01581 0.14288
-0.44158 -0.01511 -0.01140
0.29565 -0.13857 0.14472
-0.24393 0.03895 -0.15238
-0.43377 -0.04776 -0.03038
0.33831 -0.07205 -0.15993
0.24889 0.05080 -0.02818
0.22997 0.05291 -0.02619
-0.17952 -0.08541 0.16650
0.21875 -0.05806 -0.15627
0.12134 0.03299 -0.15528
0.33266 0.03174 -0.12454
0.08386 0.11319 0.07222
0.10611 0.09675 0.09664
0.11797 0.08869 0.10231
-0.22881 0.11806 0.05026
-0.21756 -0.05538 0.14727
-0.27112 -0.02064 -0.12537
-0.16708 0.04304 -0.15139
-0.30375 -0.04870 -0.14345
0.25321 -0.02989 0.12857
0.43753 -0.01831 0.02338
0.25795 -0.02657 -0.12859
0.30417 -0.02177 0.12917
-0.38113 0.05187 -0.12832
0.44154 -0.03217 -0.02553
-0.25251 -0.07517 -0.15258
0.26895 -0.05532 -0.14312
0.27579 -0.00708 0.12861
0.40204 -0.01563 0.10060
-0.41273 0.03937 0.09527
-0.06435 0.13897 0.02099
0.37597 -0.01700 0.13371
0.39715 0.02352 0.02762
-0.17748 0.13136 0.02978
-0.18947 -0.05407 -0.13159
-0.21390 0.03000 -0.15682
-0.23622 0.00348 -0.16467
-0.39096 0.03406 0.09639
0.26832 0.04384 0.10240
-0.29226 -0.04976 -0.16640
0.12988 0.08601 0.07799
-0.11657 0.13789 -0.03545
-0.35263 -0.01538 -0.16085
-0.28545 -0.08487 0.16213
0.02755 0.12989 -0.08319
0.30589 -0.08915 0.14312
0.27739 -0.08339 -0.16627
-0.12675 0.12961 0.10329
0.28232 -0.04154 -0.14312
-0.27077 -0.01648 0.16650
-0.25750 -0.07188 -0.15023
0.28839 -0.03407 -0.14372
0.26770 -0.06167 0.14545
0.41808 -0.07357 0.10756
0.41752 -0.08037 0.11037
0.41961 -0.05242 0.09927
-0.37178 -0.00868 0.15586
0.13951 0.05100 0.14458
0.11616 0.05448 0.14308
0.10943 0.06251 0.13960
0.26100 0.04936 0.03234
0.28979 -0.10082 -0.14727
0.06308 0.12438 -0.06299
0.11908 0.09537 -0.05256
0.36258 0.02495 -0.11692
0.11794 0.09320 -0.07699
-0.03962 0.13791 -0.04061
0.38573 -0.01669 -0.11923
0.00246 0.13621 0.02502
0.26182 -0.07577 0.14727
0.24170 -0.09934 -0.13581
0.03775 0.12481 -0.10370
-0.38287 -0.03717 -0.15154
-0.14891 0.13545 0.04047
-0.40771 0.00940 0.11994
-0.24440 0.10781 0.07782
-0.00440 0.13381 -0.08354
0.31209 -0.04030 -0.16212
0.16320 0.06530 0.08502
0.29277 0.03954 -0.10601
0.39501 0.02499 -0.00347
-0.26476 0.10191 -0.05216
-0.23666 0.10889 0.09330
-0.42866 0.00499 -0.06447
0.09136 0.10716 0.08559
0.19675 0.05688 -0.00486
-0.31964 0.07592 0.07174
-0.33182 0.07342 -0.04992
-0.41361 -0.06581 -0.12551
0.39818 -0.07581 0.13950
0.30020 -0.02063 -0.15697
-0.29116 -0.07779 0.13626
-0.01573 0.13469 0.07892
-0.34818 0.06989 0.00173
-0.35322 0.06920 0.01679
-0.17172 -0.06278 0.15671
0.28812 0.04175 0.08950
-0.37481 0.06708 0.07946
-0.26405 -0.11253 -0.14341
0.09175 0.04023 -0.15122
0.07967 0.04023 -0.15135
0.30966 -0.05850 0.14312
0.41865 -0.00018 0.07959
0.21561 0.05350 0.04764
0.23064 0.05190 0.04786
-0.27080 0.04703 -0.14706
0.10535 0.07541 0.17455
0.30213 0.04372 0.01691
-0.19979 -0.09896 0.16129
0.29938 -0.11737 -0.14663
0.40543 -0.00309 -0.10270
-0.13489 0.13773 -0.01555
-0.25394 0.01966 -0.15980
-0.23040 -0.10511 -0.14312
0.28441 -0.03402 -0.14925
0.30210 0.00796 -0.16112
0.23725 -0.05121 0.14633
-0.25632 -0.02355 -0.12654
0.27000 0.04592 -0.06696
0.26174 -0.11758 -0.12713
0.01728 0.13185 0.08208
-0.03929 0.13707 0.06007
0.07190 0.11899 0.07440
-0.40755 0.03468 0.12235
0.40942 -0.01147 -0.08113
0.25652 -0.08734 0.14611
0.25687 0.02183 0.15574
-0.38223 -0.01390 -0.15341
0.36139 0.00735 0.14692
-0.12735 0.13739 0.03477
-0.20457 -0.03467 -0.16507
0.30023 0.04011 -0.08267
-0.07536 0.13340 0.09934
-0.21057 0.12215 0.06867
0.06030 0.03783 0.15324
0.09159 0.03715 0.15339
-0.02689 0.02928 0.15708
-0.31513 -0.03821 -0.16400
-0.23338 -0.13617 0.13028
-0.28264 -0.04177 -0.16100
-0.18692 -0.06710 -0.13210
0.33070 0.01799 -0.14937
0.28616 -0.02257 -0.16111
-0.43211 -0.02971 -0.11859
0.19306 0.05470 0.07374
-0.25834 -0.11987 0.15548
0.41904 -0.09101 -0.10937
0.41786 -0.06507 -0.10611
-0.43302 -0.04861 0.04781
-0.07194 0.13703 -0.07437
-0.20927 -0.10903 -0.15301
0.26167 0.04840 0.05083
0.24804 0.04986 0.05077
-0.18418 -0.11132 0.14153
-0.13859 0.13492 -0.08021
-0.27626 -0.10221 0.13622
-0.37262 -0.02133 -0.15665
-0.28140 0.09437 0.05213
0.20194 0.05560 0.03299
0.29296 -0.09151 0.16637
0.32305 -0.10203 0.13689
0.26229 -0.11332 -0.16480
-0.06734 0.13863 0.03081
0.37300 -0.01003 0.13470
-0.19866 -0.11382 0.16650
0.28256 0.00671 0.16298
0.24846 -0.10032 -0.16393
-0.39005 0.00800 0.14377
-0.28209 -0.04098 0.13793
-0.40845 0.04973 -0.06577
0.26159 0.04437 0.11023
-0.38771 0.06516 0.00724
-0.16834 0.03817 0.15375
-0.31287 -0.06317 -0.15956
0.35532 0.03392 -0.02654
-0.24998 -0.13649 -0.13176
-0.10550 0.13641 -0.08252
-0.07887 0.13836 -0.03905
0.35896 -0.08082 -0.14048
0.36019 -0.07274 -0.16005
-0.19304 -0.10855 0.16650
0.30050 -0.13764 -0.14190
0.18775 0.05239 -0.11253
0.07501 0.12095 -0.03928
-0.19375 -0.10269 -0.16604
0.22089 -0.03592 0.16056
0.22107 -0.03556 0.14558
0.24138 0.05176 0.00788
0.22352 0.05368 0.01001
-0.19760 0.12759 0.02238
-0.18612 0.06409 0.13891
0.07307 0.03300 -0.15541
0.14747 -0.06558 0.16138
0.29224 -0.04634 0.14312
-0.28271 -0.09027 -0.16418
0.32646 -0.02927 0.12537
0.26557 -0.13615 -0.14663
-0.23678 -0.01863 0.14376
-0.41597 -0.06229 0.12543
0.11209 0.08684 -0.12190
0.18201 0.05004 0.12671
0.11341 0.05311 -0.14519
-0.04508 0.04741 -0.14746
-0.43672 -0.04108 -0.01114
-0.15653 0.12441 0.10624
0.14792 0.00941 0.16294
0.14448 0.01527 0.16129
-0.23444 -0.03065 0.14553
-0.25569 -0.03812 -0.14424
0.24769 0.03812 -0.14428
-0.15323 0.13452 0.04691
-0.19580 -0.04161 -0.15277
-0.42068 -0.07265 -0.05840
-0.42756 -0.06029 -0.10105
-0.21925 0.06002 0.14060
-0.40792 0.00438 -0.13606
-0.33676 -0.01153 0.16322
-0.41431 0.02556 -0.11237
0.15941 0.05349 0.13750
-0.22800 -0.09669 -0.14727
0.31683 -0.12026 -0.16650
-0.09211 0.13722 0.06916
-0.00601 0.13702 0.01796
0.08511 0.09001 -0.12525
-0.17258 0.13323 0.00920
-0.20747 -0.06304 -0.14609
0.27453 -0.03987 0.16609
-0.18363 -0.10987 -0.13492
0.22765 -0.02479 -0.15151
0.23411 -0.01837 -0.12474
0.22851 -0.02394 -0.11854
-0.04173 0.03463 -0.15496
0.23384 -0.09936 -0.12537
0.35592 0.00039 0.15002
-0.37701 0.00707 -0.14738
0.28486 0.00368 -0.16451
-0.17169 0.05303 0.14441
0.31843 -0.10669 0.16186
-0.26140 0.08163 0.12165
-0.25589 0.07260 0.12938
-0.12219 0.13589 0.07862
0.29707 -0.13409 0.16465
0.30612 0.03283 -0.14420
-0.00488 0.04611 0.14802
-0.01342 0.04355 0.14990
0.29302 -0.10494 0.14727
0.43110 -0.00708 -0.03679
0.33841 -0.11473 -0.15415
-0.28570 0.03915 0.15015
-0.22399 -0.04430 -0.16638
-0.24955 -0.07943 0.16612
-0.30187 -0.04420 0.14160
-0.17861 -0.07179 0.12537
0.11475 0.05163 -0.16455
-0.33451 0.07388 -0.00562
0.37428 -0.00437 0.14449
-0.29935 -0.03486 -0.15250
0.43738 -0.02005 0.00524
-0.06203 0.13465 -0.09547
0.36279 -0.00080 0.14883
0.26796 0.04109 -0.13876
0.10207 0.10872 -0.00876
-0.43901 -0.01446 0.05963
-0.40779 0.04274 -0.11053
-0.42699 -0.06231 0.02286
0.30094 0.04383 -0.02547
-0.08406 0.13942 -0.00743
-0.22572 0.10071 -0.11567
0.40528 -0.02139 -0.12367
0.40592 -0.04895 -0.12655
0.40569 -0.03935 -0.12556
0.16430 0.06916 0.04515
-0.21263 -0.02564 0.14418
0.29778 0.04380 0.04074
-0.29016 0.08714 0.07607
-0.30622 0.08542 -0.00232
-0.31814 0.07850 -0.05977
0.30695 -0.01916 0.16618
0.33597 0.03415 -0.07310
-0.28459 -0.11998 -0.13289
-0.12398 0.13739 -0.04005
-0.27614 0.09894 0.00224
0.20374 -0.04181 -0.16403
0.20427 -0.03265 -0.16495
0.29049 -0.12319 -0.13382
0.33746 0.02399 -0.14295
-0.20771 -0.06861 0.14607
-0.09506 0.13875 0.02675
-0.21853 -0.06014 -0.14727
0.18812 0.05718 -0.03061
-0.34463 0.06966 -0.06386
-0.31835 0.08074 0.01848
-0.17341 -0.07437 0.13104
0.33543 -0.07021 -0.16507
0.39846 -0.08910 -0.14056
0.40378 -0.08767 -0.13534
-0.35788 -0.04491 -0.15741
0.04169 0.12847 -0.06580
-0.42584 0.01423 -0.06289
-0.06161 0.13817 0.04742
0.32152 -0.10360 -0.14952
-0.30620 0.03125 0.15266
0.28727 -0.12347 0.13531
-0.36088 0.00301 -0.15192
-0.25588 -0.12554 -0.12548
-0.28276 -0.04119 0.12665
0.04789 0.03137 0.15615
-0.16812 0.13089 0.06940
-0.20773 0.12036 -0.09249
-0.06974 -0.07045 0.15904
-0.12016 0.13788 0.03069
0.33205 0.01073 0.14796
-0.43259 0.00166 0.04623
0.07675 0.00488 0.16424
0.10075 0.00798 0.16336
0.04489 0.00338 0.16467
0.07760 0.01422 0.16160
-0.19648 0.10716 0.11802
0.00710 0.01561 0.16029
-0.33422 0.04863 0.12922
0.34432 0.01046 -0.15186
-0.08624 0.13816 0.04681
-0.31290 0.07217 0.10666
0.38993 0.01413 0.10333
-0.17091 -0.07287 0.15222
0.30734 0.04224 -0.03762
-0.29673 0.08583 -0.06596
-0.38806 0.05528 0.12500
0.03605 0.01529 -0.16137
0.06092 0.01306 -0.16195
0.05055 0.01371 -0.16179
0.14640 0.08273 0.00266
-0.12731 0.13717 0.04230
0.32501 -0.11522 -0.16650
-0.06104 -0.02742 -0.16465
-0.02886 -0.02926 -0.16467
-0.12399 -0.03108 -0.16429
0.32136 -0.10955 -0.13454
-0.29232 -0.11393 0.14246
0.30595 -0.11490 -0.13960
0.24116 -0.08950 0.14547
0.14902 0.00054 -0.16524
-0.04814 0.13873 -0.02464
0.24463 0.05141 0.02020
0.39238 0.02523 -0.03658
-0.28898 -0.11759 -0.14469
0.24582 -0.10510 -0.14360
0.33822 -0.06890 0.13482
-0.44107 -0.02412 -0.00982
0.25668 -0.02043 -0.16650
0.22480 -0.06143 0.16650
0.26167 0.04301 0.12595
0.42979 -0.00526 0.04953
-0.13959 0.13594 -0.05707
0.14319 0.07267 -0.10929
-0.41308 -0.00030 0.13571
-0.44057 -0.01799 -0.03073
0.16580 -0.01173 -0.16582
0.18625 -0.00479 0.16570
-0.22933 -0.02250 -0.16507
-0.20690 0.03369 -0.15588
0.42035 0.00498 0.06740
0.38277 -0.01626 0.12221
-0.22246 0.04037 -0.15264
0.22150 -0.04769 -0.15367
0.35854 -0.05856 0.13623
0.35762 -0.05288 0.14979
0.36038 -0.06979 0.16009
0.24707 -0.09986 -0.15657
0.32391 -0.10700 0.14639
0.31606 -0.13212 0.14366
0.13191 0.07455 -0.12374
-0.22752 -0.11788 0.15329
0.39378 0.00146 -0.08937
-0.20760 -0.02916 0.15222
-0.10704 0.13315 -0.09946
0.01030 0.13178 0.09340
0.03217 0.11886 -0.11221
-0.22698 -0.02428 -0.14700
0.38181 0.02373 -0.07984
-0.34159 -0.08275 -0.09044
-0.36293 -0.08069 -0.11289
-0.35753 -0.08121 -0.06540
-0.36052 -0.08092 -0.09332
-0.35826 -0.08114 0.02704
-0.34877 -0.08206 -0.11563
-0.34693 -0.08223 -0.13844
-0.34956 -0.08198 0.00120
-0.33866 -0.08303 -0.09968
-0.35480 -0.08147 -0.03872
-0.36395 -0.08059 0.12111
-0.35942 -0.08102 -0.10465
-0.36322 -0.08066 0.03981
-0.34081 -0.08283 -0.14185
-0.23015 0.11507 -0.07235
0.29977 -0.06458 -0.15258
-0.08229 0.12348 -0.11135
-0.07710 0.12139 -0.11389
-0.11128 0.13915 -0.00340
-0.41440 0.04258 0.04926
-0.27401 -0.08621 -0.06600
-0.27083 -0.08644 -0.03170
-0.29048 -0.08501 -0.02199
-0.29613 -0.08460 -0.07147
-0.23528 -0.08901 -0.04724
-0.24474 -0.08833 -0.02145
-0.28910 -0.08511 0.01974
-0.20084 -0.09151 -0.08429
-0.19554 -0.09190 -0.11278
-0.27732 -0.08597 -0.04044
-0.29483 -0.08470 0.07279
-0.19523 -0.09192 -0.10081
-0.24675 -0.08818 -0.07224
-0.26130 -0.08713 0.01917
-0.29252 -0.08487 0.02493
-0.29233 -0.08488 0.05201
-0.30482 -0.08397 0.07796
-0.29208 -0.08490 0.06048
-0.23337 -0.08915 -0.02991
-0.30118 -0.08424 -0.04155
-0.25355 -0.08769 -0.10218
-0.24924 -0.08800 0.00949
-0.28866 -0.08514 -0.06699
-0.22782 -0.08955 -0.04953
-0.29508 -0.08468 -0.04625
-0.18209 -0.09287 -0.10687
-0.28646 -0.08530 0.06386
-0.25140 -0.08785 -0.03580
-0.26084 -0.08716 -0.06612
-0.26066 -0.08717 -0.02345
-0.26929 -0.08655 -0.01066
-0.29391 -0.08476 -0.01418
-0.25948 -0.08726 -0.07727
-0.23803 -0.08882 -0.03865
-0.30698 -0.08382 -0.07998
-0.21604 -0.09041 -0.10028
-0.20212 -0.09142 -0.10332
-0.22302 -0.08990 -0.07074
-0.30469 -0.08398 0.01525
-0.21419 -0.09054 -0.05028
-0.28373 -0.08550 -0.07515
-0.20377 -0.09130 -0.11276
-0.30942 -0.08364 -0.02804
-0.29890 -0.08440 0.03049
-0.24804 -0.08809 -0.08360
-0.26297 -0.08701 -0.04816
-0.29666 -0.08457 -0.02747
-0.27497 -0.08614 -0.01453
-0.23285 -0.08919 -0.10998
-0.23644 -0.08893 -0.01923
-0.24132 -0.08858 -0.01270
-0.21579 -0.09043 -0.05610
0.17686 0.05553 0.09524
-0.23251 -0.12216 0.16507
-0.17676 0.11468 -0.11424
0.16078 -0.04345 0.16378
-0.23638 0.11642 -0.02485
0.36605 0.00654 -0.14486
-0.36109 0.00605 0.15117
-0.25532 0.10617 -0.05218
0.16146 0.06926 -0.06261
0.13324 0.08638 -0.05886
-0.24228 -0.13762 -0.15920
0.24158 0.01001 0.16153
0.23373 0.00869 0.16220
-0.30711 -0.05530 0.13498
-0.34716 -0.03164 0.16217
-0.21810 -0.07419 -0.14825
-0.25042 0.10562 -0.07411
0.24058 -0.04428 0.14465
-0.25984 -0.00611 -0.15646
0.40100 0.02033 0.04665
-0.23508 0.09087 -0.12195
0.23885 -0.11918 -0.15795
-0.42792 0.01778 0.00421
0.27144 -0.12008 0.12654
-0.39321 0.01558 -0.11028
0.28350 -0.10175 -0.14312
0.30395 0.03618 -0.13751
-0.21994 -0.08162 -0.16512
-0.41464 -0.07659 -0.07720
-0.41104 -0.07682 -0.11840
-0.41533 -0.07655 0.04277
-0.41448 -0.07660 0.00375
0.24859 -0.03999 0.15909
-0.19533 -0.09126 0.14770
0.33233 0.03375 -0.08697
0.32802 0.01760 0.14268
0.24585 -0.10913 0.16599
0.11883 0.08653 0.10987
-0.24532 0.05638 0.14199
-0.23706 0.05307 0.14471
-0.23151 -0.04163 -0.14312
-0.14642 0.12713 0.10442
0.11361 0.05253 -0.17182
-0.26536 -0.02542 -0.13914
0.26234 0.04354 0.11828
-0.40161 0.01628 -0.08695
-0.23298 -0.05981 -0.15258
-0.28528 -0.09383 0.16507
0.39896 -0.00662 -0.12004
0.08580 0.11612 -0.03033
-0.29694 0.04489 0.14667
-0.19168 -0.11639 -0.16109
-0.02223 -0.00239 -0.16537
0.44183 -0.06197 0.02150
0.44171 -0.04625 0.02329
0.22518 -0.03975 -0.14211
0.30836 -0.07547 0.14727
-0.41219 -0.05715 0.13346
0.31266 -0.11617 -0.15904
-0.27486 -0.01280 -0.13814
0.26643 0.04893 0.02677
0.16067 0.07051 -0.05420
0.32257 0.03944 0.03918
0.23901 -0.08289 0.16333
-0.26904 -0.12979 -0.13123
0.42369 -0.03539 -0.08386
0.42188 -0.06922 -0.09671
0.42556 -0.07390 -0.08787
-0.13411 0.03530 -0.15484
-0.07986 0.03913 -0.15322
-0.12749 0.03213 -0.15610
0.34271 -0.02353 -0.12434
0.33452 -0.01539 -0.16323
0.38372 -0.01209 0.11467
0.10536 0.10237 -0.06239
0.27188 0.04829 0.01778
-0.38280 0.06607 -0.06666
-0.28944 -0.05622 -0.13945
0.11760 0.09843 0.02732
0.15954 0.07290 0.03475
-0.25239 -0.13803 0.15270
0.35158 0.02099 -0.14041
0.32128 -0.03239 0.15061
-0.25627 -0.04843 0.16666
-0.36628 0.06768 0.02191
-0.26929 0.02329 0.15779
-0.28373 -0.00185 0.16273
0.34871 -0.05975 -0.12687
0.41402 -0.01241 -0.09705
-0.11612 0.12688 -0.10696
0.27462 -0.03663 -0.14615
0.22031 -0.08580 0.13359
-0.02506 0.02011 0.15998
0.21843 -0.08286 0.14885
0.28022 0.04374 0.07975
0.27353 0.02947 -0.14810
0.27217 0.02205 0.15405
-0.31676 0.05463 -0.13722
-0.32709 0.04941 -0.13932
0.24448 -0.09314 -0.16314
-0.05515 0.13867 0.02849
-0.18516 -0.02681 0.15396
0.29808 -0.03702 -0.14727
-0.00813 0.02973 0.15687
-0.41290 -0.00285 -0.13748
0.02785 0.05387 0.13942
0.07305 0.04893 0.14156
0.08831 0.05054 0.14086
0.04837 0.05945 0.13701
0.00493 0.07783 0.12906
-0.02740 0.10165 0.11874
0.00918 0.07304 0.13113
-0.01572 0.10387 0.11779
0.01714 0.06601 0.13417
-0.01273 0.09533 0.12148
0.04450 0.07080 0.13210
0.05774 0.06790 0.13335
0.03004 0.08257 0.12701
-0.08437 0.13931 0.01156
0.18863 0.05648 -0.04577
0.23294 0.04811 0.10790
0.23856 0.04715 0.11176
0.27561 0.04440 -0.08007
-0.17269 0.03229 -0.15611
-0.28643 -0.02188 -0.13946
0.14052 0.08623 -0.00606
0.12733 0.09407 -0.00451
0.17553 -0.00093 0.16546
-0.39539 0.06373 -0.02594
0.23036 -0.11064 0.13573
-0.38156 -0.05306 -0.14780
-0.43052 -0.04138 0.11618
0.30025 0.01719 0.15508
0.30697 0.03715 0.10030
0.25689 -0.13110 0.15910
-0.19286 -0.09566 -0.12902
-0.15231 0.13326 -0.07286
-0.42875 -0.01311 0.12633
-0.31454 0.07578 0.08500
0.42498 0.00819 0.00831
0.27892 0.04431 0.07129
0.33261 -0.09462 0.13983
-0.07270 0.13582 0.08996
0.21274 -0.08124 -0.12488
-0.28563 -0.09533 0.12694
-0.29163 -0.06958 -0.14043
0.29364 -0.12291 0.13686
-0.27084 -0.12353 -0.16650
0.16170 0.06751 0.07631
-0.07528 0.13916 0.01565
0.02285 0.12873 0.09819
0.24693 -0.12268 -0.12874
-0.26112 -0.01093 -0.12699
0.11655 0.03063 0.15624
-0.25422 -0.02081 0.13244
0.11923 0.06418 -0.15864
-0.04189 -0.06240 0.16030
-0.33957 0.03059 -0.14825
-0.22012 0.12283 0.00108
-0.24731 -0.08168 0.15258
-0.36461 0.06792 0.00441
0.39230 0.02250 0.06066
-0.27579 -0.03934 -0.14194
0.31938 -0.03056 0.16506
0.21414 0.05159 -0.08771
0.33793 -0.06567 0.16185
0.22157 0.04821 0.11726
-0.17552 -0.05540 0.16137
-0.13190 0.13536 0.08103
-0.40285 -0.05740 0.13766
-0.12656 -0.03448 0.16411
0.36858 0.03136 -0.03057
-0.29129 -0.07635 -0.15522
-0.17992 0.03299 -0.15584
0.20490 0.05152 0.10358
0.05410 0.12705 0.05693
0.30597 -0.06788 0.15228
0.11793 0.09665 0.04589
-0.29810 0.08884 -0.01313
-0.14563 0.13462 0.06736
-0.33062 0.07478 0.03933
0.23907 0.04556 0.12671
-0.19943 -0.03666 -0.15414
-0.41922 -0.07532 0.02942
-0.01520 0.13611 0.05284
0.40912 0.01740 0.03798
-0.35088 0.06857 0.10244
-0.03533 0.13665 -0.06351
0.37663 0.01885 0.11537
0.30913 -0.09530 -0.14312
-0.41127 0.04677 0.06264
-0.40266 -0.02806 0.14649
0.20862 -0.04732 -0.16348
0.33409 0.03782 -0.02652
-0.39616 0.04323 0.11130
-0.24616 0.00386 0.16441
0.42089 -0.00814 0.04070
0.23595 -0.08733 -0.13042
-0.28991 -0.02256 0.15194
-0.28939 -0.02188 0.14063
0.36400 0.02858 -0.07615
0.32318 0.01930 -0.14353
-0.15926 0.13486 -0.01822
-0.20846 -0.05580 0.14727
0.31600 -0.11382 -0.12987
0.13001 0.08712 -0.06979
0.12060 0.09375 -0.06016
0.32811 -0.05264 0.16219
0.06264 0.12812 -0.00662
0.39055 -0.00951 0.09389
-0.00261 -0.05077 -0.16221
-0.37193 0.04818 0.12976
0.40553 0.01996 0.01946
0.01599 -0.05185 -0.16214
-0.17336 -0.04803 -0.12105
-0.17680 -0.03973 -0.12554
0.24209 -0.04212 -0.16303
0.40067 -0.01652 0.11723
0.25340 -0.08005 -0.14727
0.12123 0.08508 -0.11017
0.10933 0.09267 -0.10674
-0.40651 -0.04769 0.14019
0.08134 0.11339 0.08065
0.07989 0.11145 -0.09559
0.26364 -0.11847 -0.14806
-0.34798 0.04846 -0.13670
0.25060 -0.03214 -0.14700
-0.26479 -0.02547 0.12654
0.23009 0.02345 -0.15652
0.05010 0.11634 -0.11285
0.33005 -0.09916 -0.16437
0.04217 0.04948 0.14394
0.33843 -0.09976 -0.16650
-0.40378 -0.03665 -0.14449
-0.02929 0.13824 0.02050
0.39763 0.02377 -0.01570
-0.09832 0.13917 -0.01520
0.27206 -0.12156 -0.13784
-0.18129 -0.03186 -0.15875
0.34527 0.03578 0.00142
-0.26158 -0.06687 -0.14312
-0.31278 0.06841 -0.11892
-0.34817 0.06748 -0.12052
-0.10004 0.13938 -0.00210
0.38539 0.00774 0.10828
-0.14793 0.13524 -0.05029
0.14412 -0.00989 0.16581
0.09195 -0.00659 0.16576
0.39210 -0.01669 -0.13645
-0.27223 -0.08128 -0.14613
-0.25166 -0.11765 -0.14818
0.24060 -0.02795 0.16650
0.42051 0.00688 -0.00929
0.42823 -0.01943 -0.04602
0.23167 -0.04955 0.12537
-0.32297 0.03659 0.14753
-0.19178 -0.06127 0.14126
-0.17125 -0.05501 -0.14095
-0.17075 -0.05877 -0.15057
-0.40414 0.00940 0.10912
0.11284 0.09380 0.09189
-0.24867 -0.03989 0.14604
0.41484 -0.04313 -0.10805
0.41497 -0.05761 -0.11099
0.41830 -0.03650 -0.09858
-0.28938 0.08584 0.08557
-0.08524 0.11525 -0.11286
-0.09469 0.11233 -0.11413
-0.06808 0.08116 -0.12762
-0.06288 0.10706 -0.11641
0.29381 -0.11878 -0.16374
0.30799 0.03562 0.13412
0.04185 0.11463 0.11524
0.22306 0.05106 0.07261
-0.36599 0.03173 -0.14302
0.26868 -0.07503 0.15258
-0.42071 0.03398 0.00106
-0.03404 0.13800 0.03154
-0.33542 0.06905 -0.10734
0.11537 0.10030 0.02077
-0.43949 -0.03304 -0.00243
-0.19659 -0.04048 0.15415
-0.39293 0.06445 -0.04819
0.35394 -0.07442 -0.13674
0.41436 0.01046 0.06204
0.36821 -0.00178 -0.12883
0.30651 0.04290 0.00574
0.28779 0.04546 -0.03853
-0.43835 -0.00836 0.04332
-0.42697 -0.04401 -0.12063
-0.10447 0.13933 0.01002
0.28974 -0.01877 -0.13969
-0.35099 0.06896 0.06399
0.18410 -0.01888 0.16568
0.26502 -0.07831 -0.14678
-0.37241 0.06716 0.04741
-0.20092 0.12696 -0.02108
0.16844 0.05697 0.11458
0.37436 -0.04095 0.15091
0.37633 -0.02972 0.14911
-0.22270 -0.02543 0.13071
0.23253 0.04518 -0.13985
0.27801 -0.06537 -0.15258
0.10190 0.10233 -0.07807
-0.11154 0.13789 -0.04337
-0.41206 0.00940 0.10089
0.30647 -0.11918 0.15135
0.34730 0.02947 0.09937
-0.09962 0.02770 0.15783
-0.06305 0.03683 0.15412
-0.07279 0.03748 0.15387
0.42650 -0.01083 0.00792
-0.41546 0.04358 0.01417
-0.41567 0.03749 -0.06686
0.39159 -0.03301 0.14175
0.28429 -0.01856 0.15935
0.04689 0.04754 -0.14651
0.05960 0.04811 -0.14598
0.33485 0.03242 -0.09248
0.33114 -0.05395 0.12981
-0.08113 0.12156 0.11369
0.05091 0.12516 -0.08815
-0.22779 -0.07015 0.15258
0.08718 0.09940 0.12142
0.34623 -0.06602 -0.16650
0.31181 -0.13409 -0.13903
-0.23694 -0.08637 -0.15258
0.33599 0.03113 0.12758
0.31312 -0.11084 -0.15306
-0.17743 -0.04211 0.14428
0.16849 -0.08774 -0.15641
0.09356 -0.07885 -0.15815
0.27309 0.01620 0.15812
-0.18204 0.12858 0.06830
0.32222 -0.02018 0.16650
0.28228 -0.00873 0.16650
-0.36009 0.06178 0.12706
0.34488 -0.05713 -0.16650
-0.11936 0.01321 -0.16196
-0.19797 -0.04183 0.16507
-0.20051 -0.05203 0.13858
0.22479 0.05298 -0.03757
-0.26971 -0.11357 0.13479
0.30400 -0.05501 -0.14727
0.01959 0.13344 -0.04056
-0.01832 0.13799 0.01236
-0.33352 0.04133 0.14335
-0.43565 -0.01338 -0.11466
0.34041 0.03664 0.02791
0.33183 0.03817 0.02917
0.03681 0.11052 0.11594
-0.38607 0.06382 -0.11813
-0.17532 -0.06256 -0.16368
0.32724 -0.11235 -0.12537
-0.17072 -0.08467 0.11695
-0.17149 -0.09222 0.11451
0.38387 -0.01566 -0.14458
-0.02092 0.13269 -0.09627
0.43233 -0.02350 -0.06675
0.43325 -0.03708 -0.06792
-0.22493 -0.03263 0.16263
-0.25246 0.10214 0.08987
0.27167 -0.12145 -0.14837
-0.36688 0.06760 -0.02953
-0.36092 0.06823 -0.01933
0.29945 0.03419 0.14423
0.22843 -0.07812 0.16650
-0.29748 -0.00963 -0.16475
-0.26627 -0.02926 -0.16507
-0.22709 -0.02001 0.15690
0.28353 -0.12340 -0.14119
-0.25483 -0.02522 -0.14103
0.24580 0.02602 -0.15266
-0.20361 0.12205 -0.08815
-0.25869 0.10683 -0.01049
0.24329 -0.10161 0.12795
-0.22006 -0.11990 -0.13609
-0.27365 -0.03720 0.15699
-0.32226 0.06563 0.12340
0.26394 -0.01589 -0.12537
-0.42681 0.00224 -0.10193
-0.43533 -0.04015 -0.09781
0.05369 0.12939 0.01206
-0.29983 0.08600 -0.05320
0.31997 -0.06758 0.14312
-0.23779 -0.03784 -0.14436
-0.36792 0.06627 -0.12240
0.35412 -0.07230 0.14135
-0.22523 -0.10352 0.16576
0.01354 0.05083 -0.14131
0.22334 0.04680 -0.12790
0.28981 0.04571 -0.01927
-0.20402 -0.10995 0.16231
-0.26758 -0.02696 0.16082
-0.40239 -0.03804 0.14459
-0.14204 0.02909 -0.15734
-0.09262 0.03175 -0.15619
-0.13569 0.02841 -0.15760
0.34944 -0.04617 -0.15021
-0.16955 -0.07309 0.13894
-0.17077 -0.08517 0.14968
-0.19412 0.11398 0.11156
-0.21536 -0.03866 -0.16503
0.28063 0.04386 -0.07635
-0.43219 -0.05001 0.05810
0.03637 0.13001 0.05657
0.41413 -0.00053 0.08527
0.21787 -0.02678 0.16555
-0.38764 0.06531 -0.05334
0.25846 -0.09278 -0.14727
-0.30432 0.08530 -0.03861
0.33553 -0.08789 -0.15565
-0.41941 0.00814 -0.10865
-0.42789 0.01496 0.03012
0.26389 -0.02343 0.13000
-0.22872 -0.07625 -0.16627
0.30813 -0.00723 0.15774
-0.27310 -0.13034 0.13555
0.08172 0.11558 0.06113
-0.22140 -0.04596 -0.14312
0.43820 -0.02202 -0.01020
0.24703 -0.01648 -0.13322
-0.27551 0.09430 -0.07323
0.18907 0.05036 -0.12157
0.37700 -0.00931 0.12512
-0.24704 -0.09342 -0.16670
-0.28159 -0.09429 -0.13138
0.23237 0.02895 0.15177
-0.25488 -0.11070 -0.16301
-0.36448 0.06794 0.08530
0.07445 0.12290 0.01743
-0.38387 0.06567 -0.01070
-0.24449 -0.13139 0.16650
0.42486 -0.00617 -0.04269
0.39716 0.02304 0.03640
-0.22375 -0.05247 0.13845
-0.22018 0.05193 -0.14633
-0.17927 -0.04040 -0.13382
-0.29443 -0.08748 0.16650
0.26019 -0.13427 -0.13818
0.05084 0.12800 -0.04841
-0.43638 -0.04194 0.01248
0.38360 0.01812 0.10140
-0.31806 0.00097 0.15847
0.20174 0.03319 0.15153
0.16307 0.03676 0.15232
0.29505 -0.09510 -0.14727
0.23853 -0.08679 0.12654
0.16323 0.07116 0.02938
0.15322 0.02520 -0.15834
0.12712 0.02876 -0.15696
0.33755 -0.08035 0.16310
0.23628 -0.05348 -0.14730
0.19176 0.04929 -0.12799
-0.32404 0.07175 0.08444
-0.21398 0.02066 0.16004
-0.23878 0.01995 0.15885
-0.23714 0.01221 0.16161
0.28232 -0.02284 0.14893
-0.28201 0.09398 -0.05367
0.14425 0.03658 0.15327
0.23188 -0.11042 0.15889
-0.20818 0.11934 0.09575
0.26602 0.02066 0.15582
-0.19323 0.12870 -0.01788
0.33703 -0.05976 -0.13562
-0.37395 0.06697 0.11729
-0.25597 -0.06875 0.15047
0.32356 -0.10735 0.15835
0.04604 0.13082 -0.00708
-0.23919 -0.12359 0.13725
-0.19654 -0.12432 0.15630
0.30283 -0.00500 -0.13914
-0.15330 0.13556 -0.02289
0.25262 -0.03030 -0.16241
0.23927 -0.05814 0.15987
0.33493 0.03183 -0.10160
-0.28379 -0.01716 -0.12628
-0.28645 -0.01921 -0.11575
0.32230 0.01930 0.14496
0.34744 -0.10014 -0.14199
-0.00630 0.13711 -0.01641
0.32751 -0.10280 0.16447
-0.18965 -0.10952 -0.16650
0.23400 -0.07985 -0.15070
0.31275 -0.06931 -0.14727
0.29131 -0.08248 -0.15258
-0.26477 -0.10970 0.16497
-0.36633 0.03988 -0.13821
-0.26326 0.05093 0.14489
0.31105 0.04098 -0.04793
0.33054 0.03596 -0.06223
0.23883 -0.10071 0.16609
-0.38190 0.06691 -0.11102
0.42980 -0.00451 0.00967
-0.20212 -0.12746 0.13435
0.25940 0.02600 -0.15141
0.22700 -0.10002 -0.16130
0.05337 0.04458 0.14854
0.36632 0.00445 -0.12269
0.26375 -0.02802 -0.15310
0.07962 0.10270 -0.11995
0.25461 -0.10810 -0.15196
-0.01910 0.12657 -0.10682
-0.29592 0.08427 -0.07864
-0.17913 -0.09533 0.12886
0.32388 0.03978 -0.02033
0.23330 -0.07021 -0.16251
0.10649 0.10588 -0.01416
-0.01742 0.11922 -0.11370
0.38071 -0.00015 0.13813
-0.01915 0.13806 -0.01185
-0.01386 0.13576 -0.05839
0.09613 0.10869 0.05098
-0.18405 -0.10263 0.16568
0.28993 -0.00295 -0.14178
-0.22419 -0.00235 -0.13694
-0.22658 -0.00204 -0.11633
0.10169 -0.04973 0.16279
0.30104 -0.01650 -0.16631
0.03384 0.11746 0.11344
-0.37780 0.03397 0.13849
-0.29023 -0.08286 -0.13291
0.23610 0.04963 -0.07243
0.34337 -0.10764 0.13664
-0.11621 0.13382 0.09625
0.35658 -0.02507 -0.15949
-0.23676 -0.03597 0.14727
0.33550 -0.05404 -0.16465
-0.37399 0.00410 0.14874
0.38587 0.01757 -0.09848
-0.39110 0.02857 -0.10898
-0.34251 -0.05975 0.15808
-0.37667 0.06671 -0.01551
0.10206 0.10040 -0.08996
-0.27665 0.03654 0.15196
-0.43762 -0.00851 -0.06714
0.11685 0.06927 -0.15025
-0.34544 0.07022 -0.01810
-0.34410 0.07040 -0.02775
0.43399 -0.02114 0.03081
0.00986 0.04586 -0.14805
0.02222 0.04585 -0.14793
-0.23717 0.07819 0.12972
0.33266 0.03810 -0.00260
0.29522 0.03870 0.11397
0.26001 -0.01854 0.12537
-0.22372 -0.00458 0.14835
-0.34504 0.04068 -0.13536
-0.43473 -0.00295 -0.04348
-0.20343 0.05803 0.14072
-0.25981 -0.00382 0.13352
0.03899 0.03908 0.15258
0.32612 -0.10096 0.12654
0.25872 -0.03713 -0.15030
-0.23134 -0.00327 -0.13825
0.37941 0.02838 -0.04290
-0.29603 -0.09447 0.12537
-0.26828 -0.02745 0.14097
0.25477 -0.07557 -0.14312
-0.20577 0.12559 0.02907
-0.08531 0.13650 -0.08450
-0.20678 -0.11228 0.13993
-0.22615 -0.02026 -0.13110
0.25557 0.04956 0.04125
0.36859 0.03001 0.05101
0.02396 0.03709 -0.15390
-0.03655 0.03295 0.15563
0.23288 0.04616 -0.12698
-0.38920 0.06474 -0.07928
0.09815 0.10955 -0.02699
-0.39070 -0.03989 0.14807
-0.08001 0.13811 -0.04880
0.36899 -0.06263 0.15572
0.36856 -0.07752 0.15716
0.37367 -0.05613 0.15250
-0.16649 0.13322 -0.02808
-0.21582 -0.06196 -0.16408
-0.37567 -0.07961 -0.12288
-0.40190 -0.07747 -0.08804
-0.39799 -0.07779 0.02626
-0.40561 -0.07717 0.00803
-0.39191 -0.07829 -0.12173
-0.39127 -0.07834 -0.02232
-0.38505 -0.07885 -0.11715
-0.37896 -0.07935 -0.05500
-0.39943 -0.07768 0.03692
-0.37937 -0.07931 -0.10545
-0.38363 -0.07896 -0.07833
-0.40289 -0.07739 -0.10445
-0.37377 -0.07977 -0.11221
-0.39852 -0.07775 -0.02131
-0.38760 -0.07864 -0.12901
-0.40447 -0.07726 -0.06556
0.16279 0.06457 0.09114
-0.30430 -0.04642 0.12811
-0.21968 -0.02230 0.15096
-0.30377 -0.02732 0.16453
-0.33144 -0.05344 0.16217
0.10120 0.10611 -0.04774
-0.19009 -0.05230 -0.15286
-0.23393 -0.06632 -0.16627
0.36818 0.00723 -0.11580
0.18312 0.05209 -0.11930
0.15406 0.07070 -0.08490
0.24325 -0.10457 -0.16563
-0.05073 0.13814 0.04219
0.29966 -0.07376 0.16627
-0.21711 0.11996 -0.07099
-0.24334 0.11244 -0.03987
-0.22767 -0.05261 -0.14785
-0.23632 0.07418 -0.13294
-0.26594 -0.11121 0.15763
-0.21057 -0.12980 0.13019
0.11473 0.08445 0.12454
0.09609 0.11142 0.01793
0.40845 -0.01028 0.10548
-0.39451 0.01061 -0.10185
-0.42883 -0.05796 -0.07028
-0.42943 -0.05653 -0.08279
0.40176 0.02169 -0.02021
0.25186 0.05060 0.00266
0.23185 -0.09933 0.16650
-0.19611 -0.08666 -0.16160
-0.07186 0.01291 -0.16203
-0.11644 0.00535 -0.16417
-0.08467 0.00578 -0.16404
-0.06115 0.01549 -0.16130
-0.08350 0.01738 -0.16078
0.21139 0.04957 -0.11466
-0.16294 0.01236 -0.16153
0.33453 -0.05153 0.14092
0.38266 0.02615 -0.05455
0.23631 0.01864 -0.15837
-0.28751 -0.07251 -0.16225
-0.28223 -0.01796 0.14239
-0.18772 -0.08141 0.15389
0.05176 0.12306 0.10004
0.27334 0.04668 -0.05208
0.30645 -0.11919 -0.13326
-0.28691 -0.11965 0.14101
0.26312 0.04728 0.06291
-0.15966 0.13528 -0.00726
0.13056 0.08424 -0.08715
0.35930 -0.07858 0.15165
0.35853 -0.08363 0.14080
0.35747 -0.09057 0.15582
0.37963 0.00321 -0.10074
0.25248 -0.01135 0.15191
0.17050 0.06566 -0.04317
0.38627 -0.08989 -0.14846
0.39278 -0.07407 -0.14367
0.21806 -0.00308 -0.16562
0.22569 -0.01213 -0.16594
-0.23645 -0.09193 -0.14819
0.30105 0.04351 0.03478
0.22774 0.03513 0.14748
-0.27251 -0.12095 -0.12537
0.16123 -0.02693 0.16537
0.28743 -0.02075 0.12654
0.27995 -0.08261 0.16627
0.41889 0.00127 0.06098
-0.42294 -0.06932 -0.01936
-0.27132 -0.08880 -0.14631
-0.28601 -0.08332 -0.16507
-0.22089 0.12199 -0.02374
-0.31199 -0.05110 -0.16180
0.21434 -0.05087 0.14380
0.21337 -0.05685 0.14406
0.29348 -0.06617 -0.15239
0.01022 0.11927 0.11447
-0.28862 0.09176 -0.04381
-0.38327 0.02877 0.13887
0.25207 -0.09065 0.11298
0.23764 -0.08879 0.11298
0.30887 -0.08990 0.11298
0.28123 -0.09181 0.11298
0.23261 -0.09318 0.11298
0.32686 -0.09007 0.11298
-0.21413 -0.00748 0.14254
-0.42872 0.00093 0.09643
0.15264 0.07114 0.08752
0.11665 0.09283 0.08461
-0.20524 -0.06058 0.14312
0.10422 0.10142 0.07531
-0.21208 -0.03867 0.16176
0.32499 -0.04277 -0.15469
0.34475 0.03601 0.01728
0.37854 -0.00410 0.11138
0.28234 0.04077 -0.11487
-0.35423 -0.00292 0.15509
-0.03665 0.11015 -0.11725
-0.42216 -0.05721 -0.11987
-0.32182 0.07224 -0.08688
-0.21425 -0.11977 0.16583
0.10763 0.08662 -0.12665
0.41029 -0.08261 0.12477
0.40898 -0.06519 0.12305
0.35980 0.00167 0.13571
-0.41158 0.01667 -0.12578
-0.29687 0.08396 0.07827
-0.38188 -0.06713 0.14168
-0.26830 0.07096 -0.12862
0.20764 0.05537 -0.02429
-0.17044 -0.06110 0.13792
-0.28644 -0.11729 -0.16013
0.40527 -0.01554 -0.08706
0.36239 0.03267 0.02120
0.34424 -0.01810 0.16380
-0.39336 0.01056 -0.13658
0.09120 0.10813 0.07929
0.28016 -0.01767 -0.16548
0.06560 0.12707 0.01254
-0.29635 -0.10817 -0.13949
0.12055 0.05927 -0.14522
0.31828 -0.02700 0.12606
-0.37211 0.02476 0.14036
0.00252 -0.02626 0.16490
0.31928 0.00241 -0.16151
0.27505 -0.06990 0.16627
0.08608 -0.04912 -0.16279
0.12754 -0.04639 -0.16328
-0.35981 -0.06649 0.15015
-0.35338 -0.06095 0.15456
-0.40540 0.01541 0.13386
-0.24857 -0.10112 0.16514
0.35978 0.03090 0.05781
0.10858 0.07140 -0.16007
-0.20278 -0.12874 -0.14213
-0.25889 0.10231 0.07076
-0.28805 0.09177 0.04698
-0.02515 0.12863 0.10445
-0.39611 0.05993 0.10622
-0.10428 -0.05120 -0.16179
-0.12616 -0.05153 -0.16166
-0.37215 0.06761 -0.10687
0.26985 -0.03071 -0.13495
-0.18173 -0.08058 -0.12537
0.26044 0.04387 -0.11748
0.30480 0.04018 -0.06808
0.32103 0.03787 -0.06056
-0.17667 -0.09066 0.16151
0.23433 -0.08127 0.14903
0.32256 -0.11928 0.12537
0.32044 -0.04562 0.15057
-0.22417 0.12036 -0.03754
-0.28429 0.05198 -0.14307
-0.25677 0.04690 -0.14791
0.26326 -0.11914 0.12654
0.21613 0.04746 0.12668
0.39508 0.02251 -0.05082
-0.29855 -0.07744 -0.12537
-0.28872 0.01680 0.15773
-0.29585 0.01891 0.15678
0.24543 -0.11555 -0.16650
-0.39227 0.06208 0.08754
0.17529 0.05842 0.08283
0.35772 0.03359 0.00983
0.13734 0.08581 0.03801
0.30519 -0.09166 0.16653
0.35212 0.02845 -0.10599
-0.02912 -0.05452 0.16146
-0.34556 0.06870 -0.09271
0.19644 0.05322 -0.09333
0.20934 0.05239 0.07945
0.23782 0.04861 -0.09119
0.43352 -0.09178 -0.06997
0.43212 -0.07025 -0.07402
0.43433 -0.05482 -0.06763
0.34949 -0.05301 -0.16012
0.31466 -0.02057 0.12537
-0.24244 0.10528 -0.09789
0.14464 0.06545 0.12791
-0.42076 0.02379 -0.07120
0.20924 0.05234 -0.08107
-0.30502 0.08092 -0.07779
-0.32988 -0.07326 0.15621
0.43624 -0.06089 0.06213
0.43273 -0.06133 0.07225
0.43286 -0.08271 0.07186
-0.33616 0.06964 0.07997
0.02438 0.12299 -0.10864
0.29854 -0.12183 0.15585
-0.17444 -0.09051 0.13448
-0.01432 0.13566 0.06041
0.03934 0.13071 -0.03082
-0.19647 0.12709 -0.03896
-0.19851 0.12797 -0.00354
-0.13305 0.13685 -0.04413
0.31962 -0.05805 -0.14727
-0.43835 -0.00641 0.01763
0.17287 0.06472 -0.03771
0.04163 0.04514 -0.14826
-0.39577 0.01818 0.13859
0.28846 -0.01866 0.15053
0.22229 -0.05610 0.12990
0.15932 0.06703 -0.08858
0.40434 0.02008 -0.03031
0.21282 0.05409 -0.04100
0.23895 0.05120 -0.04399
0.01444 0.13561 0.00860
-0.09719 0.13661 -0.08293
0.38552 -0.09335 0.14915
0.39417 -0.06564 0.14222
0.05877 0.02422 0.15885
0.05112 0.01778 0.16065
-0.23206 -0.09161 -0.16639
0.30181 -0.12096 0.12683
-0.43725 -0.03307 -0.08252
-0.43738 -0.03227 -0.09419
0.38107 0.02676 0.05312
0.01361 0.13573 -0.00827
0.25626 0.03487 0.14620
0.24559 0.05128 -0.00275
0.21791 0.05428 -0.00132
0.29667 -0.07580 -0.15125
0.34666 -0.02799 0.14877
0.35463 -0.04349 0.16035
0.34642 -0.09961 0.13341
-0.19420 -0.08884 -0.14154
0.31202 -0.02816 -0.16507
-0.12823 0.13398 -0.09342
0.33375 -0.06490 -0.15168
0.13706 0.01180 -0.16227
-0.31953 0.07876 0.04887
0.37745 0.00504 -0.13781
0.23207 0.04692 0.12008
-0.31941 0.07942 0.04130
-0.19351 -0.09706 -0.13806
-0.17014 -0.02605 -0.16452
0.31816 -0.03506 -0.14060
-0.05041 0.13582 0.08777
0.42057 -0.05771 -0.09772
-0.27203 0.10070 0.01439
-0.31707 -0.07563 0.15661
