0.27602 -0.10469 0.16139
-0.08064 0.12423 0.01393
-0.12234 -0.06519 -0.15460
-0.06692 -0.08214 -0.13332
-0.06222 -0.07289 -0.09480
-0.03052 0.03459 -0.06643
-0.04151 0.01478 -0.02333
-0.23356 -0.03550 -0.09711
0.06040 0.07332 -0.12583
0.38740 -0.00147 0.08425
0.39245 -0.00305 0.07610
-0.13928 0.04378 0.13362
-0.17491 0.05296 0.13112
-0.14883 0.04855 0.13232
-0.16457 0.06145 0.12881
-0.11829 0.04140 0.13426
-0.15301 0.03821 0.13514
-0.10941 0.05877 0.12953
-0.11490 0.04770 0.13255
-0.14473 0.07630 0.12476
-0.11173 0.06324 0.12831
-0.40236 0.01667 0.09473
-0.40694 0.01404 0.10331
0.04785 -0.09325 0.15940
0.01742 -0.09539 0.15897
0.08671 -0.10232 0.15756
-0.16137 -0.11112 -0.00781
-0.30860 0.06475 -0.05008
0.19575 -0.00108 0.05608
0.05331 0.10357 -0.11898
0.08558 -0.04454 -0.16157
-0.03055 -0.06167 -0.00979
-0.04912 -0.06169 -0.01691
-0.04077 -0.06168 -0.00088
-0.03618 -0.06168 -0.00546
-0.02215 -0.06166 0.00226
-0.05605 -0.06170 -0.00747
0.16362 0.01763 -0.12568
0.28825 0.01965 0.05091
-0.13650 -0.11143 -0.14026
-0.06948 -0.11143 -0.04728
-0.00630 -0.11143 0.04084
0.00585 -0.11143 -0.00444
-0.02142 -0.11143 -0.09926
0.00325 -0.11143 0.13887
-0.02644 -0.11143 -0.07338
-0.09134 -0.11143 -0.14983
-0.01274 -0.11143 -0.11006
-0.09000 -0.11143 -0.13256
-0.01404 -0.11143 -0.07847
-0.00196 -0.11143 -0.14752
-0.07440 -0.11143 -0.08085
-0.00689 -0.11143 0.03509
-0.07063 -0.11143 -0.07045
-0.04859 -0.11143 -0.08817
-0.10334 -0.11143 -0.14336
-0.04921 -0.11143 -0.08085
-0.09815 -0.11143 -0.06775
-0.09239 -0.11143 -0.09942
-0.03304 -0.11143 -0.07615
-0.00978 -0.11143 -0.14903
-0.08164 -0.11143 -0.14510
-0.09965 -0.11143 -0.07525
-0.00706 -0.11143 0.11870
-0.10638 -0.11143 -0.08177
-0.04021 -0.11143 -0.06256
-0.00562 -0.11143 -0.11973
-0.02394 -0.11143 -0.14658
-0.01959 -0.11143 0.01767
-0.06215 -0.11143 -0.00016
-0.01137 -0.11143 -0.04497
-0.08403 -0.11143 -0.11016
-0.01310 -0.11143 -0.00593
-0.05248 -0.11143 -0.05857
-0.00625 -0.11143 -0.09130
-0.04166 -0.11143 -0.04618
-0.01269 -0.11143 -0.06760
-0.04373 -0.11143 -0.14612
0.00580 -0.11143 -0.03736
-0.09863 -0.11143 -0.15365
-0.04207 -0.11143 0.00482
-0.05903 -0.11143 -0.03063
-0.05717 -0.11143 -0.06139
-0.07270 -0.11143 -0.14388
0.00629 -0.11143 -0.09325
-0.05902 -0.11143 0.01351
-0.04536 -0.11143 0.02426
-0.00482 -0.11143 0.05800
-0.03112 -0.11143 -0.07046
-0.05909 -0.11143 -0.12588
-0.04732 -0.11143 -0.07248
-0.01040 -0.11143 0.01411
0.15780 0.01966 -0.07884
0.02200 -0.05649 0.06203
-0.03477 0.00881 -0.11181
-0.13173 0.10751 -0.11534
-0.24745 -0.09531 0.15438
-0.35317 -0.00153 -0.14699
-0.16395 -0.01990 -0.14670
-0.31733 0.06238 -0.00417
-0.02061 -0.01777 0.05978
-0.01079 -0.03127 0.06544
-0.36406 0.00285 0.14475
-0.36096 -0.00388 0.14758
0.01955 -0.08185 -0.02714
0.03143 -0.02146 -0.15865
0.01554 -0.02178 -0.15870
0.02828 -0.00998 -0.15704
0.09108 -0.01167 -0.15727
0.06554 -0.10793 0.15600
-0.14776 -0.10812 -0.15579
-0.04038 0.03666 0.06664
-0.04291 0.01747 0.09945
-0.01956 0.12226 0.05260
-0.02457 0.12293 0.04369
-0.01041 0.12207 0.05404
-0.02403 0.12429 0.02433
0.18100 0.02735 0.08877
-0.19874 -0.02827 -0.16036
-0.03280 0.12190 -0.05653
0.13906 0.01298 0.08440
-0.17082 -0.04251 -0.09912
-0.17921 -0.03385 -0.11790
-0.17549 -0.03769 -0.11037
-0.41125 -0.01958 0.09464
0.07077 0.11735 0.05640
0.07031 0.11725 0.06114
0.42798 -0.02405 -0.03493
-0.38481 -0.07936 0.05292
0.26344 0.02248 0.02667
-0.29653 -0.01194 0.15458
-0.28425 -0.01396 0.15566
-0.07462 0.05689 0.13286
-0.38267 0.02910 -0.00024
-0.15462 -0.08675 0.04189
-0.13993 -0.08672 0.01422
-0.15401 -0.08675 0.05154
-0.13930 -0.08672 0.03473
-0.13439 -0.08670 0.04219
0.03903 -0.03669 0.16147
-0.40773 -0.00793 -0.07251
-0.27013 -0.07140 -0.12094
-0.02520 -0.09758 0.15836
-0.36228 -0.07104 0.15068
0.18260 0.03266 0.09714
-0.26480 -0.03577 -0.08922
0.22324 -0.10747 -0.14067
0.36612 -0.03319 -0.15341
-0.37155 0.02977 -0.09064
0.25089 -0.04197 0.10522
0.25437 -0.03986 0.11380
0.41903 -0.02719 0.12253
0.23617 -0.12048 0.12732
-0.32739 -0.10819 0.04764
-0.18386 0.01400 0.04525
-0.19151 0.02670 0.01734
0.38862 -0.09902 -0.06721
0.38872 -0.00366 0.13497
0.01150 -0.08425 0.08088
0.19651 -0.03620 -0.04375
0.19723 -0.02289 -0.04180
0.19755 -0.04073 -0.02712
0.00444 -0.03789 0.16159
0.37171 0.00321 -0.01883
0.00382 0.00198 -0.04249
0.16418 0.04450 0.11494
0.04805 0.11294 0.10816
-0.41987 -0.06210 -0.05989
0.14130 -0.00301 -0.02066
0.12356 0.08085 -0.09536
-0.24889 -0.03356 0.14326
-0.12192 0.00574 0.15277
-0.18058 0.00442 0.15331
-0.15216 0.00471 0.15318
0.32381 -0.12279 0.16470
0.13757 0.05730 0.13077
0.41695 -0.10357 -0.04216
-0.19664 0.11740 -0.04142
-0.08134 0.11468 0.10538
0.07844 0.11790 0.00478
-0.20279 0.07299 0.12449
0.19342 0.03149 -0.00658
-0.19258 -0.12577 0.12161
0.19489 -0.08969 -0.03084
0.19367 -0.09149 -0.04916
0.19389 -0.09832 -0.04084
-0.41868 -0.00559 -0.07045
-0.00490 0.01158 0.15060
-0.22583 0.03387 0.07512
0.14743 0.00935 -0.11714
0.04929 -0.05872 0.11786
0.04457 -0.08053 -0.01737
-0.41291 -0.07627 0.05106
-0.39017 -0.00588 -0.14261
-0.15379 -0.07276 -0.14122
0.17156 -0.01844 0.15823
0.15352 -0.03213 0.16041
-0.06101 -0.04826 0.14777
0.07645 -0.05664 0.01810
0.43556 -0.09547 -0.03236
0.42191 -0.06144 0.11915
-0.30572 -0.09529 -0.14952
0.16738 -0.03945 0.03303
-0.15977 -0.06408 0.10697
-0.15425 -0.07873 0.10737
-0.15234 -0.08380 0.09712
-0.15126 -0.08665 0.11108
0.36710 -0.08161 0.15742
-0.06177 -0.07200 -0.03788
-0.05922 -0.06696 -0.03771
-0.18744 0.02108 0.10123
-0.18444 0.01428 0.08389
0.01730 -0.06170 0.05159
-0.17656 0.01214 0.01795
-0.18082 0.00791 0.06177
0.10545 -0.07158 0.10527
-0.07203 0.10554 -0.11724
0.15423 0.01674 0.04416
0.42400 -0.05980 0.08552
0.13828 0.04670 0.16174
0.28641 -0.06625 -0.16349
0.42389 -0.08682 -0.11109
-0.34307 -0.04794 -0.15476
0.36516 0.00523 0.09849
-0.28949 0.06330 -0.11454
0.01017 -0.07690 0.16209
0.42279 -0.07171 0.01988
-0.08615 -0.08668 0.08873
-0.07574 -0.08673 0.07341
0.31018 -0.02170 0.15909
-0.17615 0.01506 -0.12516
0.19870 -0.00475 -0.03064
-0.30085 -0.13147 0.12526
0.01516 -0.08509 0.07719
-0.06691 -0.08212 0.06007
-0.05976 -0.06804 0.05013
0.24538 0.00213 0.15307
0.19843 -0.11001 0.09973
0.03827 0.07712 0.12523
0.02155 0.03178 0.13732
0.06077 0.05912 0.13018
0.04527 0.06052 0.12973
0.06397 0.04138 0.13496
0.03037 0.05547 0.13101
-0.03967 0.02515 0.13994
0.16992 0.04543 -0.07029
0.25324 -0.10280 -0.15083
0.14709 0.05500 0.12439
0.02113 -0.05944 0.01810
0.04469 -0.06852 -0.11713
-0.40673 -0.02082 -0.08677
-0.40721 -0.00781 -0.09031
-0.15455 0.11036 -0.11073
-0.29641 -0.13958 0.13303
0.41989 -0.04638 0.09007
0.34323 -0.12313 -0.14826
-0.22762 0.00650 -0.15174
-0.25344 0.09015 -0.04464
0.26160 0.02186 0.07724
-0.25915 0.06308 0.12660
-0.05444 0.12508 -0.00357
-0.34945 -0.09581 -0.07458
-0.34898 -0.09589 -0.04409
-0.35099 -0.09554 -0.13162
-0.35311 -0.09517 -0.05906
-0.36043 -0.09390 -0.12784
-0.35089 -0.09556 -0.04946
-0.40887 -0.01754 -0.05919
0.40153 -0.00607 -0.11772
0.33485 0.01145 0.12551
-0.40842 -0.05348 -0.09494
-0.10227 -0.05089 0.13852
-0.09687 -0.04971 0.13819
-0.12475 -0.05615 0.13617
0.08363 0.01796 0.14422
-0.00691 0.10390 0.11903
0.14409 0.07158 -0.01395
-0.29920 0.06660 0.07217
-0.29523 0.06908 0.06692
0.01909 -0.03033 0.03573
0.01858 -0.04330 0.07079
0.02712 -0.08582 0.11785
0.04800 -0.08456 0.10466
0.04219 -0.08491 0.11650
0.06064 -0.08380 0.07856
-0.29582 0.06390 0.09873
-0.30893 0.05790 0.10006
0.15352 0.02850 0.05471
0.13024 -0.10960 0.15553
0.05346 -0.09909 0.01048
-0.00784 -0.09854 -0.00886
0.03003 -0.09888 -0.00161
0.06053 -0.09915 -0.01035
0.02124 -0.09880 0.00254
-0.38830 0.02209 0.09934
-0.36674 0.03020 0.10410
-0.00620 -0.01558 0.01370
-0.20786 0.09198 -0.11832
-0.03665 0.00690 0.02602
0.24918 -0.14106 0.16531
0.07838 -0.05040 0.16248
-0.27628 0.07340 -0.09292
-0.25646 0.08172 -0.09460
-0.15296 -0.01491 -0.13719
-0.02866 0.03547 0.06025
0.35558 -0.01208 0.15232
-0.07861 -0.08671 -0.02554
-0.06965 -0.08675 -0.01778
0.37397 -0.01448 -0.14772
0.14267 0.02768 -0.15246
0.42080 -0.04015 0.13387
0.19088 -0.09753 0.08286
0.19227 -0.06767 0.07705
-0.26048 -0.16042 0.15604
-0.39398 0.02389 -0.00988
-0.38774 0.02682 -0.01902
-0.00999 0.09828 -0.12036
-0.07965 -0.10855 -0.15759
-0.05982 -0.06248 -0.02470
0.42579 -0.05921 0.01410
0.33580 -0.13531 0.16320
0.02601 -0.05636 -0.11713
0.16266 -0.06141 -0.00869
0.17633 -0.06139 0.01218
0.13278 -0.06147 -0.00875
0.12335 0.02756 0.10988
-0.16823 0.00682 0.12413
-0.10844 0.06271 -0.12775
-0.12341 0.08754 -0.12126
-0.11101 0.07475 -0.12473
-0.10220 0.09328 -0.12041
0.19043 0.02852 0.08551
0.02269 -0.07803 -0.07084
0.20487 -0.08830 0.15858
-0.11672 0.12363 0.02086
-0.20134 0.03013 0.04375
0.08928 0.09176 -0.12325
-0.03640 0.04026 -0.05008
0.02962 -0.05929 -0.10857
0.40895 -0.10676 0.07762
-0.19647 -0.01620 0.15895
0.30262 0.01776 0.05790
-0.43527 -0.09062 0.05370
0.13781 0.07489 0.04185
0.14516 0.06921 0.03526
0.09364 0.07780 -0.12701
0.18838 0.02193 0.09213
-0.03526 0.10019 0.12038
0.29901 -0.03222 -0.09638
0.01633 -0.03634 -0.16072
0.34243 -0.00188 0.14905
-0.05504 0.00572 0.15273
-0.13864 -0.00149 0.15541
-0.05894 -0.00016 0.15492
-0.06268 0.04445 0.13488
-0.40620 -0.03534 -0.08148
0.28173 -0.13685 -0.15296
-0.14434 -0.07331 0.01761
-0.06288 0.11154 -0.11077
-0.28008 0.02979 0.13588
0.17963 0.02825 -0.11797
-0.02444 -0.03006 0.16058
0.29755 -0.04711 0.15703
0.23853 -0.01847 -0.15717
-0.03775 0.12087 -0.07165
-0.05972 -0.06795 0.07648
-0.06363 -0.07565 0.09417
-0.41141 -0.02608 0.08111
-0.37601 -0.00521 0.14552
0.14267 0.06444 -0.09627
0.33437 -0.11013 0.16531
0.40903 -0.08894 0.13487
-0.34768 -0.02515 -0.15195
-0.34687 -0.01934 -0.15115
-0.28656 -0.10550 0.14766
0.42483 -0.05897 -0.07174
-0.02910 0.03080 -0.11166
-0.27082 -0.01750 -0.15680
-0.03773 0.00807 -0.06544
-0.40041 -0.09410 0.04353
-0.29857 -0.13705 -0.14275
0.20381 -0.05335 0.16143
0.42341 -0.05789 -0.11302
0.21632 -0.08531 0.12400
0.21385 -0.09292 0.08989
-0.39452 0.02240 -0.05662
-0.37163 0.03278 -0.05086
0.01342 -0.01426 -0.03128
0.06885 0.11498 -0.08713
-0.23502 -0.14994 0.11973
0.09993 -0.01293 0.08974
0.10561 0.00536 0.04375
0.41966 -0.04908 -0.12111
-0.33607 0.04698 0.08493
0.02124 -0.04852 0.05601
-0.18688 0.02219 0.12584
-0.30326 0.06753 0.04705
0.23603 -0.13143 0.12787
0.15811 0.01968 0.00253
-0.23068 0.02818 -0.04541
0.27975 -0.14654 0.16487
0.19420 -0.00331 -0.08188
0.17742 -0.05110 -0.07775
0.17738 -0.06295 -0.06255
0.17739 -0.05754 -0.08129
0.29234 0.01848 -0.12401
-0.01957 0.03414 -0.02639
-0.27448 0.03547 -0.13392
-0.39897 -0.10681 0.05036
0.01153 -0.03742 -0.01332
0.38351 -0.00185 -0.07010
-0.22414 -0.07134 0.12683
0.09304 -0.06936 0.01522
-0.20840 -0.01830 -0.15898
-0.03040 0.12386 -0.02855
-0.03290 0.12232 -0.04992
0.14909 -0.01791 -0.12188
0.15583 -0.02534 -0.11526
0.01111 -0.07433 -0.07495
0.19328 -0.10063 0.02301
0.33505 0.01241 -0.01402
-0.13544 0.12206 -0.04413
-0.13196 0.12064 -0.06909
-0.10029 0.12082 -0.06801
-0.10636 0.12125 -0.06021
-0.34135 0.04807 -0.04272
-0.18643 -0.06569 -0.08809
0.21560 -0.08754 -0.09532
0.21359 -0.09370 -0.10244
0.14526 -0.08996 0.16004
-0.41763 -0.05488 0.07446
0.27868 -0.03146 0.11704
0.10759 -0.06561 -0.09798
0.09264 0.11178 0.04398
-0.04057 0.02171 -0.14004
-0.01563 0.03099 -0.10303
-0.40652 -0.01616 -0.09615
0.29388 -0.15788 0.12732
-0.32937 0.05369 -0.05353
-0.02507 -0.01163 -0.10488
-0.41099 0.02260 0.08242
0.31743 -0.08349 -0.16179
0.34492 -0.11092 0.15190
0.08686 0.11743 -0.02677
-0.14464 -0.07618 0.06941
0.38157 0.00080 0.01099
-0.35967 0.01632 -0.13622
0.24425 -0.10213 -0.16290
-0.14387 -0.04557 -0.03135
0.33114 -0.11025 0.12748
0.04960 -0.05473 -0.03043
0.04523 -0.05464 -0.03321
0.06576 -0.05506 -0.02575
0.02152 -0.03746 -0.11220
-0.08670 -0.08668 -0.01017
-0.09691 -0.08664 -0.00525
-0.09275 -0.08666 -0.04169
0.25686 -0.08868 0.15456
-0.29101 -0.08430 -0.15800
0.37034 0.00380 -0.00453
0.05757 -0.08399 -0.02425
0.06038 -0.08382 -0.04421
0.06644 -0.08345 -0.02678
-0.40614 0.01735 0.09750
0.09932 -0.08366 -0.07575
0.02294 -0.05339 -0.08108
-0.16282 -0.01542 0.06910
-0.14789 -0.03450 0.09827
-0.15541 -0.02955 0.07025
0.13909 -0.05573 -0.16168
-0.32351 0.05440 -0.07574
-0.09986 0.11118 0.11312
0.25096 -0.04192 -0.10289
-0.38955 -0.10956 0.05626
-0.18837 0.01548 0.14621
-0.09672 -0.10848 0.15665
-0.23313 -0.15469 -0.15615
-0.36945 0.03506 0.00765
0.29321 -0.06579 -0.16353
0.01545 -0.03198 -0.05645
-0.03669 0.04284 0.03973
0.02696 -0.06161 0.01364
0.04628 -0.06159 0.01843
-0.03573 -0.06168 0.01304
0.03055 -0.06160 0.00020
-0.03005 -0.06167 0.01032
0.02225 -0.06161 0.01008
-0.40686 -0.02925 0.06871
-0.03834 0.02168 -0.11114
-0.04452 0.12538 0.00102
0.32099 -0.08977 0.13913
0.31385 -0.00119 0.15276
0.00217 0.00670 0.10585
-0.04173 0.05543 -0.13017
-0.02244 0.05032 -0.13159
0.42404 -0.05281 0.10346
0.04155 -0.05457 -0.04519
0.02580 -0.05432 -0.03243
-0.01377 0.01014 -0.15039
-0.06636 -0.08105 0.04789
-0.06924 -0.08671 0.03461
-0.31594 0.06167 0.04240
-0.17999 -0.00795 0.14408
-0.17512 -0.03207 0.13410
0.16345 0.05589 -0.00514
0.35137 -0.07373 -0.09800
0.26277 0.02268 -0.02052
0.17768 0.02887 -0.13311
-0.41153 -0.08790 -0.05772
-0.22963 0.03174 0.02312
0.29357 0.02003 0.00825
-0.40683 -0.01931 -0.13041
0.19336 -0.08295 -0.05854
0.19290 -0.05494 -0.08102
-0.21149 0.00633 -0.13456
0.40050 -0.06964 -0.14759
0.27947 -0.08577 -0.15879
-0.21841 0.03412 -0.06246
-0.18599 -0.09597 -0.13279
0.11527 0.02112 0.09382
0.21521 -0.02807 -0.15841
0.00200 -0.05018 -0.02168
0.08733 0.11646 -0.01670
0.06363 0.11981 -0.00015
-0.03131 0.10075 -0.11943
-0.07343 -0.06272 0.16151
-0.40742 -0.04619 0.02246
-0.25746 0.08204 0.09129
0.31327 -0.12103 0.15432
0.41537 -0.08923 -0.06539
-0.01332 0.02529 -0.02186
-0.00924 0.02230 -0.02363
0.02182 -0.07898 -0.02165
-0.33985 0.01820 0.13887
-0.00432 0.01504 -0.02108
-0.30336 0.04956 -0.12867
0.02043 -0.04127 0.05080
-0.26924 -0.13921 -0.15355
-0.19953 -0.01092 -0.13844
0.21257 0.02335 0.14038
-0.03649 0.12108 0.06989
0.14630 -0.01483 -0.07094
0.25397 -0.07072 -0.16399
0.36827 0.00375 -0.03364
0.37712 0.00089 -0.04352
0.34769 -0.05315 -0.15903
0.19706 0.01518 -0.01652
-0.27431 0.07736 -0.07382
-0.28330 0.07262 -0.07909
-0.30825 0.06677 -0.02322
-0.25935 0.08899 -0.02265
-0.16040 0.08616 0.12172
-0.06536 -0.07908 -0.13999
-0.05989 -0.06830 -0.12921
-0.06281 0.09179 0.12269
-0.28137 -0.06308 -0.15738
0.03969 -0.11143 0.08716
0.02291 -0.11143 0.06306
0.01707 -0.11143 0.04001
0.01676 -0.11143 -0.06220
0.01775 -0.11143 0.06024
0.03203 -0.11143 0.05231
0.03828 -0.11143 0.12874
0.01479 -0.11143 0.09273
0.01745 -0.11143 0.14615
0.02869 -0.11143 0.07761
0.00955 -0.11143 -0.10573
0.03454 -0.11143 0.13571
0.03618 -0.11143 0.11633
0.01998 -0.11143 0.10303
0.02377 -0.11143 0.00387
0.04790 -0.11143 0.14716
0.24458 0.02303 -0.10960
-0.14231 -0.07523 -0.09471
-0.43172 -0.09671 0.04912
-0.25603 -0.12381 -0.15103
0.07323 0.02060 -0.14138
-0.20884 -0.03804 0.16396
-0.10747 -0.08664 -0.14101
-0.12705 -0.08669 -0.12346
-0.13626 -0.08671 -0.14725
-0.13068 -0.08670 -0.15251
-0.10211 -0.08663 -0.10251
-0.25511 -0.10282 -0.15330
-0.09398 -0.08665 0.02326
-0.09796 -0.08664 0.06234
-0.07535 -0.08673 0.00509
-0.05388 0.09707 -0.12053
-0.14668 -0.05951 0.06664
-0.40753 -0.06799 0.13501
-0.31612 -0.10247 0.04912
0.39853 -0.09681 -0.14123
-0.40957 -0.08790 -0.06474
-0.23217 0.03339 -0.13589
-0.22779 0.03715 -0.13479
-0.07055 0.06814 -0.12812
-0.07556 0.07360 -0.12674
0.33747 -0.07640 0.15647
0.13598 0.07930 -0.00225
0.26808 -0.16247 0.12917
-0.14981 -0.08757 0.15791
-0.33577 -0.08494 0.04250
0.18211 0.02720 0.07882
0.20128 -0.00885 0.00273
0.19963 -0.03628 0.00390
-0.30819 0.06710 -0.01021
0.19489 0.01693 -0.04166
0.04255 0.02462 0.13835
-0.00495 -0.03930 -0.10133
-0.22112 -0.07941 0.15511
-0.27857 -0.02762 0.15939
-0.01786 0.07076 0.12698
-0.01640 0.07872 0.12490
-0.16047 -0.00998 0.03072
-0.15730 -0.01774 0.03568
-0.16295 -0.00791 0.03978
-0.15433 -0.01904 0.02102
0.09208 -0.05557 -0.03403
0.08569 -0.05424 -0.02056
0.06745 0.08221 -0.12395
-0.21999 0.10694 0.03192
-0.25682 -0.01082 0.15735
-0.06312 0.11959 0.07936
-0.05666 0.12076 0.07252
-0.21683 0.03002 -0.12139
-0.00818 0.12464 0.00155
0.00017 0.12398 0.00815
0.42266 -0.05664 0.12385
-0.22620 -0.00285 -0.15537
-0.06770 -0.07077 -0.00449
-0.12583 -0.08668 0.11901
-0.12692 -0.08669 0.13554
-0.13900 -0.08671 0.13120
-0.14097 -0.08672 0.14870
-0.11129 -0.08665 0.13330
-0.13033 -0.08669 0.13149
-0.10844 -0.10786 0.15718
-0.39246 -0.08945 0.04045
0.43449 -0.08917 -0.00751
0.43438 -0.09410 0.00136
0.08735 -0.05593 0.10194
0.09373 -0.05459 0.10346
-0.21754 0.03602 0.08958
0.03045 0.02761 -0.13707
-0.25627 0.01298 -0.14689
-0.26675 -0.00405 -0.15393
-0.40769 -0.00536 0.08204
-0.41003 -0.07833 -0.09058
0.18252 0.00474 -0.13364
0.01908 -0.08245 0.02928
0.19288 0.03118 -0.02347
0.10207 0.10362 0.05636
-0.07721 0.05255 -0.13202
-0.14436 -0.10411 0.15603
-0.12413 -0.10728 0.15578
0.42292 -0.08338 0.12847
-0.07187 -0.08674 -0.10076
-0.07884 -0.08671 -0.13241
-0.07644 -0.08672 -0.09889
0.10936 0.00307 0.06814
0.29849 -0.06879 0.14123
0.26809 0.02193 0.03319
-0.21583 0.03495 -0.07489
-0.04514 0.02630 0.01840
0.40089 -0.10220 -0.00341
0.40296 -0.10261 0.02820
0.40017 -0.10206 -0.04229
0.21981 -0.07540 0.16405
0.18788 0.01644 0.14504
-0.35772 -0.05519 0.15309
-0.36989 -0.05143 0.15065
-0.02124 0.03437 0.02455
-0.02895 0.02091 -0.11256
-0.17590 0.11830 -0.07480
0.18230 -0.04565 -0.13667
0.18616 -0.03440 -0.11855
0.27625 -0.06704 -0.13639
-0.23961 0.09864 -0.00066
0.22222 -0.05515 0.16147
0.09389 0.10876 0.07612
-0.34934 0.02145 0.13504
-0.13774 -0.03791 -0.14717
0.19313 0.01328 0.06253
0.16910 0.05021 0.02232
0.15827 0.05948 0.01767
0.41348 -0.01030 0.04127
-0.19671 -0.05368 0.08856
0.43407 -0.07283 0.01368
0.09156 -0.06230 0.01857
0.07558 -0.06850 0.01857
-0.40226 -0.09593 0.05255
0.01457 -0.08351 -0.09949
0.15146 0.03336 0.13964
-0.38244 -0.08367 0.04361
0.21069 0.02648 0.02027
-0.00849 0.10642 -0.11672
-0.15757 -0.06952 0.13880
0.09019 0.11460 0.02148
-0.01613 0.02873 -0.03326
-0.14562 0.11558 -0.09990
-0.14881 0.11749 -0.08846
0.17579 0.02479 -0.06107
0.18701 0.02801 -0.06869
-0.41121 -0.06273 0.06957
0.26843 -0.02368 -0.15973
0.30958 -0.07513 0.13354
-0.18822 0.01592 -0.13645
-0.16380 0.00273 -0.00179
-0.16938 -0.00035 -0.04629
-0.29305 0.00016 0.15107
0.18532 -0.00908 0.12332
0.18563 -0.01331 0.12128
0.19246 -0.02088 0.08912
-0.23049 0.02871 -0.03934
-0.41040 -0.07395 0.07106
-0.04669 0.03748 -0.06533
-0.21250 -0.15675 0.14158
-0.40827 0.00759 0.07826
0.09423 -0.01315 0.07772
-0.20685 0.05383 0.13090
-0.18534 0.08519 0.12112
0.32469 -0.10946 -0.15299
0.06768 -0.06396 -0.11713
0.22107 0.02468 -0.08242
0.13244 0.04077 0.09318
0.12312 0.08630 0.05355
0.13769 0.03565 -0.17323
0.22862 -0.02904 -0.15860
-0.38401 -0.09212 0.06886
-0.12293 0.11249 -0.10815
-0.40995 -0.07067 0.11583
-0.23966 -0.14533 0.12472
-0.22850 -0.14201 0.12873
-0.11950 -0.01176 -0.15732
-0.17632 -0.03273 -0.16040
-0.19126 -0.01106 -0.15722
-0.10620 -0.00698 -0.15662
-0.19478 0.02564 -0.13892
-0.16413 0.12253 -0.01514
0.17482 -0.08178 -0.15960
0.17691 -0.11143 -0.08625
0.16852 -0.11143 -0.03771
0.17913 -0.11143 0.09871
0.15840 -0.11143 -0.13684
0.16215 -0.11143 -0.09389
0.16641 -0.11143 -0.10012
0.16774 -0.11143 0.03121
0.17587 -0.11143 0.05089
0.17540 -0.11143 -0.14950
0.15491 -0.11143 -0.12914
0.16658 -0.11143 -0.14910
0.17438 -0.11143 0.00086
0.17500 -0.11143 -0.03340
0.16747 -0.11143 -0.02012
-0.15781 -0.05201 -0.13764
0.18609 0.02700 -0.01987
0.18935 0.02825 -0.04404
-0.22760 -0.05847 -0.15867
-0.32462 0.05644 0.05125
0.15154 -0.02060 0.07944
-0.07850 0.12239 0.04635
-0.07930 0.12171 0.05682
-0.04703 0.12109 0.06946
0.42840 -0.04639 -0.04816
0.11450 0.08709 0.10645
0.07890 -0.06531 -0.01593
0.26077 -0.07391 -0.15663
0.08202 -0.08508 -0.11346
0.06796 -0.08358 -0.11518
0.03803 -0.08483 0.01810
-0.26381 -0.06831 -0.15781
0.19072 0.00748 0.08709
-0.10975 -0.05230 -0.15460
-0.24540 -0.06505 -0.13367
-0.07384 -0.05374 -0.08542
-0.08621 -0.04946 -0.12739
0.13526 0.04643 0.07933
0.10006 -0.09956 0.01126
0.13866 0.02566 0.15030
0.02379 0.11699 -0.09504
-0.01014 0.11859 -0.08538
0.01452 0.11687 -0.09578
-0.15576 -0.07758 -0.05121
0.02573 -0.07024 -0.08613
-0.40744 -0.05718 -0.12196
0.25436 -0.12455 -0.15521
0.19025 0.03233 0.03569
0.16030 0.02040 0.05734
-0.09707 0.10197 -0.11893
0.18207 -0.02315 -0.13774
-0.19787 -0.06870 -0.13653
0.20953 -0.09988 -0.12607
0.16458 0.02158 -0.05379
-0.37599 -0.08337 0.04334
-0.16152 0.10451 -0.11518
0.01404 -0.08211 0.04531
-0.05558 0.11634 0.09950
-0.08541 0.11944 0.07979
0.18168 -0.10063 -0.05862
-0.08602 -0.08668 -0.11147
-0.08400 -0.08669 -0.09376
-0.09620 -0.08664 -0.11863
0.02278 -0.07683 0.07194
-0.03210 -0.05446 -0.16178
-0.29213 -0.03853 -0.15963
0.05422 -0.07435 0.01810
0.02596 -0.06668 0.01810
0.01132 -0.07928 -0.10180
0.01150 -0.08436 -0.08698
0.08015 -0.01379 0.15828
0.04324 -0.01541 0.15851
0.01386 -0.03162 0.16080
0.37980 -0.07480 0.15817
0.32776 -0.08341 -0.12614
0.41102 -0.07545 -0.14546
0.10509 -0.08060 -0.16123
0.07523 -0.07918 -0.16129
0.10011 -0.06797 -0.16176
-0.06652 -0.07131 0.15550
-0.25727 -0.02588 -0.16039
-0.30306 0.06710 -0.05172
0.40916 -0.09821 0.12929
-0.20189 0.02364 -0.14027
0.33471 -0.11208 -0.16414
0.39438 -0.00253 0.00724
0.39982 -0.00492 0.02945
0.01758 -0.08207 0.11446
-0.19209 -0.02056 -0.07588
-0.18630 -0.02654 -0.06775
-0.19711 -0.01538 -0.12605
-0.18910 -0.02365 -0.07783
0.00027 0.00229 -0.05572
0.17838 -0.10063 -0.09151
0.00361 -0.01762 0.01556
-0.14662 0.12302 0.02735
-0.12789 0.12191 0.04801
-0.13800 0.12205 0.04484
-0.13982 0.12126 0.05856
0.19833 -0.02767 -0.02441
0.20030 -0.01677 -0.00849
0.19953 -0.00820 -0.02311
-0.16099 0.12160 -0.03969
-0.17635 0.12143 -0.02801
0.18988 0.03409 0.00685
-0.40584 -0.07865 0.14880
0.07786 0.02189 -0.13865
0.24820 -0.07077 -0.16414
0.24053 0.00966 0.15058
-0.29447 0.01801 -0.14231
-0.28429 -0.15084 -0.12136
-0.14551 -0.07937 -0.06090
-0.28513 -0.04430 0.10952
-0.42004 -0.07056 -0.05793
0.01897 -0.02918 0.10149
0.03890 0.11113 0.11180
0.04542 -0.07368 -0.01786
-0.01228 -0.06782 -0.01786
0.06536 -0.08737 -0.01786
-0.01689 -0.07117 -0.01786
0.05717 -0.07119 -0.01786
0.04921 -0.06290 -0.01786
-0.01394 -0.06183 -0.01786
-0.03095 -0.00198 0.08935
-0.02638 0.11014 0.11417
0.14886 0.00854 -0.01783
-0.24843 -0.11434 0.15380
0.17721 -0.10032 -0.03209
0.34152 0.01091 -0.00807
0.14609 0.02979 0.11899
-0.37943 0.02914 0.05506
-0.20826 -0.09148 -0.14492
0.02734 -0.07057 0.16236
0.01616 -0.07575 0.16214
0.01759 -0.06696 0.16251
0.32952 0.01232 -0.12745
0.19550 -0.11092 -0.13876
0.42687 -0.05739 -0.01095
0.10491 -0.07265 0.06330
0.17912 0.02968 -0.12533
0.10980 -0.05306 -0.16184
0.06852 -0.05505 -0.16190
-0.17280 -0.04149 -0.16088
0.17352 -0.04485 0.08776
0.18260 -0.06251 0.13512
0.18350 -0.09495 0.12955
0.18611 -0.08616 0.11332
0.15797 0.01970 -0.02005
0.42747 -0.04929 -0.07438
0.23808 0.02285 0.12760
0.31416 0.01621 -0.09286
0.00881 -0.01736 -0.01676
-0.17256 -0.04071 -0.01760
-0.18447 -0.02842 -0.04921
-0.17694 -0.03620 -0.04763
0.10034 -0.11143 -0.06139
0.10061 -0.11143 -0.02896
0.10223 -0.11143 0.05467
0.09191 -0.11143 -0.04069
0.07044 -0.11143 -0.08406
0.08749 -0.11143 -0.07993
0.08478 -0.11143 -0.05592
0.09122 -0.11143 -0.06920
0.06050 -0.11143 -0.13361
0.08262 -0.11143 -0.15288
0.09876 -0.11143 -0.05595
0.09950 -0.11143 0.09674
0.10020 -0.11143 0.06280
0.10158 -0.11143 -0.10621
0.07682 -0.11143 -0.11292
0.09938 -0.11143 -0.04808
0.09664 -0.11143 0.07347
0.42403 -0.09162 -0.12113
-0.13037 -0.11015 -0.15781
0.18308 0.01658 -0.12546
0.31878 0.01524 -0.05712
0.32342 -0.09768 0.02521
0.28876 -0.10130 0.07268
0.27570 -0.10266 0.04211
0.36439 -0.09341 0.05318
0.30893 -0.09919 0.02547
0.20987 -0.10952 0.08247
0.25919 -0.10438 0.07558
0.23527 -0.10687 0.07068
0.32605 -0.09741 0.05850
0.36185 -0.09368 0.04141
0.32212 -0.09782 -0.01208
0.35140 -0.09477 0.08520
0.31874 -0.09817 -0.02128
0.29406 -0.10074 -0.00681
0.36514 -0.09333 -0.01487
0.31526 -0.09853 0.07067
0.36101 -0.09376 0.00706
0.33316 -0.09667 -0.04475
0.36696 -0.09314 0.04375
0.25562 -0.10475 0.08658
0.23153 -0.10726 0.08487
0.36538 -0.09331 -0.02029
0.33705 -0.09626 0.00601
0.30051 -0.10007 0.05362
0.30868 -0.09922 0.01605
0.25344 -0.10498 0.03828
0.33703 -0.09626 0.01662
0.34387 -0.09555 0.06066
0.31319 -0.09875 -0.02535
0.35935 -0.09394 -0.00452
0.33994 -0.09596 0.07164
0.36761 -0.09308 0.02974
0.32837 -0.09717 0.07042
0.26688 -0.10358 0.05826
0.28171 -0.00515 -0.15450
-0.03236 0.00256 0.01812
-0.27278 -0.01863 0.15756
0.09746 -0.05832 -0.05637
0.41837 -0.06803 0.12230
-0.41093 -0.01562 -0.10277
0.03004 -0.06099 0.11764
-0.11739 0.09857 -0.11986
-0.18885 0.02348 -0.10496
-0.18074 0.01536 -0.10500
0.30968 -0.01648 -0.15713
0.18277 0.03314 0.08570
0.14001 -0.07436 0.01857
0.13057 -0.07450 0.01857
0.15459 -0.06378 0.01857
0.27147 0.01981 -0.13705
0.18226 -0.01605 0.13746
0.11598 0.07645 0.12560
0.22425 -0.06949 0.12530
0.22796 -0.06277 0.16070
-0.20483 0.11123 0.06878
0.20488 0.02516 0.12611
-0.36917 -0.03114 0.15054
-0.39280 -0.01947 0.14451
0.27148 0.02100 0.07150
-0.05461 0.12290 0.04061
-0.06273 0.12318 0.03550
-0.30630 -0.06342 0.14369
-0.30634 -0.06347 0.10681
-0.15517 -0.06694 0.00029
0.19929 -0.00190 0.01791
0.14592 0.05570 -0.12758
-0.31223 -0.05975 -0.16126
0.09606 -0.08657 -0.04940
0.42765 -0.04053 0.04971
-0.15721 -0.00770 -0.12451
-0.15796 -0.01417 -0.09965
-0.15393 -0.01770 -0.11243
-0.02501 -0.02597 -0.15929
0.13664 -0.04973 0.16225
-0.22512 -0.07133 -0.15401
-0.26504 0.01963 -0.12000
-0.26661 0.01982 -0.10762
-0.24578 0.01720 -0.11015
-0.28355 0.02196 -0.12552
-0.23671 0.01605 -0.08050
0.21658 0.02496 0.06610
0.18432 0.04130 -0.08622
-0.18216 -0.05919 -0.16146
-0.41232 0.00192 -0.08674
0.40220 -0.06179 0.14330
-0.22541 -0.03092 -0.16288
0.00380 -0.03634 -0.01398
-0.40738 -0.00270 0.02631
-0.40704 -0.01594 0.03890
-0.40730 -0.00580 0.01656
0.41989 -0.04367 -0.08908
-0.14031 -0.05853 0.11199
-0.10762 -0.05624 0.09555
-0.13145 -0.05791 0.11883
-0.11691 -0.05689 0.07811
0.02869 -0.05548 -0.01719
-0.30504 0.05210 0.12864
0.18216 0.01041 -0.15023
0.07173 -0.07933 -0.01786
0.08327 -0.08864 -0.01786
-0.17126 -0.09743 -0.11007
0.20611 0.01190 -0.14801
-0.10794 -0.10958 -0.15479
0.18614 -0.10063 0.06040
-0.04855 0.03338 0.06321
0.37926 -0.00257 0.13968
-0.23128 -0.03598 0.09573
0.40326 -0.01812 0.13897
-0.36599 -0.08725 -0.14919
-0.14955 -0.06202 -0.09009
0.13259 0.06755 0.12562
-0.36072 -0.08591 0.15125
-0.33891 -0.08931 0.15549
-0.41020 -0.02091 0.11236
0.17570 0.02315 -0.14195
-0.05367 0.11997 -0.07669
0.10111 -0.01119 0.09399
-0.32231 -0.03693 0.15629
-0.31136 -0.03834 0.15731
0.04433 0.12148 -0.02666
0.04841 0.12076 -0.03364
-0.40463 -0.02510 -0.12544
-0.17407 -0.03915 0.09582
-0.19437 -0.01822 0.13201
-0.17198 -0.04131 0.11061
0.00776 -0.04760 0.11709
0.15634 -0.00717 -0.13976
-0.32361 -0.04987 -0.15680
0.31709 0.01545 0.10920
-0.31285 0.02268 -0.13684
-0.15138 -0.08634 0.02564
-0.15365 -0.08031 0.03485
-0.16019 -0.06297 0.04169
0.04197 -0.08492 0.02736
0.02581 -0.08590 0.02582
0.03882 -0.08511 0.03433
-0.28295 -0.12187 0.13766
0.35628 -0.08629 0.11733
0.43402 -0.08850 0.03181
-0.41866 -0.05475 0.03029
-0.25872 -0.06404 0.12224
-0.20533 -0.04655 -0.10235
-0.36965 0.03467 -0.02975
-0.39161 0.02507 -0.02852
0.19726 -0.00191 -0.04325
-0.30562 -0.05554 0.16413
-0.25080 -0.12627 0.15250
-0.07958 -0.05459 0.15550
0.01875 -0.03295 0.04262
0.33638 0.01147 0.05735
0.28613 0.01980 0.09989
0.17105 0.02424 0.04285
-0.41933 -0.06573 -0.08291
0.42091 -0.06969 -0.10379
-0.34725 -0.07905 0.05726
0.19276 -0.08689 0.06045
0.19383 -0.05991 0.06128
0.08459 -0.07106 -0.11713
-0.03021 -0.00377 0.06381
0.13596 -0.10804 0.15682
-0.40605 -0.01632 0.03251
-0.40519 -0.02480 0.00592
-0.40537 -0.02300 0.01806
0.31473 0.01681 0.01334
0.21395 0.02523 -0.06863
-0.40607 -0.04330 0.12481
-0.23295 -0.06099 -0.15843
-0.40801 0.00219 -0.01184
-0.17136 -0.09700 0.10082
0.01740 -0.08457 -0.03907
-0.20262 -0.10833 0.03406
-0.19207 -0.10902 -0.05257
-0.18677 -0.10936 -0.00298
-0.25192 -0.10513 -0.02710
-0.26446 -0.10432 -0.07445
-0.25704 -0.10480 -0.03329
-0.20008 -0.10850 -0.08315
-0.19842 -0.10860 -0.04115
-0.19213 -0.10901 0.00539
-0.24978 -0.10527 -0.06312
-0.19725 -0.10868 -0.04671
-0.25615 -0.10486 -0.02222
-0.22196 -0.10708 -0.05464
-0.22701 -0.10675 -0.04292
-0.21215 -0.10771 0.00728
-0.18347 -0.10958 -0.04841
-0.17402 -0.11019 -0.05544
-0.29198 -0.10253 -0.07938
-0.22248 -0.10704 -0.00667
-0.26508 -0.10428 -0.03505
-0.19063 -0.10911 0.04108
-0.18907 -0.10921 -0.05829
-0.27794 -0.10344 -0.07086
-0.22986 -0.10656 0.00542
-0.22514 -0.10687 -0.07672
-0.19318 -0.10895 -0.02851
-0.27490 -0.10364 -0.06157
-0.20096 -0.10844 -0.06360
-0.19955 0.11566 0.04671
0.19359 -0.01525 0.08382
0.19382 -0.02018 0.07900
-0.34488 -0.09317 0.06978
-0.35483 -0.00699 0.14941
-0.33958 -0.00943 0.15096
-0.06800 -0.04876 -0.16139
-0.09944 -0.04816 -0.16118
0.01650 -0.06836 -0.11486
0.42621 -0.01758 -0.07247
0.00252 -0.05155 -0.09744
-0.35509 -0.10545 0.04148
-0.38864 0.02111 -0.10556
0.36555 -0.04950 0.15661
-0.04620 0.02157 0.05775
0.16328 -0.10766 0.15608
-0.01246 -0.01315 -0.11762
0.08489 -0.08538 0.03148
-0.01300 0.02511 0.09513
-0.10328 -0.05049 0.15550
0.12435 -0.06967 0.16226
0.14383 -0.07383 0.16180
0.11302 0.01581 0.04667
0.19116 -0.05653 -0.09389
0.18854 -0.07475 -0.10325
0.18925 -0.04952 -0.10401
-0.15598 -0.07135 -0.11555
-0.15605 -0.06955 -0.09571
0.41836 -0.07562 -0.11154
-0.24948 0.05514 0.12885
0.17144 -0.04625 -0.05202
-0.40977 -0.00900 0.12100
-0.14460 -0.06673 -0.05259
0.19429 0.01195 -0.05806
0.31341 -0.08617 0.16091
0.12318 0.08362 0.08052
-0.18767 -0.01981 -0.13680
0.33572 -0.13397 0.12923
-0.05136 -0.03848 -0.16098
-0.06775 -0.07868 -0.00362
0.24802 -0.02653 0.15992
-0.15392 -0.06585 -0.01609
0.30609 -0.10585 0.15978
0.10589 0.10108 0.04701
-0.26921 -0.08473 -0.14591
-0.17983 -0.07166 -0.16164
-0.22162 -0.07283 0.12201
0.31490 -0.06635 0.12732
0.14134 0.06900 -0.07333
0.13534 0.07485 -0.06535
-0.39055 0.01168 -0.13420
0.26215 -0.05004 0.15009
0.25424 -0.03063 -0.16128
-0.19260 -0.00822 0.14130
0.00247 -0.00435 0.06760
-0.19848 -0.14400 0.15141
-0.40794 -0.05646 -0.12960
0.17358 -0.04491 0.07767
0.34327 -0.11699 0.16163
0.06729 -0.05504 0.03852
0.04918 -0.05469 0.03889
0.06357 -0.05496 0.04187
-0.15340 0.10746 0.11490
0.02986 0.11220 0.11031
0.07406 0.10894 -0.11272
0.15222 0.01367 -0.07105
-0.01366 -0.02733 -0.08104
-0.40465 -0.02872 0.12562
-0.12518 0.12370 -0.01380
-0.08983 0.12408 -0.01151
-0.27106 -0.03755 0.14067
0.41755 -0.08326 -0.05926
-0.23160 -0.00639 -0.15665
0.24870 -0.05754 -0.14806
-0.15555 -0.08321 0.07453
-0.15558 -0.08242 0.08354
0.10931 0.00425 0.07975
-0.25444 -0.03407 -0.09447
0.17728 -0.08289 0.09535
0.17740 -0.05461 0.08932
-0.26223 -0.14296 -0.14599
0.24231 -0.09137 0.16481
0.01696 -0.06202 -0.01780
0.01540 -0.06350 -0.03407
0.05993 0.11442 0.10225
0.08550 0.11464 0.07698
0.06365 0.06769 0.12808
0.42383 -0.02208 -0.10507
0.14840 0.00655 0.15247
-0.01601 -0.02409 -0.05793
-0.24547 -0.04438 -0.12808
0.22249 0.02537 0.01528
-0.39182 -0.05681 0.14736
-0.26232 -0.09243 -0.15244
-0.39286 -0.08914 0.00973
-0.39654 -0.08862 -0.00928
-0.37973 -0.09103 0.06146
-0.37671 -0.09146 0.06983
-0.37326 -0.09195 0.08703
-0.38215 -0.09068 0.10544
-0.38297 -0.09056 0.05434
-0.38460 -0.09033 0.07649
-0.39859 -0.08832 -0.10102
-0.39402 -0.08898 -0.02075
-0.38935 -0.08965 0.01724
0.35223 0.00842 0.10533
0.34394 0.01015 0.10357
0.00039 0.01051 -0.10106
0.26536 0.02168 0.10699
-0.40963 -0.05813 0.01190
0.18277 0.02385 0.11989
0.13929 0.03913 -0.16771
-0.19864 0.02971 0.13744
-0.00105 -0.04466 0.08350
-0.14072 -0.05007 0.15157
0.28565 0.01787 0.14000
-0.28335 0.07833 -0.01529
-0.04866 0.02669 -0.05635
-0.26544 -0.14147 0.15747
-0.27888 0.08058 -0.00429
0.00434 -0.05638 -0.09220
0.05751 -0.05481 0.05441
0.03329 -0.05444 0.03420
-0.23400 0.02048 -0.14161
-0.06705 -0.01843 -0.15829
-0.09905 -0.03015 -0.15997
-0.05668 -0.03161 -0.16014
-0.22460 -0.06403 0.12188
-0.40873 -0.05475 -0.08669
-0.05069 0.04575 0.13310
-0.15600 -0.07102 0.01459
-0.15576 -0.07739 0.00746
-0.41352 -0.07764 0.02353
-0.04429 0.01924 0.02514
0.42168 -0.04210 -0.08416
0.38086 -0.07217 0.15312
-0.14614 -0.08018 0.07563
-0.20907 -0.06214 0.12315
0.11704 -0.11143 -0.03152
0.13163 -0.11143 0.07720
0.11277 -0.11143 -0.03817
0.12429 -0.11143 0.11145
0.12587 -0.11143 0.05447
0.11786 -0.11143 0.10992
0.11223 -0.11143 0.15020
0.10617 -0.11143 0.07548
0.11310 -0.11143 0.10735
0.13583 -0.11143 0.10569
0.13834 -0.11143 0.13837
0.10885 -0.11143 0.03538
0.13110 -0.11143 0.10345
0.15376 0.01603 0.09197
0.00910 -0.06900 -0.05169
0.14843 0.06433 -0.05832
0.15354 0.02779 0.11904
-0.20525 0.01564 -0.13462
-0.29520 -0.12296 -0.11898
-0.01423 0.12471 -0.00505
-0.00447 0.12420 -0.00707
0.32256 -0.12843 -0.16353
-0.30471 0.06209 -0.08610
0.33877 -0.04590 -0.16196
0.25364 0.02339 -0.01816
-0.23171 0.02462 0.03208
-0.31118 -0.00335 0.15161
-0.34890 -0.00400 0.14891
-0.14466 -0.04772 0.09646
-0.14629 -0.04648 0.08528
-0.20850 0.00102 -0.08213
-0.20985 0.00318 -0.09110
0.23655 -0.08857 -0.16414
0.21214 0.02507 0.10804
0.19644 0.02664 0.09747
-0.41028 -0.06086 0.04211
0.39757 -0.08724 0.14433
0.19365 -0.01107 -0.08939
0.18494 -0.01350 -0.12496
0.00438 -0.10025 -0.15727
0.26566 0.02195 -0.08583
-0.38721 -0.04556 -0.14649
-0.35981 -0.06015 -0.15175
-0.16993 -0.00187 -0.07320
0.15652 0.00830 -0.15112
0.12870 0.08165 0.05335
-0.11562 0.09498 0.12133
0.12579 0.08697 0.01845
0.19731 -0.10372 -0.15525
-0.28587 -0.11173 -0.14324
-0.25556 -0.03420 0.10983
0.39920 -0.09866 0.14105
-0.31945 -0.08827 0.15994
-0.41089 -0.07000 0.04268
0.42797 -0.02794 0.00317
0.12089 -0.09579 -0.01786
0.15470 -0.09751 -0.01786
-0.30565 -0.06262 -0.10648
-0.30426 -0.06088 -0.09624
0.11958 0.01969 0.09639
-0.35567 -0.03765 0.15387
0.42549 -0.01748 -0.03803
0.42325 -0.01531 0.10141
-0.27012 0.01895 0.14341
-0.40546 -0.04388 0.09523
-0.01420 -0.08091 -0.16097
-0.15319 -0.03474 -0.06704
-0.15522 -0.02225 -0.09138
-0.14922 -0.03749 -0.08145
-0.17970 0.05196 0.13134
-0.18312 0.01929 -0.01289
-0.18878 0.02394 -0.01719
0.33773 -0.07694 -0.15238
-0.20522 -0.13226 0.15785
0.08819 -0.07849 0.01810
0.01350 -0.06530 0.10089
-0.22801 0.01646 -0.07248
-0.23256 0.01949 -0.08346
-0.26767 -0.16189 -0.12243
-0.23215 0.01918 0.07518
-0.22468 0.01431 0.08182
0.28253 -0.11402 0.15395
-0.17391 -0.01969 0.14248
-0.15557 -0.08277 0.12951
-0.15567 -0.08014 0.12366
-0.01383 -0.02649 0.01799
-0.10255 0.11141 -0.11028
-0.07431 0.02184 -0.13998
0.14080 -0.06145 0.00184
0.11908 -0.06149 0.00932
-0.30682 -0.10305 0.12804
0.29468 0.01864 0.07227
0.27068 0.01461 0.14415
-0.40710 -0.00280 0.00513
-0.04795 0.03618 0.08221
0.30005 -0.07620 -0.15454
0.42692 -0.02165 -0.05329
0.21134 -0.07811 -0.16152
-0.30196 -0.05600 -0.16362
0.05095 -0.08438 -0.11120
0.06033 -0.08382 -0.08770
0.02837 -0.08574 -0.10863
-0.41133 0.01654 -0.06795
0.01593 -0.02257 0.10880
0.13280 0.04261 0.08515
-0.04923 0.03217 -0.06663
0.28499 0.01997 -0.09606
-0.41162 -0.07778 -0.02970
-0.41080 -0.06957 -0.04502
0.14181 -0.00989 0.06602
0.17052 -0.04154 -0.08954
0.16811 -0.03887 -0.11268
-0.18829 0.12103 -0.01496
-0.35665 0.02563 0.13320
0.41574 -0.10437 -0.05386
0.22454 -0.09606 -0.15787
0.17040 0.04106 -0.09993
-0.06311 -0.07464 -0.01729
-0.06668 -0.08168 -0.01757
0.01686 0.12320 0.00990
0.03681 0.12217 0.02211
0.08959 0.10980 0.10450
-0.31612 -0.08372 0.04712
0.19915 0.02641 -0.09747
-0.17327 0.00614 -0.13429
-0.20136 0.11569 -0.03447
-0.21812 0.10799 -0.02953
0.42620 -0.02426 0.06748
0.27281 -0.15740 -0.16414
0.13264 0.08100 0.02060
-0.04920 -0.01020 -0.15709
-0.23091 -0.05918 0.12176
0.03941 0.14563 -0.00065
-0.02411 0.01936 0.01671
-0.23797 -0.16612 -0.14232
-0.31655 0.01962 -0.14054
0.40961 -0.05704 0.13864
0.29425 0.01973 -0.01620
0.42793 -0.04051 -0.04549
-0.30398 0.06003 -0.10488
0.40269 -0.00642 0.09140
-0.24513 0.01673 0.08100
-0.28769 0.02066 0.11750
-0.26205 0.01829 0.13137
-0.25005 0.01718 0.11871
-0.23615 0.01590 0.11703
-0.27818 0.01978 0.12610
-0.24387 0.01661 0.11789
-0.16873 -0.11047 -0.13748
0.09154 -0.08609 0.09425
0.08707 -0.08562 0.10539
-0.02193 0.03027 -0.07791
-0.15309 -0.06512 -0.13170
-0.15006 -0.06247 -0.14406
-0.15583 -0.07570 0.06338
0.11126 0.09002 -0.10560
0.43523 -0.07276 -0.01628
-0.21745 -0.05829 -0.15766
0.30728 -0.10907 -0.15707
-0.07190 -0.10843 0.15582
-0.14393 -0.07429 -0.00770
0.00415 -0.05587 -0.01954
-0.15599 -0.07329 0.15945
-0.13171 -0.06172 0.15550
0.11381 0.09287 -0.06773
-0.19524 0.00163 -0.13976
0.14705 0.00619 0.08666
-0.39681 -0.07579 -0.14690
0.20146 -0.07788 -0.15958
-0.31562 -0.04468 0.15763
0.43328 -0.07760 -0.07616
-0.26643 -0.04880 -0.14605
0.18179 -0.10063 0.02310
-0.40858 -0.00844 -0.04374
-0.40872 -0.00292 -0.00866
-0.40867 -0.00512 -0.00002
0.02218 -0.05708 0.02438
0.01925 -0.05986 0.03060
0.35463 -0.08124 -0.14603
-0.30235 -0.12845 -0.14720
0.16473 -0.03516 0.10885
0.16288 -0.03311 0.12927
0.19502 0.01232 0.04458
-0.23891 0.06835 0.12505
-0.15562 -0.08140 -0.15157
-0.15544 -0.08646 -0.13412
0.29587 -0.02650 -0.16305
-0.33577 0.03959 0.13028
-0.40988 -0.05712 0.03868
0.39403 -0.05363 0.14804
0.02329 0.01305 0.14894
0.27448 0.02073 -0.06990
0.32614 0.01409 0.04534
0.35104 -0.03183 0.15634
-0.21209 0.08825 0.12021
0.14506 0.00814 0.07276
-0.18762 -0.11971 -0.15375
0.37863 -0.07847 -0.15289
0.29556 -0.14833 -0.16353
-0.19287 0.11058 -0.10220
0.28578 -0.11761 0.16003
-0.21815 0.07637 -0.12251
-0.27258 0.08322 0.01615
-0.29653 0.07225 0.02064
0.00564 0.08636 -0.12216
-0.00543 0.05654 -0.13001
0.01428 0.06864 -0.12679
0.00783 0.07483 -0.12518
0.31702 0.00459 -0.14503
-0.04703 0.02745 -0.08677
-0.15106 -0.03670 0.05757
-0.14355 -0.03613 0.00793
-0.15404 -0.02286 0.03157
-0.16113 -0.01950 0.06582
0.16670 0.00097 -0.13802
-0.24977 -0.04535 -0.14814
-0.40500 -0.03979 -0.11577
0.14929 -0.01813 -0.09881
0.14040 -0.00833 -0.10526
-0.29260 0.03053 0.13485
-0.31685 -0.08482 0.09318
-0.03728 -0.07456 0.16143
0.20755 -0.05963 -0.16060
0.03819 0.12235 -0.01203
0.42415 -0.01474 0.04105
-0.13793 -0.04478 -0.14143
-0.14546 -0.04220 -0.09003
0.17733 -0.07141 -0.09485
0.17734 -0.06806 -0.10512
0.17724 -0.09303 -0.12892
-0.23098 -0.09334 -0.14966
0.42014 -0.03512 0.13283
0.05602 0.12019 -0.02136
-0.08249 0.11984 -0.07652
0.17339 0.02492 0.06104
0.09968 -0.08297 0.02497
0.10432 -0.07382 0.01851
0.08896 -0.08367 -0.11713
0.10112 0.00116 0.15448
0.07431 0.00023 0.15482
0.08472 0.00686 0.15239
0.24468 -0.07696 0.12732
0.02045 -0.05872 -0.08403
-0.20138 0.02794 0.07099
0.25008 -0.08506 -0.14044
-0.17480 -0.08645 0.11081
0.18831 -0.10063 0.08591
-0.03077 0.10720 0.11664
-0.26606 0.05260 -0.12830
-0.22588 -0.03734 0.11474
0.05318 -0.08201 -0.11713
0.15474 0.04764 0.12738
0.01101 -0.07092 0.02067
-0.24775 -0.00921 -0.15704
0.31945 -0.05711 -0.14222
0.28268 -0.03010 0.16466
0.11847 0.06201 0.13196
-0.27331 -0.12229 0.14659
-0.41115 -0.07708 -0.10222
-0.21890 -0.13590 -0.13625
-0.01928 -0.01960 -0.04514
-0.20605 -0.03291 -0.16161
0.41456 -0.01285 0.12511
-0.14810 -0.02979 -0.01550
-0.14926 -0.02639 -0.01182
-0.15472 -0.01719 -0.01670
0.42962 -0.03987 0.02501
0.02573 -0.06103 0.08562
-0.06073 -0.10944 -0.15546
0.02560 0.09287 -0.11943
0.25523 -0.01210 -0.15618
0.28663 -0.00377 0.15469
-0.06111 -0.05300 0.05189
0.31039 -0.16159 -0.14023
-0.03112 -0.00212 -0.06800
0.07011 0.10680 0.11622
-0.20569 -0.00345 -0.10886
-0.20057 -0.01161 -0.13055
0.39020 -0.08563 -0.14724
-0.41107 -0.08574 -0.07660
0.05171 0.11734 0.08397
0.04166 0.11886 0.08161
0.41324 -0.09720 0.04498
0.14328 -0.00119 -0.15444
0.41430 -0.08598 0.11919
0.01400 -0.03020 -0.07309
-0.33433 -0.06367 0.15663
-0.14409 -0.04563 0.03393
0.34416 -0.06103 -0.09084
0.02382 -0.04299 0.03492
0.28112 -0.15887 0.12732
0.19428 -0.02788 -0.07570
0.19294 -0.04637 -0.08514
0.24645 0.02214 -0.13152
0.31423 0.01436 -0.13733
-0.25843 0.08678 0.05637
-0.27702 0.07846 0.05613
0.10311 0.10600 -0.00647
0.33280 0.01258 -0.03781
0.09153 -0.05747 0.08290
0.08583 -0.05659 0.06921
-0.15568 -0.11142 -0.08159
-0.15727 -0.11142 -0.11915
0.17509 -0.05606 -0.01308
0.39995 -0.01215 -0.13734
0.19440 -0.02286 0.07097
0.19477 -0.03624 0.06083
0.33980 0.01104 0.10081
0.18704 -0.11143 -0.03878
0.17637 0.04470 0.01612
0.35085 0.00754 -0.06424
0.34555 0.00910 -0.05062
-0.06036 -0.05954 0.06622
0.19840 -0.05670 -0.00523
0.19827 -0.04919 -0.01254
0.19686 -0.08398 -0.00527
0.17924 -0.00880 0.13876
-0.11186 -0.05514 0.03362
-0.10922 -0.05508 0.03821
-0.10107 -0.05084 0.01721
-0.12306 -0.05398 0.00195
-0.10402 -0.04964 0.00102
0.01446 -0.08110 -0.01695
0.28787 -0.03118 -0.09925
0.09599 0.09468 0.11940
-0.40906 -0.07211 -0.10564
0.42486 -0.08961 -0.10149
0.09900 0.10198 -0.09487
-0.14549 0.11487 0.10378
-0.31835 0.05795 -0.06852
0.33644 -0.12482 -0.12704
0.18380 0.00434 0.12929
0.35330 -0.07779 0.12656
-0.14709 -0.08137 -0.00298
-0.30384 -0.11876 0.15555
-0.18040 0.01072 0.08565
-0.32924 -0.09942 0.04956
-0.33175 -0.09912 0.09072
-0.33327 -0.09895 -0.08277
0.24226 -0.04236 0.16514
-0.30599 -0.03793 -0.15694
0.08618 0.11240 -0.09559
-0.36831 -0.01858 -0.14821
-0.37307 -0.01458 -0.14681
0.16004 0.02800 0.08297
0.17509 -0.05220 -0.04436
0.16811 -0.04146 -0.04408
0.01124 -0.02000 0.07996
0.19185 0.02295 -0.07187
-0.40668 -0.04348 -0.12871
0.19543 -0.01482 -0.06819
0.19526 -0.02510 -0.06483
-0.29026 -0.04775 0.10828
-0.14499 -0.05646 0.05914
-0.14104 -0.05638 0.02999
0.23878 -0.01314 -0.15621
-0.38167 -0.07327 0.14851
-0.22829 -0.04812 0.12554
-0.17256 0.12202 0.01952
0.25526 -0.07415 -0.12675
0.11205 -0.00623 -0.15647
0.07641 0.00292 -0.15313
0.03048 -0.00372 -0.15555
-0.40767 -0.04638 -0.00541
0.14091 -0.00272 -0.10971
0.17735 -0.07027 0.06555
0.17726 -0.08880 0.08202
-0.21631 0.00871 -0.01993
-0.21533 0.00808 -0.01123
-0.04813 0.09607 -0.12077
0.18293 -0.10063 0.08447
0.31550 -0.15912 0.16011
0.01009 -0.01268 -0.08623
0.04070 -0.05459 -0.11001
0.05042 -0.05478 -0.11206
0.05472 -0.05484 -0.10491
0.26364 -0.16379 -0.15719
-0.04592 -0.10910 0.15870
0.14965 -0.09836 0.15836
0.12195 -0.09173 0.15971
0.17938 -0.10142 -0.15703
-0.27520 0.08135 0.03116
-0.30358 0.06784 0.04191
0.42607 -0.08712 0.11489
0.16250 -0.10820 -0.15461
-0.40737 -0.00321 -0.04745
0.32802 0.01428 -0.01124
0.15255 -0.02172 0.13186
0.14995 -0.01885 0.13717
0.34028 -0.08543 0.16166
0.02015 -0.05900 -0.04664
-0.01186 0.11795 0.08996
0.32755 -0.13821 -0.12648
0.28572 -0.03118 0.11729
0.29101 -0.03118 0.13816
0.39926 -0.00445 -0.01349
-0.18808 -0.06337 0.10396
0.16417 0.04368 -0.11842
-0.32180 -0.07175 0.16039
0.18707 0.02764 0.03912
0.16339 0.02103 0.00225
0.41446 -0.09292 -0.05239
0.10739 -0.06776 -0.03637
0.30483 -0.04940 0.15760
0.22911 -0.13201 0.13368
-0.10208 -0.06654 -0.15460
-0.32812 -0.08457 0.06447
0.10940 0.01185 -0.14970
-0.03116 -0.00162 0.08357
-0.21441 -0.10675 -0.14402
0.14136 -0.00224 0.11420
0.10034 0.03183 0.13779
0.08954 0.03784 0.13622
0.12990 0.04138 0.08918
-0.26700 -0.14080 0.14969
0.38673 -0.00093 -0.10617
0.22675 -0.03998 -0.16001
-0.03873 0.03440 0.13639
-0.02918 0.06028 0.12967
-0.01887 0.04358 0.13407
0.20686 -0.10201 -0.08742
-0.04272 0.01664 0.10718
-0.12338 -0.07487 0.15550
-0.10305 -0.08542 0.15550
-0.25266 -0.14881 0.12000
0.08989 0.11046 -0.09855
0.22115 0.02294 -0.13913
-0.12010 0.11818 0.08696
-0.13579 0.11758 0.08948
-0.14402 0.11941 0.07824
0.18151 0.03505 -0.07911
0.29158 -0.00574 -0.15457
-0.01533 0.11190 -0.11021
0.22735 0.02356 -0.11988
-0.01568 -0.02454 0.05368
-0.21230 0.09511 0.11688
0.14502 -0.01342 0.04255
0.14253 -0.01068 0.01365
0.19034 -0.05252 0.09512
0.18302 -0.05301 0.13283
0.19102 -0.06878 0.08876
-0.31920 -0.05960 -0.15892
-0.07973 -0.08671 0.05500
-0.07558 -0.08673 0.03158
-0.08256 -0.08670 0.03562
-0.20778 -0.11954 -0.15237
0.19505 -0.00423 -0.07315
-0.04540 0.02063 -0.04182
-0.19902 0.01383 -0.14761
0.07259 -0.08408 0.05995
0.09722 -0.08670 0.03825
0.10534 -0.06195 -0.06889
0.40834 -0.00880 0.05167
0.40850 -0.00966 0.06581
0.21972 0.02471 0.08945
-0.19814 -0.11876 -0.15709
-0.15015 -0.03315 0.14956
0.03815 -0.10640 -0.15573
0.27081 0.02145 -0.08833
0.18275 0.03840 -0.03413
0.10292 0.09380 -0.11474
-0.17987 -0.03317 0.04071
-0.16665 -0.04681 0.01658
-0.17061 -0.04272 0.05675
-0.18077 -0.03224 0.03451
-0.40928 -0.07977 -0.11808
-0.10998 0.12275 -0.03590
-0.08810 0.12236 -0.04521
-0.11669 0.12342 -0.02452
-0.21073 -0.12662 0.15383
0.15802 0.01977 0.07396
-0.21253 0.03331 -0.05442
0.31858 0.01630 0.00405
0.26847 0.02195 -0.03013
0.05876 -0.08257 0.11786
0.35321 0.00413 0.14239
-0.03602 -0.09339 -0.01786
-0.01439 -0.09201 -0.01786
0.04572 -0.09538 -0.01786
-0.05470 -0.09089 -0.01786
-0.06624 -0.06474 -0.01786
0.05881 -0.09767 -0.01786
-0.02828 -0.00671 -0.09603
-0.16557 0.00154 -0.11076
-0.16248 0.00150 -0.12558
0.00645 -0.02683 -0.12002
0.30415 -0.03332 0.11084
-0.40367 0.01368 0.12033
0.06332 0.11936 0.01938
-0.03707 0.12377 0.02921
0.18059 -0.10063 0.01211
-0.40892 0.01886 0.02202
0.39687 -0.00449 -0.07988
0.41212 -0.10593 0.06441
0.11281 0.08462 -0.12019
0.42659 -0.07574 0.11931
-0.39109 -0.09746 0.06839
0.42680 -0.08584 0.10752
-0.20222 -0.00897 0.02559
0.11163 0.07492 0.12847
-0.11628 0.12397 -0.00052
-0.05881 0.11275 0.11232
-0.41246 0.00529 0.08677
0.04450 -0.06744 -0.16178
0.03783 -0.07305 -0.16154
-0.23933 0.08924 0.10238
-0.11610 -0.08959 -0.15761
-0.11570 -0.08129 -0.15851
-0.10501 -0.08664 0.01143
-0.11239 -0.08665 0.07127
-0.12208 -0.08668 0.04690
-0.10168 -0.08663 0.05573
-0.13961 -0.08672 0.06242
0.25640 -0.05273 0.13170
0.31157 0.01642 -0.05907
0.27594 -0.14618 0.12828
-0.20841 -0.12065 0.13813
0.19715 -0.05915 0.01910
0.19793 -0.06396 0.00621
-0.40854 -0.01016 0.04949
0.32420 -0.10266 -0.16391
0.34647 0.00886 0.05046
0.34155 0.00997 0.07251
-0.25972 0.04716 -0.13023
-0.22770 0.06379 0.12698
-0.22908 0.05786 0.12886
-0.09625 -0.06315 -0.16037
-0.05340 -0.06156 -0.16125
-0.09694 -0.07044 -0.15966
0.28797 0.01979 -0.04312
0.25192 -0.05489 0.13773
-0.17842 0.07982 -0.12262
-0.18859 0.08535 -0.12020
0.01313 -0.07969 0.10709
-0.00691 0.11138 -0.11113
-0.17856 -0.07864 -0.09146
0.27322 0.00732 0.14972
-0.20744 -0.00065 0.11048
0.03472 0.01399 -0.14707
0.01325 0.09919 0.12076
-0.20508 -0.04675 0.09695
0.19664 -0.01995 0.04754
0.19656 -0.03723 0.03955
0.19717 -0.01503 0.04358
0.08258 -0.08514 -0.06556
0.06928 -0.08372 -0.08288
0.38128 -0.00004 0.04161
0.39095 -0.00310 0.05112
0.41730 -0.07948 0.10487
0.41863 -0.03706 -0.13513
-0.26861 0.00657 0.14974
-0.30120 -0.08064 0.13942
-0.40897 -0.07218 -0.13472
0.17740 -0.05400 -0.13225
0.17738 -0.05781 -0.11163
0.17730 -0.07647 -0.13007
0.25654 0.02163 0.12880
-0.12320 -0.05733 -0.08026
-0.13453 -0.05812 -0.07770
-0.12322 -0.05733 -0.11301
-0.12730 -0.05762 -0.08804
-0.11970 -0.05709 -0.10990
-0.26484 -0.06991 -0.13626
0.18833 0.03267 -0.05192
0.23310 -0.09782 -0.16414
-0.31126 -0.04930 0.15983
-0.24486 -0.05123 -0.12132
-0.11219 0.12188 0.04987
-0.10397 0.12263 0.03933
-0.09526 0.12330 0.03018
-0.09160 0.12204 0.05037
-0.16650 -0.00248 0.04368
-0.16577 -0.00194 0.03712
0.34649 -0.06490 0.11928
0.11334 0.00941 0.07911
-0.40972 -0.05557 -0.03499
-0.21091 0.00487 0.03872
-0.20874 0.00142 0.02320
-0.16095 -0.06271 0.16039
0.42501 -0.07676 -0.06912
0.16566 0.05167 -0.04001
-0.33599 0.05197 0.02112
-0.33824 0.05083 0.01709
0.20975 0.02477 -0.12561
-0.22321 -0.01512 -0.15828
0.37110 0.00351 0.01105
0.39221 -0.08584 0.15786
0.07057 0.10185 -0.11989
0.13957 0.06713 0.09673
0.14094 0.06733 0.08794
0.11206 0.06839 -0.12953
-0.05995 -0.05832 0.13884
-0.05919 -0.06573 0.10324
0.02062 0.12210 -0.04126
0.03173 0.12151 -0.04674
-0.00153 0.12333 -0.02882
0.01194 -0.06678 0.06819
0.01827 -0.06078 0.08571
-0.03532 0.12503 0.00691
0.18124 -0.10063 -0.03914
0.41453 -0.10564 0.03189
-0.18862 -0.12603 0.13773
0.35992 0.00502 0.07485
-0.40820 -0.00087 -0.05633
-0.40832 0.00505 -0.06498
0.01140 -0.08168 0.04071
-0.09646 -0.05530 -0.06395
-0.09261 -0.04960 -0.02184
-0.09701 -0.05082 -0.02398
-0.09836 -0.05319 -0.04189
-0.19572 -0.11123 0.12040
0.31065 -0.15580 -0.12716
0.02861 -0.05437 0.10741
0.03464 -0.05446 0.08776
0.03563 -0.05448 0.07901
-0.08877 -0.05424 -0.06486
-0.08166 -0.05461 -0.06811
-0.40761 -0.00940 0.07579
0.24416 -0.07709 0.16531
0.42056 -0.03132 -0.12875
-0.14805 -0.04660 0.06862
-0.14115 -0.06029 0.10350
-0.39078 -0.03700 -0.14576
-0.26185 -0.09725 -0.14574
-0.18140 0.11037 0.10843
0.10494 -0.07258 -0.08862
0.10707 -0.06840 -0.07473
-0.30939 -0.06777 -0.12784
0.32526 -0.10202 0.16470
0.43106 -0.08962 -0.09701
0.15989 -0.05763 0.16209
0.14287 -0.01105 -0.01926
0.14569 -0.01416 -0.04750
0.13992 -0.00779 -0.00946
-0.19973 0.01755 0.13703
0.09423 0.10393 -0.10728
0.37196 -0.01467 0.14908
0.17951 0.03836 0.07841
0.26958 0.02108 0.12009
-0.29441 -0.05083 -0.10983
0.21874 -0.00048 -0.15329
0.20085 -0.00745 -0.15525
0.37139 -0.09412 -0.10990
0.25670 -0.08300 -0.16001
-0.36018 0.03844 0.04012
-0.25202 0.08772 0.07120
-0.25261 0.08826 0.06564
0.32262 -0.04021 0.11065
0.31844 -0.03860 0.13906
0.02975 -0.05438 -0.10696
0.04595 -0.05463 -0.08148
0.04582 -0.05463 -0.06451
0.08141 0.04531 -0.13359
0.08814 0.05821 -0.13037
-0.18995 -0.02277 0.07257
-0.19814 -0.01433 0.11073
-0.17459 -0.03862 0.07518
-0.19664 -0.01588 0.09649
0.40808 -0.00861 -0.04906
0.40510 -0.00733 -0.04440
-0.21038 0.03330 0.08107
-0.03566 -0.07778 -0.16061
-0.02634 -0.00984 -0.09307
0.18718 0.01588 -0.14455
-0.14650 -0.08193 0.13545
-0.14352 -0.07871 0.11817
0.21148 0.02618 -0.04276
-0.22073 0.01175 -0.10756
-0.21816 0.01004 -0.11399
-0.06937 -0.04763 -0.00755
-0.06736 -0.05166 -0.04256
0.23346 -0.11990 -0.16414
0.42740 -0.04684 -0.02650
-0.00369 -0.04102 0.01843
-0.27653 -0.08193 -0.15697
-0.40513 -0.02508 0.05372
-0.21741 -0.15844 0.12291
-0.40741 -0.04612 -0.10642
-0.15083 -0.07701 0.15550
0.19283 -0.00684 0.15607
-0.32267 -0.10021 -0.15217
-0.27507 -0.09065 -0.14721
0.17999 -0.07247 0.16105
0.41321 -0.08977 -0.14578
-0.12216 -0.08264 -0.15460
-0.41099 -0.06927 -0.02253
0.27518 0.02094 -0.05154
-0.37484 -0.07766 -0.15027
0.08821 -0.09944 0.00617
0.07814 -0.09933 0.01267
0.40888 -0.10192 0.11941
-0.05983 -0.06817 0.13203
-0.06020 -0.06890 0.09357
-0.35821 0.03651 -0.07775
-0.38304 0.02612 -0.07839
-0.01620 -0.02384 -0.08414
-0.35490 -0.08403 0.06652
0.20755 -0.10146 -0.09942
0.43406 -0.08878 -0.02647
-0.37895 0.02996 -0.04394
-0.40218 0.02031 -0.03125
0.16091 -0.03094 0.09101
0.14627 -0.01480 0.09115
-0.34388 -0.10748 0.06351
0.02188 -0.07889 0.06663
0.00970 -0.01649 0.05505
0.02107 -0.03572 0.09359
0.32264 -0.09365 -0.15500
0.32207 -0.08286 0.16479
0.05068 0.11603 -0.09310
0.27492 -0.16017 -0.12676
-0.40628 -0.00919 -0.11237
0.40933 -0.00851 0.08089
0.02658 -0.04885 0.10349
-0.16010 0.12008 0.06736
0.33736 0.01162 -0.09751
0.28827 -0.15083 -0.16359
0.41243 -0.10356 0.09681
0.42550 -0.05628 0.06874
0.01051 -0.01359 -0.04448
0.39829 -0.10166 0.06086
-0.15183 -0.06402 0.06366
0.10336 -0.07117 -0.01786
-0.22088 0.03581 -0.10011
0.21864 -0.07967 -0.11185
0.21770 -0.08138 -0.14542
-0.03378 0.00284 -0.07981
-0.11716 -0.05691 -0.06291
-0.13214 -0.05796 -0.03628
-0.13721 -0.05831 -0.06979
-0.10093 -0.05577 -0.06220
-0.12576 -0.05751 -0.05812
-0.06274 -0.05322 0.05703
-0.08194 -0.04681 0.00129
-0.08859 -0.04709 0.00368
0.33461 -0.14088 -0.13176
-0.40879 0.01180 -0.04198
-0.24389 -0.03400 -0.10214
0.33780 0.01167 0.01679
0.41346 -0.01006 -0.03219
0.42300 -0.01413 -0.05104
-0.20960 0.03173 0.05823
-0.21640 0.03409 0.06175
0.36554 -0.00222 -0.14169
0.14418 -0.04108 0.16159
0.41818 -0.01138 -0.08237
0.41676 -0.01108 -0.09265
-0.00558 -0.09093 -0.15917
-0.16376 -0.11082 0.06952
0.30990 0.01783 -0.00033
0.19191 0.03295 0.02145
-0.40589 -0.00061 -0.07914
0.01939 -0.04890 -0.06588
-0.30089 0.02161 -0.02584
-0.30032 0.02207 -0.01139
-0.30029 0.02119 -0.03593
-0.32271 0.02271 -0.05720
-0.24740 0.01680 -0.00881
-0.27496 0.01933 -0.01623
-0.28534 0.02054 -0.01170
0.24908 0.02340 0.03476
-0.20632 -0.14113 -0.11876
-0.28430 -0.13916 0.11967
-0.03503 0.00484 -0.09138
0.06991 0.08678 0.12367
-0.25939 -0.07771 0.14602
0.14738 0.00892 -0.13222
-0.28899 0.02144 0.05893
-0.25817 0.01822 0.02148
-0.29945 0.02253 0.05214
-0.23364 0.01567 0.06537
-0.25053 0.01743 0.02605
-0.23462 0.01577 0.02378
-0.25566 0.01796 0.05992
-0.21841 0.02596 -0.14046
-0.30079 0.01277 0.14497
-0.30217 0.00263 0.14942
-0.15529 0.07918 -0.12325
0.28731 -0.16751 -0.15739
0.31155 0.01675 0.03907
0.29312 -0.07144 0.16113
0.02198 -0.03644 -0.03270
0.26572 -0.10235 -0.15335
0.43458 -0.08508 -0.03487
0.43483 -0.07436 -0.00960
0.43477 -0.07700 0.00206
-0.41230 -0.00558 0.07100
-0.25551 0.08987 -0.03676
-0.20365 0.06250 0.12801
-0.18578 0.12108 0.01076
0.24008 -0.03969 -0.16172
-0.13898 -0.05843 0.05605
-0.14436 -0.05881 0.04448
-0.13959 -0.05848 0.06330
-0.13417 -0.05810 0.04963
0.23128 0.02359 -0.11071
-0.00000 0.12331 0.02845
0.01029 0.12241 0.04407
-0.13793 0.11388 0.10585
0.07850 -0.06939 -0.00680
0.14822 0.03208 0.09084
-0.00834 0.02532 0.13995
0.34568 0.00997 -0.00505
-0.04585 0.04624 0.13232
0.10151 -0.07935 -0.03714
0.10572 -0.07105 -0.02707
0.14393 -0.09492 0.01857
0.12996 -0.09332 0.01857
0.32277 0.00222 -0.14792
-0.04429 -0.09735 -0.15752
-0.05535 -0.09530 -0.15784
0.00480 -0.00630 -0.05849
0.06607 0.02132 0.14002
-0.00664 -0.03697 -0.02012
0.02285 0.11454 -0.10496
-0.08391 -0.06607 -0.15460
-0.40634 -0.04186 -0.05108
0.40805 -0.10437 -0.01065
-0.02317 -0.01425 0.02239
0.30286 -0.07066 -0.16079
-0.27696 -0.03991 -0.08936
0.00055 0.11978 0.07821
0.04084 0.11589 0.10234
0.03070 0.11753 0.09174
-0.20344 -0.04681 0.16436
-0.13722 -0.05968 0.14588
-0.26057 -0.11797 0.15184
0.04743 -0.07904 0.16200
0.08464 -0.07620 0.16212
0.08408 -0.06901 0.16242
-0.29284 0.07023 -0.06565
-0.28497 0.07389 -0.06451
-0.14607 -0.08008 0.03950
0.18214 -0.08923 0.15921
0.42159 -0.06016 -0.12166
0.34937 0.00913 0.00119
-0.03536 0.02381 -0.13966
0.14514 0.00286 -0.05518
-0.03546 0.02256 -0.01607
-0.39706 0.01644 -0.09407
0.19507 -0.07533 0.03520
0.19324 -0.09372 0.05071
0.19588 -0.08353 0.01811
-0.02231 0.02205 -0.13998
0.00871 -0.00917 -0.15692
-0.01465 -0.02595 -0.07200
0.17722 -0.09735 0.06295
0.17723 -0.09536 0.07733
0.24361 0.02332 0.09453
-0.14515 -0.06084 0.15184
0.18766 0.03106 0.08082
-0.19637 0.04668 -0.13206
0.33791 0.01142 -0.11033
-0.34722 -0.04435 0.15506
-0.37906 -0.08137 0.06248
-0.10524 0.08550 0.12295
-0.09103 0.07845 0.12505
-0.09962 0.07493 0.12569
-0.08155 0.04282 0.13405
0.08823 -0.05694 0.06304
0.08964 -0.05719 0.05091
0.21364 0.00802 0.15143
-0.29370 -0.09537 0.12082
-0.38348 0.02645 0.07143
-0.38158 0.02752 0.06626
-0.35462 0.02893 -0.13144
0.41462 -0.10582 0.00384
0.26449 -0.14564 -0.12675
0.02203 -0.04214 -0.08769
0.22902 0.02413 -0.08194
-0.20093 0.11030 -0.08382
-0.40616 -0.01522 0.10905
-0.41175 0.01759 0.03971
-0.39797 -0.05485 -0.14466
-0.15459 -0.07783 -0.01649
-0.16131 -0.05999 -0.04738
-0.15507 -0.07654 -0.05986
-0.21580 -0.04079 0.11190
-0.04755 0.03705 -0.09200
0.31365 -0.03674 -0.10731
0.33501 0.01157 0.07352
-0.36235 0.03728 0.04486
-0.41174 0.01888 -0.03900
0.32161 0.01496 -0.08690
0.00124 -0.10982 -0.15752
0.06103 -0.09916 0.01782
0.03309 -0.09891 0.01673
-0.06348 -0.09803 0.00824
0.02135 -0.09880 0.01061
-0.04156 -0.09823 -0.00711
-0.05164 -0.09814 0.01140
0.28592 -0.11444 -0.15294
0.23141 -0.13738 -0.13575
0.08728 0.11565 -0.06804
0.24407 -0.10985 -0.15276
0.00373 -0.05476 0.05332
-0.15593 -0.07275 -0.01608
-0.15594 -0.07257 -0.02544
-0.16753 -0.11047 0.12586
0.00478 -0.05755 -0.07072
0.06433 -0.05505 0.11156
0.07194 -0.05520 0.11158
0.05297 -0.05478 0.09859
0.43017 -0.03829 0.03327
0.14891 0.05786 -0.10618
0.22463 0.02518 0.02956
0.11480 -0.05699 0.16266
0.43036 -0.07572 0.13474
-0.40774 -0.00545 -0.07956
0.17991 -0.01732 -0.13788
0.33756 -0.05242 0.11336
0.11364 0.01511 0.10785
0.34347 -0.05999 0.14916
0.14805 0.00730 0.01170
0.41747 -0.10374 0.05011
0.10237 -0.05109 -0.11545
0.16733 0.02568 0.08318
0.11829 0.09415 0.00212
-0.16330 -0.05471 -0.10252
-0.16600 -0.04757 -0.10326
-0.15544 -0.07556 -0.07247
-0.04126 0.12072 0.07324
0.11734 -0.02492 0.15982
0.13051 -0.01445 0.15817
-0.14373 -0.05893 -0.08134
-0.14177 -0.05949 -0.09861
-0.16822 0.11037 -0.11241
-0.15805 -0.00581 0.13288
0.23660 -0.00564 0.15519
0.26560 0.02184 0.05437
-0.40946 -0.08790 0.10184
-0.14337 -0.07857 -0.11748
-0.02764 0.02748 -0.13858
0.27485 0.02036 -0.12330
-0.24639 0.01804 -0.14272
0.35037 0.00862 0.08151
0.07049 0.11339 0.10463
0.10912 0.09989 -0.02612
-0.00023 0.00716 0.04196
0.23348 -0.10774 0.16531
0.15354 0.04152 -0.13418
0.17787 0.04386 -0.00888
-0.40273 -0.08790 0.06987
-0.40495 -0.08790 -0.04363
-0.40464 -0.08790 -0.06885
-0.14381 -0.05841 -0.15296
-0.25347 -0.02670 0.16227
0.29196 0.01889 -0.07590
-0.09885 0.11400 -0.10574
0.17329 0.04513 0.04377
-0.06966 -0.05291 0.05436
-0.08802 -0.05466 0.06942
0.17269 0.03725 0.11353
0.32477 0.01213 -0.13871
0.26668 -0.06112 -0.12614
-0.34651 -0.09634 0.13740
-0.34413 -0.09681 0.12066
-0.33932 -0.09778 0.08082
-0.33808 -0.09802 0.15190
-0.34651 -0.09634 -0.03529
-0.07094 -0.05197 0.10359
-0.07752 -0.05008 0.12219
-0.08226 -0.04804 0.14210
0.38965 -0.07863 -0.14915
0.19216 0.02216 0.06134
0.07486 -0.08432 -0.02867
0.06868 -0.08366 -0.03924
0.40312 -0.03841 0.14272
-0.41298 -0.07061 0.00958
0.00379 0.02680 -0.13893
-0.41205 -0.06073 -0.01875
0.30432 0.01627 0.13358
-0.28420 -0.09255 -0.13098
0.14276 0.06961 -0.05295
0.26189 0.02173 -0.07451
0.18045 0.04303 0.05273
-0.06089 -0.05614 -0.07588
-0.20940 -0.04387 -0.14033
0.14991 0.03081 0.10902
-0.00429 0.00926 0.11177
0.42726 -0.08989 -0.00751
0.34935 -0.03104 -0.15581
0.35865 0.00679 -0.09357
0.02668 -0.08358 -0.16066
0.04883 -0.08568 -0.16023
0.10605 -0.09109 0.01857
0.10262 -0.09912 0.01857
0.00587 0.11103 -0.11183
0.43254 -0.03542 -0.00427
0.42389 -0.08704 -0.12350
0.07891 -0.05559 -0.07732
-0.20540 -0.10727 0.14559
0.22931 0.02429 0.05207
0.26755 -0.03401 0.13846
0.02784 -0.06284 0.02486
0.06607 0.10592 -0.11670
-0.30687 -0.10800 0.14153
-0.23153 0.02637 -0.11034
-0.04386 0.03816 0.04379
-0.24376 -0.11066 -0.15454
0.34097 -0.05677 -0.08892
0.01345 -0.06535 -0.10133
0.32290 -0.01827 -0.15663
-0.06960 0.02550 0.14036
-0.20746 0.05945 -0.12810
0.03013 -0.07061 -0.01737
0.27791 -0.02650 -0.16334
-0.05223 -0.00793 0.15746
-0.06390 0.03065 -0.13773
0.00818 -0.10587 -0.15588
-0.05831 0.01582 -0.14483
0.42068 -0.01256 -0.01056
0.29377 0.01883 0.11105
0.42539 -0.01714 0.03605
-0.14479 -0.07278 0.03078
0.15582 0.02732 0.07124
-0.29602 -0.07113 0.12975
-0.20300 0.10379 0.10911
-0.01068 0.01911 -0.08732
-0.22035 -0.16127 -0.15105
-0.14652 -0.05937 0.14628
0.01153 -0.08522 -0.02712
0.08331 -0.08464 0.11786
-0.41053 -0.08087 0.07547
-0.04818 0.12513 -0.00413
-0.30632 -0.11217 -0.13926
-0.22668 0.03384 -0.08931
-0.19520 0.03153 -0.11675
0.12133 0.08351 -0.09037
0.30153 -0.04810 -0.14869
-0.13481 0.10191 0.11922
0.37287 0.00290 -0.09451
-0.40436 -0.03429 -0.12998
0.19334 0.01248 0.14834
-0.25114 -0.06566 0.13447
-0.21044 0.03548 0.13636
-0.04783 0.02503 -0.02006
-0.40699 -0.05476 0.12815
-0.15581 -0.07458 0.08173
-0.15990 -0.06372 0.08105
-0.16437 -0.05187 0.09582
0.09780 -0.10301 -0.15671
0.01540 -0.10194 -0.15692
0.05237 -0.09471 -0.15840
-0.30149 0.02252 0.13989
0.37634 -0.02536 0.14988
0.15769 -0.09302 -0.15865
0.35343 -0.03886 0.15700
0.04182 -0.08493 -0.05786
0.01974 -0.08626 -0.04738
0.06334 -0.08364 -0.06157
0.00742 -0.03278 0.12213
-0.00519 -0.03897 0.10648
0.16205 -0.03220 -0.06932
0.16118 -0.03124 -0.08659
0.18372 0.03182 -0.09581
0.01432 -0.05159 0.01334
-0.02350 -0.07502 0.01857
-0.05579 -0.08964 0.01857
-0.05103 -0.07113 0.01857
-0.03622 -0.06862 0.01857
-0.01011 -0.06812 0.01857
0.10358 0.10265 -0.05166
0.00864 -0.06779 -0.02212
-0.42080 -0.07033 -0.01143
0.38560 -0.06579 -0.15104
-0.20785 0.00603 0.15279
0.15004 0.01035 -0.04511
0.16362 0.04669 -0.10142
-0.29213 0.03576 -0.13279
0.34244 0.01021 0.03041
-0.21495 0.03249 -0.13670
0.14339 0.00019 -0.04882
-0.20206 -0.00923 0.13443
-0.20031 -0.01202 0.07932
0.19607 -0.02545 0.15894
0.04106 0.01697 -0.14425
-0.21803 0.03636 0.01286
-0.21575 0.03718 0.00871
-0.27305 0.02391 -0.13754
-0.19950 0.03007 -0.08838
-0.01211 -0.02421 -0.01636
0.40800 -0.10435 0.02806
-0.40847 -0.07443 -0.12536
0.01894 -0.02613 0.02216
0.01667 -0.06540 -0.01313
-0.12806 0.10563 0.11770
-0.27844 0.01916 -0.06118
-0.25021 0.01696 -0.06205
-0.28301 0.01951 -0.03612
-0.23913 0.01609 -0.01466
-0.23403 0.01569 -0.01560
-0.31208 0.02178 -0.05487
-0.27055 0.01854 -0.03582
-0.40525 -0.02418 -0.01015
-0.40464 -0.03020 -0.01556
-0.40520 -0.02465 -0.04436
0.15597 -0.10033 -0.00842
0.11277 -0.09972 0.00211
0.21335 -0.03859 0.16057
-0.02173 0.11240 0.10981
0.10484 -0.05657 -0.01850
-0.40438 0.01241 0.12742
0.43591 -0.08002 -0.01082
0.30576 -0.16337 0.15400
0.02223 -0.08611 0.07109
0.05030 -0.08442 0.07985
0.02104 -0.08618 0.08488
0.01735 -0.08641 0.11103
-0.41563 -0.07656 -0.12599
0.15169 -0.02078 -0.01812
0.29854 0.01839 -0.09987
0.24592 -0.08974 -0.12675
-0.40714 -0.03617 -0.02178
0.17739 -0.06470 0.03700
0.17740 -0.06327 0.02913
0.31749 0.01541 -0.10641
0.12671 0.08654 -0.01289
-0.25176 -0.04932 -0.12224
-0.10738 -0.05611 -0.09772
-0.10498 -0.05234 -0.12934
-0.12553 -0.05607 -0.13776
-0.11333 -0.05419 -0.12945
0.43472 -0.08317 -0.00145
-0.24418 0.08310 -0.11381
0.24767 -0.13738 -0.16410
0.43572 -0.08861 -0.04931
0.01110 -0.07332 -0.04359
-0.21092 -0.05626 0.12613
-0.19240 -0.00592 -0.15636
-0.17007 0.00134 -0.15371
-0.17931 0.01084 -0.15028
0.25068 0.02275 0.05946
0.01103 -0.07148 0.07667
-0.22622 -0.03724 -0.09753
0.09021 -0.05528 0.03135
0.33141 -0.06831 -0.14437
-0.11869 -0.04581 0.16170
-0.14682 -0.02428 0.13453
-0.15305 -0.01832 0.11644
-0.16051 -0.01304 0.08898
0.18619 0.02980 -0.08959
0.36990 0.00294 0.04473
-0.01583 0.10996 0.11449
0.13601 0.06900 0.10417
-0.36908 -0.05813 -0.15002
0.33230 0.01205 -0.12356
0.42063 -0.04139 -0.13224
0.10765 -0.06582 0.07017
-0.22640 -0.13056 -0.14403
-0.29308 0.02173 0.07396
-0.26997 0.01909 0.09048
-0.31468 0.02338 0.11064
-0.29429 0.02140 0.10312
-0.26049 0.01815 0.08814
-0.29958 0.02247 0.06892
-0.31156 0.02356 0.07829
0.28641 0.02004 -0.08233
0.20453 0.02760 -0.00586
0.02047 0.00513 0.15303
0.04074 0.00152 0.15435
-0.14636 0.12349 0.00728
-0.12809 0.12377 0.00448
0.01606 -0.08639 0.09545
0.06215 -0.09389 0.01857
0.02074 -0.09214 0.01857
0.01635 -0.07932 0.01857
-0.02725 -0.08770 0.01857
0.02650 -0.09004 0.01857
0.17668 -0.05760 -0.03061
-0.21199 -0.03701 -0.16334
-0.03963 0.03964 -0.07833
-0.01265 -0.02871 0.07655
0.41909 -0.10364 -0.02289
-0.01892 0.03327 -0.09633
-0.05941 -0.09111 0.15936
-0.26532 -0.07037 0.14721
0.01454 -0.03393 -0.11786
0.42941 -0.03529 -0.01108
-0.21478 0.10651 -0.06679
-0.19981 0.08408 0.12126
0.38295 -0.00056 0.12560
-0.06407 0.01039 -0.15032
-0.08699 -0.08106 0.15993
-0.32371 0.04798 0.11714
-0.13049 -0.08669 -0.03058
-0.15259 -0.08675 -0.03612
-0.12954 -0.08669 -0.01378
-0.15132 -0.08674 -0.06318
-0.12270 -0.08668 -0.00321
-0.34744 -0.10417 0.06711
-0.40460 -0.03035 -0.00041
-0.40881 0.01278 -0.01857
-0.35902 0.03544 0.08619
-0.05388 0.02105 0.14099
-0.15320 -0.11142 0.07795
0.18818 -0.09339 -0.10328
0.18931 -0.09853 -0.09689
0.18566 -0.08804 -0.11746
0.19928 0.02843 -0.01047
-0.18760 0.11104 -0.10607
0.25851 0.01027 0.14582
-0.27455 -0.16000 -0.15052
-0.18347 0.01460 -0.14654
0.15184 0.03069 0.07231
-0.40539 0.01666 -0.07704
-0.10549 0.00058 -0.15393
-0.12410 -0.00280 -0.15519
-0.19030 -0.12978 -0.12573
-0.30729 0.02257 -0.08552
-0.30044 0.02230 -0.09041
-0.27941 0.01986 -0.07683
-0.25384 0.01784 -0.07712
-0.31500 0.02233 -0.07002
-0.29020 0.02062 -0.07482
0.22543 -0.09457 0.13106
0.21849 -0.05083 -0.16047
-0.28876 0.07545 0.02689
-0.20249 -0.06241 0.12780
-0.19142 -0.05942 -0.12059
0.19662 0.02865 0.02963
0.11116 -0.09379 -0.01786
0.13307 -0.06764 -0.01786
-0.24221 -0.16685 0.15010
0.01852 -0.04294 -0.11882
0.15353 0.06272 -0.02871
0.00911 -0.06905 0.03001
-0.01094 0.07558 0.12574
0.00964 0.06115 0.12947
0.00755 0.08951 0.12204
-0.00896 0.06284 0.12907
0.00363 0.08086 0.12432
-0.33245 0.04545 -0.10693
0.35736 -0.08401 -0.16065
0.19025 0.02586 -0.12760
-0.38418 0.00258 -0.14137
0.17760 -0.10063 -0.07081
0.04059 -0.04389 0.16221
0.27845 0.00670 -0.14936
0.08371 -0.06593 0.00064
-0.20236 0.03592 0.00017
-0.20260 0.03142 -0.03673
0.01650 0.12021 -0.07351
0.42950 -0.03530 -0.03755
0.26573 -0.00889 0.15613
0.16672 -0.00229 0.15514
-0.28755 0.05064 -0.13056
-0.07753 0.12144 -0.06041
-0.07590 0.12098 -0.06781
-0.17186 0.00290 -0.04181
-0.17975 0.00707 -0.05998
-0.41014 0.00985 0.10115
0.16652 -0.03713 -0.08002
-0.41240 -0.07695 -0.07101
-0.04676 0.02588 0.08977
0.10047 0.02132 0.14166
-0.15567 0.11662 0.09233
-0.16582 0.11445 0.10213
0.05003 -0.02756 0.16022
0.07525 -0.02664 0.16009
0.09198 -0.02459 0.15981
0.08617 -0.01689 0.15872
0.24031 0.02367 0.08082
-0.27991 0.08020 0.00060
-0.02376 0.09433 -0.12130
0.17721 -0.09970 -0.05492
0.00352 0.00049 -0.08323
-0.04255 0.12472 -0.01162
-0.18248 0.11400 -0.09925
0.31489 -0.06816 -0.12614
-0.23617 -0.14228 -0.15235
-0.23159 0.09910 -0.05818
0.03923 -0.05860 -0.01737
-0.03692 0.09427 0.12190
-0.03147 0.07828 -0.12424
-0.01670 0.04752 -0.13234
-0.07075 -0.04885 -0.13320
-0.08271 -0.04724 -0.14906
0.09886 -0.05144 0.11786
-0.41120 -0.06089 -0.06379
0.23846 0.02429 0.00370
-0.16773 -0.04222 -0.16069
-0.12516 -0.04131 -0.16093
0.34341 -0.09078 0.14186
0.41665 -0.07281 -0.12616
-0.10818 0.12038 0.07328
-0.10675 0.11732 0.09282
0.11218 0.00757 0.05178
-0.00753 -0.00628 0.12167
0.04470 0.11238 0.11265
-0.27227 -0.16058 0.13794
-0.31386 0.06402 0.01677
0.41261 -0.07048 0.14486
0.13915 -0.00630 0.06408
0.14474 0.00224 0.04789
-0.41919 -0.07452 0.07390
-0.09864 -0.03578 0.16144
-0.00569 0.01263 -0.04452
0.06512 -0.08175 0.16174
0.07680 -0.08464 0.16115
0.06316 -0.09235 0.15958
-0.16209 -0.05794 0.00980
-0.16583 -0.04801 0.00416
-0.15862 -0.06712 0.00490
0.11549 0.01355 0.14831
-0.32058 0.05164 0.10432
0.10280 0.09688 -0.10926
-0.00762 -0.03563 0.11343
-0.00374 -0.09062 0.15995
-0.36517 -0.11119 0.05191
0.11074 0.07939 -0.12506
-0.20431 -0.00565 -0.05059
-0.02371 0.02848 0.07069
-0.22425 0.01394 -0.05632
-0.22583 0.01487 -0.02856
-0.19387 0.02135 -0.05666
-0.19704 0.03086 -0.02275
-0.19767 -0.01481 -0.00890
-0.19027 -0.02244 -0.04249
-0.18159 -0.03139 0.00016
0.26634 -0.03449 -0.09823
0.21257 -0.01831 0.15776
-0.40209 -0.06668 0.14369
-0.15366 -0.08675 0.12471
-0.14767 -0.08673 0.09787
-0.14990 -0.08674 0.13554
-0.14596 -0.08673 0.07837
0.29706 -0.04892 -0.12864
-0.26783 -0.04967 -0.12465
0.10211 -0.07818 0.08077
0.06741 -0.06589 0.11786
0.06314 -0.07362 0.11786
-0.17737 0.06186 -0.12780
0.32479 -0.00962 -0.15446
0.00156 -0.02930 -0.11930
0.37231 -0.01962 0.14996
0.24026 -0.06445 -0.13843
0.22443 -0.03160 0.15968
0.19328 0.02550 0.13132
-0.41043 -0.07940 -0.07692
0.14935 0.00930 0.02286
0.37335 -0.03676 0.15256
-0.07329 -0.08674 0.13689
-0.07680 -0.08672 0.11730
-0.08005 -0.08671 0.12166
-0.22014 -0.13936 0.12027
0.12667 0.01710 0.14464
0.09343 0.11201 -0.02424
0.09085 0.11312 -0.04324
0.26345 -0.07863 0.15797
-0.22668 0.03384 0.06157
0.32484 -0.10757 0.13825
-0.00413 -0.04043 -0.04155
0.32306 -0.04052 -0.15186
0.32429 -0.04153 -0.13452
0.30938 -0.03395 -0.16361
0.00948 -0.11034 -0.15640
0.40806 -0.07592 0.13812
-0.40712 -0.02254 -0.07029
-0.28546 -0.15194 0.13668
0.01011 0.12064 -0.07101
-0.00400 0.12181 -0.05624
0.01519 0.12091 -0.06641
-0.02418 0.12388 -0.02944
0.14789 0.06809 0.01845
-0.06593 -0.01817 0.15896
-0.06234 -0.02507 0.15993
-0.03940 0.01833 0.14326
0.07544 0.02200 0.14147
-0.21385 0.00812 0.15196
0.01515 0.09266 -0.12161
-0.21262 0.00636 0.06969
-0.21986 0.01117 0.12300
-0.40095 -0.09984 0.04728
0.01095 -0.06906 -0.07227
-0.34197 0.01724 -0.13990
-0.01984 -0.01883 -0.03459
-0.12782 -0.07907 -0.15835
-0.04954 -0.07215 -0.16054
0.32928 -0.02388 0.15754
0.00003 0.00533 0.04703
-0.15697 -0.07152 -0.13647
-0.16110 -0.06055 -0.10787
-0.15261 -0.08307 -0.08412
-0.16361 -0.05390 -0.11813
0.17176 -0.10056 -0.00335
0.11497 -0.09975 0.01838
0.12003 -0.09982 0.01350
0.00770 -0.06528 -0.05872
0.15307 0.01553 0.10590
0.08181 -0.06657 0.11786
0.16641 -0.03701 -0.12988
0.17296 -0.04423 -0.13581
-0.39964 0.02129 0.00551
-0.04128 0.11832 -0.08702
0.07342 0.11763 -0.03537
0.07118 0.11805 -0.03063
-0.20889 0.03724 0.10468
0.16672 0.02198 -0.01351
0.17119 0.02324 -0.02619
-0.40868 0.01034 0.09074
-0.40934 0.00780 -0.11972
0.40758 -0.00753 0.01162
0.18319 0.02801 -0.09879
-0.14937 -0.03461 -0.03922
-0.14650 -0.03864 -0.03400
-0.15350 -0.02515 -0.03478
-0.14439 -0.03689 -0.01488
-0.31586 -0.07970 -0.11946
-0.19867 -0.09403 0.12085
0.39436 -0.00467 -0.12910
0.35579 0.00634 -0.05470
-0.28370 0.03876 -0.13239
-0.27578 0.06017 0.12711
0.34830 0.00921 -0.10923
0.24747 0.00219 -0.15236
0.15957 0.05943 0.00090
-0.13186 0.03429 -0.13549
-0.16445 0.03851 -0.13435
-0.10575 0.05561 -0.12968
-0.10072 0.03595 -0.13504
-0.12900 0.05248 -0.13054
-0.10834 0.03918 -0.13416
-0.15829 0.07405 -0.12467
-0.15046 0.02847 -0.13708
-0.11159 0.03295 -0.13586
-0.13889 0.02773 -0.13728
-0.11618 0.03396 -0.13558
-0.01798 0.00773 -0.11771
0.19070 0.02839 -0.08566
-0.17685 -0.03628 0.01629
-0.18533 -0.02754 0.00524
-0.19834 -0.01412 0.05333
-0.19260 -0.02004 0.02159
0.17735 -0.07429 0.02109
0.06120 0.09796 0.12163
-0.13832 -0.06785 -0.13675
0.25849 -0.12597 -0.15310
-0.14023 -0.05624 -0.02298
0.31267 -0.14259 -0.12648
-0.08949 0.11706 -0.09417
-0.09382 0.11983 -0.07642
-0.09750 0.11816 -0.08700
-0.27842 0.03622 0.13424
-0.18045 -0.07500 0.11336
0.19876 -0.09690 0.15736
0.07227 0.10152 0.12073
-0.21115 0.00525 -0.02647
-0.20619 -0.00264 -0.01293
0.18570 -0.10063 -0.03430
-0.07375 -0.05473 0.07666
-0.08645 -0.05462 0.07785
-0.41884 -0.07553 -0.05033
0.08264 -0.01899 -0.15831
0.07844 -0.02203 -0.15873
0.06810 -0.02676 -0.15940
-0.40171 0.01647 0.08478
-0.31543 0.02398 0.00214
-0.27038 0.01941 0.00173
-0.32700 0.02527 0.03075
-0.30726 0.02330 0.03922
-0.30912 0.02338 0.01135
-0.27250 0.01967 0.01424
-0.20464 0.11609 -0.00739
0.03229 -0.08551 0.05489
0.03343 -0.08544 0.04799
0.04164 -0.08494 0.05376
0.27608 -0.03202 -0.11242
0.16008 0.05437 0.06206
0.14742 0.06559 0.05419
-0.23036 -0.11069 0.14745
-0.25777 -0.15389 -0.11817
0.27231 -0.15668 0.12732
-0.30900 -0.06711 0.09210
0.31589 -0.13165 0.13385
-0.24391 -0.09678 -0.15424
0.09255 0.10208 0.11348
-0.02766 0.04020 0.08684
-0.17500 0.12092 0.03887
-0.15717 0.12064 0.06088
-0.16135 0.12069 0.05599
-0.19789 -0.14269 -0.12916
0.15742 -0.02709 0.02996
0.14353 -0.01177 0.00243
-0.04602 0.04205 -0.13479
0.37607 -0.09305 -0.15588
0.15462 0.06135 0.03479
0.16462 0.05209 0.04563
-0.22998 0.01752 0.01072
-0.23080 0.01811 0.02744
-0.00326 0.02860 -0.13734
0.05464 0.06631 -0.12751
0.05841 0.02752 -0.13795
0.04795 0.04820 -0.13234
0.05336 0.04700 -0.13269
0.03279 0.06857 -0.12679
0.05378 0.03585 -0.13569
0.02922 -0.05441 0.02006
0.19274 -0.07035 -0.07442
0.19297 -0.09018 -0.05981
-0.15975 0.10921 0.11294
0.09367 -0.04725 -0.16169
0.03282 -0.05121 -0.16179
0.22850 0.02376 0.10790
0.17723 -0.09530 0.09961
0.17735 -0.06522 0.13643
-0.01060 0.01350 0.07259
-0.28474 -0.11379 0.15822
-0.04149 0.03648 -0.13460
0.01342 0.01103 -0.15016
0.02951 0.01144 -0.15001
0.14473 0.06233 0.09926
0.05814 -0.06230 0.11786
0.17890 -0.10063 -0.11539
0.31509 -0.13291 -0.16109
-0.27672 -0.13198 -0.13760
0.36237 0.00465 0.05946
-0.40541 -0.07293 -0.13933
-0.31355 -0.03737 -0.15630
-0.31370 -0.01838 -0.15357
0.26993 0.02169 0.07892
0.39112 -0.09972 -0.00542
0.39104 -0.09970 -0.04365
-0.31822 -0.07752 -0.16133
-0.21443 0.00750 0.01717
-0.21686 0.00907 0.02269
-0.02902 0.03762 -0.05504
0.19163 -0.08871 0.15910
0.42400 -0.06889 -0.00086
-0.17557 -0.01805 -0.14047
-0.16824 -0.05934 0.16087
0.33590 -0.13899 0.15706
-0.04171 0.03926 -0.10587
-0.41053 -0.06726 0.09741
-0.25768 -0.09759 0.15406
-0.00914 -0.00533 0.15684
0.17737 -0.07019 -0.02545
0.17738 -0.06578 -0.03511
-0.39836 -0.04550 0.14514
-0.21825 -0.03660 0.16444
0.23336 0.02346 0.07278
0.07326 -0.08415 0.09024
0.07574 -0.08441 0.07217
-0.40606 -0.00277 0.12185
0.30495 0.01725 -0.06830
0.09553 0.11164 -0.00204
-0.12437 -0.08668 -0.04376
-0.10105 -0.08663 -0.03567
-0.10103 -0.08663 -0.01886
-0.10876 -0.08664 -0.05811
-0.11290 -0.08665 -0.02198
-0.40980 0.01980 -0.08894
0.27562 0.02126 0.03085
-0.05540 0.12405 -0.02196
-0.05144 0.12261 -0.04470
0.17501 -0.05425 0.02317
0.03144 -0.08556 -0.08208
0.05691 -0.08403 -0.06644
0.04657 -0.08465 -0.07759
0.03109 -0.08558 -0.07246
0.41528 -0.09195 -0.02437
0.42267 -0.03589 0.08319
0.07616 0.09788 -0.12128
-0.05939 -0.06380 -0.13545
-0.05997 -0.05811 -0.14496
-0.30100 -0.09127 0.12229
-0.19255 0.02309 -0.08652
-0.18946 0.01732 -0.07415
0.38357 -0.08325 0.15044
-0.19496 0.03066 0.01403
-0.19516 0.02205 0.06034
-0.01297 0.11238 0.11142
-0.15005 -0.08513 -0.10054
0.42721 -0.03477 -0.05243
0.26158 -0.08363 0.15409
-0.14086 -0.08672 -0.08731
-0.12483 -0.08668 -0.09091
-0.14665 -0.08673 -0.10662
-0.15248 -0.08675 -0.14453
-0.14654 -0.08673 -0.07562
-0.40698 -0.01514 0.08799
-0.40713 -0.00672 0.09433
-0.24108 -0.14629 -0.15342
0.10583 -0.06608 0.01082
-0.16195 -0.05830 -0.04025
-0.15888 -0.06644 -0.01007
-0.07239 0.11430 -0.10540
-0.04842 0.10075 -0.11925
-0.41173 -0.08551 -0.02264
-0.00318 -0.03843 0.11449
