-0.27402 -0.08127 0.17204
-0.14676 -0.11019 -0.07451
-0.41031 -0.09552 -0.10402
0.05654 0.12890 0.09153
-0.26498 0.07069 0.14194
-0.25478 0.07837 0.14012
0.37962 -0.07958 0.14448
-0.22607 0.02693 -0.03491
-0.27758 -0.02038 0.12934
0.09288 -0.06069 0.17919
0.22289 -0.02008 0.15864
0.37460 -0.10104 0.11716
0.12765 0.07746 -0.14241
0.33300 0.00677 -0.15759
-0.15725 -0.08825 0.17792
-0.06396 0.07028 0.14906
-0.37444 0.04083 -0.07371
-0.36798 0.03748 -0.10053
0.23561 -0.06428 0.15504
0.26005 -0.04424 -0.15197
-0.27286 -0.02021 -0.18206
-0.23734 0.04706 0.08578
-0.07441 -0.01722 0.02035
0.24714 -0.05425 -0.17017
-0.25862 0.03559 -0.08495
-0.17237 -0.07800 -0.04666
-0.15724 -0.07871 -0.03357
-0.20835 -0.07631 -0.10694
-0.20031 -0.07669 -0.10629
-0.19903 -0.07675 -0.06646
-0.20416 -0.07651 -0.13120
-0.22009 -0.07576 -0.06498
-0.16535 -0.07833 -0.07097
-0.16436 -0.07837 -0.04425
-0.20567 -0.07644 -0.06847
-0.20784 -0.07634 -0.06282
0.13126 0.03837 0.09136
0.01821 0.03334 -0.14744
-0.36612 -0.08695 -0.15681
0.03952 0.00380 0.15781
0.39052 -0.00989 -0.11865
-0.18084 -0.03879 -0.05912
-0.16946 -0.03510 -0.02853
-0.09002 0.06823 0.10071
-0.07675 -0.00433 -0.01701
0.02980 0.03190 -0.14652
0.09192 -0.01828 0.16179
0.14199 -0.02526 0.16202
0.13079 -0.08341 0.08227
-0.10228 -0.08470 0.15567
0.03856 -0.08393 0.11957
0.11119 -0.08352 0.07709
0.12370 -0.08345 0.08064
0.12672 -0.08343 0.06779
0.14809 -0.08332 0.09323
0.15413 -0.00754 -0.16346
0.09890 -0.05232 0.00688
0.10330 -0.09455 0.17523
-0.29514 -0.13732 0.15714
-0.40313 -0.09056 -0.05476
0.21501 0.02272 0.16550
-0.23227 -0.03514 0.12110
-0.17305 -0.03940 0.14954
-0.12442 -0.06755 0.14837
0.20308 -0.11986 -0.16839
0.04044 -0.11466 0.05699
0.03133 -0.11451 0.06311
0.10642 -0.11423 0.07248
0.08474 -0.11459 0.05874
-0.06484 -0.11506 0.04356
-0.07152 -0.11481 0.05349
0.01247 -0.11453 0.06281
0.02749 -0.11471 0.05530
0.13115 -0.11474 0.05180
0.19089 -0.06841 -0.18487
0.09945 -0.06930 -0.01947
0.21181 0.04081 0.11561
-0.31310 0.05559 -0.13690
-0.01841 0.01339 0.17646
0.25682 -0.06190 -0.14845
0.12472 -0.10679 -0.16493
-0.41656 -0.00892 -0.05028
-0.00112 -0.05498 -0.17938
-0.42648 -0.04370 0.03551
0.16121 0.04911 0.02916
0.28760 -0.13684 -0.18229
0.22323 -0.03395 -0.11607
-0.35565 -0.09176 -0.11917
0.36114 0.01694 0.09929
0.34240 0.01905 0.12447
-0.33936 0.02190 -0.15381
-0.25219 -0.06176 -0.14923
0.10427 0.02335 0.17120
-0.25303 -0.07489 -0.15615
-0.04585 -0.04945 -0.12608
-0.34390 -0.08074 0.10777
-0.34674 -0.09022 0.10600
-0.18532 -0.10312 -0.07809
0.20209 -0.04866 0.12807
-0.01483 0.00603 0.17931
0.20142 -0.03183 -0.12322
0.08461 -0.06581 0.01614
-0.33692 -0.09029 0.04785
-0.31433 -0.09249 0.05532
-0.27494 -0.09045 0.04839
-0.22407 -0.09720 0.07136
-0.22535 -0.09109 0.05056
-0.08680 0.10378 -0.06182
0.10096 -0.04388 -0.16433
0.30180 -0.00153 -0.16931
-0.30400 0.12509 0.10420
-0.31761 0.12818 0.07494
-0.16772 -0.06804 0.09079
0.21641 -0.04903 0.16532
-0.05532 0.14511 0.04755
-0.05557 0.00383 -0.03906
-0.31038 -0.10304 -0.01896
-0.26880 -0.10306 -0.03205
-0.22850 -0.10306 -0.03247
0.35348 -0.10155 -0.11540
-0.11515 -0.04658 -0.07062
-0.08391 0.02292 -0.11101
0.25338 -0.04937 -0.17218
-0.24641 0.06061 0.13829
-0.27503 0.07897 0.12597
0.18341 -0.09924 -0.00108
0.11606 0.02152 -0.14898
-0.21637 -0.00474 -0.03239
0.19403 -0.10663 0.09817
0.20338 -0.10486 0.09423
0.23586 -0.10589 0.10208
0.18652 -0.09267 0.05520
0.25968 -0.10199 0.09387
0.14625 -0.03204 -0.18123
-0.33281 0.10409 -0.08241
-0.24039 -0.01840 0.14823
-0.23441 -0.02168 0.13651
-0.28795 -0.06463 0.17055
-0.20616 -0.02364 0.00556
-0.04405 -0.08517 0.06970
-0.19910 -0.04138 0.13677
0.02484 -0.04986 0.07603
0.04399 0.12092 0.02127
-0.29314 0.08623 0.13184
-0.21849 0.00337 -0.04647
-0.12552 -0.06723 -0.08985
-0.23349 -0.03273 -0.07475
-0.22421 0.00726 0.08804
-0.23844 -0.04097 0.16395
-0.36851 0.03150 0.12549
0.23813 0.02040 -0.16524
0.24652 -0.09717 -0.04423
-0.23940 -0.02103 0.00774
-0.09719 -0.08069 0.00137
-0.10118 -0.08064 0.00494
-0.06467 -0.08103 0.00268
-0.02028 -0.08038 0.17826
-0.11483 0.14549 0.03593
-0.17583 0.14329 0.03941
-0.10496 0.14572 0.03799
-0.40858 -0.08858 -0.06763
0.11716 -0.01615 0.08519
-0.36328 0.04831 -0.07043
-0.26006 0.01773 -0.17530
-0.05496 -0.10269 0.17302
0.29705 0.00464 0.16759
0.22669 -0.08155 0.15768
-0.19451 0.12276 0.09774
-0.26581 -0.11138 0.15046
-0.27870 0.11570 0.10633
-0.25587 -0.06261 0.16946
-0.17955 0.14448 -0.01024
-0.15842 0.14547 -0.00415
-0.29461 -0.09115 -0.05076
-0.23459 -0.09380 -0.05978
-0.22835 -0.09375 -0.05961
-0.26835 -0.09845 -0.07560
-0.23037 -0.09801 -0.07412
-0.00866 0.01630 -0.17128
-0.18872 -0.06804 -0.02356
-0.07376 0.02081 0.17521
0.09305 0.00642 0.05109
0.06443 0.10786 -0.12392
0.17484 0.05050 -0.06956
-0.01571 -0.05428 0.09582
-0.26137 -0.08737 -0.15425
0.04062 0.11902 -0.08550
-0.24959 0.06684 -0.12182
0.31268 -0.09409 -0.16285
-0.31424 0.03004 0.16337
-0.29644 -0.00583 0.18441
-0.06950 0.08838 0.05134
-0.37669 -0.04877 -0.16334
-0.41566 0.00482 -0.03579
-0.09022 0.13096 0.07465
0.02352 -0.03797 0.12695
0.14941 -0.07180 0.01583
-0.07897 0.10501 0.09560
-0.30388 0.12502 0.08008
-0.29885 -0.10305 0.02520
-0.25894 -0.10305 0.02798
0.12422 0.05581 0.16071
-0.06047 0.14617 0.02872
0.22380 -0.06654 -0.15952
0.16270 -0.10927 0.12989
0.16475 -0.10974 0.15782
-0.16928 -0.06804 0.05846
-0.06117 -0.08118 -0.08446
0.11160 0.11059 -0.01262
-0.21677 0.12328 -0.11776
-0.26450 -0.13884 0.15965
0.16911 0.03888 0.15868
0.06350 -0.03982 -0.16185
-0.35270 -0.04845 0.17472
-0.21945 -0.00735 0.07822
0.03281 0.13440 0.07720
-0.15138 -0.06804 -0.11839
0.13540 -0.03995 0.10820
-0.25039 0.06820 -0.04135
-0.22545 0.02841 -0.17350
0.02688 -0.04564 0.05041
0.37607 -0.09321 0.13963
-0.23386 -0.03078 0.13453
-0.34629 0.10603 0.04322
-0.22953 -0.04517 0.18114
0.40055 -0.06723 0.11346
-0.05302 -0.04979 0.12959
-0.35016 0.09842 0.03394
-0.25110 0.07832 -0.11933
-0.23000 0.04089 0.14321
-0.35259 0.03817 -0.13201
0.08100 0.11795 -0.09120
0.10357 0.11069 -0.05962
-0.30883 0.06586 -0.12599
-0.25205 0.01523 0.12260
0.15435 -0.05453 -0.16111
-0.20476 -0.07758 0.11432
-0.20299 -0.08267 0.13944
-0.18205 -0.05223 0.13828
0.11588 0.09524 -0.12262
0.17197 0.06489 -0.11691
0.18280 0.05517 -0.12914
0.10171 0.00251 -0.00570
-0.08279 0.09582 -0.13511
-0.18327 0.01862 0.17344
-0.06389 0.04882 -0.12890
-0.20010 -0.06804 0.10452
0.17860 0.05046 -0.02779
0.22218 0.04255 -0.02438
-0.02925 -0.09156 -0.17578
-0.21440 -0.05672 0.14417
-0.11153 0.13050 -0.09039
0.15072 0.03705 0.13751
-0.31804 -0.13156 -0.13330
0.12186 0.07589 0.12949
-0.33500 -0.07641 -0.12793
-0.37648 -0.07651 -0.15412
0.24537 -0.09820 0.16206
-0.08908 0.13041 -0.08355
0.03093 0.13692 0.03005
-0.13973 -0.11315 0.06657
-0.22586 -0.02857 0.13480
-0.37518 -0.01568 -0.16178
0.12390 0.02167 0.17204
0.22825 0.03515 -0.11886
-0.35048 0.01631 -0.16556
-0.01421 -0.00983 0.17982
-0.07476 -0.02374 -0.08369
-0.20370 -0.10485 0.12540
-0.22851 0.10118 -0.12995
0.05705 0.11821 -0.04227
-0.41596 -0.04425 -0.10005
-0.41266 -0.03420 -0.10490
-0.18404 0.08151 0.14197
-0.14898 0.07259 0.14623
-0.16421 0.07827 0.14346
-0.39349 -0.08999 0.00435
-0.37098 -0.09003 0.02338
-0.40715 0.01755 0.05881
-0.39183 -0.01882 0.14766
0.07123 0.12286 0.02081
0.03509 -0.04478 -0.01795
0.27630 -0.07407 0.14397
-0.08786 0.07360 -0.07511
-0.05190 -0.02642 -0.16480
-0.07267 0.13198 -0.11651
-0.22657 -0.06404 0.16164
-0.40664 0.02303 0.03751
-0.35426 -0.08891 -0.05263
-0.33217 -0.03588 -0.13722
-0.17228 -0.06836 -0.17895
0.07491 0.03441 -0.16204
-0.41708 0.01387 -0.00300
-0.21043 0.02703 0.14542
-0.08489 0.07200 0.07146
-0.33047 -0.08131 -0.07181
0.23651 -0.13642 0.17200
0.31762 -0.10439 -0.04194
0.02587 0.09423 -0.13712
-0.08405 0.09613 -0.10027
-0.23918 -0.02144 -0.09561
-0.06439 0.02048 -0.17530
-0.28669 -0.03041 -0.15451
-0.08386 0.03694 -0.16587
-0.07505 -0.03117 -0.03882
-0.09439 -0.05283 0.14899
-0.05579 -0.05584 0.14886
-0.12763 -0.03844 0.14958
-0.13752 -0.04571 0.14928
0.15188 -0.06664 -0.15145
0.05295 -0.05702 -0.15180
0.06639 -0.05484 -0.15196
0.39718 0.00738 -0.03211
-0.31280 -0.11862 0.13173
-0.31656 0.02028 -0.16988
0.08243 0.03877 0.02671
0.29029 -0.11613 0.13049
-0.13501 0.13789 0.10222
-0.04620 -0.08118 0.01671
-0.24351 0.07962 -0.00925
0.28812 -0.13726 -0.16628
-0.15252 -0.00212 0.16189
-0.14574 -0.00069 0.16183
0.29425 -0.11911 0.12958
0.37470 -0.10104 -0.10390
0.36624 -0.10134 -0.13764
-0.28709 -0.09831 0.15737
-0.27556 -0.14249 0.12946
-0.23842 0.04940 -0.05263
-0.07583 -0.04390 0.02782
0.40791 -0.05555 0.11272
0.11920 -0.08293 -0.01625
0.28038 -0.05977 0.16145
-0.34755 -0.10081 0.03952
-0.29653 -0.10026 0.03991
0.15274 -0.09740 0.04338
0.31156 -0.03277 -0.15499
-0.33648 -0.03777 0.16979
-0.32351 -0.02713 0.12933
-0.27740 0.08158 -0.13556
-0.19849 -0.09828 -0.04021
0.24695 -0.14525 -0.17068
0.26756 -0.09398 -0.17229
0.09792 0.06165 -0.14972
0.03837 0.06212 0.15023
0.09975 -0.02857 -0.01022
0.23797 0.04148 -0.09071
-0.40375 -0.10167 -0.07347
0.31095 -0.11638 -0.17882
0.18006 -0.07402 0.16442
0.23766 -0.04070 -0.16911
0.05938 -0.04946 -0.15618
0.11119 -0.04746 -0.15452
0.01632 0.02441 0.17313
-0.23317 -0.07141 -0.17027
0.41741 -0.02034 0.03861
0.27216 -0.09703 0.14574
-0.27056 -0.01393 0.17323
0.14236 -0.11235 -0.09023
0.12434 -0.11232 -0.09026
-0.00648 -0.10938 -0.09649
0.19919 -0.03974 0.17506
0.23135 -0.12721 0.16018
0.01372 0.00072 -0.17965
-0.21031 -0.08865 0.13191
-0.31273 0.12986 -0.06614
0.04519 -0.11509 -0.02001
0.10636 -0.11508 -0.00873
0.10699 -0.11509 -0.01604
0.05638 -0.11509 -0.01953
0.12558 -0.11507 -0.00478
0.11979 -0.11510 -0.03251
-0.09928 -0.11506 -0.00277
-0.11166 0.01666 0.14927
-0.21088 0.01293 0.15318
-0.12379 0.01647 0.14961
-0.09031 0.05083 -0.06422
0.33180 0.02105 -0.12764
0.33739 0.02098 -0.11231
0.08051 -0.06959 0.01638
0.04586 -0.07594 0.01631
-0.29309 -0.08212 -0.16964
-0.09059 -0.06776 0.17878
-0.38763 -0.01142 -0.14329
0.25253 -0.02007 0.16243
-0.06782 -0.04236 -0.17989
0.28349 -0.01608 0.11837
-0.01190 0.01930 0.15009
0.05400 0.02764 0.14452
-0.03870 0.01827 0.15109
-0.22332 -0.08952 0.16353
-0.27548 0.12243 0.02397
0.00634 0.05454 -0.15381
0.03503 0.12308 0.06149
0.15982 -0.00865 0.15877
0.22365 -0.07053 -0.11102
0.28047 -0.01944 0.17798
0.14662 -0.10859 0.15746
0.09664 -0.10849 0.13138
0.10239 -0.10851 0.13665
0.06235 -0.10849 0.13971
0.04494 -0.10852 0.15318
-0.02091 -0.03324 0.15598
0.21413 -0.01944 -0.11983
0.21399 -0.01845 -0.13718
-0.05549 0.12757 0.09826
-0.04110 0.14306 -0.08718
0.02134 0.10909 0.12943
-0.39217 -0.09061 0.07626
0.03960 -0.08562 0.09108
0.42091 -0.05548 0.06154
-0.27429 -0.12055 0.16258
0.39754 -0.09965 -0.09393
-0.41744 -0.00448 -0.00489
0.10039 -0.00827 -0.00072
-0.29579 -0.07306 -0.14571
0.35307 -0.09499 0.14963
0.16286 -0.09019 -0.17464
0.03067 -0.07173 -0.01836
-0.34060 0.09933 0.06673
0.22544 0.04906 -0.09693
0.32886 -0.08722 0.13969
-0.29505 -0.08829 -0.14571
-0.23931 0.05785 -0.03174
0.13952 -0.02268 -0.17955
0.32937 -0.09985 0.05853
0.33620 -0.10214 0.09616
-0.40683 0.00529 0.07426
0.26831 -0.03757 0.14393
-0.20964 -0.07771 -0.16345
0.23388 -0.11810 0.16183
-0.29528 -0.00903 -0.18143
-0.34166 -0.09133 -0.13982
0.19070 0.04898 -0.08748
-0.03266 -0.01108 -0.14136
0.25598 0.03896 -0.14582
-0.18484 -0.05087 0.17941
0.14697 -0.10579 0.05892
0.11179 -0.09983 0.17275
-0.36595 0.02479 0.12354
0.42406 -0.07506 -0.02242
0.37626 -0.09929 -0.05569
0.09637 0.03271 0.08500
-0.30868 -0.03222 0.18432
0.25171 -0.10340 -0.16236
-0.02202 -0.08549 0.05231
-0.21721 -0.07283 -0.16820
-0.29336 -0.01636 0.13639
-0.30416 0.12971 0.06655
-0.28105 -0.05177 0.11417
-0.27999 -0.14790 0.15687
0.02400 0.13550 -0.08834
0.16513 0.04548 -0.15686
-0.13780 -0.05172 0.17944
-0.23221 -0.10301 -0.00495
-0.31384 -0.10301 -0.00022
-0.28471 -0.10302 -0.00884
-0.23911 -0.10302 -0.00868
0.23702 0.03991 -0.02519
0.31826 -0.06906 0.16214
0.30055 -0.05111 0.16847
-0.07667 0.13679 -0.10658
-0.23760 0.04775 -0.14670
-0.23150 -0.05595 -0.15196
-0.30173 0.12041 0.01855
0.05227 -0.04756 -0.11691
-0.06615 0.03965 0.03720
-0.18795 -0.04052 -0.06032
-0.32116 0.10917 -0.09946
-0.16259 -0.07864 0.07996
-0.13401 -0.08279 0.13416
-0.14313 -0.08065 0.08937
-0.15293 -0.08180 0.15741
-0.16122 -0.08026 0.13039
-0.14590 -0.07930 0.05212
-0.12437 -0.08142 0.05917
-0.15405 -0.08077 0.12603
-0.21362 -0.07646 0.15914
-0.15539 -0.07893 0.06826
-0.33077 0.00543 0.17449
0.12489 0.01906 -0.10415
0.19931 -0.04376 -0.17025
-0.21997 0.01406 0.01614
0.09377 0.05603 0.15182
0.27537 -0.09246 0.14927
-0.10510 0.13673 0.10801
0.24828 -0.04029 -0.14701
-0.00013 -0.11008 0.09496
0.11504 -0.11125 0.09259
0.12219 0.08831 0.13170
0.21275 -0.04385 0.13024
-0.23990 0.11696 0.11197
-0.25615 -0.02523 0.14681
-0.07871 0.10213 0.08734
-0.33035 -0.10683 0.18060
-0.34872 -0.08250 -0.12248
-0.30129 -0.09701 0.09827
-0.26164 -0.10059 0.08614
-0.28203 -0.09857 0.08795
-0.30927 -0.09636 0.10252
-0.30380 -0.09630 0.08719
-0.31556 -0.09430 0.06789
-0.34225 -0.08274 -0.15860
-0.24956 -0.04507 -0.11595
0.32211 -0.07792 -0.14999
-0.31390 -0.05825 -0.15192
0.33723 -0.07897 -0.15974
0.01127 -0.08557 0.11729
0.26251 -0.14541 -0.17855
-0.33913 0.12823 -0.00387
0.41761 -0.04542 0.09074
-0.25152 -0.14191 -0.17124
-0.19262 -0.03786 0.01671
-0.04190 0.01051 -0.02276
0.08179 0.00472 0.17776
-0.07561 0.01612 0.15500
-0.37751 0.04677 -0.02122
-0.22084 0.03919 -0.16467
0.15602 0.03824 -0.15961
-0.09920 0.14748 -0.00342
0.09052 0.09517 0.13764
0.22966 0.04251 -0.07123
0.23585 -0.03757 -0.14911
0.37832 -0.00927 -0.13508
-0.25096 0.01185 0.03441
-0.24269 -0.06818 0.15968
0.38278 0.00085 -0.11051
-0.13885 -0.10840 -0.12586
-0.14546 -0.10831 -0.13764
0.28892 0.04157 0.01524
0.28197 0.04278 0.01988
-0.08799 0.03945 0.11866
0.31678 -0.05795 0.15957
-0.00618 -0.08558 -0.04394
0.00794 -0.08561 -0.05595
-0.22689 0.02946 -0.11915
0.11998 0.00582 0.08913
0.06323 -0.00817 0.06259
-0.11579 -0.02240 0.15483
0.06961 -0.07141 -0.17869
-0.17841 -0.04186 0.15099
-0.13943 -0.06804 -0.09028
-0.35926 0.07324 0.02457
-0.30111 -0.09127 0.15582
-0.25200 -0.14314 0.15543
-0.33209 -0.05945 -0.15628
-0.31383 -0.02663 -0.18227
-0.35628 0.03048 0.15123
-0.14320 -0.05369 0.14171
-0.05003 -0.11506 -0.03886
-0.06216 -0.11507 -0.01414
-0.01803 -0.11507 -0.03915
-0.11145 -0.11506 -0.01860
0.01552 -0.11508 -0.03949
-0.11184 -0.11505 -0.02725
-0.08576 -0.11507 -0.01291
-0.07141 -0.11507 -0.01593
-0.14335 -0.03132 -0.02165
0.35079 0.02116 0.09054
0.35761 0.02277 0.05636
0.36967 0.01623 0.08620
-0.21991 -0.06450 0.15918
-0.38953 -0.03600 0.15534
0.20070 -0.11762 -0.15803
0.20776 -0.02312 -0.13970
0.20077 -0.02822 -0.16937
0.40827 -0.00922 -0.00247
-0.14380 -0.03355 -0.03340
0.12432 0.09027 0.12314
0.16325 0.07183 0.11013
0.15711 0.07165 0.12285
0.13128 0.08700 0.12074
0.17329 0.06968 -0.09592
0.13046 0.09150 -0.10333
0.26014 -0.09599 -0.17204
-0.05122 -0.02807 -0.14026
-0.07063 -0.01993 -0.14104
-0.13700 0.02754 0.14394
-0.15587 0.02770 0.14415
-0.02634 -0.01159 0.01155
0.16002 0.04426 -0.12018
0.10697 -0.05656 0.14955
-0.12765 -0.10757 -0.16479
0.23323 -0.03371 -0.14420
0.04254 0.11637 0.12703
0.11485 -0.02394 0.02811
-0.24015 -0.00213 0.17934
0.11495 0.05865 0.17669
0.19867 0.05822 0.07634
0.18632 0.06659 0.06099
0.17426 0.06978 0.09145
0.12073 -0.10509 -0.16933
0.02512 -0.04540 0.10246
-0.09053 0.04938 0.04441
-0.22169 0.03925 0.14091
0.24851 -0.14596 0.16163
-0.22854 0.03499 -0.03143
0.06021 0.13116 -0.02055
0.13493 0.04191 0.05649
-0.18119 -0.03986 -0.10505
-0.08412 0.07000 0.08132
0.11578 -0.04153 0.01728
-0.01277 0.01923 0.17077
-0.02187 0.05945 0.15159
-0.05094 0.07509 0.14500
-0.31493 -0.09665 -0.16126
0.33536 -0.10248 0.10510
-0.25978 -0.09022 0.16382
-0.31884 -0.02972 0.16468
0.15580 0.02112 -0.14757
-0.09295 0.06158 0.09427
0.11572 -0.03966 -0.18208
-0.07902 -0.00079 0.17941
-0.11686 0.00194 0.17898
0.22186 0.05124 0.01612
0.14276 -0.11376 0.05841
-0.20778 -0.03011 0.13667
0.24172 -0.10020 -0.10687
0.29186 -0.09713 -0.10716
0.31616 -0.07059 -0.11076
0.31112 -0.10267 -0.10634
0.26038 -0.05941 0.15700
0.29889 -0.11724 0.18046
0.21159 -0.13220 0.17717
0.31906 0.03478 0.02378
0.31108 0.03687 0.01931
-0.13633 0.04136 -0.15269
0.22179 -0.08447 -0.16750
-0.37312 -0.09034 -0.06553
-0.38065 -0.09009 -0.04812
-0.18650 -0.06804 0.08463
0.25380 -0.12089 0.14574
-0.08907 0.04346 -0.10379
-0.27360 0.04587 -0.11352
-0.10189 -0.06480 -0.01179
0.05070 -0.05796 0.07349
0.20080 -0.03948 -0.13811
0.13574 0.06757 -0.13641
0.37579 0.00769 0.10548
-0.33554 0.02306 -0.16081
-0.22148 -0.05853 0.04920
-0.29144 0.13331 -0.05263
0.31499 -0.10224 0.17405
0.15787 -0.07820 -0.08909
-0.26080 -0.07297 0.14694
-0.33522 -0.11430 0.14126
0.26564 -0.01445 -0.18500
-0.06521 0.02852 0.07025
0.15427 -0.10891 0.16224
-0.20556 -0.03797 0.10539
-0.17377 -0.03395 -0.01202
0.14751 -0.01065 0.17895
0.12908 -0.08885 0.16225
0.04070 -0.08707 0.16326
-0.36366 0.05517 0.04570
0.13386 0.07971 -0.13597
-0.23970 -0.02042 -0.07259
-0.30192 0.06692 -0.13814
-0.13279 -0.08437 -0.17789
0.06266 -0.05072 -0.00702
-0.00828 -0.08095 0.00455
0.06841 -0.08203 0.01061
-0.38316 0.04393 0.00032
-0.20264 -0.10193 -0.08729
-0.19718 0.03530 0.16875
0.14015 0.01696 0.14418
0.04194 -0.08060 -0.03476
0.10978 0.03020 0.14483
-0.04592 0.12510 -0.12097
-0.03111 0.12432 -0.12151
-0.13434 0.00728 -0.17874
-0.31518 -0.06702 0.15046
0.12121 -0.02310 -0.11497
-0.04938 -0.10844 -0.12925
-0.09044 -0.10843 -0.14951
-0.12235 -0.10843 -0.15658
-0.08081 -0.10843 -0.13617
0.01793 -0.10844 -0.11146
-0.11801 -0.10843 -0.10096
-0.02404 -0.10844 -0.13466
-0.03724 -0.10844 -0.11425
-0.11962 -0.10843 -0.11245
-0.01591 -0.10844 -0.11254
-0.01588 -0.10844 -0.09879
-0.24217 0.12024 0.11809
0.25117 -0.02918 0.15056
0.37849 0.01997 -0.01627
0.38024 0.01906 -0.02328
0.11993 -0.01249 -0.13727
0.07246 -0.08801 0.16942
-0.00625 -0.08624 0.16668
0.09464 -0.07373 -0.01927
0.07220 -0.08078 -0.01943
-0.34357 0.08132 -0.07210
-0.26165 0.05608 0.05857
-0.30467 -0.08577 0.16930
0.07212 -0.04034 0.16222
0.35560 -0.10096 -0.08040
-0.27826 -0.05130 0.14694
0.40600 -0.07070 -0.10232
0.21413 -0.03961 -0.13249
0.39841 -0.10001 0.10625
0.36201 -0.10047 0.07165
-0.28041 -0.01307 -0.17124
-0.35120 -0.08473 -0.14973
-0.15606 -0.04809 -0.15157
-0.09878 -0.06493 -0.15088
-0.13983 -0.06011 -0.15107
-0.23481 -0.02973 -0.11803
-0.13248 -0.03647 0.09082
0.38407 0.01894 0.00722
0.28903 -0.02192 -0.13695
-0.01305 0.14070 -0.09518
-0.33855 0.05132 -0.04921
-0.34658 0.05196 -0.01494
-0.33409 0.05131 -0.02661
-0.35816 0.05246 -0.01530
0.29358 -0.04589 -0.14993
-0.34513 -0.04554 0.18076
0.25378 -0.13327 0.16468
0.10600 -0.02144 -0.17960
0.06570 -0.01412 -0.17980
0.36334 0.02294 0.03197
0.32971 0.03125 0.04014
0.30949 -0.08782 -0.18584
-0.06739 -0.05787 0.01671
0.42223 -0.07359 -0.00372
0.15288 -0.06726 -0.05773
-0.07952 0.00637 0.13596
0.41302 -0.03407 0.09690
-0.21422 -0.04331 -0.13237
-0.25494 0.02415 0.01165
-0.19974 0.00796 -0.16317
-0.22686 -0.04526 0.04366
0.25483 -0.14578 -0.15348
-0.06992 0.08900 -0.14036
-0.21475 -0.10396 0.17892
-0.11861 -0.10551 0.16927
-0.07069 -0.05176 -0.17948
-0.12668 -0.03639 0.09557
0.30416 -0.02574 0.14720
0.15369 0.05242 0.15339
0.00551 0.12225 -0.11195
-0.05232 0.03246 0.13377
-0.23669 -0.06453 0.15360
-0.39572 0.03237 -0.04987
-0.22618 0.01332 0.10154
-0.40302 0.00659 -0.08736
-0.02566 -0.08549 -0.08224
-0.09020 0.04796 -0.03556
-0.27325 0.09961 0.12797
0.05137 0.12214 0.11220
-0.24535 -0.00554 -0.03519
0.28472 -0.08379 -0.17131
0.03803 -0.02939 -0.15931
-0.34825 0.04334 -0.12063
0.41970 -0.09056 0.06762
0.37412 -0.01864 -0.15039
0.39503 -0.00937 -0.06703
-0.09737 0.12724 0.09970
0.13614 0.09726 0.02473
0.17105 0.07980 0.00089
0.39616 -0.00720 0.09167
-0.29942 -0.02585 0.15574
0.08422 0.08694 -0.14013
0.14530 -0.05828 0.17932
-0.22800 -0.06989 0.16075
-0.26606 -0.14044 -0.18287
-0.11515 -0.04453 -0.13664
-0.16119 -0.10726 0.02473
-0.16576 -0.04367 0.14012
0.04645 0.04477 0.15685
-0.26645 -0.11084 0.16074
0.30703 -0.07254 0.17207
0.14045 0.03787 -0.04869
0.03445 -0.06408 0.01386
-0.09908 0.09002 -0.13751
-0.13762 0.08989 -0.13761
-0.11386 0.08724 -0.13890
-0.36176 -0.09106 -0.09808
-0.32617 0.03239 0.16214
-0.34063 -0.05988 0.14848
-0.26189 -0.07126 0.16876
-0.03511 -0.03003 -0.01945
0.10443 0.01311 0.00955
0.11620 -0.03353 -0.16473
-0.20833 -0.06804 -0.04872
0.24863 -0.09646 -0.17233
-0.22323 -0.04156 0.16874
-0.27519 0.04897 -0.15187
0.15610 0.04150 0.15682
0.31425 0.03625 -0.01403
0.30766 0.03795 -0.01130
0.31435 0.03592 -0.02425
-0.05020 -0.03187 -0.07600
0.07474 -0.04805 -0.16349
0.11107 -0.05128 -0.17962
0.15755 -0.07678 0.06556
-0.27197 0.02593 0.16924
-0.26093 0.02417 0.17057
-0.22035 -0.00460 -0.09847
0.09221 0.06070 0.10145
0.09820 0.07342 0.14536
0.03722 0.13019 -0.05686
-0.04739 0.01192 -0.03045
0.26722 0.04538 -0.02940
-0.29897 -0.01627 -0.17200
0.04111 0.13594 -0.01462
-0.23157 0.04401 0.11697
-0.32548 -0.04638 -0.15853
0.16070 -0.06692 -0.16006
0.20401 -0.05720 0.11291
0.34454 -0.10823 0.02589
0.32986 -0.10736 0.02934
0.29200 -0.10514 0.01137
0.30531 -0.10592 0.01635
-0.19650 0.00803 0.16005
-0.37842 -0.08906 -0.10005
-0.08141 0.01331 -0.07140
-0.24196 0.05678 -0.09507
-0.06965 -0.05554 0.07631
-0.35951 0.02423 0.15692
0.09335 0.02416 0.14257
0.26423 -0.07736 -0.15352
-0.24922 -0.05776 -0.16573
-0.25513 0.06516 -0.14605
0.16124 -0.07531 -0.11237
0.35905 0.01143 0.13968
0.12155 0.02093 0.07441
-0.39217 0.02737 -0.07622
-0.02267 -0.10576 -0.16867
-0.34334 -0.02012 -0.17439
0.06833 -0.05427 -0.17946
0.03433 -0.06068 -0.17915
-0.09495 0.02715 0.17357
-0.04659 -0.08440 0.14401
-0.26757 -0.04344 0.15087
-0.18711 -0.04044 0.09278
0.26805 -0.11055 -0.17176
-0.15348 -0.11252 0.09061
0.27265 -0.00640 -0.16729
-0.01295 -0.08557 -0.11609
-0.36946 0.01296 -0.15794
-0.09159 0.07233 0.04833
-0.22089 -0.00295 -0.07941
0.38909 -0.04155 -0.14375
0.00433 -0.03835 0.13859
0.15143 0.04129 0.11563
0.19950 -0.07830 -0.16476
-0.23518 -0.02690 -0.15860
-0.38138 0.01370 -0.13051
0.32116 -0.02551 -0.17005
-0.15472 0.01045 0.17864
-0.33484 -0.04792 -0.15214
0.13804 0.04109 0.15870
0.38167 -0.10451 0.03628
0.37351 -0.10569 0.03673
0.29103 -0.02474 0.17506
0.10562 -0.00583 0.05045
-0.05532 -0.00219 -0.04444
0.16345 0.03533 0.16056
0.05573 -0.04256 0.00067
-0.37421 -0.10041 -0.07346
0.24807 -0.14546 0.16942
-0.09502 0.07137 -0.07627
-0.09025 0.14412 -0.08834
0.07376 0.01998 0.08480
-0.06551 -0.03195 -0.01426
-0.22826 -0.03260 -0.15214
-0.19460 -0.09595 0.06667
-0.40486 -0.06200 -0.11283
0.13841 -0.07800 0.01635
0.01892 -0.09927 -0.17285
0.00438 0.14039 -0.05181
-0.05257 -0.03209 0.18069
-0.17367 0.13461 -0.10691
-0.22829 -0.03420 -0.17805
-0.23143 -0.03681 0.07683
-0.27102 0.12191 0.04424
-0.41593 -0.00201 0.02417
0.09812 0.03133 0.07269
-0.02081 -0.08061 -0.17825
0.04941 -0.06409 0.01885
-0.00700 -0.07547 -0.17848
0.05555 -0.08785 -0.17631
0.11368 0.00340 0.06393
0.21116 0.03821 0.12187
-0.33490 -0.04839 -0.16565
-0.07741 0.05533 -0.05341
-0.08266 0.13280 -0.02948
-0.19994 -0.10773 -0.15114
-0.25920 -0.06642 -0.14923
-0.25229 -0.12407 -0.16374
-0.32714 -0.08554 0.13259
0.13498 -0.04240 0.04521
-0.25275 0.03710 0.12382
-0.22830 0.02620 0.12631
-0.03752 -0.05954 0.01671
-0.39439 -0.09108 0.09569
-0.00465 -0.04825 0.13654
-0.36123 -0.11986 -0.09161
-0.04829 -0.04847 0.03313
-0.31613 0.06700 -0.12641
0.13514 0.01560 -0.14460
-0.11578 -0.03994 0.12877
0.17150 0.07585 -0.05010
0.11970 0.10401 -0.05050
0.15757 0.08150 -0.06696
-0.23083 0.01860 0.17625
-0.32577 -0.06204 -0.16025
-0.21503 0.08149 0.14107
-0.21164 0.09086 0.13652
-0.31000 -0.09978 -0.04025
-0.33968 -0.09494 -0.04368
0.02427 -0.03461 0.15576
-0.15702 -0.10841 -0.03005
-0.09257 0.14573 0.04748
0.27777 -0.03073 0.17654
-0.39179 -0.09067 -0.11531
-0.25921 0.07930 -0.00825
-0.24659 0.06518 0.08855
0.34086 -0.10078 0.15051
-0.00852 -0.09300 0.17522
-0.19097 0.12333 -0.11944
-0.27557 -0.01264 -0.13330
0.25632 -0.05547 -0.15197
-0.28420 -0.06445 -0.14923
0.27544 -0.03389 0.16365
0.13670 0.04210 0.09131
-0.20260 0.14382 0.00213
-0.33084 0.08928 0.09594
-0.28956 -0.06481 -0.15624
0.20951 -0.02257 0.12469
0.20045 -0.02737 0.18199
0.23898 -0.00474 -0.18410
-0.07614 -0.00669 0.12010
0.21260 -0.09347 0.16361
0.32490 -0.06222 -0.12748
0.32475 -0.06382 -0.11850
0.31493 -0.05306 0.13114
0.25069 -0.02867 0.16183
-0.29789 -0.03451 -0.16702
0.07380 0.12784 0.00594
0.24058 -0.11266 0.14927
-0.28406 0.12037 -0.05779
-0.22165 -0.05810 -0.02381
0.40557 -0.08528 -0.12071
-0.09185 0.05702 -0.08441
0.12931 0.02530 -0.09840
-0.30928 0.13309 -0.02681
0.00759 -0.03861 -0.02596
0.04830 0.13179 -0.07990
0.09732 0.11711 -0.01059
0.01648 -0.08557 0.02962
-0.20536 -0.03582 0.11769
0.22245 0.03548 -0.15524
-0.07441 -0.01717 0.03962
0.14452 0.03676 0.12503
-0.19139 0.14336 0.02637
-0.16215 0.14457 0.02123
-0.15376 0.14517 0.01421
0.03627 -0.02023 -0.16446
0.04308 -0.02158 -0.16449
-0.22575 -0.08199 -0.14988
-0.35536 -0.05998 -0.17490
-0.41660 -0.03858 0.05109
0.18279 -0.07285 -0.13357
-0.36498 0.05476 -0.02545
-0.23936 -0.09183 0.10763
-0.27711 -0.09478 0.10642
-0.26158 -0.09321 0.10698
-0.10435 -0.01492 0.15555
-0.17484 0.12258 0.10772
0.02288 0.01523 -0.15396
-0.24170 0.05733 -0.08691
0.35528 0.00904 -0.14174
-0.05913 0.01750 0.11266
-0.38897 0.02599 0.08911
-0.39991 0.02464 0.06199
-0.22978 0.14059 -0.02117
-0.30101 0.08257 -0.13229
-0.34194 -0.07481 -0.15776
-0.30748 -0.02903 -0.16403
0.13329 0.04461 0.00338
-0.01077 0.06153 -0.15087
-0.01630 0.06566 -0.14906
-0.20546 0.10172 -0.13067
-0.36629 -0.09554 -0.07356
0.25169 -0.01243 0.16942
-0.20708 -0.06804 -0.12813
0.03294 -0.05545 0.13520
-0.07613 0.05119 -0.07624
-0.20680 0.12854 0.11284
-0.09130 0.05327 0.10338
-0.04516 -0.03706 0.03751
0.15901 -0.07953 -0.12717
-0.08272 0.06591 -0.11559
-0.06658 0.03183 -0.09139
-0.13549 -0.03257 -0.05221
-0.03649 0.12614 0.12048
-0.01902 0.09889 0.13546
-0.33035 0.05471 -0.11281
0.40629 -0.09935 0.09141
-0.20201 -0.04189 -0.09174
0.24352 -0.00545 -0.16881
0.06706 0.13095 0.00009
-0.05064 0.01229 -0.11951
0.18953 -0.08187 -0.15488
0.26872 -0.09765 -0.08151
0.30674 -0.09876 -0.06047
0.27551 -0.09809 -0.08152
0.31112 -0.09936 -0.06560
0.25780 -0.09516 -0.05323
-0.03216 0.12657 0.10429
-0.32930 0.05037 0.12613
0.08091 0.02244 0.02606
-0.03307 -0.02366 0.18002
-0.07321 -0.05883 -0.13253
-0.27491 -0.12765 0.16374
-0.35585 -0.09141 0.14658
0.15722 -0.08285 0.13512
-0.10232 -0.00032 -0.15476
-0.30791 -0.06942 0.16388
-0.03570 0.14406 0.05276
0.27121 -0.14362 0.14729
-0.27591 -0.01231 -0.14935
0.26494 -0.02266 0.11752
0.21445 -0.03574 0.11585
-0.26175 0.05460 -0.07390
-0.00331 -0.06195 -0.13596
0.21583 0.04391 0.05656
0.21282 0.04521 0.05228
0.29130 -0.04723 0.14064
0.04936 -0.04333 -0.02904
-0.11515 -0.04797 -0.01835
0.41874 -0.07539 0.07297
0.00680 -0.06083 0.13541
0.27750 -0.06782 0.16678
-0.04662 -0.08476 -0.01901
0.28242 -0.07438 -0.15779
-0.29214 -0.07249 -0.16984
0.09176 -0.08309 -0.03275
-0.02667 -0.08170 -0.02623
-0.11370 -0.08189 -0.06270
-0.03458 -0.08413 -0.11090
-0.09839 -0.08092 -0.02454
-0.08223 -0.08168 -0.04486
-0.00242 -0.08355 -0.08030
0.03133 -0.08379 -0.07697
-0.02229 -0.08350 -0.08545
-0.07479 -0.08453 -0.13813
-0.02382 -0.08324 -0.07715
0.06662 -0.08344 -0.05300
0.02696 -0.08261 -0.03877
-0.02862 -0.08400 -0.10462
-0.09869 -0.08439 -0.14166
0.00894 -0.08268 -0.04713
0.08457 -0.08283 -0.02625
-0.10600 -0.08401 -0.13120
-0.05791 -0.08155 -0.03198
-0.10106 -0.08113 -0.03259
0.06168 -0.08303 -0.04105
-0.11419 -0.08066 -0.02144
0.07957 -0.08260 -0.02023
0.05924 -0.08341 -0.05457
0.10097 -0.08295 -0.02480
0.04817 0.13294 0.05794
-0.24170 -0.01644 -0.03200
0.37311 0.01136 -0.09851
0.02009 0.13071 0.10724
0.05004 -0.06112 0.08082
-0.14711 -0.06837 0.17874
0.00232 -0.06340 0.01236
0.06595 0.11696 -0.11905
-0.24803 0.00276 -0.07312
-0.09975 0.13600 0.10921
0.17195 0.07467 0.05828
0.12637 0.10111 0.04417
0.13340 0.09703 0.04632
0.12371 0.09927 0.07274
-0.27199 -0.09026 -0.15078
0.39788 -0.01376 0.08083
0.23107 -0.09462 0.16481
-0.07558 -0.00922 0.01441
0.25100 -0.13036 0.15969
0.02868 -0.10024 0.17252
-0.33367 -0.04517 0.16874
-0.31442 -0.08625 0.16762
-0.01151 -0.08369 0.15444
0.04826 -0.08692 0.15996
0.00198 0.13939 -0.08698
-0.29931 -0.12546 0.16784
0.30610 -0.12115 -0.17025
-0.07596 0.07448 -0.05674
-0.16067 -0.06804 -0.11519
0.10199 -0.05220 -0.15698
-0.09031 0.13500 0.03902
-0.03931 -0.05898 0.14937
0.00584 -0.05151 0.14965
-0.02129 -0.05296 0.14961
-0.03724 -0.06347 0.14918
0.04299 -0.07462 0.14863
-0.15984 0.12953 0.08809
-0.06677 0.14528 0.05737
-0.05302 -0.11281 0.08912
0.07566 -0.11314 0.08846
-0.25638 -0.03690 0.16324
-0.30063 -0.05155 0.16373
0.24801 0.04362 0.02032
-0.07417 -0.01467 0.12743
-0.04914 -0.03048 0.05553
-0.25538 0.13844 0.01918
-0.26169 0.05557 -0.02996
-0.12775 -0.02773 -0.15923
-0.20520 0.14097 -0.05634
-0.31856 -0.09938 -0.14535
-0.33251 -0.04451 0.14848
0.23318 -0.08025 0.16569
-0.28164 -0.09145 -0.04616
0.31626 -0.06002 0.14298
-0.04090 0.14249 -0.09252
-0.37112 -0.09094 -0.13173
-0.39634 0.00266 -0.10812
0.15495 -0.07089 -0.15448
-0.22571 -0.00995 -0.13479
0.01540 -0.05950 -0.01710
0.21035 0.05309 0.06775
0.30974 -0.09729 0.17653
-0.13053 -0.03643 -0.10624
0.10516 -0.08840 -0.16549
0.02141 -0.08670 -0.16631
-0.09888 0.02865 -0.14504
-0.10080 0.01537 -0.15214
-0.11516 0.02479 -0.14741
0.19747 0.06320 -0.03388
0.17003 0.07808 -0.03499
0.04567 -0.07262 -0.09200
0.23279 0.04064 0.02438
0.17655 0.05084 0.03558
0.19132 0.04806 0.04412
0.15221 -0.01605 -0.17920
0.26640 -0.01385 0.15217
-0.35185 -0.10306 -0.03347
-0.25283 0.10033 -0.12993
0.06096 0.05255 -0.15356
-0.10156 -0.01796 0.16213
-0.21815 -0.11055 0.13513
0.39920 -0.01298 0.05939
0.33842 0.00501 -0.15680
-0.34646 0.06659 -0.07571
-0.38723 0.01477 0.12184
-0.37431 0.00775 -0.15693
0.28257 -0.07434 0.16648
0.33381 0.02723 -0.07877
0.37148 0.01789 -0.06524
0.32967 0.02894 -0.07364
-0.04234 0.05174 -0.15573
-0.03582 0.06442 -0.14962
0.10089 -0.05659 -0.16038
0.09415 0.09230 0.12557
-0.18100 0.14092 0.08246
-0.32237 -0.08521 -0.15035
-0.31091 0.13190 -0.04474
0.09826 -0.05602 -0.01256
-0.00842 0.14439 0.00503
-0.04266 0.13941 0.10242
0.35069 -0.10157 0.12366
0.06791 0.00348 0.06439
0.10210 -0.04126 -0.01968
-0.07897 0.12765 -0.10598
0.42153 -0.03478 -0.03960
0.22708 -0.04360 -0.17080
-0.16579 0.02388 -0.17485
0.29928 -0.12895 -0.14999
-0.26008 0.04011 0.03443
0.42533 -0.03145 0.02765
-0.23470 0.00120 -0.17874
-0.29463 -0.10515 0.16756
-0.20425 -0.04211 0.07854
0.12083 -0.02041 0.14392
-0.33846 -0.05475 -0.17317
0.35762 -0.10151 -0.12076
0.36382 -0.10039 -0.07226
-0.05856 0.00771 -0.10837
0.11808 -0.05719 0.15770
0.16103 -0.07763 0.13816
0.32791 0.02295 0.13671
0.00403 -0.06399 0.00023
0.20191 0.05033 -0.10677
-0.24169 -0.01551 -0.00347
0.40075 -0.05666 0.11216
0.24234 0.03963 0.08184
-0.42625 -0.06638 0.01237
0.14295 -0.05065 -0.08372
-0.02356 -0.08561 0.08935
0.28887 -0.05503 0.16665
-0.13327 -0.06804 -0.11238
-0.28739 -0.05417 0.16268
-0.27292 -0.14002 0.16457
0.08719 -0.02652 -0.16457
0.12799 -0.01772 -0.16409
0.11908 -0.08292 0.00908
-0.29994 -0.05290 0.16871
-0.06714 -0.08175 -0.17818
-0.11153 -0.07269 0.00497
-0.26044 0.06994 0.08583
-0.02240 -0.06332 -0.00841
0.22403 0.03711 -0.11046
0.02340 -0.03292 0.02062
-0.21510 -0.06803 0.02950
-0.25517 -0.07747 -0.16325
0.02620 -0.11437 -0.06888
0.00123 -0.11501 -0.04380
0.13179 -0.11506 -0.03889
0.01608 -0.11461 -0.05935
0.06652 -0.11457 -0.05991
0.04259 -0.11489 -0.04785
0.04307 -0.11430 -0.07105
0.05664 -0.11465 -0.05707
-0.10235 -0.11491 -0.05039
-0.32574 -0.08540 -0.13933
-0.22604 0.02681 -0.11258
0.13357 0.03563 0.15981
-0.23360 -0.02087 -0.17975
-0.23470 -0.02080 -0.16289
-0.26905 -0.05603 0.15046
-0.30401 0.12772 -0.07242
0.24220 -0.11728 -0.17019
0.43134 -0.07962 -0.01012
0.26552 -0.01746 -0.11823
0.17261 -0.02771 -0.17980
0.03173 -0.04550 0.09044
0.42882 -0.07712 -0.04283
-0.39211 0.03621 -0.04261
0.18263 -0.09194 -0.04518
-0.02211 0.12625 -0.11116
-0.21416 -0.10187 -0.14480
-0.34105 -0.09640 0.14425
0.25027 -0.12854 -0.14420
0.18208 0.03435 -0.15929
-0.29768 0.11232 0.11596
-0.13140 0.05447 -0.15530
-0.15442 0.07815 -0.14344
-0.12017 0.06304 -0.15086
-0.24385 0.08168 0.11657
-0.34437 -0.01271 -0.17413
0.18611 0.04821 -0.11467
0.22909 -0.08727 0.14574
-0.07597 -0.04796 0.10406
0.04949 -0.06357 -0.10300
-0.23106 -0.11839 0.16483
-0.32202 -0.03266 0.17465
0.14980 -0.10079 -0.06924
0.14812 -0.09794 -0.04755
-0.16808 -0.07870 0.17890
-0.33241 0.06609 0.10274
0.27687 0.03392 -0.13425
-0.27859 -0.06288 0.16375
0.09275 0.06365 0.05139
-0.02467 0.01953 -0.17730
0.24303 0.05089 0.00575
0.28178 0.04316 0.00883
0.05904 0.12297 0.03273
0.14680 0.03893 -0.11410
-0.16184 -0.06804 0.13967
-0.16241 -0.03443 0.05013
-0.36344 0.05878 -0.02774
-0.25096 0.08147 0.08046
-0.24949 0.08173 0.09208
-0.32208 0.04076 -0.14879
-0.17187 -0.08784 -0.06296
-0.03579 0.12960 -0.09041
-0.10891 -0.07361 0.14928
-0.09040 0.13709 0.04830
-0.06898 -0.04096 0.01355
-0.05267 -0.01477 0.01137
0.21639 -0.11728 -0.18026
-0.10504 -0.00921 0.15493
0.22364 0.03844 -0.09000
-0.26188 0.05266 0.11816
-0.29818 -0.10283 0.14694
0.08363 -0.06472 0.17900
0.06395 -0.06380 0.17903
0.27366 -0.08650 -0.16580
-0.01108 0.00910 0.15538
0.01539 0.00869 0.15503
-0.41559 -0.02712 -0.04939
-0.42286 -0.05963 -0.05258
-0.32263 -0.02480 -0.14836
0.12979 0.03378 0.07605
0.32174 -0.08906 -0.16775
-0.29388 0.11697 -0.09684
-0.23563 -0.10927 -0.14631
-0.24251 -0.01435 0.08865
-0.24927 0.00661 0.09238
-0.14768 0.00981 -0.15712
-0.03376 -0.06253 0.17903
-0.30005 0.12025 -0.02746
0.05283 0.11898 0.12285
-0.21296 -0.05347 -0.13637
0.22746 -0.09512 -0.14526
0.15124 -0.08513 0.12455
0.05275 -0.08451 0.13281
0.11335 -0.08651 0.14303
0.08844 -0.08731 0.15411
-0.07744 -0.08473 0.15359
0.11044 -0.08598 0.13846
0.06530 -0.08540 0.13947
0.00403 -0.08568 0.15083
0.08638 -0.08401 0.12327
0.13611 -0.08449 0.12067
-0.12359 -0.06481 0.08508
-0.07843 0.11491 0.12704
0.42311 -0.03194 0.00491
-0.40225 -0.08969 -0.08133
-0.00148 -0.08414 -0.11720
0.03018 -0.08397 -0.10508
0.07942 -0.08369 -0.09250
0.02552 -0.08400 -0.12377
0.11063 -0.08353 -0.09923
0.09963 -0.08359 -0.10764
0.13594 -0.08338 -0.06210
-0.26007 0.07141 -0.08410
-0.09050 0.07007 -0.05340
-0.14758 -0.05197 -0.08424
0.22406 -0.13750 0.18230
0.13402 0.00401 -0.15130
0.15309 -0.04398 0.16232
-0.32701 -0.11016 -0.17447
-0.25857 0.03533 -0.03122
-0.24274 -0.01372 -0.01899
-0.18604 0.12397 -0.11507
0.20644 -0.03116 0.16836
-0.07580 -0.04342 -0.12427
-0.30424 0.06581 0.13817
0.02645 0.11973 -0.11930
0.33698 0.02918 0.04264
0.30616 0.03571 0.06503
0.35545 0.02370 0.05172
0.24544 -0.01272 0.17128
-0.23960 0.12066 -0.09900
-0.20730 -0.03577 0.08597
0.31158 -0.07093 -0.18584
0.40975 -0.07560 -0.11176
0.16422 -0.09718 -0.04176
0.12156 0.03011 0.01907
-0.37959 0.01288 -0.14539
0.18826 -0.07921 -0.18229
-0.02062 -0.05470 -0.06294
-0.31366 0.12434 -0.09926
0.16377 0.04533 0.12112
0.27494 -0.06395 0.15822
-0.26447 -0.11665 0.16996
0.11828 0.00085 -0.10908
0.42386 -0.03689 -0.00850
-0.26142 0.13465 -0.03305
-0.19788 0.13937 -0.09006
-0.13182 0.12501 -0.10673
0.00436 0.12372 -0.11664
-0.04348 -0.03546 -0.17930
0.27200 -0.02148 0.12820
0.19413 -0.07302 0.17176
0.11534 -0.05887 0.14943
0.04279 -0.05746 0.14937
0.27511 -0.10413 -0.14845
0.29818 -0.06473 0.16504
0.42374 -0.04923 0.03400
0.18048 0.05346 -0.01193
0.16397 -0.03819 0.17926
-0.24452 -0.00813 0.11435
0.27296 -0.08344 -0.15197
0.27312 -0.13767 -0.18563
0.18702 -0.04419 0.18327
-0.25371 -0.13541 0.14833
-0.11690 -0.08407 0.16958
-0.04008 -0.00342 0.12016
0.24397 -0.01471 0.11867
0.24642 -0.05284 -0.16405
0.30560 -0.10594 -0.01463
0.35241 -0.10869 -0.02044
0.33227 -0.10751 -0.02252
0.22235 -0.10104 -0.00111
-0.24851 0.00424 -0.12823
-0.27688 -0.01038 0.13382
-0.28875 -0.00866 0.17214
0.21646 -0.04741 -0.14364
0.13810 0.09765 -0.00477
0.16727 0.08073 -0.01645
0.26260 -0.10097 0.16537
-0.11515 -0.05417 -0.10505
-0.22665 0.13797 0.07435
-0.22592 -0.04745 0.09778
-0.34082 -0.09011 -0.18203
-0.03968 -0.08557 -0.13489
-0.24100 0.13484 0.09083
-0.32322 0.12906 0.05484
-0.22510 -0.06410 0.16813
-0.31442 -0.07033 -0.14482
-0.21372 -0.06803 -0.01699
-0.04972 0.13255 0.11493
0.18619 -0.01104 0.17848
-0.18197 -0.09452 -0.17833
0.02312 0.07108 -0.14697
-0.27483 -0.00832 -0.18268
-0.26538 -0.00913 -0.16624
0.24808 -0.05256 -0.15493
0.13920 -0.04985 -0.02955
0.02467 0.12750 -0.11523
0.38242 -0.07060 -0.14481
0.19632 -0.11198 0.18207
-0.35589 0.07981 -0.04216
-0.05319 -0.08314 0.05310
-0.21330 -0.05755 -0.15860
0.26136 -0.13769 -0.17865
-0.24751 -0.09944 -0.15768
-0.11608 -0.04002 -0.14189
0.41691 -0.09864 -0.05231
-0.14715 0.00081 -0.17901
0.12095 -0.01070 0.14749
-0.22947 0.11818 -0.11102
0.30055 -0.01974 0.16897
-0.04318 -0.08126 -0.01267
-0.03809 -0.08131 -0.01626
-0.00085 -0.08170 -0.01515
0.15042 0.06090 0.14874
0.23832 -0.03794 0.16514
-0.13810 -0.08117 0.15780
-0.25944 -0.07866 -0.17217
-0.22739 -0.04403 -0.12380
0.13888 -0.08310 -0.00505
-0.32696 0.05690 0.11681
-0.07727 0.06851 -0.14884
-0.15917 0.14269 0.06134
-0.18206 0.14245 0.05156
0.41190 -0.04788 -0.10673
-0.19484 -0.07141 0.18394
-0.17850 0.01992 0.17308
-0.05803 -0.11203 -0.09078
0.20082 0.04479 0.10522
-0.25749 -0.14293 -0.14480
-0.33720 0.05151 0.08200
0.14315 -0.04669 -0.13640
-0.22033 -0.00122 -0.10749
0.28957 -0.01574 0.14764
0.41370 -0.05832 0.06822
-0.42629 -0.06017 -0.02182
0.21861 -0.13476 -0.18043
0.28200 -0.09776 0.14395
-0.20163 -0.03709 0.00295
0.09408 0.00507 0.06462
-0.21927 0.00579 0.12138
-0.26124 0.06229 0.06146
-0.31184 0.01997 -0.17252
0.40239 -0.10152 -0.03489
0.24637 -0.05955 -0.16888
-0.01233 0.14262 0.06544
-0.32514 0.05199 -0.11609
-0.23021 0.02570 0.05426
0.21490 -0.02602 -0.17025
-0.19487 -0.06804 0.12321
-0.05010 -0.08537 0.16752
-0.25180 -0.09039 0.16136
-0.11821 -0.05193 0.17945
-0.11515 -0.04406 -0.04009
0.34980 -0.10099 -0.08040
0.33723 -0.10110 -0.07991
0.23690 -0.13018 -0.13279
-0.08380 0.14722 -0.01586
-0.17571 -0.06804 -0.05011
-0.21234 -0.04822 -0.12980
-0.31660 0.04786 -0.14909
-0.14546 -0.05868 -0.08684
0.13034 0.06164 0.16962
-0.09378 0.08332 -0.09557
-0.28117 0.13570 -0.02883
-0.01998 -0.08557 0.01751
-0.05560 -0.08244 0.07611
-0.23043 0.12921 0.10963
-0.08597 0.14750 0.00982
-0.14441 -0.06804 -0.04458
-0.08607 0.14301 0.09359
0.37447 -0.00638 0.13882
-0.22140 -0.08304 -0.16743
0.01649 -0.06395 -0.01423
-0.06530 -0.00264 -0.01408
-0.07565 -0.00761 -0.01343
-0.40773 -0.01486 0.09985
0.23653 -0.02757 -0.17131
-0.24032 0.04486 0.14530
0.09413 -0.10060 -0.17248
0.20270 -0.08193 0.14919
-0.15511 0.01094 0.15334
-0.08000 0.09598 0.13536
-0.21971 -0.04648 0.14106
-0.32326 0.13127 -0.01577
0.27165 -0.02928 -0.11658
0.29182 -0.03510 -0.11572
-0.27108 0.13382 0.07282
-0.04789 -0.04173 -0.04074
-0.26204 -0.08373 0.14947
-0.02997 0.02240 -0.17414
0.39883 -0.09353 -0.12268
-0.08707 0.03536 0.06898
0.42750 -0.04163 0.00120
-0.38871 -0.11151 -0.07664
0.20681 0.04546 0.05231
0.00594 -0.03436 0.01812
-0.29663 -0.12061 0.16025
-0.11352 -0.06788 0.17876
-0.12042 -0.03665 0.13136
0.19099 0.01777 -0.17158
0.28863 -0.13626 -0.14568
-0.05178 0.11001 -0.12887
-0.16417 -0.10805 0.16153
-0.13871 -0.10840 0.13076
0.17430 0.04971 0.06849
0.16909 0.05086 0.02474
-0.17714 0.03685 -0.14239
0.17983 -0.08654 -0.16451
0.37075 -0.00855 -0.12686
0.18847 -0.04931 0.14286
-0.03788 -0.05365 -0.05008
-0.11842 -0.05831 -0.05968
0.24445 0.04359 0.10453
0.23851 -0.04034 0.11515
0.23047 -0.10625 0.16478
0.33685 0.02259 -0.10286
0.13237 0.04058 -0.01891
0.03959 0.13118 0.02618
-0.04817 -0.03593 -0.04281
0.04533 -0.10757 -0.16487
-0.12853 -0.08804 0.17764
0.28672 -0.07353 -0.16516
-0.22953 -0.09871 0.10656
0.01711 -0.08558 -0.11246
0.00538 -0.08560 -0.10074
0.37054 0.00375 -0.10681
-0.23534 -0.13248 0.16688
0.12169 -0.08295 -0.00014
-0.21102 -0.06804 -0.05803
-0.28321 -0.03823 -0.14429
-0.11971 -0.05994 -0.05103
-0.11268 0.02810 -0.17348
0.28698 -0.09292 0.14574
-0.20217 -0.04130 0.05307
-0.17495 -0.06594 -0.13884
-0.02181 0.14260 -0.07887
-0.24579 0.06435 -0.01177
0.29397 -0.03399 -0.18584
-0.32548 0.05113 0.09177
-0.30623 0.05029 0.08524
-0.31816 0.05081 0.10745
-0.28994 0.04958 0.00571
-0.30879 0.05040 0.11220
-0.32727 0.05122 0.05286
-0.34636 0.05206 0.01632
-0.42070 -0.03650 -0.07736
0.02047 -0.04440 0.01680
-0.22199 -0.09092 0.04653
-0.23257 -0.09329 0.04485
0.06367 -0.10847 0.16314
-0.22764 -0.10378 0.16980
-0.06356 0.02049 -0.01741
0.06862 0.12822 0.04359
0.08241 0.11958 0.06799
-0.37701 -0.07506 0.15441
-0.03852 0.00502 0.15941
0.26683 -0.11222 0.15807
-0.20473 0.06486 -0.14988
-0.12622 -0.06596 -0.17884
-0.11786 0.12569 -0.11122
-0.12097 -0.04339 -0.15176
-0.14084 -0.04324 -0.15177
-0.10652 -0.04345 -0.15176
0.24083 -0.06433 0.16310
-0.08969 -0.04849 0.17961
0.26546 -0.04863 -0.11393
0.09937 -0.08276 0.00372
0.08961 -0.08265 0.01555
-0.03569 -0.08133 0.01038
-0.01352 -0.08157 0.00849
0.00231 0.04040 0.16073
-0.33275 0.14166 0.03897
0.42688 -0.05724 -0.02858
-0.01879 0.14378 -0.04079
0.31267 -0.01700 0.17232
0.14572 0.09131 0.03501
0.15603 0.08571 0.03492
0.16526 0.08077 0.03348
-0.35004 -0.07409 0.15203
0.00319 -0.01695 0.16203
-0.02693 -0.00731 0.16175
-0.32422 0.00205 0.17616
-0.16969 -0.06804 0.03328
0.27916 -0.12319 -0.14680
-0.40902 -0.10885 -0.10213
0.06860 -0.04405 0.16164
0.13115 0.02739 -0.16601
-0.07645 -0.05547 0.05287
-0.17227 -0.06804 0.07958
-0.12114 -0.06173 -0.11198
-0.28061 0.11945 -0.08535
-0.38903 0.03951 0.01066
-0.05208 -0.01259 -0.10722
0.15234 -0.05905 0.15876
-0.04943 -0.02837 -0.05836
0.18184 -0.05963 -0.18204
0.10010 0.10255 0.12637
0.12104 0.06331 0.16635
0.03866 -0.08219 0.15052
0.10262 -0.08124 0.14979
-0.41791 -0.06849 -0.06392
0.10092 -0.00261 0.01046
0.33281 0.02034 -0.14456
-0.13844 -0.07959 -0.03614
-0.21514 0.01699 0.17730
-0.35583 0.03727 0.11929
-0.25730 -0.12686 0.13804
0.21182 -0.01825 0.15787
-0.27207 -0.03102 -0.11733
0.32376 -0.01600 -0.16695
0.18167 -0.06037 0.18098
0.20326 -0.06380 -0.11200
0.30166 -0.06498 -0.11157
-0.33858 0.14143 0.00572
0.02931 -0.08557 -0.03171
-0.27481 0.13625 0.02928
-0.30774 0.11088 -0.10940
-0.30401 -0.04251 0.11535
0.20918 -0.05983 -0.13435
0.02216 -0.07324 0.01566
0.11622 0.00355 -0.06227
-0.02122 -0.08557 0.03121
-0.16021 -0.06804 -0.06999
0.42090 -0.04546 -0.05021
-0.27864 0.10420 -0.12418
0.05060 -0.05849 -0.07616
-0.40752 -0.11619 -0.08773
-0.22255 -0.10982 -0.08278
0.15502 0.04218 0.02379
0.17730 -0.10223 0.01170
-0.23967 -0.02049 -0.01917
0.07752 -0.05091 0.17961
0.06556 -0.04266 0.17997
0.08593 -0.02343 0.17991
-0.07616 -0.05216 -0.03101
0.29729 -0.10342 0.14914
-0.23218 0.03543 0.10276
0.13344 -0.03077 -0.15802
0.19890 -0.08694 0.16507
-0.26584 -0.03684 0.14068
-0.20646 -0.01910 0.16904
-0.03899 0.01095 0.13696
-0.23092 0.04201 0.04634
-0.23895 -0.08806 -0.10833
-0.25897 -0.08802 -0.10798
-0.22733 -0.09296 -0.10764
0.09164 0.11850 0.03211
-0.34614 0.03898 0.12777
0.02317 -0.04780 -0.09426
-0.10902 -0.08443 0.14413
0.07898 -0.08366 0.05371
0.12310 -0.08335 0.02823
-0.08226 -0.08137 0.03197
0.09452 -0.08320 0.03322
0.07240 -0.08329 0.04376
-0.07706 -0.08149 0.03433
0.00669 -0.08324 0.06454
0.01362 -0.08213 0.02464
-0.11313 -0.08400 0.13109
-0.05023 -0.08383 0.10396
-0.04119 -0.08176 0.03084
0.00897 -0.08376 0.08127
0.07645 -0.08317 0.03835
-0.01676 -0.08382 0.09190
-0.10394 -0.08117 0.03266
-0.08757 -0.08353 0.10658
-0.10750 -0.08242 0.07579
0.00140 -0.08175 0.01614
0.05609 -0.08264 0.02751
-0.09305 -0.08370 0.11410
-0.03371 -0.08158 0.02249
0.26534 -0.12427 -0.16832
-0.31095 -0.09749 -0.04666
-0.22648 0.12372 0.08584
-0.26932 0.04978 0.13958
-0.19881 0.05244 -0.15751
-0.18276 -0.03783 -0.05463
0.31337 -0.07883 -0.13067
-0.07280 0.09079 0.06913
-0.26211 -0.00489 0.18459
0.37304 0.00793 0.11594
0.10192 -0.10846 0.11555
0.02459 -0.10848 0.14417
0.39349 -0.00890 -0.07981
-0.11580 0.12897 -0.11850
0.14052 0.05047 -0.01479
-0.14439 0.11365 0.12569
-0.17788 0.10545 0.12952
0.28995 -0.07380 -0.11039
-0.27692 -0.09875 -0.17109
-0.26609 0.09378 0.13190
-0.25238 -0.04856 0.15999
0.30550 0.02047 0.15382
0.22312 -0.12255 -0.17006
0.34826 -0.00608 -0.14988
0.04306 -0.06677 0.01496
-0.24360 -0.03792 0.16626
-0.36874 -0.02853 0.16759
0.19006 -0.09333 -0.14754
-0.42207 -0.09690 -0.04746
0.28307 -0.03662 -0.14931
-0.17678 -0.06093 0.16259
0.35545 -0.04005 0.16051
-0.21031 -0.08665 -0.15674
-0.29283 -0.02248 -0.13477
0.10269 0.00838 -0.00611
-0.01487 -0.08557 0.11363
0.08085 0.01382 0.03110
-0.14584 -0.08355 -0.17395
0.26535 -0.01377 0.13800
0.23771 -0.14297 -0.16134
-0.36811 0.00851 0.16172
0.01985 -0.08301 0.17816
-0.31174 -0.01861 -0.13711
-0.20141 -0.10243 0.00938
0.40653 -0.07345 0.10260
-0.16127 -0.11248 0.08374
0.31144 -0.06828 0.17309
0.00878 -0.10848 -0.14584
0.00481 -0.10846 -0.14086
-0.05857 -0.10846 -0.15724
0.31932 -0.06791 0.13126
0.15024 0.01393 0.17445
0.15213 -0.09078 -0.04923
-0.13497 -0.06804 0.06337
0.23492 -0.09558 0.04506
-0.12801 -0.06115 -0.14189
-0.16875 -0.01030 -0.17944
0.05012 -0.05990 -0.03159
-0.31962 0.00066 -0.17704
-0.36938 -0.01062 0.16653
-0.11195 -0.07950 0.00131
-0.24179 -0.04487 0.13824
-0.07308 0.14459 0.07722
-0.40736 -0.00652 0.08706
-0.42490 -0.09156 -0.07116
0.26324 -0.05748 -0.16905
0.11501 -0.02468 -0.01995
-0.09122 0.09064 -0.05072
-0.14907 -0.06804 0.00849
-0.29046 -0.00340 -0.18429
0.29629 -0.02905 0.13333
-0.41695 -0.08188 -0.02843
0.03461 0.02549 0.17172
0.12703 0.02928 0.04606
0.22877 0.04796 -0.00992
0.41999 -0.03763 -0.07439
0.26924 -0.00748 0.12582
0.24862 -0.00564 0.16479
-0.21235 -0.09585 -0.17383
0.20525 -0.10004 0.01035
0.21664 -0.10073 0.02389
0.30153 -0.10572 0.03912
0.27797 -0.10431 0.02554
-0.22765 0.02254 0.10524
0.07883 0.00947 0.03021
-0.39007 -0.00407 0.13069
-0.27113 0.12156 0.05284
-0.28523 0.11970 0.07011
-0.06170 -0.00218 -0.16400
-0.23764 0.13934 0.03350
-0.09735 0.10803 -0.12873
-0.17865 0.09972 -0.13282
-0.08632 0.10458 -0.13040
-0.33374 -0.03404 0.18156
-0.11515 -0.04842 0.07877
-0.38455 0.03477 0.07300
-0.35753 0.05473 -0.06083
-0.41685 -0.02848 0.03828
-0.03840 0.14531 -0.02575
-0.08016 0.00845 0.04943
-0.34001 0.04103 -0.12772
0.35094 0.00986 0.14632
-0.33317 0.02695 0.16239
0.05160 -0.05111 0.13037
-0.08005 0.00830 0.10390
0.19877 0.04835 0.01803
-0.02269 -0.02816 0.18211
0.19303 0.04797 -0.02075
-0.16121 -0.10676 -0.06359
0.23366 -0.00583 0.18463
-0.06275 -0.08044 0.09517
-0.12902 0.03324 0.17033
0.13461 0.02032 -0.17291
0.25916 -0.03886 -0.16139
-0.12386 -0.03714 0.06903
-0.02068 -0.06745 0.01488
-0.05606 -0.07181 0.01462
0.16195 -0.04685 0.16197
-0.42136 -0.04295 -0.03370
-0.35310 -0.07103 0.17439
-0.01441 -0.05428 -0.01772
0.15779 -0.07006 0.10300
-0.22842 -0.04192 0.02138
-0.06278 0.04083 0.15390
-0.09059 0.03943 0.14959
0.15444 0.04994 0.06750
0.19927 -0.06047 0.18313
-0.20059 -0.10765 0.17507
-0.11688 -0.01094 0.17945
-0.25526 -0.01880 -0.18247
-0.33327 -0.09970 0.17185
-0.30591 -0.10302 0.00496
-0.27953 -0.10302 0.00530
0.02769 -0.04343 0.11398
0.20598 -0.10797 0.18093
-0.24661 -0.04520 0.11598
0.16997 -0.10626 -0.17082
-0.39041 -0.01625 -0.14584
-0.07068 0.12594 0.12028
0.25595 -0.11798 0.16799
-0.00844 0.14368 -0.02100
0.07610 -0.10854 -0.16201
0.10873 -0.08557 0.17782
0.34971 -0.10185 -0.10465
0.30331 -0.01117 -0.17442
0.07370 0.12663 0.03235
-0.05743 0.01644 0.03527
0.23088 -0.01002 0.14053
0.20838 0.04862 -0.00772
0.08443 -0.08224 -0.00141
0.02303 -0.08140 -0.01286
-0.37517 0.02955 0.11540
0.38442 -0.09517 -0.13421
-0.09415 0.12837 -0.11940
0.13159 0.03140 -0.05350
0.09526 0.01521 0.08539
0.31853 -0.09127 0.16569
0.04572 -0.07261 0.07108
0.29720 -0.06001 -0.16321
-0.30724 0.08940 0.11428
-0.38846 -0.09104 -0.10541
-0.01678 0.14294 0.06282
-0.04762 -0.02411 -0.01372
0.39919 -0.02651 0.12374
0.41342 -0.07468 -0.07385
-0.00551 0.11350 -0.12740
0.01472 0.12258 0.09345
-0.38296 -0.01484 0.15446
0.18691 0.05183 -0.15017
-0.33079 -0.05614 -0.14886
-0.03261 -0.08557 -0.02770
0.37362 -0.01200 0.14631
0.22708 0.03871 0.07615
-0.08540 -0.07986 0.01442
0.03558 -0.08157 0.01332
-0.08449 -0.02886 -0.18211
0.26878 0.00336 0.17750
0.15057 -0.05692 0.14051
-0.06492 -0.07870 -0.07133
0.43041 -0.08698 -0.00371
-0.25079 0.06737 -0.05224
0.28129 -0.10067 0.16144
-0.04849 0.14586 0.02334
-0.04263 0.14581 0.01869
0.29390 -0.01651 -0.16996
-0.24377 0.07913 -0.11933
-0.38600 -0.05631 0.15406
-0.27993 -0.03253 0.16423
-0.22666 0.04356 -0.16004
-0.33734 0.12605 -0.05216
-0.41543 -0.01474 0.06900
0.15316 0.01611 0.14866
-0.12505 -0.01617 -0.16453
-0.14533 -0.00448 -0.16431
-0.12158 -0.00794 -0.16432
-0.21960 -0.00691 -0.07668
-0.37603 0.02200 -0.13303
-0.26837 -0.06505 -0.16773
-0.04848 -0.08421 0.09586
-0.25730 0.06519 -0.07919
0.26963 0.03685 0.14312
0.08189 0.03748 0.10766
-0.37131 -0.09016 0.05250
0.17672 -0.03601 -0.18125
-0.11907 -0.05913 0.11188
-0.27531 -0.13119 0.13736
-0.39771 0.00908 0.10438
0.20597 0.04416 -0.08827
0.01415 -0.08561 0.05425
-0.39686 0.03361 -0.00879
0.08374 -0.01953 0.16186
0.07021 0.12573 -0.06199
0.09363 0.11549 -0.05711
0.03401 -0.10849 -0.14538
0.09058 -0.10846 -0.11912
-0.15484 0.04807 0.16046
-0.17807 0.04571 -0.15805
-0.00109 -0.05125 0.04310
-0.22073 -0.06035 0.02407
0.27075 -0.02591 -0.17833
0.26111 -0.08775 0.14729
0.24731 -0.04387 0.15764
0.40763 -0.01631 -0.04448
-0.11305 -0.10250 -0.17418
-0.36939 0.03591 0.10356
-0.20553 -0.04252 -0.08443
0.00545 -0.03972 -0.12490
0.15073 -0.04894 0.14983
0.15493 -0.08111 0.07109
0.00115 -0.05079 -0.06572
-0.21490 0.13617 0.09700
-0.09264 0.06085 -0.06891
0.30317 -0.09361 -0.16683
0.14246 -0.05255 0.05248
-0.41725 -0.02076 -0.04879
0.02057 -0.08561 -0.05647
0.42312 -0.03118 0.03457
0.19024 -0.05921 0.16942
-0.02278 -0.08557 0.12674
0.39116 -0.01055 0.11466
0.29029 -0.03062 -0.16634
-0.19348 -0.06804 0.01928
-0.18566 -0.04030 0.11191
-0.20348 -0.04256 0.08429
-0.26363 -0.09581 -0.15849
0.05404 0.11147 0.10951
-0.03462 -0.04117 0.15188
-0.23626 -0.05310 0.16262
0.13771 -0.04259 0.08697
-0.09104 0.07018 -0.08770
-0.15585 0.02858 -0.14605
-0.26237 -0.06299 0.17045
-0.39426 -0.11369 -0.09878
-0.06292 0.14561 -0.04415
-0.08261 -0.08857 -0.17687
0.15568 -0.10894 -0.12217
-0.23521 0.08065 -0.14033
-0.23109 0.07385 -0.14381
-0.02451 -0.10846 0.14889
-0.05788 -0.10846 0.15645
0.03150 -0.10846 0.13423
-0.11449 -0.10843 0.15863
0.11535 0.04867 0.08255
0.25176 -0.01156 -0.15760
0.25279 -0.06321 0.15741
-0.37432 -0.09003 -0.02207
-0.36784 -0.09001 -0.01359
-0.31192 0.03910 -0.15678
-0.17996 -0.10007 -0.04376
0.19238 0.05140 0.00518
-0.27113 -0.08131 -0.17058
-0.31118 -0.02380 0.15337
-0.04255 0.01722 0.13585
0.24791 -0.10311 0.15608
-0.25922 -0.06510 -0.16530
0.01770 0.13933 0.02323
0.05620 0.06844 0.14758
-0.30098 -0.13223 0.18432
-0.24666 0.08187 -0.01374
-0.05534 0.02244 0.03041
-0.20199 -0.06681 0.17009
0.17009 0.05127 0.08354
0.42834 -0.07581 -0.03788
0.32180 -0.00077 -0.16298
0.12097 0.03604 0.00290
-0.18069 0.12565 -0.09350
0.37753 -0.01110 -0.13958
-0.34404 -0.08428 0.16282
-0.22528 0.13223 -0.10487
-0.06706 -0.07713 0.09779
0.00807 -0.05091 0.06106
-0.20226 -0.10258 -0.03308
0.21221 -0.10702 0.16491
0.14736 -0.00942 -0.17889
-0.07165 -0.06923 0.09658
0.06025 0.13073 -0.04940
-0.13653 -0.06804 0.02814
-0.18979 -0.08788 0.17949
0.27409 -0.04419 -0.11452
-0.15935 -0.03100 -0.15929
-0.32535 -0.12742 0.16057
0.24546 -0.13700 0.18313
-0.25626 0.04063 0.16204
-0.04825 -0.03603 -0.09755
0.18089 -0.08210 -0.15344
-0.08984 0.14520 0.06194
0.15708 -0.11010 0.02733
0.15585 -0.11195 0.01239
-0.34423 0.04972 0.10660
-0.39826 -0.00626 0.11296
0.15934 0.05986 -0.13961
-0.00881 -0.05339 -0.10333
-0.26046 0.12391 -0.04225
-0.28648 0.12722 -0.10133
-0.19197 0.13905 0.09272
-0.15599 -0.02249 0.17988
-0.12521 -0.06683 0.03688
-0.32173 0.12008 -0.09167
-0.14016 -0.03895 -0.17999
-0.05935 0.01021 -0.07007
-0.33098 -0.05611 0.17183
0.13619 -0.03986 0.16233
0.20895 0.05668 0.03940
-0.01438 -0.04150 0.17997
0.38445 -0.00117 0.11244
-0.03749 -0.08441 0.01671
-0.07855 0.01035 0.01485
-0.22771 0.10388 0.12824
0.32254 -0.07852 -0.17887
-0.31217 0.02637 -0.16707
0.05729 -0.03920 0.16237
0.07422 0.03381 0.14925
0.14832 0.02959 0.14596
-0.35521 -0.03460 -0.17178
-0.24686 -0.07571 0.16503
0.01657 -0.07024 0.13529
-0.40405 -0.04196 0.13016
0.20003 0.04532 0.09954
-0.07457 0.04928 0.07407
-0.06575 -0.04279 0.17988
0.11744 -0.02672 -0.02743
-0.08280 0.14556 -0.05300
-0.06423 0.04183 0.02141
-0.21059 -0.04982 0.14761
-0.05621 -0.02376 0.13914
0.06499 -0.06253 0.14913
0.25483 -0.13877 0.16322
-0.23497 -0.02980 -0.12498
0.39576 -0.00142 0.03618
0.22024 -0.07328 -0.17308
-0.10383 0.14648 -0.02220
-0.14191 0.14502 -0.02637
-0.33414 -0.04615 -0.17317
0.03763 -0.03993 0.15653
0.11996 -0.03037 0.02018
-0.30750 -0.13465 -0.12843
0.18790 -0.09906 -0.02968
0.26711 -0.10368 -0.02513
0.22872 -0.10146 -0.03586
0.21241 -0.10047 -0.02015
0.24758 -0.10253 -0.02241
-0.24328 -0.11121 0.16539
0.25231 -0.02453 0.16452
0.00037 -0.07987 -0.13639
-0.17064 -0.08969 -0.08387
0.14479 0.03122 -0.16306
-0.14005 -0.05078 -0.17948
-0.27561 -0.09904 -0.08330
-0.30678 -0.09607 -0.08914
-0.30094 -0.09631 -0.08034
-0.24346 -0.10307 -0.10101
-0.32837 -0.09442 -0.10300
-0.31539 -0.09438 -0.06942
0.29208 -0.07434 0.16170
0.05798 -0.02299 -0.17993
0.06967 -0.02547 -0.17995
0.05226 0.12023 -0.09681
-0.32668 0.06422 -0.11116
0.15805 -0.04233 0.17996
-0.24957 0.02653 -0.17133
0.24231 0.04055 0.11776
0.27190 0.03532 0.11666
0.19966 0.03907 -0.14028
-0.04976 -0.02660 -0.10994
-0.34997 -0.08090 0.13915
0.26173 -0.02449 -0.17133
-0.07574 -0.11471 0.05699
-0.07519 -0.11455 0.06210
-0.09617 -0.11406 0.07716
0.00409 -0.11398 0.08092
-0.08715 -0.11429 0.07015
-0.08677 -0.11403 0.07838
-0.00734 -0.11398 0.08093
-0.25555 -0.11567 0.14694
-0.41301 -0.01150 0.07393
-0.38991 -0.07354 0.14388
0.23603 -0.01514 -0.13224
-0.20111 -0.08890 -0.16806
-0.29543 -0.01511 -0.16839
0.10796 0.00266 0.15645
0.22854 -0.05919 -0.16643
-0.35449 -0.09168 0.09247
-0.07641 -0.10710 0.16576
0.23600 -0.08419 0.14927
0.31997 -0.09693 -0.14568
-0.24449 -0.06188 0.11299
-0.21908 -0.04536 0.11645
-0.16639 -0.03842 0.07095
-0.19515 0.13434 0.10637
0.21228 -0.12917 -0.14568
-0.28811 0.04909 0.11135
-0.28096 0.04886 0.07095
-0.28564 0.04907 0.08640
-0.28704 0.04920 0.07865
0.09156 -0.08447 -0.15617
0.12456 -0.08060 -0.15153
0.34722 0.01516 0.14575
-0.36983 0.02935 -0.11310
-0.05556 -0.00169 0.05820
-0.14748 -0.03684 -0.06260
-0.18990 -0.10770 -0.10917
-0.03187 0.14440 0.03967
-0.32403 -0.03377 0.13920
-0.32258 0.05485 0.12402
0.07920 0.03600 0.07885
0.33181 -0.02723 0.16541
-0.37798 0.02833 -0.11456
0.24662 -0.06155 -0.16251
0.05735 0.04236 0.15921
0.23680 0.04902 -0.08149
0.22902 0.05041 -0.08398
0.23214 0.04959 -0.08856
-0.16390 0.03062 -0.17304
-0.17328 -0.10793 -0.14255
-0.18438 -0.10777 -0.13269
0.11776 -0.00938 -0.11139
-0.21249 -0.06207 -0.13516
-0.32966 0.12848 -0.04985
0.30384 -0.02379 -0.16354
-0.27422 -0.14653 -0.17503
0.32092 -0.09160 -0.18397
0.12955 -0.03419 0.11337
0.11869 0.04308 0.05284
-0.07930 -0.06200 -0.00981
-0.27093 0.12987 -0.09994
0.10288 0.10464 -0.11236
0.13179 0.03286 0.03133
0.22704 0.04758 -0.03775
0.29566 -0.02874 0.17959
0.21610 -0.12100 0.12999
-0.25799 0.03363 -0.06614
0.22507 -0.10210 -0.16905
0.32978 -0.08461 -0.14905
-0.08624 0.10460 0.07637
0.28569 -0.09205 -0.16114
-0.05503 -0.00306 0.11213
-0.22523 0.06787 0.14703
-0.21815 0.06782 0.14756
-0.24162 0.05673 0.12158
-0.01251 -0.03991 -0.02509
0.11268 -0.00255 0.05074
-0.06419 0.13324 0.08807
-0.30526 0.12891 -0.08748
0.29581 -0.06885 0.15427
-0.07741 -0.08506 -0.15910
0.08519 -0.08598 -0.14447
0.10996 -0.08367 -0.11909
0.13774 -0.08815 -0.15741
0.09632 -0.08631 -0.14595
0.01263 -0.08516 -0.14715
-0.05993 -0.08510 -0.15699
0.11112 -0.08605 -0.14140
0.11751 -0.08618 -0.14170
0.11699 -0.08469 -0.12767
-0.24575 -0.10691 -0.14923
-0.19156 -0.00590 0.17929
0.20101 -0.07519 -0.18006
0.24245 -0.00659 0.14525
0.30753 -0.08151 -0.17233
-0.07168 0.08828 -0.06677
0.04818 -0.06692 0.12520
0.10370 -0.04323 -0.17998
0.08327 -0.05195 -0.17957
0.23554 -0.05082 -0.16297
-0.09031 0.13519 -0.04740
0.07531 -0.02734 -0.15806
-0.00144 -0.08557 -0.02455
-0.09732 -0.00496 -0.17926
-0.05041 -0.02139 -0.17995
-0.21904 -0.06796 0.15376
0.04073 -0.04264 0.10829
0.42248 -0.08328 -0.07508
0.17714 0.07024 -0.07295
0.18538 0.06787 -0.05391
0.16456 0.07554 -0.08675
-0.36906 -0.05614 0.16631
0.07956 0.10032 0.12387
-0.20649 0.00911 -0.16127
-0.15030 -0.03257 -0.12571
-0.42233 -0.03891 0.01204
-0.00965 0.04392 0.15928
0.14602 0.04067 -0.05072
-0.03814 0.02136 -0.15181
0.03865 0.02479 -0.14870
-0.03638 0.01548 -0.15494
-0.05484 0.12826 -0.09702
-0.14916 -0.03082 0.01526
-0.29871 0.11974 -0.04054
-0.08678 0.03395 0.01942
-0.23972 -0.02036 0.05915
0.25738 -0.11017 0.14927
-0.06501 0.02805 0.09611
0.28220 -0.04577 0.16760
0.26230 -0.09547 0.16373
-0.20060 0.14231 -0.03941
-0.20820 0.14272 -0.01574
0.37344 -0.07499 -0.14846
-0.18620 -0.06804 -0.07741
0.36292 -0.00247 0.14800
0.09813 -0.00337 0.17886
0.07931 -0.00260 0.17908
-0.32409 0.03574 0.15135
-0.26856 0.13801 0.00366
-0.26192 0.13073 0.06656
-0.31196 -0.09668 -0.16778
-0.32751 0.04624 0.13928
-0.32027 0.05027 -0.09125
-0.33789 0.05108 -0.07816
-0.29665 0.04949 -0.05776
-0.29912 0.04976 -0.03087
-0.30209 0.04975 -0.05180
-0.29673 0.04924 -0.09979
-0.33073 0.05080 -0.07613
-0.22371 0.02978 0.00631
-0.19405 -0.06797 0.13618
0.30646 -0.04054 0.17506
0.02789 -0.05777 -0.13566
0.27051 -0.10066 0.16918
-0.19452 -0.01710 0.16216
-0.20755 -0.01349 0.16211
-0.07593 0.07912 0.08210
0.22264 0.04399 0.08952
-0.16880 -0.06804 0.12307
-0.10400 -0.01425 0.14592
0.07188 0.12851 -0.00995
-0.08777 0.10376 0.08626
-0.12969 -0.03641 -0.06547
0.22590 -0.04945 -0.15127
-0.05804 -0.04247 0.13735
0.26098 -0.06116 -0.16091
0.28612 -0.13834 -0.17591
0.27191 -0.01563 -0.13166
-0.21901 -0.09541 -0.16725
-0.02226 -0.08426 -0.14122
0.12840 -0.08343 -0.10800
0.01600 -0.08405 -0.13237
-0.14248 0.13873 -0.09080
-0.17433 0.14151 -0.07582
-0.12673 0.14372 -0.06576
-0.12612 0.14405 -0.05846
0.04937 0.11955 -0.03898
0.23939 0.04348 -0.07250
-0.24355 -0.01113 -0.11159
0.39898 -0.09114 0.12467
-0.31362 -0.03942 -0.16807
-0.00453 0.14070 0.08194
-0.18556 0.04148 -0.16320
0.26320 -0.05057 0.14574
-0.27809 -0.13882 -0.14391
0.03485 -0.08565 0.07572
0.19019 -0.06880 -0.17353
-0.27255 -0.13725 -0.12793
0.22503 0.04471 -0.13661
0.25879 0.03708 -0.13122
-0.14697 -0.03683 0.09514
-0.41296 -0.11619 -0.06189
0.11029 0.01164 0.17551
0.04919 -0.04640 -0.15229
-0.26862 -0.11435 -0.14923
-0.22795 0.11433 0.12153
0.21901 -0.13659 0.15678
-0.26895 -0.03375 0.16180
-0.27055 -0.13503 0.16353
0.41358 -0.10001 0.02629
-0.21005 -0.07940 -0.14480
-0.34819 0.14400 0.01181
-0.30863 0.01319 0.17707
-0.19680 -0.06804 0.00113
0.02076 -0.08204 -0.13397
0.15479 -0.10894 -0.15136
-0.04536 -0.04136 -0.11439
-0.14580 -0.05145 -0.14189
0.09031 0.05771 0.09722
-0.11490 -0.03403 -0.15118
0.24209 0.04945 0.05083
0.23404 0.04979 0.07658
-0.38613 -0.07761 -0.14530
-0.06964 -0.01761 0.16211
0.05612 -0.02988 -0.15981
-0.31840 -0.03772 -0.18110
-0.15368 -0.03858 -0.08850
-0.20103 -0.04088 -0.12215
0.24798 0.02486 0.15962
0.24257 -0.14138 -0.18525
-0.19563 -0.10074 0.00169
-0.25670 0.02962 0.05089
-0.24351 -0.01127 0.07220
-0.03769 -0.05324 -0.10376
-0.12577 0.07038 -0.14720
-0.26712 -0.02109 -0.18309
-0.09951 0.08440 0.14029
-0.12331 0.08104 0.14196
-0.14569 0.08989 0.13762
0.03421 -0.03985 -0.15923
-0.35578 -0.10217 0.02056
-0.09721 0.12685 0.10630
-0.16617 -0.07875 -0.09676
-0.16882 -0.08036 -0.15899
-0.14203 -0.08229 -0.14368
-0.15432 -0.08100 -0.13706
-0.13367 -0.07989 -0.03801
-0.20275 -0.07695 -0.14576
-0.16309 -0.08036 -0.14163
-0.12916 -0.08173 -0.08643
-0.13978 -0.08277 -0.15309
0.19873 -0.02617 -0.18492
-0.17345 -0.07795 0.02127
-0.19715 -0.07684 0.11772
-0.19854 -0.07677 0.11055
-0.21367 -0.07606 0.03396
-0.16618 -0.07829 0.04523
-0.19735 -0.07683 0.07454
-0.16105 -0.07853 0.00920
-0.18245 -0.07753 0.01271
-0.21647 -0.07593 0.11825
-0.21711 -0.07590 0.05052
-0.21070 -0.07620 0.05562
0.05821 -0.10497 0.16965
0.03498 0.13468 -0.06278
-0.26001 0.06632 0.11620
0.02432 -0.03498 0.18213
0.30293 -0.03116 -0.17482
-0.39881 -0.06101 0.13117
0.08692 0.11228 0.10330
-0.33682 0.14131 -0.01773
-0.04977 -0.08402 0.02719
0.31921 -0.09147 0.13200
-0.13799 -0.10757 -0.16522
-0.22280 -0.11832 0.16384
0.28563 -0.09247 0.15802
-0.08014 0.06281 0.05898
-0.33624 0.14224 -0.03169
-0.04831 -0.11507 0.01443
-0.05993 -0.11507 0.02760
-0.07858 -0.11507 0.00895
-0.08798 -0.11505 0.04100
-0.04997 -0.11507 0.03277
-0.11739 -0.11506 0.01439
0.01986 -0.11508 0.03716
-0.08281 -0.11506 0.03107
-0.03950 -0.10396 -0.17236
-0.27091 0.03715 -0.16510
-0.07326 0.05687 0.11326
0.04458 0.03413 0.14810
0.01683 0.03412 0.14640
0.10997 0.02759 -0.16667
-0.03601 -0.05347 0.05213
0.27154 -0.10250 0.15754
-0.26522 -0.06168 0.14566
0.29701 -0.05178 0.16099
-0.27032 -0.02183 0.17932
0.26978 -0.14449 0.13138
-0.36332 -0.09158 0.01790
-0.19032 0.02608 -0.17162
-0.07118 0.04171 0.10057
-0.25808 -0.01539 -0.13797
-0.23032 0.04004 0.03197
-0.21424 -0.04185 0.15250
0.19751 -0.06815 0.12983
-0.35512 0.07515 0.05101
-0.34723 -0.06257 0.14839
0.07556 0.06325 -0.14954
-0.07542 0.09232 -0.05121
-0.39737 -0.01975 -0.13528
-0.39319 -0.02343 -0.14690
-0.07924 0.00525 -0.04006
-0.18851 0.13089 -0.11165
-0.24539 0.06374 0.07417
-0.23494 0.04023 -0.09648
0.12119 0.02627 0.03313
-0.08169 0.01435 -0.08141
-0.24005 -0.02142 0.11943
0.38180 -0.02273 0.14610
-0.23320 -0.03330 0.04233
-0.12257 0.03888 -0.14910
0.21024 0.04669 0.10422
0.01820 -0.02855 0.16218
-0.33766 0.06807 0.09421
-0.33615 0.14031 -0.04226
0.16406 0.04283 0.13496
0.42457 -0.07645 0.06449
0.23306 -0.10113 -0.08739
0.21751 -0.10518 -0.09724
0.18778 -0.09784 -0.07088
0.24068 -0.10017 -0.08561
0.25185 -0.10605 -0.10489
0.09927 -0.06567 0.00147
0.40052 -0.09929 0.08249
0.41499 -0.09929 0.05876
0.19829 0.04651 0.15253
-0.24278 -0.00938 -0.13466
-0.33503 -0.10377 0.18404
-0.20630 -0.02822 -0.01995
-0.19829 -0.03136 0.16762
-0.01169 -0.05851 0.17922
0.27116 0.02121 -0.15989
0.10070 0.06865 0.14716
-0.05903 -0.02654 -0.16410
0.11614 0.02794 -0.14604
0.28667 0.03864 0.08622
0.25250 0.04513 0.09388
-0.15756 0.05269 0.15652
-0.23477 -0.02911 0.03073
-0.16382 -0.11198 -0.09203
-0.42165 -0.03389 -0.00553
-0.34098 0.14165 0.04911
-0.22978 -0.04732 -0.11590
-0.22339 -0.06832 -0.11220
0.04324 0.13577 0.01033
-0.24236 0.13764 -0.05546
-0.04266 -0.05375 0.09687
-0.15731 0.14348 -0.04778
-0.18549 0.14178 -0.06208
-0.23727 -0.02628 -0.15259
0.30075 -0.10184 0.13037
0.01847 -0.04894 -0.07196
0.12926 0.05356 0.10520
-0.14522 -0.11234 0.01996
-0.14334 -0.11292 0.03309
-0.23522 0.05953 -0.00015
0.23204 0.00959 -0.17324
0.11941 0.04188 0.01907
-0.27170 0.13492 -0.05495
-0.26851 0.13592 0.04542
-0.33257 -0.10913 -0.04740
-0.25615 0.06765 -0.13621
-0.29635 0.05855 -0.13118
0.22656 -0.02673 -0.18379
-0.14247 0.03131 0.17246
0.04214 0.02327 -0.17314
0.30064 0.03562 -0.08733
0.33468 0.02803 -0.06795
0.35041 0.02504 -0.05142
-0.22893 -0.02322 -0.18095
-0.22487 -0.03001 -0.13029
0.16021 0.02921 -0.14836
0.14158 0.03031 -0.14926
0.15270 0.04031 -0.13373
-0.19616 -0.00940 -0.17941
0.35986 -0.00296 -0.14662
-0.25549 -0.01028 0.17467
0.09437 0.02831 0.09019
-0.08448 0.02510 0.03919
-0.12272 -0.06370 0.02677
-0.23881 0.13556 -0.08844
-0.16075 -0.03787 -0.08105
0.27925 -0.04897 -0.16699
-0.25752 0.03328 0.12469
-0.07629 -0.05256 -0.10124
-0.26809 -0.10311 -0.14923
0.31029 -0.10990 -0.18548
-0.01304 0.03061 0.16864
0.12626 -0.03345 0.07261
0.39090 -0.01093 -0.10376
0.20518 -0.10846 0.16242
0.26435 -0.06560 0.16332
0.11690 0.06682 -0.14992
-0.21531 -0.01876 -0.06835
0.18140 -0.07946 0.14805
-0.31872 -0.03138 0.18356
-0.02647 -0.04490 0.02265
-0.33058 -0.04052 0.15337
-0.13147 -0.03257 0.12473
0.17970 -0.09685 0.16340
-0.29204 -0.03277 0.13854
-0.22479 -0.10902 0.17649
-0.12488 0.03597 0.14346
-0.29464 0.13525 -0.01325
0.15909 -0.06395 0.17900
0.05064 0.13281 -0.05247
-0.17883 0.12263 -0.10277
0.01294 0.13067 0.11125
0.12184 0.01971 0.04588
-0.12855 -0.08005 0.01658
0.05725 0.09414 -0.13681
-0.00415 -0.08563 0.08484
-0.30666 0.12375 -0.10657
-0.40919 0.02048 -0.03164
-0.11796 -0.05774 -0.12828
0.21976 -0.02168 -0.15749
0.39935 -0.01218 0.08918
-0.04316 0.14569 -0.02178
-0.07376 0.02202 0.15110
-0.25031 -0.02084 0.18320
-0.20409 -0.08117 -0.12356
-0.20304 -0.08304 -0.13862
-0.26793 -0.09976 -0.15960
0.24346 -0.09789 0.04325
-0.30015 -0.05348 0.14694
-0.23382 -0.11419 -0.16510
0.14620 -0.05246 -0.11653
-0.03079 -0.06133 -0.15165
-0.01113 -0.05471 -0.15192
0.07290 -0.06684 -0.15132
-0.02973 -0.07985 -0.15086
0.04435 -0.06632 -0.15137
0.10094 -0.02214 -0.01391
0.08689 0.11560 0.08758
0.10591 0.10669 0.08915
-0.30106 -0.08407 -0.16430
0.23049 0.04878 0.08182
0.27938 0.03725 -0.10271
0.24738 0.04047 -0.11414
0.08880 0.00135 -0.16061
0.06011 0.11970 -0.11661
-0.30145 -0.02741 0.11793
-0.26082 0.12974 -0.08152
-0.00422 0.13005 0.08845
-0.13053 0.11671 -0.12430
-0.18683 0.09939 -0.13287
0.15824 -0.10964 -0.02764
-0.22214 -0.10932 -0.06508
-0.39723 -0.07191 0.12538
0.12405 -0.07342 0.01650
0.27053 -0.02098 0.18298
-0.09217 0.06887 0.07848
-0.38892 -0.09005 -0.03085
-0.22244 -0.05613 0.00873
0.03584 0.01244 -0.17618
-0.22079 0.13321 0.10376
0.18124 -0.10982 -0.13517
0.21527 0.05209 -0.05339
0.05544 -0.08382 -0.08694
-0.02071 -0.08424 -0.11192
0.07761 -0.08370 -0.07888
-0.00729 -0.08417 -0.10684
0.12849 -0.08341 -0.04123
0.01093 -0.08407 -0.10480
-0.02273 -0.08426 -0.12178
-0.25118 0.06604 -0.00249
0.15930 -0.09530 0.06274
-0.07670 0.02068 -0.13645
-0.05493 0.02595 -0.13590
-0.07622 -0.00660 0.09233
-0.09400 0.07350 -0.06691
-0.18335 0.02633 0.17737
-0.16911 -0.06804 -0.01921
-0.01237 -0.01870 -0.16450
0.00370 -0.01441 -0.16433
-0.00263 0.13853 0.09638
0.38141 0.01033 0.07197
0.41098 -0.05461 -0.11014
-0.08586 0.03036 0.02709
0.01587 0.13819 -0.05928
0.06938 0.00289 -0.15996
0.13691 -0.04704 -0.02322
0.11860 0.05834 -0.16836
-0.37409 0.01940 -0.10602
0.22633 -0.05705 -0.15197
0.20839 0.03690 0.12962
-0.39812 -0.04856 -0.13764
0.13695 0.08865 0.09973
0.14686 0.08369 0.09751
0.19379 -0.07986 0.15369
-0.12881 -0.05761 0.14171
0.21076 -0.10687 0.13310
-0.21198 -0.01113 -0.01796
0.15429 -0.10200 -0.08102
0.24089 -0.05703 -0.17073
0.30153 0.03283 0.10222
-0.07112 0.00114 0.13811
-0.07283 -0.00812 0.13944
-0.19698 -0.06804 -0.08925
-0.03953 0.03085 -0.16955
-0.05490 0.13694 0.10734
-0.39287 -0.09007 0.04135
-0.24361 -0.01102 0.02251
0.04034 -0.08449 -0.12060
-0.35463 -0.08482 -0.05870
-0.07259 -0.01397 0.01128
0.19874 -0.01483 -0.18210
0.25528 -0.10349 -0.14845
0.05733 0.13238 -0.03845
0.38896 0.00793 0.05755
-0.36597 0.05330 -0.04623
-0.33398 0.12886 0.02184
-0.27514 -0.05640 0.15709
0.27662 -0.13396 0.15248
0.27232 -0.02325 0.17773
0.31946 -0.06106 -0.15674
0.11845 -0.02499 0.06067
-0.02003 0.07470 0.14544
-0.04102 0.07868 0.14307
-0.31135 -0.10667 -0.10337
0.04770 -0.06812 0.08159
-0.24732 -0.06928 -0.11159
-0.34746 -0.08882 -0.10624
-0.30878 -0.08477 -0.10767
-0.33256 -0.10220 -0.10407
0.26309 0.03315 0.15104
0.23122 -0.00834 -0.16776
0.23319 -0.00689 -0.17687
-0.30160 0.13483 -0.00926
-0.32610 -0.06811 0.15977
-0.14250 0.14325 0.06276
-0.10530 0.14460 0.06403
-0.17492 0.14153 0.07487
0.05744 0.12911 0.06760
0.37311 -0.10144 -0.04501
-0.03384 0.03954 -0.16253
-0.20529 -0.04036 -0.02383
-0.29141 0.06963 0.12544
0.13672 -0.04702 0.01740
-0.38340 0.04296 0.03774
-0.26111 0.06441 -0.02686
0.37737 -0.00893 -0.12661
-0.16273 -0.03448 0.13614
-0.24709 0.06682 0.01158
-0.19141 -0.10788 0.17616
0.42271 -0.02593 0.02212
0.09791 0.09787 0.12027
0.08556 0.01723 0.06457
-0.42450 -0.06365 0.04001
-0.29176 -0.01045 -0.12598
-0.29235 -0.00959 -0.14723
-0.29143 -0.09052 -0.17166
0.18217 0.00981 0.17477
-0.05448 -0.07369 -0.15062
-0.32601 -0.04729 0.14320
0.08979 -0.03294 -0.16475
0.28522 -0.01466 0.13032
0.27099 -0.02711 -0.17075
-0.25057 -0.08118 -0.14923
-0.17237 -0.10794 0.12435
-0.18804 -0.10772 0.14554
0.02395 -0.04572 -0.05623
0.14857 0.01285 -0.15273
-0.34417 0.02574 -0.13871
0.25689 -0.09794 -0.16585
0.14587 -0.10847 -0.10831
0.13750 -0.10857 -0.14922
0.13579 -0.10858 -0.15455
0.13323 -0.10853 -0.13614
0.11811 -0.10858 -0.16005
-0.42033 -0.07573 0.02739
-0.25090 -0.01823 -0.16159
0.15374 -0.06288 0.12093
0.22303 -0.06233 -0.15726
0.09023 -0.11507 0.00630
0.10077 -0.11508 0.01452
0.09431 -0.11509 0.02494
0.06583 -0.11507 0.00148
-0.02642 -0.11507 0.00560
0.12886 -0.11510 0.02965
-0.09364 0.11675 0.12449
-0.15375 0.10040 0.13247
-0.10579 0.12092 0.12247
-0.24296 0.07732 0.09529
-0.39268 -0.07636 -0.13334
0.11507 0.06659 0.19881
0.13012 0.01595 -0.12712
-0.07802 0.00018 0.06917
0.13958 -0.06878 -0.01848
-0.24396 -0.00988 0.12881
0.01674 0.13956 -0.02157
0.41708 -0.05508 0.08710
0.01461 -0.06389 0.01171
-0.24774 -0.10326 0.15916
0.18433 -0.09008 0.04713
0.34456 0.00343 0.15200
-0.29839 -0.12448 -0.13087
-0.06897 0.03731 -0.07251
-0.13977 -0.06804 -0.05809
0.30972 -0.10015 0.07941
0.27401 -0.09714 0.06803
0.25341 -0.09604 0.07147
0.31201 -0.10135 0.09614
0.26650 -0.09593 0.05657
-0.34061 -0.04387 0.16466
-0.12500 -0.06657 0.00785
-0.41507 -0.00410 0.04772
-0.21950 -0.00036 -0.05367
0.07971 -0.08369 0.07912
0.11843 -0.08347 0.04826
0.08191 -0.08367 0.06854
0.09741 -0.08359 0.06495
-0.08341 -0.08459 0.14135
0.11223 -0.08350 0.05034
0.13630 -0.08337 0.03445
-0.23818 -0.05511 0.16832
-0.10445 -0.00825 -0.16427
0.27208 -0.03163 -0.16554
0.13595 -0.03971 -0.13538
-0.30829 0.13404 -0.00902
-0.25339 -0.04927 0.15046
-0.14073 -0.07798 0.15416
0.12303 -0.02607 0.17974
0.03271 -0.07165 -0.17866
0.05061 -0.08463 -0.17809
0.04948 -0.06379 -0.05509
0.24755 -0.06139 -0.17392
0.23439 0.04541 -0.10530
-0.30226 -0.05809 -0.16009
-0.16704 -0.01740 -0.16458
-0.09968 -0.07966 -0.00364
-0.27878 -0.12918 -0.16043
-0.06504 -0.05851 -0.01790
-0.24450 0.12187 -0.09060
-0.13454 -0.07165 -0.17859
-0.40453 0.01764 -0.06676
0.08447 0.10179 -0.11972
-0.23241 0.04974 0.00389
-0.33565 0.00958 -0.17300
0.13165 -0.01297 0.16145
0.02773 -0.03881 -0.02754
-0.11395 -0.11485 -0.05214
0.00925 -0.11389 -0.08375
0.00367 -0.11434 -0.06960
-0.11725 -0.11439 -0.06661
-0.09036 -0.11401 -0.07877
-0.12513 -0.11394 -0.08070
-0.12313 -0.11455 -0.06138
-0.41719 -0.11468 -0.07871
0.30414 -0.02291 0.17580
-0.37048 -0.01270 -0.16589
-0.18709 -0.04700 0.16846
0.28028 -0.09309 0.14250
0.10599 -0.07858 -0.17834
-0.11515 -0.04050 0.09247
0.01351 0.06890 0.14800
-0.26861 -0.10560 0.16351
-0.12550 -0.06720 0.06206
-0.04760 -0.05104 -0.10930
0.07848 0.02924 0.10859
-0.31979 -0.11975 -0.16970
-0.13408 -0.08931 -0.17747
0.02872 0.11724 0.10618
-0.27546 -0.10275 -0.14923
-0.11515 -0.04430 -0.05531
0.13114 0.07209 -0.12878
0.01482 -0.08557 0.03552
-0.29883 -0.04585 0.14749
-0.20029 -0.08769 0.18112
-0.20166 -0.08000 0.15992
-0.09045 0.14069 -0.02134
0.32870 -0.07978 -0.14137
0.32524 -0.07326 -0.11038
-0.25670 -0.10244 -0.16279
-0.22570 -0.04797 0.13332
-0.25034 -0.01430 -0.14073
-0.25403 -0.01108 -0.17157
0.12134 -0.09011 0.17641
0.30086 -0.04801 0.18313
-0.35449 0.03835 -0.12151
0.02837 0.12017 -0.09722
0.31420 0.02677 -0.14067
0.00931 -0.08181 -0.00348
-0.06468 -0.08103 -0.01155
0.02823 -0.08201 -0.00734
-0.01926 -0.02449 -0.18002
-0.03993 -0.01634 0.03363
-0.16875 -0.10496 -0.00318
-0.15542 -0.10914 -0.00525
-0.07542 -0.03634 -0.07319
-0.33153 -0.11743 -0.09578
0.02951 0.12072 -0.09177
-0.28519 -0.09979 -0.17027
-0.39984 -0.08347 0.10021
-0.07651 0.05571 0.07031
0.22150 0.04531 0.13361
-0.36445 0.03480 0.12060
-0.12825 0.14282 -0.08555
-0.24572 0.00131 -0.17892
-0.04181 -0.04166 -0.03938
-0.08947 0.12920 0.11393
0.00659 -0.04234 -0.12056
0.22478 -0.08180 -0.16091
-0.23807 0.05586 0.04338
-0.42459 -0.07096 0.00460
0.28743 0.03910 -0.07642
0.27562 0.04194 -0.06952
0.28283 0.04038 -0.07096
-0.07465 -0.02175 -0.13588
0.22781 -0.10908 0.17018
0.20477 -0.02849 0.11848
0.13679 0.05038 0.00246
-0.22102 0.03106 -0.14580
-0.24259 0.11916 0.10031
0.05651 -0.03468 0.18211
-0.05239 -0.06889 -0.01692
-0.36265 -0.09267 -0.00196
0.24770 0.04233 0.04233
-0.01849 -0.03581 0.16052
-0.01066 -0.06182 -0.01790
0.01643 -0.08564 -0.08141
0.02423 0.04506 -0.15823
-0.34985 0.10543 -0.00177
0.26875 -0.04128 0.11493
0.32895 -0.00588 0.16315
0.24962 -0.02018 0.16754
-0.25935 -0.02413 0.16142
-0.29546 0.11615 0.11369
0.11283 -0.01298 0.07128
-0.21051 -0.09034 0.14607
-0.28783 -0.01460 -0.15692
0.14681 -0.05434 -0.15202
-0.25595 0.02731 0.06040
0.29817 0.01099 -0.16419
-0.07337 0.04791 -0.09728
-0.25005 0.00900 -0.04210
-0.22738 -0.04425 -0.00617
0.16919 0.05223 0.04672
-0.29639 0.08810 -0.11725
-0.22400 0.02049 0.02989
0.00801 0.13139 -0.11163
-0.42548 -0.04532 0.06173
-0.12086 -0.08364 -0.16405
-0.24578 0.13010 0.10498
-0.10669 -0.07746 -0.15534
-0.23077 -0.12894 -0.14053
-0.05849 -0.08024 -0.01411
-0.08190 -0.07991 -0.00426
0.31985 -0.04185 -0.16279
-0.23292 -0.04762 0.18432
0.02212 0.05760 -0.15230
-0.26455 0.12932 -0.10156
0.03957 -0.00788 0.16153
0.06269 -0.01587 0.16177
0.05563 -0.00986 0.16155
0.10882 0.02508 0.00005
-0.25897 0.03666 -0.11485
-0.28794 -0.05806 0.15785
0.20964 -0.03464 0.18285
0.34281 -0.10006 0.06349
-0.07636 -0.05594 0.11869
-0.25898 0.03662 -0.02373
0.27015 0.00576 -0.17516
-0.20581 -0.06047 -0.15420
-0.41486 -0.02148 -0.06853
-0.37444 -0.02138 -0.16723
-0.18456 -0.10797 -0.10493
0.02437 0.10877 -0.12959
0.21874 -0.12203 0.16377
-0.10139 -0.10843 0.11160
-0.04585 -0.10844 0.12282
-0.03074 -0.10844 0.11347
-0.11764 -0.10843 0.15235
-0.11831 -0.10843 0.13598
-0.13290 -0.10843 0.15890
-0.00812 -0.10844 0.10364
-0.13454 -0.10843 0.14001
-0.04843 -0.10844 0.10909
0.01271 -0.10844 0.09947
-0.10820 -0.10843 0.11522
0.00214 -0.10844 0.10653
-0.07942 0.10500 0.05598
0.29479 -0.02579 -0.16443
0.26531 0.04657 -0.00356
-0.35230 0.09244 0.03523
-0.36035 0.06523 0.04632
-0.35748 0.08257 -0.00672
-0.22373 -0.05284 0.10506
-0.14337 -0.03257 0.13601
-0.01729 -0.08561 -0.07263
-0.30018 0.12998 -0.08406
0.30190 -0.03816 0.12858
-0.26549 -0.02109 -0.16948
0.06109 -0.08634 -0.15997
-0.02209 -0.08203 -0.15280
-0.22710 -0.12349 -0.17776
-0.35753 -0.08763 0.16184
0.04825 -0.06693 -0.13273
-0.29308 -0.11424 0.15929
0.11913 -0.00318 -0.12436
-0.22734 -0.07584 0.13926
0.04723 -0.06484 0.00803
-0.03536 -0.06296 0.00962
-0.07599 -0.04880 0.10968
-0.25688 0.13740 -0.03935
0.24484 0.04003 -0.06239
-0.04701 -0.04537 -0.09496
0.42868 -0.05084 -0.00228
-0.05283 -0.07602 -0.17844
-0.34253 -0.08800 0.14449
-0.15624 0.02731 -0.17413
-0.24965 0.13696 0.05608
0.29720 -0.13118 -0.16230
0.37078 0.01468 -0.09021
0.14668 -0.10837 -0.15311
-0.18371 0.04236 0.14944
