0.45461 -0.03115 0.00967
-0.44542 -0.01530 0.11732
0.05767 -0.01908 0.03757
0.17648 0.05060 0.08649
-0.03748 0.03035 0.09449
-0.23628 -0.01383 -0.15054
-0.06494 -0.04712 0.14553
0.04163 -0.04546 0.14616
-0.25830 0.04903 -0.13031
-0.02058 0.01533 -0.12403
-0.17261 0.02908 0.12403
-0.11146 0.02573 0.12281
-0.23830 0.04738 0.08054
-0.25833 0.04724 0.10072
-0.25269 0.04728 0.11507
-0.25226 0.04728 0.05813
-0.25294 0.04728 0.07953
-0.22868 0.04745 0.12036
-0.26927 0.04716 0.01867
-0.23035 0.04744 0.07791
-0.24936 0.04730 0.12131
-0.21757 0.04753 0.10736
-0.26506 0.04719 0.02301
-0.27232 0.04714 0.09960
-0.24618 0.04733 0.08885
0.27976 -0.01151 0.11169
-0.08523 -0.01802 -0.04433
0.11695 0.01894 -0.02984
0.45056 -0.02071 0.04684
-0.03580 0.03604 0.04779
0.17367 0.04408 -0.10506
0.15715 0.00439 -0.04500
0.12431 0.01399 -0.02237
0.15463 0.00513 -0.05273
0.15286 0.00565 -0.04478
0.13223 0.01167 -0.04244
0.16797 0.00123 -0.03746
0.12875 0.01269 -0.10459
0.12283 0.01442 -0.10400
0.16973 0.00072 -0.04495
0.14043 0.00928 -0.06360
0.13996 0.00942 -0.02346
0.12631 0.01340 -0.07668
0.14858 0.00690 -0.05648
-0.22491 0.06520 0.12601
-0.21148 0.06076 0.12827
-0.24978 0.04870 0.13443
-0.21481 0.07077 0.12316
-0.18784 -0.03264 0.11763
-0.38170 0.04286 -0.13324
0.25523 0.01864 0.11236
0.24451 0.01720 0.09992
-0.17391 0.02293 0.11095
-0.03693 0.03193 0.08614
0.14347 0.00053 0.14675
0.08015 -0.00043 0.14702
0.09675 -0.00459 0.14781
-0.00543 -0.00202 0.14744
0.00981 -0.00070 0.14716
0.03794 -0.00012 0.14701
-0.05612 0.00190 0.14674
-0.23263 0.09661 0.10336
-0.11413 0.00241 0.12269
-0.16364 0.00241 0.11766
-0.05403 0.04452 -0.02347
-0.18169 0.04027 -0.02683
-0.18805 0.03928 0.01412
0.25151 -0.05484 -0.12548
0.25631 -0.00795 -0.13184
0.02602 -0.02271 0.07128
-0.40569 0.04410 0.09038
-0.20779 -0.01324 -0.11539
0.41461 0.01718 -0.09636
0.24643 -0.02370 0.13312
0.24719 0.00669 0.14102
-0.20157 0.04164 -0.08258
-0.20746 -0.02518 0.12480
-0.41292 0.03297 -0.11224
-0.37891 0.02511 0.13825
-0.36605 0.01922 0.14029
-0.41058 -0.01068 0.11326
-0.16752 0.00494 0.12403
-0.08054 -0.01824 0.04311
0.43720 -0.01807 0.12482
0.31742 0.02319 -0.14425
0.16911 0.05302 -0.10328
0.12178 0.05696 0.06375
0.12412 0.05691 0.05554
-0.18367 0.04536 -0.06451
-0.04686 0.04817 -0.03937
-0.20173 -0.02397 0.13896
-0.43339 -0.01118 -0.14005
-0.07536 -0.02888 -0.10979
-0.07572 -0.02994 0.01957
-0.07746 -0.03505 -0.03541
-0.07573 -0.02998 -0.04654
-0.07787 -0.03626 -0.02976
-0.07585 -0.03033 -0.00711
0.16579 0.00529 0.06495
-0.14896 -0.02530 -0.10731
0.29270 -0.09813 0.13939
0.14849 0.01941 0.14655
0.22556 -0.01079 0.14273
0.03151 0.01232 0.14559
0.38737 -0.06087 0.12741
-0.03962 0.07259 -0.05353
0.02423 0.10460 -0.09658
-0.16920 0.10444 -0.09692
-0.03247 0.10427 -0.09730
-0.06863 0.10194 -0.10724
-0.16936 0.00591 -0.06109
0.11103 0.01630 0.14617
-0.43693 -0.02194 -0.02319
0.23867 -0.06920 0.12782
-0.44214 -0.00508 -0.00668
-0.43660 -0.00508 -0.01756
0.30069 -0.06714 0.14238
-0.13658 -0.02251 0.08353
-0.00663 -0.02987 0.05554
-0.01223 -0.02042 0.05303
-0.01229 -0.01763 0.08433
-0.01421 -0.01674 0.05625
-0.01413 -0.01356 0.09484
-0.01134 -0.01879 0.08984
0.17766 0.04600 0.01197
0.18755 0.04643 0.03702
0.18389 0.04628 0.02713
0.08623 -0.04940 -0.00190
-0.27046 -0.06113 -0.11094
0.10691 0.05479 0.02974
0.08067 0.01540 0.12403
-0.04371 0.05514 -0.08163
-0.27336 -0.04435 0.11094
0.31201 0.03395 0.11731
0.29825 0.03502 0.11515
0.30778 0.03445 0.11024
0.29266 -0.03904 -0.14037
-0.03586 0.02746 -0.05592
-0.03671 0.02994 -0.04086
-0.02208 0.02040 -0.14561
0.01054 -0.02934 0.12403
-0.09951 -0.02457 -0.12403
-0.42069 0.01891 -0.01655
-0.03591 0.10822 0.07706
-0.04331 0.10848 0.07447
-0.00007 0.10752 0.08391
-0.11470 0.10841 0.07518
0.04705 0.10806 0.07859
-0.18692 0.07677 0.05045
0.14015 -0.05201 -0.01011
-0.09369 0.02031 -0.12290
0.18142 0.04563 0.06310
0.16700 0.04403 0.10009
0.15249 0.04377 0.08904
0.16663 0.04478 0.07275
0.43438 -0.01067 -0.05032
-0.16221 0.11122 -0.01577
-0.16683 0.11122 -0.01557
0.07347 -0.02089 0.00557
0.24427 -0.02927 0.14091
-0.28369 -0.05427 -0.13312
-0.05491 0.04294 -0.05856
-0.45408 -0.02251 0.00740
-0.02609 0.01981 0.02549
-0.25243 -0.04505 -0.13327
-0.20697 0.00800 -0.13868
-0.17949 0.01909 -0.06181
-0.07723 0.02966 0.14540
-0.25264 0.06705 0.11699
0.09030 0.09757 0.09122
0.29719 0.01912 -0.14649
0.09494 0.02268 0.12290
0.06005 -0.01718 0.08155
-0.03794 -0.01033 0.12403
-0.16839 0.00294 -0.10569
-0.13365 0.01428 -0.14628
-0.09664 -0.01695 0.03416
0.00407 -0.02564 0.07450
-0.22309 -0.02321 -0.13928
-0.41430 -0.03679 0.07318
-0.41767 -0.03454 0.06859
-0.42731 -0.02790 0.06040
0.13083 0.03174 0.11015
-0.44257 -0.01159 0.11256
-0.07493 -0.02461 -0.04072
-0.10435 0.02103 0.12357
-0.27063 0.05968 -0.09239
-0.27249 0.06108 -0.06664
-0.27636 0.05212 -0.06082
-0.12959 -0.02470 0.08610
-0.04189 0.03584 0.11266
0.42806 0.00646 -0.03179
0.03702 -0.04946 -0.14419
0.08705 -0.04844 -0.14462
0.13844 -0.04390 -0.14678
0.28517 -0.02654 -0.11395
-0.07050 0.03333 -0.14270
0.10926 0.03563 0.03836
-0.14661 -0.02016 -0.12329
-0.12724 -0.00356 -0.12329
-0.13079 -0.01833 -0.12329
-0.15004 -0.01267 -0.12329
-0.14901 0.00271 -0.12329
0.26831 -0.01915 0.11886
-0.23194 -0.00927 0.11620
-0.18216 -0.09381 -0.14077
0.44162 -0.01754 -0.06711
-0.28160 -0.05980 -0.11531
0.08238 -0.02212 0.00677
-0.19816 -0.04699 -0.12794
-0.42078 0.03186 -0.05839
0.24300 -0.09089 -0.13303
-0.21645 -0.08400 0.13983
-0.04007 0.00678 -0.12403
-0.09446 -0.01617 0.02061
0.27426 -0.02150 -0.13941
-0.38799 -0.01579 0.10433
-0.05883 -0.04544 -0.00810
0.08884 -0.03183 -0.00636
-0.05253 -0.04285 -0.00777
-0.01360 -0.03973 -0.00737
0.03252 -0.03707 -0.00703
-0.01430 -0.02948 -0.00606
-0.08658 -0.03615 -0.00691
-0.04650 -0.03477 -0.00673
0.14236 -0.03070 -0.00621
0.03968 -0.03316 -0.00653
-0.06126 0.00007 -0.12403
-0.14301 -0.04009 -0.14905
-0.17230 -0.02544 0.11127
-0.14901 -0.02792 -0.07043
-0.14331 -0.02696 -0.04115
-0.45057 -0.01360 0.07302
0.12226 0.01266 0.14547
0.02706 0.01053 0.14527
0.01853 0.00975 0.14514
-0.03656 -0.02442 -0.00367
-0.08801 -0.02421 -0.00355
0.11647 0.03699 0.01208
0.27316 0.00390 0.11173
0.26213 -0.08365 -0.13945
-0.14365 -0.02821 -0.04577
-0.09676 -0.01867 -0.06293
-0.12399 -0.02422 -0.04692
-0.13301 -0.02605 -0.04270
-0.13950 0.02372 -0.14563
-0.23896 -0.06073 -0.13844
-0.03321 0.01907 0.06492
-0.41967 0.02248 0.00452
0.07036 -0.02191 0.15077
0.03012 -0.02242 0.15088
-0.04079 -0.02520 0.15107
0.23597 -0.03663 0.12781
-0.08875 0.02019 -0.12290
-0.14542 -0.02502 -0.05727
-0.41568 -0.03228 0.12269
-0.12462 0.09255 0.11330
-0.36345 -0.02597 -0.14447
-0.14040 -0.02400 -0.06298
0.29032 -0.06778 -0.11513
-0.26158 -0.03564 0.11683
-0.45420 -0.01407 -0.00481
0.13497 0.07005 -0.10329
0.16792 0.05036 -0.10716
0.10920 0.08543 -0.10028
-0.45137 -0.00988 0.06403
-0.19918 -0.10756 0.13641
0.20867 -0.03669 -0.14273
-0.18245 -0.03533 -0.13389
0.12262 0.02792 0.04738
0.13797 0.02794 0.04199
0.11523 0.02778 0.08236
0.12258 0.02797 0.03281
0.12590 0.02793 0.04348
0.24542 0.03181 -0.14168
0.38900 -0.01754 0.14491
0.06614 -0.01804 -0.08850
-0.17515 -0.09002 -0.13679
0.13763 0.05100 0.04408
0.21590 -0.00418 0.12996
0.15810 -0.01914 0.15266
0.07947 -0.01953 0.15312
0.04123 -0.01783 -0.03086
-0.18214 0.02805 0.08244
-0.18033 0.02538 0.06434
0.07768 0.01267 -0.14556
0.06730 0.01110 -0.14529
-0.20251 -0.09941 0.14273
0.40151 0.02382 -0.05438
0.43498 -0.02495 -0.13563
-0.08627 -0.01939 0.06852
0.42254 -0.00494 0.08321
0.31505 -0.05221 0.11268
0.42816 -0.00276 0.09304
-0.42865 -0.02712 0.04715
-0.41858 -0.03447 0.01331
-0.20076 -0.03356 -0.14040
0.03097 -0.02140 -0.05056
-0.17981 0.03030 0.06976
0.28726 -0.10473 0.12057
-0.17253 -0.02491 0.14241
0.22242 -0.07294 0.12336
-0.19455 0.07920 0.05196
0.24979 -0.03962 0.13776
-0.00481 0.03318 0.14238
-0.17595 0.02712 -0.00540
-0.40341 0.03980 -0.12663
0.10659 -0.01977 -0.15067
-0.06520 -0.02389 -0.15114
0.05664 -0.02106 -0.15080
0.00552 0.02649 -0.12290
0.01030 0.02398 -0.12290
-0.26551 -0.08032 -0.14273
-0.41394 -0.02724 0.13399
-0.21774 -0.09281 -0.11414
-0.24465 -0.01467 0.11900
-0.32689 0.02997 -0.14196
-0.38407 -0.05415 -0.06582
-0.38937 -0.05163 -0.08421
-0.38899 -0.05203 -0.07211
0.18529 0.04614 0.04569
-0.38330 -0.01595 -0.11137
-0.17136 0.00292 0.09284
0.10371 0.00275 0.12403
-0.02787 0.00864 0.08960
-0.03143 0.01389 0.09310
-0.11605 0.03058 -0.14523
0.13724 -0.01424 0.12403
0.14331 -0.00471 0.12403
0.12692 -0.00812 0.12403
0.14317 -0.04094 0.12403
0.09897 0.02028 0.12403
0.13770 -0.00161 0.12403
-0.16205 0.00897 -0.00734
-0.15779 0.00897 -0.01725
-0.16660 0.00897 -0.00986
-0.16783 0.00897 -0.02636
-0.17075 0.00897 -0.00511
-0.40205 -0.04623 -0.10090
-0.39555 -0.04911 -0.08635
0.23727 -0.08765 0.11734
0.19776 -0.06970 -0.12550
-0.18872 0.04790 0.01768
-0.15236 -0.02017 -0.05572
0.10943 0.00948 -0.12403
0.14614 -0.02024 -0.12403
0.14548 0.01109 -0.12403
0.13885 0.01247 -0.12403
0.14374 -0.03877 -0.12403
0.14540 0.02328 -0.12403
0.10764 0.02022 -0.12403
0.42062 -0.04519 0.07461
0.41564 -0.04804 0.06499
-0.22186 -0.01626 0.13942
0.32564 -0.04610 0.11820
0.32573 -0.04682 0.09339
0.37181 0.02289 -0.12692
0.37736 0.02140 -0.12821
0.15684 -0.04215 0.07706
-0.29738 -0.06170 -0.12921
0.42175 -0.02037 -0.14215
-0.13282 0.02472 -0.12290
-0.17301 0.02564 -0.12290
0.00840 -0.02286 0.03553
0.42060 -0.04618 -0.11855
0.19131 0.04000 0.06645
-0.19919 -0.06087 0.14073
-0.05337 0.04033 0.02298
-0.25408 -0.01606 -0.14240
0.40558 -0.06216 0.10113
0.45059 -0.02296 -0.07031
0.40870 -0.06048 -0.10328
-0.03966 0.03967 -0.10433
0.19725 -0.06349 0.11576
-0.08707 -0.03588 0.15104
-0.10584 0.00024 -0.14715
-0.08825 0.00106 -0.14695
0.17939 -0.02346 0.03740
0.17714 -0.03118 0.05654
0.17589 -0.03547 0.05185
0.17728 -0.03068 0.03506
0.17527 -0.03758 0.06495
0.17232 -0.04767 0.06609
0.17540 -0.03713 0.02979
0.18064 -0.01919 0.03099
0.17316 -0.04480 0.05764
0.17439 -0.04057 0.09443
-0.41904 0.03523 -0.03802
0.17547 0.03814 -0.13907
-0.25605 -0.02818 -0.13939
-0.08869 -0.01931 -0.08269
-0.39260 -0.04468 -0.12836
-0.40324 0.04571 -0.07017
-0.03206 0.03436 0.10337
-0.25345 0.05847 -0.12375
-0.26425 -0.05448 -0.12721
-0.27219 0.06612 -0.01189
-0.26586 0.08698 -0.00947
0.42439 -0.00065 -0.11313
0.10014 -0.01413 -0.00913
-0.14551 -0.02733 0.08192
-0.19422 -0.03688 0.13373
0.23167 -0.04735 -0.12725
0.04137 -0.02038 -0.03934
0.06400 -0.03684 -0.15021
-0.45209 -0.01571 0.02334
0.16444 -0.00787 0.07365
0.14692 0.04548 0.07160
0.13951 0.04977 0.07040
0.11845 0.01623 0.06886
0.41217 0.00839 -0.12485
-0.27590 -0.07687 0.13904
0.39019 -0.06259 -0.12293
0.44397 -0.03501 -0.00714
0.31454 0.03642 -0.05136
0.20377 0.04266 -0.04765
0.22807 0.04129 -0.03241
0.29030 0.03778 -0.04411
0.23000 0.04118 -0.03835
0.28470 0.03810 -0.03855
0.20772 0.04244 -0.04018
0.24479 0.04035 -0.03421
0.20719 0.04247 -0.05261
0.26457 0.03923 -0.04603
0.30825 0.03677 -0.05134
-0.17426 -0.04708 -0.14254
-0.08662 -0.01887 0.04628
-0.41843 0.01830 0.08878
0.29752 -0.06275 0.12274
-0.08020 -0.01788 0.02447
-0.03493 -0.01632 0.12403
0.42337 0.00499 -0.10922
-0.19040 -0.04300 0.12208
-0.25286 0.07151 0.11746
0.10235 -0.01682 0.01303
0.11660 0.00852 0.00546
-0.15493 0.03328 0.14249
0.11375 0.02874 0.01293
-0.21264 -0.01925 0.13626
0.00566 0.11122 0.02040
-0.05543 0.11122 0.01810
0.00732 0.11122 0.00594
0.04471 0.11122 0.01232
-0.01080 0.11122 0.01343
-0.03680 0.11122 0.01625
-0.09372 0.11122 0.02019
-0.10083 0.11122 0.02005
-0.15941 -0.01272 0.07796
-0.25716 -0.09978 -0.11546
0.13651 0.04303 0.14807
-0.19754 -0.02852 -0.13733
0.13575 0.04539 -0.17337
-0.07695 -0.01989 -0.04968
-0.21469 -0.01688 -0.13977
-0.20033 0.04430 0.08264
-0.17367 0.02211 0.10590
0.10915 0.03880 0.02501
-0.24006 -0.01182 0.11219
-0.22080 0.10039 -0.10086
0.01923 -0.02479 0.07278
0.04722 -0.01914 0.08836
0.03815 -0.02098 0.08478
0.01311 -0.02605 0.08253
-0.22264 0.00303 0.14755
-0.20092 -0.00427 0.14821
-0.19826 0.05662 -0.05333
-0.00070 -0.02756 0.03774
0.03457 -0.01938 0.06661
-0.00524 0.00527 -0.01292
0.01648 0.00527 -0.00836
-0.01990 0.00527 -0.01410
0.00511 0.00527 0.00114
0.04854 0.01424 0.06044
-0.19706 -0.09837 -0.11094
-0.11186 -0.05201 0.00326
-0.10166 -0.05201 -0.04023
-0.13734 -0.05201 -0.02530
-0.08603 -0.05201 -0.02282
-0.12654 -0.05201 -0.04020
-0.09531 -0.05201 -0.06179
-0.08889 -0.05201 0.01587
-0.08465 -0.05201 0.00264
-0.08368 -0.05201 -0.10301
-0.12384 -0.05201 -0.02761
-0.09916 -0.05201 -0.07136
-0.09941 -0.05201 -0.01966
-0.10735 -0.05201 0.01468
-0.08808 -0.05201 -0.00811
-0.12873 -0.05201 0.00626
-0.08563 -0.05201 -0.09387
-0.12282 -0.05201 -0.00756
-0.11145 -0.05201 -0.05811
0.31814 0.03591 -0.05378
0.02786 0.10989 -0.07447
-0.11947 0.11096 -0.03391
-0.03588 0.11041 -0.05475
-0.07924 0.11032 -0.05828
-0.12518 0.11081 -0.03935
-0.07397 0.11065 -0.04552
-0.12162 0.11053 -0.04998
-0.06893 0.11023 -0.06165
-0.12484 0.11006 -0.06818
-0.05421 0.11021 -0.06233
-0.12955 0.11089 -0.03627
-0.12773 0.11107 -0.02969
-0.08081 0.11053 -0.05007
0.02705 0.11002 -0.06946
-0.08401 0.10991 -0.07382
-0.06050 0.11066 -0.04523
0.09909 0.07964 0.11555
-0.10633 0.00766 0.12290
-0.25695 -0.08975 0.11094
-0.41237 0.03336 0.11575
-0.01520 -0.05873 -0.13739
-0.08094 -0.05909 -0.13709
0.05390 -0.05799 -0.13799
0.27997 -0.09745 0.11094
-0.40160 -0.04660 0.09041
-0.39770 -0.04781 0.10999
-0.17573 0.03061 0.14476
0.13306 -0.05082 0.01624
0.11403 -0.04529 0.01577
0.11038 -0.04225 0.01551
0.08873 -0.04288 0.01556
0.17895 -0.04190 0.14774
-0.00857 -0.02890 -0.03928
-0.14641 0.02728 0.14559
-0.16928 0.02851 0.14546
0.18401 0.04182 -0.12838
0.19291 0.03767 -0.13392
-0.04107 0.04682 0.04183
-0.38963 0.03278 0.13589
0.27842 -0.02020 0.14026
0.14001 0.05862 0.12381
0.09518 -0.02564 0.00428
-0.40304 0.00796 0.13834
0.11584 0.03144 0.05939
0.18796 0.04140 0.00524
-0.18973 -0.03653 0.11490
-0.11619 -0.01642 -0.15043
-0.12968 -0.01525 -0.14998
0.43691 -0.03664 0.06978
0.15773 0.04436 0.00120
0.16598 0.04505 -0.00462
0.15091 0.04380 -0.00625
0.14353 0.04319 0.03794
0.14237 0.04310 -0.01773
0.14369 0.04321 -0.06089
0.16464 0.04494 0.00895
0.15052 0.04377 0.01187
0.16886 0.04528 0.01168
-0.15230 -0.05331 -0.14166
-0.23781 -0.01915 -0.11493
-0.43204 -0.02477 0.01632
0.40064 -0.05742 -0.12531
-0.16803 0.03572 0.14127
0.40407 -0.06127 0.11075
0.17796 -0.01241 -0.14928
-0.21061 -0.09184 -0.13295
0.06221 0.02452 0.14548
-0.05489 0.02209 0.14567
0.12885 0.02530 0.14537
0.03295 0.02386 0.14553
0.27506 -0.00843 -0.14218
-0.25003 -0.08247 -0.14096
0.12541 -0.02554 0.15094
-0.15969 -0.01448 0.09101
-0.02683 0.00968 -0.06284
0.43329 -0.00773 0.02346
0.15521 0.04399 0.05399
0.18278 0.04596 0.05024
0.14762 0.04345 0.09209
0.17806 0.04562 0.04946
-0.13146 0.02316 -0.14492
-0.03500 -0.00954 -0.12403
-0.17303 0.01177 -0.06437
-0.16599 -0.05166 0.11129
-0.15735 -0.01317 -0.03709
-0.02632 0.00782 -0.03607
-0.40815 -0.04281 -0.06252
0.21527 -0.04026 -0.13479
-0.11496 0.01978 0.12290
0.21585 -0.09091 0.11181
-0.23707 0.02924 0.14490
0.11903 -0.02836 0.12403
0.23416 0.04006 0.08749
0.23582 0.03983 0.10309
0.22629 0.04073 0.07313
0.22549 0.04063 0.09734
0.20750 0.04208 0.07734
0.24159 0.03954 0.08346
0.21776 0.04139 0.06862
0.24115 0.03963 0.07407
0.26129 0.03807 0.08746
0.20292 0.04252 0.06079
0.21196 0.04174 0.08008
0.41961 0.01739 -0.05482
-0.43915 -0.02068 0.09525
-0.24198 0.10040 -0.03883
-0.13426 0.10661 -0.09633
-0.11249 0.10720 -0.09457
-0.15703 0.10671 -0.09603
-0.25761 -0.03854 -0.11480
-0.17369 0.01409 0.14604
-0.19215 0.02435 0.14534
-0.20053 0.02612 0.14534
-0.19775 0.10348 -0.09987
-0.02023 0.00145 -0.03263
0.36967 0.02775 -0.05447
0.42523 -0.00659 0.09973
0.13372 0.01313 0.06102
0.09730 0.00451 -0.12403
-0.18567 -0.01678 -0.14273
-0.32580 -0.05148 -0.13680
-0.23058 0.10142 -0.04703
-0.42297 -0.02691 -0.12367
-0.15979 -0.01486 -0.05043
0.11006 0.01227 -0.01888
-0.22963 0.09136 0.10958
-0.12674 -0.04549 -0.14647
-0.19224 -0.00325 -0.12403
-0.44799 -0.00695 0.08874
-0.14799 0.02124 0.12290
-0.19764 0.06255 -0.09247
0.28057 -0.03583 0.12756
-0.19759 0.10607 -0.06426
-0.21876 0.10321 -0.05967
-0.20047 0.10551 -0.07103
-0.21554 0.10340 -0.07121
-0.19377 -0.01461 0.14995
0.21835 0.00476 -0.14746
0.26333 -0.07062 0.14232
-0.42290 0.00922 -0.02123
0.21491 -0.05825 0.11759
-0.19722 0.04740 -0.02567
0.41562 -0.04847 -0.12438
0.09992 0.09714 -0.00778
-0.17089 0.00707 0.08786
-0.27864 -0.05415 -0.11167
0.36219 0.01585 -0.13917
-0.12329 -0.02402 0.15088
0.04148 0.00757 0.12290
-0.00930 0.00698 0.12290
-0.04386 0.00849 0.07531
-0.05617 0.03733 0.03360
-0.05009 0.02307 0.05821
-0.04574 0.01288 0.08636
-0.03822 -0.00474 0.06460
-0.05101 0.02524 0.05163
-0.03833 -0.00448 0.04824
-0.03805 -0.00514 0.05714
-0.04652 0.01471 0.04884
-0.05423 0.03279 0.05033
-0.05187 0.02725 0.07857
-0.05188 0.02728 0.04547
-0.03343 -0.01595 0.04650
-0.05382 0.03181 0.04214
-0.17556 -0.02542 0.12403
0.43103 -0.00208 0.03921
-0.31218 0.04601 -0.13644
0.23730 -0.06415 -0.13670
0.42951 -0.03710 -0.11966
-0.35351 0.04526 0.13367
0.00943 -0.02199 -0.02130
-0.41916 0.03107 0.00514
0.12105 -0.03789 -0.14966
0.24159 -0.07614 -0.13475
-0.23687 0.10173 0.01172
0.07257 0.10500 0.08095
-0.42546 -0.00379 -0.07579
-0.18810 0.04775 -0.01837
0.11497 -0.04260 -0.14748
0.00454 -0.04529 -0.14633
-0.18097 0.03738 0.01549
-0.00016 -0.01301 0.02164
-0.00172 -0.00173 0.02164
0.00088 -0.01768 0.02164
0.01602 -0.00861 0.02164
-0.00953 -0.00877 0.02164
0.02087 -0.01453 0.02164
0.15309 0.01488 0.14582
-0.20848 0.00729 -0.12403
0.19632 -0.01971 -0.11998
0.01576 0.00772 -0.12290
0.00595 0.01029 -0.12290
-0.41192 -0.01555 0.10301
-0.42467 0.00270 0.01985
-0.19105 -0.05203 -0.13416
-0.24477 0.01652 0.14646
0.02444 -0.05935 0.13695
0.12009 -0.05821 0.13786
-0.00497 0.02019 -0.12290
-0.01996 0.01963 -0.12290
-0.19333 0.01136 0.12403
-0.17950 -0.07624 0.14273
0.41684 -0.04165 0.13208
0.12690 0.02772 -0.01813
0.12443 0.02772 -0.01082
0.13616 0.02771 -0.01502
-0.18571 -0.02826 -0.13081
0.28790 -0.04929 0.13458
-0.27694 -0.05906 -0.14238
0.06678 -0.04087 -0.04477
0.07051 -0.02989 -0.04243
0.06666 -0.04121 -0.05394
0.07028 -0.03056 -0.08827
-0.08165 -0.01877 0.07938
-0.18563 0.06424 0.05660
-0.14957 -0.04511 -0.12403
0.43060 -0.00859 0.08860
-0.01326 -0.01322 -0.05001
-0.27463 -0.01799 0.12080
0.35441 -0.02418 0.14982
-0.16957 -0.07447 -0.11226
-0.10857 0.04081 0.13943
0.23608 -0.05584 -0.12426
-0.03693 0.03059 0.08188
-0.03383 0.02151 0.08723
-0.41852 -0.01634 0.10934
0.12621 0.04875 0.09999
-0.12946 -0.04028 -0.12403
-0.07332 -0.02633 -0.12403
-0.17624 0.01183 -0.07866
-0.17485 0.00977 -0.05395
0.24716 -0.05268 -0.13759
-0.15368 -0.02410 0.09726
-0.15670 -0.01964 0.07946
-0.22716 -0.10460 -0.14273
0.17915 -0.06020 0.13636
-0.16500 -0.00764 -0.04137
-0.17408 0.00926 0.08480
-0.16070 -0.01638 0.04580
-0.16362 -0.01079 0.05855
-0.17396 0.00903 0.04064
-0.17388 0.00887 0.05674
-0.17108 0.00352 0.04405
-0.19797 0.04669 0.05473
0.05491 -0.01889 0.07797
0.29070 -0.01269 0.11094
0.01514 0.02125 -0.14555
0.23629 -0.10614 -0.11348
0.13571 0.04218 -0.11486
0.12486 0.04296 -0.01945
0.13242 0.04419 -0.01897
0.30491 -0.07916 0.11130
0.31368 -0.01115 0.12965
0.31439 -0.01206 0.09905
0.15015 0.03778 0.03080
-0.14321 -0.02632 -0.06560
-0.09121 -0.01608 -0.00254
-0.18351 0.09390 -0.11136
0.32235 -0.02847 0.08846
0.31871 -0.01975 0.13803
0.34624 -0.01944 0.15050
-0.12571 -0.01886 0.15080
0.11980 0.06275 0.12740
-0.29467 0.00697 -0.14827
-0.27441 0.00360 -0.14872
-0.17348 0.00099 -0.14643
-0.20151 0.04220 0.07862
-0.15730 0.10826 0.07666
0.09297 0.10108 -0.03043
-0.16037 0.03501 -0.14004
-0.42378 0.00731 -0.03967
-0.23901 -0.08035 0.13976
-0.01408 0.00698 -0.10998
0.00842 -0.02176 -0.10998
0.02270 -0.01794 -0.10998
-0.00598 -0.01845 -0.10998
0.04901 -0.01362 -0.10998
-0.00213 -0.02192 -0.10998
-0.43928 -0.01592 0.11521
-0.05407 0.01463 -0.12403
-0.03845 0.02387 -0.12403
-0.17358 0.02070 -0.03605
0.40709 -0.06203 -0.09431
0.27556 -0.07359 0.13542
0.41928 -0.04421 -0.10717
0.43181 -0.03959 -0.07429
0.45173 -0.02272 0.03327
-0.15354 -0.02431 -0.06664
-0.15476 -0.02250 -0.04954
0.31027 -0.00672 -0.14709
0.23193 -0.06138 -0.12616
0.22567 -0.01510 -0.14239
-0.20378 -0.01238 -0.11364
0.14647 0.03689 0.10740
-0.18689 0.10896 -0.06209
-0.17854 0.11035 -0.05341
-0.18159 0.10965 -0.06507
-0.41884 0.03391 0.06707
-0.41846 0.03236 0.08198
-0.16726 0.00287 0.06550
0.25528 0.00769 -0.14105
-0.23919 0.09937 -0.06088
0.29864 -0.09009 -0.14154
0.24071 0.00677 -0.14003
0.15312 -0.01898 0.15216
0.17107 -0.01898 0.15092
-0.10702 -0.01712 -0.08189
0.26195 -0.03269 0.13904
-0.04344 0.02039 -0.14508
0.07699 0.02301 -0.14546
0.10104 0.02280 -0.14542
-0.00254 0.02273 -0.14558
0.14542 -0.00192 0.07115
0.02430 -0.02300 -0.04790
0.20893 -0.03316 -0.11094
-0.20075 -0.08163 -0.14028
-0.18677 0.00936 -0.12403
-0.09769 -0.03590 0.15119
-0.20968 -0.05502 0.14416
-0.19568 0.02490 -0.14490
0.25395 -0.07021 -0.12437
-0.25006 0.07914 -0.11347
-0.40753 -0.04400 0.02121
-0.23817 -0.10248 -0.14273
-0.09094 -0.01887 -0.06782
-0.08835 -0.01887 -0.07454
0.02421 -0.04715 0.11294
0.00539 -0.03499 0.11294
-0.00483 -0.00107 0.11294
0.01699 -0.04488 0.11294
-0.01452 -0.01373 0.11294
-0.03348 -0.00055 0.11294
-0.01436 -0.04973 0.11294
-0.00410 -0.04548 0.11294
0.00111 -0.01746 0.11294
-0.03118 -0.00780 0.11294
0.05095 -0.05196 0.11294
0.00804 -0.02505 0.11294
0.01150 -0.04167 0.11294
-0.40534 -0.01512 0.11718
0.11185 0.01679 0.00207
0.11349 0.05382 0.09450
-0.43595 -0.01153 -0.10850
-0.14881 -0.02364 -0.00820
-0.13272 -0.02143 0.00170
-0.14211 -0.02272 -0.01520
-0.12648 -0.02057 -0.02590
-0.11061 -0.01839 -0.02233
0.04939 0.02190 0.12290
0.15385 0.05266 -0.12337
-0.43597 -0.00508 -0.13022
-0.16680 0.00557 -0.12403
-0.44681 -0.01080 -0.11137
-0.34498 -0.04036 0.13884
-0.33793 -0.03990 0.13999
-0.07462 0.00074 -0.11602
0.06514 -0.01774 0.03426
0.07129 -0.02400 -0.08899
-0.17727 -0.01395 0.02119
-0.18629 0.01571 0.02170
-0.18524 0.00587 0.02175
-0.19293 0.01710 0.02241
0.05942 -0.04066 0.14861
-0.06750 -0.04234 0.14806
-0.09147 -0.04466 0.14689
0.20783 -0.05631 -0.14273
-0.22053 -0.08707 -0.11383
-0.21450 -0.06574 -0.14325
-0.40988 0.04287 -0.04417
0.20569 -0.06692 0.14273
-0.31628 0.04441 0.13784
0.02589 -0.01973 0.10586
0.27108 -0.01500 0.14064
-0.15575 -0.02371 -0.07139
-0.15590 -0.02403 -0.07870
-0.15247 -0.02828 -0.05748
-0.16798 -0.00151 -0.05700
-0.15451 -0.02800 -0.09890
-0.15732 -0.02061 -0.06628
-0.14970 -0.02444 0.07340
-0.19391 -0.01269 0.00248
-0.19078 -0.01269 -0.00069
-0.14100 -0.01269 0.00799
-0.15377 -0.01269 0.01479
-0.17215 -0.01269 0.00168
-0.16226 -0.01744 -0.13298
-0.23727 0.10064 -0.07761
-0.23722 0.10116 0.05067
-0.40666 -0.02211 0.14227
-0.10211 -0.01992 -0.05654
0.43548 -0.01366 0.04493
-0.20188 0.04047 -0.10816
0.10877 0.04391 0.02182
-0.16220 0.00017 -0.11464
0.23031 -0.01817 0.13730
0.22476 -0.08934 0.11094
-0.18229 -0.06556 0.11607
0.00012 0.02741 0.12403
0.37892 0.02851 0.01968
0.37049 0.02960 0.04586
0.33985 0.03356 0.05251
0.39093 0.02696 0.04416
0.36947 0.02973 0.05243
0.37881 0.02852 0.05177
0.39322 0.02666 0.05253
0.39859 0.02597 0.02085
-0.23819 -0.04206 -0.12449
-0.13831 -0.03393 0.15075
-0.21937 -0.00825 0.13147
-0.40542 -0.04347 0.09557
-0.21926 0.09621 -0.10666
-0.18460 -0.05275 0.11345
0.08698 0.08708 -0.11197
-0.19120 0.10198 -0.10055
0.43554 -0.01754 0.09784
0.40636 -0.05667 0.11416
0.23917 0.01637 0.11408
0.22963 0.01239 0.09090
0.13107 0.02784 0.08784
0.14072 0.02791 0.08058
0.14465 0.02794 0.06788
0.13649 0.02788 0.06746
0.13027 0.02784 0.07824
0.14018 0.02791 0.08978
0.41126 -0.05295 -0.11748
0.06157 -0.01887 -0.06292
-0.16685 0.00160 0.08642
-0.36272 0.04553 -0.13253
0.26405 -0.10242 -0.14273
-0.43319 -0.02217 0.10231
-0.23831 -0.01376 0.11911
0.03540 -0.02408 -0.00334
-0.02715 0.01546 0.12290
0.28485 0.03641 0.07751
0.30860 0.03456 0.09452
0.28117 0.03660 0.08917
0.28697 0.03635 0.06348
0.24825 0.03913 0.07133
0.23996 0.03985 0.05591
0.23667 0.03999 0.06949
0.27428 0.03732 0.05737
0.31272 0.03436 0.07914
0.29500 0.03558 0.09001
0.22808 0.04064 0.06717
-0.25331 -0.02192 -0.12699
0.27048 -0.05067 -0.12505
-0.16814 0.11010 0.06656
-0.15155 0.11074 0.04228
-0.15494 0.11054 0.04983
-0.14626 0.11034 0.05726
-0.08925 -0.05707 -0.13899
-0.25309 -0.07968 -0.11973
-0.01759 0.00107 -0.09588
-0.16876 0.00241 -0.11397
-0.15458 0.00241 -0.11802
0.26641 -0.00920 -0.12063
-0.12558 -0.02045 0.10619
-0.11091 -0.01843 0.10992
0.32166 0.03333 -0.09320
0.38102 0.02450 -0.10633
0.37912 0.02496 -0.09296
0.34434 0.03022 -0.07868
0.36549 0.02696 -0.09196
0.37199 0.02596 -0.09567
0.33665 0.03118 -0.09066
-0.42093 -0.01435 -0.10240
-0.11785 0.10987 -0.01383
0.04055 0.10987 -0.00133
-0.12693 0.10987 -0.01097
-0.02946 0.10987 -0.00065
-0.11029 0.10987 -0.00306
-0.11209 0.10987 -0.01628
-0.10479 0.10987 -0.01052
0.25144 -0.01491 -0.11388
-0.13847 -0.02564 0.15064
-0.02479 0.02305 0.12290
-0.00907 0.02103 0.12290
-0.31387 -0.01045 -0.15054
0.42280 0.00956 -0.10000
-0.43184 -0.02489 -0.00817
-0.14518 -0.04211 0.14800
-0.45052 -0.00733 -0.00484
-0.39547 -0.01416 -0.09905
0.40803 -0.06361 -0.01327
-0.03872 0.04592 -0.06785
-0.14068 -0.02452 0.10276
0.09088 -0.04549 0.14606
0.07157 -0.04573 0.14597
0.04923 -0.04730 0.14523
-0.21921 0.01054 0.12403
-0.20833 0.10353 -0.08471
-0.03341 0.03041 0.09931
0.40779 -0.05188 -0.12798
-0.06013 -0.02106 0.15113
-0.01646 -0.02230 0.15101
0.40853 0.01969 0.09849
-0.27401 -0.07922 0.11345
-0.00766 -0.02381 0.05006
0.40910 -0.06301 -0.05270
0.24674 -0.06578 -0.12452
0.42139 -0.04371 -0.09971
0.22765 0.03735 0.14114
-0.29843 0.03673 0.14322
-0.16657 -0.00288 0.09756
-0.16006 -0.01495 0.08614
-0.16280 -0.00925 0.09927
-0.15748 -0.02112 0.06298
-0.15397 -0.02566 0.08325
-0.16688 -0.00327 0.08499
0.05714 -0.01643 -0.02671
-0.24791 -0.08416 0.12199
-0.27315 -0.08360 -0.11600
-0.38106 -0.00954 -0.11604
-0.13729 -0.03226 0.12403
-0.15593 -0.04008 0.12403
-0.10604 -0.02518 0.12403
-0.13265 -0.03426 0.12403
-0.43200 -0.02348 -0.08710
-0.16870 -0.00106 -0.07804
-0.16446 -0.00918 -0.10186
-0.15859 -0.02043 -0.10139
-0.17339 0.00794 -0.07185
-0.17202 0.00531 -0.09187
-0.17874 0.01820 -0.05271
-0.03274 0.10349 0.09902
-0.06338 0.10351 0.09898
0.04346 0.10437 0.09707
0.11249 0.01789 -0.02081
0.10354 -0.03447 -0.01172
0.09743 -0.03973 -0.01048
-0.01515 -0.01322 -0.05538
0.06972 0.10569 -0.04255
0.05504 0.10855 -0.06098
0.06871 0.10630 -0.03091
-0.18551 0.04653 0.11464
0.30034 0.00309 0.14653
-0.18781 -0.00734 0.14834
0.00593 0.11080 0.03995
-0.04985 0.11032 0.05807
-0.02976 0.11022 0.06183
-0.07171 0.11034 0.05724
-0.01560 0.11050 0.05121
-0.06072 0.11028 0.05978
-0.03581 0.11036 0.05679
-0.07887 0.10995 0.07225
-0.09525 0.10989 0.07441
-0.00088 0.11064 0.04605
0.04151 0.11074 0.04215
0.03024 0.11013 0.06526
0.02541 0.11028 0.05982
-0.06602 0.11000 0.07022
0.00572 0.11017 0.06395
0.04777 0.11040 0.05528
0.04391 0.11108 0.02934
0.05297 0.11039 0.05559
-0.12018 0.07764 -0.12063
-0.13906 -0.02324 0.09598
0.18648 0.04668 -0.00826
0.18570 0.04658 -0.01297
0.18797 0.04640 -0.04071
0.17135 0.01979 -0.14608
-0.26563 0.08357 0.04961
-0.27023 0.06869 0.05780
-0.26450 0.08545 0.05443
-0.10486 0.02774 -0.14521
0.00624 0.02485 -0.14492
-0.01858 0.02426 -0.14493
0.03414 0.02644 -0.14494
-0.03247 0.02470 -0.14497
0.24576 -0.01980 -0.13753
0.28882 -0.02213 -0.11217
0.02627 0.10969 0.03018
-0.01128 0.10915 0.05048
-0.01847 0.10930 0.04484
-0.05816 0.10973 0.02837
0.02007 0.10970 0.02973
0.00350 0.10920 0.04886
-0.00794 0.10936 0.04268
0.00145 0.10894 0.05846
0.02358 0.10982 0.02515
-0.07138 0.10975 0.02783
0.03997 0.10887 0.06141
0.05027 0.10953 0.03615
0.04476 0.10947 0.03844
0.01076 0.10898 0.05704
0.04602 0.10860 0.07142
-0.18181 -0.07190 -0.14200
0.12096 0.02071 0.06381
-0.27875 -0.06719 -0.11313
-0.13105 -0.04632 0.02037
-0.14588 -0.04110 0.02037
-0.09001 -0.04779 0.02037
-0.14924 -0.01325 0.02037
-0.12700 -0.03381 0.02037
-0.13917 -0.02429 0.02037
-0.08593 -0.04991 0.02037
-0.16372 -0.04589 0.02037
-0.13995 -0.04150 0.02037
-0.16502 0.01091 0.02037
-0.19076 0.04735 0.02276
0.16378 -0.02801 0.01408
0.30730 -0.05258 -0.11094
-0.04777 0.05388 0.05328
-0.19026 0.02227 -0.14534
-0.10481 -0.01853 0.12027
-0.10940 -0.01853 0.11842
0.23919 -0.02462 -0.13591
0.45426 -0.03476 0.00698
0.27952 -0.02995 0.13312
-0.41812 0.02823 -0.03910
-0.25754 -0.02300 -0.14096
-0.16257 0.00089 0.00430
-0.17324 0.02163 -0.01872
-0.15733 -0.00929 0.01560
-0.17080 0.01688 -0.02217
-0.17560 0.02623 -0.01797
-0.42071 0.03168 -0.04057
-0.08383 -0.06186 -0.13469
-0.23936 0.10121 -0.02168
-0.24681 0.06409 -0.12377
0.40714 -0.06328 0.06621
0.40752 -0.06357 0.05635
0.13707 -0.01177 0.14915
0.08997 -0.01118 0.14911
0.06077 -0.01213 0.14933
0.01972 -0.00602 0.14821
0.14659 -0.01697 0.15015
-0.39047 -0.01534 -0.11597
-0.41126 -0.04042 -0.01552
-0.40638 -0.04510 -0.00897
-0.03917 0.06823 0.06855
-0.25857 -0.02880 0.13600
0.22956 -0.07786 0.11640
-0.20735 0.10670 0.03354
-0.19977 0.10766 0.03871
-0.19339 0.10855 0.03929
-0.03974 0.04666 -0.04354
0.01352 -0.02287 0.09257
0.40792 0.02465 0.04397
-0.19151 -0.02542 0.12134
-0.19881 0.06659 0.08357
-0.16837 -0.00643 0.02338
-0.34967 -0.04475 -0.13650
-0.36081 -0.04156 -0.13617
-0.31007 -0.04276 -0.14276
-0.25806 -0.02837 -0.11301
-0.00914 0.03497 0.14010
-0.23714 -0.02602 0.13412
-0.26696 -0.04546 0.11166
-0.20031 0.04416 -0.10057
-0.23746 0.04631 -0.13565
-0.23243 0.04662 -0.13549
-0.15699 -0.03005 0.10480
-0.12593 -0.02385 -0.15084
-0.36327 -0.03089 -0.14104
-0.37475 -0.03649 -0.13672
-0.23374 -0.06237 -0.14326
-0.18604 -0.10085 -0.13453
0.17583 0.04557 0.10838
0.41443 -0.04799 -0.07924
0.41213 -0.04996 -0.06033
-0.20533 -0.02397 -0.12451
-0.23198 0.10121 0.04299
0.31923 0.02721 -0.14144
-0.16696 -0.03560 -0.14205
-0.26521 -0.06689 -0.14220
0.10828 -0.05596 0.13957
0.05965 -0.05225 0.14232
0.08790 -0.05410 0.14094
0.06076 -0.01879 -0.04021
-0.26247 0.08961 0.05971
-0.25305 0.09402 0.07308
-0.45440 -0.01311 -0.02161
0.22101 -0.09660 -0.14099
-0.38779 -0.04971 -0.12148
0.23050 -0.01136 0.13832
0.29394 -0.02989 0.12819
0.03989 -0.01706 -0.04181
-0.02507 0.01138 0.03687
0.00215 -0.01271 -0.02394
-0.43870 -0.01423 -0.10455
-0.21646 -0.04291 0.13772
0.07867 -0.02038 -0.12403
-0.25448 0.05236 0.13049
0.11672 0.02887 -0.14537
0.02573 0.02680 -0.14553
-0.08225 0.02652 -0.14571
0.04005 0.02738 -0.14550
0.23367 -0.01503 -0.13911
-0.20058 0.03310 0.04565
-0.19784 0.02669 0.02384
-0.19670 0.02402 0.04435
-0.18117 -0.01237 0.01763
-0.18951 0.00715 0.07592
-0.19871 0.02872 0.09275
-0.18720 0.00176 0.06921
-0.19460 0.01909 0.09580
-0.20215 0.03678 0.02341
-0.19421 0.01817 0.07050
-0.19692 0.02454 0.09680
-0.19274 0.01475 0.09163
-0.17640 -0.02356 0.01970
-0.19551 0.02123 0.05879
-0.18943 0.00699 0.06535
-0.01469 0.01425 -0.14607
0.37539 0.01744 -0.13767
0.33107 -0.05632 0.13786
0.33860 -0.06010 0.13406
-0.21487 0.03412 -0.14187
-0.03738 -0.02408 0.01136
-0.00076 0.00385 0.12403
0.40988 -0.04957 0.10838
0.23069 -0.07227 -0.11849
-0.17440 0.00740 -0.04145
-0.10530 -0.04574 0.14646
0.38347 0.02373 0.11475
0.39667 0.02201 0.11081
0.38503 0.02329 0.11885
-0.05562 0.04082 0.06897
0.32645 -0.00319 0.14739
0.32514 0.00730 0.14473
0.33661 -0.01072 0.14839
0.33169 -0.00385 0.14705
0.23496 -0.08750 -0.13303
-0.00564 -0.02250 0.07215
-0.10750 -0.01796 -0.11169
-0.13047 -0.02112 -0.11252
0.19979 -0.06450 0.14097
-0.33704 -0.01351 -0.14906
-0.33975 -0.02126 -0.14861
-0.37560 -0.02015 -0.14542
-0.22236 0.10189 0.08186
-0.20585 -0.00200 0.14273
-0.07835 -0.03769 0.08629
-0.07589 -0.03046 0.07486
-0.07561 -0.02963 0.02907
-0.07613 -0.03116 0.06121
-0.17481 -0.04311 0.14253
0.24437 -0.03484 -0.14260
-0.40046 0.04622 0.08787
-0.13059 -0.02511 -0.06309
-0.24527 -0.06656 0.12582
-0.26539 -0.01547 -0.14335
-0.27674 -0.01550 -0.10544
-0.13927 -0.02658 0.08696
-0.13793 -0.02635 0.08062
0.01535 -0.02516 -0.05898
0.06151 -0.05093 -0.14330
0.00699 -0.05163 -0.14283
-0.18834 -0.10238 0.13599
0.36818 0.01175 -0.13952
0.08908 -0.02780 0.12403
-0.08394 -0.04643 0.12403
0.13157 -0.04590 0.12403
-0.05860 -0.04514 0.12403
-0.01159 -0.04937 0.12403
-0.07443 -0.04177 0.12403
0.07891 -0.03017 0.12403
-0.00293 -0.03584 0.12403
-0.09239 -0.04233 0.12403
0.08284 -0.02562 0.12403
0.10279 -0.03569 0.12403
-0.00674 -0.03305 0.12403
0.11053 -0.04236 0.12403
0.03606 -0.02808 0.12403
0.08257 -0.03804 0.12403
-0.12437 -0.04977 0.12403
0.04517 -0.03932 0.12403
0.06579 -0.04319 0.12403
-0.40709 -0.01617 -0.10710
0.21917 -0.02261 -0.14233
0.28476 0.00444 -0.13423
-0.09721 -0.03374 -0.15123
0.26501 0.00939 -0.11594
-0.23916 -0.08939 0.11974
-0.23467 -0.01731 0.11405
-0.18759 0.04701 -0.09424
0.26999 0.03310 -0.13695
0.23370 0.03334 -0.14007
0.21348 0.03739 -0.13215
0.01495 -0.02568 -0.04949
0.04490 -0.01960 -0.05409
0.04084 -0.02039 -0.07100
0.03973 -0.02063 -0.05921
0.04613 -0.01930 -0.08161
0.04440 -0.01971 -0.04504
-0.00670 -0.02548 0.08859
-0.13944 0.00854 0.14517
0.00158 -0.02537 -0.05227
0.22829 -0.01897 0.13049
-0.17983 0.02162 -0.04086
-0.23869 -0.04668 -0.13867
-0.13365 -0.00915 -0.14871
-0.14194 -0.01288 -0.14938
-0.12370 -0.00645 -0.14827
-0.33946 0.02950 0.14093
-0.34552 0.02753 0.14058
-0.02862 -0.02776 -0.15104
-0.07327 -0.02769 -0.15116
0.00626 -0.02857 -0.15095
0.04786 -0.02739 -0.15083
0.04290 -0.02783 -0.15085
-0.15391 -0.05289 0.11483
-0.15391 -0.05328 0.10456
0.10846 0.00257 0.01635
-0.20245 0.03816 0.01473
0.26454 -0.01656 -0.14177
-0.19075 0.10758 0.08206
-0.20161 0.10603 0.08265
0.23498 -0.07600 0.13893
0.44173 -0.03501 0.09819
0.21160 0.00080 -0.12930
0.21331 0.00211 -0.11226
-0.11920 -0.01949 0.08328
0.42595 0.00507 -0.08453
0.30722 -0.03460 0.14273
0.39645 -0.06261 0.11732
0.12867 0.05180 -0.01655
0.42732 -0.01272 -0.11939
0.18895 -0.05742 0.08500
0.18895 -0.05469 0.12399
0.22247 0.04066 0.11199
0.23239 0.03990 0.11328
0.27113 0.03691 0.11865
0.21320 0.04112 0.12102
0.27455 -0.01584 0.11745
0.19503 0.04220 -0.03734
0.34008 0.02196 0.14149
0.17208 0.01907 0.12521
0.16577 0.02160 0.12521
-0.21498 -0.11195 0.12762
-0.01735 -0.00996 0.06794
-0.16276 -0.04830 -0.14023
0.25245 -0.09263 -0.11339
-0.26341 -0.04128 0.11237
-0.17274 -0.07858 -0.14223
0.03857 -0.01853 0.11922
0.01087 -0.01853 0.12280
0.23828 -0.09350 -0.14229
0.11199 0.03669 -0.01746
0.00821 -0.02282 -0.08102
-0.29164 -0.02811 0.14985
-0.26882 0.01616 0.14689
-0.25401 -0.00137 -0.14066
0.25221 0.01069 0.13616
0.21991 0.04072 -0.11719
0.19638 0.04248 -0.11599
0.25874 0.03785 -0.11747
-0.25761 -0.02586 0.13935
-0.38207 0.04627 0.12915
-0.20263 0.01691 -0.14650
0.10448 0.09241 -0.07087
0.11889 0.08366 -0.06730
0.14435 0.06751 -0.07300
0.13383 0.07472 -0.06131
0.10735 0.09030 -0.07658
0.10596 0.09252 -0.05292
0.14117 0.06841 -0.09167
0.12671 0.07885 -0.06639
0.11603 0.08634 -0.05147
-0.30338 0.01532 -0.14664
-0.36101 0.00303 -0.14390
-0.31019 -0.00050 -0.14864
-0.34674 -0.00666 -0.14664
0.26364 -0.09247 0.13567
-0.03112 0.02710 -0.12403
-0.02043 0.00038 0.06029
0.25791 -0.04936 0.12565
0.24544 0.01733 -0.14412
-0.44867 -0.00628 0.02716
0.15488 0.04327 0.12050
-0.25569 -0.01616 0.14060
-0.11333 0.03589 0.14222
-0.25281 0.03060 -0.14472
-0.04737 0.10376 -0.10321
-0.13643 0.10307 -0.10475
-0.16799 0.10392 -0.10284
-0.19012 -0.01991 0.15055
0.15774 0.00883 0.06679
0.17031 -0.05648 0.13914
0.28798 -0.07097 -0.14019
-0.17659 0.02393 -0.04971
-0.42197 0.01158 -0.06543
0.03408 -0.01987 0.09543
0.18000 0.04559 0.06883
0.38946 -0.01097 -0.14272
0.38210 -0.00238 -0.14152
0.36560 -0.01638 -0.14664
0.22276 -0.04958 -0.11852
-0.03970 0.04670 0.10274
-0.19456 0.05248 -0.08091
-0.03474 0.04162 -0.04159
0.15111 0.00221 0.06039
-0.26160 -0.03491 -0.11222
-0.29982 0.04713 -0.13542
0.26173 -0.09660 -0.14221
-0.18546 -0.00899 -0.11120
-0.38232 -0.05444 0.08667
-0.38209 -0.05433 0.09684
-0.20414 0.02447 -0.14534
0.10880 -0.00538 -0.00301
0.40358 -0.00351 0.13739
0.19346 0.03967 0.00601
0.08527 0.10307 0.05841
0.06709 0.10684 0.07310
0.07545 0.10519 0.06211
-0.41650 0.01992 -0.11031
-0.41485 0.02424 -0.11824
-0.41766 0.02449 -0.07574
-0.40859 0.00621 -0.13602
0.41119 -0.00869 -0.13564
0.05475 0.04117 0.04324
-0.18039 0.04076 0.08284
0.26582 -0.09874 0.11094
-0.20350 -0.08888 0.11953
0.05555 0.10919 -0.07705
-0.15856 0.01955 0.14424
0.03742 -0.01760 0.09349
0.05569 -0.01537 -0.04092
-0.16965 0.11087 -0.03708
-0.16445 0.11056 -0.04885
-0.17184 0.11115 -0.02663
0.10047 -0.01230 0.01685
0.20198 -0.07463 -0.13931
-0.22002 -0.04869 -0.12785
0.20564 -0.08242 -0.11452
-0.17997 -0.09522 0.11650
-0.03263 -0.04039 0.01535
0.02712 -0.05039 0.01620
-0.02198 -0.04554 0.01579
-0.10230 -0.03034 0.01449
-0.05840 -0.04856 0.01604
-0.04072 -0.04662 0.01588
-0.07300 -0.04223 0.01550
-0.07903 -0.04002 0.01531
-0.24191 -0.01306 -0.13344
0.41221 -0.05135 -0.04786
-0.17379 -0.02270 -0.11119
0.05501 0.10967 -0.06928
0.06382 0.10788 -0.05911
0.06271 0.10924 -0.02493
-0.14796 -0.04725 0.11922
-0.15502 -0.00591 0.11922
-0.13709 -0.02972 0.11922
-0.12775 -0.03125 0.11922
-0.14505 -0.05183 0.11922
-0.15913 -0.04179 0.11922
-0.15551 -0.02454 0.11922
-0.19115 0.01150 0.11922
-0.16028 -0.00956 0.11922
-0.18016 0.02077 0.11922
-0.17795 -0.00399 0.11922
-0.14372 -0.02268 0.11922
-0.17434 -0.00776 0.11922
0.29684 0.03379 -0.12753
0.28556 0.03241 -0.13671
0.28745 0.03377 -0.13035
0.21652 0.03977 -0.12566
-0.23309 0.09171 -0.11084
-0.21870 0.01889 0.14463
-0.16258 -0.00569 0.05713
-0.19149 0.00204 0.12403
0.22694 -0.08134 0.13358
-0.24517 0.09997 0.00567
0.20363 -0.00820 0.09987
0.20580 -0.00535 0.10415
0.03388 0.10665 0.09049
-0.08159 0.10629 0.09156
-0.05784 0.10666 0.09045
-0.16659 0.00174 -0.03461
-0.16046 -0.00828 -0.05571
0.25007 -0.02403 -0.13975
-0.41687 0.03099 -0.06815
-0.03247 0.01568 0.12403
-0.04762 0.02258 0.12403
0.43844 -0.03580 -0.06547
0.21842 -0.03204 0.12703
-0.22174 0.10298 0.05147
-0.19995 0.10644 0.03371
-0.19046 0.10795 0.02547
-0.18896 0.10806 0.03009
0.20692 -0.05752 0.11094
0.11647 0.05050 0.01458
0.20236 -0.02052 -0.13442
0.28802 -0.02470 -0.12334
0.21143 -0.02851 0.11094
-0.20408 -0.07715 -0.12382
-0.43694 -0.02194 0.03398
-0.11775 -0.05140 0.14328
0.26974 0.01283 0.15013
-0.41077 -0.03542 -0.12331
-0.28916 -0.03515 0.09908
-0.28879 -0.03226 0.09380
-0.26518 -0.07372 -0.14273
-0.19434 -0.10366 0.11417
-0.43561 -0.02191 0.07736
-0.22099 -0.10649 -0.14242
0.06808 0.10526 -0.08842
-0.00436 -0.02397 -0.12403
0.02186 -0.02611 -0.12403
-0.07163 -0.03048 -0.12403
-0.03675 -0.02408 -0.12403
-0.04353 -0.03199 -0.12403
-0.10765 0.01831 -0.14708
0.21148 -0.01168 -0.11420
-0.11261 0.02744 -0.14526
-0.25753 -0.03756 0.11581
0.06481 -0.01808 -0.03589
0.12956 0.02770 0.00574
0.14627 0.02770 0.01165
0.13028 0.02770 0.02546
-0.39951 -0.04197 -0.12583
0.14964 -0.04061 0.14842
0.08576 -0.04179 0.14794
-0.43156 -0.02177 -0.12623
-0.00861 -0.03979 -0.01868
0.00821 -0.01566 -0.01868
0.00975 -0.03764 -0.01868
-0.02598 -0.01492 -0.01868
-0.04770 0.01762 -0.01868
0.00328 -0.03891 -0.01868
0.03775 -0.03882 -0.01868
0.02536 -0.02973 -0.01868
-0.01028 -0.01484 -0.01868
0.03016 -0.03284 -0.01868
0.02283 -0.02452 -0.01868
0.01521 -0.04192 -0.01868
-0.25350 0.06051 0.12218
-0.04471 -0.04204 -0.14816
-0.08853 -0.04351 -0.14750
0.10552 -0.04061 -0.14851
-0.15477 -0.02687 0.06442
0.25192 -0.00857 0.11604
0.40844 -0.06142 0.09407
-0.19899 0.04600 -0.01355
0.21774 -0.03392 0.11549
-0.44626 -0.00648 0.09929
0.14363 0.04599 -0.00904
0.06320 -0.01309 0.00575
0.15455 -0.03423 -0.12403
0.15158 -0.04393 -0.12403
0.18135 -0.04359 -0.12403
0.16589 -0.03570 -0.12403
0.15590 -0.01239 -0.12403
-0.18112 -0.06268 0.13990
0.42431 0.00635 -0.07230
0.09102 0.09881 -0.08249
-0.25874 -0.00958 0.15055
0.35678 0.02261 0.13405
0.38664 0.01664 0.13580
0.38109 0.01808 0.13418
0.14377 0.02911 -0.02120
0.18235 0.04174 -0.10346
-0.16147 -0.00679 0.07958
0.21321 -0.09023 -0.14071
-0.37192 0.04395 -0.13336
-0.19266 0.02931 -0.12403
-0.08835 -0.01853 -0.11716
0.15544 -0.02078 -0.15054
-0.04494 0.00566 0.14598
-0.04813 0.00875 0.14535
-0.03318 0.00451 0.14620
0.31311 -0.03269 -0.11350
0.00623 0.00668 -0.14572
0.01604 0.00768 -0.14550
-0.12069 0.01515 -0.12403
0.42217 -0.04530 -0.04517
0.42737 -0.04274 -0.02713
-0.10933 -0.01783 -0.04784
-0.18153 0.02587 -0.04662
-0.08420 0.00600 0.12383
-0.23628 -0.09055 -0.11470
0.09324 0.10093 0.01817
0.05646 -0.05201 0.10448
0.02681 -0.05201 0.08170
0.04511 -0.05201 0.07538
0.06136 -0.05201 0.09648
0.05863 -0.05201 0.09264
0.05285 -0.05201 0.05465
0.03349 -0.05201 0.06502
0.03154 -0.05201 0.09744
0.06216 -0.05201 0.03231
0.05217 -0.05201 0.07732
0.06295 -0.05201 0.04393
0.02895 -0.05201 0.10105
-0.45148 -0.01819 -0.00285
0.06221 -0.01948 -0.05499
-0.16042 0.02703 -0.12323
-0.18360 0.01634 -0.14642
-0.25188 -0.08763 0.14249
0.27758 0.01437 0.14731
-0.19381 0.08347 0.11390
-0.22799 -0.11208 0.12948
-0.42521 -0.02963 -0.03981
-0.42934 -0.02661 -0.05304
-0.42600 -0.00093 -0.05409
0.41165 -0.04963 -0.06840
-0.15546 0.10749 -0.08413
-0.03481 0.10820 -0.07718
-0.13534 0.10794 -0.07978
-0.13331 0.10853 -0.07400
0.40768 -0.04849 0.13233
0.27562 -0.09560 0.14273
-0.19112 0.04816 -0.09833
-0.16892 -0.01522 0.15052
0.04556 -0.06065 -0.13607
-0.08248 0.10838 -0.09007
-0.10685 0.10927 -0.08127
-0.05550 0.10864 -0.08751
-0.02752 0.10864 -0.08751
-0.00535 0.10848 -0.08910
-0.08640 0.10865 -0.08739
0.30214 -0.09121 -0.13742
0.20964 -0.06492 0.11094
0.22914 -0.02149 -0.12254
0.34682 0.02379 -0.13668
0.31963 0.02891 -0.13634
0.31033 0.03109 -0.13453
-0.17754 0.10132 -0.10384
0.43218 -0.01489 0.09954
0.28544 0.01239 0.09342
0.28709 0.01170 0.11263
-0.21310 -0.07200 0.12504
-0.02096 -0.00328 -0.06874
-0.02339 0.00032 -0.03905
-0.41394 0.01363 0.12764
-0.41018 0.04243 -0.05645
0.22965 0.04014 -0.11142
0.30523 0.03433 -0.12201
0.26892 0.03711 -0.11721
0.28518 0.03604 -0.11271
-0.23171 0.10278 -0.02928
0.33015 -0.03520 -0.15047
-0.02984 0.01304 -0.06740
-0.02406 0.00196 -0.05939
-0.02843 0.01034 -0.07175
-0.02213 -0.00174 -0.06139
-0.02025 -0.00533 -0.07886
-0.18316 0.03194 -0.05469
0.44447 -0.03501 0.02895
-0.20305 0.03021 0.12403
0.09826 0.02843 0.12403
-0.25500 -0.04713 -0.14130
-0.24897 0.09382 0.09193
-0.01821 0.00106 -0.02427
-0.11395 -0.03316 0.12403
-0.09741 -0.03124 0.12403
0.18438 0.04259 -0.03075
-0.24653 -0.08524 -0.12452
-0.03168 0.01177 -0.14563
0.10844 0.03917 0.04086
-0.40704 -0.04356 0.06780
0.11864 0.03131 -0.10862
0.07746 0.10446 -0.00580
0.18539 -0.02546 -0.15054
0.36203 0.01260 0.14025
-0.19540 -0.09233 0.11094
0.18035 -0.00238 0.00346
0.16493 0.00212 0.00433
0.13269 0.01154 -0.01714
0.18050 -0.00243 0.00935
0.15894 0.00387 -0.00702
-0.08060 -0.01829 -0.08531
-0.18024 0.01926 0.09859
-0.45008 -0.01039 0.07804
0.05325 0.10704 0.08636
-0.25635 0.06323 0.11984
0.03034 -0.01853 -0.11732
0.04509 -0.01853 -0.11851
-0.09922 0.00600 -0.12318
-0.13786 -0.02279 -0.06912
0.24449 -0.08662 0.11576
-0.35177 0.03942 0.13802
-0.26383 -0.01898 -0.15098
0.06538 -0.01898 -0.15213
0.41820 0.02043 -0.03404
0.04513 -0.01708 0.02995
0.16551 0.05571 -0.00982
0.16085 0.05869 -0.04101
0.15834 0.06030 -0.01196
0.14492 0.06889 -0.03526
0.12971 0.07863 -0.02790
0.13823 0.07317 -0.03226
0.17273 0.05108 -0.01344
0.17406 0.05023 -0.05228
0.31009 -0.02838 0.14114
0.21066 0.04188 -0.07176
0.22432 0.04080 -0.08403
0.26031 0.03815 -0.08697
0.22684 0.04069 -0.07365
0.25001 0.03892 -0.08404
0.24149 0.03960 -0.07581
0.21762 0.04136 -0.07431
0.21588 0.04135 -0.09499
0.24911 0.03891 -0.09569
0.22285 0.04101 -0.06860
0.21896 0.04119 -0.08511
-0.24951 0.08294 -0.10946
-0.05025 0.04768 -0.06252
0.11647 0.03077 -0.01008
-0.05254 0.04619 0.07420
-0.24103 -0.02500 -0.15311
-0.15662 -0.02448 -0.15373
0.29664 0.00340 -0.14942
-0.45025 -0.01826 0.06929
0.09263 0.10200 -0.00572
-0.02935 -0.02551 -0.08631
-0.04992 0.02267 -0.10758
-0.03314 -0.01664 -0.07494
-0.05223 0.02809 -0.08721
-0.04372 0.00815 -0.09614
-0.02781 -0.02913 -0.09596
-0.05412 0.03253 -0.08308
-0.03310 -0.01672 -0.09243
-0.03860 -0.00383 -0.09200
-0.04110 0.00201 -0.05598
-0.04083 0.00138 -0.09493
-0.04571 0.01282 -0.08653
-0.03757 -0.00624 -0.10858
-0.05023 0.02340 -0.09672
-0.17063 0.00700 -0.03167
0.14316 0.04704 0.01545
0.14022 0.04937 0.03654
0.31561 -0.05795 0.11402
0.40842 -0.05267 0.09791
-0.42453 0.00182 0.06234
-0.42086 0.00930 0.08485
0.28647 -0.06813 0.11709
-0.22253 -0.10319 0.14273
-0.21083 0.10510 0.00268
-0.22161 0.10357 0.01203
0.09071 0.01997 0.12290
-0.14713 -0.02451 -0.04520
-0.14266 0.01867 -0.14589
0.12832 0.05647 0.07947
-0.23216 -0.04851 -0.13759
0.24888 -0.10803 0.14116
0.41540 -0.02971 0.14301
-0.15136 -0.02479 0.04408
-0.23217 -0.09860 0.14273
0.17695 0.03769 0.13925
0.28212 -0.08457 -0.12856
-0.07585 -0.02170 0.08668
0.18554 0.04197 -0.01212
0.18948 0.04082 -0.03187
0.13836 0.03616 0.14167
0.41092 0.00078 0.13443
0.24850 0.00183 -0.14273
0.15869 0.04362 0.10957
0.15077 0.04334 0.10712
0.04730 0.01933 0.08483
0.11074 0.03044 0.02655
0.45442 -0.02844 0.02214
-0.05447 -0.02016 -0.15054
-0.24981 -0.02419 -0.15054
-0.26975 -0.02314 -0.15054
-0.13569 -0.02099 -0.15054
0.14212 -0.01937 -0.15054
-0.07738 -0.02153 -0.15054
-0.25660 -0.04904 0.13975
-0.39555 -0.03955 -0.13144
-0.21405 -0.09241 -0.12748
-0.21444 -0.08450 0.11654
0.26174 -0.09317 -0.11219
0.11521 0.02525 -0.07081
0.11825 0.08597 0.00531
0.17123 0.05204 0.02774
0.14846 0.06662 0.01164
0.16864 0.05370 0.01450
0.13581 0.07472 0.00478
0.13695 0.07399 0.00913
0.15633 0.06158 0.01783
0.12285 0.08302 0.00849
0.20907 -0.07421 0.14273
0.08092 -0.06510 0.13075
-0.13737 -0.06585 0.12985
-0.12675 -0.06183 0.13473
-0.06983 -0.06338 0.13285
-0.10965 -0.06194 0.13460
-0.08009 0.11122 -0.00071
-0.06547 0.11122 -0.00772
-0.11328 0.11122 -0.00980
-0.06543 0.11122 -0.01344
-0.01211 0.11122 -0.00086
-0.13495 0.11122 -0.01174
0.01375 0.11122 -0.00109
-0.08198 0.11122 -0.01213
-0.21026 -0.06947 -0.14200
-0.18643 0.03208 -0.14390
0.32609 -0.05916 0.08681
-0.19453 -0.06452 -0.12613
0.10025 0.08436 -0.11109
-0.20086 0.03764 -0.04138
-0.19183 0.03901 -0.10168
-0.19502 0.03841 -0.04810
-0.19293 0.03880 -0.08332
-0.19641 0.03843 -0.10361
-0.05219 0.05736 -0.05479
-0.28081 -0.05724 0.11371
-0.36167 -0.03535 0.13887
-0.32673 -0.02991 0.14589
-0.40130 -0.02727 0.13844
-0.40005 0.04572 0.11097
-0.25974 0.04366 0.13904
-0.02428 -0.02691 0.01336
0.19554 -0.05911 0.12904
-0.00985 -0.02488 -0.15099
0.14985 -0.01994 -0.15055
0.12439 -0.02338 -0.15062
-0.12435 -0.00657 0.14828
-0.12790 -0.01008 0.14894
-0.14416 -0.01179 0.14915
-0.18087 -0.08414 0.11094
0.30267 0.02450 0.14534
-0.17876 0.03157 0.10469
0.37001 -0.01270 0.14529
0.39620 -0.00472 0.14050
0.36758 -0.00283 0.14325
0.31823 0.00236 0.14657
-0.26033 0.08336 0.09280
0.08244 0.02335 0.12290
-0.04691 0.00427 0.12403
-0.05039 -0.01449 -0.12403
-0.29063 -0.04655 -0.12720
-0.28996 -0.04135 -0.09236
0.10458 0.05602 0.06651
-0.23375 -0.11067 -0.11674
0.19232 0.03945 -0.08343
0.21367 0.00239 0.09148
0.21946 0.00686 0.10636
-0.41009 -0.03987 -0.08156
-0.40834 -0.04065 -0.09695
-0.02738 0.02232 0.10906
-0.02302 0.01385 0.10577
0.08460 0.10161 -0.07574
0.28258 -0.08423 0.12803
-0.06038 0.03274 0.14350
-0.28301 -0.04653 0.13684
-0.19958 0.04546 -0.03128
0.20972 0.04232 0.04734
0.28310 0.03819 0.03517
0.26938 0.03896 0.03322
0.20405 0.04264 0.05296
0.31400 0.03645 0.00774
0.31620 0.03632 0.03605
0.23664 0.04081 0.04322
0.31987 0.03612 0.02492
0.24160 0.04053 0.04188
0.31237 0.03654 0.02521
0.31233 0.03654 0.04244
0.28680 0.03798 0.01799
0.18483 -0.02358 0.15440
0.09662 -0.02308 0.15440
0.12634 -0.02200 0.15440
0.23029 -0.06389 0.13984
0.16027 0.05367 0.11239
0.16723 0.04987 0.11149
0.12743 0.07696 0.09068
-0.00920 -0.01474 0.15009
0.03186 -0.01649 0.15036
-0.02917 -0.01594 0.15041
0.12994 -0.01706 0.15020
0.05486 -0.01371 0.14969
-0.01321 -0.00800 0.14864
-0.03699 0.04013 0.06176
-0.03585 0.04027 0.08570
-0.03530 0.04034 0.09194
-0.16376 -0.00967 0.09145
-0.42053 0.00312 0.11772
-0.22534 -0.10895 0.11275
0.20862 -0.06559 0.08460
0.30380 -0.05847 0.08460
0.25315 -0.06432 0.08460
-0.17057 -0.06598 0.14273
0.29704 -0.06379 0.13754
-0.40899 0.04356 0.05545
-0.08394 0.01741 0.14685
0.10187 0.01856 0.14663
-0.07497 0.01370 0.14610
0.22413 -0.04124 0.13795
-0.35610 -0.00594 0.14575
-0.34775 0.00282 0.14502
-0.37493 -0.00408 0.14391
-0.31187 -0.00246 0.14882
0.22518 -0.09425 0.11094
0.06685 -0.01825 -0.02057
-0.26270 0.08349 0.08233
-0.26974 0.06403 0.08448
-0.27422 0.05492 0.07266
-0.22428 -0.05108 0.12785
-0.09998 -0.01921 0.09154
0.10572 0.05702 -0.00772
0.26228 -0.08210 0.13656
-0.03291 0.01899 -0.04882
-0.41881 0.03825 0.00019
-0.05603 0.03906 -0.02656
-0.16970 0.10987 -0.00857
0.27125 -0.09399 -0.14208
-0.44441 -0.02037 0.10141
-0.23503 -0.01893 0.13946
0.11046 0.05138 -0.01455
0.12311 0.05197 0.04098
0.24830 -0.01606 0.11439
0.07074 0.02595 0.14490
-0.00756 0.02253 0.14490
0.05101 0.02417 0.14490
-0.27354 -0.04598 -0.14273
0.02151 0.03541 0.13960
0.09996 0.03736 0.13860
-0.01645 0.03465 0.13998
-0.17663 0.02261 0.08080
0.19044 -0.00897 -0.02134
-0.05632 0.03781 0.07893
0.11569 0.04039 0.02613
-0.41067 -0.02346 -0.13994
0.24136 -0.07887 0.12302
0.21525 0.03941 0.12700
0.20833 0.03876 0.12928
0.25462 0.03459 0.13485
-0.17319 -0.01642 -0.11418
0.41436 -0.04796 0.07618
-0.23781 -0.09366 0.11155
-0.09047 -0.00236 0.14765
-0.10422 0.00020 0.14715
0.28598 -0.05944 0.12644
0.14619 0.02886 0.10630
0.44877 -0.03342 -0.06533
0.10559 0.07882 -0.11206
0.10042 0.09456 0.07332
0.09652 0.09675 0.07271
-0.26775 0.08076 0.02176
-0.26550 0.08818 0.01319
-0.21465 -0.11022 0.13886
0.19063 -0.03682 -0.12423
0.18935 -0.04673 -0.08522
0.24480 -0.08084 0.13710
0.21318 0.02288 -0.14534
-0.24237 -0.08761 -0.11485
-0.18076 0.02464 -0.10472
-0.20363 0.03163 0.14414
0.18328 0.02967 0.12403
0.17162 0.00086 0.12403
0.18086 0.02499 0.12403
0.15861 0.02096 0.12403
0.17257 0.02822 0.12403
0.07274 -0.05920 -0.13708
-0.27580 0.04947 -0.07917
-0.44270 -0.00695 -0.12930
0.16696 -0.02458 0.15055
0.18018 -0.02477 0.15055
0.04928 -0.02229 0.15055
0.29694 -0.02112 0.11094
0.11070 0.04485 -0.01944
-0.15177 0.08852 0.11410
-0.14748 0.08725 0.11475
-0.15251 0.07570 0.12065
-0.15926 0.09658 0.10999
-0.13780 0.09007 0.11331
0.24726 -0.06865 -0.13806
0.22434 -0.02126 0.13144
-0.19296 0.10641 -0.09179
-0.20385 -0.04442 -0.13876
-0.17690 0.01279 0.08122
-0.39926 -0.01397 0.11929
-0.05043 0.01591 -0.14647
-0.10310 0.01613 -0.14664
0.02438 0.01617 -0.14635
-0.17056 0.00658 0.03236
-0.41472 0.03138 0.09300
-0.41790 0.01357 0.11378
0.16151 0.00769 0.06989
-0.18849 -0.00234 0.02367
0.42389 0.01247 -0.06897
0.16154 0.02121 0.14534
-0.42336 0.00882 0.03104
-0.19989 0.04490 0.01845
0.02660 0.00241 0.12068
0.05810 0.00241 0.12378
-0.01294 -0.01638 0.01078
-0.00502 -0.01638 0.00689
-0.01737 -0.01638 -0.00514
0.03546 -0.01638 0.02558
-0.01785 -0.01638 0.02189
-0.02133 -0.01638 -0.00263
-0.14388 0.02216 0.14560
-0.12763 0.02556 0.14570
0.24739 -0.03415 0.12445
-0.17868 0.11100 0.00315
0.44726 -0.02933 0.10783
-0.27341 0.06263 0.04583
-0.27575 0.05453 0.01329
0.09801 0.01290 0.12353
-0.29759 0.00069 0.14917
-0.28975 0.01105 0.14769
-0.18860 0.03943 0.11411
0.07095 -0.02859 0.10372
0.06848 -0.03586 0.11039
0.07087 -0.02885 0.07663
0.07108 -0.02823 0.06982
0.43494 -0.03397 -0.13145
-0.18064 -0.02352 -0.15440
-0.08764 -0.02341 -0.15440
0.41595 0.01285 0.11799
-0.27779 -0.00817 -0.15043
-0.17189 0.00298 0.12403
-0.01221 -0.05455 -0.14070
0.07575 -0.05274 -0.14194
0.13663 -0.05067 -0.14341
0.04412 -0.05388 -0.14114
-0.22890 -0.08442 -0.11692
-0.22782 0.00030 -0.14273
0.44239 -0.01754 0.04322
0.20185 -0.02176 0.12714
-0.00362 -0.04671 -0.14561
-0.02585 -0.04733 -0.14534
-0.17944 0.02406 -0.08118
-0.17743 0.02109 -0.10244
0.35860 0.03114 -0.03594
0.36883 0.02981 -0.03675
0.35134 0.03207 -0.02595
0.32315 0.03572 -0.03074
0.33461 0.03424 -0.01173
0.32805 0.03509 -0.02841
0.00071 -0.02733 0.08143
-0.00846 -0.02888 0.09306
-0.04713 0.01179 0.12403
-0.13965 0.00264 -0.12403
0.28438 -0.00478 0.14273
-0.18260 0.03456 -0.07439
-0.19895 -0.07411 0.13792
-0.26749 -0.00360 0.14975
-0.18433 -0.00558 0.02366
-0.17312 0.02128 -0.12290
0.00929 -0.02333 0.09892
-0.15204 -0.02506 -0.06124
-0.18191 0.04287 0.06557
0.27454 -0.08914 0.13030
-0.12739 -0.01214 0.01372
-0.12494 -0.00281 0.01372
-0.14538 -0.01648 0.01372
-0.16565 0.01946 0.01372
-0.14004 0.00425 0.01372
-0.03643 0.04422 0.10044
0.19258 0.04003 -0.04397
0.19304 0.03989 -0.02154
-0.16907 -0.04071 -0.06577
-0.16683 -0.04598 -0.11518
-0.16785 -0.04359 -0.00142
-0.17208 -0.03367 -0.07756
-0.18757 0.00263 -0.08657
-0.19530 0.02073 -0.11452
-0.18652 0.00017 -0.09182
-0.17892 -0.01766 -0.06395
-0.16549 -0.04910 -0.10956
-0.18250 -0.00925 -0.12067
-0.16738 -0.04469 -0.04533
-0.16652 -0.04671 -0.02175
-0.17849 -0.01864 -0.07070
-0.17326 -0.03090 -0.03490
-0.16441 -0.05165 -0.07221
-0.17165 -0.03468 -0.04467
-0.20067 0.03332 -0.11947
-0.17864 -0.01829 -0.09961
-0.16880 -0.04137 -0.03494
-0.17953 -0.01623 -0.09017
-0.17252 -0.03263 -0.11613
-0.17622 -0.02397 -0.08482
0.23947 -0.03470 0.14141
-0.05259 0.06759 0.05817
0.22861 -0.03647 -0.13608
-0.18986 0.10807 -0.01958
-0.22231 0.10347 -0.00630
0.33459 -0.05717 -0.13680
0.37255 -0.05225 -0.13643
-0.27045 -0.05137 -0.14262
0.27202 -0.04966 0.13834
-0.39485 -0.05010 -0.03655
-0.39265 -0.05100 -0.04431
-0.01226 0.02648 0.14502
-0.08882 0.02787 0.14519
0.11321 0.02892 0.14492
0.17609 0.05379 -0.00936
0.09316 0.00690 -0.12290
0.00395 -0.02608 -0.03401
0.21591 0.02257 0.14534
0.14822 -0.05201 -0.08271
0.13092 -0.05201 -0.03082
0.15617 -0.05201 -0.05037
0.15745 -0.05201 -0.08818
0.16833 -0.05201 -0.10465
0.16158 -0.05201 -0.06262
0.16334 -0.05201 -0.02743
0.14319 -0.05201 -0.03448
0.11757 -0.05201 -0.01673
0.16144 -0.05201 -0.06703
0.14781 -0.05201 -0.03034
-0.40569 -0.01048 -0.10486
-0.03943 0.06399 0.05866
0.22397 -0.02387 -0.11293
-0.23592 -0.07589 -0.12749
-0.03264 0.02320 -0.04158
-0.38875 -0.01965 0.14425
-0.33066 -0.01738 0.14953
-0.37835 -0.01843 0.14521
0.12044 0.02266 0.01725
0.14787 0.01204 -0.00281
0.12764 0.01987 -0.01473
0.11936 0.02308 -0.01621
0.12807 0.01971 0.00685
0.16156 0.00674 -0.01192
-0.19735 0.05647 0.12765
-0.21191 0.01022 0.11820
0.06163 -0.01395 -0.00464
-0.06621 0.10223 0.10793
0.20338 -0.02558 0.11315
0.12958 -0.04704 -0.12403
0.11636 -0.03094 -0.12403
0.10348 -0.03741 -0.12403
0.04298 -0.02932 -0.12403
-0.05439 -0.05029 -0.12403
-0.00329 -0.04734 -0.12403
0.10053 -0.04836 -0.12403
0.02145 -0.04774 -0.12403
0.10519 -0.04303 -0.12403
-0.03158 -0.04372 -0.12403
0.05166 -0.04005 -0.12403
-0.06477 -0.03928 -0.12403
0.07956 -0.02823 -0.12403
0.09023 -0.04234 -0.12403
0.11982 -0.05006 -0.12403
0.00029 -0.04466 -0.12403
0.43841 -0.03635 0.03115
-0.23400 -0.09994 -0.11094
0.00716 -0.02324 -0.05606
0.04328 0.02080 0.14431
-0.40929 0.04340 0.02315
-0.05132 0.01243 0.14580
-0.41809 0.01473 -0.10673
0.21690 -0.03422 0.14153
0.10334 -0.01230 0.12256
-0.23361 0.10054 0.05886
-0.03962 0.04644 0.07457
0.33104 -0.06141 -0.13348
-0.25856 0.09155 -0.06298
-0.25146 0.09687 -0.03316
-0.38868 -0.01048 -0.11773
-0.01282 -0.00731 0.03550
0.19278 0.04152 0.07933
-0.39988 0.04250 -0.12609
-0.43918 -0.00508 -0.08737
-0.43817 -0.00508 -0.07115
-0.10112 0.02938 -0.12403
0.00102 0.02911 -0.12403
-0.08418 0.02945 -0.12403
-0.19832 0.05695 0.08252
-0.01766 -0.06016 0.13643
0.08486 0.02088 -0.14420
-0.21882 -0.08898 -0.11754
-0.07499 -0.02587 0.15117
0.00102 -0.03027 0.15096
-0.05078 -0.03043 0.15111
-0.02848 -0.02538 0.15104
0.07129 -0.02328 0.10377
-0.17688 0.01190 0.12290
-0.44675 -0.02061 -0.02738
-0.37986 0.03799 0.13588
0.18444 0.04252 0.01836
0.42073 -0.04374 0.10197
0.42882 -0.03959 0.10752
0.13805 0.05077 0.14823
-0.26502 0.08247 -0.06042
-0.26681 0.08028 -0.04966
-0.27364 0.05899 -0.05864
-0.23576 -0.09567 0.14235
0.42642 -0.00680 -0.08655
0.05134 0.02414 0.07740
0.14875 0.04326 -0.10880
0.20947 -0.09051 0.12808
-0.01814 0.04380 0.13693
-0.07193 0.08018 0.11836
0.09051 0.04714 0.13522
0.08321 0.03618 0.14082
-0.08269 0.05948 0.12892
-0.06629 0.04961 0.13396
-0.09770 0.08132 0.11778
-0.07216 0.04169 0.13800
-0.05248 0.07790 0.11953
0.12848 0.03782 0.13998
-0.09369 0.04459 0.13652
-0.02900 0.06887 0.12413
-0.02107 0.03688 0.14046
0.03144 0.04377 0.13695
-0.06583 0.07864 0.11914
-0.09188 0.06512 0.12605
-0.10402 0.08924 0.11374
-0.10302 0.04853 0.13451
-0.05642 0.04207 0.13781
-0.02192 0.06890 0.12412
-0.03710 0.06867 0.12423
-0.06695 0.06318 0.12704
-0.06025 0.05512 0.13115
-0.07730 0.08449 0.11616
-0.00221 0.05963 0.12885
0.03956 0.05347 0.13199
-0.08867 0.08633 0.11522
0.08339 0.04904 0.13426
-0.00929 0.04564 0.13599
-0.02556 0.07388 0.12157
0.06403 0.05571 0.13085
-0.25175 -0.10391 -0.13782
-0.19047 0.03923 0.05541
-0.18658 0.03971 0.07065
-0.18123 0.04038 0.09509
0.18109 -0.00574 -0.12403
0.18690 -0.00584 -0.12403
0.18511 0.01028 -0.12403
0.17331 -0.00069 -0.12403
0.17562 -0.00626 -0.12403
0.18383 -0.00933 -0.12403
-0.16387 -0.06970 0.11659
0.11018 0.08357 0.10405
0.17530 -0.02531 0.15274
-0.23012 -0.08401 0.11753
-0.22435 0.00199 -0.11094
-0.10639 -0.01841 -0.03785
-0.10275 -0.02003 0.05469
-0.10674 -0.02070 0.09403
-0.02859 -0.03517 0.15105
0.03665 -0.03356 0.15087
0.06778 -0.03069 0.15078
0.11150 -0.03282 0.15066
-0.22835 -0.11014 0.13914
0.22536 -0.03878 -0.11923
-0.43793 -0.00508 0.12222
-0.44425 -0.00508 0.06589
0.08697 0.10342 -0.01519
0.07247 0.10691 -0.01210
0.02525 0.03342 -0.14240
-0.08276 -0.01916 -0.07170
0.42283 -0.00786 -0.11588
0.06988 -0.02091 0.06928
0.01671 -0.02493 0.06468
-0.23660 0.10025 0.08501
-0.22563 -0.09266 -0.11371
0.00462 0.10253 0.10594
-0.23678 0.10056 0.02398
0.07678 0.10392 -0.04778
0.06111 0.10701 -0.06515
0.07698 0.10364 -0.05916
-0.05184 0.07711 -0.06350
-0.23542 -0.07915 -0.14110
-0.20904 -0.02499 -0.13369
-0.16005 -0.01515 -0.06320
-0.24295 0.08427 0.11411
0.22532 -0.07940 -0.13903
-0.04123 0.07773 0.08246
0.29739 -0.08593 -0.14273
0.41414 0.00099 0.13117
0.42190 -0.04398 0.08794
0.37104 -0.02900 -0.14796
0.38189 -0.01788 -0.14588
-0.17562 0.02627 0.02827
-0.00586 -0.01151 -0.14938
0.02247 -0.01052 -0.14909
0.04402 -0.01568 -0.15015
0.01636 -0.01695 -0.15050
-0.08221 -0.00376 -0.14792
-0.07175 -0.01775 -0.15093
-0.08769 -0.01493 -0.15036
-0.25338 0.08175 0.10726
-0.45147 -0.00894 0.05202
0.15214 0.04379 -0.08353
0.14508 0.04328 -0.09645
0.24899 0.02827 0.14490
-0.15943 -0.01285 -0.09671
-0.11840 -0.02240 -0.07304
0.14502 0.00794 0.03264
0.17865 -0.00189 0.09057
0.16345 0.00255 0.07296
0.17498 -0.00082 0.09361
0.17297 -0.00023 0.07458
0.16001 0.00356 0.04624
0.17557 -0.00099 0.02339
0.14746 0.00722 0.06199
0.13758 0.01011 0.04895
0.18113 -0.00261 0.11682
0.16386 0.00243 0.03699
0.14663 0.00747 0.03768
0.05929 -0.01815 0.09364
0.11723 0.01843 0.00507
-0.03186 0.01859 -0.05869
0.27799 -0.01944 -0.14039
-0.02528 0.00311 0.07253
-0.04104 0.03963 -0.08378
-0.03583 0.04028 -0.05884
-0.03640 0.04021 -0.07054
0.18114 0.04221 0.12458
-0.15260 -0.02397 0.10221
-0.26212 -0.06452 -0.12939
-0.10567 -0.02044 0.05060
-0.10180 -0.01970 0.08000
-0.11063 -0.02150 0.08837
-0.14334 -0.02814 0.09416
-0.19710 -0.02798 -0.11901
0.32745 -0.01642 -0.15031
0.01146 -0.02247 -0.03892
0.25003 0.03217 0.14098
-0.23019 0.10021 -0.10010
0.28129 -0.01611 0.12707
-0.07493 -0.02417 0.05370
-0.04880 0.02049 0.14565
-0.03494 0.01936 -0.06692
-0.22277 0.00411 -0.14733
-0.21137 0.00543 -0.14662
0.18219 -0.01390 -0.03138
0.18460 -0.00563 -0.06607
0.17459 -0.03990 -0.02022
0.17456 -0.04000 -0.02761
0.18467 -0.00541 -0.08060
0.18273 -0.01202 -0.03633
0.18295 -0.01129 -0.02675
0.18382 -0.00829 -0.07380
0.17716 -0.03109 -0.04394
0.14911 0.00906 -0.14508
0.10904 -0.00476 -0.14783
0.14625 -0.00370 -0.14757
0.14223 -0.00096 -0.14704
0.04418 0.00221 -0.14655
0.06713 0.00505 -0.14597
-0.02927 -0.00029 -0.14713
-0.05657 0.00199 -0.14672
-0.14181 0.10899 0.05671
-0.05345 0.10893 0.08466
-0.02712 0.10878 0.08614
0.04012 0.10934 0.08066
-0.01325 0.10913 0.08264
0.00609 0.10927 0.08128
-0.10207 0.10832 0.09066
-0.10329 -0.05684 0.13917
0.11572 0.03512 0.07415
-0.17608 0.02008 0.14542
-0.42861 -0.02660 0.06756
-0.41963 -0.03192 0.09526
0.43412 -0.01774 -0.12955
-0.02229 0.01243 -0.02020
-0.36682 0.03812 -0.13698
-0.31968 0.03580 -0.14152
-0.18715 0.07735 0.08729
-0.16193 -0.02153 -0.12403
-0.14825 -0.03291 -0.12403
-0.17304 -0.04346 -0.12403
-0.16227 -0.04242 -0.12403
-0.12550 -0.01994 -0.12403
-0.05251 0.06551 0.08689
-0.24213 -0.05102 -0.14250
-0.16725 0.00286 -0.07129
0.02438 0.10159 0.10324
0.13677 0.06099 -0.12224
-0.03167 0.02969 -0.03103
0.45425 -0.02214 0.00914
-0.17531 0.10883 -0.06295
-0.35535 -0.01027 -0.14750
-0.36204 -0.01307 -0.14682
0.16036 -0.03063 0.15055
0.39814 0.02244 0.07397
0.39538 0.02246 0.10293
0.37765 0.02507 0.10077
0.32355 0.03291 0.10451
0.40470 0.02159 0.06623
0.37282 0.02610 0.07635
0.31875 0.03358 0.10667
0.33034 0.03195 0.10219
0.22365 -0.02489 -0.14144
0.12194 0.05659 0.02062
0.11531 0.05653 0.00161
-0.15401 -0.01738 0.05686
0.08100 0.10068 0.09591
-0.31980 0.02772 -0.14281
-0.31000 0.02438 -0.14398
-0.16289 -0.00451 0.03123
0.37406 0.02489 -0.11883
0.35032 0.02829 -0.11991
0.36673 0.02581 -0.12157
-0.45397 -0.01928 0.01587
0.26922 0.03585 0.12684
0.28090 0.03388 0.13182
0.25322 0.03702 0.12658
0.30690 0.03090 0.13689
-0.11952 0.03347 -0.14291
0.43165 -0.04044 0.05508
0.43109 -0.04072 0.03648
0.42038 -0.00598 0.11482
-0.20482 -0.01195 0.11398
-0.18324 0.04500 -0.00903
-0.26242 -0.01057 -0.14210
0.14302 -0.02408 -0.00026
0.11825 -0.02408 0.00391
-0.00707 -0.01831 0.04763
0.15965 -0.04165 -0.14788
0.06092 0.10542 -0.08627
0.02569 -0.01934 0.09447
-0.38337 0.02970 -0.13708
-0.35741 0.02132 -0.14059
-0.45327 -0.00992 -0.00004
-0.16292 -0.00542 -0.04574
0.02432 0.00522 -0.01854
-0.25395 -0.02289 0.12984
-0.18162 0.04264 -0.03605
-0.28844 0.01549 -0.14705
-0.17712 0.02654 0.09352
0.14310 -0.05201 0.01746
0.42775 -0.04236 -0.03928
-0.40696 0.04482 -0.03389
-0.18778 -0.03556 -0.11406
-0.07028 0.10373 0.10327
-0.00517 0.10491 0.10065
-0.23439 -0.11121 0.13568
-0.32173 0.04258 0.13858
0.38561 0.00907 -0.13835
0.34963 -0.00340 -0.14517
0.37783 0.00797 -0.13940
0.36244 0.00008 -0.14300
-0.23359 -0.06268 0.13871
-0.22705 0.10091 -0.08468
0.05113 -0.01607 0.08153
0.17231 0.04031 0.13024
-0.42307 0.00917 -0.05940
-0.12462 0.00919 -0.12290
-0.44773 -0.01942 -0.09025
0.08250 0.09611 0.10329
-0.18156 0.01247 -0.12290
0.26240 -0.00873 0.11409
-0.23821 -0.08975 -0.14011
-0.20598 0.00844 0.11612
0.42390 0.01569 0.00122
-0.18952 -0.01282 0.14273
-0.31332 -0.06205 0.12242
0.18123 -0.00368 -0.14758
0.15823 -0.00714 -0.14824
0.02271 -0.05201 -0.02713
0.03296 -0.05201 -0.07097
0.02571 -0.05201 -0.03826
0.02069 -0.05201 -0.04389
0.00811 -0.05201 -0.01961
-0.00107 -0.05201 -0.02866
0.03579 -0.05201 -0.03000
0.05853 -0.05201 -0.09371
-0.01430 -0.05201 -0.01982
0.04064 -0.05201 -0.04462
0.06032 -0.05201 -0.05177
-0.28332 0.02842 0.14496
-0.17984 0.11084 -0.01805
-0.19478 0.10868 -0.01040
-0.13352 0.03585 -0.14141
0.41159 -0.06192 0.04443
-0.00613 -0.02607 -0.08317
-0.00710 -0.02464 -0.03913
-0.14575 -0.02677 0.03189
-0.15398 -0.04895 0.08655
0.29790 0.00506 0.11123
-0.03975 -0.01775 0.12403
-0.04503 -0.01729 0.12403
-0.10206 -0.06143 0.13521
-0.37327 -0.04800 0.13090
-0.36477 -0.05017 0.13096
-0.23554 -0.07217 0.12786
-0.20276 0.03997 -0.06339
-0.20396 0.03770 -0.11457
-0.19967 0.04585 0.07238
-0.02478 0.00714 -0.07863
-0.02383 -0.00659 -0.14838
0.10453 -0.01285 -0.14941
0.12138 -0.01390 -0.14959
0.17464 0.05382 0.05992
-0.15044 0.10831 -0.07610
0.29092 -0.06804 0.11729
0.11061 0.02973 0.06423
-0.40933 -0.01524 0.14251
-0.36932 -0.01312 0.14616
-0.20060 0.00342 0.12403
0.24149 0.03964 -0.06918
0.27455 0.03732 -0.05521
0.31414 0.03421 -0.08624
0.30695 0.03492 -0.05833
0.31167 0.03445 -0.07709
0.23805 0.03999 -0.05582
0.26323 0.03808 -0.06438
0.29855 0.03539 -0.08073
0.29010 0.03612 -0.06366
0.22322 0.04102 -0.06400
0.24560 0.03941 -0.05960
-0.26373 -0.02412 0.11094
0.19983 -0.01318 -0.14678
-0.17308 -0.02554 -0.15144
0.25966 -0.08354 -0.12034
-0.04745 0.04817 0.08734
0.08824 0.02000 0.14520
0.24057 -0.01955 0.11564
-0.11671 0.09207 0.11048
-0.11657 0.09700 0.10797
-0.03779 0.03347 -0.14245
0.24799 -0.09416 -0.11188
-0.21319 -0.09227 0.12265
-0.44057 -0.01121 0.09869
0.05641 0.10959 0.06117
0.05787 0.10981 0.04330
0.06075 0.10888 0.05099
-0.05259 0.06911 -0.07240
0.04912 0.03008 0.14519
-0.23333 0.00312 0.14261
-0.02490 -0.03349 -0.15104
0.09078 -0.03272 -0.15071
-0.20303 -0.08866 0.13733
-0.27910 -0.06769 -0.13982
0.06161 -0.01620 0.01164
-0.00978 -0.02408 0.01051
-0.05517 -0.02408 0.00795
0.02738 -0.03770 0.14998
-0.00915 -0.01615 -0.03617
-0.42068 0.00739 -0.09472
-0.03037 0.02378 0.09652
0.27931 -0.07426 0.12261
0.25554 -0.09779 0.14235
-0.00865 -0.02385 -0.04655
-0.01693 -0.01153 -0.06932
-0.01201 -0.02102 -0.08097
-0.01517 -0.01404 -0.06312
-0.26334 0.01823 0.14539
0.08691 -0.04755 0.01507
-0.02784 0.00858 -0.05387
-0.18132 0.03126 0.09498
-0.03590 0.04286 0.02839
0.01511 0.02070 0.14554
-0.12519 0.07259 -0.12348
-0.02410 0.01594 -0.09767
0.11125 -0.02408 0.01020
0.12554 -0.02408 0.00681
0.43253 -0.03779 -0.10128
-0.01978 0.00126 0.09924
0.02444 -0.01989 0.12403
-0.07662 -0.03784 0.12403
-0.08439 -0.03470 0.12403
-0.10285 -0.03789 0.12403
-0.07132 -0.03499 0.12403
-0.11361 -0.04100 0.12403
-0.42616 -0.01638 -0.10926
-0.41593 -0.03472 -0.09507
-0.41737 -0.03411 -0.08450
-0.12628 0.02020 -0.14569
-0.24683 -0.01631 -0.12286
0.23608 -0.02245 -0.11563
0.08394 0.10091 0.09091
-0.43976 -0.00508 0.04114
-0.44433 -0.00508 0.00775
0.13358 0.04396 0.10171
0.15077 0.04057 0.13860
-0.18608 0.03963 -0.07069
-0.18549 0.03972 -0.03264
-0.18448 0.03987 -0.07974
-0.00565 -0.02239 -0.08066
0.27691 -0.02639 -0.12377
-0.41277 0.03675 -0.08582
-0.00550 -0.02657 0.09749
0.15624 0.01064 0.12403
0.16046 -0.03479 0.12403
0.16020 -0.02542 0.12403
0.14972 -0.04791 0.12403
0.14818 -0.00157 0.12403
0.16713 -0.02047 0.12403
0.44636 -0.01795 -0.02544
-0.04051 0.03964 0.10954
-0.07943 0.01978 0.12403
0.14819 0.03116 0.03285
0.14603 0.04053 0.04099
0.41914 -0.04678 0.02265
0.41324 -0.04968 0.02174
-0.44886 -0.00678 -0.07470
0.16133 0.04399 -0.09636
0.16237 0.04448 -0.08122
0.15528 0.04361 -0.10326
0.15065 0.04349 -0.10236
-0.42473 0.00222 -0.06291
-0.40296 0.00194 0.13973
-0.00085 -0.02656 -0.09450
0.27424 -0.01324 -0.11921
0.11105 0.05287 0.07302
-0.43809 -0.02068 -0.10440
0.39887 -0.03974 -0.14109
0.14394 0.02631 0.14582
-0.14141 0.10987 0.01212
-0.14868 0.10987 0.01305
-0.04313 0.07920 -0.06641
-0.24514 -0.02018 0.14058
0.32198 -0.02758 -0.13404
0.28670 -0.04878 0.12580
-0.19006 0.00847 -0.06916
-0.19685 0.02448 -0.01632
-0.19517 0.02050 -0.03931
-0.20148 0.03529 -0.06638
-0.20217 0.03702 0.00804
-0.19964 0.03104 -0.01760
-0.19144 0.01180 -0.00179
-0.18949 0.00721 -0.00408
-0.19151 0.01189 -0.06277
-0.19331 0.01609 -0.07341
-0.18528 -0.00271 -0.02847
-0.19958 0.03083 -0.06398
-0.20000 0.03176 -0.10997
-0.20118 0.03467 -0.00368
-0.18016 -0.01472 -0.02647
-0.19862 0.02853 -0.09533
-0.19844 0.02824 0.00232
-0.18283 -0.00838 0.01961
-0.19746 0.02585 -0.06834
-0.19693 0.02461 -0.05668
-0.16861 -0.04179 0.00934
-0.19662 0.02391 -0.04394
-0.18904 0.00612 -0.02744
0.08570 0.00600 -0.12335
0.45173 -0.02307 -0.03345
-0.29105 -0.04988 0.11536
-0.29105 -0.05758 0.11350
-0.26759 -0.01877 0.14238
-0.24882 -0.05165 -0.12495
0.35012 0.02704 0.12507
0.35618 0.02706 0.12339
-0.09204 0.10672 -0.09028
-0.44507 -0.01657 -0.12122
0.23074 -0.08426 -0.12986
-0.09095 -0.01838 -0.04445
-0.23880 0.00299 -0.11140
-0.42188 0.01297 0.06148
0.23076 -0.02948 -0.13839
-0.13345 0.01382 0.14619
-0.25777 0.02118 -0.14532
-0.12200 -0.02301 0.07135
-0.11564 -0.02194 0.08757
-0.20804 -0.08964 -0.11901
-0.19033 0.08233 -0.11449
-0.12960 0.02022 0.14519
-0.41433 -0.01409 0.11892
-0.14272 -0.01963 -0.15324
-0.22290 -0.01972 -0.15335
-0.39713 -0.01577 -0.11423
-0.03048 0.02207 0.09172
0.11088 0.03138 0.07826
0.01673 0.03250 -0.14366
0.13097 0.04067 0.16137
0.06391 0.06286 0.08231
-0.18221 0.03554 0.05282
0.23943 -0.08937 -0.11693
-0.07321 0.10974 -0.02820
-0.12869 0.10936 -0.04274
-0.08692 0.10908 -0.05338
-0.09265 0.10945 -0.03894
-0.05500 0.10979 -0.02614
-0.09972 0.10979 -0.02621
-0.10279 0.10924 -0.04713
-0.10860 0.10984 -0.02435
-0.10343 0.10960 -0.03342
-0.03142 0.10947 -0.03843
-0.11017 0.10893 -0.05899
-0.13960 0.10935 -0.04309
-0.07774 0.10937 -0.04236
-0.00256 0.10963 -0.03211
0.29380 -0.03344 0.11749
0.20790 -0.02294 -0.14238
-0.17775 0.03276 -0.03401
-0.11197 0.06871 0.12546
-0.42053 -0.02995 -0.11822
-0.41933 -0.03141 -0.10849
0.04182 -0.01712 0.04396
-0.03650 0.03448 0.14076
-0.43153 -0.01359 -0.10073
0.10005 -0.03536 -0.15068
-0.05810 -0.03780 -0.15019
0.41592 -0.04794 -0.11402
0.03964 0.01384 -0.14587
-0.24263 0.09062 -0.10691
0.01953 0.00241 -0.11644
-0.00352 0.00241 -0.12161
0.08379 -0.05048 0.14361
-0.08110 -0.05045 0.14385
0.26770 -0.02951 0.14142
-0.12487 0.03893 -0.13781
0.13340 0.04046 -0.16735
-0.25356 -0.02592 0.12337
0.08321 0.10333 -0.06796
0.07138 0.10611 -0.06186
0.42099 0.01522 0.06506
-0.26380 -0.05717 -0.11357
0.22676 0.00920 0.14803
-0.16515 0.00700 -0.14531
-0.27927 0.04713 -0.00183
0.05270 0.00983 0.12290
0.08722 0.00779 0.12290
-0.27208 0.06665 -0.02410
-0.27389 0.06079 -0.02589
-0.09601 -0.05201 0.11002
-0.09909 -0.05201 0.09333
-0.08607 -0.05201 0.07455
-0.13924 -0.05201 0.09963
-0.10757 -0.05201 0.08468
-0.10040 -0.05201 0.11686
-0.08492 -0.05201 0.03898
-0.13266 -0.05201 0.09902
-0.09737 -0.05201 0.04367
-0.09214 -0.05201 0.03200
-0.08606 -0.05201 0.10364
-0.10493 -0.05201 0.05840
-0.10618 -0.05201 0.11644
-0.10870 -0.05201 0.06373
-0.09912 0.10608 0.09791
-0.05129 0.10711 0.09485
0.06356 0.10505 -0.09530
-0.14330 -0.05213 0.14259
-0.26644 0.05769 -0.11270
-0.27002 0.05337 -0.10896
0.25383 -0.09304 0.13339
0.45101 -0.02137 -0.00594
-0.22595 -0.08628 0.11399
0.09807 0.09717 -0.04788
0.02320 -0.01961 -0.05045
0.04875 -0.01658 -0.10117
0.26331 0.01816 0.08921
0.26528 0.01790 0.11095
-0.19506 0.03872 0.01462
0.11692 0.00939 0.01361
-0.36647 -0.05542 -0.12130
-0.09059 0.02361 0.14572
0.29434 -0.01028 -0.11112
-0.00435 0.03472 -0.14043
0.13956 0.03495 -0.14012
-0.07771 -0.02408 0.00534
-0.01341 -0.02408 0.00327
-0.04356 -0.02408 0.00143
-0.10679 -0.02408 0.00810
0.05228 0.02986 0.08378
-0.39766 0.01000 -0.13914
0.14373 -0.04790 -0.12403
-0.02926 0.01193 0.06358
-0.01882 -0.00808 0.05832
-0.02460 0.00300 0.05420
-0.01865 -0.00840 0.04440
0.45159 -0.03093 -0.00891
0.15458 0.03617 -0.12491
0.15715 0.02490 -0.12491
0.15991 0.02931 -0.12491
0.16911 0.01677 -0.12491
0.27710 -0.00654 0.14271
-0.41434 0.03894 0.02589
-0.25307 -0.06721 -0.11520
-0.06433 -0.05567 0.13980
-0.04642 -0.05573 0.13976
-0.02710 -0.05574 0.13975
-0.25887 -0.00265 -0.11580
-0.39604 -0.00207 0.14180
