0.29579 -0.05235 0.14827
-0.19503 0.03256 -0.16283
0.00805 0.07872 0.14421
-0.02172 0.08150 0.14295
0.01039 0.07228 0.14734
0.00567 0.08412 0.14158
-0.01880 0.12606 0.03658
-0.01116 0.12624 0.00782
0.24021 -0.05147 0.12247
0.17298 0.01915 0.16648
0.19303 0.00196 0.16844
0.25288 0.04847 0.08226
0.26325 0.04684 0.08492
-0.24504 -0.03877 0.14161
-0.40911 -0.01887 0.13863
-0.16345 -0.06987 0.14540
0.25418 -0.06028 0.15045
-0.22035 -0.04808 -0.14630
0.25913 -0.04834 -0.15045
-0.17303 -0.03373 0.12972
-0.00241 0.10999 -0.12908
-0.02631 0.10033 -0.13362
-0.25695 0.00002 -0.11352
0.39520 -0.08024 -0.14431
0.20928 -0.08313 -0.16085
0.38821 0.01252 -0.09939
0.30013 -0.00423 -0.12033
-0.39100 0.03133 -0.12712
-0.40531 -0.07028 -0.09474
0.28565 -0.04373 -0.15327
0.30227 -0.02126 0.16207
-0.09144 0.11128 -0.12681
0.38066 0.01907 0.09595
-0.28634 0.05382 0.14329
0.44217 -0.04018 -0.00009
0.38859 -0.08973 0.10915
0.37648 -0.09020 0.10337
0.09491 0.06524 0.14666
0.22480 0.00472 -0.16850
0.42566 -0.07528 0.08114
0.16350 -0.08190 -0.16354
0.41334 -0.00122 -0.03862
-0.26290 -0.10120 -0.14534
0.14603 0.04166 -0.16011
0.07440 0.05123 -0.15572
0.15009 0.03834 -0.16250
0.08322 0.04124 -0.16306
-0.23842 0.09484 0.10007
-0.23034 -0.06664 0.14708
0.03741 -0.08619 0.15820
0.40142 0.00963 -0.09059
0.41547 0.00879 -0.04185
-0.14938 0.11659 -0.11188
0.32264 -0.05962 -0.16040
-0.41991 -0.04182 -0.13135
0.32776 -0.02384 -0.12793
0.25207 -0.00108 -0.10130
0.25991 0.00166 -0.11712
0.23922 -0.07264 0.13689
0.34593 -0.06941 0.10730
0.34682 -0.07482 0.13991
-0.04413 -0.08962 -0.14973
-0.16033 -0.08958 -0.14865
-0.00934 -0.08963 -0.15065
-0.06159 -0.08962 -0.13321
-0.10043 -0.08961 -0.12069
-0.15535 -0.08959 -0.12595
-0.08862 -0.08961 -0.12219
-0.09779 -0.08960 -0.14047
-0.03404 -0.08962 -0.14824
-0.11807 -0.08960 -0.11076
-0.15607 -0.08959 -0.10767
-0.31290 -0.06470 0.15550
0.21827 -0.06184 0.10886
0.03886 0.10193 -0.13441
-0.42395 0.01985 -0.01160
0.11628 -0.06775 0.16723
-0.23788 -0.04591 -0.09068
-0.24772 -0.02614 -0.09068
-0.26432 -0.02207 -0.09068
-0.42377 0.02103 0.04055
0.28066 -0.02147 -0.11336
-0.18223 -0.10794 0.13317
-0.43535 -0.06320 -0.01168
-0.12204 0.11746 -0.11653
0.32090 -0.00815 0.13586
0.42146 0.00835 -0.00222
0.15893 -0.02147 0.14970
0.22382 0.03705 0.15513
0.27841 -0.02392 -0.13903
0.35626 0.01209 0.12707
-0.21246 -0.10128 -0.12636
0.21353 -0.05321 0.10034
0.21284 -0.05441 0.11395
-0.00698 0.05901 -0.15342
-0.23055 -0.04063 -0.14542
0.22139 -0.09045 -0.11247
0.32297 -0.01831 0.15048
-0.25156 -0.08336 0.00132
-0.19321 -0.08728 0.05662
-0.10097 -0.08697 0.00582
-0.21917 -0.08435 0.00678
-0.09627 -0.08864 0.03905
-0.07297 -0.08762 0.00619
-0.15418 -0.08688 0.02939
-0.18907 -0.08598 0.02702
-0.20679 -0.08677 0.05227
-0.26314 -0.08387 0.01757
-0.14252 -0.08852 0.05869
-0.18696 -0.08529 0.01136
-0.10295 -0.08926 0.05546
-0.24972 -0.08369 0.00736
-0.04322 -0.08890 0.01913
-0.15209 -0.08923 0.07821
-0.11784 -0.08875 0.05171
-0.06886 -0.08819 0.01630
-0.09320 -0.08754 0.01409
-0.06039 -0.08806 0.00941
-0.22833 -0.08555 0.03667
-0.18341 -0.08755 0.05752
-0.16984 -0.08908 0.08365
-0.16592 -0.08693 0.03603
-0.17843 -0.08812 0.06737
-0.20470 -0.08595 0.03392
-0.06438 -0.08916 0.03473
-0.20552 -0.02945 -0.11350
-0.19375 -0.03788 0.11238
-0.23883 -0.10331 0.14857
0.01723 0.12347 -0.00323
0.02093 0.12235 -0.01369
-0.32792 -0.03185 -0.15717
-0.23449 -0.00494 -0.10886
-0.42116 0.03435 0.02055
0.34590 0.02322 0.12611
-0.17403 -0.07668 -0.10886
-0.27834 -0.10576 -0.13313
0.08532 0.08199 0.16550
0.11140 0.09719 -0.00549
0.08758 0.10561 -0.02185
0.10132 0.10101 -0.00473
0.30378 -0.00530 -0.14186
-0.29432 -0.03726 0.13285
0.34790 -0.01933 0.16501
-0.24823 -0.01865 -0.14961
0.08177 0.07052 0.18571
0.05312 0.11564 0.00928
0.10025 0.06713 0.17287
-0.39858 -0.05919 -0.12290
-0.42386 -0.00107 0.11908
-0.24387 -0.09449 0.14668
-0.24983 -0.04827 -0.14092
0.10513 0.06513 0.14898
-0.40479 -0.07186 0.08381
-0.07569 0.11187 0.12671
0.14079 0.06921 0.11927
0.27928 -0.07571 -0.14301
-0.42213 0.03709 0.05579
-0.20361 -0.02939 0.09068
-0.21816 -0.06739 0.15795
-0.23079 -0.10502 -0.15978
0.34556 -0.06094 0.10279
0.41195 -0.04000 -0.00431
0.41195 -0.03876 0.01114
-0.43386 -0.05154 0.11277
0.26696 0.02692 -0.15984
0.23979 0.01997 -0.16940
-0.20549 -0.01181 -0.09068
-0.28866 0.07846 0.09730
-0.40326 -0.07286 -0.11139
-0.39082 0.06453 0.00165
-0.26683 -0.04885 0.15849
0.30892 -0.00197 0.13102
0.31132 -0.00367 0.10547
-0.25343 -0.02136 0.16227
0.30056 -0.05352 -0.14668
0.42890 -0.02530 0.01933
0.17905 0.02541 -0.16930
0.25235 -0.00546 0.11731
-0.38304 -0.07535 -0.11223
0.34212 -0.08781 -0.10215
-0.42926 -0.05373 -0.10221
0.15730 0.05304 0.12098
0.31659 -0.07652 0.12616
0.25403 -0.00496 -0.14475
0.23776 -0.06529 -0.13170
-0.41871 0.02993 -0.07766
0.09915 -0.08048 -0.16406
-0.27911 -0.06198 -0.16208
0.40729 -0.08873 -0.10595
0.18047 0.04961 -0.13955
-0.44086 -0.05631 0.00739
0.16714 -0.08944 -0.15457
0.17530 -0.08901 -0.15524
0.11787 -0.08516 -0.16012
0.38844 -0.03324 -0.00185
-0.04068 0.12047 -0.11697
0.17168 0.05755 0.08693
0.40873 -0.07250 -0.12318
-0.14580 0.11370 -0.11716
0.34049 -0.03584 -0.11435
0.34200 -0.03803 -0.14467
0.25375 -0.03299 0.13098
-0.36329 -0.04215 -0.14995
-0.26069 -0.08952 -0.14889
-0.29795 0.06006 0.13100
-0.22799 -0.06130 0.14708
0.38126 -0.00684 0.09789
0.23773 -0.09309 0.15890
0.28343 -0.05116 0.14630
-0.21011 -0.12563 -0.14487
0.38067 -0.02055 -0.11634
0.13770 0.07237 -0.11413
0.14732 0.06588 -0.11918
-0.04081 -0.05920 0.15083
-0.27302 -0.01010 -0.10976
-0.27006 -0.00732 -0.12582
-0.27470 -0.08405 0.11090
0.32998 0.03524 0.08311
0.32697 0.03687 0.06311
0.32926 -0.00470 -0.16901
-0.25560 -0.06260 -0.14920
-0.33393 -0.04325 0.15550
-0.23741 0.05061 -0.15856
0.24616 -0.04530 -0.14165
-0.24502 0.07145 0.13742
-0.22751 -0.11392 -0.11713
0.39047 -0.08995 0.12274
0.38596 -0.09006 0.11835
-0.25725 -0.11181 -0.10886
-0.13070 0.12144 0.09211
0.43889 -0.05400 0.00020
0.24398 0.04882 -0.09840
0.27262 0.04526 -0.08940
-0.28549 0.02850 -0.15965
0.15766 0.07305 0.05349
0.14630 0.07837 0.05505
0.18224 0.05912 0.06725
-0.19478 -0.00294 -0.14012
-0.19897 -0.12114 -0.15221
-0.26927 0.08028 -0.11520
-0.25495 -0.10677 0.11377
0.18904 -0.02503 0.16818
-0.24411 -0.01744 0.15246
0.32517 -0.04829 -0.10941
-0.26196 -0.00942 0.14059
-0.29604 -0.07671 -0.10449
0.24773 -0.06319 -0.14217
-0.41003 -0.06913 0.12397
0.33996 -0.07943 0.11336
0.40710 -0.00142 0.04939
0.42485 -0.06229 -0.07179
0.40408 -0.01140 -0.11108
0.37959 -0.05787 0.15560
0.41269 -0.01885 0.04239
-0.11717 0.03696 0.16532
-0.13998 0.03755 0.16496
-0.07916 0.08814 0.13889
-0.08541 0.09401 0.13603
-0.09139 0.08958 0.13785
-0.42352 -0.01486 0.12895
0.18258 -0.05412 0.16716
-0.24371 -0.08245 0.14542
-0.23423 -0.12857 0.13146
0.41167 0.00279 -0.01911
-0.24302 -0.04529 0.14625
-0.05931 0.02482 0.16514
-0.08493 0.03248 0.16378
0.33961 -0.04856 -0.11307
0.33023 -0.07267 -0.10886
0.17769 -0.08447 -0.16174
-0.21363 -0.11139 -0.15073
-0.43078 -0.00164 0.09760
-0.41920 0.02773 -0.04082
-0.41824 0.03231 -0.03531
0.33519 -0.07387 -0.16521
-0.24601 -0.10147 0.12396
0.23110 -0.10781 0.12452
-0.20816 0.10980 0.06684
0.28397 -0.02242 0.16398
-0.39060 -0.05705 -0.14218
0.43929 -0.03980 0.03308
0.37913 0.00514 0.12667
0.43287 -0.03491 -0.06331
-0.00023 0.12392 -0.04989
0.00292 0.12437 -0.02746
-0.26726 -0.09937 -0.10886
0.40931 -0.02291 -0.11388
-0.42733 -0.00081 -0.10905
-0.33875 0.07192 -0.02762
-0.42676 0.04551 0.00599
-0.34025 0.06749 -0.08200
-0.35477 0.06746 -0.06453
-0.06869 -0.08441 -0.16255
-0.41111 0.00633 -0.12780
0.29784 -0.08814 -0.14542
0.04226 0.09521 0.13761
0.07662 0.08289 0.14195
-0.27065 -0.01595 -0.16101
0.21000 -0.08735 -0.14167
-0.43853 -0.03554 0.08038
-0.27787 -0.07384 -0.11366
0.30396 -0.03376 -0.12159
-0.22708 -0.11392 -0.14985
0.22872 -0.06642 0.13251
0.25433 0.04789 -0.08831
0.22660 0.05255 -0.07623
-0.05338 0.12444 -0.09179
-0.07748 0.12373 -0.10792
0.31517 0.00540 0.16835
0.34049 -0.03533 0.12154
0.29046 -0.01667 -0.12716
-0.19693 -0.08782 -0.14173
0.26421 -0.12713 0.15668
0.16501 -0.09040 -0.01382
0.30000 -0.09143 -0.00658
0.09798 -0.08995 -0.03009
0.11051 -0.08999 -0.01806
0.24419 -0.09096 -0.00176
0.07729 -0.08976 -0.02625
0.15416 -0.09028 -0.00770
0.18021 -0.09049 -0.00811
0.21560 -0.09114 -0.08133
0.16384 -0.09046 -0.02910
0.13635 -0.09012 -0.00348
0.12009 -0.09001 -0.00735
0.14104 -0.09033 -0.03799
0.16778 -0.09070 -0.06952
0.24633 -0.09123 -0.05097
0.22102 -0.09116 -0.07628
0.19767 -0.09072 -0.02649
0.26017 -0.09120 -0.02340
0.16049 -0.09056 -0.05305
0.09856 -0.08982 -0.00359
0.25250 -0.09109 -0.01438
0.20063 -0.09105 -0.08740
0.09649 -0.08998 -0.03902
0.27575 -0.09124 -0.00761
0.17142 -0.09049 -0.02306
0.09185 -0.08986 -0.02231
0.22016 -0.09086 -0.01839
0.24417 -0.09113 -0.03482
0.05831 -0.08951 -0.00567
0.14436 -0.09024 -0.01549
0.23603 -0.09100 -0.02246
-0.27625 -0.02093 -0.15231
-0.23879 -0.06520 -0.14708
0.23942 -0.00653 0.14289
0.23484 -0.00916 0.16719
-0.07070 -0.03332 -0.16772
-0.04309 -0.02916 -0.16851
0.21082 0.05030 -0.12132
0.23689 0.04787 -0.11597
0.28282 -0.11392 0.15282
0.42200 -0.05780 -0.02218
-0.22461 -0.11574 0.10886
-0.21976 -0.08840 -0.15805
0.25682 -0.10941 -0.13811
0.25784 -0.00385 0.15010
0.21194 -0.06021 -0.11012
0.35390 -0.00222 -0.15492
0.44022 -0.04776 0.02167
0.05768 0.01384 -0.16703
0.08304 0.01024 -0.16745
0.05516 0.11249 -0.08033
0.24080 -0.01448 0.11226
0.30263 -0.10114 0.16415
-0.30896 0.07170 -0.09665
-0.30418 0.06947 -0.11190
0.30582 0.00281 0.16899
0.40820 -0.03874 0.13469
-0.44310 -0.01227 0.07136
0.17922 0.03648 0.16166
-0.19063 -0.09526 -0.12293
0.35214 -0.03575 0.16705
-0.24553 -0.10180 -0.13164
0.24977 -0.02423 0.15709
-0.26038 0.00001 0.15732
0.33114 -0.08024 0.10886
-0.27016 -0.03629 0.13801
0.24750 -0.02526 -0.10940
0.13390 0.06315 -0.14471
0.26607 -0.10275 0.14024
-0.18353 -0.01966 -0.15230
0.23775 -0.01453 -0.12969
-0.21150 -0.10063 -0.15630
0.34436 -0.00328 -0.11295
-0.17830 -0.02570 -0.12581
-0.22329 0.00586 -0.15023
-0.15574 0.02812 -0.16453
-0.27480 -0.05799 -0.16381
0.40219 -0.06981 0.12360
-0.44065 -0.05530 -0.03541
0.30446 -0.01752 0.10886
-0.44279 -0.02219 0.04472
0.18116 0.06349 -0.01666
0.18685 0.06110 -0.00655
0.15397 0.07553 -0.04721
0.16307 0.07148 -0.03767
0.17152 0.06804 -0.01992
-0.38906 0.06171 -0.05819
-0.38302 0.06344 -0.05529
0.30618 -0.07682 0.14542
0.35746 -0.01819 -0.12607
-0.35143 0.00530 0.15051
0.40620 -0.05755 0.12587
-0.03187 -0.00878 -0.16835
-0.10260 -0.01094 -0.16758
-0.03079 0.00097 -0.16809
-0.03977 -0.01848 -0.16852
-0.04181 -0.00553 -0.16814
0.41841 -0.01939 -0.03033
0.35233 0.03096 -0.06550
0.35581 0.03082 -0.05258
0.03282 0.11554 -0.10562
-0.20076 -0.12229 0.11488
-0.17252 0.00431 0.16600
-0.10333 0.00260 0.16709
-0.12175 -0.00247 0.16712
-0.20766 0.10756 0.08915
-0.23019 0.00584 0.14213
0.42229 -0.02802 0.08332
0.22425 -0.04985 -0.10886
-0.17282 0.11848 -0.05591
-0.14877 0.12097 -0.05854
-0.21011 0.01061 0.16639
-0.02584 -0.08933 -0.06512
-0.14279 -0.08958 -0.09554
-0.11576 -0.08946 -0.07210
-0.09123 -0.08948 -0.08494
-0.04003 -0.08935 -0.06785
-0.00338 -0.08936 -0.08076
-0.03588 -0.08957 -0.12377
-0.00453 -0.08907 -0.00517
-0.00466 -0.08932 -0.07044
-0.04289 -0.08921 -0.02955
-0.07244 -0.08958 -0.11528
-0.01228 -0.08938 -0.08157
-0.06588 -0.08952 -0.10150
-0.04930 -0.08927 -0.04361
-0.06700 -0.08945 -0.08523
-0.05225 -0.08932 -0.05614
-0.09494 -0.08953 -0.09642
-0.03357 -0.08948 -0.10240
-0.09266 -0.08958 -0.11077
-0.00878 -0.08915 -0.02382
-0.02648 -0.08945 -0.09723
-0.04924 -0.08936 -0.06624
-0.00212 -0.08945 -0.10418
-0.03466 -0.08932 -0.06164
-0.00580 -0.08930 -0.06311
-0.09577 -0.08944 -0.07394
-0.07987 -0.08956 -0.10920
-0.39960 -0.05504 0.12165
-0.16662 -0.05090 -0.11882
0.38868 -0.01527 0.13921
-0.05567 -0.05112 0.16812
0.32155 -0.00771 -0.15616
-0.18740 -0.03757 0.11065
-0.33795 -0.06129 -0.15227
0.33062 -0.02715 0.14348
-0.41357 0.04200 -0.08286
-0.32694 -0.07368 0.14869
0.12938 0.07058 0.13564
-0.41126 -0.05785 -0.09805
0.03094 -0.06983 -0.16632
0.06341 -0.07050 -0.16598
-0.34389 0.07155 -0.01250
0.19730 -0.02034 -0.16841
0.18206 -0.01124 -0.16870
-0.00291 0.05936 0.15307
0.43068 -0.08532 -0.01847
0.15312 0.05352 0.14367
0.35148 0.02108 0.13376
-0.05738 -0.08412 0.16314
-0.15375 -0.08828 0.15533
-0.18947 -0.06072 0.15564
0.24609 0.04655 0.11788
0.40458 -0.00184 0.03259
-0.34515 -0.07153 -0.14582
0.32354 0.03704 -0.07193
0.28851 0.04282 -0.08676
-0.06501 -0.04457 0.16823
0.41505 -0.01075 -0.02471
-0.18024 -0.05917 0.16153
0.39822 -0.02612 -0.13678
-0.22862 -0.01519 0.12322
-0.34586 0.03577 0.14578
-0.24654 0.08320 -0.12443
-0.29050 -0.02715 -0.15071
-0.44344 -0.04491 0.01628
0.38420 0.02411 -0.03106
0.36934 0.02783 -0.03943
-0.18782 -0.00836 -0.13536
-0.17341 0.05653 -0.15510
-0.22117 0.05544 -0.15554
0.09308 0.06121 -0.14656
0.09575 0.07846 0.15382
-0.35889 0.00715 -0.14835
-0.40984 0.03603 0.09457
-0.19263 -0.04778 -0.14329
-0.26729 -0.05067 0.14897
0.25063 0.00486 0.16903
-0.41605 -0.05929 0.12593
-0.31935 -0.06860 0.15343
0.08383 0.07191 -0.16998
-0.25886 -0.03683 0.12429
0.42543 -0.03020 0.00255
-0.09648 0.12103 -0.11466
0.28166 -0.12857 0.15784
0.29201 -0.12440 -0.11049
0.00834 0.11267 0.12831
0.42246 -0.00987 0.03597
-0.27222 -0.08365 -0.08873
-0.26204 -0.08420 -0.07072
-0.27688 -0.08336 -0.03060
-0.27119 -0.08368 -0.03728
-0.25231 -0.08473 -0.06025
-0.25712 -0.08446 -0.04850
-0.27301 -0.08359 -0.05824
-0.21753 -0.08664 -0.06623
-0.18799 -0.08828 -0.08861
-0.16818 -0.08937 -0.09117
-0.20984 -0.08707 -0.07062
-0.24484 -0.08515 -0.08179
-0.28113 -0.08312 -0.01243
-0.25219 -0.08475 -0.09149
-0.22617 0.10749 0.03351
-0.21580 0.10920 0.04745
-0.40486 0.01471 -0.12645
-0.19653 -0.00313 -0.09582
-0.43837 -0.04151 -0.08425
-0.04919 0.06269 0.15210
0.34845 0.02282 -0.12251
0.36176 0.03169 0.00793
0.37409 0.02810 0.00865
0.40820 0.00181 0.08012
0.29386 0.03563 -0.14252
-0.32399 -0.07977 0.11697
-0.30951 -0.08121 0.09806
-0.33360 -0.07871 0.13549
-0.34210 -0.07870 0.09863
-0.28843 -0.05152 0.10902
-0.21399 0.10304 0.10128
-0.01754 0.01691 -0.16661
-0.19564 -0.02806 0.10898
0.31410 -0.06984 0.09101
0.30869 -0.07531 0.09136
0.32281 -0.06842 0.09092
0.24335 -0.07065 0.09107
0.33398 -0.07391 0.09127
0.28913 -0.10303 -0.14730
0.37828 -0.00255 0.10725
0.30614 -0.00023 -0.15717
0.30067 0.00079 -0.14190
0.28677 0.00380 -0.11729
0.29685 -0.02894 0.12953
-0.38656 -0.06497 0.12520
-0.28259 -0.02825 -0.14572
-0.17011 -0.06270 0.16521
-0.29560 0.07796 -0.09060
0.33993 -0.09091 0.03525
-0.28198 0.08800 -0.05743
0.03180 0.11893 0.05225
-0.33398 0.07162 0.04313
0.32645 -0.04773 0.16521
0.34228 -0.05951 0.15764
-0.25653 0.09965 -0.01960
-0.24861 0.10070 -0.03699
0.40889 -0.03057 0.00690
-0.40558 -0.06936 -0.12022
-0.11837 0.12197 -0.10165
0.28407 -0.01625 0.16395
0.00123 -0.04555 -0.16798
-0.01854 -0.06355 -0.16738
-0.38886 -0.07184 0.11092
0.25668 -0.03101 -0.11800
0.07813 -0.09005 -0.15177
0.16183 -0.09059 -0.13942
0.19739 -0.09073 -0.14765
0.18975 -0.09074 -0.13939
0.11027 -0.09031 -0.13953
0.08795 -0.09022 -0.13333
0.15624 -0.09051 -0.14673
0.06524 -0.09006 -0.13908
0.04821 -0.08989 -0.15127
0.16677 -0.09069 -0.12742
0.12497 -0.09046 -0.12847
0.11590 -0.09034 -0.13856
0.18488 -0.09092 -0.10760
-0.40152 -0.05742 -0.11458
-0.20329 -0.09508 0.14111
-0.16490 -0.05018 -0.09629
0.24822 -0.11606 -0.16521
0.32670 -0.05413 0.14410
-0.16566 -0.07139 0.15992
0.10415 0.04843 0.15664
0.14344 0.03046 0.16886
0.12677 0.03730 0.16428
0.13579 0.03319 0.16708
0.08922 0.04085 0.16311
0.36201 -0.03440 -0.16244
0.31091 -0.08756 0.12117
0.19882 0.02480 0.17023
0.20971 0.03218 0.16182
-0.29626 -0.05258 0.10826
-0.35553 0.03233 0.14438
0.27533 -0.05772 -0.15817
0.27685 -0.01937 0.11234
0.29017 -0.08757 0.14668
0.25723 -0.09848 -0.13830
-0.24165 0.04033 0.16435
-0.42291 0.02448 -0.02961
-0.06155 0.12492 0.08436
-0.04789 0.12553 0.06801
-0.03896 0.12565 0.06329
-0.36501 0.02435 0.14116
-0.21284 -0.01795 0.15114
0.25072 -0.00128 0.10944
0.25381 0.00026 0.13491
0.42300 -0.02940 -0.08455
0.42958 -0.02397 0.01380
0.41875 -0.02722 0.05008
0.42862 -0.02938 0.03335
-0.19775 -0.07033 -0.14668
0.26839 -0.01602 -0.11799
-0.16433 0.11860 0.06807
-0.16526 0.11962 0.05150
0.44567 -0.03892 -0.01964
0.39828 -0.00230 0.01792
-0.21239 0.00294 0.12359
-0.22138 -0.12857 0.15474
0.03668 0.11661 0.08315
-0.20695 -0.09372 -0.14542
-0.28032 0.06451 -0.13240
-0.12027 -0.05722 0.14155
-0.13168 -0.03762 0.14209
-0.24037 -0.09920 -0.14668
-0.29235 0.06909 0.12341
-0.31109 0.05047 -0.13978
-0.21486 -0.10228 0.13342
0.33928 -0.03089 0.16390
-0.42961 -0.05266 -0.11394
0.04302 0.11294 0.10877
-0.26967 -0.06268 -0.11527
0.31289 -0.02907 0.12156
-0.32310 0.00095 0.15659
-0.18608 -0.08865 0.14663
0.26835 -0.05296 0.14630
-0.16112 -0.05712 -0.16513
0.29096 -0.01682 0.15023
0.15888 0.03145 0.16071
-0.43359 -0.02457 -0.10492
-0.28266 -0.10077 0.14347
0.30749 -0.10933 -0.16521
-0.37617 0.05001 0.11585
-0.03811 0.09888 -0.13417
0.03218 0.10139 0.13456
-0.36728 0.00855 0.14578
-0.18924 -0.06186 -0.12696
-0.44499 -0.01082 -0.03054
-0.32254 0.06346 0.11815
-0.33895 0.06316 0.10769
0.04048 -0.03562 -0.16763
0.06827 -0.03340 -0.16787
0.05683 -0.03810 -0.16727
0.11866 -0.03272 -0.16787
0.23494 -0.08838 0.15558
-0.42379 0.01611 -0.01683
0.25009 -0.03693 0.14577
-0.12742 0.02885 -0.16357
0.26777 -0.04403 0.14668
0.41901 -0.00682 0.05149
0.25058 -0.10540 0.14025
0.27118 -0.03719 0.14542
0.42014 0.00102 0.02053
0.24407 -0.01354 -0.11072
0.42447 -0.02542 0.06943
0.40954 0.00423 0.01255
0.23287 -0.04525 -0.13192
-0.20144 -0.11209 -0.10886
0.21083 -0.08989 -0.11635
0.34597 0.02553 -0.11152
-0.26063 -0.04874 0.14668
-0.44286 -0.04427 0.00799
-0.10131 0.12487 -0.06881
-0.08605 0.12608 -0.06356
0.28673 0.00383 0.11796
0.28767 0.00410 0.13603
0.28822 0.00311 0.10719
0.23945 -0.07378 -0.12363
-0.25533 -0.00546 -0.15413
-0.25050 -0.10963 0.12826
0.43587 -0.03685 0.05361
-0.42887 -0.03770 0.12170
-0.29775 -0.04842 0.15768
-0.26872 -0.03462 -0.15491
0.34580 0.01178 0.13471
0.05709 0.10909 0.11071
0.24517 -0.08681 0.11753
-0.22926 -0.08212 0.15202
-0.30191 0.04626 0.14954
0.28774 -0.01587 0.14003
-0.40011 0.05957 0.05607
0.40875 -0.06948 0.11820
-0.31560 -0.08081 0.04980
-0.31340 -0.08099 0.06470
-0.31485 -0.08089 0.07450
-0.31022 -0.08120 0.02091
-0.30055 -0.08198 0.05245
-0.32266 -0.08028 0.07399
-0.32346 -0.08019 0.03605
-0.34078 -0.07887 0.06870
0.26166 -0.11055 0.11005
-0.27022 0.09544 -0.01707
-0.28920 0.08970 -0.01013
0.26345 -0.05854 -0.14708
0.35406 -0.09155 -0.10673
0.42337 -0.03667 0.01095
0.41236 -0.03667 -0.04412
-0.42521 0.01190 0.01596
0.24328 -0.11813 -0.13795
-0.40889 0.00377 0.13092
0.23545 -0.08949 -0.12386
0.43402 -0.08344 0.03167
0.28233 -0.11097 0.16390
0.05731 -0.07444 0.16512
0.02988 -0.07736 0.16453
-0.26199 -0.02732 -0.16439
-0.19370 -0.08296 -0.13282
0.34221 0.01840 -0.14677
0.29560 -0.03647 -0.14668
0.32222 0.01865 0.15479
-0.32783 0.03800 -0.15056
-0.26330 -0.06137 0.15862
0.33095 -0.10158 -0.13949
-0.22029 0.01464 0.16589
0.28926 -0.00104 0.14695
-0.18146 -0.05070 -0.14231
-0.00526 0.12448 0.04705
0.00151 0.12377 0.04946
-0.21823 -0.12475 0.10987
0.33431 -0.03302 -0.11804
0.43419 -0.05223 -0.05015
0.30976 -0.02608 -0.13540
0.10290 0.05809 0.15113
0.37058 -0.09011 0.07580
0.39876 -0.08860 0.06164
-0.27201 -0.08994 0.14408
0.41857 -0.02983 0.10053
0.40238 -0.00994 0.04769
0.30362 0.01167 -0.16604
-0.19433 -0.05316 0.14542
-0.44241 -0.02589 -0.03728
-0.44122 -0.03253 -0.04186
0.00016 0.10338 0.13268
0.19709 -0.01233 0.16872
0.18917 -0.01405 0.16862
0.07089 -0.06680 0.16666
0.23473 -0.05130 0.16371
0.39693 0.01772 0.05691
-0.41696 -0.05327 0.10529
0.29365 -0.10211 -0.15658
0.09608 0.09442 0.11174
0.08373 0.09803 0.11888
0.42596 0.00253 0.00536
-0.31438 0.07002 0.09651
-0.29590 0.07330 0.10696
-0.19747 -0.04634 -0.15858
-0.04728 -0.03538 0.16770
-0.11706 -0.04174 0.16621
0.41020 -0.05874 -0.11818
-0.22498 -0.04739 0.14562
-0.24444 0.09618 -0.08479
-0.25613 0.09620 -0.05971
-0.27820 -0.07157 -0.16383
-0.24776 -0.07159 -0.14630
-0.26040 -0.05316 -0.14807
-0.25378 -0.03413 0.14217
-0.25376 -0.00500 0.12508
0.37299 -0.04189 0.15805
0.27729 -0.05600 -0.14708
-0.42142 0.02959 0.06529
0.15626 0.03863 -0.16199
0.23471 -0.10985 0.11259
0.28403 0.04298 -0.09812
0.23011 -0.07605 -0.13823
-0.23899 0.00509 -0.10969
-0.25031 0.00313 -0.15221
-0.19494 -0.04429 0.15839
-0.23872 -0.12466 -0.16509
0.27058 -0.12588 -0.11056
-0.02694 -0.08651 -0.15882
-0.27011 0.05149 -0.15172
0.22866 -0.06311 0.12296
-0.01998 0.12571 0.05110
-0.00674 0.12426 0.05588
0.43658 -0.03642 0.02832
0.43430 -0.06146 0.01213
-0.43304 0.00484 -0.00203
-0.26795 -0.09785 -0.16521
0.16140 0.07244 0.03345
0.18009 0.06423 0.01074
0.18468 0.06136 0.02828
0.16773 0.06969 0.02495
0.29824 0.03515 0.12943
0.35014 0.02935 -0.09580
0.38895 -0.02155 -0.10866
0.38538 0.02188 0.05897
0.39208 0.01985 0.05972
0.36452 0.02727 0.06835
0.42000 -0.05319 0.09216
0.09579 -0.07530 -0.16522
0.21746 0.05439 0.06512
0.22505 0.05405 0.05427
0.27402 -0.04261 -0.14668
-0.21550 -0.01365 0.09068
0.38803 -0.08996 -0.13955
0.37856 0.01104 0.11481
-0.29794 -0.01402 -0.16193
0.23382 -0.04586 0.11064
-0.22715 0.09923 -0.09740
-0.23696 -0.07303 0.15732
0.40749 -0.02776 -0.12561
-0.33222 -0.07836 -0.01670
-0.34130 -0.07740 -0.02448
-0.39178 -0.07191 -0.04244
-0.27732 -0.05313 -0.10965
-0.27429 -0.09396 0.16521
0.23287 0.04010 0.14977
-0.16172 -0.07624 0.16631
0.29779 0.04350 0.03129
0.29030 0.04467 0.03893
0.29927 0.04344 0.02293
-0.18067 -0.07291 -0.11137
-0.27601 -0.02066 0.11892
-0.17987 -0.09463 -0.10886
0.32968 -0.05470 0.09068
0.26830 -0.06204 0.09068
0.29044 -0.06337 0.09068
-0.13155 0.11918 0.11143
0.39700 -0.08729 -0.13770
0.21033 -0.00509 0.16898
0.36054 -0.00582 0.15284
0.33336 -0.09815 -0.15964
0.30842 -0.03781 0.13980
-0.30315 0.00609 -0.15961
0.35279 -0.02728 -0.16433
-0.18516 -0.08664 0.12042
-0.05938 0.09901 -0.13378
-0.42301 0.03498 -0.02007
0.25111 -0.05880 -0.15045
0.33498 0.03327 0.10111
-0.29822 -0.08240 -0.10986
-0.32166 -0.07985 -0.13749
-0.28713 0.06001 -0.13479
-0.23684 0.10302 -0.05226
0.30850 -0.09119 0.12963
-0.20955 0.04654 0.16184
-0.22692 0.05127 0.15867
-0.26550 -0.08227 -0.14872
-0.09984 0.12673 -0.02376
-0.11366 0.12526 -0.03877
-0.17163 -0.06506 -0.16521
-0.42114 0.02478 0.01805
-0.27258 -0.04041 -0.14099
0.40901 -0.01529 0.10568
-0.18696 -0.03853 -0.12418
-0.16631 -0.03837 0.15733
0.12698 0.08947 0.02538
0.12007 0.09264 0.03027
0.14054 0.08316 0.01842
0.12496 0.09105 0.01118
0.13018 0.08840 0.01377
0.24857 -0.00757 0.13231
-0.01876 0.11973 -0.11773
-0.17791 -0.02615 0.15256
0.32119 -0.03959 -0.12884
-0.01882 0.02572 0.16359
-0.21635 -0.00453 -0.11044
-0.16434 -0.08032 0.12093
0.27000 -0.10354 0.15318
0.19979 0.05712 -0.05136
0.17120 0.06254 -0.08233
0.13237 0.08146 -0.08808
0.14642 0.07679 -0.06599
0.38440 0.00897 -0.10970
-0.17601 -0.08031 -0.16521
-0.12877 0.12242 -0.08017
-0.13506 0.12187 -0.07435
0.27374 -0.02481 0.12417
0.38775 -0.04113 -0.15043
-0.19290 0.04042 0.14248
0.27819 -0.01403 -0.10959
0.27254 0.04651 0.06514
0.27802 0.04640 0.04864
0.21182 0.05258 0.10113
-0.03119 0.12754 0.00393
-0.06097 0.12734 0.02320
-0.03817 0.12745 0.00955
0.10355 -0.03788 0.16733
0.13129 -0.03572 0.16753
0.15033 -0.04203 0.16704
0.02973 -0.04077 0.16702
0.35399 -0.09112 -0.09557
0.37743 -0.09016 -0.10376
-0.26730 0.08231 0.11070
-0.36623 0.05954 0.09849
-0.38415 0.05678 0.09080
0.33126 -0.03084 -0.16251
0.22910 0.04438 -0.12819
0.16007 -0.01240 0.15570
-0.26486 -0.05987 0.14921
0.25061 -0.05231 -0.16131
0.40521 -0.04617 -0.13928
0.34933 -0.00197 0.11352
0.42719 -0.08047 -0.07771
0.07994 0.10226 0.10472
-0.20127 -0.03541 0.14266
0.25120 -0.02331 0.12557
-0.20493 -0.11017 0.10886
-0.03332 0.02788 0.15083
0.12790 0.06193 -0.14751
-0.00809 0.12370 -0.07046
0.25735 -0.07664 0.14660
-0.18582 -0.11208 -0.13070
-0.20369 -0.10440 -0.16402
0.09903 0.06845 -0.17708
0.01144 0.12245 -0.05957
0.41279 -0.07468 0.12372
0.28292 -0.00570 -0.09068
-0.31050 0.03528 -0.15554
0.30186 -0.12436 0.15013
0.24306 -0.01112 -0.14542
-0.18523 -0.08679 -0.11952
-0.09010 0.12364 0.10595
0.27727 -0.06489 -0.15962
0.21014 0.05587 0.05557
-0.16620 -0.07528 -0.12350
-0.34681 -0.03287 0.15380
-0.30694 0.07787 -0.06593
-0.27228 0.05061 0.15226
0.22612 -0.09578 -0.10921
-0.43421 -0.01163 -0.11173
0.40540 -0.01903 -0.11852
0.28025 -0.01519 -0.11567
0.32759 -0.06874 0.12127
-0.32805 -0.07985 -0.05616
-0.30833 -0.08136 -0.03719
-0.30443 -0.08165 -0.02074
-0.29869 -0.08214 -0.07170
-0.37789 -0.07602 -0.09370
-0.33985 -0.07894 -0.05591
-0.34042 -0.07892 -0.08439
-0.33224 -0.07954 -0.07637
-0.26846 -0.10591 -0.10886
0.25116 -0.04912 -0.14577
0.32262 -0.04052 -0.16521
-0.26234 -0.09578 0.16355
0.38206 -0.01512 0.09670
0.39979 -0.07648 -0.14379
0.23075 -0.04990 0.14105
-0.26133 -0.11406 0.16521
-0.29254 -0.05432 -0.13396
-0.22832 -0.12857 -0.11638
-0.29634 -0.05784 -0.09973
-0.26497 -0.09881 0.11028
-0.24352 0.09957 0.06445
-0.22306 -0.08280 0.15796
-0.26881 -0.05832 -0.13546
0.23101 -0.03370 0.10886
0.09763 0.07427 -0.17670
-0.10486 -0.06768 0.16717
-0.11493 -0.07327 0.16566
-0.14567 -0.07740 -0.16459
-0.08325 -0.06861 -0.16688
0.41348 -0.06317 0.11129
0.05177 -0.03045 0.16829
0.11479 -0.03373 0.16774
0.10126 -0.03271 0.16790
-0.19176 -0.07999 -0.12676
0.34044 -0.06878 0.11174
0.23243 -0.09111 -0.16521
0.08745 -0.02764 -0.16830
0.07534 -0.02681 -0.16839
0.05764 -0.02731 -0.16845
0.13371 -0.02834 -0.16807
0.13373 -0.02261 -0.16829
0.09365 -0.01273 -0.16886
0.31692 -0.09539 -0.11349
0.21606 -0.03933 -0.11232
0.21537 -0.04111 -0.12341
-0.40297 -0.06008 0.10361
-0.21016 0.11240 0.01347
-0.21774 0.11081 0.01336
-0.18910 0.02100 0.16412
0.42969 -0.01029 0.01745
0.27850 -0.12857 0.11723
-0.25920 -0.01307 0.10886
0.21575 -0.07918 -0.15514
-0.42053 -0.05605 0.09883
0.06084 -0.02290 0.16861
0.14643 -0.00950 0.16875
0.11308 -0.02145 0.16843
-0.00173 -0.02476 0.16882
0.07235 -0.01624 0.16882
0.07046 -0.02698 0.16841
0.40744 -0.00486 -0.05709
-0.17409 -0.09768 -0.12499
-0.27027 -0.05240 -0.16366
-0.18453 -0.05233 0.16390
-0.41987 0.05862 0.02481
0.40822 -0.01864 0.04820
0.01429 0.00698 0.16784
0.03291 0.00909 0.16759
0.21002 -0.06480 0.15213
-0.11647 0.02154 0.16466
0.05216 0.11283 0.08728
0.05754 0.11166 0.08372
-0.26501 -0.11772 -0.13986
0.28849 -0.10316 0.15189
0.23803 -0.09127 -0.08818
0.31132 -0.09159 -0.08121
0.33420 -0.09169 -0.01515
0.24616 -0.09131 -0.07281
0.28657 -0.09148 -0.05694
0.28819 -0.09149 -0.04171
0.25886 -0.09136 -0.06987
0.32947 -0.09166 -0.04601
0.30783 -0.09157 -0.04291
0.30429 -0.09156 -0.04975
0.31550 -0.09161 -0.02508
0.29518 -0.09152 -0.05774
0.33188 -0.09167 -0.07008
-0.32608 0.05320 0.13254
-0.44267 -0.04525 -0.05549
0.30773 -0.11519 -0.16521
0.13415 0.06153 0.09379
0.05553 0.00650 -0.16790
0.10846 0.00100 -0.16855
-0.25815 -0.09326 -0.12754
-0.40950 -0.05597 -0.11878
-0.38371 -0.04668 -0.14506
0.12073 0.07628 0.13331
-0.08800 -0.05551 0.12845
0.18059 -0.03722 -0.16743
-0.31305 -0.07579 0.15029
0.24380 -0.05630 0.14331
-0.18951 0.11280 0.08908
-0.25411 -0.05757 -0.14668
-0.08560 -0.06310 0.16617
0.42727 -0.02877 0.04478
-0.28451 0.08435 0.07468
-0.27596 0.08645 0.07954
-0.25146 -0.12478 -0.11859
0.35525 0.00651 -0.13227
0.20263 0.05704 0.04589
0.09109 0.05096 -0.15487
-0.40511 -0.07161 -0.07976
-0.39563 -0.07274 -0.07650
-0.40246 -0.07103 -0.06277
-0.33471 -0.07903 -0.03799
-0.41453 -0.07008 -0.07576
-0.34430 -0.07730 -0.03088
-0.39007 -0.07301 -0.06758
0.37469 -0.01351 -0.13461
0.36065 0.00504 -0.14771
-0.29347 -0.06836 0.12035
0.23006 -0.07572 -0.15963
0.22519 -0.09827 -0.16226
-0.11500 -0.03224 0.14129
0.34724 0.02374 0.11708
0.01626 -0.05143 -0.16880
-0.01250 -0.04650 -0.16927
0.08855 0.09405 0.12754
0.40965 -0.02564 0.06737
0.34979 -0.01666 -0.13294
0.16845 0.05737 0.10971
0.15454 0.06377 0.11310
-0.38428 -0.00360 0.14511
-0.41288 0.02725 -0.09783
0.38878 0.01710 0.08965
0.28324 -0.11496 0.10886
-0.24972 0.09556 0.07749
-0.42059 -0.00103 -0.12371
-0.19996 0.11412 0.02599
-0.29859 0.08522 0.02789
-0.30330 0.08489 0.01104
-0.33504 -0.05157 0.15575
0.22198 -0.09528 0.14620
0.32290 -0.04332 0.16262
0.32259 0.03796 0.05799
0.29923 0.04224 0.05839
0.31928 0.03904 0.04824
-0.28094 -0.01649 -0.11595
0.38349 -0.01487 -0.14374
-0.42337 0.04761 -0.03081
-0.41462 0.05943 -0.02833
-0.37750 0.06564 -0.04794
0.16862 0.03375 0.16510
0.41981 -0.01789 -0.05476
-0.25480 0.04675 0.15921
0.05804 0.10782 -0.11914
0.40909 -0.01805 -0.05767
0.31263 -0.10033 -0.13211
-0.40798 -0.05953 -0.10366
-0.43167 -0.02845 0.11054
0.30153 0.03533 0.11817
0.20117 -0.02641 -0.16810
0.31877 -0.06549 0.12381
-0.19734 -0.05981 0.16184
-0.04679 0.03780 0.15083
-0.09442 0.01948 0.16525
-0.23471 0.04562 0.16193
-0.44504 -0.01465 0.04739
-0.16850 -0.08545 0.11881
0.23344 -0.01859 -0.15692
-0.17684 0.01647 -0.16460
0.09310 0.09260 -0.12547
0.09345 0.09414 -0.11794
0.27920 -0.12857 -0.13546
0.42050 -0.07469 0.09887
-0.25573 -0.07861 -0.14668
0.38866 0.00528 -0.11281
0.37410 -0.08967 0.08611
0.36698 -0.09008 0.08832
0.38382 -0.08964 -0.05038
0.41848 -0.08778 -0.03542
0.42070 0.00726 0.02354
0.40688 0.01699 0.00360
0.09577 0.06059 -0.15970
0.37828 -0.00888 0.11549
0.21339 0.05615 0.00578
0.21294 0.05599 0.03676
0.30859 -0.10378 -0.10928
-0.20267 -0.02301 -0.12227
-0.29919 -0.08243 0.12053
-0.29777 -0.08276 0.13013
0.32629 -0.07782 -0.12205
-0.44197 -0.02429 -0.05633
0.22310 0.05360 -0.05485
0.22713 -0.01672 0.16595
0.27719 -0.04539 0.14708
-0.26948 -0.01425 0.15287
-0.20716 -0.02012 -0.15924
-0.25003 -0.01364 0.16521
-0.39049 -0.06592 0.09731
-0.24344 0.05159 -0.15689
0.30702 0.03375 0.13506
-0.25079 -0.05952 0.14542
-0.27072 -0.00655 -0.15410
0.24951 -0.00762 -0.16066
-0.12799 0.01082 0.16598
-0.15436 0.01548 0.16498
-0.14686 0.01492 0.16516
0.22335 0.00318 0.16853
0.23666 -0.09185 -0.12906
-0.28711 -0.04181 0.09068
-0.27612 -0.03272 0.09068
-0.05172 0.09911 0.13389
-0.42484 -0.04879 0.12265
0.07424 0.10538 -0.09884
0.22182 -0.08822 0.11042
0.15861 -0.04709 0.16663
-0.09608 -0.05770 0.16620
0.42704 -0.07572 -0.06796
0.20065 -0.06441 -0.16596
0.23576 0.04220 0.14511
0.42427 -0.02857 -0.03563
0.13899 -0.07380 0.16637
-0.16865 0.08764 -0.13648
0.43265 -0.03667 -0.02970
0.14611 0.02813 0.14992
0.22992 -0.02266 0.13694
0.40000 0.02054 -0.00981
0.25588 -0.05613 0.14331
-0.03810 0.12642 -0.04440
-0.04204 0.12706 -0.02402
-0.07776 0.12686 -0.04457
-0.04498 0.12646 -0.04559
0.04538 0.05512 -0.15392
-0.21819 -0.00121 -0.09068
-0.29305 -0.07129 -0.12784
0.34093 -0.05012 -0.15138
0.37454 -0.08458 -0.15269
0.39075 -0.00657 -0.10606
-0.15216 0.11965 0.07488
-0.13021 0.12251 0.07383
0.29522 -0.05990 0.14630
-0.33016 0.07482 0.01657
0.21809 0.04288 -0.14820
0.33890 -0.02511 -0.16822
-0.30692 0.07628 0.07639
0.28384 -0.03737 -0.14542
0.02338 0.12103 -0.03782
-0.43150 -0.06490 0.06996
-0.15849 0.09780 -0.13187
-0.27840 -0.07020 -0.13442
0.01002 0.12010 0.10334
0.19915 0.05784 -0.02199
0.31606 -0.09665 0.10976
-0.09439 -0.02449 0.16767
-0.08025 -0.02479 0.16795
-0.14965 -0.01497 0.16686
0.42688 -0.04158 -0.09620
-0.30944 0.08319 -0.00238
0.24820 0.04188 0.13039
0.30991 -0.01752 -0.10886
-0.10234 0.08293 -0.14060
-0.14122 0.07934 -0.14106
-0.07697 0.08329 -0.14127
-0.14672 0.08595 0.13770
-0.13946 0.08909 0.13653
-0.20343 -0.08639 0.09170
-0.17331 -0.08098 0.09156
-0.16307 -0.07476 0.09142
-0.20994 -0.06515 0.09122
-0.19408 -0.06811 0.09128
-0.16753 -0.04537 0.09075
-0.16969 -0.06304 0.09115
-0.25426 -0.08323 0.09166
-0.28908 -0.04126 -0.13110
-0.20077 0.06096 0.13626
0.21392 -0.06263 0.13284
-0.24168 -0.02639 -0.14977
-0.23357 -0.12582 -0.11046
0.16153 0.00612 0.16241
0.34510 -0.01189 -0.13796
0.38882 -0.00355 -0.02019
-0.21136 -0.11072 -0.12670
0.22884 -0.09962 0.16503
-0.26269 0.03530 0.16074
0.32594 -0.01178 -0.14920
0.09681 0.07985 0.16186
0.22623 -0.01929 0.10287
-0.26045 -0.02587 -0.14346
-0.18166 0.11851 -0.02188
0.30263 -0.10373 -0.16385
0.19483 -0.09102 0.09187
0.05354 -0.08964 0.04482
0.07808 -0.08995 0.07128
0.05899 -0.08976 0.06502
0.08067 -0.08986 0.04238
0.05118 -0.08986 0.10740
0.03949 -0.08983 0.12527
0.11165 -0.09034 0.09826
0.11441 -0.09018 0.04954
0.00558 -0.08959 0.13746
0.00908 -0.08941 0.08387
0.10031 -0.09031 0.11653
0.13996 -0.09058 0.09784
0.02221 -0.08975 0.14364
0.17233 -0.09086 0.10144
0.18570 -0.09095 0.09469
0.10389 -0.09019 0.07786
0.08123 -0.09017 0.12119
0.12997 -0.09051 0.10126
0.04861 -0.08971 0.07395
0.08752 -0.09017 0.10740
0.05679 -0.08997 0.12291
0.04679 -0.08993 0.13383
0.01016 -0.08951 0.10716
0.06626 -0.08976 0.04888
0.10607 -0.09033 0.10955
0.02326 -0.08953 0.08342
0.17435 -0.09085 0.09406
0.02180 -0.08932 0.03148
0.07641 -0.09007 0.10526
0.09677 -0.09023 0.10372
0.00958 -0.08933 0.06088
0.03941 -0.08987 0.13584
0.01963 -0.08925 0.01775
0.05462 0.09388 -0.13810
0.03600 0.08619 -0.14071
-0.20553 -0.01048 -0.10886
0.36670 -0.01157 -0.13800
0.33269 -0.05027 0.10886
0.22585 0.04438 -0.13680
-0.02690 0.01974 -0.16630
-0.06032 -0.00001 0.16777
-0.09291 -0.00524 0.16754
-0.05846 -0.01402 0.16818
-0.03292 -0.02386 0.16875
-0.03068 -0.00047 0.16813
0.22450 0.05474 0.01395
-0.18082 -0.05514 0.14949
0.34649 -0.05363 -0.14949
0.32812 -0.01530 0.13611
-0.19324 0.06069 0.15091
0.43183 -0.03352 -0.05315
0.39083 0.01696 -0.08496
-0.19775 -0.09087 -0.11439
0.24777 -0.00219 -0.10903
0.25320 -0.00019 -0.12380
0.25535 0.04680 -0.10633
-0.16423 0.11734 -0.08896
-0.30308 -0.07025 -0.15555
-0.38388 -0.03504 -0.14482
-0.20420 -0.10708 -0.14541
-0.42059 0.01235 -0.10076
-0.21654 -0.12523 0.16298
-0.23425 -0.11392 -0.11372
-0.18257 -0.08098 -0.11313
0.30757 -0.00725 -0.15465
-0.16395 0.06090 0.15128
-0.10474 -0.05876 0.13678
-0.35982 0.03246 -0.14307
-0.09667 0.12362 -0.09811
-0.25016 0.05278 0.15438
0.35645 -0.00269 -0.13141
0.33978 -0.09169 0.09241
0.28400 -0.08893 0.09222
0.21298 -0.02370 0.16824
-0.28435 -0.09820 -0.12922
0.05088 0.07103 0.14731
0.05570 0.07617 0.14527
0.08583 0.07648 0.14447
-0.31759 -0.02133 0.15929
-0.20867 -0.00390 0.14346
-0.24091 -0.00442 -0.16419
0.23000 -0.05723 0.10995
-0.22576 -0.12857 -0.15978
0.29186 -0.11825 0.10886
0.25339 -0.10697 -0.10973
0.33745 0.02669 0.13309
-0.25809 -0.08357 0.14668
-0.21824 0.01643 -0.16506
0.37295 -0.09010 -0.09318
0.40493 -0.01216 -0.09270
-0.21526 -0.06509 -0.14630
-0.32792 0.01679 -0.15398
0.34047 -0.01641 -0.11822
-0.07951 0.05156 0.15942
-0.14724 0.05169 0.15893
-0.08922 0.04854 0.16141
-0.16061 0.05122 0.15918
-0.05359 0.04262 0.16564
-0.11234 0.05670 0.15574
-0.21282 -0.01796 -0.16158
-0.17957 -0.06526 -0.15227
-0.35451 0.06610 0.07711
-0.34520 0.06665 0.08349
-0.16454 -0.07643 -0.10498
-0.16364 -0.08359 -0.15477
-0.25010 -0.04946 0.14807
0.22909 -0.01607 -0.11144
-0.17775 -0.03155 0.16465
-0.40286 -0.05747 -0.10787
0.36899 0.01569 0.11693
-0.11297 0.02023 -0.16488
-0.26680 0.03170 -0.16096
-0.19133 -0.00678 0.09068
-0.17615 0.00420 0.14066
-0.17086 0.00318 0.13626
0.28381 -0.02501 0.14674
0.43036 -0.02709 -0.01837
-0.44246 -0.04279 0.02300
0.16188 0.01986 0.16480
-0.16844 -0.03487 0.12073
-0.40766 0.03718 -0.09778
0.22873 -0.02402 0.14668
-0.18386 -0.08379 -0.14409
0.20683 -0.03754 0.16744
0.24007 -0.08191 -0.09177
0.25933 -0.09053 -0.09231
0.27840 -0.09049 -0.09231
0.23168 -0.08437 -0.09192
0.34546 -0.06445 -0.09537
-0.24860 -0.02939 -0.12388
0.27884 -0.01519 0.12774
0.31553 -0.03211 -0.11706
-0.39302 0.05037 -0.10204
0.27638 -0.00053 -0.12001
0.27786 -0.07354 -0.15529
0.42028 -0.08604 0.09001
-0.22648 0.02378 -0.16325
-0.43085 -0.06607 0.05997
-0.27319 0.01315 -0.16246
-0.17198 -0.02623 -0.14873
-0.23183 0.00734 0.16638
-0.18661 -0.04623 0.16380
-0.16115 -0.03645 0.14298
-0.24013 0.10219 0.05059
-0.25593 0.09937 0.02566
0.37865 -0.01779 0.14730
-0.16941 -0.03307 -0.10752
0.29289 -0.12699 -0.12721
0.28319 0.00574 0.16114
-0.17678 -0.10140 -0.16013
-0.39310 -0.06645 -0.10246
0.27625 0.00390 -0.09318
-0.35802 -0.07600 -0.12920
0.43001 -0.07616 -0.04799
-0.37646 -0.07345 -0.01275
-0.31348 -0.08038 -0.00608
-0.43041 -0.06745 -0.00764
-0.39204 -0.07169 -0.00594
-0.40593 -0.07033 -0.03855
-0.41810 -0.06888 -0.01955
-0.35929 -0.07538 -0.01839
-0.31754 -0.07990 -0.00117
0.40933 -0.02100 -0.01794
0.27652 0.03885 -0.13362
-0.41449 -0.07187 -0.10531
0.20801 -0.06269 0.16560
-0.29320 -0.05889 0.13265
0.19352 -0.04144 0.16709
-0.18646 0.01468 0.14484
0.44127 -0.03667 -0.00725
0.41404 -0.00906 -0.05967
-0.01222 -0.06630 0.16712
0.24005 -0.11051 -0.10886
0.34243 -0.06852 0.13780
-0.21215 -0.06177 0.14630
0.42806 -0.06916 0.05497
0.40559 0.00348 0.02458
0.29497 -0.10144 -0.14066
0.26237 -0.09993 -0.15901
-0.27065 -0.08533 -0.11152
-0.19551 -0.00300 0.11921
-0.28906 -0.02754 0.10124
-0.28297 -0.01961 0.10301
-0.21208 0.04803 0.14556
-0.10062 0.04189 -0.16583
-0.21307 0.04930 -0.16005
0.27044 -0.01542 -0.12788
-0.05993 -0.08357 -0.16369
0.37533 -0.00878 -0.09680
0.35137 -0.09166 -0.11484
0.35613 -0.09155 -0.12942
0.41907 -0.07384 -0.09895
0.33510 -0.05092 -0.16521
0.17386 0.04952 -0.14411
-0.18985 -0.09436 0.14740
0.25876 -0.04616 0.14921
-0.18802 -0.07611 0.16154
-0.35246 0.04479 0.13401
-0.17280 -0.03423 0.15560
0.09611 0.09737 0.09580
0.11298 0.09386 0.06273
0.07865 0.10480 0.08964
0.21398 -0.06223 -0.13707
0.14367 0.01856 0.14955
-0.21590 -0.11976 0.16521
0.24244 -0.11759 -0.12875
-0.20902 -0.10539 0.16370
0.07600 0.11005 -0.00502
0.24170 -0.04754 0.13652
0.40492 -0.06383 0.13176
-0.18425 -0.06572 -0.16293
0.34265 -0.06701 -0.11744
0.16272 0.06563 0.08889
0.32582 -0.04973 -0.14827
0.41605 -0.02503 -0.07390
0.41372 -0.06219 -0.11159
-0.11086 0.06776 -0.14800
0.31613 -0.05027 0.13123
0.21776 -0.04307 0.12143
-0.38779 -0.06046 0.10453
0.34885 -0.04436 -0.16719
-0.16828 -0.08497 -0.14275
0.40750 -0.02699 -0.01291
0.40366 -0.00825 0.10754
0.29315 -0.11002 0.16414
0.41419 -0.00121 -0.05356
0.32391 -0.10970 -0.12773
0.17585 0.00440 -0.16817
0.16907 0.01057 -0.16746
0.28329 -0.02970 -0.14542
-0.22528 -0.02472 -0.14967
-0.39966 -0.07251 0.11239
-0.30113 0.01242 -0.15939
0.34585 -0.09099 -0.15245
0.08104 0.10705 0.05149
0.07973 0.10534 0.07856
0.24593 -0.08795 -0.12310
0.24909 -0.02948 -0.16373
0.10101 -0.08776 0.15640
0.09274 -0.08724 0.15705
-0.24888 -0.06638 -0.15373
0.24621 -0.04514 0.14814
-0.24134 0.09133 -0.11037
-0.17919 -0.07163 0.10886
0.21476 -0.07229 -0.12095
0.24274 -0.08974 -0.11287
0.11029 0.08356 -0.12789
0.12815 0.07728 -0.11430
0.40603 -0.00336 0.09762
0.16326 -0.06147 0.16672
-0.19975 0.11350 0.04122
-0.21912 -0.11300 0.14350
-0.17949 -0.06438 0.16449
-0.23969 -0.02598 -0.13234
-0.20315 0.00010 0.11400
0.15555 -0.03862 0.16292
0.32690 -0.05553 -0.11700
0.29619 -0.07974 0.14542
0.24556 -0.10930 0.10886
-0.16540 -0.05940 -0.15887
0.43479 -0.04575 -0.06478
0.18402 0.01945 0.16645
0.41438 -0.01940 0.03226
-0.39931 -0.07275 -0.08766
0.07500 0.10914 -0.05231
0.05700 0.11312 -0.06017
-0.17131 -0.07285 0.10886
0.05112 0.01505 0.16688
0.23470 -0.08785 0.13207
-0.27755 -0.07610 0.12244
-0.19554 -0.10093 0.14312
0.29027 -0.02632 -0.12089
-0.02513 0.12502 -0.07400
-0.04387 0.12524 -0.07340
0.42760 -0.05181 -0.07821
-0.16658 -0.05121 0.15025
-0.33764 -0.07778 0.01905
-0.42654 -0.06823 0.07236
-0.31913 -0.07977 0.01003
-0.20274 0.04174 0.14587
-0.31636 0.07917 -0.02523
-0.29666 0.08476 -0.04239
-0.39965 -0.02953 0.14060
0.21711 -0.06497 -0.09071
0.30131 -0.07506 -0.09135
0.33684 -0.06987 -0.09101
0.24454 -0.06582 -0.09076
0.31169 -0.07399 -0.09128
0.32071 -0.07880 -0.09159
-0.12189 0.11079 -0.12550
-0.26460 -0.04548 -0.15903
-0.23775 -0.10353 0.12076
0.32712 -0.07203 0.15947
0.25017 -0.12256 0.14510
-0.35768 0.06910 0.03875
-0.36416 0.06829 0.03265
0.23652 -0.00959 0.10174
0.23913 -0.00789 0.09558
-0.17122 -0.02722 0.15529
0.16343 0.05731 0.10286
-0.17960 -0.10352 -0.11334
0.40636 -0.02256 0.09461
-0.37249 0.06126 -0.08532
-0.38045 0.05910 -0.08565
-0.40923 0.05735 -0.05635
0.23676 -0.03714 -0.14708
0.41431 -0.02856 -0.11132
-0.29300 -0.07162 -0.15971
0.41536 -0.07427 -0.11396
0.18154 0.05779 0.05176
-0.35335 0.05550 -0.12072
0.35759 0.01538 -0.14012
-0.43767 -0.05931 0.06307
-0.23657 -0.03226 0.15712
0.41404 -0.05780 0.00308
0.41209 -0.05780 0.02825
0.26808 -0.06202 0.14708
0.43900 -0.04242 -0.03601
0.23000 -0.09112 0.05541
0.11146 -0.08995 0.00889
0.20475 -0.09105 0.08037
0.08128 -0.08978 0.02366
0.15687 -0.09031 0.01011
0.21008 -0.09095 0.05264
0.19303 -0.09057 0.00505
0.10709 -0.09006 0.03878
0.15607 -0.09026 0.00136
0.21582 -0.09100 0.05348
0.12011 -0.08998 0.00173
0.24331 -0.09107 0.02473
0.14350 -0.09031 0.03032
0.26173 -0.09126 0.03282
0.17441 -0.09063 0.04522
0.25189 -0.09113 0.02262
0.25348 -0.09123 0.04000
0.18294 -0.09071 0.04805
0.29369 -0.09146 0.02171
0.16225 -0.09060 0.05826
0.27760 -0.09122 0.00082
0.29819 -0.09153 0.02898
0.17048 -0.09050 0.02600
0.29027 -0.09146 0.02778
0.26676 -0.09137 0.04602
0.13299 -0.09032 0.04868
0.24591 -0.09101 0.00797
0.03009 -0.08930 0.00790
0.20840 -0.09088 0.04142
0.08068 -0.08975 0.01745
0.14545 -0.09023 0.01149
0.31240 -0.09150 0.00011
-0.27564 -0.04712 0.14496
0.37367 -0.09108 0.12368
-0.33658 0.07253 0.01335
0.25745 -0.01685 -0.16521
0.33670 -0.02862 -0.12275
0.39824 -0.00190 -0.07585
-0.26086 -0.12039 0.15743
-0.18550 0.09279 0.13220
-0.22029 -0.10338 0.14775
0.43805 -0.07907 0.00992
0.00547 0.12103 -0.09819
0.34606 -0.05799 -0.12275
0.24472 -0.05262 -0.14577
-0.43458 -0.05983 -0.08517
-0.11307 -0.08952 0.08821
-0.03103 -0.08962 0.13995
-0.05449 -0.08940 0.07572
-0.05080 -0.08951 0.10330
-0.13530 -0.08956 0.09280
-0.05017 -0.08930 0.04979
-0.03090 -0.08929 0.05301
-0.01537 -0.08956 0.12745
-0.01714 -0.08949 0.10889
-0.05905 -0.08962 0.13001
-0.14631 -0.08957 0.09214
-0.09616 -0.08960 0.11412
-0.03986 -0.08949 0.10319
-0.04072 -0.08960 0.13075
-0.08221 -0.08947 0.08586
-0.04429 -0.08956 0.11817
-0.00389 -0.08925 0.05283
-0.02386 -0.08959 0.13413
-0.02735 -0.08926 0.04665
-0.07736 -0.08953 0.10234
-0.01331 -0.08951 0.11587
-0.09141 -0.08958 0.10909
-0.04613 -0.08946 0.09371
-0.05857 -0.08935 0.06160
-0.02621 -0.08914 0.01689
-0.03419 -0.08923 0.03884
-0.03414 -0.08938 0.07547
-0.05612 -0.08947 0.09191
0.31710 -0.10066 0.16521
-0.20358 -0.10667 0.14870
-0.18059 -0.07236 0.11616
0.40385 -0.02278 0.10062
0.36202 -0.00779 0.14006
-0.22293 -0.01519 0.15629
0.26516 -0.12741 -0.15059
-0.27613 -0.02079 0.13523
-0.12537 -0.03094 0.16672
-0.07299 -0.02977 0.16787
-0.40318 -0.07063 0.03846
-0.36276 -0.07494 0.00862
-0.39681 -0.07127 0.02736
-0.42518 -0.06810 0.02044
-0.42739 -0.06794 0.03655
-0.40267 -0.07061 0.02503
-0.38672 -0.07229 0.00805
-0.36993 -0.07425 0.02772
-0.21204 -0.02811 -0.14889
0.38083 -0.03452 -0.15371
-0.19435 -0.01094 0.11792
-0.17730 -0.02770 0.11390
-0.43378 0.00486 -0.04010
0.41065 -0.02195 -0.06996
-0.21039 -0.12571 0.14874
-0.14277 -0.06299 0.16639
-0.38273 -0.02802 -0.14586
0.24842 -0.04120 -0.14807
-0.00716 0.05020 -0.15968
0.13650 0.02996 -0.16944
0.04804 0.03624 -0.16770
-0.01802 0.05040 -0.15985
0.02817 0.04367 -0.16315
0.29178 -0.10249 0.12002
0.03729 -0.08941 -0.01925
0.02012 -0.08974 -0.14512
0.08752 -0.09004 -0.07247
0.03538 -0.08954 -0.05851
0.05213 -0.08989 -0.11219
0.10704 -0.09037 -0.11751
0.07664 -0.08984 -0.04632
0.11745 -0.09021 -0.05260
0.05135 -0.08969 -0.06362
0.07142 -0.08985 -0.05915
0.00663 -0.08960 -0.13663
0.01469 -0.08945 -0.08090
0.00348 -0.08912 -0.01817
0.03154 -0.08974 -0.11801
0.07602 -0.08993 -0.07112
0.09397 -0.09020 -0.10249
0.19896 -0.09106 -0.09450
0.00801 -0.08953 -0.11525
0.11348 -0.09028 -0.07957
0.17579 -0.09083 -0.08416
0.04656 -0.08950 -0.02419
0.14271 -0.09047 -0.06310
0.12959 -0.09035 -0.06213
0.08514 -0.08995 -0.05677
0.03619 -0.08943 -0.02744
0.01840 -0.08941 -0.06304
0.03183 -0.08943 -0.03844
0.03915 -0.08986 -0.13341
0.14046 -0.09049 -0.07299
0.02566 -0.08939 -0.04150
0.31881 -0.06708 0.11477
-0.24035 -0.12804 0.15831
0.39941 -0.02191 0.11652
0.13691 -0.08380 0.16257
0.30922 -0.00220 -0.12743
0.30610 -0.00235 -0.09996
-0.28405 -0.09886 0.13134
-0.29394 0.01128 0.16071
-0.19670 -0.08068 -0.14542
-0.20614 -0.12446 -0.11750
-0.27280 0.08390 -0.09790
-0.25021 -0.12514 -0.15450
-0.25594 -0.09834 -0.16409
-0.18618 -0.08888 -0.16289
0.02855 0.06005 -0.15195
0.07470 0.07482 -0.14535
0.03932 0.06339 -0.15045
0.03271 0.07224 -0.14726
-0.18636 0.11554 0.06194
0.29049 0.04464 -0.03857
0.31141 0.04100 -0.03157
0.41954 -0.08630 -0.09152
0.40317 -0.05758 0.13117
-0.22730 -0.02431 0.15616
0.34195 -0.05725 -0.13162
0.32041 -0.11360 0.15828
0.26681 -0.09318 -0.15625
0.18749 0.05720 -0.07172
0.40524 -0.06802 -0.13032
-0.42772 -0.06565 -0.08476
0.34091 -0.07912 -0.13898
0.29545 -0.00466 -0.16232
0.31582 -0.11655 -0.14245
-0.15628 -0.07429 -0.16585
-0.18037 -0.01543 0.14230
-0.27911 -0.01512 0.09143
-0.17770 -0.01770 -0.16539
-0.21729 -0.00137 -0.13776
-0.09696 0.12786 0.00025
-0.11102 0.12649 0.01293
-0.38228 -0.06629 -0.09808
-0.36784 0.06802 -0.02022
-0.36166 0.06909 -0.01099
-0.16433 -0.06196 0.09610
-0.16343 -0.06087 0.13476
-0.27918 -0.06477 0.14673
-0.24696 -0.11191 -0.10919
-0.14892 0.12155 0.04970
-0.13551 0.12436 0.01867
0.07651 0.10780 -0.06338
0.08001 0.10606 -0.06843
0.41760 -0.05257 0.10604
0.39685 -0.00189 0.06613
-0.18769 -0.03724 -0.13849
-0.20035 -0.10951 -0.16521
0.10249 0.06988 -0.15692
-0.18071 0.11791 0.04289
0.15600 0.05436 0.02969
0.23061 -0.07891 -0.11597
-0.16456 -0.04565 -0.14938
0.21068 -0.07986 -0.10727
0.35653 0.02667 -0.09969
0.31586 -0.04903 -0.12992
0.30382 -0.10756 0.16521
-0.11677 -0.02611 0.13942
-0.18713 -0.00810 0.16685
0.00645 0.12151 0.09183
-0.27141 -0.03984 0.16274
-0.05492 -0.03933 0.15083
0.29003 0.00936 -0.16913
-0.34782 -0.03746 -0.15323
-0.21697 0.08582 -0.13189
0.42113 -0.01641 0.06723
-0.18788 0.03496 -0.16258
-0.24821 -0.05174 -0.15889
-0.06259 0.11864 0.12010
0.26404 -0.10234 -0.13420
0.27902 0.04706 0.01207
0.24371 0.05238 0.00055
-0.19034 -0.00689 0.10086
-0.31168 -0.06579 -0.15534
-0.17663 0.10871 -0.11767
-0.19790 -0.02608 0.11901
-0.25599 -0.07563 0.14542
-0.43849 -0.01487 0.09089
0.40440 -0.08381 -0.13493
0.39838 -0.00885 -0.07788
0.36855 -0.00743 0.11418
-0.26948 -0.06738 0.13771
0.29550 -0.00287 0.14495
-0.20685 0.10265 -0.11330
0.35432 0.02867 0.08860
0.36839 0.02464 0.08713
-0.43250 -0.03665 0.11044
0.27907 -0.12609 0.11089
-0.22848 0.10782 0.01915
-0.23585 0.10561 0.02058
0.15042 -0.06802 -0.16798
0.11393 0.09598 -0.01264
0.09992 0.10072 -0.02867
0.41087 0.00205 -0.05888
-0.26386 -0.04436 -0.12209
-0.33970 0.05873 -0.12263
-0.25640 -0.03468 -0.15067
0.21020 -0.08381 0.13134
-0.13079 -0.02281 0.13567
-0.20474 0.11040 -0.07072
0.13017 -0.00479 -0.16890
0.00275 0.00113 -0.16823
0.09383 0.00037 -0.16861
0.08746 0.00025 -0.16859
0.02079 -0.00525 -0.16848
0.04233 0.00101 -0.16839
0.10032 -0.00758 -0.16885
-0.22662 -0.00053 -0.13797
-0.41205 -0.05427 0.10213
-0.21184 -0.10086 0.14207
-0.11777 0.10708 0.12889
-0.06503 0.09393 0.13635
0.18445 0.05707 0.03618
0.17916 0.05677 0.01858
0.30893 -0.09054 -0.12129
0.42033 -0.02859 0.09164
0.37261 -0.01659 -0.11442
0.21746 -0.08538 0.14848
0.40579 -0.05550 -0.12798
0.21425 -0.04404 0.14099
-0.20075 0.10889 -0.09444
-0.29586 -0.05031 -0.10193
0.23283 -0.02162 -0.11238
-0.26335 -0.00779 -0.09068
0.22098 0.05067 0.10780
0.27133 0.04420 0.11305
0.42387 -0.04166 0.10605
-0.21389 0.00395 -0.14877
-0.20948 0.00232 -0.12547
0.18108 0.05590 -0.10064
-0.19968 -0.09196 0.13261
0.11988 0.09128 0.05552
0.15027 0.07382 0.07547
0.14350 0.07670 0.08036
0.12996 0.08335 0.08187
-0.21852 -0.05851 0.15707
0.42312 -0.02375 -0.03976
-0.29613 -0.01372 0.16223
-0.20939 -0.00369 0.11944
0.21119 -0.06808 0.10303
0.43405 -0.07963 0.04423
0.30648 0.04072 -0.06228
0.05124 0.11593 -0.00113
-0.41868 0.02293 -0.05840
0.22175 -0.03433 0.14349
-0.25697 -0.11595 0.10886
-0.26421 -0.02942 0.13771
0.27888 0.00555 0.15649
-0.33872 0.07064 0.05017
-0.34316 0.06972 0.05488
0.37320 -0.00902 -0.13006
0.29013 -0.12781 -0.13776
-0.13143 0.12492 -0.01612
-0.14447 0.12230 -0.04355
-0.21691 -0.05586 0.09093
-0.20966 -0.05053 0.09072
-0.21169 0.02423 0.16369
-0.02877 0.12397 0.09441
0.18916 -0.09096 0.10412
0.04595 -0.08988 0.15065
0.12714 -0.09053 0.11849
0.18307 -0.09092 0.10639
0.16225 -0.09054 0.14734
0.20218 -0.09089 0.12705
0.16231 -0.09058 0.14146
0.18883 -0.09089 0.11491
0.20028 -0.09093 0.11839
0.18157 -0.09068 0.14167
0.13083 -0.09037 0.14794
0.18665 -0.09067 0.14829
0.07684 -0.09004 0.15180
0.11987 -0.09035 0.14082
-0.00179 0.12325 0.06803
0.24689 0.01469 0.16723
0.39319 -0.00413 0.09865
0.21812 0.04528 0.13321
0.24091 -0.06867 -0.14668
-0.25230 -0.02063 -0.10969
0.01897 0.11479 -0.12176
0.28400 0.04509 -0.05692
0.25667 0.04980 -0.04702
0.25107 -0.02339 -0.15482
0.25915 -0.11210 -0.16521
-0.35855 0.05979 -0.10528
-0.39288 0.05580 -0.08570
-0.23500 -0.02081 0.16410
0.15565 0.05387 0.00857
-0.41534 0.05510 0.05957
-0.39354 0.05659 0.08094
-0.36272 0.06351 0.08696
0.15177 0.06906 -0.09900
0.14229 0.07408 -0.09912
0.32761 0.03096 -0.11391
-0.25351 -0.00671 0.16229
0.34212 0.03581 0.02637
0.29826 0.04435 0.00021
0.19521 0.03730 -0.15854
0.19237 0.02824 -0.16773
-0.29448 -0.04093 0.10938
-0.28509 -0.02202 -0.11017
-0.28955 -0.02774 -0.11129
0.11633 0.08014 0.12823
0.13020 0.07449 0.12063
0.31067 -0.03732 -0.16082
0.24208 -0.01174 0.11707
0.34707 -0.03255 0.16775
-0.21729 -0.08721 0.14542
0.31418 -0.01150 0.13096
0.28183 -0.10725 -0.11343
0.39758 -0.06520 -0.14554
-0.20289 -0.00560 -0.13986
0.28772 -0.04992 -0.15729
-0.30157 -0.04757 -0.15989
0.13913 0.08412 -0.01165
0.16409 0.07240 -0.00123
0.15436 0.07700 -0.00456
0.27045 -0.02154 -0.11274
-0.27468 -0.04501 0.15287
-0.41102 0.02855 0.10209
-0.19024 -0.10560 0.10886
-0.27286 -0.00849 0.14722
-0.27781 -0.01363 0.10653
-0.44486 -0.04754 -0.00767
-0.35346 -0.07624 0.03459
-0.34769 -0.07691 0.03214
-0.40106 -0.07179 0.07302
-0.33120 -0.07889 0.02684
-0.40032 -0.07108 0.05830
0.37924 0.00240 -0.11927
-0.38954 -0.05461 -0.10820
-0.24913 -0.08143 0.15980
0.23568 0.05319 0.03413
0.23931 0.05276 0.02099
-0.27320 -0.02458 0.10886
-0.28004 0.09088 0.03427
-0.29327 0.08575 0.04447
-0.27756 -0.07599 -0.14453
0.32540 -0.08030 0.13607
-0.16734 0.02837 -0.16589
0.10259 0.06364 -0.16018
0.34066 -0.04825 0.12416
0.43303 -0.05918 -0.02259
0.34476 -0.00197 0.13936
-0.21273 -0.02765 -0.15797
-0.35165 -0.07345 0.14185
-0.11646 -0.08756 -0.02565
-0.22562 -0.08570 -0.03853
-0.14407 -0.08579 -0.00129
-0.12287 -0.08914 -0.06246
-0.14541 -0.08865 -0.06283
-0.22081 -0.08630 -0.04904
-0.18691 -0.08619 -0.03042
-0.08573 -0.08805 -0.02145
-0.11293 -0.08804 -0.03416
-0.24826 -0.08434 -0.02060
-0.05340 -0.08781 -0.00082
-0.17597 -0.08590 -0.01898
-0.17434 -0.08796 -0.06188
-0.05624 -0.08851 -0.01698
-0.17999 -0.08819 -0.06954
-0.12648 -0.08686 -0.01558
-0.10477 -0.08861 -0.04252
-0.09270 -0.08906 -0.04628
-0.08524 -0.08896 -0.04060
-0.21163 -0.08441 -0.00451
-0.11034 -0.08776 -0.02708
-0.12684 -0.08806 -0.04126
-0.25155 -0.08357 -0.00565
-0.18033 -0.08538 -0.00998
-0.15351 -0.08715 -0.03467
-0.24003 -0.08376 -0.00415
-0.15339 -0.08884 -0.07059
0.25203 -0.09496 -0.14838
-0.08262 0.03568 -0.16530
0.22340 -0.03071 -0.11704
-0.27977 -0.00161 -0.16380
0.15907 -0.00052 0.14364
0.35691 -0.01771 0.12352
-0.22591 -0.03855 0.14542
-0.26197 -0.02812 0.11020
-0.24671 -0.00293 -0.15054
0.02690 0.11764 -0.09619
-0.42907 -0.05175 -0.12022
-0.41566 0.00046 0.12802
-0.28961 -0.04242 0.15507
-0.27452 -0.11017 0.11504
-0.25511 -0.04193 0.14561
0.42272 -0.02542 0.06366
0.21701 -0.08440 -0.15071
0.29841 -0.09911 0.13786
0.41152 -0.06196 -0.12283
0.41350 -0.02662 -0.04840
0.27373 -0.03973 -0.15984
-0.16711 -0.08162 -0.13796
0.30209 -0.12319 0.16139
-0.38477 -0.02327 0.14594
0.22810 -0.10435 -0.13360
0.22910 -0.06006 -0.16179
0.33059 -0.10200 0.14372
0.00542 0.12481 -0.00645
-0.01284 0.12561 -0.03389
-0.22223 -0.00414 -0.16497
-0.39934 -0.07275 0.10253
-0.29277 -0.07319 0.14644
0.11579 0.09439 0.03723
0.09798 0.10121 0.03548
0.28447 -0.00374 0.10977
0.26897 -0.01585 0.15605
-0.24371 -0.05192 -0.15276
-0.18013 -0.06919 0.14897
-0.07280 0.12537 -0.07710
-0.05368 0.12587 -0.06206
0.28655 0.02315 0.15918
0.28793 0.01785 0.16427
0.26186 -0.00266 -0.14749
-0.16328 0.07027 0.14553
-0.21202 0.06792 0.14599
-0.20792 -0.06433 0.15859
-0.32801 0.07416 0.03652
-0.31660 0.07753 0.04475
0.42092 -0.05780 0.04743
-0.26319 -0.01021 -0.11804
0.41195 -0.05245 -0.04336
0.41195 -0.04677 -0.02192
0.31408 0.03690 -0.10578
0.30158 0.03941 -0.10261
0.23438 -0.11159 -0.14158
-0.25395 -0.11945 -0.16521
-0.05545 0.12385 -0.10169
0.15595 -0.03743 0.15176
-0.34809 -0.05430 -0.15227
-0.43056 -0.04712 -0.11676
-0.29708 0.08161 0.06472
-0.30547 0.07842 0.06582
0.32011 -0.03403 0.16521
-0.10058 0.12543 0.05717
-0.16321 -0.05503 0.15985
-0.16393 -0.05514 0.12661
-0.23999 0.10413 -0.02480
-0.23986 0.10581 -0.00064
0.27037 -0.12857 -0.14128
0.24193 -0.04310 0.16095
-0.36793 -0.07604 -0.11194
-0.18553 0.04086 -0.16580
-0.15963 0.04226 -0.16505
-0.20342 -0.06409 0.14668
0.42470 -0.01723 0.04283
0.31923 -0.09272 -0.13393
0.31932 0.02919 0.14658
-0.17057 -0.08999 0.14747
-0.21012 -0.01149 0.09068
0.26146 -0.02525 0.16087
0.33965 -0.05252 -0.16215
0.09309 0.09134 0.13029
0.29085 -0.11232 -0.12765
-0.25458 -0.05860 -0.14092
-0.29612 -0.05992 0.09117
-0.19683 -0.09479 -0.16236
-0.28509 -0.09657 -0.15770
-0.29697 -0.05947 -0.11392
-0.25066 0.03786 -0.16215
0.30096 -0.09222 -0.16273
0.40608 -0.02085 -0.09182
0.09405 0.09889 -0.08823
0.08993 0.10096 -0.08341
-0.23777 0.08728 -0.12302
-0.00895 0.01220 -0.16719
-0.23854 -0.05242 -0.09068
-0.22617 -0.05010 -0.09068
0.24313 0.00095 -0.16895
-0.39113 -0.06184 0.12008
0.34496 -0.04841 0.11528
0.04602 0.11192 -0.11092
0.22930 -0.05867 0.15948
-0.19107 -0.04738 -0.16393
0.41880 -0.06767 0.09291
0.28738 -0.02108 -0.09068
-0.39876 -0.00973 -0.14240
-0.20113 0.11442 -0.01073
0.37134 0.01704 -0.10771
0.24333 0.04921 0.09260
0.26050 0.04652 0.09801
0.31738 -0.09486 0.15504
-0.38475 0.02668 -0.13308
0.25960 -0.06984 0.14640
0.34291 -0.09117 0.13718
-0.40992 -0.07310 -0.11015
0.43704 -0.04918 0.04947
0.23804 -0.07775 -0.11373
-0.26257 0.09844 0.01101
-0.27081 0.09610 0.00602
0.34399 -0.04554 -0.11782
-0.12285 0.12578 -0.01341
-0.11822 0.12557 -0.02454
0.23782 -0.06556 0.12662
0.30987 -0.10296 0.15731
0.28720 -0.06843 -0.14708
0.23045 -0.03262 -0.10886
0.35950 -0.00276 -0.12606
-0.37839 0.06655 -0.00970
-0.40843 0.06098 -0.01815
-0.39916 0.06259 -0.02042
-0.05698 -0.08961 0.15107
-0.15596 -0.08958 0.14882
-0.14689 -0.08958 0.14709
-0.13544 -0.08959 0.12719
-0.11199 -0.08960 0.13276
-0.11198 -0.08960 0.12218
-0.00728 -0.08963 0.15013
-0.07909 -0.08961 0.13053
-0.09909 -0.08961 0.12108
-0.15280 -0.08959 0.12504
-0.16547 -0.01690 0.14372
0.38449 0.00228 -0.13024
0.15389 0.05967 0.07306
-0.38052 -0.05823 0.11095
0.35190 0.03469 0.00425
0.34934 0.03467 0.01770
-0.26851 -0.07229 -0.13165
-0.16390 -0.08477 0.14694
0.41211 0.00267 0.02893
0.02857 0.11571 0.11178
0.22980 -0.07392 0.12646
0.31837 -0.06753 -0.15416
-0.23951 -0.05016 -0.14630
0.44567 -0.04880 0.00019
0.32385 -0.02953 -0.10886
0.23933 -0.00435 0.16889
0.39131 -0.02157 0.14059
-0.26198 -0.04408 -0.14982
0.29764 -0.06934 -0.14630
-0.19045 -0.05310 -0.11467
-0.23728 -0.11367 -0.14491
-0.44211 -0.04383 -0.02304
-0.16604 -0.07177 -0.16037
-0.26136 -0.10265 0.13277
-0.29168 -0.04833 0.15253
0.40692 0.01057 0.06492
-0.27086 -0.03002 -0.16521
-0.35245 -0.05421 0.15143
0.23975 -0.00755 -0.09136
0.24310 -0.00429 -0.12827
0.30330 -0.02192 -0.11343
-0.09196 -0.03477 -0.16720
-0.11492 -0.04008 -0.16643
-0.29343 0.05184 0.14353
-0.19270 -0.03847 -0.11206
0.10436 0.09961 0.01253
0.09371 0.10349 0.01641
-0.16900 -0.04255 -0.12050
-0.21513 0.00380 -0.13263
-0.21688 0.00355 -0.10942
-0.44347 -0.03816 0.04052
0.38212 -0.01647 -0.12076
0.03849 0.11749 -0.05533
-0.17434 -0.07666 0.16521
-0.19199 -0.05644 0.16319
-0.25297 0.07173 -0.13439
0.27546 -0.09385 -0.14542
-0.29711 -0.04427 -0.15534
0.31627 -0.07813 -0.14990
0.39544 -0.08914 -0.01446
0.37293 -0.09020 -0.05549
0.36381 -0.09062 -0.05967
0.34403 -0.09149 -0.00523
0.36447 -0.09056 -0.02118
0.37713 -0.08998 -0.01634
0.34821 -0.09131 -0.02539
0.41528 -0.08823 -0.01197
0.40870 -0.08853 -0.01017
0.22438 -0.01989 -0.15883
0.44594 -0.03742 0.02533
0.15398 -0.08074 -0.16402
-0.21221 0.00212 0.09534
0.17827 -0.00687 -0.16885
-0.20213 0.07981 -0.13903
-0.18899 -0.11472 0.15645
0.42032 -0.01561 -0.04697
0.12154 0.06470 0.08806
0.21884 -0.03018 -0.16157
0.22119 -0.02618 -0.14274
-0.25781 0.00063 0.14088
0.35426 0.02187 0.11226
-0.17966 -0.06319 -0.11422
0.19134 -0.07942 0.16444
0.24357 -0.08439 -0.15151
-0.15926 0.12199 0.01006
-0.17051 0.12016 0.02402
-0.16558 0.12160 0.00141
-0.36802 0.04792 -0.12206
-0.16587 -0.07296 0.14113
-0.22636 -0.00053 0.15239
-0.15784 -0.02303 0.14335
0.16478 -0.04755 -0.16659
0.34566 -0.08172 0.15560
0.33423 -0.09624 -0.11510
-0.18972 -0.09203 0.11025
0.28221 0.01222 0.16923
-0.26686 0.08686 0.09417
-0.25933 0.08572 0.10890
-0.22658 -0.07568 -0.15630
-0.31358 0.06329 -0.12300
0.05876 0.11359 -0.03312
0.05433 0.11455 -0.03809
-0.25033 -0.09855 0.14866
0.24951 -0.12213 0.15720
0.37270 -0.00152 0.11509
0.22038 -0.03022 0.09871
0.36131 -0.09072 0.07137
0.41472 -0.08819 0.01919
0.40757 -0.08856 0.02291
0.26186 -0.12644 -0.13720
-0.18854 0.11349 -0.08445
0.32052 0.00612 -0.16564
-0.41620 0.04936 -0.06279
0.27183 -0.03203 -0.16067
0.22323 -0.02199 0.14362
0.41019 0.00057 -0.07889
-0.19188 -0.05735 -0.16320
-0.18301 0.11883 -0.00627
-0.41241 0.01648 0.11476
-0.19523 0.09181 -0.13115
-0.22992 -0.10511 -0.15019
-0.11571 0.12472 -0.05005
-0.12353 0.12372 -0.06112
0.21485 -0.05619 0.15296
-0.29273 -0.02998 0.15008
-0.17887 -0.01800 0.12171
-0.17903 -0.01828 0.11238
0.41877 -0.01254 -0.08461
-0.25894 -0.10421 0.16118
0.29171 -0.12734 0.15047
-0.18234 -0.04863 -0.15787
0.04724 0.11472 0.07535
0.04552 0.11472 0.08358
0.06705 0.03134 0.16917
-0.17834 0.11811 -0.05099
0.05632 -0.08444 -0.16079
0.04143 -0.08296 -0.16330
0.34109 -0.07137 -0.11333
-0.16773 0.09370 0.13390
0.23796 0.00907 -0.16858
-0.12626 0.12144 -0.10150
-0.16118 0.11601 -0.10794
-0.43285 -0.06385 -0.06543
0.32308 -0.11066 0.14018
0.43850 -0.05780 0.00791
-0.17555 -0.10023 0.13966
-0.18799 0.09675 -0.12849
0.21920 0.05544 -0.00650
0.12891 0.02172 0.16612
0.14757 0.00401 0.16819
0.12391 0.01608 0.16675
0.34167 -0.07089 0.16047
-0.21316 0.08684 0.13204
-0.15632 0.12187 -0.02208
-0.16908 0.12011 -0.02955
-0.15979 0.12169 -0.01627
0.41380 0.00592 -0.06645
0.34794 0.00644 -0.11939
-0.24537 -0.01781 0.12862
-0.30400 0.07577 -0.08696
-0.31746 0.07376 -0.06949
-0.18511 0.11379 -0.08908
-0.44183 -0.00939 -0.07564
0.30561 -0.10569 -0.14426
0.33511 -0.03479 0.12372
-0.22201 0.06168 -0.14972
0.27900 -0.12387 -0.10886
-0.36015 -0.07721 -0.10443
-0.30356 -0.08163 -0.10035
-0.32115 -0.07992 -0.12066
-0.35088 -0.07808 -0.09551
-0.28873 0.08584 -0.05698
-0.26970 0.08808 -0.08250
0.26431 -0.11188 -0.12602
0.32950 -0.01917 0.09369
0.23669 -0.03964 0.16149
0.28590 -0.11539 -0.16521
-0.30506 0.06167 0.12711
0.32193 -0.04121 0.13712
-0.21153 -0.12604 0.12121
0.30989 0.03327 -0.13066
-0.39283 0.05176 0.09867
-0.40280 0.04892 0.09733
-0.23366 0.00542 -0.12300
-0.23183 0.00504 -0.11083
0.05095 -0.06562 -0.16686
-0.43106 -0.06656 0.04831
-0.27840 -0.05890 0.12940
-0.19881 -0.10361 -0.13791
-0.27822 -0.05767 0.14410
0.21456 -0.07087 0.13391
-0.21688 0.07461 -0.14080
0.36733 -0.00051 -0.11845
0.09077 -0.08086 0.16387
0.22790 -0.10411 0.13805
-0.19959 -0.02082 -0.10886
-0.36988 -0.07627 0.10617
0.32795 -0.06624 0.11059
0.22238 -0.03295 -0.15405
0.40742 -0.06903 -0.11531
-0.20367 -0.02237 0.16455
-0.15683 -0.05435 0.14138
-0.16029 0.00390 -0.16620
-0.14245 0.00471 -0.16641
-0.19459 -0.11832 -0.12541
-0.18908 -0.06643 -0.13321
-0.07587 0.12095 0.11625
0.27835 -0.01519 -0.15695
-0.44413 -0.01794 0.02060
-0.44546 -0.01050 0.01451
0.39493 -0.08995 -0.13020
-0.42648 0.00315 0.09998
0.37772 -0.06264 -0.15635
-0.04500 0.11345 0.12651
0.03870 -0.07385 0.16529
-0.02503 -0.07187 0.16612
-0.02763 0.01992 0.16627
-0.43994 -0.05554 0.05635
-0.22392 -0.06053 0.15902
0.33978 -0.09171 0.07965
0.31269 -0.09159 0.05829
0.33666 -0.09170 0.02415
0.33109 -0.09167 0.03216
0.26416 -0.09139 0.06785
0.27454 -0.09143 0.06149
0.27229 -0.09142 0.08653
0.25278 -0.09134 0.08864
0.30604 -0.09157 0.03715
0.23872 -0.09128 0.07366
-0.27588 -0.08147 -0.15400
-0.21005 0.10323 -0.10648
0.31722 0.03201 0.14018
0.40467 0.00237 0.06687
0.01784 0.12251 0.02692
-0.33152 0.06608 0.09853
-0.32151 0.06743 0.09856
-0.25680 -0.03494 0.15569
-0.24574 -0.07371 0.15281
-0.24754 -0.11065 0.13484
0.40033 0.00306 -0.01046
-0.18707 -0.01562 0.12094
0.41654 0.00048 -0.06634
0.07655 -0.05223 0.16883
0.00030 -0.04677 0.16926
0.02396 -0.05066 0.16890
0.11808 -0.05033 0.16911
-0.28054 -0.04923 -0.09068
-0.22323 -0.03207 -0.09068
-0.24393 -0.02684 0.12143
-0.08021 0.08862 -0.13864
-0.14580 0.09532 -0.13350
0.36719 0.00303 0.14521
0.01503 0.12091 -0.08090
0.23459 0.04687 -0.12112
0.24011 -0.05199 -0.11574
0.39978 -0.00992 -0.11803
-0.06867 0.08386 0.14127
-0.16392 0.08338 0.13834
-0.12737 0.07682 0.14275
-0.11047 0.07182 0.14576
-0.28451 -0.03125 -0.13616
0.17412 0.05743 0.07827
-0.39791 -0.05502 0.10599
0.33747 -0.03105 -0.09830
0.42746 -0.02806 0.00928
0.28557 -0.05358 0.13713
-0.21882 0.08340 0.13383
0.35848 0.02641 0.09741
0.27736 0.04723 -0.01491
0.27901 0.04681 -0.02275
-0.23053 -0.12713 0.16192
0.41024 0.01293 0.03000
-0.21319 -0.01785 0.11006
-0.06407 -0.08601 0.15971
-0.04897 -0.08722 0.15749
0.33451 -0.02252 -0.15648
0.33179 -0.02089 -0.11856
0.37457 -0.04905 -0.15795
-0.24387 0.07800 0.13093
0.23276 -0.04550 -0.14633
-0.19679 0.06773 -0.14639
-0.20561 0.07230 -0.14354
0.30484 -0.11648 0.10886
-0.19049 -0.07356 0.11962
0.18780 0.05302 0.12062
-0.21050 -0.00883 -0.16521
-0.19821 -0.03937 -0.14533
-0.28569 -0.08109 -0.16521
-0.12907 0.06130 -0.15162
-0.07461 -0.06491 -0.16665
-0.23420 -0.01954 0.09068
-0.28997 -0.02962 0.09068
-0.23797 -0.00053 0.13934
0.25243 -0.07229 0.14542
-0.09060 0.12796 0.00665
-0.09679 0.12613 0.04605
0.32733 -0.05856 -0.13693
0.39088 -0.08902 -0.06572
0.36082 -0.09064 -0.08010
-0.41867 -0.03543 -0.13193
0.32300 -0.00824 0.16628
0.34154 0.00699 0.13313
0.15935 -0.05152 -0.16866
-0.15168 0.10113 0.13021
0.26956 -0.07939 -0.14708
0.26828 0.00385 0.10434
0.26554 0.00420 0.15123
0.26378 0.00292 0.12089
0.36561 -0.09159 0.14353
0.34940 -0.09125 0.13613
0.15164 -0.03951 0.14118
-0.37977 -0.04996 0.14540
-0.19110 -0.00485 -0.15454
0.38270 -0.07444 -0.15284
0.42739 -0.01966 0.02111
-0.39747 0.00962 -0.13453
-0.26042 -0.05518 0.14331
-0.07287 0.12786 -0.01424
-0.08355 0.12775 -0.02221
-0.23177 -0.09357 -0.14668
0.32371 -0.01050 -0.12155
0.33567 -0.01886 -0.16852
0.36394 0.00456 0.11843
-0.02412 0.12264 -0.10991
-0.08038 0.12581 0.06955
-0.04840 0.12594 0.05937
-0.05858 0.12618 0.05667
0.21454 0.05590 -0.02178
0.22093 0.05497 -0.04153
-0.27837 -0.05871 -0.15324
0.23637 -0.07544 0.11304
-0.42055 0.05891 -0.01477
-0.26980 -0.11020 0.10923
0.41425 -0.08565 -0.12020
-0.00583 0.10561 0.13129
0.20160 0.05348 0.10355
0.23698 -0.00851 -0.13223
0.24394 -0.05992 -0.14542
0.42729 -0.08728 -0.00391
0.36706 -0.05868 -0.16101
-0.17745 -0.03283 0.10908
0.42763 -0.06594 -0.05777
-0.24725 -0.08818 -0.14542
-0.28720 -0.03715 0.12871
-0.25544 -0.03548 0.14921
0.18927 0.04423 -0.15118
0.21009 -0.07467 0.12218
-0.16579 -0.01569 -0.16660
0.21090 -0.06571 -0.12150
0.25635 -0.06781 -0.14594
0.08070 0.03838 0.16526
-0.02802 0.05653 0.15592
0.00861 0.04729 0.16122
-0.03480 0.05404 0.15784
-0.00800 0.03615 0.16940
-0.25278 -0.10816 -0.11957
0.28704 -0.08113 -0.15792
-0.33884 0.01981 0.15091
0.28595 -0.00053 0.12943
-0.11307 0.12253 0.09827
0.18797 0.05860 0.04678
0.32097 -0.09001 -0.15196
0.07188 0.09602 -0.13412
-0.29686 -0.07952 0.11332
0.28775 -0.02581 0.12375
0.40874 -0.01026 -0.03625
-0.23790 -0.00053 -0.11810
0.30362 -0.03353 -0.15474
-0.19584 0.10452 0.11569
-0.04090 -0.06989 -0.16665
0.30024 0.04050 0.08865
0.31466 0.03754 0.09273
-0.08893 0.08731 -0.13895
0.29935 -0.06462 0.14542
0.31515 -0.09743 0.12048
0.34443 0.03426 0.04909
0.38164 0.02365 0.05072
-0.38752 -0.06497 -0.12059
0.21402 -0.06717 0.11832
-0.30969 0.02787 0.15596
0.30681 -0.07445 -0.14542
-0.13471 0.11032 -0.12359
-0.28214 -0.02814 -0.11433
0.02445 0.12046 0.04983
-0.20992 -0.06640 -0.15132
-0.29739 0.00195 0.16074
0.19516 0.00966 -0.16755
0.23711 -0.03674 0.13808
0.00835 0.10690 -0.13103
0.21321 0.02231 -0.16883
0.19921 0.05175 -0.12034
0.21562 0.05471 -0.06369
-0.31504 0.06526 -0.11497
-0.34036 0.06467 -0.09968
-0.22401 0.00438 0.09414
-0.16862 0.07570 0.14228
0.38226 0.02534 -0.01720
-0.35850 -0.07535 -0.13752
-0.26115 -0.08883 0.12737
-0.23374 -0.08576 0.07359
-0.21779 -0.08663 0.07542
-0.26693 -0.08391 0.03750
-0.25728 -0.08444 0.03750
-0.24251 -0.08526 0.05360
-0.28514 -0.08289 0.00799
-0.27757 -0.08334 0.06564
-0.28693 -0.08280 0.01858
-0.28347 -0.08303 0.08162
-0.27878 -0.08329 0.09069
-0.18743 -0.08830 0.07568
-0.25679 -0.08448 0.06082
-0.24438 0.00365 0.11286
-0.25248 0.00265 0.15671
0.32752 -0.10421 -0.11340
-0.09564 -0.04946 -0.16667
-0.13333 -0.05401 -0.16523
-0.16413 -0.06101 -0.10612
-0.39402 0.02549 0.12900
-0.08242 -0.04456 -0.16767
-0.08587 -0.04912 -0.16709
-0.37467 -0.01248 -0.14934
-0.21262 -0.04349 -0.14668
0.23968 0.04255 -0.14318
-0.27315 -0.08745 -0.16268
-0.26845 -0.05649 0.15707
0.27110 0.00458 -0.12164
-0.26102 -0.10836 -0.16521
0.26706 -0.02617 -0.12453
0.39321 -0.00255 0.10725
-0.37341 0.06734 0.01388
-0.40163 0.06232 0.01313
-0.39674 0.06297 0.02245
-0.27265 -0.00891 0.12865
-0.26493 -0.00421 0.11961
-0.20496 -0.03291 0.12193
0.21878 -0.03176 -0.13076
0.21899 -0.03347 -0.09485
0.30160 -0.02084 -0.13734
-0.16233 0.11621 0.10283
0.38499 0.02239 -0.05414
0.38324 0.02185 -0.06732
0.39010 -0.00898 -0.09884
-0.18377 -0.01938 0.12690
-0.12136 0.01040 -0.16612
-0.13251 0.00928 -0.16613
-0.17324 0.00888 -0.16564
0.31884 -0.03594 -0.14283
0.41654 -0.02812 -0.01758
-0.21432 0.11059 -0.03188
-0.20937 0.11064 -0.05027
0.41248 -0.01808 0.10138
0.22909 -0.06011 -0.14348
-0.07953 0.12383 0.10654
-0.05104 0.12444 0.09150
-0.41631 0.04739 0.06695
0.08572 0.06888 -0.18508
0.21944 0.04506 0.14214
-0.39296 -0.03249 -0.14261
0.05343 0.10591 -0.12839
0.26932 -0.00754 -0.09068
0.31197 -0.03142 -0.09068
0.34017 -0.09111 -0.06426
-0.21337 0.03158 -0.16299
0.41699 -0.08744 -0.06379
0.40627 -0.08759 -0.08564
-0.27944 0.08992 -0.04956
-0.29140 0.08707 -0.03521
-0.22970 -0.11392 0.15285
0.38419 -0.01333 0.10799
-0.37012 -0.07584 0.11428
-0.21268 -0.03583 -0.14668
0.17570 -0.05693 -0.16728
0.33468 -0.02609 0.10056
0.19511 -0.06907 0.16769
0.23347 -0.10546 -0.10956
0.28472 -0.00053 -0.15471
0.30418 -0.06173 -0.16004
-0.37448 0.04618 0.12139
-0.44478 -0.04637 -0.03528
0.40951 0.00396 -0.03449
0.40505 0.00260 -0.05935
0.23459 0.05326 -0.04368
0.25436 0.05023 -0.04000
0.27250 0.04744 -0.03845
0.39718 -0.00280 -0.11131
-0.18275 -0.04775 0.15736
0.31973 -0.09758 -0.16521
0.20944 0.05645 -0.03590
-0.26220 -0.00194 -0.13066
0.39158 -0.02198 -0.10091
-0.14052 -0.01953 -0.16689
-0.15697 -0.01300 -0.16677
0.13432 -0.00278 0.16886
-0.01234 0.00079 0.16818
-0.00284 -0.01643 0.16868
0.14551 -0.00267 0.16890
0.02085 0.00038 0.16833
-0.00872 -0.01960 0.16874
0.00332 -0.01011 0.16854
0.31213 -0.11893 0.13899
0.30371 -0.10692 0.12891
-0.03720 -0.04768 0.15083
0.08831 0.03570 0.13271
-0.29302 0.03349 0.15829
-0.04708 0.12637 0.04948
-0.02803 0.12652 0.03718
-0.05566 0.12648 0.04928
-0.03100 0.12714 0.01698
0.28506 -0.11392 -0.15229
0.27249 -0.11392 -0.14643
0.11072 0.05457 -0.15155
0.10329 0.05815 -0.15054
-0.19815 -0.03946 0.11930
0.30602 -0.02368 0.12473
-0.06332 0.03696 -0.16827
-0.11897 0.05898 0.15339
-0.07531 0.05873 0.15424
-0.32444 0.07491 -0.04292
0.32425 0.03960 -0.00882
0.34004 0.03554 -0.04010
0.34573 0.03555 -0.01851
0.34652 -0.05485 0.14730
-0.09586 0.12526 0.06789
0.34393 -0.09153 0.07282
0.41083 -0.08844 0.00825
0.38795 -0.08950 0.04067
0.38776 -0.08949 0.01189
0.34924 -0.09127 0.04536
0.37467 -0.09010 0.02710
0.34257 -0.09159 0.05687
0.34580 -0.09143 0.03900
0.35181 -0.09115 0.03372
0.35558 -0.09099 0.05068
0.20020 0.05643 0.06317
-0.25126 -0.10367 -0.11222
-0.16568 -0.04251 0.13252
-0.26907 0.09131 0.06357
-0.22543 0.09436 0.11802
0.39068 -0.02069 0.09847
0.03558 -0.07499 -0.16504
0.06630 -0.07620 -0.16473
0.32313 -0.04384 -0.11234
-0.21989 0.10685 -0.06319
0.43092 -0.01872 -0.00641
0.25906 -0.08800 0.14542
0.22817 -0.02467 -0.12026
0.20668 0.04575 0.14426
-0.33612 0.06214 -0.11436
0.28117 0.02114 -0.16263
-0.25333 -0.01365 0.10886
0.29578 -0.11600 0.16521
-0.28419 0.04426 0.15635
0.15179 0.07458 -0.06295
0.17183 0.06506 -0.06117
0.18377 0.06029 -0.05377
-0.26466 -0.01116 -0.15441
-0.24906 0.09212 0.09710
0.03445 0.11390 -0.11835
0.02391 -0.05891 0.16788
0.03781 -0.06020 0.16761
-0.42458 -0.01502 -0.12765
-0.37773 0.01625 -0.13991
-0.29829 -0.00392 0.16089
0.07516 0.01368 0.16703
0.01790 0.02396 0.16580
-0.23642 -0.00054 0.11475
0.37842 0.00010 -0.13645
0.20617 0.04382 -0.14901
-0.41931 0.01647 -0.05000
0.35933 -0.00684 -0.13867
0.23078 0.02451 -0.16685
0.21716 0.02954 -0.16354
0.41493 -0.01335 0.07622
-0.34659 -0.01080 0.15490
-0.32740 -0.00378 -0.15625
-0.36258 -0.02100 0.15138
-0.19261 0.11665 0.00816
-0.19113 0.11725 0.00149
-0.12529 -0.08256 0.16332
-0.32781 0.07059 -0.06528
-0.33241 0.07101 -0.05440
0.38016 -0.01477 0.13920
-0.30382 0.04135 0.15417
0.13794 0.06501 -0.13811
-0.25740 -0.12261 0.15278
-0.20011 -0.00724 -0.11945
0.30555 -0.12315 -0.15951
0.30321 -0.09586 0.13556
0.06949 0.11098 0.03270
0.06223 0.11272 0.03405
-0.25096 -0.03348 -0.09068
0.21553 -0.05149 -0.13675
0.23070 0.05287 0.05654
-0.16563 -0.05777 0.11524
0.20995 -0.04433 -0.16695
-0.18738 -0.01542 -0.12438
0.33996 0.02594 -0.13739
0.21380 -0.04942 -0.11519
-0.06876 0.05123 -0.15970
-0.09997 0.04663 -0.16264
-0.14982 0.05350 -0.15769
-0.09279 0.05252 -0.15869
-0.04799 0.04636 -0.16312
-0.11915 0.04660 -0.16256
-0.35661 0.01682 -0.14570
-0.26970 -0.06631 -0.15161
-0.29373 -0.03994 -0.09234
-0.29440 -0.03954 -0.11793
0.40524 -0.02158 0.12158
0.07130 0.09335 0.13741
-0.25804 -0.03594 -0.14331
-0.21162 -0.12163 -0.10886
0.06496 0.10038 0.13173
0.35320 0.00554 0.14242
-0.05058 -0.06585 -0.16708
