-0.07765 0.17482 -0.00216
0.16151 -0.01052 0.15795
0.07049 -0.02073 0.15927
-0.39339 -0.02463 0.06060
-0.39283 -0.04293 0.05344
-0.39227 -0.06107 0.04606
-0.39252 -0.05301 0.06709
-0.39193 -0.07207 0.06918
-0.39112 -0.09827 0.02293
-0.39128 -0.09280 0.01647
-0.19085 -0.04536 0.12678
0.29548 -0.17256 0.17554
-0.17697 -0.05414 -0.14286
0.23543 -0.07992 0.17553
0.20357 -0.14088 -0.12154
0.18944 0.01948 -0.14600
-0.16179 -0.07407 -0.15820
0.19410 -0.03684 0.16131
-0.07702 0.16738 0.00629
-0.39903 -0.02450 0.09604
-0.00648 0.08294 -0.12806
0.28038 -0.15332 -0.14130
0.00488 0.01376 0.11535
0.00784 0.00151 0.08383
0.00244 0.02386 0.06218
0.01236 -0.01718 0.08857
0.00449 0.01538 0.06217
0.00427 0.01628 0.07052
0.01870 -0.04341 0.12744
0.25893 -0.03645 0.16501
0.25426 -0.14031 0.15231
0.23978 -0.18032 0.15366
0.23008 0.02017 -0.00792
0.22273 -0.17791 -0.13937
0.13126 0.06362 0.13048
0.31556 -0.17305 -0.11031
0.30140 -0.07487 -0.17137
-0.15360 -0.10935 -0.16312
-0.16642 -0.15021 0.15583
0.26364 -0.19381 -0.16249
0.20976 -0.07372 0.16270
-0.04628 0.10538 -0.02561
-0.23517 -0.03610 -0.14070
-0.26489 -0.03610 -0.15562
-0.24560 -0.03610 -0.11585
-0.23263 -0.03610 -0.11961
-0.15461 -0.12058 -0.13354
-0.39641 -0.03572 -0.13441
0.34060 -0.08814 -0.11072
0.28398 -0.08349 -0.15926
-0.15843 -0.04582 -0.13571
-0.29302 -0.14566 -0.15461
-0.08931 0.10952 0.03519
-0.13696 0.10672 -0.00695
-0.29530 -0.15743 0.13463
0.30196 -0.02254 0.15235
-0.26596 -0.17329 -0.16907
0.02292 -0.05100 0.13226
0.01902 -0.03761 0.13084
0.24797 -0.14157 -0.16187
-0.40815 -0.09238 0.07699
0.29495 -0.04969 -0.17166
0.29024 -0.08616 -0.16053
0.25312 -0.04526 0.15662
-0.19317 -0.14488 0.10809
0.27859 -0.08989 0.12323
0.39818 -0.04431 -0.02453
0.20207 -0.08822 -0.16045
-0.32270 0.09494 -0.11514
-0.28196 -0.13110 -0.11336
-0.25658 -0.18266 0.12804
0.28022 -0.04238 -0.14921
0.06851 0.08446 -0.12514
0.33657 -0.10035 -0.10954
-0.32797 0.00058 -0.15474
-0.25823 -0.00432 -0.15667
-0.23440 -0.05854 0.10885
0.11422 0.08449 0.07094
-0.25482 -0.06830 0.16941
0.20475 -0.14452 -0.15211
-0.20704 -0.18940 0.12591
-0.39829 -0.07092 -0.14734
0.28197 -0.18053 0.11829
0.28770 0.01611 -0.09157
0.33352 0.00877 -0.09179
-0.15001 0.05935 0.13568
0.13995 0.06644 0.10349
0.12996 0.07490 0.07757
0.13101 0.07346 0.08698
0.19165 0.03457 0.09327
0.20047 0.02888 0.09467
0.13629 0.07074 0.07940
0.38592 -0.02113 0.10271
-0.29588 0.07767 -0.12966
-0.03027 0.12278 0.02087
-0.08472 0.10515 -0.04680
0.00861 -0.00166 0.05929
0.01099 -0.01149 0.04070
0.01600 -0.03225 0.06024
0.02023 -0.04973 0.03468
0.01559 -0.03052 0.03848
0.00693 0.00530 0.04290
0.01868 -0.04333 0.05324
0.01894 -0.04441 0.11295
0.01356 -0.02213 0.08063
0.20197 -0.14058 0.15499
0.24800 -0.13472 -0.11724
0.34970 0.00591 0.08463
-0.23574 -0.11359 0.12833
0.39171 -0.12140 -0.03948
-0.30270 -0.14535 -0.14178
0.14379 0.03003 0.19656
-0.22427 -0.05907 -0.17506
-0.21633 -0.10793 0.15191
0.34726 -0.12365 -0.14297
-0.14869 -0.10886 0.12691
0.26014 -0.16803 -0.10892
-0.19102 -0.04202 -0.17111
-0.27321 -0.06714 0.10762
-0.04851 -0.11560 0.15295
-0.27656 -0.16904 -0.16012
0.32980 -0.17132 0.14104
-0.34807 0.06371 0.13425
-0.18710 0.05609 0.13676
-0.32178 0.06066 0.13525
-0.24277 0.05995 0.13549
-0.23709 -0.03428 -0.14848
-0.30121 -0.11665 0.13382
-0.23694 -0.18984 0.12270
-0.15766 -0.08062 -0.14047
0.06459 -0.00984 -0.15787
0.29512 -0.14484 0.15098
-0.19701 -0.17853 -0.15930
0.32232 -0.10183 -0.16966
0.38600 -0.04208 0.11267
0.01300 0.04807 -0.13751
0.34526 -0.02983 -0.14605
-0.22440 -0.16201 0.16740
0.24183 -0.19165 -0.12972
-0.15526 -0.08997 -0.15589
0.25686 -0.17027 0.11181
-0.13645 -0.03069 -0.16055
-0.39689 0.00426 0.08817
-0.39775 -0.00669 0.08996
0.26265 -0.19029 0.11254
-0.14930 0.05065 0.07400
-0.19837 -0.10629 0.11585
0.35960 -0.06782 -0.14995
-0.12134 -0.05474 -0.10879
-0.13507 -0.01060 -0.10345
-0.13320 -0.01662 -0.10864
-0.13321 -0.01659 -0.12402
-0.12454 -0.04445 -0.12409
-0.13887 0.00161 -0.11077
-0.12162 -0.05386 -0.12387
-0.24805 -0.14034 -0.14568
0.28609 -0.11827 -0.11193
0.24652 -0.10505 -0.11193
0.23977 -0.11340 -0.11193
0.27797 -0.11025 -0.11193
0.21400 -0.11886 -0.11193
0.26301 -0.11724 -0.11193
0.28851 -0.11243 -0.11193
0.32284 -0.11303 -0.11193
0.23470 -0.11781 -0.11193
0.24118 -0.17352 -0.10909
0.20681 -0.14847 -0.16066
0.04501 -0.06040 -0.03284
0.23876 0.02134 0.08686
0.35242 0.00560 0.04580
-0.34698 -0.02255 -0.15713
-0.34016 -0.02209 -0.15762
0.27047 -0.20021 -0.15266
0.36692 -0.00224 -0.11509
-0.25921 -0.17420 -0.17451
0.20965 -0.09050 0.17210
-0.21211 -0.17742 0.10635
0.29388 -0.19470 -0.13564
0.26343 -0.14787 0.16533
0.27798 0.01561 -0.10181
0.30892 0.01011 -0.10598
0.03179 0.09736 0.06307
-0.25432 -0.13527 -0.13279
0.01816 -0.04118 -0.09210
0.01035 -0.00888 -0.10749
0.00951 -0.00538 -0.10147
0.01888 -0.04417 -0.06695
0.01660 -0.03473 -0.09520
0.01696 -0.03620 -0.07864
0.01681 -0.03559 -0.10497
0.02242 -0.05881 -0.10486
0.01279 -0.01897 -0.11542
0.02110 -0.05334 -0.07491
0.28818 -0.04317 -0.13101
-0.30345 -0.12794 0.13895
-0.04873 0.15120 -0.01073
-0.16813 -0.17072 0.12171
-0.20407 -0.06371 -0.17506
0.26774 -0.10773 -0.12599
-0.02965 0.09359 -0.11954
-0.06029 -0.12310 0.14587
-0.08337 -0.12443 0.14829
-0.00599 -0.12335 0.14632
-0.14490 0.10063 -0.03629
-0.26422 -0.18740 0.14719
-0.26450 -0.17794 0.17003
-0.22064 -0.17228 -0.17536
0.11894 -0.07399 0.05770
0.11588 -0.08431 0.06652
-0.38706 -0.10472 -0.14506
-0.40653 -0.08799 -0.11137
0.35763 0.00411 -0.05332
-0.28646 -0.04877 0.16721
0.35405 -0.08872 0.12720
0.35314 -0.08084 0.12335
0.28846 -0.14801 -0.11686
-0.20089 -0.13938 0.12532
0.33378 -0.08852 0.17464
0.23094 -0.14680 0.17462
0.32480 -0.12025 -0.10890
-0.18523 -0.07165 -0.17636
0.20371 0.00956 -0.00057
0.22259 0.01446 -0.01831
0.21841 0.01337 -0.01387
0.21515 0.01253 -0.00619
-0.29252 -0.11737 0.17141
0.30030 -0.10637 -0.11833
0.21171 -0.00516 -0.15568
0.20298 -0.10940 -0.15601
0.21288 -0.17257 -0.13753
0.24038 -0.09908 0.14097
-0.27818 0.01475 0.03037
-0.27883 0.01475 0.01673
-0.15556 -0.11496 -0.11215
-0.28808 -0.00084 -0.08417
-0.28630 -0.00754 -0.08065
-0.29118 0.01076 -0.07806
-0.28366 -0.01741 -0.06353
-0.28827 -0.00014 -0.06924
-0.28237 -0.02225 -0.10039
-0.29191 0.01349 -0.09817
-0.39603 -0.03795 -0.00362
0.31049 -0.10886 0.14024
0.34623 -0.09427 -0.14723
0.25327 -0.06125 0.17568
0.19753 -0.11041 -0.12186
-0.33375 -0.09037 -0.16016
-0.36780 -0.09527 -0.15818
0.35205 0.00609 0.00935
0.36462 0.00317 0.01725
-0.01605 0.17435 -0.00040
-0.19105 -0.12837 0.13568
0.15575 0.05984 -0.05260
0.12700 0.07836 -0.04930
0.13353 0.07428 -0.04438
0.17045 0.05059 -0.04408
0.16377 0.05493 -0.04191
0.13549 0.07316 -0.03745
0.16858 0.05166 -0.05038
-0.14220 0.04148 -0.06283
0.41002 -0.08322 -0.01823
-0.27043 -0.04434 -0.16222
0.31689 -0.06555 -0.11081
0.28812 -0.18611 -0.16399
-0.23461 -0.19290 0.13537
0.20936 -0.12976 -0.16909
0.22084 -0.05754 0.12855
-0.25736 -0.09716 -0.13136
-0.15362 -0.06553 0.14010
-0.15378 -0.06450 0.13169
0.29814 -0.13931 0.13271
-0.06171 0.18087 -0.02556
-0.40048 -0.01458 -0.03111
0.33924 -0.09088 -0.16800
-0.19700 -0.16298 -0.11095
0.24199 -0.13457 0.17007
-0.26619 -0.03418 0.15022
-0.27662 -0.03418 0.14330
-0.26806 -0.03418 0.12904
-0.21786 -0.03418 0.14472
-0.25950 -0.13234 -0.15566
-0.20648 -0.04166 0.14429
-0.18606 0.02413 0.14715
-0.33522 0.02920 0.14545
-0.15542 -0.08448 -0.13005
0.23526 -0.04313 0.13270
0.21941 -0.09216 -0.11016
-0.40225 -0.08305 -0.13962
-0.21283 -0.11952 0.15183
0.02388 -0.06040 0.13324
-0.21493 -0.14538 -0.16324
-0.24642 -0.10637 -0.12687
-0.21549 -0.03355 -0.13249
-0.24226 -0.01932 0.15936
-0.20038 -0.18274 0.16918
-0.17231 -0.03659 -0.16048
-0.17049 -0.04021 -0.14854
0.25373 -0.06053 -0.17308
-0.20279 -0.16582 -0.17626
0.26879 -0.07236 0.11454
0.25514 -0.04388 0.11881
-0.18732 -0.18145 0.15591
-0.21673 -0.05348 0.16212
-0.38844 -0.08063 -0.15559
0.22684 0.01805 -0.01240
-0.20440 -0.03914 -0.15704
-0.14129 0.01956 -0.10342
0.32534 -0.17381 0.14600
0.27624 -0.18298 -0.16657
-0.13940 -0.10812 -0.15581
0.20407 -0.10635 0.11687
-0.25506 -0.17471 -0.16620
0.39073 -0.12413 -0.00187
0.22585 -0.17624 -0.10899
-0.23293 -0.04286 -0.12434
-0.25175 -0.14953 0.10944
-0.12829 0.03643 0.14254
-0.18250 -0.05923 0.10919
0.31785 -0.14866 0.11147
0.25702 -0.19328 0.14107
0.30265 0.01467 -0.00252
0.31028 0.01330 -0.01497
0.32404 0.01109 -0.01282
-0.27182 -0.17661 -0.14964
-0.24415 -0.03538 -0.14294
-0.19023 -0.07279 -0.02072
-0.18970 -0.07117 -0.04036
-0.15933 -0.07594 -0.15213
-0.24655 -0.10739 -0.14453
-0.31557 -0.12065 0.14990
0.39454 -0.02416 0.04216
-0.24283 -0.19047 0.13684
-0.11332 0.00813 -0.15252
0.23869 -0.03739 -0.16490
0.31516 -0.06193 0.11199
-0.19095 -0.06113 -0.17515
-0.21804 0.09473 0.11213
-0.12356 -0.03290 0.16083
0.20573 -0.10966 0.17227
0.28628 -0.04818 0.11555
0.18221 -0.09352 -0.10748
0.18411 -0.06910 -0.08056
0.18264 -0.08802 -0.13661
0.18258 -0.08872 -0.14213
0.18307 -0.08240 -0.12660
0.18306 -0.08258 -0.09346
0.18429 -0.06679 -0.13418
0.18558 -0.05017 -0.10750
0.18320 -0.08076 -0.06475
0.18557 -0.05029 -0.10086
0.18173 -0.09964 -0.08510
0.18359 -0.07574 -0.13950
0.18177 -0.09910 -0.05088
-0.26420 -0.04940 0.12891
0.24341 -0.12015 -0.14108
0.22237 -0.06538 -0.12209
0.33712 -0.14268 -0.11475
0.34360 0.00382 -0.11436
-0.39692 -0.06082 0.03081
-0.39519 -0.06976 0.05781
-0.20303 -0.03418 -0.14133
-0.24044 -0.03418 -0.13564
-0.26483 -0.03418 -0.14533
0.35058 0.00572 -0.08414
0.18865 -0.11999 0.14899
0.27297 -0.13381 -0.12591
-0.16471 -0.13517 0.16992
-0.27986 -0.12605 0.10751
0.23103 -0.18489 -0.14582
-0.15548 -0.11791 -0.11918
-0.07744 0.10049 0.02809
-0.07534 0.10074 0.01575
-0.11128 0.10015 0.05928
-0.07940 0.10094 0.00857
-0.11371 0.10048 0.04551
-0.06039 0.10054 0.01748
-0.10619 0.10015 0.05682
-0.28276 -0.05793 -0.13303
0.34519 -0.08234 0.14445
-0.03290 0.09177 -0.12372
0.03455 -0.00813 -0.15765
-0.28720 -0.07197 -0.17249
0.19811 0.02653 0.12001
0.18569 0.03694 0.10710
-0.39220 0.01603 -0.13465
0.39527 -0.02364 0.01023
0.27089 -0.06380 0.17444
0.31916 -0.07776 0.17386
0.02451 0.08821 0.12558
0.38441 -0.00477 0.03115
0.23319 -0.11737 0.11564
0.21774 -0.17001 0.14433
-0.33864 -0.01999 0.15767
-0.32197 -0.02690 0.15915
-0.20968 -0.14284 -0.16735
0.38992 -0.11810 -0.05967
-0.16756 -0.08331 -0.11754
0.28519 -0.14989 0.16653
0.39402 -0.05888 -0.11396
-0.23922 -0.04384 0.11176
0.19386 0.01969 0.14394
0.33314 -0.16102 -0.11338
-0.05486 0.17992 0.02915
-0.26766 -0.16669 -0.17310
-0.35782 0.08890 -0.04775
-0.19856 -0.05667 0.16855
-0.02262 0.09839 0.11235
0.32751 -0.09255 -0.17175
0.18203 -0.09581 0.06618
0.18380 -0.07301 0.07168
0.18167 -0.10038 0.14188
0.18315 -0.08145 0.08555
0.18391 -0.07159 0.04874
-0.28560 -0.12226 -0.11129
-0.26936 -0.04347 -0.15598
-0.18855 -0.15904 -0.17676
-0.39710 0.00818 0.06307
0.37717 -0.01596 -0.12983
-0.21153 -0.03725 -0.15897
0.24111 -0.17271 -0.17138
-0.02731 -0.10630 0.15590
-0.04666 -0.10364 0.15669
-0.11531 -0.09454 0.15940
0.24784 -0.11095 0.13844
-0.19315 -0.18513 0.12498
-0.15310 -0.15064 0.12137
0.13555 0.18113 0.00323
0.20842 -0.15410 0.12165
0.38561 -0.03105 -0.10727
0.30363 -0.18984 -0.12544
0.39383 -0.11192 -0.08601
-0.21138 -0.14112 -0.13222
0.10884 0.08678 -0.07443
0.28069 -0.02049 0.15232
0.30650 -0.04903 -0.13962
-0.12049 -0.01944 -0.15910
-0.38083 0.05053 0.03339
-0.39044 0.02951 0.01692
-0.29104 -0.14447 -0.11217
0.31876 -0.14008 0.11080
-0.25579 -0.14866 0.16776
0.26249 -0.14969 0.13463
-0.14763 -0.06243 0.16342
-0.19635 -0.04949 -0.11299
0.24018 0.02133 0.02815
0.24343 0.02112 0.01768
0.33422 -0.13890 -0.11146
-0.30441 -0.10189 -0.13369
-0.36461 0.07403 0.01429
-0.36321 0.07588 0.02079
0.30803 -0.19212 -0.16728
-0.28469 -0.03502 -0.16532
0.27532 0.01549 0.10605
0.24608 0.01676 0.11943
-0.01621 0.08078 -0.12873
0.29073 -0.05524 0.11109
-0.22837 -0.06048 -0.00411
-0.22502 -0.06017 -0.04381
-0.23072 -0.06069 -0.02058
-0.25240 -0.06269 -0.03084
-0.22811 -0.06045 -0.01057
-0.24161 -0.06169 -0.07071
0.21980 -0.14950 -0.17151
-0.11509 0.09759 0.09304
-0.10194 0.09860 0.07902
-0.07203 0.09582 0.10804
-0.03234 0.09529 0.10855
-0.06026 0.09737 0.08772
-0.27588 -0.11364 -0.11331
-0.13108 -0.08591 0.05074
-0.29870 -0.04702 -0.14528
-0.25378 -0.07234 0.10723
-0.27833 -0.05409 -0.13257
-0.24867 -0.08622 0.12723
-0.35806 0.08257 -0.05209
-0.37107 0.06500 -0.00371
-0.35883 0.08257 -0.00222
0.34038 -0.15005 -0.16675
0.26572 0.01947 -0.01283
0.25055 0.02059 -0.01452
-0.27069 -0.05068 -0.16501
0.23479 -0.05267 -0.13213
-0.22226 -0.03940 -0.16482
-0.40794 -0.10128 0.03675
-0.24156 -0.09802 0.13215
0.20600 -0.03707 0.16042
0.21929 -0.08742 0.11432
-0.19798 -0.13985 0.13745
-0.18125 -0.17691 0.15530
-0.04712 0.19651 -0.00348
-0.31504 -0.05589 -0.16197
0.06788 0.09162 -0.11130
0.02172 0.09656 -0.08387
0.04389 0.09404 -0.09855
0.02305 -0.06140 0.04805
0.02317 -0.06189 0.08864
0.02634 -0.07505 0.05304
-0.15603 -0.15670 0.14407
-0.22621 -0.07569 -0.11830
-0.04147 0.09442 0.11648
-0.39531 -0.07884 -0.15117
-0.38334 0.04095 0.10977
-0.39010 0.02671 0.09737
-0.26694 -0.08014 0.02448
-0.30383 -0.13355 -0.13688
-0.30606 -0.10386 -0.15733
-0.33328 -0.10411 -0.15618
0.39094 -0.00855 0.04693
0.21005 -0.10372 -0.11024
0.32114 -0.05284 0.14642
0.30981 -0.04948 0.15729
0.21913 -0.06024 -0.13409
0.14299 0.18196 0.00460
-0.09114 0.11117 0.06631
0.38003 -0.01100 0.12211
-0.32183 -0.11799 -0.15075
0.21589 -0.12887 -0.17225
-0.28106 -0.02719 -0.02043
-0.28128 -0.02634 -0.04994
-0.29049 0.00818 -0.00334
-0.27646 -0.04443 -0.03417
-0.27558 -0.04774 -0.02494
-0.28318 -0.01923 -0.03913
-0.27364 -0.05503 -0.00901
-0.27547 -0.04814 -0.07018
-0.27302 -0.05731 -0.04630
-0.28592 -0.00896 -0.02774
-0.15413 -0.06586 -0.16409
-0.30256 -0.10743 0.14114
-0.39616 -0.05336 0.13091
-0.19672 -0.18449 -0.12122
-0.06785 0.09510 0.11492
0.15049 -0.00828 -0.15767
-0.17034 -0.10578 -0.11165
-0.27538 -0.15591 -0.17459
0.21004 -0.06779 0.15465
0.23900 -0.16881 0.17032
-0.18456 -0.18184 0.14342
-0.19273 -0.18428 -0.13243
-0.40417 -0.07420 -0.00409
0.20033 -0.10627 0.15938
0.39851 -0.05005 0.02744
0.31267 0.01191 0.06556
0.33031 -0.12643 -0.10824
-0.05969 0.09520 0.00925
-0.26756 -0.08849 0.10767
0.27499 0.01836 -0.05009
0.20779 -0.08621 -0.13944
-0.35728 0.01852 -0.14903
-0.24377 0.02447 -0.14704
-0.17051 -0.09087 -0.17511
-0.39454 -0.07227 -0.12427
0.31714 -0.05013 0.13817
0.34070 -0.16260 0.14825
0.28590 -0.08235 -0.16579
-0.18009 -0.05775 0.13377
0.04210 0.09645 -0.06806
0.23288 -0.07244 0.11222
0.37299 -0.01577 0.13256
-0.24424 0.09542 0.11505
-0.19160 -0.07699 0.02922
-0.18958 -0.07082 0.00137
-0.13975 -0.05869 0.16214
-0.26807 -0.18056 -0.12195
-0.03072 0.15937 0.02463
-0.26171 -0.06780 -0.11322
-0.15526 -0.07980 -0.16931
0.20065 -0.09965 0.14485
0.31586 -0.05119 -0.16399
0.24390 -0.19378 -0.11487
0.37938 -0.00168 0.00718
-0.04365 -0.06116 0.05056
-0.04256 -0.06226 0.06603
-0.21551 -0.13857 0.12796
-0.39742 0.01395 0.00046
0.19198 0.02500 0.13791
0.35167 0.00604 0.02151
-0.04399 -0.05920 0.16323
-0.15702 -0.09482 -0.12006
-0.15027 -0.11887 -0.14568
0.39600 -0.03626 -0.06854
-0.16416 -0.08354 0.16447
0.11263 0.08713 0.03918
0.40283 -0.06838 -0.00425
0.34176 -0.14785 0.17290
0.22359 -0.16859 0.12936
-0.40480 -0.08514 0.12840
0.37902 -0.00140 -0.00042
-0.26953 -0.04058 -0.13365
0.05934 -0.02485 -0.15980
-0.27867 -0.17120 -0.13921
-0.30180 -0.06383 0.16509
0.29031 -0.18077 -0.10715
-0.15315 -0.00146 0.05565
-0.15732 0.01451 0.04300
-0.15504 0.00578 0.08959
-0.14362 -0.03791 0.04963
-0.14676 -0.02590 0.04118
-0.15210 -0.00548 0.06411
-0.13614 -0.02125 0.03752
-0.28341 -0.16128 0.11953
0.22374 -0.12401 0.11557
0.24798 0.02002 0.06587
-0.20407 -0.10289 -0.12340
-0.25426 -0.18718 -0.14101
0.39332 -0.01156 -0.04215
-0.11464 0.10843 0.02013
-0.15711 0.10689 0.00037
0.04935 0.09757 -0.01556
0.06284 0.09677 -0.04162
0.03460 0.09825 -0.01071
-0.06021 -0.05798 0.03624
-0.07164 -0.05882 0.05164
-0.04853 -0.05712 0.06046
-0.05860 -0.05786 0.09025
-0.05019 -0.05725 0.10027
-0.05523 -0.05762 0.06088
-0.09573 -0.06059 0.05423
-0.26161 -0.10556 0.12803
-0.09650 0.10859 0.01939
-0.08194 0.10774 0.00071
-0.07350 0.10872 0.01720
-0.06780 0.10974 0.03506
-0.09922 0.10668 -0.01549
-0.10651 0.10557 -0.03462
-0.07232 0.10636 -0.02692
-0.14547 0.10534 -0.03077
-0.06300 0.10842 0.00948
-0.12118 0.10668 -0.01097
-0.21524 -0.11456 -0.14219
-0.37354 0.01031 0.15178
-0.31614 0.01146 0.15139
0.22430 -0.09576 0.17332
-0.23194 -0.10347 -0.12948
-0.28370 -0.17187 -0.13629
0.31317 -0.18729 0.14784
0.37924 -0.12385 -0.08175
-0.14345 -0.11609 0.15325
-0.03118 0.10657 -0.03889
0.40905 -0.07239 -0.00063
-0.30211 -0.09646 -0.17466
0.25754 -0.09390 0.12266
0.24436 -0.12534 -0.13831
0.29034 -0.06949 -0.11029
-0.25972 -0.07097 0.10805
-0.23711 -0.18849 0.16938
-0.25265 -0.18555 0.15965
-0.13450 -0.02011 0.15919
-0.14564 -0.11997 -0.14127
0.32949 -0.15024 -0.17286
0.26293 -0.04075 0.16667
0.29186 -0.17567 0.11764
0.13125 0.06927 -0.12115
-0.21958 -0.03769 -0.14536
0.32629 -0.11474 0.11264
-0.17845 -0.15070 0.16845
-0.27264 -0.05495 -0.11777
-0.39139 -0.10487 0.13799
0.29684 -0.12196 -0.12177
0.11640 0.08317 -0.07701
-0.09022 -0.06078 -0.03284
0.27000 -0.17094 0.17511
-0.20998 -0.14570 -0.11686
0.32362 0.01075 0.04844
0.30244 0.01414 0.05040
-0.29289 -0.07968 0.13841
-0.09739 0.10538 -0.05622
-0.30461 -0.11725 0.14270
0.20975 -0.09823 0.16723
-0.17530 -0.08135 0.16616
-0.25675 -0.10920 -0.13618
0.20073 -0.10941 -0.17019
-0.00528 0.18170 0.00902
-0.26355 -0.06125 -0.17366
-0.21946 -0.16873 0.16853
0.34568 -0.10080 0.12385
-0.05125 -0.00264 -0.15624
-0.02923 0.00135 -0.15485
-0.40870 -0.10034 0.00474
-0.28034 0.09391 -0.11245
-0.18853 -0.06888 0.10516
0.34002 -0.07577 0.12866
0.13513 0.00434 -0.06273
0.13310 -0.00627 -0.09113
0.13346 -0.00441 -0.11705
0.13137 -0.01530 -0.11608
0.13570 0.00732 -0.10610
0.13432 0.00012 -0.12427
-0.26578 -0.02347 -0.06822
-0.27361 0.00118 -0.09056
-0.27549 0.00714 -0.09876
-0.26281 -0.03284 -0.05014
-0.26677 -0.02034 -0.08641
-0.25880 -0.04546 -0.06649
-0.25666 -0.05221 -0.10554
-0.25338 -0.06255 -0.05945
-0.26549 -0.02439 -0.05297
0.39121 -0.02662 0.09345
-0.37155 0.03645 0.14270
-0.25419 -0.02617 -0.16462
-0.29641 -0.09410 0.15218
-0.40017 -0.00820 -0.01481
-0.28809 -0.00081 0.02995
-0.28217 -0.02300 0.06703
-0.28710 -0.00451 0.04998
-0.28196 -0.02378 0.09717
-0.29022 0.00715 0.07130
-0.28763 -0.00255 0.04383
0.24028 -0.18751 -0.13904
0.33030 -0.06577 -0.13901
0.19354 -0.12522 -0.13608
0.00683 0.06020 -0.09151
0.22525 -0.06582 0.17227
-0.31136 -0.01975 0.15868
-0.25222 -0.18550 0.13302
-0.29553 -0.08680 0.13037
-0.29638 -0.10027 0.16136
-0.24565 -0.19009 -0.15534
-0.18973 -0.04356 0.11692
-0.04674 0.19272 0.00504
0.38190 -0.03369 -0.11163
-0.04291 0.17994 -0.02682
-0.02448 0.14489 0.02175
-0.23398 -0.03518 -0.15651
0.39733 -0.03726 0.05787
0.30788 -0.13377 -0.15468
-0.14733 0.04477 -0.06275
-0.23466 -0.18840 -0.13339
-0.15666 -0.09503 -0.16432
-0.20688 0.00036 -0.15519
-0.33595 0.00416 -0.15386
-0.27872 0.00447 -0.15376
0.23282 -0.17001 0.11344
0.14252 0.01797 0.09510
0.13982 0.01613 0.12471
-0.19917 -0.09002 0.15883
-0.10635 0.09903 -0.07440
-0.10848 0.09663 -0.10363
-0.10072 0.09773 -0.08926
-0.07151 0.09572 -0.10917
-0.08804 0.09876 -0.07505
-0.10122 0.09941 -0.06914
-0.07210 0.09667 -0.09779
0.23150 0.02030 0.10169
-0.28520 -0.15703 -0.17325
-0.40982 -0.07554 -0.04225
-0.08211 0.17622 0.01501
0.40553 -0.09409 0.00571
0.04445 -0.12060 -0.14811
0.07185 -0.12069 -0.14803
0.37815 -0.12005 -0.11243
0.39040 -0.10883 -0.09705
-0.25089 -0.10175 -0.13386
-0.30158 -0.10619 0.12157
0.11127 0.08863 0.00263
-0.28513 -0.14541 0.10968
0.03612 -0.04356 -0.13147
0.03523 -0.05084 -0.13224
0.21787 -0.10675 0.17033
-0.03939 -0.09662 -0.15878
-0.10649 -0.09930 -0.15798
-0.09851 -0.10859 -0.15522
-0.08503 -0.10404 -0.15657
-0.38306 0.04069 -0.11848
-0.39150 0.02320 -0.10032
0.03915 -0.02320 0.15959
-0.30684 -0.12602 -0.16254
0.11202 0.00092 0.05644
0.24517 -0.12031 0.13407
0.27401 -0.18100 -0.10847
0.25785 0.00990 0.13739
0.27206 0.01289 0.12850
-0.39934 -0.06303 0.14213
0.21335 -0.09859 -0.10944
-0.29934 -0.10838 0.12879
-0.14007 -0.05150 -0.09985
-0.14752 -0.02299 -0.11526
-0.14389 -0.03688 -0.10399
-0.14895 -0.01753 -0.11963
-0.14623 -0.02792 -0.07908
-0.14012 -0.05132 -0.10564
-0.14744 -0.02331 -0.10937
-0.14067 -0.04922 -0.11791
-0.14537 -0.03123 -0.09718
0.34012 -0.07956 -0.13043
-0.29578 -0.07447 -0.17439
0.38503 -0.00692 0.08418
0.33805 -0.14460 0.11024
-0.16128 -0.06634 0.12456
-0.39465 -0.06993 0.08362
-0.22929 -0.02696 -0.16539
0.25461 -0.08820 0.15978
0.25988 -0.04024 -0.12052
-0.19071 -0.04110 -0.12346
0.13259 -0.02578 0.07019
0.23067 0.00188 0.15080
0.23404 -0.06863 -0.10941
0.18175 0.04277 0.06600
0.18544 0.04009 0.07091
0.14692 0.06529 0.06221
0.17000 0.04990 0.07170
0.27284 -0.07736 0.13803
-0.20382 -0.05005 0.16991
0.32154 -0.17802 -0.16893
-0.25160 -0.08935 -0.16059
-0.25052 -0.00371 0.15662
-0.27474 0.00517 0.15351
-0.23466 0.00439 0.15378
0.28571 -0.10197 0.14139
-0.39066 -0.11233 -0.04055
-0.22273 -0.12730 -0.14219
0.09905 0.09252 -0.05210
-0.16639 -0.10453 -0.17660
-0.22741 -0.14066 -0.12184
-0.05542 0.16785 0.00038
-0.18625 -0.17970 0.11753
0.20078 -0.13228 0.13304
-0.30178 -0.04854 0.16329
0.13893 -0.13043 -0.15214
0.22789 -0.09821 -0.17162
0.22037 -0.16771 -0.16435
0.40476 -0.07105 0.00620
0.14263 0.02447 0.19567
-0.15765 -0.12049 0.10726
0.31516 -0.17280 -0.16810
-0.23076 -0.14736 0.15752
-0.24437 -0.04056 0.13945
0.09897 0.07503 0.12927
0.23699 -0.05692 0.11765
-0.28912 -0.15990 0.13396
0.39308 -0.04722 0.09919
0.30775 -0.04691 0.14205
-0.14558 0.09665 0.10033
-0.14340 0.09765 0.08871
-0.18309 0.09661 0.09504
-0.12958 0.09741 0.09372
-0.20768 0.09539 0.10588
-0.30191 0.09367 0.11202
-0.27977 0.09413 0.10991
-0.14698 0.09600 0.10796
-0.12076 0.09694 0.10071
0.21690 -0.11264 -0.10898
-0.24317 -0.11536 0.12830
0.20217 -0.09862 0.12388
-0.28521 -0.09673 -0.11202
0.30112 -0.12700 -0.13268
0.26461 -0.05842 -0.16583
-0.19618 -0.12201 -0.14347
-0.25269 -0.11460 -0.13411
-0.17927 -0.16085 -0.11292
0.27922 -0.07004 -0.17055
-0.39856 -0.02097 -0.10128
-0.03065 0.17825 -0.01015
0.27620 -0.06451 -0.10830
-0.20932 -0.12839 -0.14023
0.22581 -0.17326 0.13683
-0.18779 -0.06292 0.10627
-0.39955 -0.10359 0.07080
-0.16899 -0.16232 0.14944
0.28492 -0.20042 -0.15746
0.22607 -0.17921 0.14078
-0.15477 -0.01650 -0.15893
-0.21124 -0.03682 0.16811
-0.27742 -0.15195 0.11203
-0.28667 -0.05071 0.15701
-0.28759 -0.05207 0.14126
-0.19789 -0.09646 -0.14217
-0.19091 -0.07702 0.10738
0.37437 -0.00040 -0.07857
0.21457 -0.06798 0.13506
-0.29686 -0.07022 -0.15101
-0.17594 -0.02294 -0.15988
0.28173 -0.08063 -0.11288
-0.11647 -0.08465 -0.13324
-0.10231 -0.08074 -0.13324
0.29583 -0.06159 -0.11575
0.33906 -0.13163 0.16549
-0.26015 -0.05156 0.16325
0.38944 -0.11970 -0.04485
0.24101 -0.11362 -0.14844
0.20773 -0.15260 0.13675
0.26879 -0.01333 0.15233
0.32352 -0.17405 0.17098
-0.14762 -0.11049 0.14092
-0.29246 -0.15165 -0.16355
0.25402 -0.12310 0.14173
0.32936 -0.07109 -0.16510
-0.21800 -0.12341 0.12800
0.32605 -0.03796 0.15765
-0.21750 -0.14382 -0.13389
-0.04516 -0.09664 -0.02000
0.25869 -0.13357 -0.13851
-0.14864 -0.09896 -0.14682
0.30966 -0.18800 0.14126
0.21673 -0.12755 -0.10843
0.28319 -0.13789 0.13942
0.25826 -0.12156 -0.15014
-0.01154 0.13408 0.02196
0.25004 -0.04219 -0.13278
-0.28076 -0.06920 0.11336
0.23572 -0.17736 -0.17058
0.23787 -0.04914 0.16155
-0.29612 -0.02992 -0.16100
0.28785 -0.13552 -0.14263
-0.22747 -0.04713 -0.11235
-0.19629 -0.04277 -0.12423
-0.15072 0.09584 -0.10936
-0.19538 0.09622 -0.09784
-0.13211 0.09931 -0.07050
-0.15628 0.09884 -0.07236
-0.14924 0.09804 -0.08303
-0.12485 0.09886 -0.07705
-0.22537 0.09551 -0.10171
-0.19398 0.09753 -0.08229
-0.13323 0.09696 -0.09849
-0.24269 0.09541 -0.10025
-0.15648 0.09820 -0.08011
-0.27747 -0.06923 -0.11115
-0.19234 -0.10815 -0.15683
-0.28512 -0.08569 0.16866
0.27185 -0.11236 -0.12495
0.26198 -0.02948 0.16239
-0.16277 -0.16106 0.14055
0.32458 -0.06388 -0.11851
0.34854 -0.14885 0.14133
0.26457 -0.07432 -0.11011
0.33403 0.00453 0.12330
0.30053 0.00934 0.12581
-0.25138 -0.11700 0.11783
-0.23764 -0.17434 -0.17509
0.37926 -0.03699 -0.12788
0.26519 -0.04160 -0.12447
0.40222 -0.06779 -0.02183
0.21847 -0.07941 0.17641
0.27060 -0.03453 0.16981
-0.33478 0.09241 0.11807
-0.24344 -0.08646 0.15985
-0.23916 -0.12230 0.13740
-0.25879 -0.06238 0.10745
0.24854 -0.04977 0.17539
-0.23402 -0.07466 0.10989
-0.39146 -0.08716 -0.04527
-0.39198 -0.07030 -0.04590
-0.39169 -0.07960 -0.01786
-0.39206 -0.06779 -0.01352
-0.39217 -0.06426 -0.04564
-0.39171 -0.07920 -0.02703
-0.39246 -0.05471 -0.00450
0.19837 -0.08955 0.13524
-0.09306 -0.06208 0.16226
-0.27991 -0.06103 0.13236
0.29185 -0.05538 0.17578
0.30576 -0.10520 0.11852
0.33375 -0.10753 0.10984
-0.23007 0.09334 -0.11913
-0.21709 -0.18686 -0.14441
0.34933 0.00647 -0.03098
0.35461 0.00544 -0.01547
-0.30430 -0.09765 0.13643
-0.28030 -0.08041 0.17138
0.25418 -0.17943 -0.17137
-0.23159 0.09419 0.11549
-0.27407 -0.15528 0.16326
-0.09708 0.01120 -0.14741
0.33134 -0.12443 0.17137
0.23071 -0.14592 -0.11014
-0.13622 0.10836 0.02334
-0.10876 0.10915 0.03231
0.28733 -0.04836 -0.17154
-0.19835 0.10268 -0.11419
0.33985 -0.16776 -0.14980
-0.27349 -0.07520 -0.11207
0.07658 0.00950 0.14818
0.22048 -0.15797 -0.11034
0.38753 -0.11937 0.05953
0.28995 -0.06454 -0.17157
0.35449 -0.09838 0.15155
-0.24916 -0.07023 -0.17290
0.00377 0.03210 0.05837
-0.39875 -0.09229 0.14276
-0.30299 -0.09866 0.15572
-0.17201 -0.05853 0.12931
-0.29261 -0.05950 -0.11740
-0.29104 -0.05718 -0.11220
0.02405 0.09488 0.10046
0.06317 0.09247 0.10477
-0.14863 -0.13517 0.16658
-0.05165 -0.11836 -0.15028
-0.07668 -0.12046 -0.14825
-0.09866 -0.11582 -0.15274
0.05046 -0.02058 0.15759
0.01904 0.09870 0.02040
0.02351 0.09832 0.03373
0.03881 0.09748 0.05230
0.21756 -0.09824 0.11267
-0.15054 -0.12940 -0.14565
0.22018 0.01819 0.11303
0.27535 -0.15264 -0.15808
0.24518 -0.16411 0.17571
-0.35969 -0.06614 -0.16092
-0.16768 -0.11570 0.16334
-0.04153 0.16379 0.02020
0.00020 -0.03362 -0.16093
-0.00751 -0.00730 -0.15754
0.00375 -0.01222 -0.15817
0.40959 -0.08976 0.03035
0.14638 -0.03424 0.08510
0.22991 0.02202 0.08801
-0.15848 -0.13852 -0.12531
0.24529 -0.04572 0.12314
-0.01024 0.16471 0.01954
0.21479 -0.08166 -0.12195
-0.15450 -0.05576 0.16513
-0.02562 0.09994 -0.00819
0.39710 -0.08533 0.11324
-0.29318 -0.13883 -0.11618
-0.17909 -0.14560 -0.17606
-0.30569 -0.08706 -0.14015
-0.20687 -0.19589 0.13572
-0.17677 -0.16670 -0.12605
0.02240 -0.03150 -0.03588
0.24148 -0.18169 0.16415
-0.37311 0.06158 0.04016
-0.37524 0.05847 0.05446
-0.37084 0.06462 0.05644
0.29374 -0.11496 0.14124
0.28945 -0.04685 -0.16408
0.14726 0.02440 -0.14672
-0.27189 -0.11350 0.16917
0.27980 -0.12413 -0.12989
-0.28590 -0.07714 0.16342
-0.29702 -0.11292 -0.17207
-0.24116 -0.18588 -0.13217
-0.28895 0.01475 -0.06514
-0.30935 -0.12621 -0.14098
0.10310 -0.05718 -0.00529
0.10840 -0.04636 -0.00096
-0.26465 -0.14805 -0.17524
-0.16557 -0.14531 -0.11604
0.19490 -0.10923 -0.14001
-0.23820 -0.13204 -0.12515
-0.26661 -0.04723 -0.11257
0.40683 -0.08439 0.06970
0.24710 -0.08885 0.13997
0.19848 -0.12354 0.13699
-0.19243 -0.04265 0.10773
0.37395 -0.06101 -0.14425
0.10538 -0.00101 0.15567
0.05535 -0.00364 0.15659
0.14027 -0.00281 0.15630
-0.15208 -0.12876 0.11386
0.31177 -0.18765 0.15757
0.10815 0.08919 -0.04586
0.21758 -0.14314 0.11570
-0.19487 -0.10714 -0.13782
0.23267 -0.09918 -0.11011
-0.00737 -0.00805 0.15764
0.22911 -0.03355 0.16496
-0.13663 -0.06465 -0.08724
-0.13571 -0.06819 -0.09841
0.38947 -0.05048 -0.11604
0.10175 0.08339 -0.12254
0.22447 -0.17796 0.15339
0.25526 -0.13264 -0.13024
-0.17804 -0.12435 -0.17364
-0.29468 0.09606 -0.06429
-0.18146 0.09815 -0.07615
-0.26227 0.09638 -0.07456
-0.17720 0.09867 -0.06565
-0.24168 0.09658 -0.08134
-0.31325 0.09559 -0.06535
-0.26590 0.09552 -0.09394
-0.21072 0.09808 -0.06129
-0.23508 0.09756 -0.06066
-0.19937 0.09799 -0.07011
-0.30375 0.09626 -0.05402
-0.21831 0.09700 -0.08419
-0.33058 0.09387 -0.09852
-0.20303 0.09749 -0.08049
-0.20458 -0.02936 0.16747
-0.16217 -0.07683 -0.14316
0.25650 -0.17428 -0.17150
-0.29501 -0.14594 0.13380
-0.21824 -0.03606 0.11341
-0.30266 -0.10635 0.16367
-0.26650 -0.08178 -0.03443
-0.26693 -0.08017 -0.09621
-0.26743 -0.07828 -0.08072
0.33555 -0.00166 0.13767
0.20275 -0.09550 0.17280
0.22662 -0.15459 0.16618
0.17200 -0.01013 -0.15790
0.19273 -0.03609 -0.16124
0.10889 -0.02895 -0.16033
0.18476 -0.01504 -0.15854
0.13268 -0.03494 -0.16110
-0.10610 0.10421 0.06992
-0.32483 0.04396 0.14068
-0.24700 0.03120 0.14480
-0.26503 0.03069 0.14497
-0.33055 0.03362 0.14403
-0.30607 0.03094 0.14489
0.01461 0.02640 0.09015
0.29276 -0.00877 0.14822
0.31933 -0.06947 -0.16240
0.04897 0.01153 0.14732
0.01478 0.02294 0.04163
-0.19323 -0.15761 0.10574
0.21331 -0.12792 0.11135
-0.36798 -0.06773 0.15098
-0.37291 -0.09296 0.14753
-0.38378 0.04218 0.08404
-0.17156 -0.06138 -0.12711
-0.36363 -0.03285 -0.15637
-0.30509 -0.03884 -0.16120
-0.26027 -0.14387 -0.17277
0.27325 -0.19812 -0.13559
-0.24831 -0.10931 -0.13336
-0.39957 -0.00282 -0.02614
0.06447 -0.07279 -0.13324
0.03436 -0.06584 -0.13324
0.25625 -0.05131 0.11284
0.26543 -0.12652 0.13344
-0.39673 -0.06311 0.01148
-0.16025 -0.07483 0.15148
-0.06399 0.19498 0.01281
-0.16736 -0.13315 0.10501
0.00924 0.02521 0.04883
0.01303 0.02521 0.06438
0.27184 -0.14692 -0.13200
0.38423 -0.04993 0.12995
-0.25816 -0.17375 -0.11457
0.26655 0.01716 0.10042
0.27037 -0.03818 0.14899
0.22855 -0.15451 -0.10844
0.30021 -0.04664 -0.13801
0.20402 -0.08739 0.13315
-0.27142 -0.00571 0.04832
-0.27058 -0.00834 0.07203
-0.26371 -0.02999 0.07432
-0.25614 -0.05385 0.10275
-0.26365 -0.03019 0.10182
-0.27395 0.00227 0.06795
-0.15877 -0.10887 -0.11545
-0.22944 -0.15178 -0.11622
0.29232 -0.06967 0.17261
0.28738 -0.04203 0.12718
0.30373 -0.19132 -0.14273
0.39007 -0.01718 0.09174
-0.20119 -0.17333 -0.12124
0.20090 -0.12241 -0.15911
0.12105 0.08041 0.07917
0.24853 -0.11577 -0.13112
-0.18763 -0.04728 0.14647
-0.37943 -0.06724 -0.15869
0.31808 -0.09342 -0.11053
-0.26005 -0.09579 0.11106
-0.15468 -0.11999 0.11211
0.14075 0.01676 -0.10509
0.14374 0.01880 -0.05806
0.06862 0.09679 0.01106
0.05562 0.09741 0.00344
0.06535 0.09676 0.03066
0.26188 -0.14689 0.11866
0.34261 -0.16008 -0.12349
0.33974 -0.07964 0.11812
0.26149 -0.02528 -0.15883
0.23966 -0.18660 -0.15502
0.32895 -0.16706 0.15755
-0.13125 -0.08529 0.09023
-0.13257 -0.08023 0.06442
0.40289 -0.10255 -0.03744
0.30049 0.01424 -0.05651
-0.39677 -0.02670 0.01818
0.11424 -0.05678 -0.08377
-0.39630 0.01450 0.06935
0.22217 0.01478 -0.14029
0.38193 -0.00892 -0.10686
-0.28229 -0.06453 0.15112
-0.26603 -0.08639 -0.17295
0.30120 -0.18665 0.13928
-0.26570 -0.10621 -0.15483
0.35104 -0.12193 -0.15177
-0.19074 -0.04194 -0.14387
0.10014 0.07218 -0.13087
-0.28142 -0.05874 0.15640
-0.23793 -0.10862 0.14841
0.19069 0.03045 -0.12419
-0.26810 -0.07797 0.10696
0.14792 0.17859 0.00654
0.39517 -0.02807 -0.04240
0.18157 0.03005 -0.13967
-0.20385 -0.18027 -0.14955
0.25851 -0.18636 0.16718
0.34346 -0.15796 0.13429
-0.31720 -0.08001 0.15260
-0.21796 -0.18234 -0.17166
-0.18937 -0.00603 -0.15737
-0.17927 -0.10373 -0.17400
-0.28834 -0.13473 -0.17446
0.32516 -0.15430 0.11126
0.35221 0.00500 0.06369
-0.22121 -0.17418 0.17003
0.02620 -0.07444 -0.07989
0.02872 -0.08489 -0.08918
0.02697 -0.07763 -0.10407
0.22857 -0.01670 0.15602
-0.03596 0.10792 0.04510
0.24157 -0.12642 0.13876
-0.23864 -0.17920 -0.11406
-0.10739 -0.12602 -0.15119
-0.05127 -0.12546 -0.15017
-0.25440 -0.10857 -0.14471
-0.15831 -0.04606 0.14206
-0.15313 -0.13128 -0.17354
0.21375 -0.07559 -0.12612
-0.01654 0.11409 -0.00869
0.29511 -0.19185 -0.15971
-0.19498 -0.04504 0.15304
-0.20580 -0.11041 -0.13386
0.29370 -0.14680 -0.15815
-0.24940 -0.18134 0.11218
0.31527 -0.00754 0.14460
0.22926 -0.18135 -0.13310
-0.20582 -0.03703 0.16477
0.32864 -0.06117 -0.15594
-0.20352 -0.11737 0.13606
0.33077 -0.17581 0.14845
0.26139 0.01240 -0.13243
-0.30533 -0.13093 -0.11469
0.30861 -0.10137 0.14513
0.32146 -0.00896 -0.14440
0.27469 -0.00852 -0.15058
-0.17102 -0.06843 0.11001
0.31460 -0.16956 0.11309
0.28520 -0.05339 -0.11009
0.27281 -0.14009 -0.13856
-0.05243 0.16270 -0.01558
-0.26174 -0.04333 0.12343
-0.20381 -0.18933 0.14090
0.19991 -0.14543 0.14193
0.34608 -0.11416 -0.16710
0.26576 -0.00426 -0.14980
-0.25452 -0.05347 -0.17636
0.13439 -0.03590 0.12206
0.13143 -0.02981 0.11876
-0.30154 -0.10013 0.12334
0.21729 -0.15752 -0.16864
0.39210 -0.11663 0.07257
-0.38141 0.04510 -0.11227
-0.38360 0.04191 -0.09189
-0.25399 -0.08896 0.11155
-0.29617 -0.15507 -0.15191
-0.18257 -0.16909 -0.17219
-0.26619 -0.06230 -0.10768
-0.25509 -0.06139 -0.10757
-0.19701 -0.03838 -0.16388
0.27324 -0.04854 0.16887
-0.17391 -0.11747 0.10747
0.28569 -0.15030 -0.15264
-0.06469 -0.02547 -0.15988
0.40981 -0.07765 0.02358
0.31135 -0.12741 -0.16483
0.29301 -0.15114 -0.13481
0.38301 -0.11151 -0.11212
-0.18481 -0.06529 -0.16881
0.30517 -0.18383 0.12553
0.35114 -0.10659 -0.13220
0.23302 -0.16202 0.16672
0.30600 -0.05466 -0.16853
-0.28931 -0.12714 0.10674
-0.29823 -0.04642 -0.16396
-0.05798 0.09891 -0.02780
-0.40008 -0.01891 -0.01728
-0.12351 0.01846 0.14909
-0.29591 -0.07252 0.11193
0.33558 -0.16652 -0.13557
-0.14651 0.09943 -0.05634
-0.25132 -0.08478 -0.13602
-0.12668 -0.07362 0.16157
-0.14946 -0.12865 -0.13330
-0.00571 0.18522 -0.00210
0.19658 -0.12454 0.16867
0.29849 -0.15412 0.11260
-0.38796 -0.03448 0.15088
-0.26250 -0.05559 -0.11120
-0.11341 0.07912 -0.12903
0.34807 -0.12433 -0.15866
0.38967 -0.02687 -0.10124
-0.17670 -0.15955 0.10634
0.32343 -0.05985 -0.14863
-0.25559 -0.16424 -0.11203
0.34221 -0.15543 -0.12766
0.22351 0.00991 0.14616
0.33684 -0.03297 -0.14999
0.20983 -0.14658 0.11444
0.32192 -0.13406 0.11247
-0.31781 -0.00811 0.15615
-0.29297 -0.00712 0.15643
-0.39514 0.00927 0.11894
0.34762 -0.08463 -0.13900
-0.14113 -0.04746 0.06355
-0.15066 -0.01097 0.09611
-0.15263 -0.00346 0.11794
-0.13801 -0.05938 0.10720
-0.13727 -0.06220 0.08967
-0.14347 -0.03851 0.06523
-0.14418 -0.03578 0.10542
-0.14339 -0.03879 0.12387
0.24744 -0.10632 -0.11748
-0.26617 -0.05161 -0.11818
-0.26334 -0.05012 -0.12469
0.23153 -0.17549 -0.11176
0.24877 -0.09042 0.13241
0.34444 -0.00608 -0.13787
0.21841 -0.00358 -0.14461
-0.20881 -0.12767 -0.12375
-0.19886 0.09959 0.01159
-0.32067 0.09751 0.00690
-0.15154 0.10064 0.00665
-0.33066 0.09726 0.00894
-0.23370 0.09891 0.01263
-0.30571 0.09664 0.03958
-0.17648 0.10031 0.00280
-0.18913 0.09996 0.00620
0.31199 -0.05403 0.17411
0.34968 -0.12348 0.12301
0.27917 -0.06757 0.11281
0.30604 -0.12052 -0.14724
0.30311 -0.19258 -0.17058
-0.14528 0.10892 0.03565
-0.16019 0.10825 0.02624
0.27564 -0.04278 -0.14383
-0.26240 -0.11864 0.13157
-0.27504 -0.06232 -0.10964
-0.20105 -0.10046 -0.10964
-0.25020 -0.09039 -0.10964
-0.28971 -0.07510 -0.10964
-0.23286 -0.08225 -0.10964
-0.29882 -0.05682 -0.10964
-0.24163 -0.08873 -0.10964
-0.20797 -0.18271 0.15632
-0.24514 -0.18512 -0.14517
-0.14832 0.01682 -0.04566
0.20741 -0.07721 0.11669
0.24501 -0.10736 -0.12771
-0.27515 -0.13453 0.10976
-0.28615 -0.12948 -0.17378
0.32164 -0.18147 0.15073
-0.28234 0.10139 0.11446
-0.36046 -0.05791 -0.15811
-0.19515 -0.18937 0.12031
0.21563 -0.17178 -0.12346
-0.23534 -0.04416 0.16797
0.33993 -0.04958 -0.13522
0.25595 -0.13168 0.13387
-0.40292 -0.07395 0.02009
-0.24482 -0.17954 -0.16730
0.25392 -0.16129 0.11426
-0.39536 -0.06491 -0.09100
-0.27477 -0.17375 0.14058
-0.21925 -0.17384 -0.11587
-0.02300 0.10015 0.01734
-0.02688 0.09994 0.03192
-0.00817 0.09952 0.04845
-0.03363 0.09991 0.03692
-0.00149 0.09993 0.02035
-0.04515 0.10015 0.02781
-0.05665 0.09991 0.04816
0.39318 -0.05385 -0.10375
0.33404 -0.17140 -0.11642
0.32451 0.01058 0.07947
0.08706 0.07631 0.12993
-0.28790 -0.05938 -0.13663
0.04351 -0.11487 -0.15335
0.18339 -0.10152 -0.15732
0.14282 -0.11449 -0.15347
0.10576 -0.10779 -0.15546
0.38773 -0.01100 0.09353
0.22594 -0.09872 0.11454
-0.24557 -0.12816 -0.12442
0.21717 -0.15610 0.11684
0.26869 -0.19359 -0.14227
0.39190 -0.11359 -0.09184
-0.35614 0.09521 -0.01159
-0.29052 -0.15424 -0.14714
0.34088 -0.07481 0.13727
-0.25975 -0.12772 -0.14273
0.19113 -0.08237 0.16079
0.34632 -0.10632 0.12572
0.22553 -0.05679 0.12289
-0.23789 -0.08701 -0.14219
-0.16601 -0.06922 -0.12823
0.20228 -0.07883 0.13390
0.27963 -0.07944 0.16403
-0.37384 -0.10953 0.14921
-0.20421 -0.18648 0.13339
0.32953 -0.14866 -0.10845
0.30965 -0.18216 -0.12345
0.27052 -0.04674 0.11345
-0.26380 -0.12823 -0.11648
-0.22670 -0.16460 -0.11219
0.30721 -0.11706 0.16135
0.09770 0.08922 -0.09149
-0.36622 -0.06223 0.15942
0.34818 -0.13682 0.15421
0.20235 -0.13469 0.15753
0.40914 -0.09256 -0.01186
0.28675 -0.12666 0.12731
0.26889 -0.13970 0.13738
-0.02709 0.14993 0.02050
-0.18033 -0.12210 0.16522
0.25051 -0.04922 0.11504
0.31992 0.01186 0.00232
0.34302 0.00809 0.00385
0.33918 -0.16809 -0.13045
0.27873 -0.10528 0.14556
-0.19192 -0.06327 -0.01176
-0.19522 -0.06002 -0.00371
0.08072 0.09389 0.08524
0.07671 0.09155 -0.10775
0.04738 0.09598 -0.07922
0.06833 0.09285 -0.09928
0.36226 -0.07688 -0.14830
-0.23463 -0.15112 0.14356
-0.38684 -0.04394 0.15159
-0.23580 -0.11911 -0.14219
0.25000 0.02065 0.07455
0.21942 -0.15107 -0.16340
0.16578 -0.04894 -0.10301
0.15214 -0.04894 -0.10012
0.16126 -0.04894 -0.07581
0.15769 -0.04894 -0.08250
-0.23512 -0.03188 0.16831
-0.17529 -0.17569 0.11811
-0.40149 -0.07389 -0.07560
0.00998 0.18012 -0.00555
-0.39237 -0.01981 0.08976
-0.39082 -0.03370 0.10681
-0.39185 -0.02766 0.09392
-0.39223 -0.06030 0.07287
-0.39119 -0.01441 0.11028
-0.39041 -0.02427 0.11750
0.01008 0.02521 -0.07738
0.00405 0.02521 -0.06651
0.23014 0.02207 -0.08837
0.28223 -0.03993 -0.14206
0.33988 -0.07929 -0.15247
0.21571 0.01767 -0.12589
0.33298 -0.08255 -0.11585
0.25591 -0.03844 -0.16402
0.22201 0.01142 -0.14521
0.01568 0.08877 -0.12589
0.35273 -0.09968 0.15755
-0.39514 -0.06927 -0.06514
-0.39668 -0.05951 -0.06289
0.26876 -0.11636 0.13991
-0.30600 -0.09360 0.14940
-0.30640 -0.09730 0.11447
-0.25070 -0.18530 -0.15070
-0.28860 -0.07132 0.14717
0.39666 -0.11426 0.03370
-0.29405 -0.07571 -0.16127
0.34808 -0.12549 0.15713
-0.03081 0.12725 -0.01019
-0.03909 0.15568 -0.01671
-0.30384 -0.10463 -0.12501
-0.30154 -0.08858 -0.12149
0.26219 -0.15291 0.11583
-0.17491 -0.07462 -0.11093
0.27574 -0.19413 -0.15293
-0.35136 0.09340 0.10771
-0.24140 -0.08924 0.15395
0.27177 -0.08241 -0.16191
-0.36519 -0.03178 0.15616
-0.30993 -0.03861 0.16082
-0.24125 -0.12107 0.12843
0.31005 -0.04179 0.15311
-0.24665 -0.16940 -0.11217
-0.19249 -0.16913 -0.17340
-0.15019 -0.08407 0.12802
0.35285 -0.04959 -0.14641
-0.40463 -0.07444 0.06487
-0.18693 -0.05493 0.16496
0.38090 -0.05827 0.13763
0.31370 -0.05711 -0.12288
0.20384 -0.12683 0.12949
0.39099 -0.08814 -0.12812
-0.18226 -0.14414 0.16830
0.28386 -0.12055 0.14394
-0.31173 0.09345 0.11299
0.39287 -0.05731 0.11364
-0.36917 0.06496 -0.09844
-0.37465 0.05731 -0.09960
-0.08840 0.09242 0.06747
0.22082 -0.13776 -0.10882
-0.23324 -0.17685 -0.16426
-0.28100 -0.16381 -0.16499
-0.21989 -0.01580 -0.15866
-0.01459 0.18758 -0.00580
-0.20887 -0.16825 0.16813
-0.18659 -0.14031 -0.17308
-0.39136 0.01971 0.12950
0.25663 -0.11517 0.12713
0.39855 -0.03011 -0.02464
-0.17568 -0.11974 -0.11208
0.28097 -0.19678 -0.13472
-0.28032 -0.14979 -0.11188
-0.20155 -0.05832 -0.11525
0.26842 -0.03932 0.12650
0.21280 -0.16038 -0.11127
0.10698 -0.01781 0.09716
-0.23134 0.09238 0.12178
-0.16537 -0.06229 0.11846
0.15447 -0.06263 0.16335
-0.39743 -0.07319 0.11149
-0.15368 -0.10309 0.16393
0.25733 -0.19024 0.12653
-0.39180 -0.02436 -0.09624
-0.39185 0.00531 -0.10952
-0.38970 -0.05565 -0.11352
-0.39109 -0.00889 -0.11439
-0.39124 -0.02424 -0.10489
0.33680 -0.00997 0.14195
-0.22996 -0.18731 0.15474
-0.20879 -0.04624 -0.17280
-0.16181 -0.15804 -0.13513
-0.22026 -0.05570 0.10505
0.25367 -0.09108 -0.16295
-0.22070 -0.09822 -0.14395
-0.29001 -0.14204 0.12007
0.24743 -0.18999 -0.15265
0.19695 -0.12468 0.15019
-0.13815 0.10538 0.07642
0.15632 0.03213 0.17570
-0.35429 0.08748 -0.07733
-0.23973 -0.08900 0.10964
-0.19992 -0.07982 0.10964
-0.17389 -0.06041 0.10964
-0.22110 -0.07949 0.10964
-0.29568 -0.09898 0.10964
-0.16472 -0.07377 0.10964
-0.17998 -0.08965 0.10964
0.21467 -0.10411 0.11268
0.30981 -0.16801 -0.11311
0.38981 -0.02711 0.10079
0.30307 -0.06014 0.11581
0.34991 -0.09698 0.12982
-0.17187 -0.16240 -0.15946
-0.39603 -0.02279 0.02864
-0.39603 -0.03454 0.04533
-0.22688 -0.16739 -0.17558
0.23662 -0.05064 0.13232
0.31671 0.01097 -0.09465
-0.22389 -0.03439 -0.15294
0.33007 -0.08409 0.11078
-0.15417 0.00246 -0.07084
-0.15411 0.00223 -0.10167
-0.14225 -0.04317 -0.04235
-0.14099 -0.04797 -0.04720
-0.15105 -0.00951 -0.05150
-0.15214 -0.00531 -0.04270
-0.14434 -0.03515 -0.04947
0.22160 -0.15214 0.11556
0.13659 -0.01042 0.15794
-0.16093 -0.06551 0.13329
-0.12014 0.11081 0.06558
-0.17957 -0.08125 0.10952
0.17522 0.01685 -0.14941
-0.21845 -0.16172 -0.11433
-0.40695 -0.09456 0.01423
0.14079 0.06514 -0.11190
0.19211 0.03299 -0.10597
0.18177 0.03722 -0.11947
0.17617 0.03915 0.12558
-0.38660 -0.11299 -0.10979
-0.04122 0.10538 0.03715
0.23020 0.02026 0.00975
0.38268 -0.00929 0.10643
0.33177 -0.11021 -0.11079
0.19481 0.01238 -0.12192
0.20852 0.00775 -0.07452
0.21186 0.00662 -0.09441
0.19511 0.01228 -0.09767
0.21410 0.00587 -0.11015
0.21137 -0.01681 -0.15728
-0.37797 0.01513 -0.14940
-0.23055 -0.09104 0.13149
0.38050 -0.00270 -0.03235
0.33508 -0.12659 -0.16356
-0.31597 0.10010 0.11428
0.32553 -0.07546 -0.11010
0.31613 -0.18491 -0.14230
0.32287 -0.14049 -0.10851
0.29228 -0.19040 0.14801
-0.21313 -0.09810 0.13624
0.28326 -0.09443 -0.13222
-0.15651 -0.11182 0.16063
-0.27734 -0.13055 0.16969
-0.22710 -0.08056 0.12795
0.30528 0.00461 -0.13475
0.30749 -0.04075 0.14127
0.23738 -0.05448 -0.11997
-0.03101 0.13111 0.00224
-0.18348 -0.04831 0.12024
-0.39814 -0.00164 -0.06314
0.29357 -0.17599 -0.17203
-0.25029 -0.06115 0.10668
0.21690 -0.16558 0.17493
0.40376 -0.09129 0.08455
-0.22025 -0.12738 -0.12772
-0.19074 -0.14879 0.16663
0.34503 -0.01591 -0.14333
0.22717 -0.07108 -0.11017
0.35319 0.00286 0.10008
0.28512 -0.12819 0.14552
0.25277 -0.13893 0.16203
0.10594 -0.01937 0.07563
0.25765 -0.09385 0.13384
-0.13197 -0.08252 -0.07434
-0.13524 -0.06999 -0.12201
-0.07231 0.10543 -0.04413
0.37455 -0.07616 0.14487
0.34708 -0.02180 0.14461
0.34450 -0.10387 -0.11824
0.28150 -0.03918 0.16230
-0.15009 -0.12874 0.15473
-0.27061 -0.11330 0.10909
-0.00706 0.03814 0.14018
0.05135 -0.05952 -0.06625
0.08695 -0.05670 -0.04394
0.09126 -0.05636 -0.05174
0.08025 -0.05723 -0.06372
0.04846 -0.05975 -0.05616
0.04142 -0.06031 -0.07664
0.04740 -0.05984 -0.09671
-0.22636 -0.13267 0.12816
0.39917 -0.04734 0.00042
0.25467 -0.08762 -0.13620
0.38229 -0.12148 0.08597
0.24298 -0.17181 0.17613
0.20329 -0.09458 -0.12932
-0.23857 -0.04025 0.15359
-0.21985 -0.14327 -0.15611
0.24232 -0.12884 -0.15907
-0.13077 -0.05421 -0.03376
0.31017 -0.07370 -0.10805
-0.14010 0.02147 0.09183
0.21135 -0.06660 0.11193
-0.22775 -0.05307 0.16944
-0.19059 -0.04368 -0.13814
-0.28129 -0.14004 0.17187
-0.18420 -0.04497 0.13156
-0.25731 -0.18243 0.16113
0.21431 -0.16204 0.15386
0.24951 -0.15306 0.11379
0.20626 -0.12966 0.16683
0.23338 -0.13055 -0.11111
0.30610 -0.15806 -0.10897
0.35159 -0.08832 0.14842
-0.39730 -0.04772 -0.10602
-0.39833 -0.04101 -0.08142
0.32960 -0.06007 0.13451
0.00292 0.02186 -0.04946
0.00454 0.01517 -0.11142
0.02109 -0.05331 -0.03781
0.00788 0.00135 -0.07137
0.01382 -0.02322 -0.05381
0.01280 -0.01901 -0.04497
0.30830 -0.05146 -0.12941
-0.23780 -0.09003 0.11679
-0.02068 0.11334 -0.01776
-0.25644 -0.17981 0.17000
0.24478 -0.18548 0.13254
-0.16472 -0.15529 -0.14006
-0.26177 -0.04866 0.15128
-0.16609 -0.06386 -0.15497
0.23460 -0.06950 0.17572
0.37907 -0.08452 0.14246
0.26419 -0.03564 0.11809
-0.01229 0.10082 -0.11402
-0.28603 -0.06105 0.12811
-0.21754 -0.09104 0.13632
-0.19811 -0.11360 -0.11193
-0.28939 -0.09249 -0.11193
-0.21812 -0.11038 -0.11193
-0.23550 -0.10206 -0.11193
-0.26526 -0.10511 -0.11193
-0.18721 -0.11667 -0.11193
-0.27324 -0.05875 0.15709
-0.04405 -0.08409 0.11903
-0.04356 -0.08257 0.06472
0.26298 -0.04202 0.15442
-0.19935 -0.04756 0.15069
-0.27763 -0.05772 0.14893
-0.22032 -0.02902 -0.13977
-0.19791 -0.12082 0.13423
-0.15444 -0.13719 0.13925
-0.40695 -0.09498 -0.01006
0.31971 -0.08751 0.11065
-0.29859 -0.10428 0.15455
0.30453 -0.08258 -0.16963
0.36958 0.00182 -0.03485
0.37256 0.00136 -0.02024
0.29990 -0.11291 -0.13856
0.28294 -0.19650 -0.14869
-0.20671 -0.13764 -0.16284
0.16138 0.01880 0.08023
0.15144 0.01954 0.14034
0.14585 0.01995 0.05188
0.14672 0.01989 0.08326
0.26185 -0.18956 0.15874
-0.28087 -0.09375 -0.17457
-0.27149 -0.04803 -0.14537
-0.39048 0.02758 0.07597
-0.38844 0.03258 0.06761
-0.39226 0.02423 0.05432
0.20100 -0.14531 0.12688
0.22169 -0.15347 -0.10721
0.09087 0.09345 -0.06755
0.08313 0.09541 -0.06721
-0.25345 -0.04986 0.11480
0.27241 0.00932 0.13429
0.30316 0.00390 0.13640
-0.19051 -0.18540 0.14174
0.34343 -0.07354 0.16229
0.13502 0.00376 0.14196
0.13116 -0.01640 0.10068
0.13086 -0.01799 0.08665
0.13283 -0.00770 0.08779
0.13088 -0.01788 0.12545
-0.29297 -0.10829 -0.11301
0.13550 0.06515 0.12535
0.25538 -0.04347 -0.15289
0.23534 -0.05639 -0.15835
-0.26523 -0.05803 0.16643
-0.22696 -0.08290 0.15482
-0.29832 -0.12064 0.11928
-0.26445 -0.05716 0.10708
0.02433 -0.06673 -0.04817
0.34140 -0.14904 -0.10869
0.02178 0.09780 -0.06249
0.39506 -0.11805 -0.01407
0.24641 -0.06095 -0.17141
0.32296 -0.06997 0.11756
0.18490 -0.11330 0.15392
0.31140 -0.14108 0.11247
-0.10353 -0.02233 0.15841
-0.22771 -0.09976 -0.13069
0.22137 0.01850 0.12474
0.29355 -0.09087 -0.13710
0.19914 -0.10868 -0.15072
0.02215 0.03543 0.05949
0.07511 -0.00971 0.15785
-0.17554 -0.17025 -0.16481
-0.10001 0.10498 -0.04689
-0.21632 -0.03010 -0.15056
0.33970 -0.16017 -0.14933
-0.30967 -0.06703 -0.16459
-0.31698 -0.07587 -0.16298
-0.31067 -0.08296 -0.16203
0.24443 -0.04082 0.17212
0.38366 -0.01929 0.12062
0.27573 -0.17072 -0.16950
0.31618 -0.14481 -0.17017
-0.18543 -0.16541 0.16255
-0.20243 -0.18155 -0.16514
-0.22136 -0.03610 0.15753
-0.24814 -0.03610 0.12944
-0.26849 -0.03610 0.11646
-0.24430 -0.03610 0.14773
0.14966 0.01505 0.15002
-0.29380 -0.14199 -0.16008
-0.28439 -0.01139 -0.15753
-0.26801 -0.01381 -0.15838
-0.29858 -0.11674 0.15645
-0.20188 -0.16082 0.16839
0.23438 -0.05988 0.17387
-0.19545 -0.18513 0.16081
-0.27709 -0.05256 -0.15216
-0.39621 -0.06663 -0.00355
0.22579 0.01809 0.04232
-0.24332 -0.04467 -0.11424
-0.15762 0.09997 -0.03099
-0.18957 0.09889 -0.04984
-0.12718 0.10100 -0.01330
-0.20124 0.09862 -0.05056
-0.13981 0.09987 -0.05327
-0.16603 0.09977 -0.03233
-0.25148 0.09783 -0.03791
-0.22014 0.09847 -0.03901
-0.12276 0.10031 -0.04967
-0.27719 0.09707 -0.04753
-0.27023 0.09721 -0.04797
-0.18802 0.09939 -0.02801
-0.14072 0.10070 -0.01403
-0.11798 0.10131 -0.00793
0.29695 -0.18847 -0.16629
-0.27989 -0.16769 -0.12532
0.40790 -0.08870 -0.05895
0.32364 -0.17750 -0.12587
-0.06001 0.19734 -0.00372
-0.19931 -0.17058 0.17048
-0.15156 -0.10663 -0.13988
-0.30199 -0.13766 -0.15343
0.25597 -0.19443 -0.14207
-0.21014 -0.14665 0.15747
-0.37468 0.00217 0.15349
-0.15655 -0.08680 0.16063
-0.39782 -0.01975 -0.02633
0.18419 -0.00758 0.15757
0.15268 -0.02728 0.16011
0.16569 -0.03163 0.16067
0.16968 -0.01120 0.15804
0.07963 -0.03568 0.16119
0.14380 -0.02484 0.15980
0.30073 -0.14493 -0.15534
0.08770 0.08386 -0.12451
0.35194 -0.10550 0.14813
-0.21232 -0.03354 0.13991
0.20620 -0.13822 -0.16665
0.38712 -0.05698 0.12852
0.29308 -0.19717 -0.16099
0.31529 -0.17823 0.12587
-0.31520 -0.11140 0.15399
-0.17924 -0.14710 -0.11131
-0.20708 -0.11999 0.12780
-0.21181 -0.19582 0.12250
-0.28948 -0.11049 -0.17527
-0.20704 -0.04343 0.16093
0.09687 -0.05591 0.06271
0.10243 -0.05547 0.10999
0.10419 -0.05533 0.10412
0.08031 -0.05723 0.05303
0.07100 -0.05796 0.07370
0.08559 -0.05681 0.08608
0.10904 -0.05495 0.12025
0.19805 -0.13941 -0.15827
-0.26981 -0.08693 -0.11317
-0.23836 -0.04553 0.12167
0.21015 -0.05561 0.16154
-0.25543 -0.09757 0.16197
-0.27655 -0.16595 -0.15552
-0.12909 -0.03051 -0.12961
-0.13076 -0.04743 -0.13154
-0.21999 -0.07759 0.16313
0.29921 -0.18457 -0.11144
-0.17920 -0.07809 -0.17540
0.31611 -0.18837 -0.11413
-0.29148 -0.12098 -0.17281
-0.25759 -0.16059 -0.17550
0.25101 -0.12560 -0.13534
0.25971 -0.03467 0.14279
0.29014 0.01294 0.10771
0.29414 0.01153 0.11402
-0.03663 -0.04842 -0.16179
-0.01809 -0.04939 -0.16182
-0.39936 -0.00863 -0.06394
0.28692 -0.03143 0.16146
0.19858 0.03319 0.01790
0.20255 0.03007 0.04236
0.15625 0.06063 0.00321
0.19180 0.03709 0.03647
0.21363 0.02275 0.05189
0.20800 0.02645 0.04784
0.15032 0.06426 0.00996
0.21657 0.02114 0.04062
0.27677 0.01818 0.05119
-0.24043 -0.19060 -0.12007
-0.06927 0.10538 0.06321
0.28537 -0.12172 -0.12754
0.29617 -0.18336 0.11611
0.30388 -0.11461 0.14105
0.19176 0.03509 -0.08511
0.21443 0.01979 -0.09710
0.19749 0.03201 -0.07646
-0.16121 -0.12480 -0.17569
0.09059 -0.06541 0.16231
0.06850 -0.06732 0.16214
0.16370 -0.06502 0.16234
0.06613 -0.07351 0.16158
0.09955 -0.07080 0.16183
0.08721 0.09582 0.02919
0.08751 0.09559 0.04298
0.25027 -0.19726 -0.14715
-0.14785 0.09889 0.04760
0.39501 -0.10827 -0.05293
-0.18370 -0.06865 -0.11719
0.34908 -0.14089 0.13370
-0.39516 0.00097 -0.13010
0.35330 -0.12773 -0.15167
0.27362 -0.10625 0.15738
-0.13837 0.02810 0.06122
-0.21932 -0.10565 -0.14622
-0.38903 -0.09891 0.14886
0.12143 -0.06459 0.11936
-0.07192 -0.05884 -0.06327
-0.11131 -0.06173 -0.10102
-0.11567 -0.06205 -0.12740
-0.09207 -0.06032 -0.05579
-0.11570 -0.06205 -0.08124
-0.11479 -0.06198 -0.04685
-0.10661 -0.06138 -0.09484
-0.08523 -0.05982 -0.03893
-0.14908 -0.11017 -0.14960
-0.37982 -0.03995 0.15412
-0.22043 -0.11217 -0.13291
-0.26058 -0.18459 -0.14533
-0.12147 0.11036 0.05748
0.20350 -0.08405 -0.12936
0.31870 -0.08403 -0.17172
-0.29759 -0.13653 0.14274
-0.33552 0.09630 0.03163
0.28223 -0.12988 -0.12669
0.39538 -0.04820 0.06814
0.32059 -0.16667 -0.17191
0.35598 -0.11755 0.14822
0.20844 -0.05853 -0.12185
-0.12140 -0.02776 -0.16017
-0.39677 -0.03196 0.00506
-0.19868 -0.05616 0.15844
-0.18066 -0.17996 0.13461
0.25748 -0.03592 0.13745
0.39930 -0.06257 0.06388
0.39543 -0.03156 0.06741
0.00212 -0.12156 0.14718
0.14969 -0.11803 0.15060
0.10618 -0.11752 0.15109
0.32863 -0.05973 0.15607
0.22515 -0.17328 0.14549
0.27110 -0.08731 -0.15650
-0.20490 -0.17817 -0.17160
-0.18535 -0.05736 -0.11165
-0.02205 0.12729 0.00110
-0.23338 -0.17664 0.10665
-0.25640 -0.06478 -0.11280
0.32982 -0.06420 0.16527
-0.15585 -0.14204 0.16084
-0.22258 -0.18694 -0.17477
-0.22514 -0.17821 0.10904
0.25645 -0.10831 0.14193
-0.14300 0.09332 -0.12095
-0.14944 0.09373 -0.12022
0.02895 -0.08584 0.03909
0.02402 -0.06542 0.11896
0.29606 -0.18836 0.13463
-0.18033 -0.05633 -0.12125
0.00125 0.06224 0.13371
0.22798 -0.17345 0.11372
0.21933 -0.08508 -0.16076
0.32646 -0.05679 0.15002
0.21324 -0.05136 -0.16504
-0.25820 -0.15482 0.10733
0.30911 -0.10700 0.16684
0.23849 -0.08025 -0.16987
-0.25632 -0.02289 0.16177
0.25882 -0.17487 -0.10882
-0.15526 -0.07737 -0.11295
-0.15736 -0.06765 -0.14487
-0.15635 -0.07232 -0.12266
0.13481 0.07324 0.05423
0.13634 0.07285 0.02678
0.20066 0.03099 0.05476
0.15882 0.05778 0.05685
0.15169 0.06291 0.03088
0.17589 0.04728 0.03605
0.14150 0.06970 0.01926
0.19982 -0.11655 -0.12469
-0.24049 -0.14887 0.14225
0.21761 -0.17807 -0.14614
0.27167 0.01839 -0.08850
-0.22286 -0.18850 -0.14581
0.30249 -0.14941 -0.11208
-0.13523 -0.01950 -0.15911
0.27460 -0.09302 -0.13200
-0.22518 -0.03824 0.14671
0.21762 0.02082 -0.02578
0.17197 0.05005 -0.02504
0.21647 0.02084 -0.05580
0.20695 0.02704 -0.05128
0.19852 0.03273 -0.03883
0.21927 0.02011 -0.01133
0.19009 0.03836 -0.02902
0.21648 -0.17393 -0.16411
-0.39842 -0.02903 0.10533
-0.15490 0.09266 -0.02089
0.27624 -0.19629 -0.12982
-0.27368 -0.17106 -0.12602
-0.30461 -0.12939 0.12919
-0.15714 -0.10981 0.11535
-0.19783 -0.16653 0.10720
-0.06611 0.09011 0.00602
-0.06593 0.10538 0.07114
-0.15962 0.10538 -0.03874
0.25125 -0.11733 -0.14108
0.22602 -0.17233 -0.12459
0.26495 -0.15533 -0.15355
0.11548 0.08066 0.11637
0.04567 0.09725 -0.05166
0.02254 0.09852 -0.02361
0.01795 0.09889 -0.01130
0.02657 0.09816 -0.03676
0.14187 0.01719 -0.14580
-0.28000 -0.03114 0.03029
-0.28211 -0.02325 0.03702
-0.27542 -0.04834 0.05543
-0.28168 -0.02485 0.05298
-0.27156 -0.06279 0.08443
-0.27180 -0.06190 0.04812
-0.27237 -0.05974 0.09520
-0.27086 -0.06541 0.06914
-0.27853 -0.05342 -0.14285
0.29092 -0.12327 -0.12465
-0.28528 -0.11575 0.16706
0.15395 -0.05879 -0.16322
-0.25853 -0.18042 -0.12442
-0.27050 -0.15281 0.17088
-0.10300 0.07841 -0.12937
-0.26507 -0.13688 0.16828
-0.28732 -0.08017 0.11374
0.39955 -0.05938 -0.01620
0.33227 -0.13203 0.16694
0.23679 -0.11405 0.14267
0.35517 -0.09841 -0.12715
0.35434 -0.09116 -0.12724
-0.00690 0.09353 -0.11163
0.14031 0.06636 -0.10168
0.18752 0.03657 -0.10067
0.14906 0.06320 -0.07279
0.13448 0.07123 -0.08733
0.15703 0.05671 -0.09041
0.35871 0.00424 -0.07164
-0.21803 -0.06729 -0.17232
0.30036 -0.18454 0.12091
0.24847 -0.05030 0.12401
-0.26940 -0.17702 0.12804
-0.25609 -0.09345 -0.14344
-0.11527 0.09182 0.12364
0.30909 -0.16296 0.17167
0.26682 -0.04231 0.15839
0.20640 0.01834 -0.13784
-0.14125 0.03207 0.14453
-0.24190 -0.17657 0.16493
0.24259 -0.05690 -0.11183
-0.33127 0.00900 -0.15222
-0.27435 0.00810 -0.15252
-0.23430 -0.07431 -0.11757
0.20816 -0.13361 -0.11091
0.27903 -0.07617 0.11632
0.39039 -0.01889 -0.09215
-0.25723 -0.10702 0.15174
-0.25956 -0.06567 -0.17101
0.09952 0.09325 0.02000
-0.24470 -0.05669 0.17142
0.32910 0.00352 -0.12884
0.29003 -0.04867 -0.11375
0.26479 -0.09099 0.13345
0.25228 -0.04128 -0.14745
0.26131 -0.10105 -0.13024
-0.01465 0.18936 0.00449
-0.30909 -0.09789 -0.14765
0.27051 -0.18970 0.13965
0.22004 -0.06320 0.12356
0.20249 -0.12902 -0.11105
-0.17489 -0.13667 0.10613
-0.04898 0.10724 -0.05466
-0.21574 -0.14663 0.11401
0.32264 -0.12745 0.11101
0.25222 0.01966 -0.06612
0.22151 -0.05991 0.15525
0.29264 -0.03946 0.13443
-0.25222 -0.11439 0.12889
-0.37087 0.06365 0.08080
-0.37622 0.05665 0.07415
-0.35913 -0.04091 -0.15703
-0.34065 -0.04998 -0.15902
0.27534 -0.05520 0.11095
0.34720 -0.08446 -0.15579
-0.39787 0.00426 -0.03624
-0.05328 0.00758 -0.15095
-0.25959 -0.13531 -0.17027
-0.19356 -0.17237 0.16328
-0.03869 0.20197 0.02650
-0.14687 -0.13326 0.14331
0.26740 -0.19099 0.12976
0.22870 -0.03457 0.11623
0.29108 -0.03457 0.14052
0.22897 -0.03457 0.13009
0.23134 -0.03457 0.14023
0.27252 -0.03457 0.14431
0.23262 -0.03457 0.14614
-0.40033 -0.07390 -0.10006
-0.24881 -0.03860 -0.13264
-0.24170 -0.12779 -0.14219
-0.17239 -0.15329 0.16997
-0.21045 -0.18641 -0.13976
0.25898 -0.16264 0.17478
0.39197 -0.10862 0.09397
-0.28203 -0.06387 -0.11720
0.09722 0.08718 0.11217
-0.24602 -0.13417 0.12667
0.22068 -0.14233 -0.17265
0.25012 -0.14196 0.16794
0.17005 -0.03705 0.14461
0.16646 -0.04207 0.14461
0.26036 0.01986 0.01500
0.26323 0.01969 0.00870
0.40132 -0.09449 0.06964
-0.06551 0.20197 0.01533
0.34608 -0.15659 -0.12067
-0.39031 0.02790 -0.07859
-0.39371 0.02213 -0.01803
-0.39223 0.02484 -0.03836
-0.39474 0.01864 -0.05049
0.07676 -0.13018 0.15214
-0.16014 -0.15003 -0.15399
0.23719 -0.11535 -0.15766
-0.22225 -0.09641 -0.13386
0.38300 -0.04886 0.12465
-0.23932 -0.03590 0.13964
-0.10735 -0.01472 0.16213
0.24813 -0.07093 0.17516
0.14305 -0.04470 -0.11921
-0.04695 0.17934 0.00523
0.22505 0.01773 -0.12852
-0.20132 -0.05799 0.09632
-0.19926 -0.05780 0.08832
-0.22437 -0.06011 0.02369
-0.19839 -0.05772 0.05105
-0.21411 -0.05917 0.04109
-0.25362 -0.04381 0.14418
-0.28417 -0.07268 -0.11472
0.24909 -0.13693 -0.15594
0.26443 -0.17354 0.11868
0.35865 0.00351 0.09173
-0.12659 -0.03788 0.11563
-0.14055 0.00702 0.07320
-0.12836 -0.03219 0.09978
-0.13723 -0.00366 0.12115
-0.13794 -0.00139 0.09171
-0.13800 -0.00119 0.06687
-0.13918 0.00261 0.12450
-0.22584 -0.14655 0.15281
-0.18171 -0.04852 -0.14089
-0.16128 -0.08965 0.11766
-0.28263 -0.02129 -0.00307
0.30269 -0.11968 0.11292
0.31266 -0.11968 0.12749
0.25727 -0.11968 0.11264
0.29048 -0.13502 0.13297
-0.05844 -0.02313 0.15958
0.00505 -0.00916 0.15778
0.00407 -0.01744 0.15884
-0.01527 -0.01148 0.15808
0.33346 -0.06140 -0.14086
0.32325 -0.17318 0.15636
-0.06322 0.09981 -0.05693
-0.01729 0.10009 -0.01834
-0.02938 0.09951 -0.05927
-0.06089 0.10007 -0.04011
-0.07956 0.09993 -0.05779
-0.05919 0.09990 -0.04978
-0.06556 0.10003 -0.04505
-0.38293 0.03105 0.13820
-0.24810 -0.16995 0.10597
0.26307 -0.08649 -0.13183
0.02054 0.18274 0.00733
0.31379 -0.16231 -0.17228
-0.17878 -0.14806 0.10515
-0.06154 -0.01930 -0.15909
-0.22656 -0.17263 0.10666
-0.08076 0.11173 0.07461
0.17457 0.01782 -0.04612
0.15393 0.01935 -0.14237
0.16738 0.01835 -0.06915
0.15417 0.01933 -0.12624
0.17826 0.01754 -0.03082
-0.07097 0.18344 -0.00860
-0.28346 -0.13022 0.17069
-0.13522 -0.04736 0.13154
-0.21939 -0.12757 0.15196
0.25437 -0.18929 -0.16516
0.32381 -0.09595 0.11260
0.25751 -0.06440 -0.16604
-0.09805 -0.08207 -0.16082
-0.12013 -0.08352 -0.16069
-0.03050 -0.08784 -0.16030
0.11786 0.06752 -0.13075
0.37883 -0.00286 0.06991
0.11030 0.08319 0.11056
0.24311 -0.04822 0.13233
0.28384 -0.07102 0.11344
-0.34829 0.09378 -0.10240
-0.33081 -0.06939 0.16346
0.23418 -0.17624 0.15518
0.22920 -0.05538 -0.13709
0.32395 -0.17887 -0.13633
-0.27036 -0.06729 -0.08804
-0.13637 0.10217 0.05898
-0.20482 -0.09634 0.14269
0.16649 -0.06510 0.02795
0.10239 -0.08568 0.02795
0.15501 -0.06009 0.02795
0.06507 -0.09119 0.02795
0.01806 -0.08651 0.02795
0.11185 -0.06913 0.02795
0.15534 -0.10093 0.02795
0.14564 -0.05933 0.02795
0.04091 -0.08881 0.02795
0.06924 -0.07812 0.02795
0.35572 0.00388 -0.09308
-0.26314 -0.10762 0.16539
-0.29778 -0.09356 0.13908
0.26454 -0.18231 0.11227
0.24648 -0.18289 -0.16545
0.20531 -0.09108 -0.12413
-0.15482 -0.08164 0.14016
0.12266 0.08174 -0.02157
0.34095 -0.11553 0.17254
-0.39808 -0.01282 -0.09552
-0.39736 -0.00527 -0.09804
-0.06969 0.09485 -0.11610
0.31251 0.01251 -0.07911
0.29270 0.01561 -0.08181
-0.39706 -0.10655 0.04272
0.36044 -0.02985 -0.14216
0.11669 -0.08156 -0.04305
0.11930 -0.07278 -0.07290
0.32819 0.00696 -0.10657
0.34219 0.00506 -0.10436
-0.15198 -0.12199 0.15912
-0.37920 -0.05175 -0.14451
-0.38716 -0.01290 -0.14043
-0.38184 -0.04176 -0.14310
-0.25083 -0.13581 -0.16218
0.20363 -0.15075 -0.15124
-0.15521 -0.15289 0.11180
0.29624 -0.09067 0.11902
0.28709 -0.03457 -0.11986
0.29457 -0.03457 -0.12518
0.23794 -0.03457 -0.14476
0.23558 -0.03457 -0.13045
0.27040 -0.03457 -0.13100
0.20455 -0.11687 0.17105
0.11252 0.08758 -0.02113
-0.01505 0.09480 -0.11195
0.40167 -0.07549 0.09989
-0.36678 0.06731 0.11446
-0.36102 0.07544 0.11205
-0.21279 -0.00727 0.15752
-0.18846 -0.01182 0.15806
-0.19117 -0.17446 -0.16595
-0.20986 -0.03627 -0.14420
0.33155 -0.13217 0.17400
0.29506 -0.06221 0.11085
0.33159 -0.16823 0.17174
-0.20584 -0.03169 -0.16838
0.22159 -0.05946 -0.12803
0.23405 -0.17895 0.13046
0.30889 -0.16342 0.11027
-0.18001 -0.06191 -0.11188
0.20869 -0.13974 0.17151
-0.14855 -0.11372 0.14997
0.23337 0.01542 0.13396
0.31008 -0.12327 0.14524
-0.38088 -0.00704 -0.15301
0.27376 -0.05447 0.17505
-0.08354 0.08872 0.12609
-0.13425 -0.07380 0.04598
-0.15532 -0.07816 0.11019
-0.26367 -0.04284 0.13276
-0.37408 0.06000 -0.06568
-0.36755 0.06941 -0.03267
-0.36706 0.06993 -0.05416
0.24390 0.01979 -0.09898
-0.27878 -0.05630 -0.11669
-0.11983 0.10978 0.04629
0.30346 -0.18621 0.15176
0.19715 -0.10704 0.12329
0.34458 -0.11066 0.16562
-0.10532 0.09581 -0.11278
0.22269 0.01448 0.08689
0.24859 -0.11755 0.14054
-0.08029 0.10538 0.08189
-0.04078 -0.07392 -0.04373
-0.03955 -0.07010 -0.08590
0.20988 -0.11238 -0.10765
-0.22229 -0.08438 -0.13563
0.19606 -0.11498 -0.13493
0.34139 -0.14798 0.16584
0.23727 0.01885 -0.10765
-0.34671 0.09509 0.03973
-0.34807 0.09535 0.02807
-0.17039 -0.13975 -0.17091
-0.18933 -0.06384 0.16133
-0.24027 -0.13760 0.12892
0.32658 -0.05979 -0.13450
-0.39796 0.00492 0.02515
-0.39524 -0.07030 -0.04095
-0.39544 -0.07023 -0.01892
-0.24414 -0.18524 -0.12069
0.27257 -0.11988 0.14794
0.33216 -0.02698 0.14790
-0.38716 0.03687 -0.00849
-0.38314 0.04536 -0.04040
-0.39063 0.02917 -0.01156
0.39059 -0.12413 0.00461
-0.26081 -0.03838 -0.12423
0.33447 -0.17661 -0.13574
0.28993 -0.14774 0.13498
-0.18227 -0.15662 -0.17471
-0.36514 0.07156 -0.08048
-0.36496 0.07254 -0.06723
-0.17639 -0.17515 -0.14077
-0.29576 -0.04222 0.14182
0.23430 -0.05784 -0.10886
-0.15005 -0.15020 0.13078
0.32523 0.01028 -0.05459
0.31946 0.01146 -0.04738
-0.17278 -0.05938 0.16340
-0.11853 0.10089 0.02700
-0.17103 0.09925 0.05132
-0.14125 0.09983 0.05395
-0.16019 0.09978 0.03750
-0.12475 0.10053 0.03785
-0.13595 0.10001 0.05075
-0.20929 0.09902 0.02400
-0.15318 0.09997 0.03576
-0.22343 0.09867 0.02653
-0.16353 0.09941 0.05130
-0.24412 0.09783 0.04517
-0.18421 0.09933 0.03465
-0.13252 0.10019 0.04560
-0.29185 0.09694 0.03904
0.39583 -0.05689 0.10058
-0.19548 -0.04646 0.11513
-0.26332 -0.13726 0.10943
-0.27877 -0.17062 0.10833
-0.29791 -0.14827 -0.11714
-0.17898 -0.13950 -0.17558
-0.24904 -0.16773 0.16400
0.34866 -0.10789 -0.15084
-0.27831 -0.16533 0.11237
-0.09239 0.11191 0.08029
0.24819 -0.14606 -0.14718
-0.17536 -0.12885 -0.11288
-0.01248 0.11086 -0.00023
-0.27693 -0.10387 0.17073
0.02191 0.00620 0.11874
0.02353 0.00057 0.07930
0.03519 -0.03998 0.12377
0.01996 0.01299 0.11259
0.01993 0.01307 0.06880
0.02290 0.00276 0.12374
0.02543 -0.00604 0.11810
-0.30546 -0.12442 0.14980
-0.35775 0.08953 0.01212
-0.25689 -0.04625 0.12392
0.33953 -0.13300 0.11255
-0.22784 -0.02033 -0.15954
-0.26936 -0.06492 -0.17658
-0.26895 -0.08087 -0.11419
-0.22839 -0.14838 -0.16219
-0.29881 0.09355 -0.11352
0.27728 -0.15948 0.11352
0.18214 -0.00559 -0.15728
0.28830 -0.02243 -0.15358
-0.25082 -0.17586 -0.17308
-0.36708 -0.00022 -0.15260
-0.34530 -0.06351 -0.15260
-0.36144 -0.09520 -0.15260
-0.33984 -0.06257 -0.15260
-0.31547 -0.08739 -0.15260
0.01625 0.05611 -0.09193
-0.14843 -0.12737 0.12868
-0.37840 -0.02541 0.15409
-0.17617 -0.16746 0.10951
-0.32949 -0.09160 0.16008
-0.20372 -0.14219 -0.16970
-0.13678 -0.10765 0.15580
0.32801 -0.05880 -0.12867
-0.21538 -0.14027 -0.15889
0.29254 -0.08211 0.15183
0.30458 -0.00160 -0.14254
-0.20001 -0.12831 0.13600
0.34840 -0.10486 0.11108
-0.15471 -0.08051 -0.15555
-0.16282 -0.09774 -0.11147
-0.08241 0.10549 0.04351
0.30809 -0.15655 -0.17063
0.26811 -0.04691 -0.11420
0.21486 -0.16185 0.14159
0.27458 -0.03822 -0.15039
-0.15662 -0.10931 0.16886
-0.16279 -0.15144 -0.17460
-0.24894 -0.06807 -0.11338
-0.06213 0.10069 -0.01142
-0.03868 0.10066 -0.00162
-0.10896 0.10137 -0.00298
-0.10473 0.10070 -0.03147
-0.08036 0.10022 -0.04139
-0.09942 0.10107 -0.01201
-0.08836 0.10090 -0.01433
-0.29324 -0.06868 0.16486
-0.27961 -0.07133 0.10711
0.37594 -0.04619 0.13434
0.24539 0.02089 -0.03538
0.26363 0.01942 -0.04471
-0.28145 -0.13798 -0.17266
0.34639 -0.09289 -0.13124
0.14317 0.01634 0.17654
0.31296 -0.08450 -0.10855
0.12837 -0.00457 0.08640
-0.14795 -0.11743 0.13156
0.22229 -0.16877 0.15876
0.29611 0.01466 0.09377
-0.24625 -0.05751 -0.11585
0.23089 -0.05696 0.14948
0.24329 -0.09820 0.13634
-0.39327 0.01699 -0.12116
0.32137 -0.09893 -0.10860
-0.34529 -0.04685 0.15851
0.13654 0.01062 0.14756
0.22523 -0.08016 0.11382
0.21766 -0.06786 -0.16461
0.22276 -0.13761 0.17616
0.35544 -0.09704 0.14588
0.20904 -0.15831 -0.12930
-0.24776 -0.10104 -0.03778
-0.23724 -0.10104 -0.02910
-0.35247 -0.10104 -0.04310
-0.35517 -0.10104 -0.05931
-0.30445 -0.10104 -0.02157
-0.21000 -0.10104 -0.01585
-0.22740 -0.10104 -0.03458
-0.20782 -0.10104 -0.00319
-0.30489 -0.10104 -0.05327
-0.33984 -0.10104 -0.05938
-0.36969 -0.10104 -0.02616
-0.22698 -0.10104 -0.02575
-0.11579 -0.10104 -0.01255
-0.30531 -0.10104 -0.00205
-0.12758 -0.10104 -0.01099
-0.35150 -0.10104 -0.02397
-0.32992 -0.10104 -0.05576
-0.33770 -0.10104 -0.04399
-0.29379 -0.10104 -0.03090
-0.25022 -0.10104 -0.02430
-0.25889 -0.04084 -0.16425
-0.29827 -0.11187 0.11624
0.04358 -0.09119 -0.16000
0.01906 -0.07412 -0.16153
0.04887 -0.07600 -0.16136
0.08126 -0.07945 -0.16105
0.02576 -0.07547 -0.16141
-0.16958 0.09099 -0.12459
-0.31965 0.08924 -0.12474
0.17314 0.02898 0.14246
-0.26262 -0.15149 0.10739
0.28823 -0.15606 0.17078
-0.19497 -0.15856 0.16872
0.00930 -0.05837 -0.00973
0.01113 -0.05837 -0.01979
0.08025 -0.05837 -0.00547
0.39574 -0.02916 -0.05791
-0.27805 -0.13576 -0.11222
0.37529 -0.06950 -0.14468
0.34817 -0.12631 0.14255
0.02677 -0.01072 -0.09222
0.03736 -0.04752 -0.10981
0.03896 -0.05307 -0.11381
0.03369 -0.03475 -0.06191
0.02005 0.01267 -0.11914
0.02562 -0.00670 -0.11719
0.03972 -0.05572 -0.04886
0.31399 -0.03706 0.15957
0.10991 -0.11023 0.15473
0.09663 -0.10862 0.15521
0.05646 -0.10219 0.15712
0.02565 -0.10521 0.15622
0.04613 -0.09798 0.15837
0.14048 0.05131 -0.13582
0.24277 -0.09403 0.11718
-0.21190 0.09394 -0.11722
-0.40683 -0.07984 -0.12318
0.08825 0.09550 -0.03730
0.00515 0.04727 0.06367
0.00374 0.09627 0.09348
-0.03485 0.09757 0.08294
-0.25462 -0.04161 0.11749
0.31831 -0.03592 -0.15893
0.02186 0.03358 -0.10370
-0.30615 -0.09043 -0.13520
0.28045 -0.16235 0.17297
-0.26854 -0.16164 -0.12109
0.24852 -0.13296 0.12015
-0.26928 -0.16203 -0.11114
0.35512 -0.03878 0.14462
-0.13462 0.07556 -0.13036
-0.34821 0.09432 0.06923
-0.35246 0.09406 0.06274
0.32291 -0.17982 0.13204
-0.31756 0.09732 -0.01396
-0.28981 0.09735 -0.02765
-0.23080 0.09886 -0.01560
-0.20943 0.09980 -0.00017
-0.25988 0.09820 -0.01929
-0.27713 0.09829 -0.00754
-0.25058 0.09888 -0.00468
-0.32507 0.09640 -0.03627
-0.27013 0.09785 -0.02388
-0.19204 0.09969 -0.01244
0.24725 -0.09100 -0.11290
-0.21699 -0.19055 0.11167
-0.26322 -0.10584 -0.13115
0.39710 -0.11187 -0.02589
0.24156 -0.18862 0.15284
-0.33780 -0.07698 0.16223
-0.31963 -0.08474 0.16149
-0.32316 -0.08001 0.16215
-0.25530 -0.05048 0.16996
-0.05230 0.19387 -0.00382
0.30580 0.01396 0.02287
0.31572 0.01218 0.03985
0.28339 0.01767 0.01664
0.28270 0.01765 0.03183
0.12088 -0.02087 0.01999
0.18122 0.01697 0.10612
0.18587 0.01540 0.13664
0.18684 0.01507 0.03185
0.18433 0.01592 0.11648
0.19224 0.01325 0.11321
0.33246 -0.12483 0.10992
0.01291 0.09962 -0.04524
-0.16037 -0.15479 0.15457
-0.26954 -0.18343 -0.15160
0.29146 0.01611 -0.04454
0.31293 0.01259 -0.04551
0.30351 0.01418 -0.03964
-0.30378 -0.07296 -0.13620
-0.30149 -0.05162 -0.14284
0.38447 -0.11890 -0.09724
-0.14438 0.00258 0.15442
0.22499 0.01818 -0.06892
0.01364 0.08183 -0.12821
0.30208 -0.17375 -0.17175
-0.30001 -0.09394 -0.12236
-0.17549 -0.17934 0.14683
0.08847 0.08879 -0.11514
0.37713 -0.00191 -0.06540
-0.18868 -0.06644 0.08385
-0.19334 -0.06187 0.04435
0.25355 -0.03961 0.13269
-0.34176 0.09614 -0.02064
-0.27094 -0.17312 0.15162
0.19646 -0.11968 -0.11590
0.32072 -0.11968 -0.11557
0.28332 -0.11968 -0.11808
0.22188 -0.11968 -0.13006
0.29763 -0.11968 -0.11392
-0.30106 -0.14153 0.14461
-0.39886 -0.03963 -0.06799
0.21178 0.00103 0.15348
0.26001 -0.18125 0.17551
0.26273 -0.04708 -0.16610
-0.09001 0.08793 -0.05258
0.27219 -0.14950 0.16398
0.04742 -0.02116 -0.15723
0.15244 0.01661 -0.18258
0.29801 -0.12234 -0.13856
-0.20803 -0.13603 0.11689
0.24164 -0.04937 -0.14316
-0.26311 -0.09688 -0.16465
0.04185 -0.06014 0.03284
-0.14448 -0.10577 0.13658
-0.15387 -0.08492 -0.14019
0.02435 0.17870 0.00801
0.22687 -0.13592 -0.17160
-0.08834 -0.03235 -0.16076
-0.00913 -0.03617 -0.16126
0.33434 -0.12989 -0.11447
-0.14363 -0.11398 0.13278
-0.17376 -0.14333 -0.17648
0.39151 -0.02722 0.07595
0.23534 -0.16103 -0.16529
-0.29639 -0.15281 -0.13251
0.09370 -0.05837 0.00406
0.05206 -0.05837 0.00512
0.28423 -0.03239 0.14076
0.38355 -0.01720 -0.11945
-0.15046 0.09922 0.06719
-0.31397 0.09604 0.05374
-0.29518 0.09509 0.08814
-0.16209 0.09922 0.06058
-0.29330 0.09540 0.08158
-0.22380 0.09719 0.07608
-0.27148 0.09617 0.07461
-0.33459 0.09421 0.08787
-0.20461 0.09774 0.07325
-0.17963 0.09878 0.06141
-0.30790 0.09547 0.07141
-0.27021 0.09551 0.09179
-0.24014 0.09667 0.07997
-0.32817 0.09542 0.06113
-0.26933 0.09693 0.05689
0.28803 0.01648 0.07798
0.30607 0.01341 0.08344
-0.03191 -0.08194 0.00008
-0.02013 -0.06889 0.01974
-0.16977 0.09034 0.12524
-0.31837 0.08799 0.12602
-0.26593 -0.08389 0.07023
-0.26809 -0.07580 0.05231
0.19591 -0.11578 0.14606
-0.24028 -0.09411 -0.13386
0.30029 -0.05097 -0.10859
-0.21661 -0.18057 -0.11192
0.23882 -0.11470 0.13123
-0.14438 -0.10239 0.15290
-0.11568 -0.00451 0.15690
-0.12619 0.00413 0.15388
0.19877 -0.12802 -0.12399
0.26870 -0.18858 0.16696
0.26672 -0.10764 -0.14033
0.33117 -0.13940 0.10907
0.16446 0.03268 -0.14199
0.14641 0.17845 0.00103
0.36360 -0.02316 0.13862
-0.26403 -0.15474 -0.11219
0.27044 -0.04003 0.16538
-0.29889 -0.14073 -0.14220
0.24090 -0.06484 -0.11902
0.28137 -0.01951 -0.15192
-0.28229 -0.05411 -0.17159
0.22570 -0.11871 0.11334
-0.20895 -0.16944 -0.17638
0.32414 -0.16996 0.14010
0.24065 -0.19436 -0.14139
-0.14991 -0.09453 -0.11392
-0.40075 -0.01656 -0.00458
-0.24657 -0.15732 -0.17435
0.24007 -0.18378 -0.12398
-0.22585 -0.17406 -0.16795
0.08692 0.07942 -0.12774
-0.30843 0.03056 -0.14501
-0.24983 0.03369 -0.14400
-0.23183 0.03710 -0.14290
-0.20814 0.04395 -0.14069
-0.31338 0.03338 -0.14410
-0.29244 -0.06663 -0.16522
-0.12089 -0.10104 0.00351
-0.12598 -0.10104 0.01720
-0.07204 -0.10104 0.00877
-0.07208 -0.10104 0.02439
-0.26498 -0.10104 0.00956
-0.13271 -0.10104 0.00082
-0.24672 -0.10104 0.01128
-0.17779 -0.10104 0.00479
-0.08649 -0.10104 0.02395
-0.13394 -0.10104 0.01892
-0.15022 -0.09534 0.13745
0.40528 -0.07006 -0.05068
-0.17920 -0.05037 0.14941
-0.20690 -0.18106 0.16730
-0.19669 -0.15169 -0.17324
0.39176 -0.00919 -0.04863
-0.39813 -0.04015 0.09077
-0.39757 -0.04087 0.11009
0.29185 -0.04493 -0.15275
-0.19371 -0.07613 -0.11282
-0.27832 -0.05016 -0.17300
-0.14422 0.01682 0.09744
-0.15684 0.06732 -0.13306
-0.22354 0.06355 -0.13431
-0.28237 0.05676 -0.13654
-0.20870 0.05612 -0.13675
0.33894 -0.03323 0.14917
0.35410 -0.11048 0.12286
0.30516 -0.11822 0.11968
-0.19350 -0.09131 -0.11592
-0.39684 -0.05397 0.10246
-0.39590 -0.06283 0.07840
0.06954 0.09083 0.11681
-0.29456 -0.12974 0.12152
-0.05263 0.00851 0.14960
-0.21678 -0.03689 0.14958
-0.40514 -0.07448 0.04005
-0.02833 0.11165 0.04401
-0.16178 -0.11344 0.16806
-0.28380 -0.06667 0.13767
0.26714 -0.07248 -0.16973
-0.23994 -0.09991 0.13926
