0.25338 -0.04681 0.15865
-0.11310 0.06993 -0.15512
0.35730 -0.13209 -0.10178
0.41353 -0.13228 -0.08224
0.40036 -0.13204 -0.06805
0.40105 -0.13240 -0.10226
0.39164 -0.13231 -0.10015
0.40758 -0.13231 -0.08878
0.27825 0.02682 0.15187
-0.25549 -0.10343 0.12564
-0.31363 0.13613 0.08985
-0.38544 0.07997 -0.02863
-0.24280 -0.04280 0.13292
-0.29206 -0.03190 -0.14253
0.39138 -0.01511 0.12983
0.04463 0.03153 0.16478
0.07077 0.03793 0.16231
-0.26775 0.03407 -0.17113
-0.24869 -0.08158 -0.12645
-0.38883 -0.00814 -0.16046
-0.23422 -0.10481 0.13002
-0.20037 0.02383 -0.17623
-0.40507 -0.07464 -0.02919
0.33999 0.01279 -0.14434
0.35878 0.00760 0.13035
-0.22911 0.14901 -0.05304
-0.22366 0.14932 -0.05715
-0.06078 0.09816 0.05161
-0.07675 0.03339 -0.13147
0.24702 0.04552 -0.09448
-0.25623 -0.02726 0.15214
-0.04969 0.15534 0.00531
-0.05461 0.15560 -0.00238
-0.35905 -0.05844 -0.11089
-0.27843 -0.13732 0.17675
0.14548 0.08728 -0.07579
0.14238 0.09011 -0.06848
-0.28851 -0.08099 -0.15355
0.32092 -0.06967 -0.17389
-0.06914 0.10184 0.13835
-0.05991 0.09419 0.14194
-0.35080 0.11475 0.09332
-0.04854 0.04304 0.04020
0.20938 -0.03170 0.14942
-0.01014 -0.06089 0.04967
0.29867 -0.06356 0.14641
-0.29663 0.14180 -0.06337
-0.35230 0.12094 0.00003
-0.03088 0.00607 -0.10068
0.40222 -0.13229 -0.14653
-0.22972 -0.09675 0.10785
-0.30729 -0.09974 0.10891
-0.30798 -0.03260 0.17064
0.02148 -0.06279 -0.12677
0.20619 0.02109 -0.16325
0.20130 -0.04280 0.17586
-0.13742 0.15171 0.08927
0.34996 -0.01377 -0.16087
-0.29377 0.14203 -0.07197
-0.40003 0.03475 0.08475
-0.30524 -0.05902 -0.15355
-0.24115 -0.04530 -0.14846
-0.31421 0.13750 -0.07917
-0.38976 -0.01609 0.15609
-0.01948 -0.02287 -0.12156
0.18964 -0.12153 -0.15468
0.35730 -0.02980 0.12540
-0.06598 -0.00756 0.04056
0.40001 -0.00160 -0.00035
0.38623 0.00649 -0.01904
-0.08613 -0.09274 -0.17833
0.28800 0.03363 0.11213
0.18964 -0.11093 0.14587
0.18964 -0.10807 0.15557
0.18964 -0.10131 0.16594
-0.31792 -0.05855 -0.14752
-0.40275 0.02758 0.09543
-0.07008 0.06720 0.06831
-0.40882 -0.02077 -0.12132
-0.06991 -0.01792 -0.15691
0.19540 0.05121 0.10051
0.18081 0.06091 0.09853
-0.29115 0.03203 0.17107
0.03115 0.09663 -0.14052
0.05859 0.09811 -0.14093
-0.28918 -0.01165 -0.13016
-0.32143 -0.09450 -0.17335
0.00633 0.00755 0.17367
0.32379 0.02631 -0.09850
0.30021 0.03066 -0.11111
-0.36621 -0.05838 0.10982
-0.29494 -0.10837 -0.17712
0.33425 -0.11783 -0.15606
-0.32141 -0.00560 -0.12519
0.38201 -0.04524 0.16446
0.21218 -0.12655 -0.15568
-0.08113 0.04743 -0.06335
-0.07348 0.04521 -0.04333
0.26577 -0.06030 -0.14752
-0.35984 -0.05015 -0.17795
0.22975 -0.04988 -0.17798
0.13768 -0.06912 -0.17181
0.17320 -0.05783 -0.17114
0.16093 -0.05409 -0.17138
0.27987 -0.09272 -0.14752
0.30050 -0.07910 0.16846
-0.40480 -0.10766 0.04222
0.20238 0.05039 -0.08121
-0.06132 0.03207 0.13921
-0.00982 -0.07768 0.05408
-0.02538 0.04098 0.16301
0.01041 0.02900 0.16614
-0.36359 -0.09989 0.12536
0.33382 -0.00376 -0.14273
0.23542 -0.14671 -0.16198
0.34193 -0.09727 0.14877
0.21826 -0.08023 -0.12645
0.04489 0.12786 -0.12336
-0.36165 -0.03856 -0.13920
0.36652 -0.01814 0.16101
0.10830 0.01920 -0.16765
-0.33067 -0.12741 -0.16568
-0.40440 -0.00830 -0.13559
0.32520 -0.08280 0.12535
0.41716 -0.09422 0.07321
-0.27515 -0.06812 0.15246
0.33623 0.02567 -0.06240
-0.06964 0.00413 0.12802
-0.02814 -0.02600 0.17083
-0.29221 -0.01074 -0.15329
0.29839 -0.03867 0.15175
-0.08338 0.15407 -0.06843
0.17020 0.00153 -0.17158
-0.16880 0.08591 0.14624
-0.15725 0.08756 0.14559
0.00074 -0.05993 -0.10756
-0.06196 0.04718 -0.04299
0.31707 -0.05925 -0.17254
-0.21722 0.14612 -0.09816
-0.40108 -0.06184 -0.15500
-0.40345 0.03255 -0.06964
-0.01666 -0.03155 -0.11301
0.02764 0.08322 -0.14695
-0.26008 0.14637 -0.03587
0.27333 -0.00493 0.16378
0.25648 -0.06921 0.14641
-0.05503 -0.03273 0.04675
0.19164 0.06094 -0.05825
-0.05236 -0.04316 -0.06026
-0.41379 -0.02360 0.10364
0.25452 -0.01167 0.14364
-0.42403 -0.07815 -0.02674
-0.34267 -0.04818 -0.16574
0.24078 0.04659 0.09056
0.25020 0.04515 0.09145
-0.19007 -0.05385 -0.17846
-0.18540 -0.04937 -0.17842
-0.17615 -0.01649 -0.17856
0.07553 0.13308 0.01976
0.30497 -0.01864 -0.17015
0.39871 -0.01627 -0.11937
0.07256 0.00947 -0.17238
0.14780 -0.09204 0.17058
-0.22105 -0.06628 -0.17566
-0.23346 -0.01674 0.17795
0.23397 -0.12022 0.12926
-0.22044 0.14823 -0.08177
0.31497 -0.04836 0.17706
-0.30404 0.09924 0.13788
-0.05781 -0.03228 -0.12093
-0.38132 -0.11134 -0.14690
-0.38227 -0.11050 -0.13615
0.00734 -0.05757 -0.14800
-0.02754 -0.00343 0.11636
-0.32371 -0.14927 -0.17664
0.08716 -0.05751 0.07015
0.05870 -0.07270 0.17002
0.04999 -0.06925 0.17028
-0.05005 -0.06786 0.16797
0.01217 -0.06906 0.16936
-0.03828 -0.06109 0.16922
-0.32805 0.12851 -0.09885
0.27850 -0.13837 0.12535
-0.24710 -0.12870 0.12964
-0.33430 0.12855 -0.07724
0.36106 -0.01858 -0.14060
-0.26500 -0.11803 0.16974
-0.33930 -0.09799 -0.15355
0.34703 0.02256 -0.04340
0.35221 0.02120 -0.02964
-0.27907 -0.01406 0.15012
-0.33027 0.11172 0.12707
0.35389 -0.01381 -0.14544
0.28709 -0.10528 0.17504
-0.29272 0.14244 -0.00131
-0.36430 -0.12350 -0.13255
-0.32965 -0.11764 -0.14841
0.21919 -0.09314 -0.15389
-0.02353 0.15302 -0.05165
-0.01219 -0.05215 0.12987
0.36426 0.00561 -0.11890
-0.26466 0.14578 0.05877
0.03960 -0.07810 0.11793
-0.30734 -0.08446 -0.14752
0.41861 -0.11884 -0.07910
0.23742 0.02793 0.15891
-0.00863 -0.06948 -0.16995
-0.03116 -0.05957 -0.17077
-0.07451 -0.06354 -0.16914
-0.00276 -0.06412 -0.17085
-0.07893 -0.05467 -0.17026
0.24592 -0.09807 0.15246
0.33001 -0.05531 0.17674
0.36984 -0.13199 -0.12779
0.25205 -0.01236 -0.16889
-0.02286 -0.01201 0.06934
-0.42082 -0.04671 0.10600
-0.07399 0.03936 0.13576
0.23457 0.04962 -0.00146
0.24649 0.04788 -0.01637
0.05338 -0.12001 0.16973
-0.04421 -0.11361 0.17382
-0.05408 -0.11691 0.17171
0.08677 -0.12314 0.16773
0.36179 0.00591 0.14324
0.19601 -0.02197 0.17383
-0.07277 0.01673 0.11817
0.24773 -0.01583 0.17464
0.13227 0.09906 0.03381
-0.41005 0.03567 0.00170
-0.40784 -0.07958 0.04375
-0.05341 -0.03003 -0.17197
-0.09196 -0.02065 -0.17193
-0.06094 -0.02413 -0.17196
-0.06503 -0.01663 -0.17196
0.18134 -0.06378 0.17335
0.39469 -0.00741 -0.10130
0.25473 -0.13263 -0.15810
-0.06247 0.02290 -0.03263
0.39132 -0.00686 -0.11395
0.20001 -0.10171 -0.14867
-0.30953 -0.07207 0.15246
-0.29639 0.01097 -0.18031
0.39019 -0.03727 -0.11980
-0.37147 -0.06821 0.17546
0.27420 -0.03079 0.13665
-0.37413 0.09062 -0.09081
0.27021 -0.07250 0.14641
0.41542 -0.04833 -0.11596
-0.28703 0.14299 0.05361
0.37351 -0.01538 0.13654
-0.33077 -0.12735 0.12725
0.24673 0.03100 0.15416
-0.27887 -0.03684 0.13187
-0.32027 -0.10078 0.15246
0.13621 0.03077 -0.16245
-0.37872 0.03435 0.14214
-0.14084 -0.08982 0.17716
0.26742 -0.06083 0.15246
0.29254 -0.01867 -0.17748
0.25799 -0.11917 0.17106
-0.39742 0.04417 -0.03715
-0.12037 0.09094 -0.14578
-0.12304 -0.04047 -0.18540
-0.13242 -0.03541 -0.18513
0.37047 -0.01121 -0.15816
-0.34821 -0.05568 -0.15597
-0.33163 -0.06030 -0.17502
0.40905 -0.07144 -0.07691
-0.29179 -0.05734 0.14641
-0.08223 -0.04573 -0.17098
-0.07399 -0.04341 -0.17125
-0.00762 -0.05274 -0.17169
0.02166 -0.06326 -0.17148
-0.34006 -0.06198 -0.11059
-0.31831 -0.08552 0.15246
0.22038 -0.13577 -0.14722
-0.41268 -0.09742 0.05853
-0.31166 -0.01044 0.13382
-0.27762 -0.10412 -0.14752
-0.15100 0.05939 0.15795
-0.11305 -0.08280 -0.17835
-0.42546 -0.03253 -0.04727
0.31528 -0.05610 0.13280
-0.00520 0.13307 -0.12266
-0.05934 0.11821 0.13024
-0.33368 -0.10494 -0.15355
0.25683 -0.08179 0.16804
-0.03916 -0.06679 -0.12905
0.34115 0.01254 0.14269
-0.19956 0.10302 0.13801
0.36217 -0.06511 -0.17814
-0.27310 0.02221 -0.17752
-0.28307 0.13939 -0.09997
0.08289 -0.07972 -0.08960
0.05916 -0.07972 -0.11048
0.08419 -0.07972 -0.07954
-0.03974 0.04213 0.16309
-0.05539 0.04196 0.16369
0.18997 0.04525 -0.14474
0.24358 -0.07833 -0.15355
0.11814 -0.00469 0.17130
-0.02329 -0.00155 0.17486
-0.25533 -0.11919 0.12562
-0.22195 0.09256 -0.14363
-0.40153 0.03860 0.04838
0.25573 -0.10771 -0.15355
0.21926 -0.12974 -0.09440
0.24951 -0.12869 -0.09766
0.25436 -0.12110 -0.10409
0.19683 -0.12043 -0.10003
0.24197 -0.12117 -0.10305
0.14948 -0.08045 0.17037
-0.06469 0.04892 -0.14100
0.29654 -0.07219 0.17200
0.41292 -0.08330 0.09923
0.39676 -0.08223 0.15605
0.40406 -0.11217 -0.15265
-0.28342 0.10126 -0.13869
-0.00993 -0.06005 0.07496
-0.06088 0.10364 0.07622
0.03561 0.05608 0.15664
0.02684 0.06361 0.15357
0.02961 -0.07954 -0.12139
-0.34338 -0.03405 0.12529
-0.26115 0.13119 0.12045
0.10570 0.11560 -0.02923
-0.33726 -0.03878 0.12535
0.32625 -0.10007 0.17655
0.35151 0.00215 -0.15531
-0.16975 -0.12297 -0.16684
-0.21491 -0.11763 -0.17079
-0.16392 -0.11983 -0.16946
-0.19536 -0.11924 -0.16965
-0.03820 -0.12502 -0.16639
0.15910 -0.12830 -0.16555
-0.14842 -0.11563 -0.17305
-0.15566 -0.11169 -0.17621
-0.07266 -0.12224 -0.16834
-0.20492 -0.12114 -0.16800
-0.12908 -0.11940 -0.17014
-0.02117 -0.12466 -0.16684
-0.08228 0.10041 0.09809
-0.30246 0.14090 0.04507
-0.29664 0.14190 0.05454
-0.31998 -0.02913 0.17706
-0.40211 -0.01797 0.13092
0.06783 -0.05896 0.04965
-0.03410 0.10956 -0.13617
-0.31345 0.11993 -0.12566
0.09189 0.11853 -0.08084
0.08293 0.12463 -0.07285
0.18288 -0.00597 0.16872
-0.35524 -0.09030 -0.16146
-0.36745 -0.01018 -0.18064
-0.03325 0.08877 -0.14554
0.00114 0.07085 -0.15206
0.33601 -0.00159 0.14120
-0.04865 0.03234 0.03422
-0.00689 0.00732 -0.17526
-0.36186 0.04552 -0.15285
-0.05627 -0.03216 0.11980
-0.37598 0.05777 0.13291
0.32622 0.00037 -0.16833
0.37885 -0.01090 0.10997
-0.40708 -0.02073 0.12479
-0.12431 0.01750 0.17553
0.13898 -0.00994 -0.17200
-0.26651 -0.09354 0.14641
-0.28271 0.14380 -0.03157
0.38333 -0.04314 -0.16142
0.35887 -0.08033 -0.17826
-0.39108 0.06894 -0.00829
-0.37472 -0.04410 0.16916
-0.23884 0.06408 0.15409
0.12233 0.10429 0.04407
0.11800 0.10646 0.04939
0.32876 0.02981 0.02071
-0.30818 -0.07462 0.17304
0.29484 -0.11571 0.15246
-0.08238 0.09328 0.09707
0.36534 0.00058 0.12685
-0.41088 0.02612 -0.02122
0.32252 0.02293 0.11127
-0.28137 0.08918 0.14283
0.17418 0.07202 0.05604
0.19070 0.06348 -0.03809
-0.31129 -0.03113 0.14869
0.31119 -0.07579 0.14641
0.28742 -0.08540 0.15858
-0.23220 -0.09786 0.13946
0.27101 -0.03050 -0.14054
-0.23082 -0.08120 -0.14682
-0.06943 -0.04904 0.16980
-0.07645 -0.05137 0.16954
-0.04410 -0.04970 0.17015
-0.05436 -0.04665 0.17019
0.32012 -0.08485 -0.17193
-0.31267 0.13901 0.04678
-0.33720 -0.13798 0.17691
0.03604 0.14060 -0.10334
-0.24915 0.14321 -0.09963
-0.13536 0.06900 -0.15525
-0.14392 0.06451 -0.15705
-0.04819 -0.05353 0.07711
-0.28013 -0.00650 0.12536
0.18287 -0.04963 0.17129
-0.33841 -0.10691 0.14641
-0.30003 -0.09315 -0.16913
0.29863 0.03813 0.02272
-0.33913 -0.12105 0.12742
0.05786 -0.11228 -0.17699
0.17622 -0.11395 -0.17708
0.08941 -0.11358 -0.17633
0.17521 -0.12341 -0.16953
0.04063 -0.11640 -0.17350
0.09640 -0.11308 -0.17682
0.28181 0.02195 0.15659
-0.03580 0.01376 0.11594
0.28722 -0.11360 -0.14752
-0.28199 -0.15246 0.16474
0.16682 0.07425 0.07367
0.15402 0.07951 0.09143
0.17678 0.06810 0.07351
0.35002 0.00713 -0.14262
-0.29802 0.13885 0.09213
0.08555 0.11925 0.10000
0.06773 0.10881 -0.13429
-0.14997 0.15322 0.06890
0.13629 0.06971 -0.14405
0.28034 -0.11650 -0.17522
-0.05398 0.15312 0.08356
0.28920 -0.08061 -0.15355
-0.13719 0.11129 -0.13597
0.32927 -0.01500 0.17564
0.28080 0.03528 -0.11445
0.14443 -0.09404 -0.17208
0.13150 -0.09550 -0.17289
0.21957 0.04843 -0.01254
-0.29746 -0.09952 0.15246
0.21331 0.04974 0.08803
0.41690 -0.06503 0.10847
-0.33230 -0.14518 0.17609
0.37521 -0.03446 0.10359
0.18975 -0.07928 0.17610
-0.08234 0.09217 0.07595
0.39486 -0.10067 0.15290
0.40119 -0.10390 0.14193
0.41563 -0.08792 -0.11622
0.25995 0.04536 0.03894
-0.32511 -0.05961 0.14693
0.16349 0.02136 -0.16436
-0.24169 -0.11197 0.17616
-0.25656 -0.02701 -0.15887
-0.42833 -0.04153 0.02772
-0.09508 0.03236 0.16806
0.31813 0.02331 -0.11698
-0.02977 0.00060 0.05010
-0.21867 -0.07927 0.17340
0.03207 -0.07695 -0.02548
-0.06561 -0.02223 -0.14977
-0.28753 -0.05080 0.14641
-0.38175 -0.05882 -0.15985
0.06496 0.06340 -0.15522
0.04524 0.05495 -0.15827
-0.00575 -0.05713 0.02367
-0.33796 -0.04328 0.13945
0.27381 -0.02717 0.12535
-0.33904 -0.07310 -0.15722
0.25256 -0.11673 -0.14752
-0.30553 -0.13497 0.15042
-0.40313 -0.01075 0.13795
-0.01874 0.12123 0.12836
-0.02986 0.11621 0.13145
-0.07895 0.04731 0.16234
-0.05736 -0.03336 0.08319
-0.34655 0.07675 0.14324
-0.41553 -0.02496 0.08430
0.31784 -0.02727 0.13201
0.26113 0.04505 -0.04305
0.26303 0.04523 -0.02971
0.21311 -0.09788 0.12580
0.29343 -0.03238 0.17706
0.25885 -0.10508 0.16483
0.35979 -0.03485 -0.15355
-0.02508 0.01966 -0.17369
0.40702 -0.01700 0.09652
-0.07990 0.11407 0.08090
-0.34449 -0.14321 -0.16072
-0.01343 -0.07207 -0.13802
-0.07852 0.05966 -0.06234
0.37998 -0.00104 -0.13217
0.41570 -0.04304 0.07263
0.09978 0.11893 0.03143
0.09269 0.12269 0.03316
-0.21809 -0.10374 0.14081
-0.01466 -0.05892 0.13242
0.35218 -0.01985 0.16483
0.22895 0.01103 -0.17158
-0.22697 0.09537 0.14109
-0.05452 0.02608 0.17067
0.20621 -0.11712 -0.16849
-0.23714 -0.10300 -0.10912
-0.33709 -0.08211 -0.11052
0.09635 -0.07419 0.04006
0.23337 0.04977 -0.02440
0.36862 -0.00102 -0.15228
-0.05490 0.03706 0.03344
-0.06279 -0.01855 -0.12233
0.27492 -0.07399 -0.15355
0.14428 0.04950 0.18651
0.00510 0.07878 0.14747
-0.08239 0.09731 -0.11032
0.40215 -0.02663 -0.12286
-0.36077 0.11285 0.03133
0.31951 -0.06495 0.13107
0.25739 -0.09286 -0.14752
0.34441 0.02515 0.01317
0.35104 0.02228 -0.01066
0.36660 0.01556 -0.00769
-0.05714 0.00111 -0.17687
0.00911 -0.00134 -0.17521
0.23388 -0.13495 -0.12646
-0.03309 0.00504 -0.04513
0.13658 0.08125 0.12896
0.09737 0.07786 -0.14638
-0.38529 0.07480 -0.07947
0.41930 -0.07867 0.06364
-0.35330 -0.06631 0.14737
-0.41385 -0.09827 -0.07750
0.42065 -0.01735 -0.01047
-0.36249 0.05731 -0.14647
0.40045 -0.00654 0.06884
0.31551 0.03296 -0.03903
0.30978 0.03502 -0.03226
-0.07972 0.15489 -0.05112
-0.19402 0.07899 0.14886
-0.29453 -0.10811 0.17605
-0.30569 -0.08714 0.14641
-0.08029 0.14638 0.10910
-0.01798 0.10255 0.13769
-0.30628 -0.04016 0.14179
0.02365 0.14742 -0.04595
-0.00658 0.06405 -0.15499
-0.11917 0.15410 0.06670
0.31835 -0.10381 0.15025
0.34822 -0.09003 -0.15957
0.38705 -0.02933 0.12228
-0.32019 0.03622 -0.16864
0.06615 -0.05614 -0.13524
-0.32783 -0.06861 0.10924
-0.38040 -0.06276 0.11000
-0.31784 -0.06215 0.10913
-0.31131 -0.11020 0.15306
-0.05164 0.11020 0.13468
-0.00215 -0.05530 -0.03274
0.26202 -0.13430 -0.16709
0.40463 -0.05321 0.14459
0.20869 0.05049 -0.05488
-0.05616 0.02261 -0.15101
0.15175 -0.02428 -0.17169
0.07397 -0.05561 -0.04900
-0.34343 -0.12963 -0.17807
-0.23230 0.13996 -0.11338
0.41478 -0.08247 -0.11031
-0.05086 -0.01035 0.16649
-0.37625 -0.07724 0.13673
0.24493 -0.03720 0.15376
-0.24298 0.12877 -0.12530
-0.34804 -0.11034 -0.17235
0.14976 0.03777 0.15394
0.27840 0.04255 0.00286
0.27173 0.04396 -0.01491
0.29534 -0.01416 -0.15810
0.33035 -0.03382 -0.10693
0.41416 -0.09158 -0.12573
-0.38050 -0.00804 0.16753
-0.10371 -0.06724 -0.17907
0.41420 -0.03642 -0.08218
0.34852 0.01130 0.13232
-0.31425 0.13943 -0.02442
0.23025 -0.08192 -0.14752
-0.36757 0.07951 -0.12737
-0.25600 0.13854 -0.11074
-0.07155 0.00858 0.03965
-0.13708 0.00526 0.17704
-0.26172 -0.05162 0.15065
0.38389 -0.03915 0.14372
-0.20386 0.14938 0.08216
0.15440 0.08379 0.05870
-0.29105 -0.12299 0.17158
0.30317 -0.06166 -0.14752
0.25256 -0.09463 0.15246
0.09858 -0.06027 0.02788
-0.41188 -0.04009 -0.14118
0.19517 0.06031 0.04109
0.20508 0.05415 0.03754
0.20093 0.04748 0.13103
-0.26471 -0.01241 -0.13565
0.02541 -0.06009 -0.13266
0.05438 0.14061 -0.05234
-0.06180 -0.03157 0.14537
-0.35068 -0.13838 -0.16234
0.41505 -0.06284 -0.12123
-0.22084 -0.06705 0.11258
0.26472 -0.15562 -0.14852
0.18966 -0.08598 -0.14806
0.08308 -0.05689 -0.12996
0.40592 -0.04858 0.13896
-0.23193 -0.11430 -0.10903
-0.24908 -0.10471 -0.10928
-0.31082 -0.09512 -0.11014
-0.22192 -0.11983 -0.10889
-0.33134 -0.06677 -0.15355
0.04342 -0.05907 0.01705
0.15360 0.07042 -0.12943
0.14380 0.08908 0.06863
0.12154 0.09827 0.10022
0.13423 0.09272 0.08455
-0.31468 -0.03176 0.12944
0.02535 0.10536 0.13530
0.03167 0.10075 0.13740
0.19195 -0.03048 0.17447
0.22265 -0.01971 0.12979
0.36169 -0.04268 -0.17864
0.04841 -0.07851 -0.06040
-0.01439 -0.04643 0.14891
0.27752 -0.01035 -0.15507
-0.40652 -0.06564 -0.13315
-0.07317 0.06342 -0.06014
-0.11642 -0.07206 -0.17764
0.22717 -0.05365 0.13574
-0.32423 0.13275 -0.05758
-0.26287 -0.08656 0.17248
0.28631 0.01731 -0.16517
-0.28829 0.03903 0.16612
-0.32527 -0.06666 0.15246
-0.36249 0.10855 -0.07620
0.06161 -0.05851 0.09986
0.41510 -0.07702 0.11846
-0.26638 0.03370 0.17033
0.28012 -0.06823 -0.17608
0.30311 -0.07832 -0.14752
0.32607 -0.03567 0.13987
0.16204 0.04597 -0.15276
-0.35901 0.03818 -0.16008
-0.25932 -0.05525 -0.16270
-0.25456 0.07360 -0.15108
-0.28179 -0.08155 0.14641
-0.01653 -0.05095 -0.15747
-0.33487 0.00429 0.17926
-0.08645 0.15134 -0.09468
0.41288 -0.02830 -0.09170
-0.24691 -0.02457 -0.12595
-0.07438 0.01537 0.09515
-0.01305 -0.04109 -0.13106
-0.18727 -0.09456 -0.17830
-0.11750 -0.10159 -0.17830
0.41542 -0.08307 -0.08449
0.21823 -0.08252 0.13119
-0.13091 0.02945 0.17066
-0.37064 0.04803 0.14472
-0.41083 -0.01348 0.11793
-0.34651 -0.11431 -0.12645
-0.31669 -0.03817 -0.14210
-0.14944 -0.06731 0.17594
-0.30435 -0.05705 0.10896
0.37507 -0.00096 0.14211
-0.34798 -0.03879 -0.12643
-0.09647 -0.09185 0.17717
-0.12849 -0.09933 0.17714
-0.15948 -0.09723 0.17713
0.26431 -0.03099 0.15911
0.08123 0.12752 -0.05336
-0.31222 -0.07910 -0.17128
0.37892 -0.13201 0.00462
0.39750 -0.13203 -0.03905
0.41179 -0.13204 -0.00213
0.40459 -0.13203 0.02778
0.39530 -0.13203 0.00046
0.35815 -0.13200 -0.00267
0.35324 -0.13200 0.00160
0.37775 -0.13201 -0.01187
0.38720 -0.13202 0.02940
0.37598 -0.13201 -0.00338
0.40195 -0.13203 -0.02471
-0.22460 0.03357 -0.17079
-0.06654 0.04198 0.03398
0.41476 -0.10622 -0.12184
-0.00762 0.10353 -0.13804
0.35140 0.00672 -0.15058
0.33527 -0.01480 0.17398
0.09042 -0.06617 -0.15370
-0.41522 -0.01791 0.06673
-0.31141 -0.09317 -0.14752
-0.01551 0.01039 -0.17521
-0.39943 0.02950 0.10942
-0.17869 0.15247 -0.05415
-0.08227 0.10062 -0.08835
-0.00963 -0.05980 -0.06857
-0.08508 -0.07508 0.17694
0.07630 0.13084 -0.04554
-0.01775 -0.06431 -0.03471
-0.02198 0.04653 0.16091
0.00322 0.04521 0.16089
-0.07033 0.06815 0.11231
-0.01338 -0.04858 0.10537
-0.22326 0.01136 0.17841
-0.21509 -0.00030 0.17811
-0.39321 -0.01111 0.15083
-0.42310 -0.02874 -0.02208
-0.28618 -0.07060 0.14641
-0.06781 -0.00586 0.10615
0.10122 0.11884 -0.00497
0.11344 0.11145 -0.00766
-0.38989 -0.00436 0.14279
-0.33787 0.04516 -0.16024
-0.03389 0.12961 0.12420
-0.25344 -0.06829 -0.14081
0.41975 -0.05014 -0.08211
0.15150 0.06982 0.13327
0.14614 0.00627 -0.17135
-0.31496 -0.15475 0.12965
-0.31867 -0.13287 0.16516
0.35739 0.01367 -0.08862
0.40836 -0.11270 -0.14073
0.31687 0.03075 -0.07492
0.29617 0.03647 -0.08029
-0.05581 -0.04380 -0.02764
-0.35585 -0.08306 -0.15134
0.26736 -0.07707 0.17218
-0.31198 -0.06801 0.16139
-0.38939 -0.11324 -0.07894
-0.40229 -0.10841 -0.05788
-0.40826 -0.10557 -0.05624
0.36539 0.00339 0.10431
0.06704 0.03816 -0.16354
0.29596 -0.10519 0.14641
0.26103 -0.09342 -0.15355
0.25020 -0.09661 0.17286
0.16471 -0.02896 0.17022
0.13977 -0.01745 0.17080
0.16866 0.07498 -0.06096
0.17722 0.06987 -0.05920
0.14550 0.04991 -0.17283
-0.41544 -0.09501 0.04179
0.21891 -0.07411 -0.14646
-0.33616 -0.13993 -0.17782
0.03682 0.14419 0.06694
-0.31938 0.07788 0.14679
-0.37899 0.08968 0.05043
-0.27965 -0.01390 -0.17179
0.24925 0.03956 0.12825
0.24756 0.04278 0.11087
0.20205 0.03616 0.15339
0.28402 -0.01896 0.17681
-0.28689 0.11654 -0.13096
-0.35513 -0.09113 0.14584
-0.05888 -0.02876 0.11518
0.09201 -0.07640 0.04999
-0.08235 0.02434 -0.17414
0.41304 -0.05575 0.12827
-0.40158 -0.07926 0.14035
-0.40154 -0.07102 0.13400
-0.07713 0.03350 -0.05162
-0.05925 -0.09230 0.17686
0.03085 -0.06171 0.10693
-0.22700 0.11616 0.13125
0.12730 -0.07657 0.17083
0.13785 -0.07193 0.17063
0.16717 -0.07616 0.17005
0.14925 -0.07039 0.17041
-0.40372 -0.07939 -0.04481
0.26886 0.04165 -0.08902
-0.34632 0.04519 0.15751
0.20489 -0.06500 -0.17746
0.25827 -0.05546 0.15246
-0.41063 -0.01167 -0.11693
-0.11008 0.15485 0.05138
-0.36822 -0.04870 0.13001
0.26357 -0.14371 -0.17803
-0.08039 -0.00029 0.16972
-0.36044 -0.11135 0.12537
-0.05893 -0.02959 0.09232
-0.14599 0.02897 -0.17248
0.15165 0.08660 0.04720
-0.17812 0.03187 0.16976
-0.07524 0.07250 0.10262
-0.34744 -0.05451 0.15178
-0.05326 -0.03951 0.03670
-0.35740 0.11504 -0.05534
0.30048 -0.04019 -0.17042
0.08589 0.09837 0.13655
-0.14784 0.06504 0.15558
0.03290 0.11553 0.13050
-0.23145 -0.07185 0.14893
0.38185 -0.11305 0.15727
0.39578 -0.09611 0.13313
0.39202 -0.09540 0.13965
0.40126 -0.08346 0.12365
0.39818 -0.08570 0.12897
0.22869 -0.05344 -0.17159
-0.04336 0.02524 -0.05794
0.42837 -0.05266 -0.03553
-0.24186 -0.06685 -0.10918
-0.39955 0.00439 -0.13439
0.24197 0.04784 -0.05462
-0.29785 -0.00355 -0.15456
-0.34425 -0.01041 0.17903
-0.35785 0.10696 -0.10322
-0.07204 0.11645 0.08796
-0.02108 -0.06468 0.12280
-0.02913 -0.00186 -0.12576
-0.07177 0.01394 -0.13185
-0.16516 0.15080 -0.08946
-0.33687 -0.12303 -0.17685
-0.01152 -0.07699 -0.06278
0.15352 0.05990 -0.14570
0.33955 -0.10564 0.13257
0.21731 -0.03301 -0.15544
-0.01106 0.12240 -0.12860
-0.02282 0.12279 -0.12886
0.15078 0.04786 0.15331
-0.02392 -0.06755 -0.14041
0.08140 -0.05470 -0.13856
-0.35957 -0.07855 -0.17816
-0.41544 -0.09761 -0.01932
0.05470 0.04674 0.15999
-0.27180 -0.14860 -0.16674
-0.30909 -0.10860 -0.14752
-0.09945 0.02686 -0.17296
0.39523 -0.05601 0.15865
0.34843 0.01892 -0.07936
0.34453 0.02146 -0.07254
0.33301 -0.03727 0.16144
-0.25080 0.05632 0.15675
0.31039 -0.06841 0.15246
-0.30473 -0.13343 0.17048
0.23912 -0.10593 -0.14752
-0.01132 0.15073 0.07708
-0.33948 0.11998 0.10538
0.09581 -0.07202 -0.10611
0.20566 0.04277 -0.14516
-0.05854 0.09274 -0.12476
0.34661 -0.01069 0.13395
0.40396 -0.01166 -0.09214
0.39812 -0.00726 -0.08298
-0.32166 -0.15353 -0.14225
-0.07453 0.02411 -0.12557
-0.10059 0.15369 -0.07518
-0.23501 -0.10556 -0.17459
-0.39789 -0.07314 0.04438
0.38420 -0.10350 -0.15488
0.39749 -0.10698 -0.13185
0.38885 -0.09148 -0.14683
0.38597 -0.09726 -0.15182
-0.02626 -0.01846 0.14106
-0.15878 0.14372 0.11314
-0.23409 0.02649 -0.17576
0.32123 -0.09557 0.12535
-0.35215 -0.10226 0.16935
-0.35257 -0.10094 -0.14881
0.28593 -0.13270 0.12752
-0.27230 -0.05653 -0.15355
0.26582 -0.12167 0.14641
-0.18739 -0.05750 0.17722
-0.16196 -0.01932 0.17722
-0.18793 0.07891 -0.15016
-0.38382 0.07017 0.09662
0.18186 -0.03633 -0.17022
-0.39554 -0.00477 0.13705
0.26620 0.04206 0.09010
0.27823 0.03961 0.08929
0.39217 0.00224 -0.02990
0.39108 0.00233 -0.03650
0.13345 0.09642 -0.05944
-0.42327 -0.02937 -0.03839
-0.08898 -0.07809 -0.17791
-0.00743 -0.07751 0.12709
0.19204 0.05264 -0.10485
-0.23849 -0.07975 -0.10915
0.11126 0.05153 0.15515
0.29983 -0.13453 -0.12685
-0.37199 -0.00924 0.17913
-0.39974 -0.09793 0.16364
-0.24688 0.14799 -0.00316
-0.25365 0.14725 -0.01150
0.27998 -0.06689 -0.14752
0.36888 -0.03592 0.14184
0.11621 0.10250 -0.09305
0.11775 0.09976 -0.10715
-0.38896 -0.00647 -0.14754
0.21244 -0.11768 -0.12715
0.15981 -0.00675 0.17036
0.04347 -0.06666 0.15480
0.06679 0.07007 0.15164
-0.01461 -0.04031 0.11265
-0.39254 0.05861 0.06886
0.32124 -0.09518 0.13794
0.31971 -0.05088 -0.17769
0.23125 -0.06407 0.14725
-0.20666 0.08783 0.14490
0.39978 -0.00329 0.04168
0.38461 0.00704 0.02432
-0.33528 0.01954 0.17620
0.13653 0.05985 0.16276
0.34642 -0.10973 -0.17733
-0.09144 0.08873 0.14405
0.03179 0.10942 -0.13458
0.04431 0.10771 -0.13532
0.16249 0.08213 -0.02144
0.21346 0.04969 -0.08825
-0.31320 -0.12409 -0.14752
0.09614 -0.07033 -0.08698
-0.06367 -0.02751 0.02559
0.41443 -0.12496 -0.11856
0.27279 -0.08604 0.15246
0.09087 -0.05488 -0.03168
0.21477 0.01388 -0.16738
0.13774 0.08595 0.11331
0.04287 -0.05951 0.12366
-0.05844 0.07717 0.08780
0.05714 -0.07770 -0.05739
0.28017 -0.06906 -0.16687
0.25350 -0.08206 0.14641
-0.40064 0.03358 -0.08694
0.33182 0.00261 0.16311
-0.10425 -0.02425 -0.17839
-0.24125 0.01031 0.17857
-0.26124 0.01207 0.17892
0.31112 -0.09319 0.14641
0.29642 -0.09117 -0.15506
0.29107 -0.13077 -0.17379
-0.13880 0.15349 -0.07054
-0.01405 -0.06014 -0.14862
-0.27513 -0.13768 -0.12654
0.22184 0.05008 0.07051
0.32917 0.02764 0.06480
0.41814 -0.04697 0.10168
-0.07773 0.10394 -0.12618
0.05004 0.02304 -0.16805
0.35917 -0.07942 0.17708
0.36419 -0.03671 0.14939
-0.37628 -0.07773 -0.15338
0.09623 -0.06762 0.10363
0.07643 -0.05763 0.06572
-0.23682 -0.05387 0.13547
-0.23869 0.04641 0.16071
-0.33597 0.12294 -0.10421
0.14818 -0.03673 -0.17172
0.12612 -0.05085 -0.17212
0.13731 -0.03389 -0.17196
0.12325 -0.05649 -0.17216
-0.01713 -0.06193 0.06734
0.03221 -0.06183 -0.12810
0.23792 -0.04142 0.12535
-0.23942 -0.07075 0.12566
0.26902 -0.01081 -0.12975
0.23876 0.04758 -0.07837
0.23480 0.04763 -0.08866
0.41561 -0.11327 0.10629
-0.33427 0.12790 0.08421
0.33480 -0.03973 -0.14933
0.30646 0.01047 -0.16620
-0.35941 -0.02548 0.15391
-0.07166 0.06538 -0.15582
0.36991 -0.02312 -0.13101
0.37466 -0.01323 -0.10325
0.08481 0.05384 0.15648
0.32445 0.01124 -0.15615
0.23044 -0.07686 0.15246
0.34732 -0.10251 0.17241
0.34761 -0.10020 0.14571
0.18964 -0.10021 -0.12552
0.18964 -0.10650 -0.14179
-0.03041 -0.02481 0.01538
0.10618 0.11369 -0.05064
0.16926 0.04808 0.14743
0.39503 -0.09095 -0.16166
0.37774 -0.00367 -0.14272
-0.40316 0.01432 0.12779
0.28118 -0.09477 0.15246
-0.04385 0.01637 0.03308
-0.24256 0.13680 0.11620
0.19948 -0.04576 -0.12094
-0.34131 0.11547 -0.11617
0.22553 0.00761 0.17207
0.08628 0.12671 -0.02679
-0.36096 0.10720 0.09080
0.33141 0.01208 -0.15201
-0.36280 0.09338 -0.11932
0.28956 -0.10824 0.15246
-0.08959 0.12935 -0.12515
0.32052 0.02891 -0.08294
-0.08899 0.11960 -0.13001
0.07418 -0.07972 0.07857
0.08275 -0.07972 0.08483
0.08595 -0.07972 0.10577
-0.22336 0.02191 -0.17718
0.06645 0.13610 0.04274
0.08730 -0.09556 0.17375
-0.25228 -0.07341 0.12930
0.21022 -0.12409 0.16608
0.04665 -0.05677 -0.14868
0.32562 0.03082 -0.00568
-0.14459 0.13493 -0.12323
0.29909 0.02610 0.12834
-0.24467 0.05952 -0.15688
-0.22353 -0.05874 -0.10987
-0.05228 0.07379 -0.15200
-0.04434 0.07209 -0.15258
0.34228 -0.00169 -0.16365
0.26091 0.04154 -0.10389
0.28299 0.03720 -0.10242
0.07778 0.09091 -0.14296
-0.25509 -0.13709 -0.16467
-0.09706 0.04153 0.16428
-0.07177 0.06673 -0.10956
0.38790 -0.08628 -0.16613
0.39019 -0.11354 -0.16216
0.39427 -0.11484 -0.15509
0.27732 -0.12571 -0.14853
-0.00810 -0.07735 -0.05156
-0.38981 -0.09003 0.06869
-0.39010 -0.08079 0.00538
-0.39034 -0.09540 -0.04649
-0.39057 -0.06747 -0.09453
-0.38997 -0.09248 0.03364
-0.39015 -0.08043 -0.00420
-0.39036 -0.08774 -0.04979
-0.39054 -0.09167 -0.08816
-0.38968 -0.09966 0.09536
-0.39020 -0.09105 -0.01605
-0.39028 -0.09146 -0.03221
-0.38986 -0.09187 0.05613
-0.39048 -0.09033 -0.07431
-0.39071 -0.06310 -0.12335
-0.39069 -0.08940 -0.11890
-0.39006 -0.09567 0.01486
-0.16482 0.08308 -0.14866
-0.39608 -0.08450 0.04930
0.21910 -0.09251 0.16480
-0.21966 -0.07272 -0.11890
0.22865 0.04483 0.11773
0.23378 0.04544 0.10889
-0.41419 -0.04821 -0.13507
0.13068 0.05668 0.15138
-0.23119 -0.04308 -0.13920
-0.25135 -0.08643 -0.17816
0.34328 -0.08238 0.13378
0.08509 0.10615 -0.13255
-0.39542 -0.11070 -0.03466
0.42566 -0.04392 0.04021
-0.08059 0.03998 0.11330
0.41020 -0.04105 -0.09643
-0.30097 -0.11104 -0.15355
0.28986 -0.00760 -0.13466
-0.42134 -0.08891 0.02578
0.16303 0.07883 0.05600
-0.03580 -0.02139 0.15512
-0.29361 -0.03147 0.13078
0.34533 -0.06228 0.11916
0.22120 -0.06527 0.14144
-0.32518 0.01965 -0.17855
0.26079 -0.12516 0.14715
0.41424 -0.03402 0.09802
-0.28905 0.14304 0.02558
-0.28385 0.14368 -0.00602
-0.26273 0.06898 0.15165
0.41806 -0.01703 0.00649
0.14209 -0.02703 0.17072
0.13072 -0.04158 0.17090
0.14354 -0.04917 0.17059
0.11994 -0.06357 0.17103
-0.38918 0.06230 -0.08791
0.36899 -0.01252 0.11469
0.17241 0.06646 0.09793
0.16855 0.06714 0.10789
0.41684 -0.04413 -0.07601
-0.06583 -0.07198 0.17638
-0.40945 0.01216 0.07906
-0.29505 -0.01049 0.14217
0.22471 -0.10828 0.17706
-0.38776 0.01748 0.15087
-0.39623 0.04984 0.04061
-0.23659 0.14901 0.03184
-0.36518 -0.06797 0.12534
-0.10465 0.15404 -0.06895
0.27457 -0.04338 0.14641
0.35449 -0.00170 -0.12548
0.33621 -0.04203 0.13731
0.13435 -0.09883 0.17131
0.06407 -0.05617 -0.04861
0.08154 0.06454 0.15253
-0.31941 0.13859 0.02247
0.40735 -0.00657 -0.02417
0.39803 -0.00124 -0.02967
-0.10283 -0.03070 -0.17542
0.28024 -0.12649 -0.17290
-0.37980 0.01237 -0.16260
-0.41214 -0.00815 0.02877
-0.41284 -0.01327 -0.00343
-0.41153 -0.00369 0.01408
-0.41041 0.00446 0.01780
0.19492 0.06175 0.02149
-0.34759 0.12400 -0.01955
-0.30428 0.02700 -0.17509
-0.29488 0.13558 -0.10928
-0.28849 -0.07892 -0.17524
-0.07158 0.11494 -0.12256
-0.19559 -0.00693 -0.17899
-0.20175 -0.02019 -0.17896
-0.37909 0.00175 0.17188
-0.06873 0.11411 0.07405
-0.40634 0.02370 0.08046
0.32063 -0.13165 -0.02360
0.29808 -0.13130 -0.09397
0.33386 -0.13186 -0.08431
0.26024 -0.13071 -0.09508
0.33197 -0.13183 -0.05579
0.24795 -0.13052 -0.08794
0.33647 -0.13190 -0.00901
0.30752 -0.13145 -0.05275
0.29648 -0.13127 -0.04094
0.27481 -0.13093 -0.08116
0.21792 -0.13005 -0.08778
0.27967 -0.13101 -0.06541
0.29991 -0.13133 -0.08277
0.31415 -0.13155 -0.02304
0.29373 -0.13123 -0.05067
0.27641 -0.13096 -0.08734
0.29169 -0.13120 -0.03246
0.31188 -0.13151 -0.09247
0.28730 -0.13113 -0.05914
0.32561 -0.13173 -0.06903
0.29299 -0.13122 -0.08204
0.33295 -0.13184 -0.02861
0.15349 0.03624 0.16369
-0.41637 -0.03658 0.12757
-0.16793 0.15384 -0.01183
-0.17122 0.15366 -0.02627
0.28748 0.01326 0.16938
-0.01599 -0.06091 -0.04413
-0.01235 -0.05315 -0.05107
-0.26826 0.08427 -0.14628
0.09752 0.11384 0.08980
0.12103 0.10278 0.06824
0.41376 -0.10687 0.10391
-0.17136 -0.10327 0.17713
-0.15160 -0.10529 0.17713
-0.19198 -0.09767 0.17713
-0.29826 -0.07152 -0.15355
-0.30460 0.14103 -0.02027
-0.30208 0.14143 0.02282
-0.29384 0.14276 0.02905
-0.31371 0.13957 0.00142
0.06709 0.09667 0.14010
0.28177 -0.10300 -0.15355
-0.30965 -0.03099 -0.15470
-0.03706 -0.04018 -0.17184
-0.05233 -0.04034 -0.17169
-0.07352 -0.03546 -0.17165
-0.08788 -0.03270 -0.17160
-0.07480 0.04900 0.03930
-0.11522 0.10831 -0.13757
0.25690 -0.13337 0.12660
0.23003 -0.01500 -0.16155
0.21122 0.03921 0.14951
0.06649 0.11423 -0.13124
0.32245 -0.08723 -0.16165
-0.02851 -0.07141 -0.07569
-0.22186 -0.05697 -0.17847
-0.39557 0.04201 0.07049
-0.31371 0.13885 -0.04770
0.08318 0.10689 0.13096
-0.13909 -0.02960 0.18360
-0.10602 -0.03352 0.18472
-0.39020 -0.10051 0.15501
-0.38893 -0.09164 0.15180
-0.34862 0.11092 0.11205
0.25350 0.03668 0.13360
-0.08169 0.12778 0.12480
0.20563 0.05348 -0.04466
0.27588 0.04152 0.06894
0.28877 0.03885 0.06619
-0.41353 -0.01393 -0.08435
-0.11255 0.07614 0.15114
-0.16156 0.15240 -0.07351
0.19104 -0.02558 -0.17303
-0.24213 -0.12216 -0.15252
0.41931 -0.09601 0.01730
0.41930 -0.09633 0.00700
0.13616 -0.00810 0.17089
-0.34288 -0.02134 -0.17317
0.10582 0.10284 0.12036
0.09439 0.11282 0.10745
-0.31870 -0.09975 -0.15355
-0.28036 -0.03613 -0.16792
-0.07515 0.05312 -0.13415
-0.02634 -0.09945 0.17713
-0.41248 -0.02194 -0.11573
-0.14210 -0.06384 -0.18022
-0.24429 0.12415 0.12693
-0.30490 0.13974 0.07199
0.27948 -0.15516 0.15550
0.10196 -0.08283 0.17217
0.09567 -0.08277 0.17236
0.34336 -0.08415 -0.13802
-0.01464 -0.04018 0.10235
0.05642 -0.05899 -0.07065
0.25695 -0.03242 0.12729
-0.25479 -0.06229 0.12535
-0.07986 0.15562 -0.02296
-0.09351 0.15562 0.00689
-0.34834 0.12065 0.07608
0.28047 -0.02671 -0.17742
0.00639 0.08575 -0.14567
0.00892 -0.05783 0.14509
-0.21925 -0.11396 0.14613
-0.21902 -0.11232 0.11596
-0.03368 0.04605 -0.16258
-0.03471 0.02972 -0.16874
0.25972 0.04433 0.07771
0.26854 -0.00988 0.14517
-0.31747 -0.15293 -0.17516
-0.29674 -0.02058 -0.12642
0.31944 -0.13666 -0.16043
-0.34396 -0.06656 -0.14842
0.37300 0.01279 0.01951
-0.25547 0.03507 0.16878
-0.09074 0.13658 -0.12148
-0.36975 0.09488 0.09481
0.31505 -0.10353 -0.17165
0.23754 -0.01127 0.14585
0.27082 -0.00479 -0.11156
-0.05983 0.07801 -0.05919
-0.39187 0.06623 -0.03846
-0.25382 0.14501 -0.08611
-0.39914 -0.10307 -0.16493
-0.30497 -0.04002 -0.15809
0.32089 0.00528 0.16466
-0.40364 -0.09734 0.11403
-0.23913 -0.08469 -0.12660
-0.23029 0.14778 0.07503
0.32228 0.02319 -0.11190
0.33176 0.02145 -0.10443
-0.03679 -0.02108 -0.17200
-0.08428 -0.00414 -0.17195
0.05676 -0.05681 -0.13618
0.24753 -0.07830 -0.14752
-0.32390 -0.02962 -0.17744
-0.29215 0.00078 0.17851
0.00946 -0.06153 0.09279
-0.22647 -0.10547 0.10780
-0.24141 -0.10280 0.10801
-0.11431 0.00088 -0.17910
-0.33964 -0.05449 0.17172
0.24258 0.03687 -0.14244
0.31590 -0.11609 -0.17816
-0.19297 0.15153 0.05485
0.28424 -0.04811 0.15246
0.40838 -0.08942 0.05885
0.41779 -0.08942 0.05516
0.41259 -0.08942 0.03463
-0.04122 0.02100 -0.04876
-0.07535 -0.00311 0.14796
0.23742 0.00230 -0.17743
-0.06935 0.03577 -0.14510
-0.03067 -0.00770 -0.03947
-0.07426 0.01493 -0.11934
0.34158 -0.12023 0.10450
0.25050 -0.10627 0.10450
0.24269 -0.11081 0.10450
0.23018 -0.11390 0.10450
0.19591 -0.08893 0.10450
0.27941 -0.11145 0.10450
-0.32161 -0.03367 -0.16372
-0.06636 0.11165 -0.06832
-0.35830 0.09644 0.12322
-0.28274 -0.07178 0.10858
-0.30609 -0.07285 0.10891
-0.32579 -0.12791 0.17014
-0.02401 -0.00899 -0.07998
-0.03256 0.00385 0.17474
-0.10334 0.00747 0.17630
-0.19865 0.05592 -0.15923
-0.25991 0.08187 -0.14752
-0.24056 0.14868 -0.02219
0.34895 -0.00611 0.15161
0.10488 0.08926 0.13868
-0.27136 -0.14834 0.17003
0.23430 0.04926 0.04878
0.33221 -0.04427 0.13139
-0.00518 0.12656 0.12512
0.25656 -0.05326 -0.15894
-0.31004 0.06534 -0.15363
-0.14107 0.08312 -0.14902
-0.15213 0.08187 -0.14938
-0.41468 -0.02386 -0.09443
0.18593 0.06610 0.04353
0.17397 0.07364 0.04000
-0.22598 0.04517 -0.16265
0.00724 0.06894 0.15153
-0.03266 0.08289 0.14678
-0.30932 -0.11693 0.15246
-0.41171 -0.00794 0.09330
0.14504 0.04601 0.17872
-0.24888 0.09423 0.14131
-0.32943 -0.07480 -0.11042
-0.36097 -0.07482 -0.11085
-0.34208 0.12598 -0.05649
0.05270 0.13944 0.08492
-0.15365 0.15426 0.03868
0.20345 0.05060 0.07501
0.29399 -0.09372 -0.14752
-0.27749 0.14441 0.03029
0.09922 -0.06257 0.03488
-0.41430 -0.08104 0.02672
0.28412 -0.04161 -0.14774
-0.19894 0.09712 -0.14187
-0.34461 0.05115 0.15373
0.31255 -0.01784 0.15832
-0.10830 0.12380 0.12746
-0.11771 -0.03731 0.18438
-0.12838 -0.03996 0.18408
0.34439 -0.12404 0.13766
0.25366 -0.06947 0.15306
-0.18339 0.09246 -0.14422
-0.04432 0.13770 -0.11831
-0.06878 -0.02004 0.14935
0.12760 0.10247 -0.02664
-0.27660 0.06835 -0.15286
-0.32675 -0.04611 0.15246
-0.31136 0.09049 -0.14264
0.41359 -0.07377 0.12790
0.05117 -0.05958 0.08742
-0.42025 -0.05835 -0.10376
-0.07555 0.00546 -0.03746
0.26862 -0.07682 0.15246
-0.04707 -0.05457 -0.14755
-0.36022 0.11364 -0.02049
-0.09645 0.14451 -0.11413
0.07660 -0.08233 -0.17383
0.02848 -0.08877 -0.17574
0.41284 -0.09017 -0.09710
-0.42112 -0.02887 0.06512
0.25772 -0.10334 -0.14752
-0.08092 0.05582 -0.10243
-0.29693 -0.15559 0.15322
-0.23187 -0.09546 -0.14480
-0.41342 -0.01071 0.07832
0.42480 -0.05560 0.01555
-0.35543 0.08628 0.13375
0.30933 0.02307 -0.12451
0.40855 -0.01465 0.06946
-0.28345 -0.00568 0.16795
0.24403 -0.09094 0.15306
0.27841 -0.15535 -0.16376
0.23053 -0.11644 -0.17582
-0.11294 0.10300 0.13864
-0.30593 -0.00350 -0.14507
-0.05248 -0.04876 -0.15638
0.28208 0.03028 0.13181
0.06121 0.12245 -0.12557
-0.20799 0.02222 -0.17687
-0.26230 -0.06949 0.14660
-0.40229 -0.01873 -0.13166
0.34297 -0.08959 -0.16444
0.01831 0.12376 -0.12743
0.24166 -0.06984 -0.14191
-0.23234 0.14866 0.05532
0.09257 -0.05986 -0.07834
-0.10647 -0.05115 -0.18546
-0.32942 -0.02089 -0.12704
-0.34931 0.04801 -0.15560
-0.37679 0.06868 -0.11978
0.19309 0.04807 0.13406
0.22448 -0.05774 -0.17780
0.17775 0.04882 -0.14076
-0.00793 0.09494 0.14084
-0.02863 0.10119 0.13864
-0.34249 -0.04162 0.17706
-0.30839 0.01053 0.17915
0.23951 -0.14897 0.15822
-0.04829 0.13301 0.12226
-0.29651 -0.07004 -0.14752
-0.39612 0.05336 0.00252
0.38375 -0.03722 -0.13512
-0.40237 -0.04687 -0.15925
-0.04677 0.04076 0.09618
-0.28282 0.11958 0.12829
-0.34606 0.10442 -0.12718
0.39140 -0.13201 0.14516
-0.33135 0.09125 -0.14017
0.16493 0.06874 -0.11329
0.17747 0.06600 -0.08389
-0.28197 0.14211 0.08434
-0.04409 0.03360 0.12562
-0.07116 -0.00177 -0.14407
0.02572 -0.06005 0.12552
-0.30574 0.13630 -0.09905
-0.29267 -0.07558 0.15246
-0.29013 -0.04324 -0.14752
0.20436 -0.05213 -0.15129
0.22192 0.04882 -0.02298
0.24385 -0.09999 -0.17063
-0.06078 0.09769 -0.14147
-0.41712 -0.02766 0.09064
-0.35840 -0.03476 0.13722
-0.24927 -0.06997 -0.12645
0.09590 -0.07177 0.09081
0.10236 0.11391 -0.07023
0.09690 0.11301 -0.09931
-0.30481 -0.15562 0.15180
0.03857 0.14426 -0.06015
0.23769 -0.04213 -0.15339
0.42200 -0.04413 -0.05165
-0.08127 0.05053 -0.08024
-0.28301 -0.06373 -0.15416
0.01233 -0.05850 0.03535
0.29468 -0.00899 0.12181
-0.22227 0.10001 -0.14027
0.22931 -0.01538 0.12774
0.21855 0.02350 -0.16232
-0.38947 -0.09544 -0.15630
-0.38927 -0.09399 -0.14041
-0.05566 0.05918 0.12282
-0.05456 -0.03988 -0.09686
-0.38171 0.00469 0.14304
0.39748 -0.09899 -0.15874
0.09932 0.11922 -0.03197
0.09457 -0.07488 0.06354
0.02581 -0.07770 0.11999
0.28138 -0.08367 -0.15355
0.41130 -0.03776 -0.09173
-0.02913 0.00259 -0.07056
0.28544 -0.08588 0.17566
-0.36000 0.03197 -0.16413
-0.03437 -0.06931 -0.14217
0.38241 -0.02435 -0.11743
-0.18932 0.15127 -0.06554
-0.24268 -0.02850 -0.11686
-0.15765 -0.00418 0.18021
-0.01644 -0.02948 0.12945
-0.21947 -0.00822 -0.17922
-0.22285 -0.00340 -0.17934
-0.37142 0.09671 -0.08161
-0.42727 -0.03562 -0.03945
0.15008 0.05950 0.14584
-0.06336 0.10185 -0.12661
0.14198 0.05261 -0.19175
-0.35234 -0.02841 -0.16987
-0.01163 0.04260 -0.16318
0.01648 0.04010 -0.16350
0.01278 0.14095 -0.11142
0.08074 -0.05854 -0.06059
-0.29817 -0.00352 0.14374
-0.24710 0.03230 0.17153
0.21645 -0.01154 -0.17823
-0.01921 0.13112 -0.12424
0.39263 -0.03350 -0.10988
-0.21891 -0.07709 -0.15388
-0.31336 0.13362 0.10278
-0.31871 -0.13286 -0.14162
-0.05991 0.07725 0.14952
-0.04185 0.08062 0.14787
-0.35832 0.11139 0.08161
0.37704 0.00152 -0.09933
0.38132 -0.13207 -0.13508
-0.39153 0.05365 -0.08633
0.32389 -0.03338 -0.15983
0.09559 -0.05599 0.14234
-0.06158 0.10500 0.06114
0.20801 0.02405 0.16070
0.34255 -0.07166 -0.16577
-0.22798 0.14498 0.09886
-0.40436 -0.07021 -0.07475
-0.40980 0.03458 -0.01417
0.41415 -0.04261 -0.10068
-0.29229 -0.06861 -0.10991
-0.37144 0.10077 -0.03806
-0.36468 0.10897 0.04221
0.37282 -0.01717 0.12378
0.36814 -0.00827 0.12771
0.37222 -0.00468 0.12100
-0.08840 0.10910 -0.13571
-0.41694 -0.03322 -0.12411
0.10877 0.01618 0.16824
0.02063 -0.06204 -0.06498
0.16071 -0.12823 0.16445
0.02332 -0.12734 0.16389
0.03245 -0.12192 0.16842
-0.14149 -0.11482 0.17261
-0.01386 -0.12045 0.16919
0.03981 -0.12596 0.16518
-0.21536 -0.11583 0.17109
0.06763 -0.12400 0.16704
-0.00455 -0.11961 0.16997
-0.03094 -0.11992 0.16947
-0.21825 -0.12020 0.16748
-0.32056 0.13825 0.02941
-0.21773 -0.09428 -0.14026
0.20854 0.04830 0.06881
-0.01571 -0.03089 -0.05051
-0.15949 0.02594 0.17355
0.00199 -0.03930 0.17086
-0.08981 -0.01438 0.17077
0.01354 -0.04355 0.17087
-0.07392 -0.02287 0.17078
-0.05839 -0.02702 0.17080
0.42288 -0.04646 0.06857
0.33869 -0.05728 0.15419
-0.34457 -0.07864 0.15246
0.20422 -0.03823 -0.16395
0.03763 0.14531 -0.01106
0.03137 0.14660 -0.00189
-0.23879 -0.06699 -0.17765
0.17884 0.07020 -0.04773
0.01257 -0.05826 -0.15073
0.22745 0.04068 0.13687
-0.29930 0.04356 0.16232
-0.22284 0.07817 -0.14989
-0.04425 0.03152 -0.09469
0.26357 -0.06619 0.16153
-0.40871 0.00732 -0.05418
-0.04324 -0.06252 0.05225
-0.30724 -0.03954 -0.14798
0.21892 -0.07405 0.13457
-0.17606 -0.07874 0.17715
-0.18247 -0.07598 0.17715
-0.12522 -0.07723 0.17719
-0.04081 0.02240 0.12167
0.08229 -0.08239 0.17261
-0.37636 -0.08826 -0.15545
0.38260 -0.03900 -0.14570
-0.02499 -0.00664 -0.07258
-0.27521 -0.09908 -0.15355
-0.35364 -0.13579 0.14720
-0.23303 -0.06492 -0.16653
-0.14480 -0.00560 0.18267
0.14330 0.09364 -0.01418
0.13735 0.09714 -0.01145
-0.20502 0.15066 0.05782
-0.41641 0.01979 -0.00021
0.24378 -0.14766 -0.12856
-0.26775 -0.12073 -0.15134
-0.37799 0.08931 0.06928
-0.35407 0.05813 0.14867
-0.04456 0.03252 -0.06334
0.17565 -0.12828 0.16448
0.14917 -0.12016 0.17063
0.07306 -0.11246 0.17586
0.17247 -0.12084 0.17037
0.10740 -0.11750 0.17226
-0.03051 -0.11212 0.17489
-0.00537 -0.10996 0.17691
-0.30697 -0.11886 -0.15355
-0.38825 -0.11549 0.04348
-0.42731 -0.05823 -0.00276
-0.14374 -0.01434 0.18348
-0.11272 -0.01089 0.18348
-0.03413 0.01212 -0.07959
-0.07987 0.09169 -0.05853
-0.20236 0.04022 -0.16500
-0.38429 0.02967 0.13680
0.30508 -0.08015 0.15246
0.15709 -0.00535 -0.17159
-0.20728 0.03487 -0.16850
0.28673 -0.10644 -0.14752
-0.30323 -0.03048 -0.13807
-0.06617 -0.00466 -0.05723
-0.24626 0.08310 0.14618
0.29698 -0.12943 0.09969
0.22739 -0.12444 0.09810
0.21989 -0.12806 0.09462
0.23330 -0.11873 0.10312
0.21718 -0.12379 0.09780
0.19044 -0.03699 -0.17672
0.35473 0.01243 -0.10125
0.13176 0.08227 -0.13582
0.34619 0.02126 0.06546
0.36633 0.01313 0.05760
-0.01947 -0.06406 -0.13144
-0.38990 0.02925 -0.14227
-0.21793 -0.08763 0.14067
-0.42417 -0.05165 0.07969
-0.21703 -0.08366 0.17713
-0.20533 -0.08395 0.17713
0.07179 0.04854 -0.16041
-0.07934 0.02864 -0.17129
-0.35336 -0.06199 -0.17816
0.30231 -0.01204 -0.15432
0.32031 -0.06702 0.13949
-0.34769 -0.05467 -0.17816
-0.41008 -0.00155 0.09829
0.15911 0.03195 0.15882
0.32070 -0.09686 -0.16645
0.28405 -0.03247 -0.15903
-0.37485 -0.09920 -0.16352
0.10293 0.01135 -0.17123
-0.18561 0.15051 -0.08311
-0.29024 -0.12314 0.15246
0.41280 -0.07687 -0.09763
-0.41475 -0.07399 -0.04671
0.25259 -0.00644 0.12950
-0.10896 0.15496 -0.04865
0.09656 0.02928 0.16359
0.02222 0.13252 0.11953
-0.06849 0.07269 -0.12538
0.29539 0.03451 0.09828
0.20333 -0.02011 -0.17734
0.28457 -0.09448 -0.15355
0.29588 -0.00947 -0.10623
-0.38723 0.05102 -0.10784
-0.31769 -0.01117 -0.16392
-0.36124 -0.03794 0.14897
0.22814 -0.14236 0.15697
-0.29311 -0.09182 -0.16913
0.29042 -0.15307 0.13741
-0.24860 -0.05543 -0.17806
-0.02324 0.04461 -0.16273
-0.01397 0.02934 -0.16811
-0.28952 0.13909 0.09720
0.24381 -0.12767 0.14968
-0.03746 -0.00874 -0.15435
-0.34459 -0.02657 0.17533
-0.02022 -0.06570 0.08184
-0.40910 0.00053 -0.10600
-0.37733 0.08029 0.10223
-0.26851 -0.14377 -0.12873
-0.31666 0.06514 -0.15364
0.26577 -0.03086 -0.15451
0.14227 0.06140 -0.19045
0.26836 -0.10588 -0.15355
-0.18085 0.04040 -0.16541
-0.07936 0.05996 -0.11234
0.21076 -0.03026 -0.15351
-0.16097 0.03795 -0.16673
0.00829 0.14966 -0.05041
-0.23519 -0.10778 -0.15351
-0.01901 -0.03278 -0.05892
-0.41519 -0.02122 0.07682
-0.01887 -0.02917 -0.17201
0.12993 0.02772 0.16246
0.19035 0.02752 0.15863
0.42027 -0.11648 0.01439
-0.04303 0.15299 -0.07716
0.40478 -0.00725 -0.05303
-0.01522 -0.05130 0.11635
0.35582 0.00722 -0.10827
0.26550 0.02218 -0.16102
-0.07577 0.14776 -0.10656
-0.25436 0.14617 0.07106
-0.36104 -0.01247 -0.18051
-0.29118 -0.15455 -0.15254
0.21909 0.04856 -0.03849
-0.06667 0.05388 -0.04680
0.21979 0.00643 0.17077
0.37924 -0.03436 0.12306
-0.07753 0.03296 0.03387
-0.21477 0.14934 -0.06999
0.05288 0.14077 -0.06217
-0.01413 -0.06636 0.07820
0.19633 0.04362 0.14531
-0.33737 -0.12733 0.17706
-0.38467 -0.06848 0.11885
0.14759 0.03765 -0.15906
0.31235 -0.01770 -0.10953
0.03781 0.14451 0.05595
0.05675 -0.09925 -0.17559
0.03828 0.13833 0.10734
-0.00008 0.11946 -0.12975
-0.29224 -0.13375 0.13581
0.20047 -0.10311 0.14424
-0.35711 -0.12947 -0.17553
-0.28298 -0.11014 -0.15355
-0.06525 0.07159 -0.11650
-0.36635 0.04366 0.15031
-0.09800 0.14910 0.10177
0.31410 -0.11169 -0.14824
-0.14890 0.14658 -0.10821
0.27928 -0.00544 -0.10641
-0.05877 0.09873 -0.09153
0.22549 -0.10937 0.14587
0.26280 0.03297 -0.14454
0.19799 -0.09051 0.15505
0.34607 -0.06543 -0.14299
0.39641 -0.07982 -0.14641
0.38053 -0.01009 -0.11597
-0.34854 -0.11941 -0.17758
-0.34140 0.00499 0.17937
0.40241 -0.04143 -0.12381
0.05679 0.14013 0.03544
-0.24557 0.14698 0.06683
-0.24936 -0.03422 0.15806
-0.38018 0.01064 -0.15039
-0.25637 -0.06068 0.16995
0.18603 -0.05024 0.17671
0.23840 -0.05647 -0.17378
-0.37362 -0.06231 -0.16558
0.29842 -0.11945 -0.10536
0.27200 -0.11976 -0.10488
0.32546 -0.12121 -0.10526
-0.34997 0.00263 -0.18061
0.24215 -0.02907 -0.12668
0.10688 0.00250 0.17118
0.24290 0.03923 0.13110
-0.21366 0.08199 -0.14854
-0.10828 0.15436 0.06189
-0.17818 0.11176 -0.13509
-0.00702 0.15165 0.04605
0.04158 0.13994 0.10011
-0.34602 -0.14230 0.14667
0.06348 0.07983 -0.14912
0.05645 0.07350 -0.15139
-0.41426 0.01681 -0.00682
0.40399 -0.05341 0.01663
0.40523 -0.04325 0.08716
0.40520 -0.05103 0.08532
0.40427 -0.04830 0.03259
0.04405 0.01069 0.17199
0.23927 -0.14727 0.17416
0.41429 -0.10398 0.08792
-0.17762 0.10522 0.13722
0.37716 -0.10664 -0.17610
-0.40162 -0.08644 -0.14583
0.22075 0.04926 0.05631
-0.25530 -0.06949 -0.17100
0.22514 0.04957 -0.03548
0.39575 -0.03026 0.13823
-0.28132 -0.09666 0.15246
-0.32337 -0.13598 -0.17796
-0.23420 0.05899 -0.15732
0.41744 -0.13063 -0.02017
0.41760 -0.13014 0.03437
-0.15071 -0.01295 -0.18446
0.33642 -0.10887 -0.12906
0.24724 0.04692 0.06185
-0.38731 0.06945 -0.08306
-0.25173 -0.08822 -0.15624
0.34761 -0.07367 0.17075
-0.04663 0.04024 -0.08145
0.34251 0.00133 -0.13164
-0.29118 -0.11198 -0.15355
-0.36554 -0.03168 0.15257
-0.34571 -0.01532 -0.14391
0.06164 0.13886 -0.02098
0.22848 -0.03505 0.12534
-0.40133 0.03409 0.07828
0.26029 -0.11114 -0.14752
-0.23202 -0.02166 -0.17900
0.19771 -0.07902 0.13288
-0.41756 -0.02240 -0.04187
0.31485 -0.05545 -0.16426
0.39537 0.00076 0.02149
0.40741 -0.00656 0.02216
0.23724 -0.08488 -0.17143
-0.25264 -0.09467 0.16769
-0.23434 -0.05967 -0.16297
0.21846 -0.02299 0.17330
0.08831 0.11238 -0.12512
0.36057 -0.10098 0.17704
-0.20499 -0.09130 -0.17830
-0.16323 -0.08794 -0.17832
0.18456 0.06781 -0.03139
0.23158 0.03912 -0.14144
-0.13102 -0.01970 -0.18465
-0.07095 -0.08090 -0.17787
0.23775 -0.01119 -0.12784
-0.37401 0.09626 -0.05500
0.33958 -0.04789 -0.13292
0.29601 -0.05016 -0.15355
-0.41224 -0.01704 0.05022
-0.34978 -0.10035 0.10948
-0.26164 -0.09055 0.10828
-0.31971 0.07588 -0.14882
-0.38439 0.07273 0.08938
-0.27886 -0.03644 -0.17816
0.30273 -0.14832 -0.16489
0.00221 -0.05915 -0.02825
0.06888 0.13448 0.04948
-0.09794 0.14469 0.11278
0.25222 0.03965 -0.12590
0.41261 -0.07144 0.09632
0.41778 -0.07144 0.06489
0.05530 0.14105 0.00721
0.28521 -0.04682 -0.15355
0.39823 -0.01313 0.11307
-0.08096 0.05551 0.08561
0.28262 -0.03207 0.14712
-0.08128 0.08189 0.07013
-0.32103 -0.08717 -0.15355
0.30549 -0.12144 0.12613
0.41489 -0.09259 0.11985
0.19912 0.01002 0.16738
0.01493 0.06547 0.15275
0.04984 -0.06284 -0.02266
0.35762 0.00820 0.12332
0.32838 -0.06106 0.12543
-0.28804 -0.07066 -0.14752
0.41982 -0.06811 -0.09030
-0.42002 -0.03685 -0.11003
-0.05966 0.01872 0.17406
0.06544 0.11962 0.12581
0.40864 -0.02316 -0.10182
0.40331 -0.02045 -0.11295
-0.05082 0.05412 -0.09461
0.07491 0.12578 -0.09617
-0.39865 0.00664 0.14127
0.03047 0.03783 -0.16415
-0.04733 -0.05468 -0.12308
-0.29839 -0.03300 0.16919
0.33289 -0.09117 0.12529
-0.14002 -0.07461 0.17719
-0.39278 -0.02811 -0.16909
0.40470 -0.05145 -0.14497
-0.00777 -0.05606 -0.04448
-0.04898 0.04740 0.12672
-0.16728 0.07800 0.14958
-0.01911 -0.02290 0.05680
0.27256 -0.15562 0.13142
-0.18391 -0.10088 -0.17830
-0.19395 -0.10115 -0.17830
0.18379 0.06902 -0.01704
0.16441 0.08101 -0.01495
-0.26112 0.03478 -0.17031
-0.07816 0.14403 -0.11460
-0.19092 0.14751 0.09878
0.25670 -0.10825 0.17549
0.18273 -0.05635 -0.17495
-0.39546 -0.01310 -0.14446
0.38829 -0.06131 -0.16731
-0.17045 0.13458 -0.12297
-0.41464 -0.01539 -0.07149
-0.33499 -0.10094 0.14641
-0.11165 0.05930 0.15856
-0.20476 0.11815 -0.13158
0.30347 0.03331 0.08920
0.26671 -0.08698 -0.15355
-0.23770 -0.03392 -0.13436
-0.06643 -0.01027 -0.04304
-0.32339 -0.09337 0.15306
-0.18563 -0.03055 0.17744
-0.18027 -0.00272 0.17761
-0.17902 -0.01912 0.17742
0.40351 -0.03416 0.09325
0.38848 -0.03483 0.15072
0.22397 -0.13890 0.13532
-0.26501 -0.10268 -0.15106
0.25961 0.04039 0.11122
0.04597 0.09052 0.14330
0.05502 0.10122 0.13794
-0.16114 0.15399 -0.03533
-0.17364 0.15296 -0.04706
-0.37809 -0.10472 0.07064
-0.36302 -0.10665 0.09650
-0.32326 -0.11176 0.04430
-0.36803 -0.10601 -0.02248
-0.38448 -0.10390 0.02685
-0.35166 -0.10811 -0.03781
-0.35021 -0.10830 0.00266
-0.35747 -0.10737 -0.01078
-0.26520 -0.11921 0.05739
-0.37512 -0.10510 -0.00357
-0.30314 -0.11434 0.02873
-0.32877 -0.11105 0.05787
-0.35888 -0.10719 -0.04414
-0.32773 -0.11118 0.02322
-0.29916 -0.11485 0.05134
-0.36101 -0.10691 0.08161
-0.26222 -0.11959 0.08228
-0.34052 -0.10954 -0.00065
-0.30195 -0.11449 0.04457
-0.34226 -0.10932 -0.00621
-0.27483 -0.11797 0.10689
-0.32811 -0.11113 -0.01858
-0.35620 -0.10753 0.00253
-0.28204 -0.11705 0.05835
-0.35816 -0.10728 -0.02380
-0.33006 -0.11088 0.07738
-0.35385 -0.10783 0.02237
-0.27285 -0.11823 0.06696
-0.35119 -0.10817 0.07488
-0.35212 -0.10805 -0.01567
-0.38166 -0.10426 0.09946
-0.39006 -0.10318 -0.03023
-0.37617 -0.10497 -0.08755
-0.36910 -0.10587 -0.05655
-0.34603 -0.10883 0.05898
-0.29026 -0.11599 0.03122
-0.37711 -0.10485 -0.03744
-0.33991 -0.10962 0.01311
-0.38824 -0.10342 0.10524
-0.34135 -0.10944 0.07361
-0.37002 -0.10576 0.07342
-0.32518 -0.11151 0.08762
-0.29848 -0.11494 0.03529
-0.37255 -0.10543 0.08189
-0.31747 -0.11250 -0.00415
-0.24991 -0.12117 0.09172
-0.36887 -0.10590 -0.00338
-0.34427 -0.10906 0.10542
-0.24784 -0.12144 0.10679
-0.23231 -0.12343 0.09314
-0.36012 -0.10703 -0.06004
0.23426 -0.07436 -0.15355
0.18981 -0.07833 -0.17232
-0.25285 -0.09533 -0.15772
0.07739 -0.05912 -0.12671
0.14962 0.08407 -0.08045
0.14292 0.08587 -0.09610
0.05866 -0.09935 0.17431
0.34340 -0.05664 0.17445
0.34747 -0.07253 -0.14780
-0.06757 0.04578 -0.16378
-0.42214 -0.04636 0.09652
0.22756 0.04793 -0.09971
-0.27946 0.13583 -0.11238
0.39248 -0.00538 0.09145
0.27102 -0.06082 -0.16240
0.30096 -0.01671 0.14481
-0.07763 0.11232 -0.06125
0.29875 -0.12818 0.17706
-0.29554 -0.04205 0.14641
-0.18910 0.02412 -0.17599
-0.06883 0.11421 -0.08907
0.25881 -0.15470 0.13431
0.20039 -0.06247 0.15134
0.39855 -0.02313 0.12581
-0.04271 -0.06057 -0.14448
-0.32188 0.12633 -0.11290
-0.23868 0.14830 -0.04925
-0.37377 -0.10254 0.13789
0.37031 0.00920 0.07893
0.34613 0.01793 0.09249
-0.01512 0.15229 0.05410
-0.28363 0.06887 0.15142
0.40330 -0.02588 0.11823
-0.08222 0.09004 0.09059
0.21952 -0.04643 -0.12643
-0.23169 -0.09675 -0.10905
-0.13505 -0.00645 -0.18415
0.13521 0.04576 -0.16080
0.34800 -0.09463 0.17218
0.38927 -0.09556 0.16675
0.32695 -0.08571 -0.17816
-0.32009 -0.15118 0.12754
-0.29696 -0.05524 0.15397
0.38910 -0.13240 0.11559
0.37789 -0.13231 0.11742
0.36649 -0.13221 0.11182
-0.15987 0.15257 0.07093
0.13913 0.04981 -0.18010
-0.21777 -0.09702 0.17113
-0.20074 -0.01999 0.17778
-0.19056 -0.01127 0.17771
-0.19567 -0.04217 0.17750
0.10778 0.10155 -0.12220
-0.09000 0.10530 0.13618
0.05335 0.13723 -0.09875
0.41261 -0.06111 -0.13199
0.13481 0.00519 -0.17175
-0.06182 0.10540 -0.07819
0.37724 -0.00122 0.10307
0.23429 -0.04513 0.13314
-0.27585 -0.02020 0.12636
0.28787 -0.12261 -0.14954
0.25242 -0.05748 -0.14223
0.31593 -0.13767 -0.17529
-0.41178 -0.06703 -0.09983
-0.31720 -0.05615 0.14641
-0.36770 0.02294 0.16646
-0.11942 0.01302 -0.17734
0.11225 0.09609 0.13001
-0.07604 0.06418 0.07262
-0.40905 0.01405 -0.05092
-0.40577 -0.10509 0.07836
-0.40506 -0.10501 0.08425
-0.39722 -0.10976 0.07251
-0.40443 -0.10656 0.06751
0.28662 -0.08999 -0.17493
-0.16932 0.04328 -0.16461
-0.35514 -0.07413 -0.14286
0.01779 0.14816 0.05050
0.39653 -0.02364 -0.13125
0.36950 -0.12524 0.17502
-0.40776 -0.08447 -0.06879
-0.40616 -0.07994 -0.08068
-0.04455 -0.00519 0.01708
-0.11003 0.00187 0.17722
-0.41076 -0.07474 -0.05648
-0.05775 0.08474 -0.14742
0.19802 -0.09067 -0.15254
0.24050 -0.04569 0.14374
-0.41959 -0.09432 -0.04451
0.13591 0.08781 -0.11211
0.17589 0.01394 -0.16825
-0.37853 -0.11502 0.14497
0.38226 -0.07580 -0.17444
-0.38810 0.01575 -0.15262
-0.10564 0.14214 0.11560
-0.03139 0.14950 0.09751
-0.04329 -0.06324 0.08914
0.32032 0.01427 0.15288
0.05673 -0.07414 -0.17279
-0.01825 -0.07101 -0.17249
0.21004 -0.11506 0.17610
-0.17217 0.01816 0.17617
0.36165 -0.13209 0.09766
0.40592 -0.13221 0.07957
0.41445 -0.13205 0.05812
0.41310 -0.13230 0.08334
0.37477 -0.13203 0.08295
0.40251 -0.13211 0.07216
0.28296 0.03577 0.10835
-0.33298 0.01769 -0.17832
-0.06635 0.15139 -0.09460
-0.03348 0.14721 -0.10593
-0.40114 0.03885 -0.05072
-0.22625 -0.05221 0.15227
-0.03162 0.00702 -0.12153
0.28376 0.04016 -0.05618
-0.23304 0.03113 0.17220
0.41922 -0.10049 -0.02888
0.41924 -0.09972 -0.02023
-0.38145 -0.11533 0.09663
-0.37543 -0.11674 0.12393
-0.36551 0.09447 0.10907
0.42034 -0.06656 0.08608
0.34164 -0.06766 0.14835
0.09786 0.07307 0.14734
0.25854 -0.03198 -0.16864
-0.37690 -0.02179 0.17946
-0.05858 0.04639 -0.14140
-0.05311 0.11309 -0.13429
-0.04528 0.11533 -0.13315
-0.29902 -0.04119 0.15246
0.06121 -0.05897 -0.12229
-0.06117 -0.01974 0.05076
-0.31894 -0.02498 0.12571
-0.31051 -0.13457 -0.16326
0.40459 -0.08942 -0.06014
0.39916 -0.08942 -0.04501
0.40075 -0.08942 -0.05307
-0.24738 -0.12508 -0.17592
0.29154 0.02777 -0.13405
-0.21643 0.12880 -0.12495
0.06677 0.12583 -0.11786
-0.24644 0.04923 0.15948
0.41071 -0.13259 -0.11909
0.40832 -0.13258 -0.12670
0.04746 -0.09552 -0.17634
0.14303 0.09250 -0.03783
0.25251 -0.10266 0.15386
0.13584 0.00413 0.17071
-0.33239 0.10932 -0.12958
-0.28332 -0.08141 0.10860
-0.30830 -0.08664 0.10893
-0.37417 -0.08539 0.10984
-0.32668 -0.09411 0.10917
-0.36222 -0.09864 0.10965
-0.29691 -0.08486 0.10878
-0.26718 -0.08813 0.10836
0.41812 -0.05705 -0.10482
-0.22645 0.08804 0.14442
-0.24000 -0.11821 0.15261
-0.02353 -0.01501 0.11731
0.36178 -0.08816 0.17703
-0.01732 0.15087 0.08354
-0.39305 0.06195 0.04388
-0.27916 0.14086 0.09386
0.08569 -0.10027 -0.17652
-0.01225 0.15286 -0.01462
-0.27595 -0.12628 0.17038
-0.40855 0.01818 -0.07783
0.05148 0.03801 0.16287
-0.33838 -0.02332 -0.17705
-0.37666 -0.04738 -0.12829
0.07862 -0.05756 -0.11896
0.22254 0.04986 -0.08052
0.25419 -0.14863 -0.12716
-0.25670 -0.10568 -0.14423
0.42018 -0.04459 -0.09099
0.33346 -0.11930 0.13490
-0.40406 0.02330 -0.09999
-0.27621 -0.00038 0.17835
0.31697 -0.13882 0.13945
-0.12459 0.09483 0.14275
-0.30422 0.12834 0.11872
0.06701 0.13608 -0.03846
-0.01578 -0.04172 0.02348
0.35841 0.01098 0.09936
-0.41993 -0.03212 0.09526
-0.04766 0.10516 -0.13815
-0.07004 0.10741 -0.13697
0.39811 -0.05081 -0.15490
0.15269 0.05076 0.16856
-0.32588 -0.11009 -0.14752
0.27918 0.04140 -0.04475
0.27216 0.04322 -0.03658
-0.27338 0.11625 -0.13176
0.26248 -0.09577 0.16804
-0.06046 0.06549 -0.06785
-0.07106 0.15562 -0.02539
0.02116 0.06317 -0.15483
-0.16084 -0.00222 -0.17839
0.22339 -0.01921 -0.12464
-0.31660 0.01604 0.17930
-0.19358 0.04446 -0.16361
-0.26465 -0.00344 -0.17941
0.07601 0.13283 0.01141
0.08113 0.13000 -0.00618
-0.39561 0.05237 -0.04561
-0.07910 0.06049 0.06094
0.10329 0.04377 -0.16013
-0.26889 -0.01873 -0.15051
-0.14854 0.15449 -0.04013
-0.12271 0.15557 -0.02727
0.09381 -0.06115 0.09905
0.07940 0.11881 -0.11951
-0.40826 0.01600 -0.08402
0.32508 -0.04621 -0.12684
0.38898 -0.01824 0.11124
0.34377 0.00902 0.14711
-0.30557 0.14081 -0.03118
0.12112 0.09092 -0.12989
0.12108 0.09292 -0.12366
-0.28269 -0.03033 0.12535
-0.19255 0.09978 -0.14070
-0.41635 -0.06844 -0.03928
-0.25051 -0.00161 -0.17939
-0.25743 -0.01295 -0.17904
0.19770 -0.04938 -0.13156
0.17225 0.02509 -0.16234
0.17221 0.03887 0.15366
0.25327 -0.00632 -0.14217
0.17991 -0.08665 0.17315
0.03751 0.14301 0.08559
-0.41452 -0.07016 -0.02374
-0.01447 -0.06770 -0.11965
-0.19498 0.03077 -0.17237
-0.25752 0.14683 0.01617
-0.06930 0.15334 -0.08141
-0.27462 0.13925 -0.10361
-0.04318 0.02182 -0.14102
-0.09308 0.09808 -0.14060
-0.26368 0.14541 -0.07407
-0.38523 0.07833 0.05657
-0.06624 -0.00376 0.04829
0.29384 -0.09892 -0.17678
-0.05522 -0.03420 0.17069
-0.03179 -0.04635 0.17053
0.03360 -0.05582 0.17084
-0.04436 -0.03986 0.17062
0.29989 -0.09276 -0.14752
-0.27813 0.00548 0.17870
0.36739 -0.13199 0.16132
0.35303 -0.13199 0.12343
0.35508 -0.13199 0.16290
0.34533 -0.13199 0.11638
0.37406 -0.13199 0.14980
-0.32126 0.13085 0.09308
-0.27726 -0.12782 0.14412
-0.31873 -0.03743 0.14090
0.11700 -0.08416 -0.17283
0.30253 -0.02314 -0.17749
-0.07651 0.01286 0.14801
0.38493 -0.01911 0.14510
0.34701 -0.13199 -0.05584
0.35819 -0.13200 -0.01859
0.37062 -0.13201 -0.04216
0.36311 -0.13200 -0.08116
0.38965 -0.13202 -0.04675
0.35843 -0.13200 -0.04716
0.35603 -0.13200 -0.07104
0.37290 -0.13201 -0.05900
0.40709 -0.13203 -0.05061
-0.35073 0.08701 -0.13750
0.05101 -0.07141 -0.16180
-0.00518 -0.07523 -0.15370
0.38014 -0.03969 -0.15113
0.19887 0.04827 0.10600
0.34580 -0.11547 0.17639
-0.40108 -0.07213 -0.14904
-0.40088 -0.07280 -0.15516
-0.05789 -0.03618 -0.03727
0.41931 -0.09586 0.05920
-0.18030 0.12572 0.12669
-0.38585 0.05356 0.10972
0.36126 -0.00937 -0.14935
0.23655 -0.01841 -0.13035
0.30668 -0.04526 -0.14970
-0.13331 0.08883 -0.14654
-0.32377 0.11407 -0.12821
-0.03951 0.02112 0.10254
-0.31056 0.00859 -0.18024
-0.32047 -0.10979 -0.15355
0.42700 -0.02648 -0.00563
0.25853 -0.01078 -0.17286
0.42440 -0.05554 -0.06104
-0.08668 0.03698 -0.16727
-0.14734 0.15490 0.00056
-0.14982 0.15483 0.01978
-0.13458 0.15525 -0.01929
0.03379 0.07384 0.14979
0.05512 0.07524 0.14955
-0.37579 -0.08994 -0.13018
0.34827 -0.08202 -0.12328
0.38491 -0.11952 0.17010
-0.37275 0.07574 -0.12147
0.16188 0.06168 0.13598
-0.09681 -0.05729 -0.17765
-0.26708 -0.04556 0.12980
0.20334 0.04785 -0.12778
0.39769 -0.03050 -0.13608
0.02964 0.12834 -0.12457
0.01046 0.13178 -0.12305
-0.20750 -0.07848 -0.17830
-0.13039 -0.05204 0.18389
-0.02852 0.13261 0.12237
-0.19562 0.04208 0.16328
0.31812 -0.02181 -0.10845
-0.24335 0.14676 0.07611
-0.15954 0.10359 -0.13942
-0.17451 0.08874 -0.14606
-0.40834 -0.08228 0.04959
-0.07246 0.06366 0.15540
0.05606 -0.06024 0.05217
0.10688 0.11540 0.01974
-0.32944 -0.03735 -0.13832
-0.02927 0.15279 0.06498
0.36693 -0.03887 -0.16001
-0.32044 0.13013 -0.10234
-0.37235 -0.04030 -0.11998
0.09298 0.12161 0.04604
0.04494 -0.05704 0.14458
-0.39484 0.04970 0.06501
0.21006 0.04864 0.11410
0.33806 -0.11024 -0.13942
-0.00872 -0.05773 -0.05160
-0.40150 0.02444 0.11430
-0.36063 0.10681 -0.09474
0.10318 0.05705 -0.15479
0.10716 0.05245 -0.15630
-0.36257 0.01527 0.17242
-0.32821 -0.03676 0.15901
-0.29755 0.11539 0.12993
-0.08302 0.08289 0.14698
-0.17117 0.15078 0.08670
0.41477 -0.12674 0.10853
-0.36645 0.10787 -0.02524
-0.37157 -0.03925 0.17389
0.20480 0.05529 -0.01306
0.19188 0.06381 0.00396
-0.19524 0.13997 0.11561
0.21656 -0.02459 -0.14830
0.03772 0.13819 -0.10913
0.13774 0.09590 -0.03417
0.06765 0.12707 0.10874
-0.00265 0.14491 0.10433
0.17992 -0.07108 -0.17095
0.37974 -0.03707 -0.16081
-0.38707 0.01187 -0.13964
0.20696 -0.00131 0.17026
-0.40888 -0.10591 -0.03253
-0.33887 0.12631 0.07257
-0.37532 -0.06236 -0.11110
-0.36090 -0.06713 -0.11088
-0.08496 0.05918 0.15729
0.24088 -0.01623 -0.17274
0.30225 -0.08559 0.14641
-0.00323 0.14934 -0.08528
0.14672 0.01921 0.16462
-0.36428 0.10213 0.09572
0.37740 0.00432 0.08337
-0.35515 -0.04295 -0.12671
0.20514 -0.03705 0.16397
-0.17442 0.06570 0.15471
-0.37837 0.02624 -0.14812
0.40247 -0.01749 -0.09658
-0.23739 -0.00217 -0.17945
-0.26311 -0.11566 0.14394
-0.16292 0.13939 0.11759
-0.38435 -0.06742 -0.17368
0.35329 -0.03155 -0.17773
-0.26117 0.14461 0.08312
-0.05695 0.09044 0.10451
-0.25059 0.14751 0.02971
0.30292 -0.03631 -0.17804
-0.04951 0.04965 -0.05166
0.16210 -0.10072 0.17481
0.38733 -0.02424 0.10659
-0.41252 0.02008 -0.01523
-0.23937 0.07104 0.15124
0.01748 -0.08125 0.17422
-0.02400 -0.07880 0.17539
-0.00011 -0.08577 0.17491
-0.01052 -0.05782 0.03812
-0.29171 -0.09268 -0.17686
0.35549 -0.11467 -0.17828
0.21133 -0.04018 -0.15230
-0.06191 -0.03250 -0.02976
-0.32253 -0.01250 0.12969
0.39871 -0.13240 0.13783
-0.01896 -0.06394 0.13093
-0.30899 0.13268 0.10824
-0.04503 0.03437 0.08728
0.14227 0.09309 0.03477
-0.40762 -0.09937 -0.07222
-0.41152 -0.09790 -0.05984
-0.39165 -0.11214 -0.05926
-0.39541 -0.10585 -0.09327
-0.21786 0.03102 0.17178
-0.31961 -0.15264 -0.12957
0.23040 -0.04341 0.12535
0.09640 -0.07382 -0.13418
0.08076 0.12640 0.06676
-0.26346 0.07874 0.14759
-0.06081 0.04813 0.16148
0.28484 -0.00634 0.17280
-0.25048 -0.11681 -0.10928
-0.29856 -0.11127 -0.10994
-0.37580 -0.08691 -0.11103
-0.31435 -0.10551 -0.11017
-0.36196 -0.10378 -0.11081
-0.26734 -0.11744 -0.10951
-0.38583 -0.09892 -0.11115
-0.39205 -0.10645 0.16276
0.32396 -0.02686 -0.14820
-0.20858 -0.01767 0.17786
-0.21682 -0.03445 0.17763
-0.21892 -0.04462 0.17749
-0.15237 0.12947 -0.12615
0.38430 -0.00261 -0.11138
-0.27681 0.03973 -0.16515
-0.09754 -0.07283 0.17666
-0.18546 0.15283 -0.02812
-0.19506 0.15223 -0.00112
-0.36954 -0.11396 0.13234
0.32070 -0.02398 0.15367
-0.24298 0.09510 -0.14225
-0.13022 0.13845 0.11953
0.29484 -0.15141 -0.16448
-0.27397 -0.05628 -0.10970
-0.37754 -0.04895 0.17779
-0.29279 -0.09792 -0.15552
-0.04392 0.02920 0.12022
0.06788 -0.10759 -0.17830
0.04394 -0.10420 -0.17830
-0.00208 -0.10706 -0.17830
0.40293 -0.11270 0.14110
0.30877 -0.08728 0.15246
0.21730 -0.06600 0.17706
0.10139 0.09773 0.13311
0.30182 -0.08350 -0.15355
-0.00449 0.14723 -0.09862
0.22615 0.04982 0.03943
-0.26749 -0.01941 0.14422
0.23319 0.03138 -0.15696
-0.34356 -0.11639 -0.17111
0.08100 0.03459 -0.16398
0.36684 0.00376 -0.10995
-0.14693 -0.06895 -0.17407
0.01695 -0.06206 -0.08585
0.31053 0.01989 0.15013
-0.38414 0.02749 0.14855
-0.00232 -0.10020 0.17669
0.25070 -0.05449 -0.14752
-0.25481 -0.03771 -0.17769
-0.17511 0.05681 -0.15948
-0.21905 0.14901 0.06869
-0.05197 0.08626 0.14558
-0.06936 0.07697 0.14973
0.33006 0.01607 0.13659
0.31594 0.02077 0.12799
-0.02590 0.15153 -0.08414
0.11431 0.10821 0.05518
0.22301 -0.04154 0.12529
-0.30371 -0.07949 -0.11005
0.41537 -0.02546 0.06569
-0.04871 0.04732 -0.13357
0.21832 -0.08045 -0.16410
0.08632 0.11978 0.09332
0.23876 -0.02899 -0.17818
0.16061 0.07701 -0.08207
0.17024 0.07260 -0.07169
-0.09820 0.11034 -0.13453
-0.41368 -0.08108 -0.04215
-0.05891 -0.02964 -0.07510
-0.06783 0.05586 0.04132
-0.39058 -0.10859 -0.14652
0.36452 -0.03786 0.17123
0.11558 0.07061 0.14677
0.12556 0.00697 0.17049
0.03313 -0.05933 0.15213
0.28425 -0.11865 -0.15355
0.17877 -0.08423 -0.17064
0.36768 -0.00517 0.15550
-0.24724 -0.12888 -0.15654
0.17923 0.07151 0.02382
0.23658 0.04097 -0.13203
-0.11556 0.15562 0.00106
-0.10690 0.15562 -0.02114
-0.29714 -0.07813 0.10879
-0.01354 -0.07407 -0.07376
0.04789 0.14111 -0.08376
-0.00451 0.05402 0.15773
-0.21189 0.02859 0.17337
0.34461 -0.12319 -0.14616
-0.35037 -0.08436 0.14858
0.35137 -0.02763 0.17554
-0.34031 0.10874 0.12533
-0.25963 -0.14105 0.14161
-0.20452 -0.06715 0.17273
-0.16886 0.00880 -0.17872
0.30832 -0.04698 0.14827
-0.38329 -0.01161 -0.16655
-0.29368 -0.10753 0.10871
-0.22445 -0.11450 0.10776
0.18996 -0.07712 0.12331
-0.27796 -0.06712 -0.14752
-0.32431 -0.10909 0.15246
-0.29343 -0.13397 -0.17017
0.12205 0.07593 -0.14429
-0.40502 -0.06983 -0.11106
-0.27556 -0.12680 -0.17708
0.20681 -0.11823 0.13352
0.04972 -0.07116 0.01540
0.04135 -0.05961 0.04580
0.36280 -0.01230 -0.11353
-0.09525 0.00977 -0.17702
0.07909 0.12077 0.10982
0.29072 -0.03470 0.16236
0.18964 -0.11641 0.10811
0.18964 -0.12130 0.13020
-0.13015 -0.06609 0.17796
0.35837 -0.02323 -0.16635
0.26054 0.03006 0.15216
0.35362 0.00907 -0.12034
-0.39608 -0.07618 -0.04580
-0.34581 0.09767 -0.13246
-0.42080 -0.03645 -0.10368
-0.05859 0.14252 -0.11621
-0.41102 -0.00370 -0.04212
-0.25823 0.13990 0.10493
0.22110 -0.10450 -0.12645
0.34085 -0.07281 -0.12911
-0.10127 0.08982 0.14374
0.24438 -0.00863 0.16278
0.39439 -0.01829 -0.10639
0.05939 0.13748 0.06515
-0.35210 0.06630 -0.14716
-0.42111 -0.02637 0.03404
-0.06612 0.06439 -0.12695
-0.05183 -0.04587 0.10402
-0.34018 -0.10626 -0.15119
0.33855 -0.05698 -0.15230
-0.15938 0.04797 -0.16311
-0.27039 0.01717 -0.17968
-0.03760 0.01804 0.07900
-0.36198 0.10133 -0.10648
-0.25718 -0.05877 0.14824
-0.31001 -0.15562 -0.16828
0.40985 -0.01465 -0.07257
-0.26855 -0.04402 -0.14661
-0.27472 -0.00822 -0.11469
-0.26921 -0.12200 0.12671
0.25662 -0.10247 0.14641
0.13539 0.01084 0.16945
-0.27393 0.14265 -0.08778
-0.05874 -0.07433 0.17628
0.08450 0.06108 -0.15483
0.24220 -0.01560 0.14485
0.38479 -0.01305 0.11183
-0.05536 -0.03371 -0.04793
-0.37551 -0.07059 0.13068
-0.37901 0.01875 -0.15301
0.22998 -0.08398 0.17292
-0.32342 -0.05218 -0.15355
-0.40004 -0.07598 0.03926
0.16119 0.05988 -0.14230
-0.31928 -0.06801 -0.15416
-0.34842 0.11874 -0.08757
0.24540 -0.09145 -0.15355
0.18376 -0.02848 -0.17054
0.27966 -0.04683 -0.14752
-0.15347 -0.03338 0.18259
0.37443 -0.13201 0.05810
0.36845 -0.13201 0.07191
0.36068 -0.13200 0.07181
0.37707 -0.13201 0.03529
0.40832 -0.13203 0.05733
0.36981 -0.13201 0.04309
0.34652 -0.13199 0.00918
0.37492 -0.13201 0.07672
0.38379 -0.13202 0.07536
0.35699 -0.13200 0.04083
-0.17676 0.14509 -0.10873
-0.20900 0.13623 0.11887
0.41164 -0.02670 0.09678
0.41862 -0.03358 -0.05497
-0.01639 0.05434 -0.15902
-0.02248 -0.02527 0.02813
-0.06524 0.07195 0.05540
0.19172 0.05581 -0.08945
-0.31344 -0.08538 -0.17442
0.00010 -0.05845 -0.15549
0.22673 -0.05085 0.17706
-0.11371 0.13197 0.12360
0.24957 -0.09459 -0.14752
-0.18415 0.03743 0.16525
-0.05586 0.13133 -0.12425
0.32166 -0.00491 -0.17382
-0.36955 -0.05180 -0.15452
-0.32566 -0.08979 -0.14752
0.25766 -0.12065 0.10324
0.32310 -0.12456 0.10311
0.04849 -0.06034 -0.12258
0.01910 0.07418 0.14921
0.22893 0.01958 0.16329
-0.02503 -0.00586 0.12258
-0.14171 0.14295 0.11452
-0.41046 -0.04255 0.14307
0.30810 -0.11915 -0.16703
0.25736 0.04628 0.02007
0.23628 0.04933 0.02614
-0.02046 0.14608 0.10546
-0.12004 -0.02715 -0.18521
0.31420 0.03179 0.07131
0.29744 0.03613 0.07873
-0.03389 0.06356 -0.15581
0.18683 -0.02978 0.16986
0.35550 -0.00292 -0.13970
-0.37868 0.00663 0.16122
-0.41765 -0.02210 -0.01308
0.22223 -0.10326 -0.17685
0.32254 -0.12604 -0.12716
0.01709 0.14892 -0.00268
0.27066 -0.04723 -0.14752
-0.08182 0.08564 -0.10409
-0.05150 0.15468 0.05121
-0.21961 -0.11647 -0.13118
-0.22043 -0.12222 -0.11712
-0.32993 -0.00802 -0.13163
-0.09085 0.15141 0.09313
0.25280 -0.13190 0.14558
0.39865 -0.07222 0.15809
0.34203 -0.01855 -0.17499
-0.24885 -0.08257 0.17706
-0.35646 -0.02286 -0.11953
-0.39319 0.00651 -0.14283
0.31687 0.02042 -0.13060
-0.19258 0.07219 0.15169
-0.07687 0.03043 0.04243
-0.11068 0.15317 0.08306
0.05583 0.13830 -0.07854
0.14639 0.08198 0.10644
0.13739 0.08741 0.10760
0.43030 -0.05162 -0.01437
-0.28377 -0.07599 0.16014
0.18654 0.06375 0.06045
0.20769 0.05137 0.05217
-0.01715 -0.11538 -0.17386
-0.06526 -0.11052 -0.17696
0.05200 -0.12041 -0.17064
-0.19687 -0.10906 -0.17790
-0.07397 -0.10986 -0.17739
-0.12155 -0.02034 0.18368
0.30396 -0.01291 0.17670
-0.24593 0.03036 -0.17414
-0.41019 0.01476 0.04357
0.33067 -0.00860 0.17213
0.40564 -0.04055 0.10589
0.41922 -0.10064 -0.05220
0.41938 -0.09239 -0.02629
-0.00990 -0.05999 0.12154
-0.04517 0.04990 0.16030
-0.17167 0.13906 -0.11877
-0.27371 0.10220 0.13725
-0.12109 0.15103 0.09524
-0.38306 0.06019 0.11284
0.34299 -0.05547 -0.13159
0.04645 0.14186 -0.07571
-0.32546 -0.01638 -0.17625
-0.35747 0.00333 -0.17939
-0.07639 0.01856 0.13508
-0.01379 0.14944 -0.09203
-0.33864 -0.02254 0.17539
0.29196 -0.11932 -0.15355
0.28223 -0.13368 0.15123
-0.28068 -0.15196 -0.16524
0.23070 0.04301 -0.12776
0.23967 0.04369 -0.11460
0.23974 -0.11238 -0.15355
-0.17619 0.06552 -0.15591
-0.33004 -0.01473 -0.13405
-0.37818 -0.05034 -0.11777
-0.39682 -0.08368 -0.02564
-0.26038 0.09725 0.13970
0.19344 -0.05993 0.14024
0.06530 0.02062 -0.16857
-0.04891 -0.05155 0.05458
0.20000 -0.06416 -0.14611
-0.05795 -0.02567 -0.05297
0.31258 -0.10699 0.17087
-0.38880 -0.02322 -0.16404
-0.23763 0.00202 0.17838
-0.36318 -0.12490 0.13007
0.33032 -0.12447 -0.17350
-0.38079 0.00202 -0.15534
0.30517 -0.14686 0.16125
-0.19463 0.13903 -0.11781
0.13995 0.03485 0.15987
-0.27836 0.03948 0.16462
-0.37663 0.01783 -0.16658
-0.10577 0.12621 -0.12709
-0.15848 -0.04369 -0.18120
-0.08000 0.03752 -0.07436
0.31582 -0.13813 -0.12954
0.40734 -0.02348 0.09297
0.03399 -0.06171 -0.10120
-0.41150 0.01669 0.05356
-0.00660 -0.07758 -0.17599
0.00382 -0.07638 -0.17563
0.10103 -0.07792 -0.17276
-0.04771 -0.08841 -0.17760
-0.04148 -0.08956 -0.17745
0.41412 -0.10777 -0.09003
-0.41411 -0.08354 -0.03255
-0.09362 -0.06671 -0.17471
-0.10130 0.15133 -0.09470
0.36107 -0.03536 -0.16217
0.39781 -0.01721 0.09819
-0.02548 -0.06988 -0.08461
-0.40817 -0.09364 0.06460
-0.40826 -0.08773 0.06387
-0.40731 -0.07317 0.07096
-0.34475 -0.12593 -0.12685
-0.13012 0.15535 0.02670
0.17189 -0.08834 -0.17101
0.16028 -0.08115 -0.17133
0.17413 0.05971 0.12092
-0.02505 -0.00650 0.11133
0.39072 -0.02764 -0.14497
0.12151 0.10324 -0.06341
0.18738 0.05460 0.10813
-0.03504 0.00748 -0.17595
0.35645 -0.02417 0.16556
-0.25115 -0.03235 -0.16242
0.34664 -0.10799 -0.11043
0.34759 -0.10032 -0.16477
-0.08491 0.14317 0.11440
-0.01238 -0.06247 -0.10813
0.30295 -0.11157 0.14869
0.20375 -0.05356 0.14537
-0.34103 0.08546 -0.14151
0.21940 -0.00423 0.17594
-0.28379 -0.00561 -0.12225
-0.41867 -0.02369 0.04121
0.21554 -0.08304 -0.17816
-0.03763 -0.07121 0.06214
0.22198 -0.06344 -0.15602
-0.31243 -0.09159 0.14641
-0.28477 -0.13538 0.17706
0.11532 0.03774 0.16011
-0.26606 -0.02804 -0.12695
-0.37804 0.09218 0.02586
0.37199 0.00751 -0.08443
-0.11769 0.00844 0.17670
0.37950 -0.03276 0.15799
0.38943 -0.03636 -0.15172
-0.01338 -0.05039 -0.08193
-0.19015 0.01566 0.17704
0.38759 -0.04221 0.15559
-0.02151 0.15357 -0.02256
-0.01836 0.15334 -0.01705
-0.09300 0.11380 -0.13284
-0.30840 0.08021 0.14637
0.23153 -0.12629 0.17654
-0.07662 0.02697 0.13010
0.35620 -0.04339 0.17725
0.35579 -0.01069 -0.11389
0.35698 -0.01069 -0.12298
0.35497 0.01714 0.06988
0.32939 0.02540 0.09201
-0.21460 0.13862 -0.11720
-0.23089 -0.07962 0.14121
0.03060 -0.06151 -0.02294
-0.07239 0.00852 0.05684
-0.01451 -0.05709 0.05997
0.27285 -0.00993 0.13436
0.29561 -0.09245 0.15246
0.33347 0.00290 -0.16295
0.32564 -0.02861 0.15150
0.40853 -0.00675 -0.01464
0.26233 -0.00505 0.16351
-0.37366 -0.02147 -0.18059
-0.12165 0.03977 -0.16685
0.09737 0.01288 0.16984
-0.22844 -0.04278 -0.17855
0.09174 0.03772 -0.16259
-0.27449 0.14388 -0.07797
-0.20439 -0.03947 -0.17873
-0.21187 0.00655 -0.17936
-0.41262 -0.01571 -0.10029
-0.07177 -0.08557 0.17682
-0.29720 -0.06217 -0.15416
0.22789 -0.04116 0.17671
-0.40967 0.00393 0.04567
-0.31710 -0.05873 -0.15355
0.23034 -0.00113 0.17665
0.41829 -0.06395 0.10061
-0.05558 -0.07759 -0.17746
-0.40162 -0.08990 0.13991
0.22895 -0.02295 -0.16008
0.21429 -0.03617 0.13375
-0.41180 -0.00434 -0.08599
-0.21362 0.02588 -0.17569
-0.09542 0.13786 0.11971
0.19165 -0.06658 -0.12045
-0.30595 0.12279 0.12327
0.28358 -0.13343 -0.16775
-0.04084 0.15416 -0.05112
0.00340 -0.06053 -0.06876
0.34826 -0.01470 0.16853
0.08331 0.00313 -0.17288
-0.02223 -0.03772 0.15348
-0.28554 0.14338 -0.03908
-0.06287 -0.01275 -0.05351
-0.33584 -0.04175 -0.14439
0.39263 -0.08373 -0.16103
-0.33775 -0.01844 0.13546
0.04184 0.11364 -0.13257
0.07559 0.07718 -0.14923
-0.36924 0.08015 0.12266
-0.00490 -0.05701 0.04449
-0.17516 -0.05236 -0.17839
-0.17047 -0.06329 -0.17839
-0.28909 -0.11589 0.14641
0.25371 0.04444 -0.09446
0.18119 -0.06630 -0.17610
0.14813 0.01346 0.16827
-0.35314 -0.06595 -0.16295
