0.30241 0.01507 0.15174
-0.33213 0.05673 -0.10962
0.44179 -0.04223 0.02786
-0.43556 -0.04533 0.10515
-0.33387 0.02580 -0.09697
-0.08779 0.11198 0.10804
-0.14514 -0.07477 0.15773
-0.22564 0.01868 -0.15635
0.00459 -0.07327 -0.14100
-0.42518 -0.00714 0.11274
-0.13771 -0.04675 0.06841
-0.14626 0.12165 0.03816
-0.06982 -0.06851 0.02057
0.44295 -0.08680 -0.03471
0.20081 0.03391 -0.13656
0.00021 0.12255 0.03346
0.42842 -0.05189 -0.09571
0.09149 0.01610 -0.15624
0.21739 -0.09472 -0.09975
0.12059 -0.09349 -0.04868
0.28425 -0.04066 0.09784
-0.18592 -0.05028 -0.11546
-0.14664 -0.07883 -0.14904
0.21267 -0.08639 -0.04422
0.02670 0.09824 -0.11830
-0.15030 -0.06713 -0.02648
0.09284 -0.03559 0.13260
-0.37583 0.04736 -0.12141
-0.17317 -0.06265 -0.11925
-0.27886 -0.09471 0.15926
0.17530 -0.03070 -0.07636
0.01371 0.11943 -0.07055
0.01220 -0.03468 -0.09757
-0.11827 -0.09037 -0.02690
0.26415 -0.07789 -0.07536
-0.13863 -0.01693 0.13470
-0.08258 -0.02997 0.13716
-0.07353 -0.03125 0.13750
-0.02519 -0.09536 0.15093
0.07252 0.09985 0.08834
-0.06145 0.03989 0.14985
-0.26446 0.08169 -0.09361
-0.16440 -0.08722 0.01134
-0.40811 0.03062 0.09246
-0.08250 -0.05399 -0.09884
-0.12448 -0.07865 -0.11373
0.03280 0.11818 0.03657
0.19337 -0.02632 -0.03296
0.32944 0.02901 -0.03264
0.34508 0.01905 0.05085
0.10655 -0.06497 0.05930
0.01387 -0.07191 -0.09301
0.15204 -0.00434 -0.04981
0.13798 0.03746 0.04120
0.42055 -0.00706 -0.05907
0.26030 -0.09100 0.00590
-0.24099 0.05516 -0.10289
0.15039 0.03904 0.14671
0.30391 -0.02408 -0.15046
0.29318 0.03437 -0.03065
-0.11347 0.12240 0.07315
0.14950 0.05975 -0.10186
-0.10559 0.12488 0.04142
-0.08790 -0.02469 -0.13665
-0.10226 -0.03448 -0.13692
-0.12494 -0.03223 -0.13613
0.41736 -0.00095 -0.06283
-0.01649 0.05664 -0.08394
-0.15570 0.04672 0.13967
0.15414 -0.01433 -0.04078
0.41318 -0.00432 0.07894
0.05441 -0.04838 0.02570
0.05343 -0.05933 0.11077
-0.02496 0.12027 0.09927
0.13909 0.03932 0.08850
-0.42762 -0.04069 0.01253
-0.12535 -0.09490 -0.00767
0.35308 -0.05747 -0.09464
-0.28280 -0.09422 -0.15812
-0.39296 -0.05314 -0.12888
0.03579 -0.03010 0.12996
0.01463 -0.02156 -0.03740
-0.07807 -0.05381 0.07791
-0.19817 0.08109 0.08334
-0.27951 -0.01936 -0.13387
-0.03256 0.06508 -0.13007
0.34484 -0.03689 0.09199
0.08452 -0.03469 -0.13332
0.19747 0.02323 -0.14384
0.06010 -0.05294 -0.11389
0.21625 0.02277 0.15093
-0.13392 -0.06754 0.02346
-0.14320 -0.06738 0.00458
-0.16426 -0.08023 0.14237
0.13401 -0.01652 0.13751
0.15397 -0.07438 -0.15241
-0.42264 -0.00767 0.03707
-0.04026 0.01522 -0.14334
0.13461 0.01284 0.09108
-0.12093 -0.05497 0.12171
0.06243 -0.01362 -0.14127
0.14308 -0.01691 -0.01317
-0.09651 -0.05662 -0.01819
0.32721 0.01433 0.11321
0.38528 0.00932 0.05933
-0.19135 0.05212 -0.11617
-0.01366 0.07187 -0.05905
0.15816 0.04274 0.14161
0.17741 -0.08166 0.12561
-0.15088 -0.01269 0.13225
0.15823 0.01740 -0.02152
0.38536 -0.07024 0.14475
0.33270 0.02858 0.02922
-0.33483 -0.09007 -0.00303
0.06954 -0.07317 -0.10831
-0.04694 -0.06290 0.12960
-0.04440 -0.00804 0.13823
-0.02919 0.07379 -0.13312
-0.19803 0.11089 0.07415
-0.05424 -0.05185 -0.11282
-0.41450 0.01185 0.01861
0.33947 0.01171 0.11290
-0.15716 -0.08690 -0.06957
0.32845 -0.11577 0.15670
-0.14880 0.04202 0.14827
-0.34473 -0.05998 -0.13741
0.18566 0.00810 -0.14955
-0.17804 -0.04864 -0.11382
0.21619 -0.05855 0.06459
0.28058 -0.08417 0.06361
-0.12972 -0.00801 -0.12418
-0.11833 -0.06339 0.13366
0.10946 0.08330 -0.08590
-0.42605 -0.04679 -0.07727
-0.05100 -0.00472 -0.15913
-0.05596 -0.00499 -0.15903
0.24374 -0.08043 0.15718
0.00693 -0.09329 0.03926
0.04098 -0.09335 0.06079
0.02694 -0.09331 0.03923
0.07375 -0.09336 0.03770
0.07130 -0.09338 0.06327
0.00583 -0.09332 0.07149
-0.00839 -0.09332 0.08067
0.04310 -0.09333 0.04243
0.29049 -0.03409 -0.14182
0.11060 -0.09345 0.04313
0.36374 -0.01201 0.11906
0.28495 -0.00343 -0.11680
0.24649 0.03634 0.08390
0.02601 -0.02784 -0.12706
0.31804 0.02621 0.02615
-0.12218 -0.05847 -0.10421
0.08198 0.10117 -0.03774
0.40595 -0.00010 -0.07257
0.12677 -0.08313 0.00921
-0.26222 0.08872 -0.06007
-0.09345 -0.06156 0.13101
-0.10475 -0.07321 0.11804
-0.20193 0.02770 0.10631
0.16230 -0.00440 -0.12348
-0.19547 -0.04864 -0.11708
0.22792 0.03701 -0.09820
-0.15772 0.11988 -0.04371
0.42828 -0.02178 -0.02245
0.39244 -0.06380 -0.13768
0.19027 0.04172 0.10541
0.00240 0.02880 -0.15452
-0.41573 -0.01215 -0.12566
0.01689 -0.06369 -0.03650
-0.12397 -0.06911 -0.14080
0.29819 -0.06146 -0.14396
0.41894 -0.00122 -0.03181
-0.10787 0.02853 0.13536
-0.43321 -0.04165 -0.11322
0.20734 -0.05866 -0.02975
0.42801 -0.06418 -0.08129
0.07236 0.06952 -0.13449
0.43730 -0.05506 0.06260
-0.01340 -0.09713 -0.01438
0.29108 0.02308 -0.10610
-0.05380 -0.03119 0.12901
-0.42799 0.00324 -0.00376
-0.13453 0.04011 0.13496
0.41268 0.00951 -0.02593
0.21020 -0.08935 -0.01417
0.18650 -0.06298 -0.14988
-0.15340 -0.06588 -0.02062
0.37594 -0.01804 0.14580
0.13877 0.07296 -0.03613
-0.02609 -0.08561 -0.01881
0.09678 -0.06980 0.13592
0.06961 -0.05148 0.02153
-0.33999 -0.06601 0.15118
-0.05350 0.12122 0.09840
0.14773 0.01993 0.06770
-0.13610 -0.04363 -0.15561
0.23683 0.03247 0.13179
-0.17875 -0.02720 0.16157
-0.03049 0.03787 -0.06078
-0.03223 -0.04691 -0.15292
-0.12700 0.07195 -0.13247
-0.11877 0.06948 -0.13398
-0.33965 -0.08919 -0.02439
-0.07060 -0.07735 -0.03170
0.29016 -0.09140 0.03180
0.31018 -0.09140 0.01487
-0.41783 -0.06192 -0.02540
0.41405 -0.02887 -0.10917
-0.11431 -0.07353 -0.02043
0.29744 -0.07245 0.07244
0.33697 -0.07245 0.04122
0.30663 -0.07245 0.06323
0.29436 -0.07245 0.08092
0.31442 -0.07245 0.04570
0.31303 0.03194 0.02909
0.24302 -0.07096 0.09463
0.28403 -0.08654 0.15309
-0.04988 0.12509 -0.02798
0.10136 -0.01066 0.13913
0.22691 -0.08245 -0.07167
-0.23305 0.10197 -0.04797
0.19001 0.04121 -0.05681
0.12181 -0.07727 -0.14174
-0.00515 -0.08502 0.02179
0.05088 0.11302 0.05347
-0.15314 0.11152 -0.10752
0.23398 -0.02859 0.02188
0.22151 -0.03254 -0.03373
0.24052 -0.02827 0.00599
0.21954 -0.03219 -0.01730
0.12166 -0.06836 0.12954
-0.32897 -0.06825 -0.05651
0.05891 -0.06505 0.13738
-0.00774 -0.02402 0.14161
0.41583 -0.05941 0.12141
-0.03952 0.12125 0.08713
0.10214 -0.06384 -0.09610
-0.01437 -0.05602 -0.02238
0.05180 0.07277 0.13286
0.19948 -0.08492 -0.15653
0.05604 -0.06077 0.03880
-0.08860 -0.06880 -0.13929
0.04071 -0.06979 0.02269
0.25703 -0.08775 -0.07437
0.08844 -0.05841 0.06237
-0.39090 -0.03238 0.12930
0.09093 0.09763 -0.01549
-0.14223 -0.06736 -0.00967
-0.42433 -0.05109 0.12718
0.16146 0.05598 -0.08106
0.01310 -0.04638 -0.10782
0.42020 -0.00162 -0.04592
0.38032 -0.01233 0.05608
0.41959 -0.02982 -0.09065
-0.11049 -0.05574 0.06998
0.20182 -0.09465 -0.10121
0.18696 -0.09442 -0.10277
0.38159 0.01298 0.08074
-0.21277 0.03201 -0.13871
-0.11514 -0.06079 0.12231
0.04571 -0.00081 0.13953
0.22526 -0.04826 -0.14236
0.30388 -0.00483 0.12015
-0.40759 -0.06370 -0.04893
-0.11033 -0.09214 0.03726
-0.09179 -0.09228 0.07696
-0.08648 -0.09212 0.03524
0.07254 -0.02350 -0.13443
-0.08990 -0.08240 0.13564
0.29172 -0.03843 0.12147
-0.06674 0.04295 0.13924
-0.42735 -0.07064 -0.10564
0.34117 -0.04695 0.11160
0.07011 -0.02214 0.14295
-0.18149 0.08782 -0.12238
-0.43543 -0.02958 -0.10586
0.08565 -0.05331 0.15601
0.02535 0.05327 0.14264
0.26718 -0.03320 -0.09466
-0.24262 -0.08734 0.07778
-0.25674 -0.00885 0.12225
-0.12390 -0.07697 0.14841
0.30415 -0.09140 -0.00483
0.26940 -0.09140 -0.01683
-0.04878 0.11795 0.10560
-0.23302 -0.05668 0.10657
0.44426 -0.05528 -0.01501
0.20645 0.04406 0.02716
-0.00070 -0.05733 0.03083
-0.11912 -0.05325 0.10662
0.42201 -0.04227 -0.05661
0.21466 0.03622 -0.05562
-0.41394 0.03620 0.09786
-0.26460 0.02911 0.15054
-0.33337 -0.09034 -0.01395
0.20229 -0.06365 0.15771
-0.41007 -0.06364 -0.09512
-0.40706 -0.06371 -0.07806
0.34931 0.01698 0.10355
0.05322 0.00952 0.13797
0.16853 -0.08326 0.15001
0.42901 -0.06738 -0.06255
0.20291 0.03794 -0.12646
0.04275 -0.08943 0.02256
-0.37359 -0.08436 0.06375
0.01752 -0.00704 -0.14044
-0.10260 -0.05447 0.05077
0.37056 -0.03553 0.04922
-0.33606 -0.01924 0.13955
-0.19617 0.04873 0.07963
0.20313 0.04424 -0.02960
-0.11858 -0.08020 -0.13088
0.27118 -0.06898 -0.14355
0.10454 0.09143 -0.00393
-0.03624 -0.00412 -0.15727
-0.00121 0.02066 -0.10502
-0.02685 -0.09617 -0.01170
0.29900 -0.09757 -0.09810
0.19006 -0.09394 0.00984
-0.35725 0.05754 0.05681
0.38540 0.00770 0.07419
0.04640 -0.02124 -0.13042
0.10633 -0.00163 0.13666
0.24452 -0.05880 -0.11502
-0.41332 -0.07907 0.07824
0.04526 -0.05243 -0.10312
0.16778 -0.03036 0.09137
-0.43363 -0.07944 -0.09144
0.15504 -0.02432 -0.11481
0.27780 -0.07983 0.02027
-0.01711 0.03911 0.13885
0.05527 -0.08249 0.15735
-0.18339 0.06635 0.05201
0.02805 -0.09116 0.00586
-0.42185 -0.03967 -0.04940
0.00085 0.01866 0.15199
0.36219 -0.02470 -0.13392
-0.41322 -0.06274 -0.08974
0.10022 0.00347 0.15799
0.09273 -0.06130 -0.02312
-0.07758 -0.09320 -0.11832
-0.09442 -0.09320 -0.13894
-0.37014 -0.00019 0.14524
0.23169 -0.02803 -0.06114
0.16077 -0.02705 -0.10600
-0.43484 -0.02038 -0.03937
-0.19639 0.07083 0.12917
0.08938 0.02346 0.13827
0.13691 0.04936 0.14016
0.28926 0.03529 -0.00775
-0.28928 0.07612 -0.06818
0.05395 -0.07943 0.12292
-0.14376 -0.09679 0.00973
-0.33771 -0.06546 -0.08709
-0.33701 -0.06549 -0.11689
-0.13609 -0.06049 -0.02051
-0.18198 -0.01658 0.16060
-0.13677 -0.04994 -0.07044
-0.16830 -0.03541 0.15241
-0.35288 -0.06507 0.00389
-0.33737 -0.06546 0.00403
-0.36420 -0.06479 0.00332
-0.36619 -0.06474 0.01514
-0.10073 0.08370 -0.12650
-0.11832 0.08177 -0.12717
-0.20128 -0.02305 -0.10699
0.18867 -0.03176 -0.06482
0.27619 -0.03209 0.09342
0.00246 -0.08058 -0.07887
0.37772 -0.04624 0.15123
0.09886 -0.05733 -0.02786
-0.02056 0.02894 0.06082
0.16634 0.02430 0.05543
0.03950 -0.06659 -0.02710
0.38732 -0.04862 0.14657
-0.08788 -0.00530 0.15838
0.29007 0.02183 0.13332
0.00003 -0.02357 0.10847
0.24507 -0.09475 0.07970
0.06541 -0.02828 0.14025
0.02361 -0.06365 0.02211
0.16988 0.03737 -0.02441
-0.41958 -0.04496 -0.08351
0.34978 -0.03659 0.12539
-0.04974 -0.08239 0.14474
-0.11043 -0.05931 0.15583
0.22319 -0.08808 -0.06590
-0.32002 0.06127 0.08006
-0.24959 0.02210 0.15398
0.23055 -0.08366 0.02694
0.42952 -0.02813 -0.02001
0.38433 0.00690 -0.08065
0.00130 0.06036 -0.13962
0.40132 -0.01787 -0.10760
0.23714 -0.08808 0.00935
0.30078 -0.00891 -0.08643
0.35970 -0.06361 -0.14525
0.23252 -0.06680 0.02720
0.23834 -0.04420 0.02508
-0.29959 0.07064 -0.07707
-0.00827 -0.09334 0.12396
-0.01780 -0.09329 0.08832
-0.02138 -0.09328 0.09954
0.38111 -0.09673 0.07628
0.37332 0.02035 -0.03114
0.35619 0.02478 -0.00821
-0.36689 -0.03703 0.14568
0.15756 -0.02488 0.07720
0.00851 0.09944 -0.11758
0.15794 -0.00637 -0.15860
0.04614 0.09138 0.12279
0.05703 -0.05741 -0.15534
0.01733 -0.00095 0.02710
-0.12610 0.00406 0.15757
-0.13129 0.00917 0.15734
0.23192 -0.03020 0.10517
-0.09956 -0.06866 -0.10505
0.15762 -0.05156 0.15676
-0.40535 0.03092 0.02933
-0.10344 -0.02147 0.12514
-0.41335 -0.06525 0.12923
0.36112 -0.02369 0.14293
0.11769 -0.01229 0.08046
-0.05470 0.01704 -0.15737
0.16562 -0.02982 -0.15138
0.20617 -0.05326 0.15899
-0.29760 -0.05227 -0.10658
-0.16082 -0.07747 -0.06375
-0.14577 -0.06381 0.04109
-0.15074 -0.05771 0.04198
-0.13388 -0.07956 0.02375
-0.08529 -0.04239 -0.01936
0.07453 0.03057 -0.13929
0.24591 -0.06614 -0.09463
0.10086 -0.06884 -0.02722
-0.01408 0.01282 -0.09812
-0.04538 0.06948 0.12924
0.02172 -0.05556 -0.05704
-0.02683 -0.06515 -0.15101
0.02939 0.06838 -0.13534
-0.24230 -0.05805 0.14600
-0.22541 -0.12759 0.11616
0.07768 0.10306 -0.04204
-0.01216 -0.01260 0.12417
-0.00087 -0.01237 0.12420
-0.00384 0.12043 -0.07587
-0.04679 0.06899 0.13565
-0.13425 -0.05891 0.03714
0.10218 -0.08052 -0.06254
0.28637 -0.07776 0.06375
-0.16769 0.02670 -0.13374
0.30177 0.03094 0.06390
0.44260 -0.09192 -0.00013
-0.09484 -0.05704 0.03456
0.40257 0.01342 -0.02270
0.39383 0.01656 0.00200
0.35125 0.02565 0.00985
-0.23811 -0.06979 0.06538
-0.33593 0.00517 0.14885
0.36173 -0.08030 -0.11759
0.40091 -0.01093 -0.11255
-0.06124 0.04153 0.13776
-0.10250 -0.07443 0.14070
0.00592 0.04634 -0.14604
0.33362 -0.09054 -0.03918
0.33975 -0.09023 -0.04777
0.00149 0.08086 0.12866
0.36496 0.01619 0.03969
0.02818 -0.09409 -0.00718
0.03925 0.04907 -0.14440
0.07423 -0.00176 -0.15856
0.15463 0.00516 -0.01346
-0.41654 -0.06282 -0.12815
-0.13614 -0.04828 0.02509
0.12488 -0.09516 -0.01706
0.13438 0.02809 0.09356
0.00218 0.03574 -0.13826
0.43056 -0.09380 0.00205
0.11580 -0.02892 0.15850
-0.12432 -0.06907 0.14155
-0.14931 0.12157 -0.02586
0.08503 -0.03459 -0.00167
-0.22334 -0.02522 -0.15112
-0.37761 0.05530 0.04942
-0.22540 0.00615 0.16045
0.12733 0.02148 0.08795
0.02762 -0.03837 0.10493
0.03294 -0.02383 0.00772
-0.04768 -0.09204 0.05555
0.08714 -0.07472 -0.14437
0.33338 0.01172 -0.14611
0.16573 0.03209 0.08455
-0.42479 0.03076 0.06225
-0.15883 -0.07679 -0.09490
-0.06870 -0.06317 -0.12478
0.01775 -0.05276 0.12669
0.39227 -0.01488 0.00466
0.39485 -0.06244 0.03880
0.39533 -0.07117 0.06058
0.39440 -0.05404 0.01002
0.39230 -0.01546 0.01163
0.39333 -0.03439 0.04702
-0.25055 -0.12815 -0.12440
-0.31042 0.04759 0.13370
-0.41545 0.04883 0.05816
0.05123 -0.04890 -0.02799
0.16628 0.00735 0.15709
-0.25269 -0.02461 0.15089
-0.22585 -0.08142 0.07521
0.00494 -0.03711 -0.14128
0.03043 -0.04466 -0.14150
0.04465 -0.08373 0.15753
0.03975 0.03795 -0.14096
0.11588 -0.09169 -0.03697
-0.29103 -0.03175 -0.11233
-0.32165 -0.07083 -0.15380
0.02779 -0.02959 -0.02693
0.14188 0.02459 0.11147
-0.20413 -0.01788 -0.10830
-0.05556 0.12280 0.03060
0.42916 -0.03873 -0.08217
-0.43274 -0.02399 0.11059
-0.36745 0.05686 -0.00947
0.08575 0.09095 0.01903
0.18314 -0.09401 -0.06233
0.42752 -0.03937 0.09089
0.10405 -0.07466 0.03871
0.04783 -0.06829 0.02529
-0.42040 0.02969 -0.04887
0.06151 -0.00718 0.15888
0.18670 -0.04981 0.12402
-0.14053 0.09973 -0.11586
0.00632 0.12075 -0.06109
-0.28218 -0.04120 -0.10656
0.16026 -0.03750 0.14891
-0.42319 -0.04498 -0.09549
-0.27225 0.00740 -0.15814
-0.15598 -0.02006 -0.11003
0.40185 -0.04834 -0.11525
-0.43069 -0.01667 0.10410
-0.24316 0.08689 0.10264
0.01844 -0.06341 -0.13837
0.25849 -0.09730 0.08990
-0.03252 0.12015 0.09603
-0.35036 0.05382 0.11438
0.02072 0.11502 0.06953
-0.35766 -0.06195 0.13309
-0.28614 0.08141 -0.00254
-0.03250 -0.07986 -0.13956
-0.03180 0.07445 0.13276
-0.03084 0.04963 0.14517
0.15529 0.03366 -0.08858
-0.23602 -0.08995 0.15436
0.14751 -0.09083 0.02420
0.00572 0.11695 0.09801
-0.00625 0.01888 0.15861
0.00716 0.01686 -0.15856
0.01838 -0.05007 0.09648
-0.42169 -0.05073 0.05358
0.31230 -0.07973 0.07844
-0.41141 -0.04908 0.11647
0.30801 -0.08111 0.14776
-0.18423 -0.01005 -0.09422
-0.19269 0.00533 -0.11222
0.19745 0.04598 -0.01835
-0.12748 -0.05756 0.12631
-0.02537 0.03485 -0.04444
-0.18940 0.03061 0.03822
-0.01552 -0.07739 0.12167
0.07625 -0.09119 -0.08613
0.12389 -0.09266 -0.11051
0.03713 -0.09082 -0.10460
0.08681 -0.09160 -0.09527
0.09449 -0.09077 -0.04993
0.09447 -0.09211 -0.11173
0.03152 -0.09106 -0.12081
0.09432 -0.09147 -0.08226
-0.42257 -0.04142 0.09970
0.15171 0.01064 -0.00710
0.32183 0.02230 -0.06913
0.28738 -0.07583 0.04351
-0.11642 -0.02880 0.15694
-0.10313 -0.06769 -0.13742
-0.05243 -0.07430 -0.14343
0.23262 -0.08278 -0.06478
-0.17822 -0.01935 0.08595
-0.08271 -0.07481 -0.14707
0.44082 -0.06227 -0.04373
-0.35556 -0.01132 0.14778
-0.20322 0.07681 0.12744
-0.15063 -0.07396 -0.14251
-0.05178 -0.03546 -0.12911
-0.36782 -0.06355 0.14479
-0.35706 0.05768 -0.05265
-0.10301 -0.02167 -0.12746
0.38544 0.00034 -0.11107
-0.13466 -0.08299 0.01394
-0.01620 -0.03341 -0.02050
0.40753 -0.10228 0.07184
0.28738 -0.08153 -0.07279
-0.23340 -0.08843 -0.14906
-0.09844 -0.09575 -0.01396
-0.10353 0.11052 0.10947
0.06666 -0.07689 0.14488
0.10717 -0.07717 -0.14380
0.14906 -0.05532 0.15627
0.35737 -0.01995 -0.08825
-0.22327 0.05253 0.09700
-0.41919 0.02273 0.09784
-0.04629 0.05522 -0.13798
-0.26458 -0.01059 -0.16226
0.19626 -0.04293 -0.12544
0.34648 0.01370 -0.09809
0.10616 -0.08630 -0.01825
-0.19613 0.05152 -0.09656
-0.18253 0.02893 -0.08762
0.34196 0.01535 -0.13082
-0.10067 0.12117 -0.09042
-0.10945 -0.05979 0.12218
0.25296 0.02954 -0.08948
-0.27989 0.08392 0.00785
0.04478 0.09766 0.11784
0.15398 -0.00728 0.07186
0.01489 -0.00865 -0.02208
-0.34489 -0.06378 0.06293
0.25051 -0.01902 -0.13703
0.29742 -0.00260 0.14356
-0.23499 -0.12084 -0.15130
0.42719 -0.06230 0.09461
0.20109 0.03305 0.14673
-0.19724 -0.07573 -0.09037
-0.35449 0.05811 -0.02456
0.34105 -0.06524 -0.14167
-0.06896 -0.08256 -0.13835
0.12904 -0.08627 0.01291
-0.06604 -0.08310 0.15707
0.15183 -0.09170 -0.09553
0.21432 -0.08874 -0.11749
0.16720 -0.09081 -0.09446
0.18578 -0.08957 -0.08712
0.14746 -0.09230 -0.10938
0.16062 -0.09152 -0.10783
0.05193 0.11120 -0.07158
-0.31907 0.06536 -0.03854
-0.42301 0.03058 -0.04385
0.34132 -0.04226 -0.12766
0.14571 0.02479 -0.15424
-0.41915 0.04363 0.06246
0.18112 0.04844 0.05515
0.13440 -0.05251 -0.15648
-0.03075 -0.04492 0.00562
0.24394 -0.10319 -0.12405
-0.15971 -0.07922 -0.05522
0.28683 -0.04869 0.09898
-0.02292 0.09870 -0.11837
-0.15697 0.04527 0.14536
0.27013 -0.02763 -0.12913
0.36761 0.02267 0.00008
0.03396 0.03873 -0.14919
-0.20531 -0.08074 0.14295
-0.23896 0.09618 -0.07185
-0.34943 0.05599 -0.09375
-0.42536 0.04048 -0.03158
-0.43265 -0.06725 0.09324
-0.30977 0.06869 -0.05195
0.00693 -0.06303 -0.15642
0.36109 -0.07300 0.14555
-0.05112 0.12100 -0.08393
-0.01578 0.01061 0.03664
-0.35285 -0.02122 0.14829
-0.15874 0.11187 -0.10593
0.07295 -0.03414 0.01760
0.34569 0.01368 -0.13489
-0.37168 -0.03087 0.13512
-0.10913 -0.04745 0.15550
0.01927 -0.06348 -0.04473
0.08405 -0.08308 0.01441
0.01973 -0.08439 0.01553
-0.03713 -0.08555 0.00134
0.16833 -0.08571 0.15732
0.03973 0.11038 0.10018
-0.22167 -0.05069 -0.14252
-0.02798 0.02629 0.14663
-0.10100 -0.05823 -0.10454
0.06301 -0.02465 0.12787
0.34896 0.02080 0.01508
-0.00366 -0.03105 0.13385
0.42767 -0.03074 0.04201
-0.24489 -0.05972 -0.14568
0.36199 -0.09800 -0.09135
-0.00401 0.11724 -0.07220
-0.10478 -0.08364 -0.02149
0.34397 -0.00198 0.12871
-0.12016 -0.09214 -0.06023
0.24301 -0.07091 0.14546
-0.03847 0.00394 0.14814
-0.25013 -0.12562 -0.10843
-0.04686 0.09116 0.12062
-0.40438 -0.06378 0.10161
-0.33445 -0.06553 0.02143
-0.12578 -0.08323 0.01936
0.19979 -0.04114 0.15804
0.39573 -0.08566 0.05468
-0.14452 -0.05338 -0.03433
-0.13257 -0.04895 0.11287
0.22087 -0.09051 -0.04193
0.00085 -0.02774 0.13223
-0.30407 -0.01324 -0.15918
0.19615 0.04177 -0.05325
-0.15324 -0.02163 -0.14583
-0.15930 -0.00607 0.15686
0.00530 -0.04474 -0.15710
0.09116 -0.06963 0.02227
0.03471 -0.06230 -0.03858
-0.03806 0.01248 0.05983
-0.02053 -0.02946 0.06364
0.22676 -0.07794 0.11994
-0.41264 -0.02902 0.11448
-0.42248 -0.04434 0.00599
0.14967 -0.04922 0.13508
-0.11398 -0.06644 0.15793
-0.14513 -0.02781 -0.13144
-0.22686 -0.06444 0.10657
0.17456 -0.08492 0.15760
-0.44406 -0.02646 -0.05263
-0.31373 -0.06575 0.13925
-0.23598 -0.06962 0.03524
0.00527 -0.06378 -0.13471
-0.02146 -0.02587 0.04348
0.43036 -0.04247 -0.08697
0.27607 0.03689 -0.01656
-0.26543 -0.02105 -0.11948
-0.19090 -0.10304 0.12540
0.22546 -0.04988 -0.16212
0.01645 0.08196 0.12795
-0.18409 0.03253 0.02562
-0.44476 -0.02738 -0.03915
-0.22834 -0.12007 0.14212
-0.05771 -0.05333 -0.08990
-0.34009 -0.02101 0.15047
-0.35929 0.04532 0.03299
-0.01053 -0.05004 -0.04723
0.24325 -0.08808 -0.01467
0.17805 -0.07322 -0.15742
-0.03007 -0.08680 0.02074
-0.28705 -0.09991 0.15960
-0.02750 -0.09325 -0.04404
-0.04646 -0.09324 -0.11656
-0.04190 -0.09324 -0.09143
-0.25680 -0.07926 -0.06837
0.16905 -0.09405 -0.10669
0.17392 -0.09407 -0.09993
0.15940 -0.09411 -0.13589
-0.02153 0.04317 0.14444
-0.39770 -0.06163 0.12403
0.00051 -0.00998 0.14087
0.29907 0.02406 -0.08350
0.17710 0.04464 0.05048
-0.02264 -0.02350 -0.04893
-0.18185 0.02987 -0.05157
-0.16501 0.00554 -0.06137
-0.35465 -0.05283 0.13600
0.42442 -0.04483 -0.04058
-0.38665 -0.01847 0.13008
-0.00244 0.01139 0.12366
0.15888 -0.06462 0.14125
-0.02616 -0.03694 0.15810
-0.21074 -0.03136 0.14149
-0.21488 0.05386 -0.05198
0.40507 -0.08345 -0.13441
-0.02666 -0.09535 -0.15199
0.13280 0.03288 0.08994
-0.16424 -0.00514 -0.13798
-0.18812 -0.00784 -0.15201
0.20174 -0.08014 0.12571
-0.15168 0.12166 -0.01442
0.04983 -0.07914 0.10360
0.05717 0.09946 0.11793
0.17402 0.00516 -0.14979
-0.00226 -0.09110 -0.07907
-0.01432 -0.09124 -0.10133
0.00766 -0.09098 -0.07821
0.22436 -0.03715 0.16204
0.26309 -0.08808 0.01711
-0.05273 -0.07142 0.05152
0.15686 -0.05477 -0.02458
0.15936 -0.01075 0.12159
0.14616 -0.09356 -0.06089
-0.00763 -0.01488 0.10827
-0.01650 -0.02729 0.10484
0.33107 -0.01191 0.09707
0.14178 -0.00340 0.10417
-0.18337 0.07674 0.04537
0.29425 -0.04006 0.14249
0.39304 -0.02502 0.13225
-0.24437 -0.06656 0.14792
-0.16042 -0.01906 -0.13761
-0.41014 0.03592 -0.10599
0.07825 -0.05883 0.05058
0.23074 -0.09709 0.08678
0.28283 -0.09746 0.09781
-0.07509 -0.07032 -0.01380
0.01416 -0.06806 -0.10444
0.29102 -0.00366 0.11128
0.38650 0.01747 0.02715
0.36194 -0.09354 0.13262
-0.27446 -0.05045 0.10658
0.33679 0.02077 0.04973
0.31986 0.02499 0.03876
-0.05640 0.12378 -0.06313
-0.35874 -0.02996 -0.14714
0.42217 -0.04182 -0.03006
-0.22473 0.10697 -0.02070
-0.43030 -0.06921 0.08254
0.27485 -0.00727 0.11670
0.06255 0.10816 0.06038
-0.17024 0.01206 -0.01204
0.17502 -0.03012 -0.15516
0.04989 -0.08941 -0.01617
0.04656 0.09699 -0.11561
-0.27158 -0.07639 -0.06446
0.30863 -0.08425 -0.01267
0.30481 -0.09396 -0.10268
-0.08381 -0.07037 -0.02178
-0.33669 -0.08085 -0.05688
0.03919 -0.00892 -0.15912
0.28834 -0.08057 0.07994
0.12102 -0.03786 -0.01580
0.17314 0.03843 -0.00672
0.37918 -0.02460 0.13867
0.20556 0.03266 0.12480
0.13486 -0.00125 0.07034
0.25184 -0.07694 0.07539
-0.08537 -0.04500 -0.11979
-0.42678 0.01372 -0.07862
-0.27717 -0.04079 -0.14825
0.18605 -0.08330 0.02949
-0.29032 -0.04652 -0.13434
-0.07637 -0.06963 -0.00477
-0.03913 -0.08009 0.15822
0.13122 0.02813 -0.15302
0.09189 -0.06083 0.11176
0.36902 -0.04859 -0.09465
-0.20356 0.05869 -0.13336
-0.04316 0.10520 0.11395
0.14804 0.02220 0.10346
0.03544 -0.07627 0.02297
-0.13631 -0.08317 0.01906
-0.27308 -0.00380 -0.16135
0.25276 -0.01010 -0.16305
-0.41794 0.04239 0.07118
0.17053 -0.08992 0.06541
0.18704 -0.08923 0.07500
0.17700 -0.09016 0.08919
0.18158 -0.09080 0.12465
0.17172 -0.09039 0.08684
-0.01050 0.04106 -0.14082
-0.37635 -0.07612 -0.13608
0.11953 0.08137 0.05372
0.10677 0.08834 0.04785
-0.06386 -0.07660 0.02741
0.42180 -0.01325 -0.05113
-0.02673 0.03697 -0.08749
0.06491 -0.06531 -0.02391
0.19515 -0.06949 -0.02713
0.37045 -0.08497 -0.15052
0.03141 -0.06096 -0.02611
0.34098 0.01557 -0.09303
0.21421 -0.07360 -0.11794
0.21760 -0.08375 -0.03063
0.01167 -0.08457 -0.09770
-0.13811 -0.04962 0.07545
0.19055 -0.09449 -0.12752
-0.11824 0.12463 0.01874
0.41304 -0.00045 0.07448
-0.26806 0.08882 -0.01809
-0.32825 -0.04999 -0.15426
0.16404 -0.02963 -0.01808
0.19068 -0.08860 0.03477
0.16597 0.05615 -0.05925
0.16066 0.05728 -0.07381
-0.19084 0.02994 -0.15451
0.18494 -0.09434 0.11653
0.13343 0.03956 0.08616
-0.09254 0.03171 -0.13694
0.41451 -0.00286 0.02783
-0.06026 0.00971 0.13609
-0.16190 0.02436 0.15498
-0.31661 0.00542 -0.15077
-0.02078 -0.06473 0.15770
-0.17658 -0.06636 0.04224
-0.20867 -0.06630 0.10044
-0.23852 -0.06630 0.10473
-0.21016 -0.06636 0.04375
-0.21352 -0.06631 0.09111
-0.18856 -0.06638 0.02615
-0.18517 -0.06631 0.09043
-0.20838 -0.06632 0.08048
0.42760 -0.02137 0.04757
-0.19980 0.04234 -0.12837
-0.06420 -0.08049 -0.15725
0.43583 -0.08244 0.03510
0.30678 0.02555 -0.05361
-0.16602 -0.02965 -0.14998
0.24914 0.03968 -0.03039
-0.16645 0.06380 0.13631
-0.10683 -0.06863 -0.01270
-0.05774 -0.07992 -0.15679
-0.16883 -0.06667 0.05797
-0.29147 -0.04910 0.12209
-0.03912 0.03944 0.06338
-0.19692 -0.07639 0.07118
-0.40246 0.03407 0.02301
0.24241 -0.02664 0.14381
-0.18433 -0.09417 -0.04559
-0.13056 -0.04654 0.12591
0.38802 -0.04000 0.08069
0.13468 0.04696 0.04950
0.13639 -0.09184 -0.08778
0.13401 -0.09067 -0.05669
-0.12616 -0.05804 -0.06089
0.42694 -0.09657 0.08538
-0.35560 -0.03920 -0.13802
-0.35391 -0.06505 -0.03384
-0.20602 0.03568 0.01510
-0.18771 -0.00073 -0.00046
-0.19659 0.01693 0.00716
-0.07355 -0.08483 -0.01078
-0.25095 -0.00743 0.14013
-0.30974 0.07042 -0.01421
0.26962 0.03663 -0.04100
-0.06095 -0.08568 0.00143
0.28175 -0.02279 -0.10905
-0.19650 0.02578 -0.15360
0.23513 -0.03613 -0.08228
0.23731 -0.03940 -0.06144
-0.29345 -0.08339 -0.06243
-0.27414 -0.01591 -0.12332
0.34645 -0.07245 -0.01716
0.33432 -0.07245 -0.07500
0.32892 -0.07245 -0.07420
0.31318 -0.07245 -0.06168
0.35655 -0.07245 -0.04425
0.30445 -0.07245 -0.06775
0.37008 -0.09487 0.03541
-0.18652 -0.08866 -0.05883
-0.05531 -0.05155 -0.02434
-0.38601 0.02473 -0.13810
0.19122 0.01558 -0.14953
-0.34674 0.05854 0.05217
0.16978 -0.01744 -0.14901
0.19958 -0.09501 0.03683
-0.21292 0.03209 0.13870
0.02092 -0.09467 -0.15390
-0.24769 -0.05152 0.14454
-0.26577 -0.06630 0.03730
-0.27158 -0.06627 0.01648
-0.19073 -0.06638 0.00741
-0.24830 -0.06633 0.04327
-0.25405 -0.06634 0.06424
-0.21139 -0.06637 0.02263
-0.26844 -0.06631 0.05433
-0.23834 -0.06631 0.00624
-0.28840 -0.06627 0.04311
0.31994 -0.01025 0.15925
-0.26152 0.07688 0.11204
0.28924 -0.04316 -0.14110
-0.09296 -0.04650 0.12181
0.32049 -0.02342 0.11260
0.32397 -0.06728 0.08632
-0.15773 -0.06694 -0.12155
0.05065 -0.05304 -0.02292
0.21819 0.04090 0.06597
-0.03039 0.04732 -0.12527
0.11196 -0.08960 0.02692
-0.42173 0.01890 -0.05450
-0.42152 -0.07955 0.00224
-0.42957 -0.07805 -0.03408
0.29579 0.02733 -0.10923
0.31312 0.02045 0.09803
-0.21604 -0.01048 0.11707
0.03165 -0.06157 -0.06134
0.01529 -0.06275 -0.06290
0.15689 -0.00013 0.02811
-0.02470 0.00696 0.14935
0.39980 -0.09563 -0.01398
-0.09200 -0.06161 0.01918
-0.41855 0.02912 0.09141
0.40923 -0.01395 -0.09411
0.18471 -0.07172 -0.15014
-0.29870 -0.06626 -0.05427
-0.28571 -0.06631 -0.08162
-0.27607 -0.06632 -0.07816
-0.20584 -0.06636 -0.00707
-0.24104 -0.06631 -0.00904
-0.28842 -0.06629 -0.06144
-0.30200 -0.06628 -0.07877
-0.21925 -0.06635 -0.01563
-0.24488 -0.06635 -0.05126
0.10077 -0.06000 0.06529
-0.13182 0.01128 -0.15727
0.41170 -0.10238 -0.05205
0.01887 -0.06441 -0.07342
0.03793 -0.02231 -0.15887
-0.11500 -0.07533 0.01926
-0.21047 0.04431 0.08216
-0.20143 0.02479 0.09415
0.40817 -0.06401 0.11789
0.30655 -0.07093 -0.08631
0.29245 0.02436 -0.13703
-0.23993 -0.07334 0.08110
0.13734 -0.08352 0.15732
-0.17591 -0.01793 0.14387
0.18668 0.04052 -0.01845
-0.02767 -0.09190 0.15538
0.29459 -0.07591 0.12327
-0.29334 -0.07639 0.06907
-0.00491 0.11935 0.08700
0.35384 -0.05451 0.09465
0.29790 -0.01750 0.15849
0.18350 0.03968 0.11347
0.15185 -0.01413 0.05848
0.06245 0.11119 -0.02717
-0.19832 0.07130 0.05075
-0.18978 -0.02772 0.15566
-0.28588 -0.05636 0.15959
0.00177 -0.00221 -0.09810
0.29455 -0.00905 0.09789
-0.42544 0.00490 0.04128
-0.10240 -0.08080 -0.15696
-0.14537 -0.03922 -0.13927
0.15398 -0.01439 -0.05288
0.31146 -0.01776 -0.14069
0.41053 -0.03546 0.12671
-0.21718 0.04969 0.13421
0.35425 0.02275 -0.05552
0.36412 -0.03812 0.15646
0.22836 0.04214 -0.01294
0.00268 -0.01537 0.04553
-0.00378 -0.00294 0.04476
0.13058 0.03586 -0.14370
0.00480 -0.02031 -0.03890
0.02136 -0.04607 -0.09865
-0.20670 0.03605 -0.04696
-0.21394 0.05193 -0.06836
0.04824 -0.05935 -0.11149
-0.06167 0.12456 -0.02496
0.23186 0.04040 0.03008
-0.09532 -0.04614 -0.12126
-0.41254 -0.06888 -0.03162
-0.20609 -0.06734 0.06928
-0.40703 0.02821 0.03337
-0.24613 -0.00625 0.16227
0.06253 -0.05949 -0.08439
-0.09159 0.12569 -0.03125
0.41343 -0.00185 0.03792
0.24262 -0.02731 0.15109
-0.14879 -0.03437 0.13483
-0.09306 -0.08366 -0.12558
-0.11037 -0.04146 -0.01252
-0.00096 -0.01544 -0.14133
-0.44178 -0.06775 0.00445
-0.13005 0.09670 0.11803
-0.42349 -0.05677 -0.09220
-0.41909 0.01187 -0.11385
0.17435 0.02648 -0.14714
-0.03017 -0.00583 -0.08244
-0.02454 -0.01796 -0.10046
0.26862 -0.00058 -0.16258
-0.10321 0.02506 0.13449
0.37416 -0.00501 0.05698
0.06938 0.10214 0.08309
-0.16650 0.00312 -0.13214
-0.19940 -0.01931 -0.12737
0.24727 0.03966 0.03437
0.11064 0.08357 0.07658
-0.03036 0.04169 0.08317
-0.08935 -0.08107 0.01990
0.23241 0.03641 -0.00562
-0.29934 0.07023 0.08092
-0.12312 0.09399 -0.11985
0.22751 -0.08808 -0.01960
0.19540 0.04156 -0.07958
0.28898 -0.00485 0.15558
-0.05395 -0.07581 0.07136
-0.24982 -0.07587 0.14465
0.23636 -0.03682 -0.02617
0.22018 -0.03803 -0.02867
-0.14516 -0.07323 -0.15801
-0.07097 -0.05677 -0.01906
-0.07232 -0.09316 -0.06726
0.11649 -0.03789 0.15793
0.30542 -0.08347 -0.14684
-0.39989 -0.07823 -0.02060
-0.02593 -0.09138 0.07585
0.00382 -0.09103 0.09797
-0.01745 -0.09128 0.07761
-0.03129 -0.09144 0.06077
0.32266 -0.05742 0.14249
0.43075 -0.09452 -0.04798
0.03935 -0.07178 -0.15899
-0.14596 0.11691 0.09554
0.00820 -0.03520 0.12765
0.29829 -0.05947 -0.09463
0.29172 -0.04963 -0.09464
-0.08419 -0.09266 -0.08892
0.09990 -0.05053 -0.13842
0.10686 -0.06553 -0.05739
-0.13012 -0.04375 -0.01788
0.34586 -0.09193 0.14158
-0.15815 0.08100 -0.12685
0.08776 -0.02475 -0.13844
0.38001 -0.06023 0.09331
-0.20890 -0.09433 0.06047
0.15538 -0.09398 0.12242
0.16091 -0.09398 0.11253
0.17421 -0.09411 0.10688
0.21020 -0.08903 0.00875
-0.27784 0.07664 0.09338
0.36026 -0.04798 -0.09363
-0.04479 0.05311 0.14347
-0.12673 -0.09191 0.12070
-0.21262 -0.06635 -0.05558
-0.18569 -0.06635 -0.05276
-0.18450 -0.06630 -0.09299
-0.21438 -0.06633 -0.07218
-0.18357 -0.06637 -0.03750
-0.26909 -0.06633 -0.08706
-0.18845 -0.06633 -0.07055
-0.19054 -0.06634 -0.05915
-0.19195 -0.06630 -0.09477
0.01943 -0.02247 -0.01189
0.20696 -0.02739 0.10763
0.23424 -0.00782 0.15070
0.20627 -0.08223 -0.13792
0.08682 0.09949 0.02196
0.10362 -0.09221 0.00354
-0.26201 -0.07306 -0.00027
0.09177 -0.05457 0.10527
-0.16174 0.08958 0.12204
-0.09383 0.12582 0.01135
0.09818 -0.09031 0.03419
0.11443 -0.09025 0.03795
0.10581 -0.08996 0.02746
0.15585 0.00504 0.15751
0.38402 0.01585 0.05583
-0.27528 -0.00837 -0.16186
0.24902 0.03885 0.04744
-0.10750 -0.01707 0.15773
-0.07489 -0.02617 0.15821
0.23589 -0.06753 -0.04020
0.23580 -0.05476 -0.05772
0.40181 -0.02676 -0.12118
-0.09623 -0.03325 0.15693
-0.10663 -0.03232 0.15684
0.15163 -0.00293 0.05014
0.14566 -0.01413 -0.13846
-0.14029 -0.03400 0.13378
-0.22029 0.10875 0.00699
-0.18515 0.08360 -0.12438
0.40729 -0.02720 0.12255
0.36732 -0.06495 0.05970
0.36865 -0.06201 0.02248
-0.06998 -0.05779 0.12439
-0.39534 -0.07877 -0.05234
-0.01130 -0.08401 -0.02296
-0.42099 0.01009 -0.10893
-0.24898 -0.00726 -0.13818
-0.09202 -0.05416 -0.06581
-0.02257 0.04460 -0.10330
-0.02332 0.04576 -0.07444
0.07768 -0.05828 0.07567
-0.01476 0.11752 -0.07761
-0.03122 0.07918 0.05639
-0.01151 -0.04972 -0.07096
-0.37345 -0.06587 0.05821
0.35950 -0.01089 -0.15041
0.05793 0.11190 0.03862
0.06410 -0.09541 0.15309
-0.12708 -0.05851 0.01890
0.06783 -0.05734 -0.12652
-0.41847 -0.05174 0.11289
-0.26102 -0.08258 -0.14252
-0.26344 -0.06730 0.08066
0.33315 -0.03765 -0.09460
-0.32065 -0.04286 -0.14209
0.32736 -0.01389 0.15756
-0.26094 -0.07016 0.03516
-0.14882 -0.09075 0.05196
0.39327 -0.00445 0.10104
0.23854 -0.07918 0.03701
0.26294 -0.07352 0.07485
-0.13838 -0.01107 -0.13857
0.29003 -0.06393 -0.14700
0.01888 -0.06046 -0.15527
0.00907 -0.03070 0.03649
-0.39909 0.03695 0.01625
0.18831 -0.02861 -0.12458
-0.42098 0.02971 0.03941
-0.42952 -0.00246 -0.08379
-0.15759 -0.01074 0.12970
0.39244 -0.06924 -0.09343
-0.19260 0.04766 0.01639
0.34141 -0.09015 0.00338
0.29766 -0.08234 -0.05704
-0.19953 -0.04246 0.10957
-0.22743 -0.11654 0.15951
-0.17068 -0.03070 0.15896
-0.16298 -0.00008 0.00180
0.17496 -0.03754 -0.14921
0.12148 -0.06821 0.15614
-0.03454 0.05420 -0.07101
-0.17372 0.00262 -0.10357
-0.11538 -0.00978 0.12494
0.16892 -0.01877 0.15735
0.01316 -0.04332 -0.03794
0.29477 -0.07372 -0.06041
-0.34114 -0.08892 -0.01211
0.29349 -0.07365 0.10135
0.30142 0.01900 -0.11856
0.40792 -0.02999 -0.09172
-0.21769 -0.08954 0.14396
0.27788 -0.08440 0.01362
0.00096 -0.01048 -0.06975
-0.25232 -0.07639 -0.06742
0.00251 -0.04609 0.12387
-0.24678 -0.07056 0.12288
-0.42139 -0.03576 0.06458
0.15277 -0.01193 -0.06905
-0.23782 -0.09384 -0.14435
-0.36003 -0.08548 0.01888
-0.35287 -0.08679 0.01321
0.01730 0.03600 -0.15164
-0.16035 -0.03765 -0.15801
-0.33416 -0.01334 -0.15088
0.14388 -0.01626 0.01752
0.12015 0.06233 -0.13726
0.40484 -0.02155 0.08909
-0.02256 0.06066 0.09055
-0.22840 0.05616 0.06882
-0.25469 0.05801 0.06655
-0.19412 0.08789 0.07975
-0.03604 -0.09150 -0.06047
-0.01066 -0.09120 -0.04776
0.00416 -0.09102 -0.04033
0.00498 0.11027 -0.10838
0.01390 -0.04174 0.09649
-0.01609 0.11247 0.10708
0.14244 0.00725 0.13882
0.33091 -0.00870 -0.13589
-0.09727 -0.06898 -0.12098
-0.25660 -0.08613 -0.14252
-0.12586 0.12448 0.00059
0.34991 -0.08973 -0.01807
-0.02317 -0.04618 -0.02134
-0.20631 0.01449 -0.14598
-0.05223 -0.05915 0.15580
0.10052 -0.08398 -0.15064
-0.26090 -0.01015 -0.14284
0.41813 -0.00597 0.00553
0.11715 0.03408 0.14360
0.17979 -0.03415 -0.04384
-0.43553 -0.08034 0.06675
-0.20500 0.03443 0.02657
-0.18420 -0.01292 0.02399
-0.05579 -0.09189 -0.09905
-0.07055 -0.09216 -0.09735
-0.03726 -0.09153 -0.07200
-0.05572 -0.09188 -0.08104
0.23294 0.03708 0.08070
0.35452 0.02402 -0.03692
-0.25186 -0.05561 0.15541
-0.13557 0.11506 0.10537
-0.39891 -0.05010 -0.13920
-0.05711 -0.07247 -0.03658
0.20059 0.04182 -0.00989
0.04971 -0.03166 -0.13623
-0.06449 -0.08425 0.02545
-0.14206 -0.04932 0.02267
-0.43418 -0.05880 -0.10343
0.39676 0.00466 0.07019
0.16943 -0.03252 -0.00335
-0.01274 -0.08461 0.12079
0.18264 0.01416 -0.15558
0.22756 0.04221 0.00890
-0.02958 -0.04118 -0.00731
-0.07754 -0.07312 0.14039
-0.28715 -0.02391 -0.14756
0.11356 -0.03648 -0.00488
0.15173 0.05219 0.07256
-0.07383 -0.06671 0.11989
-0.03843 0.12491 -0.00158
-0.43906 -0.05482 0.07973
0.28549 -0.07541 -0.06365
-0.10488 0.12404 0.05659
-0.23066 -0.02327 0.13306
-0.00015 -0.00552 -0.15932
-0.19522 -0.03468 0.13387
-0.09913 -0.06083 -0.02044
-0.33484 0.05818 0.00816
-0.40489 -0.04351 -0.12463
0.08073 0.09429 -0.09986
0.16011 0.02973 -0.07260
-0.01675 -0.08153 0.15363
-0.19447 -0.10795 -0.11712
0.28644 -0.02892 0.08643
-0.02912 0.04006 0.05535
-0.03077 0.12472 0.01292
-0.00631 0.01206 -0.02208
-0.05325 -0.06206 -0.15688
0.28515 0.02916 0.04326
0.29048 0.02847 0.04288
-0.02540 0.05730 -0.14152
-0.14841 -0.02497 -0.01570
-0.14687 -0.08418 -0.03721
0.11734 -0.04294 0.12990
0.25021 0.03994 0.00188
-0.21349 0.06052 0.13176
-0.38915 -0.06417 0.11514
0.01802 -0.08535 -0.02353
0.00651 -0.03146 0.15869
0.31289 -0.11664 0.14480
-0.16183 -0.00641 0.09680
-0.17753 0.02009 0.09651
-0.04091 0.04585 -0.14595
0.09139 -0.05313 0.02636
-0.11024 0.11394 -0.10797
0.16201 0.02291 0.00722
-0.17195 0.11854 0.02826
-0.42274 -0.05395 -0.00386
0.05306 -0.07251 -0.14047
-0.42558 -0.06947 -0.08240
0.07500 -0.05850 0.05774
0.23335 -0.08808 -0.01470
-0.37712 -0.06509 -0.14196
0.15890 -0.08324 0.02474
-0.08552 -0.08644 0.01625
-0.41564 -0.08064 0.05192
-0.10539 -0.09191 0.11579
0.08823 0.09312 0.08710
0.41809 -0.04631 0.07683
-0.22778 0.06323 -0.13346
0.19219 -0.08500 -0.14029
0.00951 -0.04309 0.10709
0.36629 -0.09765 0.09392
0.15036 -0.03524 0.02381
-0.07012 -0.08915 -0.02186
0.09200 -0.08583 0.02310
0.04205 0.01818 0.15632
-0.13396 -0.07265 0.02121
-0.20610 0.01476 -0.14094
0.12289 0.08084 0.03521
0.35540 -0.01633 -0.11080
0.18966 -0.03678 -0.00216
0.18481 -0.03759 -0.02614
-0.03558 -0.04499 -0.14665
0.36612 -0.01719 -0.11658
-0.36667 0.04439 -0.00782
0.06803 0.09892 0.10639
0.34869 -0.04289 -0.09655
-0.33329 -0.08544 0.06716
-0.20287 -0.03197 0.10990
0.29835 -0.08324 -0.04108
0.23947 0.01660 -0.15196
0.12499 -0.03624 -0.15809
-0.16712 0.00691 0.01385
0.32940 -0.00836 -0.13031
-0.35953 -0.05506 0.13687
-0.32608 0.03225 -0.14395
0.27045 -0.09007 -0.05056
-0.00122 -0.01083 -0.03794
0.39539 -0.07224 -0.01608
0.39583 -0.08042 -0.06582
0.39598 -0.08314 -0.01335
0.39581 -0.07999 -0.00704
0.39525 -0.06968 -0.05700
0.39472 -0.05995 -0.00348
0.39429 -0.05203 -0.00233
0.13791 0.01229 0.05209
-0.08694 -0.04093 0.02015
0.13508 0.06786 -0.10132
0.16712 0.05766 -0.03532
-0.40193 -0.01652 0.13973
0.20338 0.01405 0.14986
0.04933 -0.07435 -0.14324
-0.01027 -0.05185 0.06251
-0.30662 0.01765 0.14958
0.00245 0.01042 0.13821
0.02305 -0.00158 -0.13975
-0.11427 -0.02570 -0.15735
-0.08789 -0.03342 -0.15710
0.36550 -0.05473 0.09826
-0.13031 -0.07267 0.11393
-0.19907 0.02657 -0.13946
0.14335 0.02261 0.07730
-0.32707 -0.07789 0.10065
-0.03054 0.01821 0.15197
-0.05895 -0.07055 -0.11385
0.28102 -0.04149 -0.09364
0.17272 -0.03250 0.05814
0.34505 -0.05734 0.11159
0.00432 -0.09029 -0.12093
-0.40567 -0.03472 -0.13857
-0.09711 0.01301 0.15777
-0.37628 -0.06286 0.12850
-0.08805 -0.08214 0.03299
-0.04076 0.03011 0.15426
0.18123 -0.08353 -0.00535
0.15174 -0.08301 -0.02943
-0.23660 -0.12683 -0.16015
-0.15486 -0.01100 -0.07756
-0.16095 -0.00193 -0.07768
-0.05832 -0.07218 0.02765
0.11898 -0.04477 -0.12995
0.11973 0.08110 -0.05535
-0.02755 0.05396 -0.12208
-0.14501 -0.09226 0.12020
0.11660 0.06219 0.13070
-0.25422 -0.07639 0.07301
-0.15693 -0.05444 -0.15622
-0.03286 0.08678 0.12616
0.11416 0.07485 0.11923
0.35003 -0.03640 -0.15818
-0.26715 0.03367 -0.14866
0.00511 -0.07619 -0.05048
-0.19342 0.04406 -0.08934
-0.39529 -0.06401 -0.09777
0.16834 -0.03008 -0.05365
0.22486 -0.04413 -0.12564
-0.35461 0.05080 -0.01773
0.39090 -0.00643 0.12552
0.21507 -0.08326 -0.10544
0.11695 0.05039 0.16231
0.22831 -0.08155 0.03313
0.43993 -0.09214 -0.02849
-0.19558 0.11401 -0.04629
-0.07484 -0.09201 -0.03454
-0.07678 -0.09208 -0.04901
0.11363 -0.01303 0.07296
-0.00431 -0.00356 0.09673
0.22206 -0.07826 -0.04381
-0.30920 0.04064 -0.14130
-0.41890 -0.05725 -0.11146
0.39338 -0.07398 -0.08095
-0.06055 -0.04569 -0.15658
0.21024 -0.09694 -0.09647
0.27212 -0.09738 -0.09846
-0.16815 -0.04900 -0.00003
-0.18289 0.03049 0.04279
-0.15710 -0.00771 0.05238
-0.13824 -0.04915 0.05205
-0.19009 0.01328 -0.15599
0.07991 -0.08079 0.02958
-0.00563 0.00888 0.03570
-0.16874 -0.02994 -0.08998
-0.23917 0.05718 0.03429
-0.28291 0.06048 0.03197
0.08008 -0.01432 -0.15891
0.11604 -0.02346 -0.15862
0.20279 0.04245 0.04034
-0.02510 0.08397 -0.07698
-0.18069 -0.01580 0.07025
-0.18108 -0.01817 0.04146
-0.19322 0.00350 0.14075
-0.06059 -0.08278 0.12846
-0.11857 -0.05124 -0.02012
0.29089 -0.02254 0.14919
-0.06841 -0.05388 -0.03453
-0.06164 0.10356 0.11529
-0.26403 -0.01398 0.10770
0.17415 0.04093 0.10864
0.34313 -0.01248 -0.12918
0.06454 0.01917 0.14110
0.19992 -0.05408 -0.13379
0.24056 0.03839 -0.03237
-0.28334 0.00305 0.15816
0.24938 -0.02021 0.14093
-0.29102 0.05954 0.09225
-0.29244 -0.07647 0.02034
-0.13600 -0.09309 -0.06653
-0.00740 -0.01386 -0.12558
-0.16701 -0.07879 -0.15675
0.06335 -0.03654 -0.02169
0.21338 0.03812 0.02585
-0.30907 -0.07639 -0.06614
-0.20064 -0.08172 -0.07977
-0.20705 0.01079 0.15807
-0.28486 -0.05407 -0.13372
-0.24652 0.05724 0.08258
0.35542 -0.09711 -0.06781
0.27793 -0.08542 -0.01007
0.37369 -0.04213 -0.08688
0.35256 -0.02418 0.08646
0.00533 -0.02284 0.12859
-0.06647 0.12534 0.03650
0.00738 -0.01868 0.13241
0.35120 0.00805 0.12326
0.37692 0.00708 -0.09155
-0.27714 0.01168 0.15583
-0.41560 0.05073 0.03857
-0.12958 -0.00774 -0.13080
0.06632 -0.02578 -0.14360
0.06678 0.08980 0.11893
-0.15635 -0.05366 0.01863
-0.03129 -0.01771 0.14197
-0.41312 0.01530 0.03223
0.18431 -0.03216 0.14965
0.17567 -0.06453 0.14927
-0.10681 -0.07913 0.02285
-0.11235 -0.04115 0.00897
0.40229 -0.10270 -0.11335
0.18587 -0.04205 -0.03011
0.41151 -0.00988 -0.06546
-0.34362 0.05370 0.11943
-0.13408 -0.09319 -0.10348
-0.12482 -0.08519 -0.02133
0.18912 0.03893 0.13454
-0.05820 -0.07386 0.10452
-0.38120 -0.08163 -0.03604
-0.22136 -0.06983 -0.15420
0.14686 -0.08980 -0.12522
0.12171 -0.06139 -0.15478
-0.14866 -0.02140 0.07978
-0.14400 -0.02640 0.07357
-0.14980 -0.01662 0.07006
0.13158 0.03837 0.14134
0.19552 -0.02226 0.14575
0.12100 0.00790 0.05739
-0.13013 -0.08565 0.00773
0.10171 -0.02190 0.14205
-0.04419 -0.03641 0.13867
0.23737 -0.02455 -0.16272
-0.36956 -0.02417 -0.13509
-0.34883 -0.06518 -0.09081
-0.36939 -0.06466 -0.10721
-0.38662 0.01171 -0.14137
-0.18690 -0.00520 -0.01021
-0.39203 -0.02856 0.14205
0.02594 -0.07918 -0.03313
0.12055 0.03272 0.14958
-0.23324 -0.00698 0.15489
0.15907 -0.08334 0.01138
0.15263 -0.08330 0.01219
0.24393 0.03945 -0.04881
-0.07629 0.00639 -0.13636
-0.10197 0.03323 0.13477
-0.23508 -0.06857 0.12104
0.21796 0.04194 -0.04914
0.32849 0.01857 0.08934
0.40394 -0.06121 -0.10375
0.20644 -0.01973 -0.14392
0.00935 0.08836 0.12451
0.10507 0.00147 -0.13683
0.28478 0.02635 0.08081
0.37382 0.00886 0.08532
-0.10578 -0.05481 0.09443
0.31886 -0.00645 -0.13089
-0.22538 0.05545 0.13793
-0.40965 0.04140 -0.09935
-0.01049 0.01702 -0.02228
-0.41402 0.01303 -0.04749
0.30861 0.02959 0.06937
0.41312 -0.00243 -0.05128
0.12541 0.01408 0.09297
-0.07456 -0.05380 0.09937
-0.00395 -0.09112 0.02544
0.00226 -0.09105 0.04570
0.00519 -0.09101 0.08839
0.01532 -0.06328 0.13858
0.05612 -0.02835 -0.00908
-0.03345 -0.00509 -0.14779
0.02377 -0.01318 0.03060
-0.32410 -0.06583 0.11291
-0.30840 -0.06625 0.08616
-0.12859 -0.06143 -0.15633
0.18285 -0.02703 0.15141
0.37121 -0.09513 -0.03099
0.40152 0.00912 0.06556
0.30575 -0.00747 -0.09051
-0.27535 -0.02760 -0.11211
-0.19917 0.05555 -0.06102
-0.25611 0.05797 -0.08075
-0.13020 -0.09314 -0.13697
-0.23045 -0.10718 -0.14357
-0.05886 -0.04799 -0.01890
-0.09196 -0.07535 0.11813
-0.20606 0.05465 -0.03473
-0.23489 -0.07640 0.00157
0.06691 -0.06318 0.03535
-0.33690 -0.03139 0.14088
0.12602 0.04106 -0.16726
0.11483 -0.08722 -0.15618
0.27814 -0.01612 -0.14037
-0.27244 -0.11857 0.12910
0.39296 -0.04941 0.12258
0.14235 -0.08948 0.02734
0.15269 -0.09105 0.07140
0.41794 -0.09922 -0.04990
0.25679 -0.06325 0.14249
0.32089 -0.05074 -0.15590
0.02479 -0.04023 0.03449
0.13409 0.00606 0.13816
-0.08408 -0.05960 -0.03580
0.17648 0.02622 0.14324
-0.00350 -0.02993 -0.02134
0.21873 0.03035 -0.12658
0.23344 -0.08114 0.08252
-0.21418 0.05267 0.05506
-0.21334 0.05096 0.04356
-0.06267 -0.08564 0.00802
-0.02748 -0.08009 0.15687
-0.29663 0.06154 0.03018
-0.26490 0.05909 0.01281
-0.23544 -0.01467 0.12216
-0.09933 -0.08551 0.03569
-0.13286 -0.09055 -0.07896
-0.13165 -0.09036 -0.08588
0.12906 0.07906 -0.01106
0.04666 0.11050 0.08601
0.24539 -0.03217 0.09467
-0.35667 -0.01170 -0.14421
0.30882 -0.06949 0.08632
-0.28818 0.07920 0.03923
0.35306 -0.00750 -0.15177
0.29769 -0.01785 -0.15714
-0.03191 0.02877 0.15307
-0.03266 0.03820 0.12526
0.23961 -0.08808 0.06838
-0.30200 -0.07008 -0.03932
-0.04475 0.12050 0.09708
-0.39530 -0.02148 -0.14134
-0.34871 -0.06518 -0.05677
-0.08069 -0.09461 -0.15308
-0.01663 -0.04303 0.15318
0.34842 -0.09798 0.08282
0.32009 -0.11232 -0.14443
0.36732 -0.01394 -0.08323
-0.14455 -0.01657 0.12262
0.02971 -0.09107 0.11128
0.12960 -0.09308 0.11801
0.09872 -0.09248 0.09727
0.02436 -0.09102 0.06871
0.05522 -0.09159 0.10847
0.05199 -0.09155 0.09034
0.04900 -0.09150 0.08099
0.21856 -0.00880 0.15454
0.01926 -0.02973 0.09752
-0.01196 -0.04815 -0.08066
0.02041 0.02407 0.13730
0.13359 -0.09470 0.14433
0.14296 -0.04460 0.02141
-0.21314 -0.00101 0.16136
0.00489 -0.03440 -0.02680
-0.17476 0.02475 -0.13347
0.23598 -0.07978 -0.01520
0.24197 -0.07839 -0.00629
0.08222 -0.03512 0.00241
-0.23374 0.10304 0.02729
-0.00273 -0.03507 -0.13477
-0.31723 -0.08743 0.04877
0.09521 0.09500 -0.02844
0.14599 -0.07122 0.15755
-0.43978 -0.06829 -0.03815
-0.02601 0.00853 -0.15484
-0.32126 -0.08163 0.07887
-0.10731 -0.09319 0.06637
0.08638 -0.05580 0.11314
-0.16811 -0.03779 -0.02860
-0.17764 -0.02654 -0.02462
-0.17209 -0.03106 -0.05311
0.19634 -0.06196 0.13380
-0.37950 -0.01080 0.14273
0.33986 -0.05977 0.15178
-0.21720 -0.06418 -0.10657
0.15137 -0.01695 0.07796
-0.33714 -0.00778 0.14986
0.14545 -0.00390 -0.01380
0.04774 -0.09336 -0.05911
0.06156 -0.09336 -0.05188
0.04250 -0.09333 -0.04107
-0.00838 -0.09331 -0.07258
0.04939 -0.09337 -0.06768
0.02745 -0.09332 -0.04227
0.03517 -0.09337 -0.09162
0.02486 -0.09332 -0.04787
0.25875 -0.07449 -0.03074
0.25720 -0.07485 -0.06430
0.26439 -0.07319 -0.08186
-0.02340 -0.03428 -0.01554
-0.20517 0.05471 0.07528
-0.02825 -0.07039 0.14137
0.01920 -0.06325 0.09312
0.27145 -0.06919 0.14518
0.20371 -0.08477 -0.03925
-0.41772 -0.05743 -0.09628
-0.11191 0.00728 -0.13554
0.33839 -0.09030 0.04818
0.33092 -0.09067 0.03199
-0.06259 -0.06571 0.01964
0.29437 -0.10773 -0.14110
0.09817 0.07435 0.12963
0.26882 -0.00900 0.08737
-0.12050 -0.06922 0.03296
0.29380 -0.01555 0.11396
0.13841 0.05118 0.07999
-0.42563 -0.01035 -0.09684
-0.22910 0.09810 -0.08240
-0.01001 -0.02321 -0.01069
-0.19621 0.11467 0.02907
0.26950 -0.10172 -0.14144
0.22063 -0.08555 0.02669
0.35790 -0.08934 0.04095
-0.25801 -0.00317 0.16210
0.01881 -0.04702 0.04301
0.03057 -0.06391 0.02621
0.30319 -0.04807 0.15506
0.34032 -0.02468 0.13915
0.14298 -0.00140 -0.09835
-0.00078 -0.06887 0.06290
0.20176 0.03565 -0.10564
-0.01260 -0.02212 -0.10779
0.39603 -0.02323 -0.07177
0.02118 -0.07252 0.12232
-0.14070 -0.08098 -0.15647
-0.06388 -0.09203 0.11343
-0.05433 -0.09186 0.11527
-0.07273 -0.09213 0.09374
0.33287 0.02149 0.10073
0.13307 0.03151 0.13855
-0.02283 -0.08223 0.02150
-0.12756 -0.07271 -0.03294
-0.37224 -0.06460 0.11911
-0.35476 -0.06503 0.08885
-0.35216 -0.06510 0.08310
-0.18121 0.02146 -0.13322
-0.19295 0.06274 0.07935
-0.42850 -0.00695 0.09883
-0.16202 -0.01105 0.03569
-0.06424 -0.02238 0.14091
-0.06593 -0.07383 -0.14300
-0.03088 -0.03721 -0.15380
0.36440 -0.03327 0.08375
-0.32415 0.00765 0.14977
-0.12696 0.04777 -0.14430
-0.17220 0.03814 -0.15015
0.25797 -0.01229 -0.09839
0.14916 0.06669 -0.04743
0.21650 -0.08284 -0.04292
0.18703 -0.03266 0.05541
-0.38857 -0.06069 -0.12775
0.17810 -0.09402 0.06963
-0.17049 -0.02453 0.15776
0.23424 0.02666 -0.14848
-0.12545 -0.08291 0.08908
0.01968 -0.04369 0.02100
0.23521 -0.02117 0.11440
-0.25481 0.08647 -0.08931
-0.09068 -0.01643 -0.14185
0.15703 -0.08296 -0.03446
-0.03296 0.04131 -0.06718
-0.35744 0.03049 0.14101
0.08088 0.08660 -0.12550
0.02950 -0.09072 -0.06592
0.03923 -0.09061 -0.06308
0.08284 -0.09009 -0.02592
0.05710 -0.09040 -0.05481
0.13843 -0.03607 -0.13860
-0.36485 -0.07336 -0.05945
-0.19632 -0.10735 0.15964
0.06888 -0.02854 -0.12882
-0.12674 0.10457 -0.11071
-0.32863 0.06042 0.04586
-0.16523 -0.03374 0.09352
-0.13624 0.12242 -0.04609
0.11512 -0.05871 -0.02217
0.38556 0.00141 0.11478
-0.19354 0.04797 -0.00188
-0.25514 -0.09492 0.04785
0.32682 -0.07353 0.04843
0.19058 0.03854 -0.13591
0.35866 0.00835 -0.13639
-0.21484 -0.01224 0.10932
-0.29478 -0.07693 0.06269
0.26093 -0.04947 0.09465
-0.14125 -0.09302 0.08105
0.33289 -0.08668 0.06355
0.22526 -0.02862 0.04790
0.29890 -0.08171 -0.06909
0.17741 -0.09394 -0.01457
-0.30595 0.06020 -0.12143
0.21594 0.03410 -0.14122
-0.18915 0.11630 -0.01521
-0.16326 0.11712 -0.05316
0.18295 -0.08324 0.15064
0.13292 -0.08588 0.12455
0.03856 -0.09571 -0.14828
-0.18417 -0.08930 -0.12251
0.03993 -0.06866 -0.13661
0.39377 -0.02664 -0.12520
-0.00802 -0.05046 0.14403
0.27248 0.02289 0.12691
0.21832 -0.09750 -0.14909
0.35684 -0.05156 0.13899
-0.07955 -0.08310 0.12559
0.13522 -0.08445 -0.03499
0.25755 -0.01469 -0.14323
-0.03608 -0.09275 0.05043
-0.09515 -0.09319 0.11515
-0.24210 -0.04597 -0.15715
0.28651 -0.09140 0.01321
0.26999 -0.09140 0.01529
0.40742 0.01022 -0.03998
-0.20921 -0.08011 0.09424
-0.14707 -0.07220 -0.03619
0.15377 -0.03837 -0.13933
0.29283 -0.07143 -0.12313
0.08793 -0.03049 -0.13664
0.08804 -0.08375 -0.14962
0.28832 -0.05988 0.12542
0.14974 -0.07215 0.02307
0.23396 0.01786 -0.14048
0.13557 0.03690 0.14606
0.07243 0.02583 -0.13775
-0.13504 -0.09744 -0.01313
-0.02927 -0.02807 -0.13251
-0.17120 -0.06643 -0.12971
0.03117 -0.02618 0.01797
-0.21416 0.05135 -0.08804
0.13664 -0.03650 0.13302
0.08599 -0.07316 -0.10876
-0.13555 -0.07523 0.07059
-0.14085 -0.06859 0.07113
-0.13950 -0.07130 0.04683
-0.14293 -0.06502 0.09421
-0.14907 -0.05773 0.08531
-0.41925 0.05207 -0.01269
-0.14246 -0.04917 0.00898
-0.06394 0.02783 -0.13540
-0.03378 0.05838 0.08166
0.20210 0.01381 -0.15488
0.34691 -0.01226 -0.14690
0.43985 -0.03841 0.01882
0.19754 -0.09474 0.12269
0.20392 -0.09468 0.10113
-0.14749 -0.06353 0.15628
-0.08490 -0.06936 0.02309
-0.23379 0.02794 -0.15236
-0.29820 -0.02999 -0.16164
-0.42855 0.02429 0.05634
-0.35784 -0.08425 -0.06295
0.12413 0.03407 -0.14327
0.00864 -0.02652 -0.15895
0.16073 0.06166 0.02837
0.11205 0.06376 0.13561
-0.20219 0.06291 0.12955
0.04450 -0.07832 0.15856
-0.27692 -0.07866 0.06954
0.39297 -0.05434 0.08030
0.38521 -0.08651 0.02083
-0.31465 -0.05796 0.14308
0.35336 -0.04309 -0.15894
0.21696 0.03210 -0.11332
-0.40658 -0.06765 0.13173
0.08500 -0.08280 0.02312
0.13226 0.04985 0.15671
0.00633 0.07814 -0.13010
0.33268 -0.03131 0.12941
0.28370 0.03519 -0.03681
0.13186 -0.07831 -0.14733
-0.44353 -0.06366 -0.00778
-0.19093 0.11241 0.07445
0.15793 -0.09618 0.14821
-0.26940 0.08680 -0.04618
0.39799 0.00053 -0.09520
-0.26089 -0.11733 -0.16059
-0.01920 0.05977 -0.04393
-0.32662 -0.06456 0.06253
-0.41483 -0.06352 0.06348
-0.37621 -0.06449 0.03826
0.22377 0.01631 0.15321
-0.05975 -0.08560 -0.01587
0.08974 -0.05317 -0.14242
-0.13095 -0.08449 0.15554
-0.04621 -0.07839 0.02069
-0.03008 0.12469 0.02199
-0.24077 0.05826 -0.13565
0.10337 0.03255 -0.15044
-0.17417 -0.01016 0.14081
0.27510 -0.05729 0.09464
0.31165 -0.05975 0.09464
-0.42230 -0.04837 -0.01397
-0.42250 -0.04380 -0.00551
0.20806 -0.04723 -0.13378
0.31861 -0.08071 -0.14110
0.15768 0.02615 -0.14475
0.18818 -0.05418 -0.15670
-0.14405 -0.04785 0.02893
0.24792 0.03351 0.03944
0.04698 -0.02627 -0.01141
0.21414 -0.07371 0.11078
-0.07738 0.02010 0.15639
-0.19980 -0.02709 0.10655
0.36589 -0.02182 -0.07547
0.36767 -0.00142 -0.14219
-0.26444 0.08763 0.06112
-0.11965 0.01273 -0.15744
-0.40345 0.04094 0.11321
-0.20463 -0.10707 0.15743
-0.24041 -0.06999 0.02964
-0.30615 0.05769 0.12618
0.15843 0.02522 0.14590
-0.07496 -0.07048 0.01689
-0.17032 0.00385 -0.13662
0.04099 -0.06148 0.09135
0.04870 -0.06069 0.08497
-0.14576 0.01293 -0.13471
-0.39872 0.03337 0.12658
-0.02596 0.06916 -0.09007
-0.11518 -0.06366 -0.12525
0.16185 0.02721 0.05318
0.36471 -0.04092 -0.08280
0.23128 -0.05537 -0.09464
-0.17458 0.01174 -0.03566
-0.15141 0.10078 -0.11437
-0.01668 0.11835 -0.06914
0.26793 -0.08808 0.05398
-0.23706 -0.07203 0.01900
-0.17596 0.02243 0.15511
-0.38156 0.00763 -0.14281
-0.34492 -0.03263 -0.13785
0.29923 -0.08180 -0.14396
-0.02636 -0.02937 -0.15419
0.31493 0.02942 0.06287
0.12327 -0.01508 0.13670
-0.40259 -0.01439 0.13156
-0.37810 -0.06444 0.08277
-0.05666 -0.05127 0.12234
-0.41103 -0.07507 0.01873
0.29148 -0.12571 0.11150
-0.33937 -0.08840 0.05572
-0.20071 0.02470 0.11383
-0.18150 -0.01381 0.08249
0.08623 0.09653 -0.06751
0.39985 -0.09555 0.05524
-0.00092 0.12116 0.06498
0.09386 -0.06271 0.03326
0.04337 -0.02521 0.15880
0.10475 -0.02922 0.15852
-0.13946 -0.04318 -0.07494
-0.04163 -0.09528 0.15168
-0.13432 -0.05930 -0.07935
-0.30560 0.06059 0.11439
-0.12888 -0.06218 -0.11969
-0.43320 -0.06938 -0.03448
0.23460 0.03030 0.10849
-0.08309 0.12539 -0.04549
0.05861 -0.07103 -0.13844
-0.02394 0.00249 0.14417
0.16551 -0.09394 -0.00046
0.14549 -0.06081 0.02243
-0.02435 -0.04498 -0.12670
0.22089 -0.07636 0.04070
-0.25238 -0.05026 -0.10656
0.38782 -0.03515 0.07683
0.09481 -0.02554 0.13806
-0.15421 0.11978 -0.06024
-0.00658 0.10729 0.11280
-0.14339 0.11815 0.09055
-0.21890 -0.11700 -0.12280
-0.22934 -0.04309 0.10656
-0.00165 -0.06663 0.08835
0.11457 -0.05643 0.02073
0.28738 -0.07766 -0.05579
0.16015 0.01478 0.08667
0.39807 0.00861 0.03092
-0.00211 -0.01185 -0.09779
-0.03270 -0.00446 0.13714
-0.42249 -0.02213 0.03088
-0.20044 -0.11415 -0.12532
-0.33770 0.02381 0.14536
-0.19109 -0.08306 0.13445
-0.42527 -0.01292 0.11855
-0.11022 0.12151 0.08340
0.41285 -0.01429 0.08636
-0.23259 -0.05523 0.14295
0.00729 -0.06212 -0.02301
-0.33623 -0.02326 -0.15200
0.38914 0.01732 -0.01480
0.30295 0.02643 0.10714
-0.27802 -0.01679 -0.15326
-0.18749 -0.00292 -0.06573
-0.18056 -0.01916 -0.04652
-0.18600 -0.00812 -0.04577
0.23616 -0.05970 -0.11422
0.06552 -0.09364 -0.13832
0.10258 -0.09376 -0.12903
0.10342 -0.09342 -0.04211
0.06030 -0.09341 -0.08729
0.05251 -0.09350 -0.11645
0.07967 -0.09363 -0.11993
0.02465 -0.09348 -0.14344
0.06788 -0.09361 -0.12851
0.12479 -0.09374 -0.09932
-0.03660 0.05486 -0.06410
-0.10499 -0.07387 -0.14471
-0.18261 0.11764 -0.00188
-0.34415 -0.00132 0.14853
-0.24001 0.03315 0.15004
0.34179 -0.10048 -0.12575
0.31395 -0.09140 -0.04337
0.28261 -0.09140 -0.03180
0.42285 -0.00706 0.03920
0.15885 -0.09280 -0.05756
0.41574 -0.07882 -0.11057
0.24112 -0.01131 0.13708
-0.42556 0.00661 -0.01411
0.15973 0.05808 0.07147
-0.28892 -0.02827 -0.11987
-0.06793 -0.04450 0.01175
0.08742 -0.09342 -0.00391
-0.04756 -0.06132 -0.02104
-0.07342 -0.05375 -0.04469
0.01640 0.00075 0.10504
-0.25952 0.09255 0.01562
-0.08423 0.11416 -0.10550
-0.27038 -0.01373 0.16088
-0.42057 0.02390 -0.09042
0.14312 -0.02577 0.02192
0.16052 -0.01681 -0.15884
0.08538 -0.09341 0.05808
0.03118 -0.09345 0.12890
0.11600 -0.09368 0.09327
0.08273 -0.09359 0.10724
0.09703 -0.09369 0.11661
0.08165 -0.09370 0.13619
0.11237 -0.09358 0.07371
0.12609 -0.09375 0.10076
0.28624 -0.12064 0.15130
-0.29042 0.06383 0.12464
-0.10825 -0.09191 0.07387
0.25318 -0.02994 0.11696
-0.11592 0.12519 0.00257
0.23910 -0.03745 0.03846
0.23751 -0.06037 0.02889
0.23472 -0.05474 0.06470
-0.03475 -0.04823 0.15040
-0.24541 -0.07959 0.15160
-0.03383 0.00792 0.12890
0.24031 -0.09602 0.11488
-0.08698 -0.09315 -0.05887
-0.34003 -0.08912 0.01454
0.16596 0.02559 0.07339
-0.25396 -0.07415 0.01507
0.35975 -0.06385 -0.12236
0.34939 -0.07735 0.14634
-0.43138 -0.07076 -0.06126
-0.26434 0.08392 -0.08510
0.39891 -0.07127 0.12313
0.01277 0.12179 -0.00758
-0.18875 -0.06474 -0.10804
0.36330 -0.04774 0.08594
-0.14740 -0.02191 -0.05823
-0.17960 0.02486 -0.04086
0.31669 -0.00851 -0.10485
-0.23746 -0.03445 0.11422
-0.00753 -0.05546 0.07992
0.03720 -0.06334 -0.10915
0.14803 -0.00367 -0.00210
-0.42706 -0.04667 -0.06277
0.39756 -0.05062 -0.07254
0.31884 0.00644 0.15590
0.02093 -0.06168 0.03777
0.43899 -0.05104 0.05383
-0.00749 -0.03074 0.14323
0.14633 -0.02601 0.13837
0.26602 0.03279 -0.01204
-0.43911 -0.07420 0.01114
0.17163 -0.07058 -0.15695
-0.04692 -0.08938 -0.02845
-0.29511 -0.00273 0.15832
0.08291 0.02424 0.15477
0.24621 -0.00375 0.16039
0.30985 -0.06556 -0.08631
0.09482 -0.02839 -0.14358
-0.27410 -0.02648 0.12865
0.01712 -0.06558 -0.09104
-0.42252 -0.07190 0.11674
-0.22753 -0.09346 0.05797
-0.06690 -0.06716 0.13548
0.23100 0.03607 -0.02506
0.01013 -0.08947 -0.02734
-0.25580 -0.12652 -0.11522
0.09092 -0.07948 -0.02405
0.14358 0.00060 0.05733
0.27304 -0.08808 -0.02641
-0.29949 -0.07639 -0.05127
-0.02436 -0.01824 -0.03324
-0.01791 -0.03384 -0.03504
0.16041 0.05460 0.09663
-0.11298 -0.07297 0.14306
-0.09462 0.12579 -0.01034
0.15342 -0.00800 -0.02570
0.13261 0.06306 -0.13353
-0.30079 -0.04223 0.16107
0.30653 -0.05209 0.14344
-0.24095 -0.02261 0.13323
0.36486 -0.05322 0.08591
0.26544 -0.03050 0.15755
-0.00075 -0.03344 0.02624
-0.04751 -0.09226 0.13198
0.28738 -0.08015 0.00922
0.01736 -0.09158 -0.00608
0.29307 -0.06995 -0.11338
0.39748 -0.02422 0.11956
-0.11618 -0.09473 0.14613
0.15879 0.02399 -0.05809
0.17326 -0.08315 0.02749
-0.07938 -0.04093 0.13790
0.25413 -0.02335 0.08642
-0.07165 -0.07242 -0.03530
0.22932 0.03351 0.07129
0.26460 0.03007 0.06360
-0.18305 -0.03994 0.10915
0.16264 0.03628 -0.11057
-0.23535 -0.02278 -0.14419
0.35525 0.00564 0.13302
-0.21836 0.03398 -0.15018
-0.08891 -0.04088 0.00613
0.30796 -0.07861 -0.12288
0.07862 -0.08400 0.00719
0.00565 -0.07529 -0.04425
0.19353 -0.02250 0.15017
-0.04984 -0.06351 0.08270
0.37906 0.00341 0.12071
-0.13158 0.12318 -0.03023
-0.29721 -0.06988 0.04827
-0.02358 0.02055 -0.14342
0.12667 0.01232 0.08215
0.18397 -0.00503 -0.14961
-0.01613 0.08055 0.06603
0.02663 -0.05359 0.12642
0.06753 -0.07708 -0.15164
0.01056 -0.02379 0.03647
0.07137 0.04973 0.14354
0.18022 0.02638 -0.15108
-0.20479 0.09985 -0.10493
-0.02568 -0.09312 -0.03831
0.25545 -0.08808 -0.04016
-0.42681 0.00989 0.08391
-0.00354 0.00982 -0.09652
0.17852 -0.06971 0.15626
-0.02391 -0.00623 -0.15025
0.27661 0.03309 -0.07600
0.29766 -0.07949 0.04657
0.36995 0.01993 0.05027
0.21349 -0.06888 0.11372
-0.11145 0.08933 -0.12304
0.19272 -0.05045 0.15709
0.23431 0.03296 -0.07126
0.42766 -0.00887 -0.00691
0.16111 0.04005 0.04034
0.35261 0.01963 -0.02800
0.35527 0.01782 -0.04310
-0.25716 -0.06809 0.00887
0.19875 -0.06869 0.12493
-0.26800 -0.07804 -0.03106
0.30317 -0.02697 -0.08643
-0.28812 -0.06679 0.14133
-0.29731 0.07547 0.03569
0.20155 -0.08376 0.02812
0.22604 -0.04421 0.09629
-0.26255 -0.11497 0.15660
0.24309 0.04078 0.02264
0.33785 -0.09009 0.15382
0.33427 -0.05512 0.15741
0.40201 -0.02975 0.08677
-0.20406 -0.03710 -0.15871
-0.00842 -0.00138 0.03664
0.27126 -0.08808 -0.06201
-0.15756 -0.02372 -0.10379
-0.03201 0.02135 -0.15649
-0.09679 -0.08530 -0.01530
0.05655 -0.05234 0.10061
-0.08397 -0.09156 -0.01750
-0.11185 -0.08340 -0.12462
-0.05515 -0.05384 0.01928
-0.03634 0.03875 -0.07875
0.04627 -0.03096 0.12815
-0.36029 -0.06075 -0.14746
0.12688 0.06800 0.12222
0.00211 -0.07827 0.05277
-0.10070 0.12399 0.06041
-0.44471 -0.04547 0.03851
-0.03991 -0.07091 0.14092
0.02659 -0.04325 -0.10660
0.19541 -0.02979 -0.08490
0.41787 -0.09865 0.03451
-0.11104 -0.09191 -0.07615
-0.30421 -0.05383 -0.12901
-0.09847 -0.05738 0.10394
-0.28020 0.05974 0.13045
-0.03189 0.02059 -0.10952
0.14895 -0.08534 0.02853
-0.13178 -0.07996 -0.07200
-0.09030 -0.01926 -0.12712
0.01894 -0.06381 0.15644
-0.24105 -0.07127 -0.08083
0.03095 -0.04430 0.14153
0.07192 -0.05857 0.14178
0.10181 -0.09265 -0.03478
-0.23240 0.09934 -0.06850
0.29766 -0.07570 -0.02587
-0.03380 -0.08302 0.12523
-0.04961 0.07607 -0.13186
-0.41965 0.02736 0.02770
0.03915 -0.08281 0.15218
0.01454 0.12149 0.01874
0.37001 -0.04213 -0.09266
0.05358 -0.08193 -0.02439
-0.41529 0.02000 0.11411
0.12734 0.07054 0.10747
0.18236 0.04408 0.06870
0.35694 -0.07545 -0.00620
0.26886 0.02598 -0.11015
0.16094 0.05507 0.09184
0.14474 -0.01120 0.13846
0.07839 -0.08056 -0.12504
0.03755 0.11611 0.05624
-0.42079 -0.02908 -0.07325
0.01932 -0.02560 -0.09905
-0.43110 -0.01453 -0.04107
0.38879 -0.01233 0.05190
-0.11121 -0.05562 -0.04781
-0.12092 0.12174 -0.07498
0.36147 -0.07762 -0.00768
-0.30411 -0.05383 -0.11813
0.08375 0.09854 0.05938
-0.35963 -0.08390 -0.05762
-0.27459 0.08420 0.05086
0.25709 -0.00149 0.16080
0.33245 0.02655 -0.05998
-0.19365 0.04264 0.03633
-0.12619 -0.01729 -0.15732
-0.14467 -0.00171 -0.15729
-0.35105 -0.07083 0.14720
-0.37994 0.04174 -0.04977
0.31000 -0.07147 -0.14677
0.21005 0.03401 -0.10014
0.21453 0.04015 0.00471
0.32205 -0.03891 0.09466
0.33247 -0.07675 -0.04338
-0.23454 -0.08132 -0.12408
0.11099 -0.00782 0.15863
0.09284 -0.03821 -0.00836
0.13554 0.02722 -0.13817
0.02050 0.10848 -0.11253
-0.43921 -0.07362 0.02404
-0.34232 -0.06975 0.10200
-0.25663 -0.09783 -0.14357
-0.25495 -0.00048 -0.16182
-0.07630 0.06836 0.13522
-0.09472 0.07137 0.13326
0.03307 0.11743 0.04953
-0.11247 -0.02048 -0.13163
0.28442 -0.07758 -0.08068
0.37709 -0.00967 -0.02338
-0.37958 0.05510 0.03578
-0.29962 -0.09648 -0.01587
-0.01440 -0.09331 -0.09516
-0.01229 -0.09333 -0.14265
-0.01943 -0.09329 -0.11778
-0.03808 0.06443 0.07669
0.08207 -0.07688 -0.14538
-0.27123 -0.03474 0.15795
-0.27056 0.05911 -0.07400
-0.26580 0.05886 -0.06947
0.08621 -0.09205 0.07532
0.09256 -0.09172 0.06894
0.08072 -0.09167 0.06369
0.07680 -0.09043 0.03029
0.04332 -0.09081 0.02917
-0.05852 -0.05361 -0.13568
-0.14182 -0.05030 -0.02191
-0.04910 0.11950 -0.06926
0.14663 -0.00056 -0.08342
0.14500 -0.02951 0.15851
0.02563 -0.02331 -0.10234
-0.35772 -0.05469 -0.13541
0.33011 0.02950 -0.01401
0.08077 -0.00275 0.13957
0.29449 -0.06185 -0.14955
-0.37153 -0.01922 -0.13283
-0.29185 -0.09370 -0.13854
0.20861 -0.08625 0.14068
0.37925 0.00419 -0.11938
-0.40515 -0.06163 -0.13386
-0.26819 0.08317 0.08047
-0.12529 0.12205 0.06722
0.39905 0.00914 0.02171
-0.03659 -0.01533 -0.14596
0.22046 -0.08130 -0.02156
-0.13607 -0.06876 -0.13989
-0.10178 -0.07457 0.14708
-0.04169 0.02607 -0.15522
0.30066 0.02208 0.14067
0.11552 0.02402 -0.15459
-0.22716 -0.01312 0.10655
-0.30002 -0.05529 0.10706
0.26030 -0.00934 -0.16330
-0.34061 -0.08224 -0.14309
0.39757 -0.09574 -0.04697
-0.24760 -0.08770 0.08882
-0.11317 -0.04681 -0.11924
0.04298 -0.07790 -0.15865
-0.15862 -0.01116 -0.02870
0.00018 -0.04508 -0.02910
0.22584 -0.04461 0.13967
-0.23809 -0.07029 0.12542
-0.09175 0.01940 0.13497
-0.02849 -0.05270 -0.15608
0.02188 -0.02321 0.03427
0.03625 -0.07617 0.14592
0.25876 -0.01401 -0.15244
0.21290 -0.08055 -0.12721
0.39953 -0.09553 -0.06124
0.18788 -0.03626 0.01918
0.18285 -0.03749 0.01388
0.01325 -0.05113 0.03652
0.19038 -0.04203 -0.13607
0.38707 -0.02483 0.13737
0.15490 0.01741 0.04069
-0.41386 -0.01700 -0.13471
0.42302 -0.09821 -0.03698
-0.24482 -0.07392 -0.01038
0.23272 -0.02647 -0.10860
0.28442 -0.12872 -0.13133
0.07057 -0.08712 -0.02248
-0.34497 -0.01072 -0.14915
0.17027 -0.07998 -0.02610
-0.44082 -0.02063 0.03639
-0.20985 0.08802 -0.11966
-0.31208 -0.07965 0.07121
0.31874 -0.07545 0.15533
0.17983 0.03984 0.02018
0.00408 -0.06089 0.13306
-0.05789 -0.09322 -0.06037
0.21986 0.03700 -0.03257
0.16056 -0.00041 -0.14926
-0.33705 -0.06549 0.11685
-0.33212 -0.06561 0.12772
-0.34717 -0.06523 0.10374
-0.21143 -0.02165 0.11245
-0.02990 0.01067 -0.15252
0.05456 -0.09161 0.03343
-0.43349 -0.07649 0.02554
-0.42160 -0.05397 0.05741
0.22133 0.03407 -0.07825
0.42455 -0.02523 0.06110
0.22327 0.03352 0.13720
0.15943 -0.05251 -0.14344
-0.15706 -0.09026 -0.02513
-0.02305 -0.00190 0.12421
-0.04378 -0.08752 0.02323
0.22654 -0.07624 -0.12558
-0.22220 -0.01711 -0.12494
0.22060 -0.08846 -0.09738
0.21923 -0.08847 -0.06903
0.21655 -0.08850 -0.03864
0.12931 -0.09140 -0.07397
-0.20531 0.03251 -0.02669
-0.21497 0.05263 -0.01553
-0.26824 -0.07733 0.02215
-0.09668 0.11206 -0.10940
-0.14245 0.12260 -0.01748
-0.06412 -0.00525 0.13844
-0.33751 0.05708 -0.02899
-0.30608 0.07137 0.03856
-0.02719 -0.01152 0.09915
-0.02301 -0.02126 0.10405
-0.28216 -0.10971 -0.12659
-0.04375 -0.08224 -0.14255
0.30929 -0.07445 0.07028
0.42587 -0.06262 -0.02996
-0.18729 -0.09492 0.05267
-0.05200 -0.06017 0.03039
-0.11560 -0.09229 -0.07379
0.38742 -0.02531 -0.07453
-0.15449 -0.09607 -0.02048
-0.02878 -0.08802 -0.15644
0.37750 0.01473 0.02146
0.27461 -0.07535 0.06450
0.04735 -0.02703 -0.01684
-0.44566 -0.04833 -0.00530
-0.19847 -0.05098 -0.10655
-0.17514 -0.05053 -0.00385
0.33788 -0.08994 -0.14633
0.39812 -0.00167 0.09769
0.28389 -0.07245 0.06465
0.29758 -0.07245 0.04267
0.28194 -0.07245 0.00493
0.27577 -0.07245 0.07029
0.31782 -0.07245 0.01224
-0.41904 -0.03795 -0.08791
0.17363 0.01385 -0.14903
-0.15275 -0.09070 0.08040
0.26759 0.02679 0.10295
-0.04091 0.02142 0.08043
-0.23242 -0.08930 -0.07420
0.28007 -0.09071 0.14249
0.31470 0.01727 -0.13224
-0.10646 0.07756 0.12966
-0.10108 0.07978 0.12859
-0.34948 0.03343 0.09872
0.04242 -0.08420 -0.03346
-0.21340 -0.12315 0.11761
-0.09958 0.02661 0.15454
0.17539 -0.03223 0.06414
-0.18610 0.02039 -0.03998
-0.28648 -0.05896 0.12599
0.22942 0.01398 -0.15335
-0.37903 0.04313 0.07753
0.42600 -0.04997 0.02666
-0.15456 -0.02111 -0.15668
-0.27415 -0.08652 -0.05279
-0.34081 0.05623 0.10106
-0.41426 -0.04994 -0.11028
-0.18745 0.00072 0.12251
0.28181 -0.01062 0.10940
-0.16829 -0.02019 -0.10031
-0.24705 -0.07923 -0.07216
-0.42677 -0.07584 0.04090
-0.41065 -0.07885 0.04281
-0.18828 -0.07915 0.10965
-0.30146 -0.07639 0.05606
-0.23703 -0.07196 -0.07231
-0.29376 -0.08855 -0.01708
-0.38901 -0.07822 0.05642
0.15224 -0.07664 0.15887
0.36550 -0.05323 -0.10161
0.11085 -0.07496 0.14111
0.01847 -0.04500 0.07058
0.00784 -0.02506 0.07969
-0.13648 -0.07270 0.10550
0.20089 -0.09127 0.02812
0.00753 -0.05456 -0.02263
0.18246 0.04151 -0.12236
0.00556 0.12201 0.03541
-0.18670 -0.07326 0.00113
0.12943 0.04921 0.16632
-0.44299 -0.05619 0.03319
-0.25058 -0.11974 0.15349
-0.05534 -0.04980 0.11338
0.15333 -0.09466 -0.15380
0.39153 -0.05875 0.09464
-0.27589 -0.10463 -0.13565
-0.39269 -0.04098 0.14139
0.16629 -0.07563 0.15763
0.24382 -0.06286 -0.14441
0.22848 0.00754 0.15058
0.19152 -0.01051 0.15002
-0.20594 -0.07498 -0.00293
-0.11604 -0.04913 0.03041
0.11136 -0.07863 0.15817
0.23318 -0.07516 0.05697
0.36684 -0.09786 0.06198
0.36013 -0.06576 0.12237
-0.12409 -0.06768 -0.00454
0.22833 0.02163 -0.15077
0.21306 0.04045 -0.02836
0.10681 -0.09596 0.14698
-0.14401 -0.06403 0.01840
0.14439 0.00113 -0.09241
0.13798 -0.00027 -0.13827
0.35051 -0.09804 -0.07406
0.30236 -0.00312 -0.14658
-0.20242 -0.10508 -0.14932
-0.02590 0.10264 0.11596
-0.02942 -0.07725 0.12845
-0.07010 0.04366 -0.14073
-0.13539 -0.09315 0.10400
0.15915 -0.07279 -0.15793
0.27548 -0.07245 -0.01322
0.31386 -0.07245 -0.02091
0.34797 -0.07245 -0.01212
0.31563 -0.07245 -0.02781
-0.36670 -0.03835 0.13561
0.10081 -0.04506 -0.12853
0.38851 0.00255 0.09662
0.14419 0.04695 0.14275
0.07289 -0.08346 -0.15403
0.15341 -0.03625 -0.02586
0.18776 0.00861 0.14861
0.38133 -0.09350 -0.03877
0.40131 -0.02308 -0.12884
0.41357 -0.05272 -0.09329
0.23627 0.03754 -0.06247
0.42554 -0.02563 -0.01878
-0.14704 -0.00168 0.13770
0.01291 0.01331 -0.13775
0.31493 -0.07176 0.15314
-0.00152 -0.05321 0.15601
-0.16957 0.00205 0.13804
0.22535 0.03361 0.07713
-0.20738 -0.00206 -0.16112
-0.08448 -0.09191 -0.10312
0.25607 -0.10537 -0.12546
-0.08137 -0.04531 0.11997
-0.04482 0.06207 -0.13923
-0.14585 -0.06216 -0.07677
-0.15344 -0.05203 -0.09236
-0.15532 -0.05043 -0.07452
-0.13717 -0.07422 -0.04769
-0.15609 -0.04978 -0.06698
-0.32787 -0.06572 -0.12041
-0.31650 -0.06602 -0.08779
0.41204 -0.06147 0.08530
0.39055 -0.01183 0.13307
-0.17796 0.02898 0.13346
0.21891 -0.08931 -0.06208
0.14582 -0.09373 0.09204
-0.43255 -0.07047 0.00720
-0.19788 0.05374 0.04889
-0.16675 0.00860 0.06522
-0.10765 0.02782 -0.13523
0.16011 0.02288 -0.00732
-0.00871 -0.06714 0.15867
0.36815 -0.06312 -0.05410
-0.17374 -0.06063 -0.14970
0.20615 -0.03463 -0.03674
-0.13830 -0.03663 -0.12760
0.27422 -0.00283 -0.13922
0.12452 -0.09346 0.01868
0.39338 0.01593 0.02452
0.14479 -0.08941 0.04443
0.38045 -0.00208 -0.12423
-0.18532 0.00534 0.14048
0.12956 -0.09250 -0.04596
-0.26955 -0.01155 -0.16226
0.06114 0.11178 -0.00729
0.43658 -0.02676 -0.00223
-0.02446 -0.01546 0.15934
0.08604 -0.03883 0.12764
-0.00071 -0.06935 -0.06075
0.38273 0.01183 -0.03975
0.19036 -0.06077 0.13714
0.37997 -0.04113 -0.13006
0.09515 0.06257 0.13769
0.27240 0.02039 0.14831
-0.35788 0.04564 0.10667
-0.34385 0.03417 0.14093
-0.11577 0.10416 0.11358
0.08821 -0.05518 0.02013
0.16006 0.02610 0.07302
-0.01439 -0.02673 -0.14430
0.21703 -0.00979 -0.15784
0.23408 0.04091 0.03529
-0.07401 -0.08972 -0.12162
-0.41956 0.02784 -0.01831
0.01071 -0.00679 -0.03627
-0.25059 -0.06513 0.15129
-0.01655 -0.03903 -0.06949
0.19576 0.03411 -0.13238
-0.04218 0.09715 -0.11691
0.24866 0.03596 -0.08509
0.30398 0.00326 -0.16122
0.37354 -0.02127 0.03297
0.38112 -0.00885 0.00155
0.23466 -0.03293 0.12800
0.20221 -0.04032 0.12397
-0.14919 -0.06714 0.01920
-0.18329 0.06931 0.08472
0.18561 0.04087 0.10038
-0.37445 -0.08286 0.01038
0.23074 0.03751 0.06491
-0.03084 -0.09325 0.06851
-0.04134 -0.09324 0.05891
-0.04507 -0.09324 0.09822
-0.25171 0.05807 -0.05587
-0.22587 0.05604 -0.07076
-0.25527 0.05841 -0.04156
0.19804 0.04150 -0.00089
0.33002 0.02430 -0.01987
-0.13049 -0.09099 0.07044
-0.12872 -0.09169 0.04715
-0.12415 -0.09118 0.07712
0.09860 -0.07931 -0.15637
0.34641 -0.07899 0.11158
0.28473 0.03067 -0.01396
-0.03470 -0.02384 0.15438
-0.43981 -0.06980 -0.01495
0.18292 0.02026 0.15441
0.20636 -0.03550 0.15855
-0.06818 0.11346 0.10906
-0.02967 -0.00431 0.02799
-0.02092 -0.00702 0.02656
0.35574 -0.00323 -0.11143
-0.17614 0.01700 0.13079
0.33154 0.01931 0.07882
0.17696 0.05119 0.05006
-0.09038 -0.04375 -0.15629
-0.16921 0.02011 -0.12396
0.11061 0.07527 -0.12823
-0.12975 -0.01318 -0.12329
0.14523 0.07114 0.00916
-0.36603 0.03090 0.13970
-0.41267 0.02168 0.11951
-0.20521 -0.07509 0.00677
-0.12510 -0.04761 -0.15521
-0.13143 0.10632 0.11133
-0.05487 -0.05319 0.06912
-0.28860 -0.05636 -0.10658
0.40770 -0.02619 -0.08722
-0.38685 -0.08503 -0.09289
-0.38244 0.05276 -0.08450
0.09566 0.01294 -0.15668
0.16123 0.05165 0.07132
0.23361 0.03626 0.00695
0.11164 0.08701 0.02403
-0.21858 -0.08073 0.10821
0.06625 0.08635 -0.12545
0.27993 0.03495 0.04885
-0.22763 0.09984 0.07688
-0.33823 -0.03554 -0.15193
-0.01957 -0.08147 -0.15106
0.11101 -0.05020 0.15666
-0.10239 0.12088 0.09775
-0.42202 -0.04760 -0.03882
-0.17122 0.02378 0.12668
0.15626 -0.06142 0.15535
-0.40902 -0.07915 -0.02510
-0.40862 -0.07922 -0.01550
-0.12029 0.12359 0.05160
0.08435 0.07378 -0.13206
0.16036 -0.00034 0.14707
-0.15017 0.04407 -0.14605
0.11739 0.07276 0.12443
-0.20217 0.11157 -0.06041
-0.06170 -0.06402 -0.10618
0.00764 -0.00098 0.09828
-0.32368 -0.02007 0.14173
0.18241 -0.03256 0.15852
-0.03608 -0.07540 -0.15914
0.34162 -0.09788 -0.09795
0.21956 -0.03150 -0.12930
0.02565 -0.01191 0.15913
-0.05919 0.12543 0.01286
0.27690 -0.07403 0.04919
-0.27282 -0.07213 0.01037
-0.15847 -0.08534 0.01923
-0.43557 -0.01999 0.08818
-0.02844 0.03928 0.15023
0.35422 -0.06413 -0.09298
-0.10416 -0.09292 -0.07384
-0.27172 0.02141 -0.15208
-0.10991 -0.05360 -0.03391
0.27951 -0.09092 -0.15329
0.29592 -0.05771 -0.12312
0.00097 -0.05208 -0.13885
0.03631 -0.03521 -0.15822
0.02077 -0.05572 -0.09809
-0.13125 -0.08969 -0.11682
-0.10272 -0.09119 -0.08001
-0.10545 -0.09114 -0.10843
-0.35348 -0.08668 -0.01606
-0.36376 -0.08480 -0.04351
-0.22390 -0.08429 0.12288
0.22463 0.03277 0.14236
-0.20487 -0.06876 -0.14357
-0.29368 0.06866 0.10093
-0.00997 -0.09503 -0.03968
0.22494 -0.02709 0.07846
0.21886 -0.08529 -0.07369
-0.15544 -0.03057 0.11591
-0.07913 0.04760 0.14513
-0.11338 0.05259 0.14237
0.35281 0.01143 -0.13096
-0.21885 -0.08684 -0.05181
-0.10060 -0.04316 0.01999
0.27671 -0.00241 0.13612
-0.17477 -0.05701 0.14131
0.08720 -0.08302 -0.00686
0.02952 -0.08419 -0.01669
0.03681 -0.08404 -0.00425
0.03689 -0.08404 -0.01433
0.28488 -0.08418 0.07162
0.06329 -0.07763 0.12387
-0.32568 -0.09038 0.05175
-0.38163 -0.08155 -0.02215
-0.18107 0.01794 0.10548
-0.26701 0.08846 -0.03775
-0.05736 -0.09067 0.01745
-0.34601 0.02224 -0.14488
-0.28119 -0.02088 0.12473
-0.23910 0.05722 -0.01245
-0.25002 0.05813 -0.00724
0.36557 0.01340 -0.06921
0.00968 -0.07708 -0.10008
0.25317 -0.09374 -0.07902
0.06720 0.04772 -0.14445
-0.37058 0.04160 0.12772
-0.05008 0.06349 0.13856
-0.20366 -0.11705 0.13587
-0.19530 0.06505 -0.04654
-0.15339 -0.06699 0.14072
0.19564 -0.03413 0.13381
0.20469 0.04005 -0.10193
-0.19750 -0.04525 -0.15055
-0.27407 -0.03729 -0.14037
-0.24141 -0.12100 0.15949
-0.12588 -0.05778 0.04786
-0.11111 -0.05691 -0.12216
-0.34775 0.04869 0.07719
-0.12837 -0.08753 -0.15484
0.10165 -0.03186 0.13914
-0.20168 0.05427 -0.08156
0.34048 -0.04782 0.15856
-0.07334 -0.09194 0.02738
-0.05222 -0.09169 0.07758
0.42599 -0.05325 -0.03089
-0.18573 0.03479 -0.03098
0.00895 0.11980 0.07150
0.38108 0.00425 -0.10949
-0.22654 0.01732 0.15760
-0.43899 -0.02052 0.02477
0.35499 -0.08948 -0.00517
0.01359 -0.07628 0.15487
0.00251 -0.07562 -0.14872
0.17949 -0.03053 -0.09353
0.18186 -0.02990 -0.11123
0.02325 -0.07272 -0.02375
-0.28885 -0.04565 -0.10969
-0.16587 -0.06681 -0.05087
0.25688 0.02588 -0.14612
-0.36745 0.04601 -0.10586
0.37881 -0.09704 0.02554
0.11358 0.05770 0.17645
0.09545 0.08438 -0.12219
0.01901 -0.06387 -0.03011
0.16275 0.02371 0.01933
0.42016 -0.00124 0.03511
0.25884 0.03360 0.00465
0.38455 -0.02335 -0.14369
-0.11946 0.11318 0.10816
0.19045 0.04670 0.02844
-0.04920 -0.07486 0.15196
-0.06567 -0.03576 -0.12617
-0.42473 0.00531 0.08067
-0.39858 -0.06392 -0.04245
-0.36440 -0.06478 -0.02411
-0.35752 -0.06495 -0.01050
-0.42594 -0.01191 -0.05877
0.02467 -0.02765 -0.02060
0.29879 -0.00622 0.09374
0.06866 -0.06772 0.12679
0.02669 0.10538 0.11350
-0.01471 -0.03460 -0.12636
0.34551 -0.01263 0.15724
-0.43151 -0.02530 -0.11752
0.30074 0.01912 0.11842
-0.21646 0.01462 -0.15766
0.36318 0.01008 0.11199
-0.03251 0.00012 0.08410
-0.01692 0.03639 -0.03030
0.06641 -0.04735 -0.02971
0.22942 -0.04849 0.12245
0.23653 -0.03925 0.06334
-0.18466 -0.00741 -0.11445
0.22256 -0.05018 0.12906
0.03660 0.05536 0.14161
0.09360 -0.08167 -0.10435
0.18296 0.04093 0.03436
-0.01021 -0.00005 -0.02439
-0.23922 -0.08727 -0.09249
0.15982 -0.04132 0.14314
0.29914 0.02651 -0.05433
0.34951 -0.07269 -0.11916
-0.14314 -0.04391 0.13964
0.24752 -0.00707 0.15031
-0.40148 0.01819 0.13373
0.11409 0.05984 -0.16542
-0.01018 -0.06772 0.02157
-0.33838 -0.08555 -0.06619
-0.30674 0.02471 -0.14811
0.28664 -0.08487 -0.06930
0.08628 0.09393 -0.08743
0.11112 -0.09414 0.14375
0.28614 -0.07438 0.02775
-0.17751 -0.01617 -0.15826
-0.29249 0.07212 -0.08854
-0.00896 0.00737 -0.05109
0.00783 -0.02470 -0.05913
0.08839 -0.03642 0.14314
0.03952 -0.03198 0.14229
0.13760 -0.07804 0.14912
0.25901 0.02975 0.07787
0.26530 0.02915 0.07646
-0.17957 -0.03679 0.16227
0.14755 0.06990 -0.00909
0.10320 -0.08335 -0.02443
0.04022 -0.04167 0.02108
0.14907 -0.02267 0.02498
0.14198 -0.09243 -0.02069
0.42350 -0.04669 0.04679
0.19262 -0.08492 0.15658
-0.13389 0.05985 0.13880
-0.27383 0.06336 0.12909
0.22108 -0.05511 0.12304
0.40495 -0.09529 0.00899
-0.30067 -0.02584 -0.14560
0.31310 -0.11645 -0.13987
-0.01653 0.04552 0.14101
-0.00703 -0.05139 0.10297
-0.27185 -0.11730 0.15920
0.30615 -0.07757 -0.14220
0.40291 -0.02641 0.12492
0.18019 0.04594 -0.08136
0.14597 -0.09392 0.12699
0.14115 -0.09383 0.10948
-0.01821 0.02615 -0.07147
-0.05321 -0.05550 0.06244
0.34492 -0.04964 0.12550
0.34509 -0.00223 0.13823
-0.27022 0.05927 0.05226
-0.27511 0.05965 0.05149
0.39126 -0.02432 -0.13609
-0.26596 0.05952 -0.02442
-0.28276 0.06052 -0.03699
0.33761 -0.02186 0.14989
0.21878 -0.08848 0.07036
0.21869 -0.08848 0.09263
0.22129 -0.08845 0.05047
0.19136 -0.08880 0.04239
0.26743 -0.06455 0.14344
-0.01496 0.02035 0.07155
-0.01425 0.01791 0.08183
0.15745 0.01747 0.01544
0.28503 0.03000 0.09905
-0.42065 -0.00368 -0.00674
0.40821 -0.09110 -0.05588
-0.34870 -0.06467 -0.13275
-0.03839 0.01592 -0.09496
-0.13182 0.05959 -0.13895
-0.06762 0.05662 -0.14118
0.12096 0.07494 -0.10054
0.29225 -0.03054 -0.11384
-0.19405 -0.02396 -0.14447
-0.21347 -0.09492 0.05630
-0.36269 0.05289 -0.10954
0.33920 0.02260 0.01760
0.09131 -0.09070 -0.12377
-0.18989 0.08265 -0.12492
-0.20735 0.05460 -0.10399
0.26996 0.02988 -0.05782
-0.34491 0.05767 0.07805
0.16229 0.03030 0.03521
0.24659 -0.10303 -0.11027
0.19770 0.02319 0.14186
-0.13129 0.12347 -0.02012
0.30712 -0.12480 -0.11021
-0.25942 -0.02901 0.10656
0.08677 0.08406 -0.12411
0.42205 -0.04711 0.05637
0.36331 -0.06320 -0.10199
-0.29542 -0.08138 -0.13384
0.43430 -0.08132 -0.00988
0.35227 0.01037 0.13054
0.34178 0.02221 -0.00814
0.29921 0.02394 0.12694
0.06004 0.03887 -0.14853
0.11523 0.06124 0.16506
0.37310 0.01926 -0.04901
0.33406 0.02805 0.03392
-0.15835 -0.01622 0.15350
-0.34779 0.05874 0.02133
0.18165 -0.08860 0.15605
