-0.24595 -0.09152 0.12763
0.03391 0.12942 -0.13036
0.40325 0.02533 0.02082
-0.42635 0.04241 -0.03658
0.42275 -0.02270 -0.03626
-0.06650 0.00637 -0.02517
-0.06630 0.01050 -0.07226
-0.06826 -0.03014 -0.09355
-0.06654 0.00552 -0.04923
-0.06687 -0.00120 -0.02987
-0.06788 -0.02222 -0.06831
-0.06612 0.01433 -0.06792
-0.06727 -0.00960 -0.10381
-0.01316 0.02929 0.01091
-0.18965 0.06803 -0.09160
-0.10181 -0.11588 -0.13708
-0.01399 0.01998 -0.02905
-0.04820 0.08140 -0.09083
0.34320 -0.05682 -0.15260
-0.31516 -0.07436 -0.12268
-0.35393 0.06894 -0.12421
-0.31968 0.09227 0.04596
-0.40528 -0.04451 0.13265
0.29701 -0.13702 0.11399
0.16631 -0.04661 -0.15615
-0.41946 0.08492 -0.04284
-0.41964 0.06325 -0.01542
-0.41948 0.08502 -0.03023
-0.41954 0.08407 -0.00601
-0.41945 0.09507 -0.02079
0.22243 -0.03365 0.12525
0.21604 -0.04019 0.09687
0.27536 -0.15072 0.14057
-0.25731 -0.07769 -0.10886
0.41978 0.01062 -0.01176
-0.17562 0.04477 -0.11624
0.38128 0.01568 0.07484
-0.36629 0.02824 0.11166
-0.33848 0.05161 0.11166
-0.21665 0.03923 0.11166
-0.30991 0.03837 0.11166
-0.28885 0.00453 0.11166
-0.34483 0.04344 0.11166
-0.28144 0.04715 0.11166
-0.31442 0.04484 0.11166
-0.26398 0.01205 0.11166
-0.32555 0.00669 0.11166
-0.13042 0.04259 0.11166
-0.37010 0.00987 0.11166
-0.38006 0.01719 0.11166
-0.15711 0.02750 0.11166
-0.33030 0.03144 0.11166
-0.23514 0.02386 0.11166
-0.28828 0.04400 0.11166
-0.24831 0.01718 0.11166
-0.38378 0.05635 0.11166
-0.33459 0.02068 0.11166
-0.27050 0.01907 0.11166
-0.29436 0.00637 0.11166
-0.36873 0.04707 0.11166
-0.17101 0.02558 0.11166
-0.17972 0.03529 0.11166
0.31369 0.00487 0.16487
0.23990 -0.09831 0.16899
0.33697 0.06401 0.05911
-0.39650 -0.00355 -0.14424
0.27971 0.06163 -0.00236
-0.00390 0.10890 -0.13473
0.12043 -0.08003 0.02480
0.11534 -0.07976 0.01912
0.13222 -0.08066 0.10187
-0.24427 -0.06763 0.16306
-0.20444 -0.07645 0.15058
0.31916 0.06262 -0.01754
-0.35391 -0.02585 0.06529
-0.39753 -0.02374 0.03231
-0.42350 -0.02249 0.08764
-0.38252 -0.02447 0.00586
-0.29056 -0.02890 0.02090
-0.38978 -0.02412 0.03132
-0.40935 -0.02317 0.04573
-0.35824 -0.02564 0.01149
-0.33687 -0.02667 0.02691
-0.41592 -0.02286 0.10318
-0.31366 -0.02779 0.02692
-0.26310 -0.03022 0.00506
-0.41790 -0.02276 0.09503
-0.38468 -0.02436 0.08686
-0.41603 -0.02285 0.03867
-0.38259 -0.02446 0.01315
-0.32928 -0.02703 0.00959
-0.40280 -0.02349 0.00732
0.03948 0.00049 -0.11335
0.41889 -0.04078 0.00087
-0.22975 0.05871 -0.06347
0.28961 -0.10085 -0.16879
0.12438 0.12539 0.09637
0.11438 0.13606 0.04716
-0.03109 0.08348 0.01847
0.26508 -0.09512 0.00524
0.29757 -0.09224 0.02999
0.27671 -0.09409 0.02683
0.30631 -0.09146 0.02468
0.31487 -0.09070 0.05537
0.28046 -0.09375 0.01603
0.29900 -0.09211 0.02243
0.31497 -0.11362 -0.17015
0.39405 -0.09408 0.10192
0.31489 -0.12369 0.14506
0.28088 0.02043 -0.10300
0.27432 0.02083 -0.10004
0.21124 0.07360 0.07566
0.23953 0.06983 0.08332
0.22742 0.07147 0.07994
0.29120 -0.07942 -0.16239
-0.11756 -0.07851 0.11829
-0.06913 -0.07924 0.11830
-0.07692 -0.07250 0.11825
-0.11005 -0.07015 0.11823
0.08644 -0.08015 0.11833
-0.30736 0.07987 0.07532
-0.11062 0.06407 0.09196
-0.10190 0.09376 -0.03587
-0.21983 -0.04261 -0.12724
0.31890 -0.08910 0.13276
-0.42860 -0.03344 0.11300
0.35035 -0.03697 -0.13832
-0.29585 -0.10641 -0.17219
-0.20953 0.09170 0.03176
-0.13890 -0.02429 0.12714
0.41571 -0.06580 -0.03070
-0.19168 -0.04734 0.17254
-0.25174 -0.09231 0.13467
-0.00421 0.13096 0.13286
0.30748 -0.11471 0.14647
-0.11049 -0.10240 -0.16397
-0.06463 0.06687 -0.05080
0.40668 -0.03032 -0.11176
0.32590 -0.10468 0.11691
-0.42419 -0.04521 -0.09743
-0.42209 -0.04620 -0.05689
-0.04131 0.11769 -0.03963
-0.21363 -0.07438 -0.16167
-0.19490 -0.00513 -0.17233
0.29553 -0.08233 -0.08409
-0.05201 -0.07184 0.05162
-0.04745 -0.07206 0.02395
0.27574 0.07302 0.03051
-0.33994 0.09308 -0.02722
0.27625 -0.15082 -0.16123
0.03424 -0.05583 0.15015
0.03781 -0.04777 0.15027
-0.06481 0.04306 -0.06562
-0.06471 0.06128 -0.06129
-0.06478 0.04816 -0.09301
-0.06476 0.05241 -0.07752
-0.06469 0.06446 -0.02077
0.03708 -0.09338 0.13765
0.04576 -0.09379 0.13948
0.13523 -0.09802 0.12440
0.05683 -0.09434 0.15452
0.03786 -0.09344 0.15547
0.05521 -0.09423 0.13206
-0.13026 -0.08545 0.15933
-0.00802 -0.09127 0.15921
0.14724 -0.09862 0.13917
0.14278 -0.09844 0.15928
0.01117 -0.09217 0.15310
-0.00050 -0.09162 0.15794
0.05551 -0.00565 0.07154
0.23829 -0.05427 0.14117
-0.20095 -0.10086 -0.13501
0.40797 -0.02332 0.06880
-0.07641 0.08519 -0.02522
-0.06774 0.05610 -0.09065
-0.07371 0.07453 -0.05010
0.26138 -0.04015 0.15523
0.37443 0.05455 0.06651
-0.05560 -0.07167 0.14258
-0.43523 -0.02465 -0.05415
0.33371 -0.00029 0.16646
0.24477 -0.04312 -0.11307
0.08553 0.14577 -0.01505
-0.19070 -0.10869 0.14244
-0.16296 0.06591 -0.09378
-0.08592 0.07406 0.06351
-0.04360 0.08242 -0.12922
0.10868 -0.02182 0.14174
0.06139 -0.01779 0.14890
0.09598 -0.01051 0.14417
0.40545 -0.02925 0.11179
-0.05675 0.01107 0.05827
-0.06311 -0.04494 0.07935
-0.05307 0.05727 -0.10978
-0.02314 0.11903 0.13391
-0.04165 0.11554 -0.00966
-0.42709 0.03907 0.06739
-0.00894 0.08346 -0.14243
-0.28660 -0.14026 0.14932
0.28046 -0.13576 0.16397
0.40312 -0.03289 0.09864
-0.02890 0.08370 -0.10125
0.24415 -0.07388 -0.10733
-0.06243 -0.07134 0.13511
0.05931 -0.02469 0.06105
0.12370 0.06161 -0.13199
0.39940 -0.03510 -0.08500
-0.15140 -0.05981 0.07977
-0.20595 -0.05719 0.08008
0.05571 -0.06979 0.08679
-0.06084 -0.06418 0.09313
-0.02537 -0.06589 0.09694
0.04882 -0.06946 0.10065
0.11472 -0.07264 0.10566
0.13563 -0.07365 0.10294
0.13737 -0.07373 0.08727
0.16143 -0.07489 0.08872
-0.04763 -0.06481 0.09541
0.15560 -0.07461 0.09871
0.08424 -0.07117 0.08498
0.06096 -0.07005 0.09509
0.27607 -0.13562 0.12805
0.31463 -0.13243 -0.12388
0.22789 -0.09531 0.14217
0.42253 0.00736 -0.03234
-0.30371 -0.09913 -0.17526
0.23480 0.07608 -0.01802
0.26035 -0.08117 -0.13816
-0.18260 0.08730 0.03992
0.03314 0.00168 0.09763
0.15194 -0.05622 0.13279
-0.01339 0.04774 0.10523
0.05405 0.07413 0.13932
-0.21059 -0.12354 -0.11676
0.25873 -0.03899 -0.15126
-0.05670 0.02340 0.12207
-0.05900 -0.00008 0.11648
-0.06323 -0.04516 0.12269
0.16820 -0.08913 0.16308
0.27319 0.07358 -0.01804
0.30552 -0.01356 -0.08409
-0.26112 0.09515 -0.03080
0.33066 -0.01942 -0.11970
-0.25210 0.10069 0.03714
0.42736 0.00169 -0.04888
0.31411 -0.01281 0.11342
0.30987 -0.01119 0.09222
-0.13399 -0.09869 0.14392
-0.15175 -0.09891 -0.15898
0.00169 -0.09467 -0.16112
0.14561 -0.10572 -0.16242
0.08023 -0.09729 -0.16077
-0.05242 -0.04187 0.15287
-0.27145 -0.04005 -0.17273
-0.30124 -0.12536 -0.17281
0.12218 -0.07576 0.11368
-0.10067 -0.06810 0.11368
-0.43004 0.02314 -0.00949
-0.37289 0.07740 -0.09015
0.12276 0.08134 -0.12420
0.03426 0.06772 0.14282
-0.01461 0.04564 -0.05645
-0.39904 0.10360 0.02446
0.28094 -0.13131 0.17733
0.25566 0.06190 0.00448
-0.25691 -0.13827 0.16958
-0.19844 -0.04756 0.14570
-0.27109 0.09194 -0.06500
0.27665 0.07867 -0.01892
0.40163 0.01432 0.02519
-0.35151 0.02555 0.14485
0.40940 -0.06944 0.01449
0.39996 -0.06898 0.03786
0.40132 -0.00822 0.05998
0.31710 -0.09189 -0.16358
-0.35136 -0.02597 -0.06818
-0.20740 -0.03291 -0.07062
-0.41952 -0.02268 -0.06084
-0.38593 -0.02430 -0.01414
-0.38945 -0.02413 -0.04493
-0.28373 -0.02923 -0.05744
-0.41058 -0.02312 -0.07803
-0.23415 -0.03162 -0.07033
-0.17458 -0.03449 -0.08453
-0.31389 -0.02777 -0.05302
-0.41898 -0.02271 -0.10716
-0.31846 -0.02755 -0.10252
-0.37978 -0.02460 -0.01777
-0.40280 -0.02349 -0.08169
-0.38053 -0.02456 -0.06838
-0.15869 -0.03525 -0.10763
-0.23530 -0.03156 -0.10405
-0.30038 -0.02843 -0.10713
-0.14393 -0.03596 -0.09135
-0.30114 -0.02839 -0.07610
-0.32741 -0.02712 -0.10623
-0.37361 -0.02490 -0.02897
-0.41291 -0.02300 -0.05500
-0.28612 -0.02911 -0.10778
-0.27317 -0.02974 -0.06255
-0.36483 -0.02532 -0.09469
-0.29486 -0.02869 -0.10599
-0.34061 -0.02649 -0.04040
-0.19018 -0.03374 -0.10352
-0.40926 -0.02318 -0.09132
-0.29191 -0.02883 -0.09931
-0.40248 -0.02351 -0.10965
-0.40713 -0.02328 -0.02224
-0.34351 -0.02635 -0.07867
-0.39879 -0.02368 -0.03689
0.27714 -0.08400 -0.16488
0.36573 -0.07239 0.13747
0.36551 -0.07185 0.13030
0.36211 -0.06355 0.12295
0.22132 0.07116 -0.08513
0.22772 0.07045 -0.08597
0.33498 -0.06183 -0.14160
-0.42436 0.05411 -0.11507
-0.36725 -0.03990 -0.16745
0.34071 -0.08494 -0.14665
-0.38125 0.10546 -0.04149
0.36406 0.04973 0.07413
0.16234 -0.10421 -0.16267
0.00590 0.05571 0.15149
0.29919 -0.12829 -0.17148
0.23055 -0.07689 0.15035
0.28895 -0.04022 0.13205
-0.04969 0.07100 -0.05247
-0.04950 0.06981 -0.03119
0.05619 -0.03461 -0.01273
0.10192 0.13896 0.07490
0.33929 -0.10105 0.14787
0.25204 -0.00232 0.16665
-0.05621 -0.03910 0.14745
-0.29934 -0.07923 0.12662
-0.04768 -0.08716 0.13668
-0.16360 0.01365 -0.15257
0.30841 -0.05868 -0.17938
0.30861 0.07024 -0.02506
-0.13463 0.05598 0.07260
0.25863 -0.08957 0.16092
-0.05600 -0.07165 0.08207
0.28616 -0.13449 -0.16502
-0.21426 -0.07770 -0.15444
-0.01762 0.00472 0.03121
-0.11219 0.05594 0.07577
-0.35520 0.08507 -0.06955
-0.08588 -0.08588 -0.14876
-0.29816 -0.07299 -0.12518
0.33023 0.04782 0.08482
-0.13937 -0.03166 0.13337
-0.35985 0.00219 0.16790
-0.30410 0.01863 0.16602
0.24754 -0.08585 -0.09705
-0.23529 -0.05577 0.08582
-0.13251 -0.06073 0.11133
-0.09535 -0.06252 0.10517
-0.21836 -0.05659 0.09234
-0.04433 -0.06497 0.11220
0.12742 -0.07325 0.11295
0.02643 -0.06838 0.11021
-0.03191 -0.06557 0.10775
-0.16734 -0.05905 0.09970
-0.11760 -0.06144 0.09984
0.04921 -0.06948 0.11017
-0.26501 -0.10356 0.02095
0.32798 -0.07462 0.13894
-0.23148 0.02851 -0.13116
0.02813 0.12880 0.12843
0.12859 0.00716 0.13948
0.32774 -0.08065 -0.17274
0.24350 0.07372 0.01503
-0.29523 -0.01333 -0.17410
-0.12034 0.07319 -0.06762
0.31408 -0.09753 0.13960
0.37725 -0.09323 0.15891
0.36427 0.01536 -0.13524
0.31758 -0.08614 -0.17596
-0.27141 -0.11922 -0.15594
0.31155 -0.08168 0.14677
-0.20045 -0.04950 0.11972
0.26548 -0.14507 0.16181
0.39972 -0.04127 -0.02527
0.39878 -0.06066 -0.04909
0.40014 -0.03261 -0.03328
-0.29018 -0.12158 0.13773
-0.01474 0.05069 -0.05277
0.24629 -0.06211 -0.14544
0.01012 0.05113 0.15242
0.24787 -0.13859 0.15570
-0.06735 -0.01119 0.01315
-0.06786 -0.02188 0.03149
-0.06823 -0.02954 0.02327
-0.06862 -0.03752 0.00775
-0.29688 -0.05775 -0.13866
0.05756 0.14256 0.11047
-0.43079 0.00747 -0.06522
-0.43153 -0.00790 -0.05695
-0.25720 -0.07595 0.06058
-0.37753 -0.00041 -0.16233
-0.29888 -0.06163 -0.17508
0.35795 -0.05267 -0.16761
-0.25992 -0.00718 -0.17344
-0.20748 -0.05591 0.13380
-0.40604 -0.04949 0.12469
-0.21109 -0.11114 0.12987
-0.15924 -0.02828 0.16398
0.35711 -0.05136 -0.10480
0.36613 -0.07337 -0.13032
0.36415 -0.06853 -0.12235
0.28703 0.08571 0.00136
-0.06000 -0.10646 0.11119
-0.31432 -0.07298 0.17324
0.10313 -0.09592 -0.15217
-0.28011 0.08349 0.06235
0.40280 0.00002 -0.08129
-0.31639 -0.07882 0.13802
-0.12500 -0.10189 0.12395
0.11931 -0.03413 0.13956
0.08433 -0.03333 0.14470
-0.27489 -0.13292 -0.16267
-0.20353 -0.03309 0.00051
-0.08780 -0.03867 0.00987
-0.13980 -0.03616 0.01575
-0.09847 -0.03815 0.00901
-0.12528 -0.03686 0.05536
-0.09298 -0.03842 0.06225
-0.16571 -0.03491 0.04040
-0.07890 -0.03910 0.01975
-0.08913 -0.03860 0.06945
-0.15412 -0.03547 0.04124
-0.09043 -0.03854 0.08845
-0.09584 -0.03828 0.03951
-0.07531 -0.03927 0.01586
-0.11543 -0.03734 0.01510
-0.13868 -0.03622 0.06482
-0.19663 -0.03342 0.02634
0.21455 -0.01746 -0.16586
0.40725 -0.02978 -0.06751
0.36870 -0.03420 -0.16478
-0.30633 -0.12075 0.14222
0.19571 0.01565 0.11739
-0.24967 0.05046 -0.11167
-0.40706 0.05789 -0.11167
0.21082 0.06273 0.10809
-0.20851 -0.03802 0.17316
-0.21870 0.07480 0.04174
-0.08659 0.05177 0.12002
-0.28681 0.05315 0.11274
-0.14502 0.05261 0.11828
-0.25253 0.05088 0.11219
-0.26656 0.05581 0.11594
0.20312 -0.02139 0.16526
-0.39538 0.00750 0.12052
0.19058 -0.09786 -0.15875
-0.28255 -0.11030 -0.15316
0.10852 0.07724 -0.12775
-0.20781 -0.03762 0.16442
-0.10144 0.09363 0.03594
-0.23175 -0.03079 0.17636
-0.15280 0.08003 -0.06692
-0.42971 0.02988 -0.06838
-0.42934 0.03760 -0.05220
0.29120 0.07286 0.02623
-0.37323 0.07829 -0.03655
0.23935 -0.01941 -0.13523
0.12380 -0.02525 -0.13921
0.10382 -0.00703 -0.14306
-0.01720 0.06806 -0.11425
0.25165 -0.07845 0.17620
-0.09678 0.08823 -0.04984
-0.22143 0.05647 0.12588
-0.19861 -0.08556 0.14597
-0.18020 0.05937 0.12713
-0.41444 0.07068 0.12713
-0.16664 -0.10727 0.15713
0.41132 0.00851 0.09105
-0.28472 -0.12008 0.13168
-0.25549 0.07132 0.03538
-0.23724 -0.09032 -0.16107
0.31139 -0.02507 0.15262
-0.24587 -0.13798 0.14727
0.33477 -0.02225 -0.08923
0.39106 0.01466 -0.07499
-0.13448 0.04423 -0.11740
-0.21386 0.04997 -0.11904
-0.15511 0.04515 -0.11733
-0.12290 0.04353 -0.11728
-0.43485 -0.02804 0.02565
0.29645 0.06566 -0.02127
-0.27038 -0.09549 -0.15915
0.39634 0.05586 0.00241
-0.13906 -0.11880 -0.14529
0.20065 0.07059 0.09610
-0.07847 -0.11393 -0.13707
-0.24030 0.08152 0.06297
0.22146 -0.03053 0.16903
-0.24786 -0.13830 -0.12932
-0.15244 0.01625 0.11166
-0.10250 -0.03163 0.11166
-0.10918 0.02606 0.11166
-0.32172 -0.01449 0.11166
-0.22542 -0.02436 0.11166
-0.15394 -0.03051 0.11166
-0.10119 0.02661 0.11166
-0.27462 -0.02487 0.11166
-0.16492 0.01333 0.11166
-0.09877 0.03470 0.11166
-0.14831 -0.00088 0.11166
-0.14974 -0.01547 0.11166
-0.36813 -0.01376 0.11166
-0.20964 -0.00482 0.11166
-0.29462 -0.01158 0.11166
-0.22936 -0.00234 0.11166
-0.19579 -0.02951 0.11166
-0.28279 -0.02573 0.11166
-0.12023 -0.02421 0.11166
-0.26882 -0.01823 0.11166
-0.09118 0.00155 0.11166
-0.19489 -0.00883 0.11166
-0.32847 -0.01009 0.11166
-0.36677 -0.02464 0.11166
-0.25607 -0.02905 0.11166
-0.13438 -0.02021 0.11166
-0.26279 -0.01483 0.11166
-0.03641 0.13383 -0.06039
-0.21214 -0.07799 0.15001
0.08042 -0.09448 -0.13751
-0.17509 -0.10140 -0.16912
0.13866 -0.08638 -0.11846
0.08571 -0.09488 -0.11861
-0.05735 -0.08787 -0.11843
0.10738 -0.09547 -0.11863
-0.04548 -0.08418 -0.11836
0.04520 -0.00040 0.10749
0.23946 -0.03635 0.13323
-0.42935 -0.02010 -0.07930
0.18327 -0.02420 0.16095
0.36978 0.01273 -0.14535
-0.21837 0.09508 0.02398
0.31815 -0.06292 0.10691
0.33051 -0.13273 0.14362
0.00705 -0.05292 0.15349
0.02054 -0.03536 0.15299
-0.00288 -0.05831 0.15423
-0.17296 -0.11377 -0.16434
-0.22305 0.00964 0.16881
-0.11669 -0.08608 0.13358
0.00304 -0.09176 0.12794
0.01543 -0.09233 0.11967
-0.11764 -0.08601 0.12142
-0.03241 -0.09008 0.13047
-0.08727 -0.08748 0.13470
-0.08072 -0.08780 0.13589
0.37675 -0.08566 -0.13069
-0.30609 -0.12109 0.14984
-0.27884 -0.02620 0.15534
0.40369 -0.00014 0.12583
0.39225 0.05453 -0.04048
0.03859 -0.07565 0.08094
0.04873 -0.07619 0.06698
0.00421 0.05606 -0.15342
0.02105 0.15132 -0.00871
0.42518 -0.03893 -0.00671
-0.23447 -0.11845 -0.15161
0.01715 0.00179 0.07480
-0.26519 -0.13705 -0.17126
-0.15799 0.00665 -0.15579
0.32058 -0.10559 -0.16798
-0.25174 -0.01771 0.17365
-0.30865 -0.09606 -0.11767
0.42735 -0.08334 0.01739
0.42845 -0.07969 0.00658
0.14155 0.03666 0.13592
-0.03920 0.10828 -0.12585
0.23162 -0.12000 -0.12597
-0.25250 -0.04087 0.16626
0.27316 -0.03553 -0.16716
-0.22931 0.02424 0.15907
0.07241 -0.10441 0.03435
0.03936 -0.10283 0.01928
0.11326 -0.10635 0.10812
0.15178 -0.10819 0.00552
0.06406 -0.10401 0.06087
0.12884 -0.10709 0.00688
0.06900 -0.10425 0.00038
0.07306 -0.10444 0.00627
0.11657 -0.10651 0.01650
0.14440 -0.10784 0.14406
0.13017 -0.10716 0.10379
0.08219 -0.10487 0.06869
0.12051 -0.10670 0.05292
0.15973 -0.10857 0.14558
0.14821 -0.10802 0.10863
0.12874 -0.10709 0.10999
0.04994 -0.10334 0.02046
0.11564 -0.10647 0.09829
0.07532 -0.10455 0.07492
0.11432 -0.10640 0.00950
0.13952 -0.10760 0.03990
0.07134 -0.10436 0.06535
0.03055 -0.10242 0.02997
0.13436 -0.10736 0.00371
-0.18753 -0.01707 0.17314
-0.30710 0.09428 -0.03735
-0.06274 0.04113 0.00126
0.30399 -0.10299 0.14105
-0.17408 -0.01079 0.17069
0.08050 0.10097 0.12722
-0.42827 0.00261 -0.04074
-0.12518 -0.09906 0.17001
-0.01386 0.03429 0.06853
-0.43085 0.05549 -0.07463
-0.06212 -0.05659 -0.14023
0.41947 -0.06089 -0.04064
0.05831 0.03527 0.14920
-0.23709 0.07643 -0.02981
0.32667 -0.09050 0.14581
-0.05514 -0.07169 -0.06472
0.21239 0.01838 0.12276
-0.42321 -0.01463 0.02247
-0.42236 0.00295 0.03286
-0.42269 -0.00391 0.04625
-0.42198 0.01094 0.00398
0.01254 -0.00876 -0.15505
0.02400 -0.02191 -0.15330
-0.32185 -0.01854 -0.17451
0.04920 0.06291 -0.14348
-0.23591 -0.14603 -0.11897
0.25385 -0.04236 0.14286
-0.12815 0.07737 0.05950
-0.25350 -0.04873 0.15247
0.25045 0.06342 0.00300
0.12042 -0.07718 -0.13567
-0.34625 0.10425 0.02300
0.26255 -0.04473 0.15212
-0.28435 -0.10374 -0.15160
0.09746 0.13306 0.11545
0.30223 0.01894 -0.12493
0.29587 0.01936 -0.12206
0.24169 0.06524 0.00705
0.01488 0.11340 -0.13194
0.40318 -0.01937 0.05563
0.31988 -0.08637 0.14461
-0.37501 -0.07275 -0.16349
-0.01477 0.02601 -0.01483
-0.31043 0.08862 0.05267
0.00775 0.03899 -0.15445
0.32373 0.01723 -0.14425
0.28466 -0.10646 -0.15655
0.29143 0.01938 0.12703
0.29816 0.01904 0.12750
0.12776 -0.07901 -0.11650
-0.22310 -0.10725 0.15403
0.18233 -0.08833 -0.16672
0.26295 -0.03893 -0.08409
0.30612 -0.03459 -0.08409
0.23056 -0.05878 -0.08409
0.28406 -0.03801 -0.08409
0.31515 -0.05461 -0.08409
0.26911 -0.05900 -0.08409
0.28782 -0.01297 -0.08409
0.34328 -0.06958 -0.08409
0.30257 -0.06678 -0.08409
-0.01376 0.02059 -0.04435
-0.00473 0.14955 0.00416
0.07146 0.00658 -0.14809
0.01079 0.00697 -0.15565
-0.01715 0.01314 -0.11762
-0.27632 -0.06306 -0.00585
-0.20967 -0.05286 0.14822
0.34226 0.01687 0.12948
0.34947 0.01630 0.13723
0.23999 0.01387 -0.15503
0.25327 -0.07197 0.16171
0.38190 -0.07071 -0.15600
-0.22483 -0.10786 0.16850
0.28631 0.07604 -0.02270
-0.31158 -0.11082 0.13952
0.08213 0.10316 -0.12653
0.24163 -0.05776 -0.15037
0.40053 -0.02769 -0.05564
-0.25359 -0.00575 -0.17326
-0.13395 -0.10079 0.16614
-0.39097 0.07838 -0.08988
-0.42884 0.04796 0.01312
-0.20679 -0.06813 -0.13149
-0.23640 -0.13350 -0.11968
0.18685 -0.10204 -0.09484
-0.42670 0.03514 0.09955
-0.19597 0.02156 -0.15814
-0.29308 0.09714 0.02804
-0.05765 -0.02299 0.14305
-0.27919 -0.04132 0.17545
0.10818 0.13689 -0.07202
-0.12636 -0.09918 0.13104
-0.03115 -0.03654 0.15737
0.29417 0.08742 -0.00291
-0.28578 0.05854 -0.12368
-0.10888 0.05076 -0.12528
-0.40830 0.00733 0.13318
0.16515 -0.10766 0.00089
0.16395 -0.10797 0.10471
0.16599 -0.10744 0.07069
0.23697 -0.02084 -0.10462
0.11728 0.11859 0.11988
-0.33492 0.05050 -0.11624
-0.07617 0.03601 -0.11624
-0.13103 0.02188 -0.11624
-0.23983 0.04012 -0.11624
-0.18261 0.02857 -0.11624
-0.23473 0.04521 -0.11624
-0.13670 0.03152 -0.11624
-0.20012 0.03118 -0.11624
-0.31899 0.04274 -0.11624
-0.23209 0.02911 -0.11624
-0.03452 0.00872 0.15772
-0.20858 -0.06412 0.14569
0.31322 -0.12773 0.13062
-0.28253 -0.09193 -0.02291
-0.23702 -0.02191 -0.13496
0.30123 -0.12272 0.14930
-0.28713 -0.12985 0.17627
0.25909 -0.09751 0.16429
0.34323 -0.08925 0.11818
0.38616 -0.02922 0.15426
0.01417 0.15124 -0.00795
-0.43125 -0.00210 0.01392
0.26761 -0.10979 0.15709
0.16872 -0.03442 0.13129
0.29325 -0.05386 0.15382
0.24745 -0.09668 -0.07741
0.26064 -0.09551 -0.07604
0.26817 -0.09484 -0.06735
0.28776 -0.09310 -0.05767
0.27455 -0.09428 -0.00983
0.29573 -0.09240 -0.06458
0.34289 -0.08822 -0.05583
0.29810 -0.09219 -0.03623
0.24999 -0.09645 -0.04059
0.27215 -0.09449 -0.03102
0.28256 -0.09357 -0.07617
0.29320 -0.09262 -0.05519
0.29417 -0.09254 -0.08092
0.31772 -0.09045 -0.06568
-0.06063 -0.02483 -0.12824
-0.05881 -0.01214 -0.13187
0.25464 -0.05211 -0.12790
-0.37001 -0.05478 0.00591
-0.16321 -0.06474 0.07939
-0.23925 -0.06108 0.02163
-0.25154 -0.06048 0.02102
-0.23183 -0.06143 0.02366
-0.26489 -0.05984 0.00664
-0.27929 -0.05915 0.00460
-0.20978 -0.06250 0.04417
-0.07052 -0.06921 0.11400
-0.30543 -0.05789 0.02334
-0.21662 -0.06217 0.04720
-0.37566 -0.05450 0.00395
-0.14121 -0.06580 0.06520
-0.31295 -0.05752 0.03191
-0.30561 -0.05788 0.01428
-0.31671 -0.05734 0.01913
-0.21874 -0.06206 0.03447
-0.26554 -0.05981 0.03349
0.30182 -0.03152 -0.17642
0.40317 -0.01425 -0.06469
0.14647 0.03519 0.13523
-0.01393 0.01482 0.04555
0.38183 0.05934 -0.00689
-0.24633 -0.03258 0.15013
0.08021 0.03566 -0.14611
-0.24142 -0.03842 -0.13910
-0.14303 -0.01094 -0.14148
-0.36823 -0.06043 -0.16618
-0.10108 0.06540 0.08725
-0.10087 -0.10027 0.15223
-0.26457 -0.03391 0.15659
0.18704 -0.10189 0.10570
-0.19574 0.07512 -0.07368
0.16196 -0.02705 -0.13298
0.27291 -0.00995 -0.14213
0.27265 -0.00998 -0.12601
-0.21706 -0.12892 0.17526
-0.24578 -0.14228 -0.11765
-0.28741 -0.09967 -0.15738
0.42526 -0.03806 0.00486
0.08016 -0.07787 0.04343
0.06645 -0.07714 0.01579
0.07647 -0.07767 0.07841
-0.43054 -0.02918 -0.04803
-0.23632 0.06964 0.05011
0.26065 0.02159 0.09743
-0.20542 0.08564 0.04792
0.17051 -0.10627 -0.16048
0.18132 -0.10348 -0.15244
-0.42844 -0.00096 0.04070
-0.28741 0.09552 0.03158
0.09733 0.10117 -0.12445
0.30530 -0.08698 -0.15856
0.01519 0.04602 -0.15285
0.42221 -0.01555 -0.03197
0.20327 0.01628 -0.13454
-0.03822 -0.04114 -0.15714
0.04773 -0.00080 0.00989
-0.03534 0.08278 -0.05647
0.18619 -0.10222 0.04342
0.00516 -0.07388 0.05989
-0.00020 -0.07359 0.07331
0.00202 -0.07371 0.00300
0.01068 -0.07417 0.00375
-0.38448 -0.03299 0.16154
0.31726 -0.11653 0.11083
-0.21544 -0.11677 0.13568
-0.29205 -0.11697 -0.17403
-0.29482 -0.08249 0.16403
0.17041 -0.05975 0.16106
-0.21941 0.07040 0.08910
-0.19891 -0.09090 0.14564
-0.19900 -0.06633 0.11924
-0.36670 0.07330 0.08354
-0.43080 -0.00869 -0.03309
-0.06471 0.06064 0.05432
-0.06471 0.06110 0.03809
-0.06476 0.05126 0.04680
-0.06472 0.05866 0.04537
-0.06468 0.06664 0.02459
0.31476 -0.07748 0.13776
-0.16930 -0.06445 -0.03344
-0.07890 -0.06880 -0.09408
-0.16285 -0.06476 -0.04734
-0.10031 -0.06777 -0.03403
-0.07808 -0.06884 -0.03163
-0.08513 -0.06850 -0.02069
-0.15843 -0.06497 -0.01676
-0.16435 -0.06469 -0.00507
-0.09319 -0.06811 -0.09183
-0.11007 -0.06730 -0.01098
-0.17308 -0.06426 -0.02785
-0.07190 -0.06914 -0.07857
-0.16673 -0.06457 -0.01511
-0.17417 -0.06421 -0.01831
-0.09306 -0.06812 -0.04501
-0.09519 -0.06802 -0.05781
-0.08178 -0.06866 -0.06953
-0.06585 -0.06943 -0.09481
0.25348 -0.10372 -0.10627
0.24185 -0.07595 0.16244
-0.28442 -0.12027 0.16468
0.31153 -0.06772 -0.17580
-0.33220 -0.05798 -0.17186
0.01026 0.14883 -0.06908
0.27952 0.06301 -0.01218
-0.01608 0.14273 -0.10377
0.03445 -0.09351 -0.12699
0.28277 -0.13746 -0.13228
0.25584 -0.01273 -0.15758
0.13216 0.10886 0.12145
0.32871 -0.07613 -0.16907
0.31183 -0.05735 -0.17093
-0.15535 -0.06512 0.05047
-0.19043 -0.06343 0.02056
-0.06636 -0.06941 0.06443
-0.18364 -0.06376 0.01078
-0.07074 -0.06920 0.10679
-0.10082 -0.06775 0.07752
-0.16287 -0.06476 0.03445
-0.15647 -0.06506 0.04350
-0.13701 -0.06600 0.05763
-0.15495 -0.06514 0.00409
-0.12997 -0.06634 0.06212
-0.09970 -0.06780 0.00364
-0.08266 -0.06862 0.09718
-0.09719 -0.06792 0.01549
-0.13459 -0.06612 0.02805
-0.21532 -0.06223 0.00112
-0.08312 -0.06860 0.00653
-0.18535 0.02573 0.13258
-0.20912 -0.04856 -0.17497
0.19112 0.07652 -0.06285
0.28139 0.07143 -0.05712
0.19947 0.07626 -0.04887
0.26627 -0.04449 -0.12336
0.38592 -0.08857 -0.07424
0.40702 -0.09554 -0.03953
0.18704 -0.09772 0.11960
0.18719 -0.09470 0.14709
0.37415 0.01605 0.08042
0.27499 0.02051 0.11550
0.34133 0.01751 0.09404
0.31082 0.01875 0.11740
0.32721 0.01806 0.10733
-0.05992 -0.03248 -0.00490
-0.06238 -0.04892 -0.01618
0.30790 -0.13155 0.13269
0.32026 -0.08328 0.10927
-0.23502 -0.03539 0.17589
-0.18340 -0.05012 0.17094
-0.23428 -0.03524 -0.16188
-0.27752 0.02849 -0.15434
0.26460 -0.14133 -0.15873
-0.27882 -0.13203 -0.17244
0.36986 -0.08583 0.04255
0.34617 -0.08793 0.02317
0.36353 -0.08639 0.05117
0.31828 -0.09040 0.00062
0.29409 -0.09254 0.00026
-0.01671 -0.07315 -0.12041
-0.01862 -0.07314 -0.10772
-0.01262 -0.07316 -0.11014
-0.19745 -0.08190 0.11848
0.32744 -0.07447 -0.15924
-0.21564 -0.11086 -0.16305
-0.01327 -0.08906 0.12698
0.02909 0.00203 -0.04958
-0.07314 -0.08709 0.14875
0.07397 0.11014 -0.12703
-0.15644 0.08245 -0.05600
0.17126 0.04707 -0.12782
0.24587 -0.03669 -0.12767
-0.17634 0.07005 0.08458
-0.14743 0.07899 0.07970
-0.24251 0.02708 0.15220
-0.36397 0.10698 0.02965
0.40594 -0.04013 0.04518
-0.41956 0.06526 0.04585
-0.41947 0.09461 0.01061
-0.41948 0.07947 0.04857
-0.41950 0.06457 0.07977
-0.41954 0.07094 0.04204
0.20259 0.01695 -0.11060
-0.04573 0.08978 -0.01779
-0.20534 -0.05328 0.17595
0.11108 -0.09813 0.15059
0.28461 -0.13093 0.16630
-0.06146 -0.07138 0.01319
-0.20058 -0.04479 0.13812
0.06801 0.13665 0.12147
-0.05884 -0.00781 0.07095
-0.05665 0.01503 0.07240
-0.05409 0.03445 0.06125
0.13800 -0.08097 -0.07772
-0.01250 0.00121 0.08363
0.37736 0.04729 -0.07095
0.41473 -0.05310 -0.03868
0.09113 0.14363 0.04734
-0.37777 -0.02708 -0.16452
0.35623 -0.07265 0.16781
0.42460 -0.07805 0.04944
0.42717 -0.09333 0.01556
0.08524 -0.06578 -0.14250
0.35233 -0.04379 0.16912
0.00962 0.11948 -0.13170
-0.02649 0.14196 -0.07456
-0.22169 0.08725 -0.05035
0.06559 0.09703 -0.13065
0.38261 0.00026 0.15122
0.28681 0.08546 -0.01436
-0.13354 0.06500 -0.08649
0.40642 -0.04012 -0.04615
-0.39519 -0.00488 0.14824
0.29740 -0.03529 0.13935
0.14381 0.09714 0.05799
0.14288 0.09844 0.06529
0.13035 0.11900 0.06192
0.26765 -0.01311 -0.17001
0.40670 -0.09678 -0.07424
0.34908 -0.04871 0.16990
-0.04200 0.10984 0.09755
0.16658 -0.05653 -0.15813
-0.01651 0.02757 -0.11764
0.09086 -0.07214 -0.14113
-0.24021 0.02830 -0.14512
-0.25300 -0.03735 -0.15841
-0.30063 -0.04586 0.17476
0.29590 -0.13181 0.15813
-0.22337 -0.12459 -0.12334
0.20787 -0.06961 -0.08409
-0.42657 0.03793 0.04172
-0.01743 0.00993 0.11524
-0.23178 0.08195 0.04110
0.25400 -0.11297 0.18329
-0.23995 0.00686 0.16983
-0.23642 0.01123 0.16866
-0.23485 0.08481 -0.04217
-0.20833 -0.11453 -0.17491
0.40015 -0.03272 0.10956
0.07918 0.12636 0.12314
-0.26801 -0.05419 0.15402
0.16304 -0.07134 0.15750
0.15126 -0.09107 0.14697
-0.05876 -0.09685 0.16278
0.10584 -0.10570 0.16301
-0.13784 -0.09246 0.16262
-0.27760 0.03048 -0.13464
-0.16318 0.05621 -0.12069
-0.20962 0.05584 -0.11839
-0.14815 0.05454 -0.11986
-0.08112 0.05319 -0.12152
-0.27369 0.05854 -0.11805
-0.12491 -0.10473 0.15415
-0.17429 0.00518 0.16545
-0.14386 -0.09859 -0.15165
-0.27747 -0.12616 -0.12358
0.34141 -0.03753 0.08408
0.33255 -0.10711 -0.15175
0.14148 0.07938 0.12421
-0.05740 0.00430 -0.06619
-0.06382 -0.05012 -0.07553
-0.02630 -0.09031 -0.13040
-0.14033 0.06671 0.08415
0.33370 -0.11947 -0.13367
0.08100 0.14202 -0.09189
-0.12104 0.06933 -0.07508
-0.15206 -0.06600 0.15790
0.00116 0.01160 0.15663
0.28052 -0.03911 -0.14871
0.40301 -0.01732 0.13297
0.14676 -0.08139 -0.11709
0.14302 -0.08121 -0.01492
0.29061 -0.04213 -0.17925
-0.19073 -0.10524 -0.12071
-0.24669 -0.09360 0.09383
0.40862 -0.01102 -0.06935
-0.32277 0.06616 0.12285
-0.26595 0.06452 0.12402
0.24337 -0.01451 0.16854
0.10791 0.13930 -0.01417
0.26832 -0.09979 0.17368
-0.17341 0.08177 -0.05334
-0.06244 -0.03784 0.05213
-0.33902 0.02774 -0.13813
0.20923 0.05556 0.11331
0.14140 -0.01789 0.13638
0.05162 0.14883 0.04935
-0.10473 -0.11663 0.11800
-0.03681 0.00678 -0.15764
-0.01447 0.03364 -0.05279
-0.14113 -0.10469 -0.16899
-0.06002 -0.07145 -0.07436
-0.09504 -0.08476 -0.14919
-0.22035 -0.08008 0.15247
0.26261 -0.13463 -0.15560
0.41594 -0.00062 0.00819
0.40389 -0.00003 0.02584
0.41206 -0.00043 0.03742
0.23810 -0.09448 -0.09460
0.03332 0.08162 0.13675
-0.23532 -0.01384 0.17355
-0.37080 0.10346 0.02124
-0.17946 0.02437 0.13109
-0.16770 -0.02313 -0.16831
-0.21819 -0.10873 0.16869
0.32748 -0.06220 -0.14900
-0.41845 -0.00153 0.15461
0.40301 0.01171 0.09110
-0.01753 -0.00034 -0.07404
-0.05021 0.06400 -0.02498
-0.18286 -0.02202 0.17252
0.26407 -0.03816 -0.13670
-0.27737 -0.03270 0.11860
0.11822 0.11076 0.11800
-0.01741 0.00227 -0.10227
-0.19882 -0.09158 -0.17517
-0.22847 0.02433 -0.15876
0.39477 -0.09484 0.14124
-0.22546 0.09607 0.02228
0.14550 0.02642 -0.13652
0.27207 -0.01032 0.06423
-0.42878 -0.03319 0.01515
-0.14224 -0.00371 -0.11693
0.12381 0.00237 0.14013
0.12115 -0.00708 0.14024
-0.20257 -0.06495 0.16655
0.27241 -0.01001 0.13121
0.28187 -0.00882 0.09683
-0.20381 0.02716 0.13192
-0.01550 0.00070 0.02405
-0.15570 -0.08063 -0.15949
0.25750 -0.13225 0.14830
0.23573 0.07549 0.01299
-0.36782 0.10291 0.03923
-0.20198 -0.09167 0.17388
-0.00462 0.00065 -0.09040
-0.13888 0.08331 -0.02990
0.13814 0.06331 -0.12887
0.31480 -0.02779 -0.14562
-0.36192 0.08513 -0.08782
0.42496 -0.02841 -0.00340
0.13876 -0.05433 0.13925
0.30850 -0.09397 0.15695
0.33572 -0.12165 -0.15884
0.25061 -0.07268 -0.14702
-0.43171 -0.01176 -0.02489
0.31327 -0.11279 0.11039
-0.08424 0.08350 -0.03747
0.15685 0.07697 0.09241
-0.34247 -0.06100 0.17108
-0.21594 -0.09973 -0.16381
-0.39746 -0.02279 -0.15058
-0.30082 -0.10499 -0.16454
-0.34353 0.02528 -0.15059
-0.40661 -0.02749 0.16314
-0.40655 -0.02438 0.15124
-0.03291 0.12631 0.12684
0.26848 -0.11980 0.17764
-0.26293 -0.01442 -0.17359
-0.01416 0.05573 0.04950
-0.06976 -0.11318 0.11032
-0.21586 -0.13920 0.12736
0.40999 -0.00001 -0.11220
0.39959 -0.04407 0.01645
0.39978 -0.04002 0.00516
-0.06402 -0.05102 0.06504
-0.06453 -0.06161 0.04076
-0.06322 -0.03454 0.00379
-0.06440 -0.05906 0.08114
-0.06416 -0.05412 0.01592
-0.06305 -0.03095 0.02808
-0.11471 0.07367 0.09241
-0.27213 -0.12863 0.14146
0.14966 -0.06996 -0.12865
0.26490 -0.05994 -0.14825
0.28362 -0.13459 0.12919
-0.14733 -0.08757 0.15094
0.04886 0.11415 0.12942
0.27487 -0.03459 -0.13798
-0.04088 0.11378 0.11188
-0.27144 0.09742 -0.04821
0.23953 -0.01930 0.10520
-0.14765 0.09105 -0.04346
0.32994 0.06380 0.06491
0.05079 -0.09278 0.14492
0.16059 0.03197 0.13328
0.40785 -0.06391 0.02671
0.40819 -0.05674 0.02801
-0.11045 -0.11769 0.16004
-0.04173 0.07907 0.13433
0.32382 -0.01651 0.13734
0.31960 -0.01490 0.11693
0.15787 0.01122 0.13482
-0.24835 -0.14965 0.17158
0.28733 -0.02098 0.15520
-0.28625 -0.08964 0.02049
0.20591 0.00048 -0.16000
0.18074 -0.03444 0.12824
-0.06345 -0.03916 -0.08212
-0.06421 -0.05512 -0.09526
-0.06371 -0.04470 -0.09677
-0.42051 0.04145 0.01740
-0.42258 -0.00154 0.06469
-0.42139 0.02314 0.01159
-0.42214 0.00748 0.03860
0.31108 -0.12626 0.11848
-0.13807 -0.05972 0.12536
0.23856 -0.08371 0.16964
0.26780 -0.06028 0.15825
-0.14691 -0.07981 -0.15080
0.29492 0.08488 0.01745
0.23089 -0.02499 0.14589
0.21856 -0.03761 0.09037
0.30137 -0.02384 -0.14885
-0.10179 0.07641 -0.08433
-0.22678 0.08390 0.05896
-0.20212 -0.06312 0.17616
-0.43214 -0.02062 0.03603
0.13628 0.03253 -0.13731
0.32117 -0.11396 -0.15364
0.40675 -0.05767 0.08928
-0.03880 0.07982 -0.02027
-0.19635 -0.10871 -0.11791
0.40249 -0.09790 -0.10647
-0.38723 -0.03245 -0.16014
-0.01120 0.12826 -0.13302
-0.12112 0.07610 -0.05556
-0.30381 -0.09454 -0.14157
-0.05177 0.06338 0.08771
0.32606 -0.09508 -0.17576
0.05922 -0.01251 -0.09149
-0.24969 0.06916 0.03655
-0.06604 -0.06899 0.11725
0.16611 -0.04786 0.15615
-0.05926 -0.02626 0.00153
-0.05916 -0.01996 0.01101
-0.05877 -0.01427 0.01151
-0.02397 0.09498 0.13947
-0.27372 0.03058 0.12115
-0.26095 0.10239 -0.03225
0.28160 -0.04739 -0.15262
0.06818 0.03466 0.14791
-0.01363 0.06675 0.14761
-0.42052 0.05838 -0.09496
-0.20041 -0.02356 -0.17361
0.28648 -0.04201 0.11109
0.27426 -0.07635 -0.15595
0.33097 0.00559 -0.16451
-0.32309 0.08588 -0.05138
-0.02419 -0.07313 0.09590
-0.06665 0.00331 0.03141
-0.06799 -0.02452 0.07416
-0.06773 -0.01920 0.06078
0.42409 -0.07522 0.05396
0.30308 -0.01009 -0.16054
0.28828 -0.00907 -0.15402
-0.14590 -0.10181 0.14211
0.30507 -0.04526 0.13176
-0.28522 0.07686 0.08044
-0.28883 -0.13864 -0.13445
-0.01039 -0.07316 0.07679
-0.01020 -0.07316 0.09266
0.34935 -0.03558 -0.12283
-0.19780 -0.12157 0.13203
-0.29487 0.01491 0.16788
-0.29430 -0.08492 -0.16330
-0.04622 0.08201 0.12228
-0.19167 0.02465 0.14768
0.18108 0.00989 -0.13329
0.39678 -0.09472 0.09684
-0.05407 0.03670 -0.01032
0.30240 -0.14646 -0.11914
-0.40095 0.10117 0.03110
0.40109 -0.01299 0.00863
0.39995 -0.03662 0.01960
0.22901 0.06172 -0.10412
0.30406 -0.11860 -0.17217
0.18974 -0.09939 0.13818
0.42532 -0.02635 -0.01687
0.17010 -0.07703 -0.16272
-0.11545 0.07814 0.04263
-0.13606 0.08520 -0.04373
-0.38288 0.08789 -0.08160
-0.02979 0.14108 0.00293
0.15235 -0.06207 -0.13761
-0.05192 0.06646 0.10579
-0.23938 0.02920 0.11897
0.21226 0.02386 -0.12076
0.28822 -0.13366 0.13152
0.42317 -0.07439 0.05942
0.34269 -0.02835 0.10428
0.35532 0.06158 0.00404
0.29673 0.08250 0.02341
0.38549 -0.09281 -0.11597
-0.10239 0.08416 -0.03733
-0.25998 0.07544 -0.06137
-0.14883 -0.05317 -0.15575
-0.22441 0.01899 -0.16474
-0.42183 0.01407 -0.06918
-0.42001 0.05185 -0.01839
-0.42043 0.04317 -0.04161
-0.42103 0.03064 -0.04737
-0.42139 0.02321 -0.10548
-0.42078 0.03584 -0.08177
-0.42042 0.04326 -0.09891
-0.26304 -0.03873 -0.14247
0.24834 -0.01493 0.14197
0.19863 0.07649 0.03797
0.21524 0.07551 0.04034
-0.39949 -0.04110 0.14954
-0.22495 -0.13002 0.11903
-0.30440 -0.09004 -0.16030
-0.31541 -0.07176 -0.14286
-0.42829 -0.02707 -0.11301
-0.39439 -0.05055 0.15551
-0.25701 -0.07314 0.03119
-0.12591 -0.10627 -0.14762
-0.05944 -0.01916 0.13187
-0.05818 -0.01111 0.13479
-0.11064 0.06975 0.07025
0.15227 0.07853 -0.11885
0.25132 -0.00533 0.06414
-0.33934 -0.00280 0.17283
-0.15901 -0.04951 -0.16312
0.06243 -0.00494 0.14908
-0.26072 -0.12378 -0.16761
0.05924 -0.00912 0.04186
-0.02573 -0.04862 -0.15658
0.25193 0.08143 -0.01212
0.07708 0.14694 -0.02043
0.11786 0.13438 -0.04527
-0.26339 -0.07877 -0.08609
-0.05055 -0.06575 0.11368
-0.07753 -0.06540 0.11368
0.27911 -0.09725 0.16178
-0.08236 0.08260 0.03958
-0.14297 -0.06617 -0.11394
-0.27870 -0.11200 -0.15738
0.30589 -0.12515 -0.17774
-0.33259 0.09836 -0.03246
0.15176 0.08295 0.08280
0.14034 0.10107 0.09385
-0.07757 0.08661 0.02343
-0.06663 0.07709 0.02953
-0.15057 0.00531 -0.14257
0.06418 -0.09575 -0.14932
0.24390 0.03505 0.11124
-0.22551 -0.05375 0.16873
0.24088 -0.09512 -0.11432
0.01489 0.05440 0.15976
-0.20378 -0.08873 -0.13640
-0.10369 0.05779 0.04772
0.24876 -0.03076 -0.15127
0.30190 -0.08567 0.15952
0.42249 -0.00094 -0.05068
0.24631 -0.11736 -0.12498
0.31043 0.01995 -0.09462
-0.17792 0.09501 -0.01905
-0.24358 -0.08070 0.14774
-0.28270 -0.12925 0.12248
0.26102 -0.10590 0.16408
-0.41633 0.09132 -0.03873
-0.41056 0.08922 -0.05397
0.25934 -0.02979 -0.16639
0.27638 0.07222 -0.03226
0.24014 0.07419 -0.03608
0.26683 0.07274 -0.03332
-0.20392 -0.09041 0.14200
-0.12929 -0.08478 0.11834
0.04474 -0.08873 0.11847
-0.01819 -0.08864 0.11845
0.07423 -0.08147 0.11834
0.09025 -0.09151 0.11853
0.05703 0.12555 -0.12643
-0.14878 -0.06306 -0.15512
0.26925 -0.14092 0.12938
0.37877 -0.00068 -0.15396
0.18216 -0.07589 0.06573
0.23689 -0.07852 0.06412
0.14680 -0.07418 0.06145
-0.32109 -0.05164 0.06102
-0.30432 -0.05245 0.06148
0.06897 -0.07043 0.06517
0.34056 -0.02653 -0.16295
-0.22244 -0.14348 0.13726
-0.26864 -0.13801 0.17684
0.03168 0.14752 -0.09190
-0.29692 -0.09162 -0.00091
0.28117 -0.12971 -0.11667
0.31600 -0.06201 -0.17028
-0.14031 -0.02269 -0.13660
0.24217 0.07538 -0.02885
0.28842 -0.12381 -0.15305
0.03165 0.15101 0.00178
0.08757 0.14030 0.09528
0.19503 -0.02177 -0.16323
0.07821 -0.07776 -0.13164
0.07087 -0.07737 -0.08929
0.07646 -0.07767 -0.10444
0.06433 -0.07702 -0.11980
0.07321 -0.07750 -0.13659
0.07143 -0.07740 -0.12946
0.33711 0.01707 -0.13085
0.33520 -0.02254 0.12365
0.27075 0.02751 0.10464
0.11910 0.12971 -0.09838
-0.34090 0.08325 -0.05792
-0.12892 -0.11405 -0.14861
0.37957 0.05937 0.02728
0.25256 -0.10974 -0.09999
0.16680 -0.07515 0.12067
0.17142 -0.07537 0.10536
0.06253 0.14880 -0.02262
-0.09457 -0.10258 0.15049
-0.12729 -0.11574 -0.12633
0.33188 0.03996 0.08650
-0.01821 0.00730 -0.07226
0.21995 -0.10543 0.14716
-0.04084 0.12073 -0.02012
0.33870 0.03976 -0.08462
-0.42638 0.04176 0.05269
0.24730 0.06852 -0.01251
-0.18314 0.09456 -0.02090
-0.40235 -0.00932 -0.11887
-0.36470 0.10585 -0.02678
0.22141 0.07614 0.03007
0.29894 -0.04324 -0.17663
0.24891 -0.06979 -0.11246
0.06845 0.08902 0.13175
0.08823 -0.09697 -0.14382
-0.33614 0.06913 -0.06062
-0.43060 -0.02052 -0.03334
-0.34071 0.09778 0.04405
-0.21111 0.08955 0.03974
-0.08966 -0.11879 -0.13441
0.36498 -0.03997 -0.16595
0.03425 0.02947 0.15275
-0.29623 -0.11392 -0.14141
0.39525 -0.05566 -0.14322
0.40304 -0.03556 0.07321
0.41235 0.01149 -0.02222
0.23089 -0.09795 -0.13608
-0.01547 0.06452 -0.02292
0.18563 -0.07605 -0.10602
0.18650 -0.07610 -0.12721
-0.29386 -0.07344 0.16481
0.28735 -0.13796 0.15041
0.19685 -0.00925 -0.16075
0.18711 -0.09635 0.09695
0.18785 -0.08110 0.11779
0.23587 -0.13301 -0.14061
-0.29427 -0.05341 0.16991
-0.33821 0.00586 -0.17006
-0.15825 0.01530 -0.13229
-0.11318 -0.10780 0.14271
0.00352 0.00145 -0.00124
-0.01451 0.02592 -0.00420
0.27112 -0.13389 0.18374
0.02135 0.15071 0.03454
-0.04939 0.07519 0.06494
-0.04849 0.07827 0.03047
-0.23923 -0.05409 0.15247
0.26861 0.06150 0.09333
-0.26602 0.09562 -0.02862
-0.22767 -0.13624 0.17602
-0.30724 -0.08652 -0.11675
0.29977 -0.14829 0.13485
-0.34145 0.07372 -0.08202
-0.37986 -0.05898 0.16296
-0.28313 -0.04907 -0.13110
-0.34825 0.07624 0.03237
-0.21338 -0.13729 -0.16864
0.41410 -0.08133 0.09744
0.20991 -0.04683 0.16823
0.24981 -0.08305 -0.13751
-0.41354 0.06425 0.12305
-0.23964 0.05528 0.12253
-0.36787 0.06129 0.12239
0.07004 -0.07627 0.11409
0.27504 -0.03442 0.11450
0.28933 0.06903 -0.06779
-0.28609 -0.04264 -0.17541
0.00078 0.14993 0.03180
-0.01898 0.14572 -0.05503
-0.20845 -0.02242 0.17363
0.41354 -0.07546 0.10028
-0.35098 0.07153 0.04037
-0.28151 -0.04116 0.12596
-0.01721 -0.07315 -0.00444
-0.01914 -0.07314 -0.02418
0.29723 -0.11641 0.15922
-0.33479 0.07427 -0.07009
0.27200 0.08404 0.01775
0.26726 -0.12746 0.15976
0.39879 -0.06051 0.05842
-0.01583 0.01819 0.01618
-0.03390 -0.07271 0.06046
-0.02979 -0.07290 0.04727
-0.16076 -0.00469 0.16327
-0.34453 0.00614 -0.16919
0.24903 -0.13752 -0.12646
0.42381 -0.05809 -0.00775
-0.40877 -0.01942 0.15429
-0.27834 0.08900 0.06383
0.36774 0.06136 0.03900
-0.00333 -0.07343 -0.02199
0.00782 -0.07402 -0.03182
-0.15246 0.00779 0.14113
0.16936 0.07216 0.10134
0.29655 0.01971 0.09810
0.28315 0.02027 0.10494
0.17459 -0.00797 -0.13105
-0.03527 0.08278 0.05589
0.22714 -0.08373 0.08408
-0.22429 -0.04584 0.15979
-0.15463 0.05428 -0.12715
-0.23136 0.05772 -0.12715
-0.26256 -0.08025 -0.11409
0.02063 0.11534 -0.13130
-0.30168 -0.06784 0.13237
0.25022 -0.11638 -0.11635
0.33091 -0.04319 0.08408
-0.42796 0.00904 0.09558
0.32015 -0.11837 -0.16431
0.31797 -0.09155 0.13787
-0.24995 -0.04838 -0.15739
0.03300 -0.09292 0.15216
0.16975 -0.10426 0.16453
-0.31492 -0.06995 0.13875
-0.15052 0.00678 -0.13623
0.31943 -0.01484 -0.09952
0.32841 -0.01826 -0.10751
-0.12528 0.09271 -0.03736
0.23911 -0.12227 -0.14810
-0.24289 -0.03269 0.17051
-0.17570 0.08193 0.05319
0.23248 -0.06745 0.17863
0.31010 -0.13728 0.10832
-0.04075 0.12130 0.00620
0.07696 0.14397 0.08186
0.10597 -0.09719 0.13039
0.06514 0.08054 0.13376
0.27011 -0.13042 -0.13410
-0.33206 0.02953 0.11878
0.41885 0.00852 -0.00465
0.40982 -0.02318 0.01061
-0.32069 0.06071 -0.12474
-0.37587 0.06384 -0.12575
-0.34234 0.02828 -0.12826
0.16339 0.07431 -0.07360
-0.05991 -0.07146 -0.13021
0.16241 0.07075 0.10829
-0.19206 -0.05992 -0.16333
-0.25327 0.08185 -0.02990
-0.26686 -0.10172 -0.15964
-0.21841 -0.04399 -0.14494
0.40356 -0.01990 0.07163
-0.10851 0.06724 0.06365
-0.28191 -0.01991 -0.17405
0.16784 0.07532 0.06934
0.02874 0.14583 0.10421
0.17290 -0.02553 -0.13088
-0.14076 0.09688 -0.03587
0.28813 0.06293 -0.01143
-0.23983 0.10369 -0.02697
-0.03414 0.13780 -0.05472
0.05991 -0.01924 -0.07734
0.40355 0.01087 0.09999
-0.21729 0.02343 0.15888
-0.39023 0.09571 -0.05478
0.39868 -0.06332 0.07194
0.09428 0.10566 -0.12427
-0.01299 0.14588 0.07995
0.39839 -0.00055 0.13388
-0.22339 -0.12405 -0.15154
-0.02817 0.10556 -0.13559
0.26340 -0.01140 -0.08409
-0.18968 0.02611 -0.13372
-0.03332 0.13872 0.05536
-0.21012 0.06002 0.12713
-0.28380 0.06039 0.12713
0.37284 0.05779 -0.05600
0.24495 0.02096 0.10841
-0.42009 -0.00865 0.14555
-0.38359 0.06692 -0.12715
-0.31780 0.10138 0.01999
-0.17101 0.08977 -0.03197
-0.09880 -0.11883 0.14299
0.41519 0.01270 0.03487
0.14585 -0.08135 0.03148
0.31886 0.03181 -0.09146
0.35353 0.03117 -0.08142
0.34475 -0.02752 -0.17125
0.33755 -0.04850 -0.15328
0.09382 0.08566 0.12843
0.26835 -0.04392 -0.11420
0.06734 0.01854 0.14864
0.08581 0.00964 0.14613
0.05871 -0.00961 0.10613
-0.02532 0.08206 -0.11147
0.27586 0.08656 -0.00276
-0.01854 0.00424 -0.09289
0.35484 -0.04585 0.15269
0.35235 -0.03977 0.14732
0.35760 -0.05256 0.12254
-0.39035 0.00209 0.15222
0.42266 -0.04555 0.03212
0.10950 0.08136 0.12658
0.39562 0.02812 0.03822
0.39934 0.01418 -0.05065
0.41777 -0.09950 -0.08093
0.13545 0.08409 -0.12327
0.32483 -0.11465 0.14378
0.41962 -0.06993 -0.06698
-0.24876 -0.04597 0.15247
-0.01581 0.00070 0.04862
-0.22484 0.06640 -0.04270
-0.19220 0.01879 -0.16181
0.35272 -0.02261 0.16859
0.40556 0.01453 -0.00979
0.22945 -0.03372 -0.08409
0.30600 -0.03572 0.15627
-0.20769 0.09060 -0.05788
0.28163 0.06429 0.01868
-0.00672 0.09491 0.14033
-0.29559 0.07512 0.08635
0.36912 -0.08151 0.08408
-0.36280 0.01612 -0.16118
0.34792 0.00674 -0.16193
-0.26136 -0.13226 -0.15533
-0.09660 0.07147 -0.08170
-0.30452 -0.08111 0.13120
0.39195 0.01509 0.06082
-0.15445 0.07312 -0.06154
0.03791 0.00051 -0.07196
0.32683 -0.07966 0.14039
-0.36246 0.02474 -0.12590
-0.42204 0.00973 0.08414
-0.42152 0.02038 0.08933
-0.42200 0.01048 0.10449
-0.41975 0.05717 0.04908
-0.42285 -0.00709 0.09913
-0.42163 0.01822 0.08257
-0.42153 0.02023 0.09840
-0.41994 0.05323 0.03223
-0.02022 0.01458 0.15801
-0.29025 -0.13763 0.13687
-0.20250 -0.12489 -0.17383
-0.25459 0.07074 -0.09268
-0.35520 0.09044 -0.03443
0.26478 -0.13627 -0.14320
-0.43159 -0.00918 0.08488
-0.43028 0.01814 0.07468
-0.23639 -0.03983 -0.14782
-0.32685 -0.04727 0.17299
0.04003 0.15052 -0.02286
-0.25483 -0.09534 0.03533
-0.13614 -0.11504 -0.16656
0.19555 -0.08690 0.13703
0.19896 -0.07735 0.14612
0.20320 -0.06545 0.15610
-0.16140 -0.10523 0.15356
-0.18838 0.07425 0.07503
0.42319 0.00128 0.06252
0.15025 -0.03513 -0.13437
-0.25466 -0.11529 -0.16370
0.09993 -0.07893 -0.00430
0.09364 -0.07859 -0.06838
0.24829 -0.11715 -0.14664
0.05189 -0.02365 0.11311
0.01154 0.00311 0.00839
0.32508 -0.12989 0.15865
-0.01570 -0.00024 0.11608
-0.15733 -0.06260 0.16184
-0.20919 -0.05349 0.14100
-0.32680 0.07404 -0.09315
0.00354 0.14298 -0.11548
0.28083 -0.06844 0.15820
-0.21140 -0.03395 0.14161
-0.02893 0.11844 -0.13225
0.26315 0.06302 -0.01061
-0.10926 0.06984 0.08646
-0.18789 -0.09542 0.17022
0.30391 -0.04425 0.11581
-0.15728 -0.06503 -0.05996
-0.13354 -0.06617 -0.11466
-0.16140 -0.06483 -0.07133
-0.13003 -0.06634 -0.08851
-0.08929 -0.06830 -0.10394
-0.17490 -0.06418 -0.05366
-0.12985 -0.06635 -0.08193
-0.13049 -0.06632 -0.10165
0.30335 -0.03209 -0.13109
0.02207 0.14561 -0.10478
0.31367 -0.14331 -0.14703
0.40676 -0.00017 -0.06434
0.40994 -0.00033 -0.03336
-0.21924 -0.12748 0.16764
-0.05543 -0.03643 -0.14816
0.21737 0.01906 -0.11558
-0.24110 -0.13722 0.15835
-0.16136 -0.11851 0.16501
0.12674 0.06208 0.13115
0.34780 0.06492 -0.02897
0.19711 -0.08254 -0.10955
0.19392 -0.09147 -0.10347
0.20085 -0.07204 -0.15792
-0.37217 0.08158 0.05953
-0.34631 0.07169 -0.04000
0.41630 -0.09313 0.08742
0.00549 0.14725 -0.08465
0.37971 0.01401 0.12969
-0.15870 0.01673 -0.12128
0.38360 -0.02571 -0.15611
0.24344 -0.11932 -0.13331
0.40444 0.03955 0.01415
0.32496 -0.07558 0.12206
-0.22971 -0.07070 0.16877
-0.11417 -0.11661 -0.16550
0.00161 0.12249 0.13232
-0.42923 0.05637 -0.09894
0.27743 -0.05623 -0.15445
-0.33429 -0.05100 0.06499
-0.09890 -0.06234 0.06772
-0.04092 -0.06514 0.06569
0.12275 -0.07302 0.06722
-0.37593 -0.04900 0.06296
-0.39585 -0.04804 0.06925
0.15991 0.00402 -0.13448
-0.14013 -0.01123 0.12088
0.11185 -0.07568 -0.11370
-0.28166 -0.10150 0.01425
0.17211 0.07139 -0.10363
-0.27174 -0.12880 0.15536
-0.11352 0.07411 -0.09199
0.13786 -0.01294 0.13709
-0.11457 -0.10919 -0.17101
0.42415 -0.00102 0.04180
0.28718 -0.11382 0.14994
-0.19573 -0.05231 -0.13188
-0.19925 -0.07707 0.13865
0.13061 0.11702 0.09671
0.27080 -0.03542 0.13575
-0.01015 0.00167 -0.04607
0.19014 -0.03561 0.16497
0.07488 0.01439 -0.14763
0.09967 0.01049 -0.14419
0.39847 0.02625 0.02417
-0.10081 0.01928 0.11893
-0.25411 -0.10567 0.16193
-0.14207 0.06596 0.09098
-0.26454 -0.07856 0.05699
-0.21036 -0.05206 -0.13775
-0.05126 -0.08919 0.14375
-0.12470 -0.08571 0.14604
0.11580 -0.09710 0.12186
-0.23680 -0.13834 0.17493
-0.11180 0.05849 0.04394
0.03553 0.14898 0.07474
-0.01818 0.00003 0.07634
-0.42944 0.05024 -0.09060
0.12641 0.02430 0.13997
0.24929 -0.04603 0.14579
-0.01344 0.14047 -0.11810
0.25793 -0.11771 0.16885
0.11429 -0.03795 -0.14007
0.05017 -0.02629 -0.15011
-0.02965 0.08331 0.05135
0.02842 0.00184 0.03432
-0.23222 0.08013 -0.06953
0.05070 0.14986 -0.02542
0.23368 -0.03470 0.16958
-0.41177 0.10038 0.02064
-0.41457 0.09570 0.02925
-0.38125 0.06096 -0.12156
-0.35878 0.06120 -0.12271
-0.41240 0.06135 -0.12061
-0.34764 -0.01791 0.17292
-0.01294 0.03708 -0.04735
-0.40834 -0.04057 0.12125
-0.12083 0.05135 0.12530
0.29760 -0.13060 0.12948
-0.26402 0.08204 -0.08195
0.37665 0.04713 0.07123
0.04268 0.07732 -0.13703
0.42096 -0.02829 0.00181
0.25959 -0.14770 -0.14612
-0.40023 0.05954 0.11355
-0.37080 0.06414 0.11886
-0.24654 0.06029 0.12074
-0.36280 0.06356 0.11869
0.25708 -0.10438 0.16751
0.33530 -0.02261 0.13881
0.26927 -0.02451 -0.12543
0.08912 0.04373 -0.14429
-0.04702 0.08579 -0.05998
-0.04268 0.10682 0.08916
-0.04291 0.10441 0.10078
0.24719 -0.06728 -0.10447
-0.34341 0.10080 0.03093
-0.21057 -0.11127 -0.12196
-0.21961 -0.10433 0.15825
-0.01920 0.00290 -0.15790
0.25444 -0.12656 0.15868
0.25493 -0.01299 0.12755
0.13819 -0.08098 0.10231
0.24724 -0.08355 -0.12410
-0.23043 0.02841 0.13312
-0.25300 0.07048 0.08660
0.28961 -0.00916 0.10419
0.29134 -0.00928 0.09001
-0.08602 -0.02082 -0.11167
-0.12156 -0.02667 -0.11167
-0.28910 -0.02161 -0.11167
-0.19693 0.01122 -0.11167
-0.19190 -0.00411 -0.11167
-0.16379 0.02284 -0.11167
-0.06987 -0.02850 -0.11167
-0.09324 0.01678 -0.11167
-0.22775 -0.02208 -0.11167
-0.30748 -0.02464 -0.11167
-0.08702 0.02295 -0.11167
-0.07559 -0.01992 -0.11167
-0.08397 -0.00348 -0.11167
-0.23518 -0.01184 -0.11167
-0.35154 -0.01359 -0.11167
-0.12547 0.00541 -0.11167
-0.08188 0.01575 -0.11167
-0.14721 -0.00752 -0.11167
-0.24050 -0.01308 -0.11167
-0.09959 0.01794 -0.11167
-0.26151 -0.02299 -0.11167
-0.18140 0.01485 -0.11167
-0.10975 -0.02226 -0.11167
-0.18209 -0.00074 -0.11167
0.23369 -0.01112 0.16675
0.20947 -0.01126 0.16367
0.06452 0.07610 -0.13608
0.32061 -0.07323 -0.17224
-0.33081 0.08842 -0.07829
-0.42434 -0.00216 0.13355
0.24972 -0.03727 -0.16182
0.19624 -0.08498 -0.09094
0.20417 -0.06271 -0.10455
0.20567 -0.05852 -0.12925
-0.37322 0.02154 -0.13302
-0.11332 -0.11018 0.13620
0.08357 0.14020 0.10200
-0.26524 -0.07089 0.17119
0.40542 -0.04881 0.08839
0.41219 -0.00043 0.07756
0.19861 0.07447 0.07674
0.18043 0.07558 0.08039
-0.25490 -0.05909 -0.00579
0.28253 0.01109 0.16057
0.16541 0.00972 0.13325
0.35003 -0.08231 -0.08409
0.24821 0.03245 0.11252
-0.33614 0.10312 -0.01776
-0.26382 0.09982 -0.01728
0.38629 -0.08741 -0.15191
-0.14191 -0.11479 0.13781
-0.33529 0.00901 0.16904
0.09911 0.05690 -0.13855
-0.41089 0.07931 -0.08009
0.26687 -0.01672 0.17084
-0.01071 0.14828 -0.00136
-0.30885 -0.11651 0.14840
0.29892 0.05016 -0.09542
0.25471 0.03764 -0.10521
0.40652 -0.06037 -0.08071
-0.18931 0.02453 -0.14668
-0.05924 -0.09775 -0.12171
0.29295 -0.05521 -0.15916
0.36892 -0.07994 0.10126
0.26262 -0.08990 0.16937
-0.21427 -0.07110 -0.00589
0.14134 -0.01753 -0.13641
0.25305 -0.06210 0.16064
0.23534 -0.10140 0.14665
-0.25992 -0.04591 0.16446
-0.06829 -0.03078 -0.05455
-0.06815 -0.02783 -0.02690
-0.06839 -0.03286 -0.03664
0.03851 0.00120 -0.04362
0.06158 0.05295 -0.14537
0.05826 -0.02658 -0.07621
-0.10445 0.05497 -0.12215
-0.05835 0.00532 -0.09480
-0.06200 -0.02858 -0.11029
0.25280 -0.05613 0.18464
0.28836 -0.05395 0.14520
0.42964 0.00158 -0.01076
-0.43020 0.01979 0.04816
0.23459 -0.06720 0.15181
-0.20036 -0.10873 0.11800
-0.29620 0.03077 0.13206
-0.00547 0.14551 0.09562
-0.25796 -0.03269 0.14993
0.08918 0.14494 -0.00183
0.00176 0.05282 0.15386
-0.01543 0.06151 0.07073
0.40405 -0.06647 -0.12799
0.26838 -0.07738 -0.15195
0.00667 0.12478 -0.13348
-0.01297 0.04645 -0.02616
-0.13184 0.07893 -0.03590
-0.06400 -0.05409 0.12643
0.01075 -0.07417 -0.13848
0.02389 -0.07487 -0.09885
0.00963 -0.07412 -0.09987
0.00324 -0.07378 -0.13720
0.03529 -0.07548 -0.06206
0.00579 -0.07391 -0.12913
-0.20478 -0.07494 0.14473
-0.23099 -0.04199 -0.14971
0.35411 0.01668 -0.11455
0.36801 0.01604 -0.11181
0.31607 0.01870 -0.09722
0.34652 0.01726 -0.09386
0.23930 -0.02565 0.08408
0.41163 -0.05285 -0.04767
0.40153 -0.00365 -0.07117
0.10493 0.13570 -0.09788
-0.30247 -0.07045 0.13677
-0.22456 -0.10929 -0.14819
-0.09663 -0.08761 0.13023
0.20133 -0.07070 0.09440
0.29341 0.03306 -0.10009
0.26799 -0.03370 0.17557
0.07116 0.14776 0.01174
0.42116 -0.01569 0.00504
0.25321 -0.01350 -0.08677
0.25906 -0.01178 -0.11416
0.18374 0.07700 0.05889
0.22519 0.07465 0.05745
0.23277 0.07414 0.06240
-0.22655 -0.03850 -0.16598
0.33632 0.06784 0.02446
0.38515 0.05847 -0.02578
-0.38902 0.09808 0.04858
-0.05896 -0.07150 -0.01228
0.29843 -0.06403 0.15797
-0.01117 -0.06657 -0.06204
0.03383 -0.06874 -0.06161
0.16605 -0.07511 -0.06352
0.33062 -0.08304 -0.06215
0.20225 -0.07686 -0.06354
0.25585 -0.07944 -0.06108
-0.20849 -0.06390 0.12651
-0.15720 0.01475 0.12985
-0.22650 0.07901 0.08545
-0.25623 -0.03236 -0.12952
-0.33201 0.07329 -0.06260
0.22924 0.07707 -0.01016
-0.27076 0.03054 -0.11719
0.16260 -0.00331 0.13380
-0.17198 0.01654 0.15364
-0.01358 0.14751 0.02495
-0.05101 -0.07189 -0.01142
-0.02743 0.09259 -0.13889
0.37786 -0.03936 0.16007
-0.01391 0.05988 0.06225
0.23506 -0.07328 0.15804
0.32211 -0.09486 0.09624
-0.25894 -0.13779 -0.13861
-0.05890 -0.03847 -0.14375
-0.22781 0.07846 0.07225
-0.25514 0.00907 0.16944
0.24482 -0.07193 0.19005
0.18128 0.07135 -0.10117
-0.12729 0.07260 -0.08920
0.12481 0.10430 0.11805
-0.01378 0.03106 -0.03167
-0.29068 0.02659 0.15819
0.11281 0.13436 -0.08330
-0.09537 -0.11626 0.13140
-0.01108 0.14438 -0.09745
0.02279 0.05415 -0.15562
-0.11516 -0.11870 -0.15618
0.04585 -0.00026 -0.01119
0.23159 -0.01537 -0.16746
0.39465 0.01476 -0.06191
-0.41629 -0.04895 -0.01248
-0.41167 -0.05115 -0.05138
-0.00675 -0.03630 -0.11830
0.01499 -0.02626 -0.11960
0.01378 -0.04135 -0.11954
0.31746 0.06323 -0.07454
0.23733 -0.05234 0.13631
-0.20676 -0.11423 0.12475
0.39662 0.05535 -0.01624
-0.14613 0.09084 0.03585
-0.01462 0.06158 0.01276
0.05346 0.14745 0.07186
0.06637 0.13353 0.12664
0.39838 0.02007 -0.04908
0.30964 -0.06638 0.13732
0.22716 0.00570 -0.16009
0.23545 -0.02174 0.14862
0.40539 -0.01074 0.10279
-0.24651 -0.06372 -0.16898
-0.25106 0.06896 -0.03723
-0.20887 -0.03622 -0.13616
-0.26759 -0.12783 -0.16936
-0.28343 -0.00515 -0.17327
-0.24318 -0.02125 0.12489
-0.29043 -0.04755 -0.11762
0.34326 -0.00282 0.16591
-0.22564 0.07443 -0.08949
0.28344 -0.02690 0.08408
0.32511 -0.04462 0.08408
0.34168 -0.07006 0.08408
0.34802 -0.06377 0.08408
0.29060 -0.04393 0.08408
0.34068 -0.05725 0.08408
0.24240 -0.04040 0.08408
0.37620 0.05960 -0.03521
-0.14142 -0.08554 0.13972
-0.08760 -0.06744 -0.11624
-0.11347 -0.04565 -0.11624
-0.10781 -0.06406 -0.11624
-0.33149 -0.04034 -0.17311
0.25372 -0.02965 0.15016
0.08682 -0.02424 -0.14484
0.05575 -0.02188 -0.14953
0.06801 0.14589 -0.07334
0.05756 -0.06304 -0.14655
0.04570 -0.06071 -0.14834
-0.20906 -0.06313 0.15838
0.22392 0.01306 -0.15441
0.34583 -0.03104 -0.12183
0.32955 -0.10447 0.13897
0.22135 -0.07440 0.15773
-0.42830 0.00193 -0.09870
-0.21053 0.08673 -0.06347
-0.19695 0.07019 0.08682
-0.10544 0.05455 0.05639
-0.20247 -0.06469 -0.12586
-0.37218 0.08739 0.08652
-0.23609 0.06711 0.07820
0.26633 -0.11571 -0.13762
0.27116 0.07442 -0.02418
0.33593 0.06264 -0.06574
-0.02921 0.08320 -0.02231
0.21973 -0.04026 -0.16890
0.26654 0.01743 -0.14871
0.27452 -0.00978 -0.16931
0.29630 0.03780 0.09784
0.28123 0.06831 0.07455
-0.10254 0.07325 0.08457
0.29422 -0.11637 0.14690
0.33408 -0.10971 -0.17805
-0.03832 0.04422 -0.15496
0.42194 0.00132 -0.07832
0.04828 0.13326 -0.12889
-0.33818 -0.04233 0.17265
-0.27006 -0.11139 -0.15587
-0.19813 -0.08094 -0.11767
-0.07859 0.08973 -0.01066
-0.23123 -0.04186 0.15213
0.21330 -0.04446 -0.10727
0.39951 0.05052 -0.02368
0.30968 0.06968 0.03498
-0.34042 0.06631 0.06152
0.40721 -0.03029 -0.05564
0.00154 -0.01897 0.15567
0.01903 -0.01559 0.15407
-0.19858 0.02585 -0.14286
0.02096 0.00208 0.05011
-0.02400 0.13793 -0.11707
-0.41832 -0.02001 -0.11624
-0.42018 -0.01405 -0.11624
-0.28000 -0.13067 -0.12258
-0.03230 -0.08794 -0.14328
0.08996 0.03873 0.08106
-0.22822 -0.07455 0.15247
0.28828 0.06356 0.08479
0.32505 -0.02009 0.08408
-0.03246 -0.04028 0.11674
-0.01312 -0.02222 0.11789
-0.01881 0.02184 0.11750
-0.00351 -0.03609 0.11848
-0.02353 0.02577 0.11721
-0.20158 -0.10270 -0.14461
0.26428 0.06448 -0.01626
-0.28965 -0.11452 -0.14636
-0.02851 -0.05225 0.15651
-0.42760 0.01634 -0.10392
-0.01892 -0.06620 0.07152
0.17807 -0.07569 0.07503
0.25095 -0.07920 0.07817
0.24160 -0.07875 0.07237
0.31057 -0.08207 0.07269
0.20073 -0.07678 0.07160
0.01844 -0.06800 0.07235
0.16033 -0.07484 0.07576
0.03295 -0.06870 0.07312
0.04935 -0.00214 -0.07509
0.41823 -0.01885 0.04149
0.31047 -0.07495 -0.16636
-0.01420 0.02007 0.02499
0.11288 0.13631 0.05384
0.23102 -0.02487 -0.11409
0.23141 -0.02446 -0.14976
0.12286 -0.07211 0.13570
-0.21479 -0.08764 -0.15161
0.03876 0.12607 -0.12808
0.23649 0.05085 -0.10845
0.22450 -0.06224 0.15553
-0.10708 0.06557 -0.06783
0.26826 -0.01053 -0.12102
0.27924 -0.00915 -0.09072
-0.19951 -0.07359 0.17160
-0.26458 -0.08996 0.09984
0.25510 -0.12117 -0.14368
-0.28324 0.03047 0.13919
-0.20366 -0.08490 -0.14223
0.05387 0.14995 0.01189
-0.24921 -0.15044 0.14747
0.33179 -0.10157 0.12791
0.28332 0.05303 -0.09550
0.37646 -0.01003 -0.15732
0.41999 -0.09980 0.01715
0.38386 -0.08778 0.07415
-0.40799 0.08224 0.07566
0.26715 -0.04486 0.17353
-0.41410 -0.04061 0.11622
-0.41620 -0.02224 0.11622
0.40497 -0.01850 0.10749
0.27266 -0.08018 0.17093
-0.23775 -0.05980 -0.15739
-0.38665 -0.04948 -0.16039
0.02669 -0.07502 0.04708
0.03618 -0.07553 0.04597
0.03597 -0.07552 0.11653
-0.29881 -0.07701 0.14830
-0.27599 -0.10778 -0.00257
-0.34736 0.06409 0.06593
-0.01509 0.05789 -0.11341
0.27196 -0.08600 0.16519
0.09447 0.04594 0.14284
0.15838 -0.09532 0.15789
-0.39460 0.07171 -0.12648
0.04240 0.00027 -0.09473
0.36925 -0.08490 -0.08292
0.12707 -0.08039 -0.10295
0.13560 -0.08085 -0.05501
0.10170 -0.07902 -0.13241
0.11726 -0.07986 -0.07821
0.13484 -0.08080 -0.06563
0.12532 -0.08029 -0.03401
0.39342 -0.08275 -0.14382
-0.01533 0.07397 -0.14463
-0.30496 -0.08309 -0.17059
0.30363 0.00284 -0.16581
0.16898 -0.01411 0.15029
-0.25642 -0.07622 -0.07789
0.18756 -0.08713 -0.14366
0.18753 -0.08772 -0.12630
0.40743 -0.06935 -0.00808
-0.32632 0.09700 -0.03263
0.35220 -0.04160 -0.08409
0.32892 0.01358 0.15643
0.27216 -0.13911 -0.15091
0.39887 -0.05893 -0.02678
0.39901 -0.05596 -0.03740
0.10529 -0.05267 0.14038
0.05311 -0.04200 0.09349
-0.25498 -0.06088 -0.16281
0.02179 -0.06816 -0.08113
-0.26073 -0.05455 -0.07450
0.13854 -0.07379 -0.08753
0.14856 -0.07427 -0.08934
0.06861 -0.07042 -0.09163
0.05559 -0.06979 -0.10178
0.02711 -0.06842 -0.07988
-0.16404 -0.05921 -0.08027
0.11691 -0.07274 -0.09296
-0.15535 -0.05962 -0.07592
0.06522 -0.07025 -0.08116
0.10681 -0.07226 -0.09252
0.15815 -0.07473 -0.10100
0.14304 -0.07400 -0.10951
0.10824 -0.07233 -0.08648
-0.21127 -0.09633 0.00344
-0.14575 0.00015 -0.13606
-0.20289 -0.06440 0.15724
0.38433 0.05504 -0.05482
0.42774 -0.07529 -0.01608
0.42710 -0.07777 -0.02223
0.33350 -0.07632 0.10057
0.32789 -0.04439 -0.16553
-0.10366 -0.08432 0.14357
-0.03717 0.08139 -0.04518
-0.06515 -0.05890 0.12105
0.11953 0.13392 -0.00903
0.16354 -0.02255 0.13296
0.16920 -0.00041 -0.13400
-0.08425 -0.10063 0.13812
-0.08613 0.07559 -0.06261
0.33968 -0.09540 -0.14609
0.23227 -0.09623 -0.08409
0.20700 -0.05560 0.14826
-0.40227 -0.03234 -0.14257
0.21525 -0.04101 0.13854
-0.06025 -0.01341 -0.11863
-0.05636 0.02733 -0.11883
-0.05611 0.03106 -0.10982
-0.37795 0.07535 -0.07711
-0.20412 -0.04429 0.11983
-0.23259 -0.07790 0.17104
-0.21926 0.02106 -0.16187
-0.13275 0.07628 0.04289
0.23830 -0.08087 -0.14055
0.14835 0.08986 -0.05411
-0.42706 -0.00808 0.14736
0.31557 0.01890 -0.08897
-0.13507 0.07446 -0.04793
-0.21629 -0.03083 0.15955
0.38386 0.05921 0.00379
0.18128 -0.06457 0.16514
0.42479 -0.04524 0.00480
-0.01881 0.09769 -0.13925
0.30856 -0.12850 -0.18118
0.33399 0.06239 -0.00418
-0.25810 -0.09133 0.13728
0.24178 -0.07962 -0.11100
-0.01411 0.14584 -0.07561
-0.28618 0.01197 -0.16887
-0.15859 -0.11793 -0.16887
-0.31057 0.10173 0.01815
-0.10587 0.09219 0.01732
0.38784 -0.01091 0.14965
-0.24239 0.05988 0.05698
-0.20277 -0.06442 0.13176
0.37697 -0.08548 -0.08410
0.40862 -0.09991 -0.10091
-0.23181 -0.08479 0.16193
-0.27249 -0.09610 0.16916
-0.02916 0.05981 0.15152
-0.09232 0.05556 0.12338
-0.03387 -0.07271 -0.13927
-0.03789 -0.07252 -0.12181
-0.02930 -0.07293 -0.06671
-0.02621 -0.07308 -0.07298
0.43030 -0.00066 -0.03371
-0.25843 -0.03784 0.13659
-0.21602 -0.11385 0.17027
0.39571 0.01290 -0.10105
-0.06189 -0.04567 0.00290
-0.06297 -0.05286 0.04759
-0.22903 -0.06034 0.15247
0.40148 -0.00478 -0.08538
0.31358 0.06895 -0.04763
0.28934 -0.03824 0.14675
-0.35982 0.10300 0.02106
0.00057 0.01524 -0.15658
-0.00971 0.02466 -0.15728
-0.40486 -0.03185 0.12488
-0.01515 0.02883 0.03505
-0.07212 0.06636 -0.06990
-0.36776 0.08858 0.04075
-0.05916 -0.00782 -0.02764
0.16038 0.07670 -0.06520
0.22371 0.07639 0.02179
0.40538 -0.06201 0.12504
-0.27892 -0.04551 -0.17067
0.21781 -0.09075 -0.14062
0.26288 -0.09532 -0.14108
-0.05331 0.04185 -0.03232
-0.05639 0.01577 -0.03791
-0.06057 -0.02079 -0.05815
-0.05768 0.00336 -0.05779
-0.05206 0.05141 -0.04305
-0.05754 0.00549 -0.04652
-0.15161 -0.03874 0.15812
0.02311 0.00187 -0.08881
0.40399 0.04335 -0.01787
-0.26561 -0.09027 0.08088
-0.31568 0.03033 -0.12095
-0.09499 0.06297 -0.09290
-0.17516 0.05656 0.10617
-0.07565 0.05463 0.10285
-0.19382 0.06139 0.10161
-0.31297 0.06244 0.10705
-0.19003 0.05304 0.11108
-0.18227 0.06059 0.10189
0.27070 0.04506 0.10362
-0.10379 0.08862 0.00196
-0.20578 0.09489 0.00703
-0.29924 0.10079 0.01227
-0.24377 0.09770 0.01069
-0.16590 0.09248 0.00521
0.39570 0.02828 0.01945
-0.10995 0.09113 -0.03937
0.28187 -0.14968 0.15376
-0.40886 -0.02426 0.17234
-0.06622 -0.06932 0.12324
0.31689 -0.14104 -0.15077
-0.14966 0.07626 0.06299
-0.27119 0.02942 0.14702
0.35993 -0.05825 -0.15915
0.35987 -0.05810 -0.15207
-0.23448 0.08071 0.09105
-0.30431 0.01066 0.16913
0.09120 -0.07846 0.07782
0.08353 -0.07805 0.13586
0.08857 -0.07832 0.02760
-0.24721 -0.09235 -0.11553
0.12569 0.08558 0.12234
0.22820 0.06545 -0.09968
-0.30863 0.06760 0.12671
0.32228 0.06247 0.01059
0.01735 0.14148 0.12120
0.33427 -0.00691 -0.16851
0.36799 -0.07775 -0.10726
-0.26254 -0.13988 0.17528
0.01546 0.07989 0.13812
0.43152 0.00140 -0.00453
0.04025 -0.00903 -0.15182
0.08093 0.00042 -0.14682
-0.33907 -0.03875 -0.17276
0.28658 0.07102 -0.05902
0.24926 0.07243 -0.06665
-0.04466 0.09429 -0.10348
-0.21646 0.02432 -0.15709
0.41963 -0.06994 -0.04281
-0.01518 0.01732 0.11096
0.11605 0.13227 -0.09178
-0.15994 -0.11770 0.17081
0.30096 -0.07043 0.08408
0.23489 -0.06564 0.08408
0.22371 -0.06626 0.08408
-0.20702 0.04852 0.11808
-0.29204 0.05297 0.11838
-0.10863 0.04597 0.11996
-0.41355 0.00972 0.14840
0.23460 0.01953 -0.13187
0.22326 -0.06395 -0.13295
-0.26643 -0.07140 -0.02703
-0.42577 -0.04445 0.01668
-0.36412 0.07828 0.08016
-0.29393 0.03027 0.14225
0.30221 -0.01003 -0.11233
0.30482 -0.01021 -0.13599
0.20615 0.00107 0.15972
0.05157 -0.03211 -0.11330
-0.27851 0.09015 0.04459
0.05581 -0.03389 0.08862
-0.05073 0.07262 0.09535
-0.23492 0.02281 -0.16166
-0.33830 -0.05427 0.17195
-0.04883 0.07254 -0.12017
0.16340 -0.10811 -0.02576
0.16207 -0.10845 -0.13651
0.21241 0.01762 0.13639
0.33296 -0.08617 -0.16235
0.08007 -0.09543 -0.14521
0.15546 -0.09904 -0.15348
0.10307 -0.09651 -0.13310
0.06107 -0.09451 -0.13220
0.09737 -0.09625 -0.14099
0.06985 -0.09492 -0.13087
0.15191 -0.09883 -0.13023
0.00190 -0.09172 -0.14667
-0.00588 -0.09135 -0.15120
0.06462 -0.09472 -0.15573
0.10686 -0.09668 -0.12798
0.07675 -0.10065 0.16185
0.05794 0.14847 -0.04690
0.05145 0.14832 -0.06229
-0.14074 0.07881 -0.07293
0.25692 -0.04802 -0.10656
0.26781 -0.01059 0.13407
0.26057 -0.01150 0.11191
0.25467 -0.03747 0.18003
-0.19252 0.05964 -0.10358
-0.30373 0.06872 -0.09926
-0.26121 0.06997 -0.09544
-0.12504 0.06104 -0.09818
-0.11630 0.05577 -0.10381
-0.19953 0.06572 -0.09692
-0.25905 0.06413 -0.05076
-0.28958 0.07737 -0.07967
-0.31348 0.01647 0.16678
0.37772 -0.08654 0.09008
0.41507 -0.05619 0.03735
-0.17644 -0.11647 -0.17062
0.30034 -0.13611 0.15035
-0.30669 0.00092 -0.17177
-0.03628 0.13461 0.01491
0.17449 0.00084 -0.13125
0.14925 0.05491 0.12969
-0.25836 -0.06098 0.01194
0.21981 -0.03633 -0.13462
0.21693 -0.03928 -0.16012
0.00771 0.00166 0.07348
-0.20579 0.04671 -0.11657
0.05706 -0.02996 0.05193
0.39910 -0.05454 0.08199
-0.14284 -0.01868 -0.14603
-0.39814 0.00066 -0.13080
-0.39696 0.07958 0.08747
-0.14236 0.07129 -0.07812
0.19518 -0.06846 -0.16759
0.05977 0.13891 0.12026
0.24835 0.06893 0.08409
-0.12987 -0.09868 0.13569
-0.24253 0.02846 0.14461
-0.37534 0.07762 -0.06918
0.32420 -0.10219 -0.16283
-0.31113 -0.11196 -0.14726
-0.16222 0.08503 0.04332
-0.30342 -0.07414 0.16188
0.14947 0.01136 -0.13636
0.00626 0.07935 0.14164
-0.08032 -0.06724 -0.11370
-0.10046 -0.06516 -0.11370
-0.27687 -0.14539 -0.14697
-0.21552 -0.08209 0.16253
-0.09914 -0.09522 -0.16291
-0.14487 -0.09152 -0.16244
0.05592 -0.10250 -0.16278
-0.28842 -0.05306 0.12178
0.00559 0.00137 0.03646
-0.03761 -0.08984 -0.13764
-0.02105 -0.09062 -0.13488
-0.08362 -0.08766 -0.14309
-0.06102 -0.08873 -0.13630
0.00181 -0.09170 -0.13416
-0.29623 -0.05677 0.15862
-0.24962 0.07932 0.09011
0.35490 0.06162 -0.00485
0.00038 0.15020 -0.00557
-0.03485 0.02013 0.15766
0.14606 0.09308 -0.06723
-0.03907 0.11980 -0.11877
-0.28593 -0.11873 0.14100
-0.00181 0.14808 -0.07161
-0.29954 -0.08700 -0.14895
-0.04767 0.08384 0.06732
0.07523 0.12578 -0.12297
-0.02057 0.08221 -0.14228
-0.23057 0.07823 -0.08873
-0.05107 -0.05837 0.15389
0.15615 -0.03179 0.13426
-0.12224 0.05802 0.05768
0.00521 0.14939 0.05018
-0.43540 -0.02678 -0.04485
0.15368 0.08366 0.00291
0.14727 0.09327 0.02014
0.15369 0.08150 0.04771
0.14048 0.10519 0.00259
0.14862 -0.10804 -0.05264
0.13042 -0.10717 -0.07478
0.06239 -0.10393 -0.04711
0.10997 -0.10620 -0.00198
0.08935 -0.10522 -0.01216
0.15184 -0.10819 -0.08497
0.11985 -0.10667 -0.07440
0.14276 -0.10776 -0.02823
0.04768 -0.10323 -0.01804
0.04131 -0.10293 -0.01439
0.07007 -0.10430 -0.00914
0.15539 -0.10836 -0.09169
0.13344 -0.10731 -0.06907
0.12632 -0.10698 -0.06202
0.15821 -0.10849 -0.14233
0.06996 -0.10429 -0.03552
0.09922 -0.10569 -0.09105
0.10198 -0.10582 -0.06534
0.08138 -0.10483 -0.04851
0.13328 -0.10731 -0.11542
0.09561 -0.10551 -0.02221
0.08740 -0.10512 -0.00471
0.01661 0.01401 0.15502
0.06709 0.01259 0.14872
-0.36221 -0.02825 0.16939
-0.34926 -0.07636 0.16854
0.41263 -0.06960 0.04417
0.24831 -0.08256 -0.10783
0.05128 0.06538 0.14211
-0.05550 0.02153 -0.13307
-0.05476 0.01663 -0.13888
-0.39919 -0.06054 0.15203
0.22445 0.01991 -0.10380
0.15202 -0.06942 -0.14051
0.25568 -0.12438 0.15056
-0.23680 -0.10147 -0.15567
0.02125 0.14961 0.06495
-0.07172 -0.11678 0.11466
-0.12550 -0.08160 -0.11832
-0.02688 -0.07445 -0.11828
-0.10608 -0.07877 -0.11831
0.00177 -0.08055 -0.11833
-0.11854 -0.08257 -0.11833
-0.16694 -0.00154 -0.16540
-0.23326 -0.07340 0.16284
0.31346 -0.11252 0.15249
0.03830 -0.07564 -0.12457
0.04188 -0.07583 -0.01105
0.04407 -0.07595 -0.10150
-0.02275 0.14429 0.06536
0.02755 0.00240 -0.10433
-0.04828 -0.03145 -0.15444
-0.18241 0.00713 -0.16685
0.18468 -0.10261 0.12885
0.17200 -0.10589 0.14536
-0.36651 0.05740 0.11166
-0.27551 0.05246 0.11166
-0.15957 -0.10969 -0.15080
-0.37346 0.08575 -0.08567
-0.25919 -0.09464 -0.16106
-0.13155 -0.08539 -0.13861
-0.09175 -0.08727 -0.13357
-0.05061 -0.08920 -0.12360
-0.13410 -0.08525 -0.12968
0.07749 -0.09529 -0.12421
-0.09792 -0.08698 -0.13517
0.40777 -0.06557 -0.05322
0.40849 -0.05065 -0.01457
0.16089 -0.03021 0.14587
0.26458 -0.14730 0.15132
-0.40887 -0.05248 0.09614
-0.29898 -0.09271 -0.15805
-0.21022 0.02760 -0.13178
-0.19891 -0.07967 -0.13544
-0.05138 0.05559 0.02047
0.24420 -0.09229 0.08408
-0.28200 -0.07957 0.15825
-0.37373 0.07776 0.08931
0.32154 0.06908 0.02420
-0.29818 0.07203 0.09482
-0.05271 0.02055 0.14433
0.29492 -0.12150 -0.15039
0.35547 -0.02524 -0.16849
0.31296 -0.03645 0.15448
-0.01601 0.06805 -0.00700
0.04831 -0.00181 0.03877
0.29824 -0.02433 0.13209
0.40977 -0.02408 -0.04700
0.40997 -0.02001 -0.02906
0.40997 -0.01998 -0.05058
0.10994 0.05936 0.06118
0.21278 0.01904 0.10765
-0.36421 0.02385 0.13983
-0.08147 0.07456 0.06064
-0.05394 0.04517 -0.08575
-0.05334 0.04755 -0.07619
0.37582 0.00749 -0.15100
-0.07974 0.06518 0.08366
0.13461 0.10997 -0.10356
0.03167 0.00201 0.10257
0.05065 -0.04761 0.03666
0.23620 -0.10910 0.14282
0.27535 -0.05630 -0.16039
0.30690 -0.03063 0.11894
0.40792 -0.01467 -0.10449
-0.22784 -0.02075 0.17369
-0.20466 -0.07537 -0.16515
-0.05484 0.03744 -0.08186
0.42273 -0.00721 -0.03873
-0.05446 0.03271 0.02713
-0.06182 -0.03073 0.05233
-0.05631 0.01646 0.03723
-0.05656 0.01571 0.02134
-0.16795 -0.07526 0.16647
0.05078 -0.00265 -0.11225
0.40814 -0.05476 -0.11648
0.25899 0.02062 -0.12795
-0.22759 -0.13256 -0.16484
0.40228 -0.05063 0.13440
0.39800 -0.06854 0.13878
0.10897 0.12032 0.11963
0.23741 -0.05241 -0.11292
0.33914 0.06579 -0.05069
0.09819 -0.06641 0.14039
-0.10147 -0.11186 0.15828
0.42659 -0.09111 -0.02272
0.42554 -0.08140 -0.03792
-0.39312 -0.00966 -0.15311
0.42373 -0.06232 -0.01645
0.20652 0.04554 -0.11785
-0.05306 0.04505 -0.06165
-0.05693 0.01582 -0.07884
0.04456 0.14240 -0.11532
0.25718 0.01979 0.13715
-0.42253 -0.00044 -0.00796
-0.42351 -0.02094 -0.06406
-0.42319 -0.01431 -0.01108
-0.42337 -0.01804 -0.01463
-0.23672 -0.05116 -0.15553
0.18609 0.02018 0.12825
-0.13979 -0.04195 0.13782
-0.40893 -0.02847 0.14436
0.04516 0.14456 0.10572
0.04485 0.15030 0.02513
0.25157 0.01700 0.15059
-0.06509 -0.06230 -0.09969
0.03724 0.11713 0.12976
0.23874 0.07269 -0.01391
-0.04377 -0.09028 0.14468
0.40630 0.00324 0.11848
0.23776 0.01889 0.14007
-0.23169 -0.04164 0.15907
0.23081 -0.03974 0.08408
-0.23898 -0.03888 0.12787
-0.04559 0.09427 0.07982
-0.04844 0.08027 0.09165
0.37351 -0.04053 -0.16223
0.41752 0.00911 0.06128
0.28015 -0.03359 -0.13699
-0.11799 0.07511 0.05834
-0.13053 0.06485 0.08851
-0.21765 0.09359 -0.03046
0.31309 -0.01242 -0.15972
-0.35008 0.10486 -0.02554
-0.26469 0.09554 0.03189
-0.19952 -0.06131 -0.17550
-0.30196 -0.10182 -0.15897
0.24938 -0.05161 -0.12391
0.08378 0.13600 0.11635
0.28736 -0.00120 -0.16711
-0.00503 0.13804 -0.12650
-0.21436 0.08287 -0.07397
-0.08303 0.06495 -0.08616
0.32466 -0.05656 0.12777
-0.03970 0.12438 0.07285
0.07595 0.04899 0.14459
0.10956 0.06834 -0.13227
0.18598 -0.08389 0.16694
0.08008 0.14623 0.04085
0.16012 -0.10581 0.16186
0.25714 0.04736 0.10598
0.00099 0.14274 0.11610
-0.01043 -0.07272 -0.15422
-0.30018 -0.07853 -0.17217
0.40802 -0.06546 -0.11518
-0.05492 0.03757 0.08595
-0.13984 0.08296 -0.04856
0.00336 -0.02758 -0.15510
0.02163 -0.03826 -0.15275
0.01446 -0.02363 -0.15418
0.18777 -0.08267 -0.10957
0.18737 -0.09102 -0.11415
0.40907 -0.05595 0.11281
0.37840 -0.08761 0.12074
0.40149 -0.09918 -0.12046
0.24906 -0.06127 -0.12242
0.17486 -0.10515 -0.08028
0.17740 -0.10449 -0.09205
0.26139 -0.03866 0.14385
0.38860 -0.08966 0.07637
-0.24394 -0.02055 -0.14346
-0.38761 -0.04843 -0.06182
-0.39369 -0.04814 -0.06130
-0.12945 -0.06087 -0.06853
0.03587 -0.06884 -0.06818
-0.29291 -0.05300 -0.06793
-0.32042 -0.05167 -0.06663
-0.01796 0.00395 0.10962
0.25737 -0.11598 -0.11587
0.04528 -0.03406 0.15025
0.04738 -0.06410 0.14787
-0.27733 -0.03527 -0.11783
-0.12240 0.08023 -0.04096
-0.23353 -0.03520 0.16933
0.26259 -0.11435 -0.14192
0.32266 0.01730 0.14410
-0.27637 -0.03844 -0.13851
0.38199 0.01323 0.13475
-0.05874 -0.01035 -0.01837
-0.05722 0.00338 -0.00332
-0.05880 -0.01472 -0.01142
-0.13908 -0.08397 0.12897
-0.01447 0.01438 0.01057
-0.19923 -0.01806 0.17354
0.05504 -0.03717 0.06857
0.03454 0.05316 -0.14885
-0.02778 -0.08817 -0.13523
-0.23735 0.06538 0.05425
-0.09101 0.08445 -0.04024
0.17726 0.02646 -0.12979
-0.01277 0.00047 0.00314
0.29518 -0.06050 0.14106
0.27785 -0.11895 -0.14518
0.24327 -0.08575 -0.08409
0.03497 0.00117 0.08784
-0.43243 -0.02282 0.02563
0.18951 0.07773 0.00926
0.18473 0.07761 0.02036
-0.22753 0.09711 0.02822
-0.34545 0.10777 -0.03028
-0.02467 0.08126 0.07078
-0.00854 0.00146 -0.06600
0.17331 -0.04527 -0.16073
-0.23439 -0.03949 -0.17207
0.25729 -0.12348 -0.13148
0.38127 0.00423 -0.14951
-0.31966 -0.01479 0.17450
-0.23637 -0.13093 -0.17026
-0.26935 -0.13529 -0.13130
0.14428 0.05159 -0.13087
-0.29600 -0.13068 0.12014
-0.24769 -0.03246 -0.14292
-0.00058 0.05414 -0.15872
0.16801 0.00018 -0.12569
-0.42420 0.05743 -0.10743
-0.27327 -0.14651 0.15809
0.30528 -0.12430 0.11810
0.16065 0.07829 -0.02486
-0.12825 -0.09969 0.16319
0.34923 -0.03541 0.08879
0.30514 -0.10467 -0.15677
-0.17126 0.01361 -0.15795
-0.00984 0.14712 0.07117
0.39517 -0.02410 -0.08608
-0.24337 -0.05113 -0.15161
-0.23504 -0.05268 0.11622
-0.29569 -0.05087 0.11622
-0.19020 -0.04698 0.11622
-0.27710 -0.04445 0.11622
-0.18058 -0.05791 0.11622
-0.25221 -0.05115 0.11622
-0.31312 -0.04780 0.11622
-0.01527 0.04878 0.11768
0.01588 -0.10172 -0.13026
0.04539 -0.10312 -0.07021
0.03012 -0.10239 -0.06559
0.05994 -0.10382 -0.13524
-0.06696 -0.09777 -0.13007
0.02990 -0.10239 -0.09631
-0.06123 -0.09805 -0.09735
-0.01801 -0.10010 -0.03989
-0.01928 -0.10004 -0.09535
0.09830 -0.10564 -0.11770
0.02457 -0.10213 -0.14328
-0.07752 -0.09727 -0.12290
0.06658 -0.10413 -0.13606
0.10742 -0.10608 -0.12585
0.09472 -0.10547 -0.10350
0.02538 -0.10217 -0.12086
-0.01096 -0.10044 -0.08618
-0.05004 -0.09858 -0.09786
-0.02315 -0.09986 -0.04732
-0.01376 -0.10031 -0.09543
-0.12068 -0.09522 -0.16051
0.07039 -0.10431 -0.09975
0.01947 -0.10189 -0.07446
0.14067 -0.10766 -0.15018
-0.06072 -0.09807 -0.16200
0.07080 -0.10433 -0.15044
-0.04864 -0.09865 -0.10558
-0.05017 -0.09857 -0.08055
0.13908 -0.10758 -0.15634
-0.11312 -0.09558 -0.14126
0.03472 -0.10261 -0.11647
0.09640 -0.10555 -0.12350
0.04603 -0.10315 -0.06262
0.10690 -0.10605 -0.15933
0.05703 -0.10368 -0.10641
0.01844 -0.10184 -0.10608
0.10160 -0.10580 -0.14459
0.03510 -0.10263 -0.15683
-0.01444 -0.10027 -0.02488
-0.09564 -0.09641 -0.13973
-0.11331 -0.09557 -0.13045
-0.04435 -0.09885 -0.07899
0.02575 -0.10219 -0.03033
0.00398 -0.10115 -0.03238
0.08572 -0.10504 -0.11580
-0.09302 -0.09653 -0.10212
0.03542 -0.09430 -0.13556
-0.23190 -0.04086 -0.12161
0.28609 -0.00892 0.16275
0.28658 -0.00895 0.11598
0.27095 -0.10552 0.16918
-0.19871 -0.09857 -0.11948
0.34307 -0.09027 -0.14326
0.39658 0.04219 -0.04455
0.23192 -0.08433 0.14433
0.21356 -0.05913 0.16845
0.40013 -0.03276 -0.06260
-0.07186 -0.03944 -0.02997
-0.13741 -0.03628 -0.05382
-0.07456 -0.03931 -0.04771
-0.20218 -0.03316 -0.01058
-0.12874 -0.03670 -0.06773
-0.16782 -0.03481 -0.01627
-0.07296 -0.03938 -0.06632
-0.11607 -0.03731 -0.01628
-0.07673 -0.03920 -0.01720
-0.12478 -0.03689 -0.05099
-0.09425 -0.03836 -0.07195
-0.13444 -0.03642 -0.03180
-0.09247 -0.03844 -0.04753
-0.07113 -0.03947 -0.08000
-0.18865 -0.03381 -0.01456
-0.18032 -0.03421 -0.01003
-0.21063 -0.03275 -0.01788
-0.15418 -0.03547 -0.01432
-0.24133 -0.13216 -0.15673
0.01538 0.00288 -0.01121
-0.12908 0.05873 -0.12513
-0.24948 0.01405 -0.16810
0.20683 -0.05590 -0.09092
0.20814 -0.05359 -0.10834
0.32731 0.06751 0.03646
-0.15555 0.08840 0.04709
-0.26185 0.03896 -0.11167
-0.39441 0.04571 -0.11167
-0.33398 0.01830 -0.11167
-0.18618 0.04582 -0.11167
-0.34413 0.03895 -0.11167
-0.13980 0.04439 -0.11167
-0.31882 0.03750 -0.11167
-0.26515 0.02383 -0.11167
-0.25851 0.02219 -0.11167
-0.23864 0.03768 -0.11167
-0.31022 0.04181 -0.11167
-0.29611 0.04946 -0.11167
-0.27175 0.03964 -0.11167
-0.37790 0.03540 -0.11167
-0.40189 0.01627 -0.11167
-0.37547 0.00672 -0.11167
-0.28779 0.01829 -0.11167
-0.29340 0.01057 -0.11167
-0.31590 0.01143 -0.11167
-0.19721 0.03292 -0.11167
-0.40037 0.04150 -0.11167
-0.40996 0.05327 -0.11167
-0.28946 0.02590 -0.11167
-0.21949 -0.12747 -0.13559
-0.42916 -0.04108 -0.02857
0.05139 -0.00281 0.08972
-0.27812 -0.04534 0.13535
-0.42200 0.01060 -0.06395
-0.42076 0.03622 -0.01007
-0.42256 -0.00111 -0.07271
-0.42137 0.02364 -0.01259
-0.10331 -0.11818 -0.15114
0.14699 -0.09313 0.13359
0.20717 0.06884 -0.09809
-0.26208 -0.08538 0.16306
-0.08929 0.07779 -0.07370
0.24547 -0.02007 -0.08409
-0.16386 -0.10236 -0.15798
0.41146 -0.05606 0.04630
-0.23967 -0.10558 -0.15161
-0.27971 -0.14410 0.15266
-0.01496 0.02314 0.15782
-0.25318 -0.03232 -0.14135
-0.29103 -0.11288 -0.17026
0.21839 0.05815 0.10966
0.37455 0.05989 -0.00823
0.03584 -0.07522 -0.14865
0.00691 -0.06458 -0.15283
-0.20785 -0.10491 0.13616
-0.24118 0.06911 0.07567
-0.20405 -0.05728 -0.08336
-0.27920 -0.05366 -0.07754
0.00271 -0.06724 -0.10784
-0.20350 -0.05730 -0.09724
-0.22101 -0.05646 -0.09230
-0.06105 -0.06417 -0.10797
-0.11938 -0.06136 -0.10954
-0.09086 -0.06273 -0.09233
0.06734 -0.07035 -0.10614
-0.14312 -0.06021 -0.11061
-0.29824 0.09195 0.04236
0.02125 0.14872 -0.07861
-0.21934 -0.06879 -0.16493
0.05893 0.06562 0.14075
-0.01735 0.11783 0.13521
-0.22878 -0.11661 0.15247
