-0.17853 -0.11705 0.11549
0.37138 -0.05684 0.14787
0.00667 -0.11424 -0.15571
-0.03381 -0.11404 -0.15587
0.04380 -0.11241 -0.15718
0.01791 -0.11384 -0.15603
0.02545 -0.11956 -0.15144
-0.00418 -0.11423 -0.15572
-0.30178 -0.05011 0.03023
-0.15824 -0.05326 -0.02171
-0.41866 -0.03487 0.01718
0.04057 0.03759 -0.02341
-0.16361 -0.09826 0.01175
-0.25567 -0.05638 0.14808
-0.16238 -0.06684 -0.02570
-0.11170 -0.06980 -0.16860
-0.10442 -0.08203 -0.16568
0.30023 -0.08674 0.16623
-0.26561 -0.03821 -0.17325
-0.06854 -0.03370 -0.03652
0.11740 -0.10617 0.10972
0.12358 -0.10544 0.11793
0.11536 -0.10541 0.12145
-0.16711 -0.07342 -0.01482
0.12233 -0.03571 0.11307
-0.28027 -0.06145 -0.11525
-0.25232 -0.02517 -0.15480
-0.27873 -0.05295 0.16953
-0.29293 -0.04903 -0.02570
-0.05072 -0.09670 0.04484
0.21937 -0.08975 0.16103
0.13329 -0.04131 0.16204
0.12267 -0.02339 0.16204
0.04330 -0.10382 -0.02855
-0.19690 -0.12989 0.14388
-0.13208 -0.04183 0.02895
-0.24386 -0.01662 0.11331
0.00057 -0.08619 0.02680
0.17188 -0.07289 -0.13502
0.01655 0.04124 0.01820
-0.14140 -0.06009 0.01431
0.28913 -0.06695 0.14669
-0.05222 -0.09753 0.06461
0.16267 -0.04602 -0.09186
0.16031 -0.04230 -0.11905
0.18699 -0.13297 -0.13758
0.25172 -0.05281 0.11116
0.30396 -0.03316 0.16151
-0.16378 -0.11026 0.17413
-0.14053 -0.10868 0.17498
-0.13677 -0.11398 0.16287
-0.13156 -0.11067 0.16958
0.38031 -0.11185 0.15003
0.37689 -0.11558 0.14914
-0.08884 0.01694 -0.12181
-0.24352 -0.07646 0.03758
-0.38075 -0.08371 -0.11128
-0.37838 -0.08961 -0.11121
-0.40886 -0.08805 -0.11204
-0.36551 -0.09204 -0.11085
0.25469 -0.13223 -0.13051
-0.06146 -0.04641 -0.07556
0.12339 -0.01742 -0.12440
0.38818 -0.07531 -0.12156
-0.14182 -0.06513 0.05178
0.16824 -0.07119 -0.00673
0.02458 -0.10218 0.01972
-0.18851 -0.08892 -0.11805
-0.14295 -0.07085 0.03944
0.15346 -0.01780 -0.15476
0.29840 -0.10891 -0.12358
-0.16731 -0.05987 0.01112
-0.17142 -0.10679 0.16784
-0.02745 -0.10601 -0.00468
-0.06100 -0.10595 -0.00466
0.09738 -0.10619 -0.00708
-0.23810 -0.08165 0.03323
0.42547 -0.11502 0.05553
0.43025 -0.11555 -0.00528
0.00441 -0.08526 -0.10305
-0.13159 0.02453 -0.10975
-0.25885 -0.10004 0.16412
-0.17074 -0.06048 0.00493
-0.06300 -0.08351 0.09860
-0.22120 -0.06739 0.14770
0.28554 -0.12700 0.14560
-0.20924 -0.04974 -0.10864
0.25478 -0.13215 0.13984
-0.26618 -0.05481 0.02979
-0.16174 -0.05553 -0.02464
-0.18425 -0.07025 0.03852
0.23246 -0.05857 -0.15586
-0.21109 -0.10059 0.16197
0.15348 -0.09476 -0.16488
0.38046 -0.10419 0.15166
-0.07233 -0.01620 0.08395
0.31726 -0.11274 0.15431
0.19617 -0.11208 -0.15132
0.01324 -0.11062 -0.01818
0.17970 -0.09743 -0.11431
-0.08577 -0.00057 0.05870
-0.30803 -0.07741 -0.02085
0.15602 -0.06241 -0.12567
0.34268 -0.08880 0.15521
-0.20881 -0.03845 0.16909
-0.04226 0.01521 -0.12430
-0.09478 0.02140 0.08686
-0.23622 -0.05638 0.16084
-0.23261 -0.05432 -0.11694
0.33708 -0.09544 -0.15560
-0.27414 -0.04642 -0.00674
0.41829 -0.09290 -0.06844
-0.01269 -0.08984 0.02627
-0.11151 -0.06502 0.02827
0.25879 -0.12844 0.11706
-0.16322 0.02506 -0.09909
0.01658 0.01803 -0.11631
-0.19710 -0.05891 0.16999
-0.24156 -0.09169 0.02615
-0.06166 -0.08712 0.03544
0.34485 -0.04924 -0.14895
-0.19520 -0.06641 -0.11933
0.21882 -0.05877 -0.15554
-0.09254 0.02249 0.07197
-0.24434 -0.11029 0.16510
-0.05088 -0.10428 0.03809
-0.08303 0.00192 -0.04912
0.18329 -0.01742 -0.11971
0.01210 -0.08906 -0.04075
-0.29754 -0.06599 -0.15866
-0.11330 -0.06206 0.00010
0.07849 -0.08455 -0.16204
0.05496 -0.07249 -0.16204
-0.00752 -0.04181 -0.16204
-0.02213 -0.04342 -0.16204
0.01315 -0.08455 0.10054
0.03368 -0.10623 0.02288
-0.06719 0.04167 -0.08616
0.14038 -0.04005 -0.12561
0.07184 -0.07375 -0.16204
-0.15927 0.03673 0.06974
-0.25522 -0.09572 -0.16510
-0.23090 -0.13422 0.16239
0.31674 -0.02751 -0.02127
0.31310 -0.02731 -0.00735
-0.20626 -0.09369 0.11800
-0.06457 -0.06337 0.11433
-0.42299 -0.05791 -0.04865
0.29240 -0.08563 -0.13551
-0.08661 -0.01219 -0.08306
0.09276 -0.06845 0.00684
0.22699 -0.07461 0.16103
-0.16960 -0.01594 -0.15444
-0.08667 -0.00136 -0.06861
0.07227 -0.02805 0.08577
-0.06462 -0.02662 -0.01972
-0.04754 -0.10804 -0.08296
-0.20516 -0.05752 0.01326
-0.28941 -0.05061 0.17091
-0.15819 0.03794 -0.05601
-0.02956 0.03991 -0.10133
-0.04801 -0.07234 -0.04134
-0.28950 -0.08074 -0.01979
-0.23246 -0.04247 -0.11933
-0.28993 -0.05518 0.13984
0.23406 -0.13783 0.13122
-0.22422 -0.13106 -0.15003
-0.19110 -0.07519 -0.02341
0.02804 -0.08545 -0.07613
0.19869 -0.07560 0.12451
-0.04482 -0.04464 0.16204
-0.25137 -0.13385 0.15519
0.27181 -0.08003 -0.16491
0.24393 -0.05970 0.13846
0.03530 -0.10127 0.02493
0.21540 -0.13008 -0.14045
0.22567 -0.03474 -0.16683
0.40828 -0.09027 -0.07700
0.25229 -0.04000 0.14622
-0.29909 -0.06944 0.16336
0.04407 -0.06370 0.16204
-0.03861 -0.03706 0.16204
-0.01870 -0.04093 0.16204
-0.00228 -0.04091 0.16204
-0.20805 -0.09942 0.15512
-0.10855 -0.05617 0.01600
-0.20590 -0.08767 0.13856
-0.35485 -0.10485 0.12963
-0.04547 0.03650 0.10912
-0.08621 0.01474 0.05369
0.39762 -0.09286 0.13947
0.22587 -0.03786 -0.13642
-0.31441 -0.06996 -0.02588
-0.23393 -0.07154 -0.16197
-0.06951 -0.01059 -0.00466
-0.14754 -0.11928 -0.15145
0.24033 -0.13701 -0.14600
-0.32038 -0.08219 0.03289
-0.20279 -0.07576 0.03513
-0.07793 -0.01321 0.05129
0.34244 -0.03206 -0.04625
-0.13096 -0.09994 -0.00023
-0.25790 -0.14959 0.11525
-0.29245 -0.08496 0.00149
-0.13679 0.04119 -0.02056
-0.12390 0.04241 0.00487
-0.13544 0.04132 -0.02544
-0.33465 -0.10339 0.14163
-0.33617 -0.09584 0.14132
-0.32780 -0.05155 0.14305
-0.28800 -0.11346 0.11570
-0.32900 -0.08904 -0.14280
-0.33956 -0.03793 -0.14062
-0.33172 -0.06392 -0.14224
-0.18513 -0.08622 0.17178
-0.17997 -0.07741 0.16237
-0.06853 -0.02592 -0.07542
0.38978 -0.06296 0.12018
-0.19513 -0.12474 0.11800
-0.26721 -0.12781 -0.15169
-0.20170 0.00044 0.11066
-0.24077 -0.04446 -0.01203
0.32839 -0.03167 0.13958
-0.26839 -0.05261 -0.00528
0.25501 -0.06623 0.16416
-0.20429 -0.04089 0.04460
-0.26700 -0.06884 0.03475
-0.26700 -0.06167 0.03534
-0.26096 -0.07032 -0.10732
-0.27353 -0.05040 -0.10877
-0.26307 -0.06523 -0.10765
-0.13178 -0.07409 0.04197
0.15189 -0.01094 -0.08719
0.03282 -0.10770 -0.01504
0.02232 -0.10095 0.10938
0.17976 -0.08689 0.11212
0.20885 -0.09749 0.11031
0.21623 -0.09121 0.11002
-0.28226 -0.03778 -0.16331
0.27363 -0.08576 -0.14561
0.07695 -0.02297 0.00838
0.24668 -0.05776 0.15106
-0.27950 -0.04719 -0.12154
0.17588 -0.11030 0.13644
-0.32316 -0.10128 0.14389
-0.21294 -0.13023 -0.11525
-0.20876 -0.06369 0.03967
-0.31863 -0.04903 0.03564
-0.05402 -0.09055 -0.01428
0.25822 -0.06383 0.14766
0.18034 -0.07100 -0.12560
0.07609 -0.03857 -0.00237
0.24271 -0.09191 -0.13352
-0.27470 -0.05736 0.04857
0.11027 -0.02628 0.13230
0.12477 -0.03534 0.13231
0.03689 -0.10651 -0.16689
0.02517 -0.10655 -0.16724
-0.06213 0.04029 0.09998
-0.27791 -0.07556 -0.15379
-0.05311 -0.06298 -0.04754
-0.22168 -0.12910 -0.16378
0.08765 -0.04187 0.00605
0.08765 -0.04120 0.01276
-0.20652 0.00338 -0.10583
-0.13609 0.04096 -0.05731
0.24673 -0.06791 -0.16416
-0.04749 -0.10647 -0.07743
-0.29277 -0.04427 -0.11531
-0.28775 -0.02129 -0.10482
-0.29058 -0.03593 -0.10842
-0.29232 -0.02124 -0.14297
-0.31549 -0.04376 0.14528
-0.31353 -0.04943 0.14563
-0.31795 -0.02831 0.14483
-0.09809 0.01054 0.04966
-0.18157 -0.05213 0.02710
-0.07020 0.04044 0.09796
-0.28039 -0.03046 -0.15314
0.03865 -0.10596 0.06088
0.13716 0.00289 0.00758
0.17129 -0.01048 0.00206
0.01236 -0.10282 0.01959
-0.24450 -0.06813 0.04110
0.03386 -0.09246 0.02139
-0.20858 -0.11273 0.15070
-0.20043 -0.02129 0.15955
-0.25026 -0.03936 0.03540
0.37533 -0.04259 0.00775
0.00510 -0.09003 0.06308
-0.20993 -0.06377 0.11525
-0.42299 -0.05512 -0.07086
0.03841 -0.08653 -0.03135
0.24795 -0.03255 -0.16406
-0.13281 -0.08059 0.02636
0.28153 -0.09195 -0.10727
-0.22914 -0.07430 0.03847
0.00887 -0.08994 -0.05781
-0.42250 -0.04529 -0.07565
-0.11106 -0.06845 0.03873
-0.30386 -0.03572 -0.00027
-0.28366 -0.12391 0.11525
0.11488 -0.00850 -0.11737
-0.24746 -0.15595 0.14510
-0.23968 -0.05592 -0.15559
0.07263 0.02479 0.06456
0.11976 0.00517 0.06670
-0.01567 -0.09588 -0.10292
0.13934 -0.01987 0.08605
0.15130 -0.01870 0.10087
0.13180 -0.02026 0.05060
0.12739 -0.02058 0.03701
0.15495 -0.01816 0.09125
0.13417 -0.01966 0.02637
-0.21974 -0.07586 0.16510
-0.09007 -0.01206 0.09363
0.26270 -0.04182 -0.15003
0.26554 -0.04308 -0.16087
0.01256 -0.06520 -0.16204
0.07218 -0.03412 0.02932
0.05716 0.03430 -0.00146
-0.09576 0.00341 0.07238
0.17506 -0.08926 -0.13911
0.09846 -0.03857 -0.12588
0.26282 -0.12598 0.12413
0.21911 -0.06173 -0.16406
-0.04731 -0.10634 0.16217
0.17608 0.06564 -0.13285
-0.24269 -0.03681 -0.15407
-0.32202 -0.04585 0.01873
-0.00874 -0.09312 -0.05632
-0.01659 -0.09408 -0.05985
-0.12848 0.04055 0.07722
0.19658 -0.14281 -0.13399
-0.09528 -0.06158 0.15442
0.29568 -0.07808 -0.11233
-0.09603 0.00418 0.08081
-0.08895 -0.02036 0.16076
-0.30041 -0.05504 0.02249
-0.43041 -0.06867 -0.09139
-0.43041 -0.08070 -0.11088
-0.43041 -0.07480 -0.08066
-0.43041 -0.07852 -0.10354
-0.43041 -0.07181 -0.05776
-0.43041 -0.08410 -0.06878
-0.43041 -0.09067 -0.10132
0.27404 -0.10498 -0.16331
0.21377 -0.06753 -0.16416
-0.24704 -0.07286 -0.01885
-0.04365 -0.09757 -0.03875
0.39528 -0.05544 0.06337
-0.24688 -0.15602 -0.16239
-0.00961 0.04347 -0.03681
-0.21008 -0.04895 -0.12865
-0.20183 -0.05878 0.05910
-0.17273 -0.05835 0.05857
0.27289 -0.02754 -0.11491
0.13025 -0.10386 0.01899
0.29267 -0.08766 0.16263
-0.13425 0.03490 0.09758
-0.37577 -0.10562 0.03016
-0.33435 -0.11514 -0.09812
-0.34764 -0.11208 -0.06875
-0.37696 -0.10534 0.01423
-0.37962 -0.10473 -0.05246
-0.38187 -0.10421 -0.03255
-0.36663 -0.10772 -0.03729
-0.35568 -0.11023 -0.08417
-0.40306 -0.09934 -0.10552
-0.37994 -0.10466 -0.09280
-0.37832 -0.10503 -0.07770
-0.40088 -0.09984 0.06816
-0.40274 -0.09942 0.05996
-0.37577 -0.10562 -0.03139
-0.40392 -0.09915 0.04060
-0.38699 -0.10304 0.03823
-0.38971 -0.10241 0.04652
-0.37224 -0.10643 -0.05860
-0.40763 -0.09829 0.00403
-0.40645 -0.09856 -0.03045
-0.39315 -0.10162 -0.10951
-0.39817 -0.10047 -0.10652
-0.34871 -0.11184 -0.06227
-0.34296 -0.11316 -0.08321
-0.36679 -0.10768 -0.00520
-0.40575 -0.09872 0.01402
-0.38794 -0.10282 0.02352
-0.38168 -0.10426 0.02037
-0.36081 -0.10905 -0.08686
-0.32358 -0.11761 -0.09066
-0.24879 -0.05352 0.10786
-0.21734 -0.08653 0.10490
-0.27634 -0.12369 0.16092
0.23633 -0.08700 0.14021
0.34615 -0.04312 -0.14704
-0.22046 -0.06437 -0.14005
0.29598 -0.08345 0.15130
0.33099 -0.03971 0.12147
0.12886 -0.07223 -0.16204
0.12511 -0.05430 -0.16204
0.12932 -0.04190 -0.16204
0.17913 -0.11435 0.16620
-0.22792 -0.05955 -0.14066
-0.32876 -0.11286 0.10544
-0.35009 -0.11151 0.10573
-0.26295 -0.03750 0.17107
-0.18012 -0.05966 0.00081
0.01164 -0.08825 0.07175
0.01433 -0.08752 0.06770
-0.29040 -0.06982 0.11525
-0.23724 -0.06646 0.04807
-0.26392 -0.05047 0.03904
-0.09536 -0.02042 0.15741
0.14456 -0.04519 0.00785
-0.24710 -0.05452 -0.11876
0.11399 -0.04193 0.08789
0.09881 -0.04193 0.09336
0.12436 -0.04193 0.05579
0.09794 -0.04193 0.06023
0.09960 -0.04193 -0.06268
0.11401 -0.04193 0.07239
0.09608 -0.04193 0.06984
0.08895 -0.04193 -0.02086
0.12177 -0.04193 0.12328
0.11679 -0.04193 0.11659
0.09099 -0.04193 -0.08429
0.11667 -0.04193 0.10662
0.10926 -0.04193 0.08610
0.09465 -0.04193 -0.02527
0.12151 -0.04193 0.09078
0.09012 -0.04193 -0.03834
0.10536 -0.04193 0.03065
0.09124 -0.04193 0.05583
0.08865 -0.04193 0.09100
-0.26682 -0.06636 -0.00225
0.07125 -0.02692 -0.02640
0.11271 -0.05998 -0.16204
0.09698 -0.02947 -0.16204
-0.36361 -0.10168 -0.11273
-0.37557 -0.10062 -0.11672
0.27042 -0.07342 0.16628
0.16622 -0.09977 0.04540
0.16668 -0.09018 -0.05035
0.16605 -0.10319 0.09792
0.16663 -0.09119 0.03007
-0.28048 -0.09960 -0.16197
0.27109 -0.04706 0.15459
0.00888 -0.07983 0.02521
0.30882 -0.02720 -0.06878
-0.20272 -0.05507 0.14793
0.26620 -0.11704 0.12786
0.23949 -0.05910 -0.14679
0.22173 -0.04865 -0.16859
0.28630 -0.12548 0.16327
0.27351 -0.13712 -0.11839
-0.22256 0.00474 0.09317
0.13490 -0.10726 -0.16760
-0.24508 -0.04491 -0.16953
-0.13268 -0.06289 0.00199
-0.05642 0.04067 0.09639
0.01307 -0.02293 -0.15513
-0.27866 -0.04351 -0.02094
-0.22639 -0.02717 -0.16194
-0.19590 -0.02353 -0.16448
-0.30489 -0.07505 0.16251
-0.15406 0.03855 -0.06088
0.20939 -0.03839 0.14050
-0.24347 -0.08074 -0.00507
-0.29081 -0.05652 0.00162
0.26575 -0.06307 -0.10999
-0.21590 -0.05499 0.05447
0.19660 -0.14283 0.15423
0.06627 -0.10702 0.16480
-0.08362 -0.11636 0.15706
-0.05111 -0.11487 0.15782
-0.07400 -0.11372 0.16100
-0.09155 -0.11344 0.16241
-0.00156 -0.11037 0.16278
-0.24083 -0.02845 -0.16166
-0.19874 -0.05617 0.16602
-0.04721 -0.05194 0.01957
-0.32202 -0.05647 0.04434
-0.10955 -0.05851 0.02657
0.03626 -0.10624 -0.09859
-0.18619 -0.09728 0.16355
0.37772 -0.09805 0.15255
-0.20335 -0.00601 -0.11624
-0.16409 0.01610 -0.10791
0.23599 -0.08903 -0.16416
-0.42589 -0.06620 -0.11315
-0.42765 -0.06656 0.00650
0.27510 -0.09638 -0.16061
-0.26483 -0.06299 0.13755
0.23494 -0.11085 0.16103
-0.21752 -0.07093 0.16184
-0.19242 -0.07444 -0.11796
-0.19496 -0.12735 -0.13699
-0.25295 -0.07134 -0.02526
0.02122 0.04080 -0.01814
-0.08946 -0.03746 -0.16204
-0.22325 -0.04356 -0.01023
-0.19214 -0.07100 0.15258
-0.29430 -0.07621 0.11525
-0.25426 -0.05619 0.16247
-0.25026 -0.10519 0.14836
-0.32646 -0.01788 0.04444
0.17295 -0.07018 0.00780
0.17680 -0.06457 -0.02232
0.17759 -0.06342 0.06507
0.17566 -0.06624 -0.00022
0.17789 -0.06299 0.03619
-0.23714 -0.13341 0.12600
-0.25799 -0.05708 0.15668
0.37771 -0.09131 0.15286
0.25273 -0.02273 -0.11674
-0.19738 -0.08727 0.11525
-0.03149 -0.08182 -0.01363
-0.29415 -0.12312 -0.16940
0.08681 -0.00934 0.08108
0.02673 -0.08590 0.11104
-0.24465 -0.05810 0.11800
0.24479 -0.12049 -0.08045
0.22061 -0.12049 -0.02386
0.20247 -0.12049 -0.07404
0.24244 -0.12049 -0.05380
0.23512 -0.12049 -0.09861
0.21520 -0.12049 -0.09469
0.18199 -0.12049 -0.09092
0.20025 -0.12049 -0.02075
0.24832 -0.12049 -0.05863
0.17972 -0.12049 -0.06070
0.22322 -0.12049 -0.06027
0.26570 -0.12049 -0.06579
0.28033 -0.12049 -0.10346
0.25849 -0.12049 -0.04249
0.17361 -0.12049 0.00972
0.18344 -0.12049 0.01363
0.16750 -0.12049 0.00537
0.21873 -0.12049 0.01408
0.23195 -0.12049 -0.07869
0.20238 -0.12049 -0.05731
0.20916 -0.12049 0.00695
0.22357 -0.12049 -0.05284
0.21341 -0.12049 -0.03372
0.20106 -0.12049 0.00475
0.26459 -0.12049 -0.05524
0.19052 -0.12049 -0.05629
0.18718 -0.12049 0.04229
0.16835 -0.12049 0.02073
0.21072 -0.12049 0.02147
0.19790 -0.12049 -0.06650
0.16904 -0.12049 0.09150
0.18879 -0.12049 -0.08970
0.14152 -0.00077 -0.03911
0.11554 0.00978 -0.03815
0.19585 -0.08203 -0.15090
0.15974 -0.04683 -0.12560
0.28277 -0.13060 -0.13300
-0.07683 -0.00773 0.02946
0.04571 0.03684 -0.00166
0.07923 0.02297 0.05554
-0.20247 -0.04986 -0.11200
-0.27125 -0.12829 0.15323
-0.27680 -0.06389 0.04456
-0.15408 0.03702 -0.07609
-0.22440 -0.03700 -0.17514
-0.28376 -0.11161 0.14457
-0.04643 -0.06839 -0.09157
-0.02328 -0.09448 0.03241
-0.03007 -0.09531 0.04424
-0.04727 -0.09742 0.04994
-0.02667 -0.09489 0.04107
0.11503 -0.00637 -0.18835
0.33854 -0.05592 -0.14444
0.10252 -0.04272 0.16204
0.09570 -0.04776 0.16204
0.09391 -0.04063 0.16204
0.32129 -0.03845 0.15850
0.19337 -0.11916 0.11431
-0.17853 -0.11392 -0.14112
-0.05074 -0.09818 0.08056
-0.24956 -0.05558 -0.14518
-0.18772 -0.09128 0.17961
0.17125 -0.07475 0.15432
-0.16942 -0.04595 -0.17962
-0.18931 -0.07508 -0.18152
-0.12734 -0.05920 0.01963
-0.21162 -0.04947 0.00083
-0.11849 -0.04947 0.00919
-0.29254 -0.04947 0.00148
-0.22063 -0.04947 0.00590
-0.20525 -0.04947 0.00013
0.03326 -0.02312 -0.15532
-0.12217 -0.04264 0.02815
0.25239 -0.13323 -0.11893
-0.16979 -0.08112 0.16334
-0.17530 -0.09598 0.17143
-0.22547 -0.15205 0.15528
0.09458 -0.01742 -0.13139
0.26327 -0.09593 0.16416
0.33140 -0.03137 0.08422
-0.15442 -0.11485 -0.16296
-0.11893 -0.10879 -0.17228
-0.15958 -0.11088 -0.17228
-0.10548 -0.04678 -0.02805
-0.12425 -0.05960 0.00311
0.01020 -0.08813 0.02937
-0.23949 -0.08874 0.15089
-0.29594 -0.09054 0.02570
0.22070 -0.02550 -0.11445
0.25699 -0.04310 -0.11747
0.32806 -0.02835 -0.04132
-0.27029 -0.11642 0.16510
0.26907 -0.07537 -0.12943
0.07604 -0.02469 -0.12514
-0.32582 -0.09540 0.10976
-0.35251 -0.08282 0.11051
-0.31889 -0.10205 0.10955
-0.18719 -0.09826 0.00092
0.02644 0.04001 0.04327
-0.07826 -0.11749 -0.15390
-0.03003 -0.10791 -0.16480
-0.06810 -0.11639 -0.15463
0.35468 -0.07279 0.11182
0.34235 -0.08051 0.11199
-0.25677 -0.06052 0.05218
0.32346 -0.06935 -0.10921
-0.21774 -0.07046 -0.11800
-0.22301 -0.04176 0.03296
-0.15214 -0.05936 -0.03302
0.01096 -0.05871 -0.16204
-0.20846 -0.08007 0.14364
0.20270 -0.12297 0.14270
-0.30428 -0.10796 0.15990
0.25229 -0.07512 0.16103
-0.23225 -0.03263 0.16229
-0.26482 -0.06371 0.16510
0.17138 -0.01742 -0.13832
-0.15426 -0.06817 0.03959
-0.22083 -0.03862 0.17631
-0.29459 -0.06818 0.03728
0.20352 -0.01864 -0.05575
0.19455 -0.01789 -0.05847
0.23957 -0.02164 -0.06432
0.19269 -0.01774 -0.06855
0.21897 -0.01992 -0.07710
0.19980 -0.01833 -0.03731
0.29052 -0.02587 -0.02430
0.19835 -0.01821 -0.01086
0.24251 -0.02188 -0.01502
0.24016 -0.02169 -0.05109
0.19417 -0.01786 -0.04782
0.20991 -0.01917 -0.02890
0.22310 -0.02027 -0.01231
0.21143 -0.01930 -0.08040
0.23653 -0.02138 -0.02247
0.21645 -0.01971 -0.05349
-0.28564 -0.08547 0.13592
0.22662 -0.10335 0.15427
0.24869 -0.13476 -0.15107
0.27142 -0.09023 0.13971
-0.25970 -0.05328 -0.00126
0.11237 -0.08099 -0.16204
0.40967 -0.09067 0.07649
0.21220 -0.06193 0.16189
-0.25340 -0.10095 -0.16510
-0.15641 -0.05182 0.00217
-0.20924 -0.05680 0.00825
-0.22346 -0.05466 0.00563
-0.16093 -0.05529 0.00640
-0.28751 -0.07634 0.03456
-0.21890 -0.06556 0.15792
-0.24855 -0.03596 -0.16820
0.41200 -0.08469 0.01894
-0.26957 -0.06648 -0.03903
-0.28626 -0.08987 -0.14519
-0.23803 -0.04794 0.03622
0.25596 -0.09833 0.10776
0.22219 -0.08100 0.11002
0.22505 -0.08691 0.10967
0.20731 -0.08003 0.11078
0.27796 -0.05648 -0.12641
-0.22718 -0.05826 0.05429
-0.16041 -0.06614 -0.03718
0.26980 -0.02244 0.13685
-0.25586 -0.09667 0.15351
-0.21708 -0.05994 0.01987
0.20418 -0.04475 0.14848
0.11639 -0.00852 0.19252
0.32226 -0.05578 0.11164
0.37996 -0.09782 -0.15106
0.15230 -0.01844 0.14972
-0.18100 -0.05945 -0.16424
-0.18052 -0.10171 -0.16336
0.24080 -0.05640 -0.15755
0.03097 -0.08583 0.09164
-0.17998 -0.10162 0.01948
-0.31559 -0.10162 0.01940
-0.27265 -0.10162 0.01986
-0.30572 -0.10162 0.01661
-0.23313 -0.06047 0.15947
-0.05909 -0.02734 -0.00943
-0.11507 -0.05362 0.02822
0.26382 -0.12482 -0.15211
-0.31693 -0.05739 0.00375
-0.25616 -0.12957 0.16197
0.40579 -0.07329 -0.07517
0.01695 -0.11051 0.10321
-0.23844 -0.03473 -0.13386
-0.00541 -0.09207 0.06229
-0.20185 -0.01511 0.13489
-0.08246 0.00272 0.06954
-0.29249 -0.05834 0.01531
0.39322 -0.08880 -0.04711
0.39735 -0.08880 0.00656
0.40759 -0.08880 -0.03045
0.39732 -0.08880 0.05906
0.40534 -0.08880 -0.03521
-0.25119 -0.14718 -0.16953
-0.29594 -0.08012 -0.01192
-0.24313 -0.10582 0.15613
-0.03688 -0.09657 -0.04252
-0.02977 -0.09569 -0.07064
-0.03806 -0.09671 -0.05697
-0.24391 -0.13717 -0.13353
0.26309 -0.08036 0.16315
-0.11000 -0.06585 -0.01186
0.19375 -0.08947 0.13469
-0.23651 -0.03678 0.15983
0.19985 -0.11354 0.13736
0.16590 -0.11535 0.03626
0.16590 -0.11511 -0.01134
0.16590 -0.11727 0.05742
0.16590 -0.11899 -0.07108
0.09148 -0.01118 0.07074
-0.32555 -0.10501 0.14562
-0.19123 -0.04526 -0.01106
0.06911 -0.03647 -0.07539
-0.00862 -0.10952 -0.09699
-0.21883 -0.06362 -0.00180
-0.21167 -0.05766 0.03165
-0.28680 -0.09391 0.12996
0.01803 0.04107 -0.02167
-0.05658 -0.09336 -0.04563
-0.06218 -0.07785 -0.03817
-0.22983 -0.05876 0.15605
-0.10675 -0.05969 0.06210
-0.17619 0.03239 0.07167
0.24339 -0.09169 -0.16103
0.10072 -0.10633 -0.01674
0.09506 -0.10633 -0.12114
0.09529 -0.10633 0.01654
0.09936 -0.10633 0.03309
0.12313 -0.10633 -0.07936
0.11719 -0.10633 -0.08162
0.10477 -0.10633 -0.05290
0.14078 -0.10633 -0.11999
0.08785 -0.10633 -0.09805
0.10993 -0.10633 -0.00450
0.12048 -0.10633 -0.04848
0.14035 -0.10633 -0.10274
0.08996 -0.10633 0.01784
0.15488 -0.10633 -0.12145
0.09829 -0.10633 0.06003
0.10586 -0.10633 -0.06120
0.08892 -0.10633 -0.12276
0.09537 -0.10633 0.08706
0.12324 -0.10633 -0.06297
0.12511 -0.10633 -0.12379
-0.18835 -0.09454 0.11755
-0.40861 -0.05903 -0.12381
-0.22481 -0.12906 -0.11800
-0.13266 -0.01076 0.13345
0.13879 -0.03935 0.12072
0.14545 -0.03819 0.10981
0.13786 -0.03738 0.10895
0.01677 0.04069 0.05657
-0.27871 -0.11593 -0.16194
0.21053 -0.06680 -0.15355
0.24299 -0.05669 0.14245
0.09352 -0.03690 -0.05951
0.13202 -0.03842 -0.09752
0.10011 -0.03716 -0.01217
0.11562 -0.03777 -0.12544
0.12171 -0.03801 -0.11013
0.09111 -0.03680 -0.03777
0.12139 -0.03800 -0.09997
0.10187 -0.03723 -0.05166
0.09875 -0.03710 -0.04174
0.09041 -0.03677 -0.05266
0.08992 -0.03675 -0.10788
0.09756 -0.03706 0.01276
0.13528 -0.03855 -0.08078
0.11157 -0.03761 -0.06415
0.10912 -0.03751 -0.08704
0.02719 0.02111 -0.11184
-0.42946 -0.09472 -0.00349
-0.13883 0.03902 -0.08228
0.22557 -0.09137 0.15994
0.26215 -0.08683 -0.16103
-0.18079 -0.03853 -0.01759
-0.24947 -0.01509 -0.12166
0.23054 -0.05596 0.15249
0.27459 -0.06931 0.11431
0.33737 -0.10906 0.15349
-0.02482 -0.09140 0.01155
0.34284 -0.03944 0.11988
0.02077 0.04066 -0.03449
-0.25127 -0.04253 0.03195
0.21284 -0.12832 -0.15508
-0.29974 -0.12152 0.14900
-0.21239 -0.10784 -0.16197
0.38745 -0.04800 0.00979
-0.28799 -0.05370 0.15390
-0.18838 -0.06849 -0.16122
-0.20932 -0.04418 0.11621
0.25980 -0.15024 0.15494
-0.08803 -0.00989 0.13718
-0.22658 -0.05483 -0.00371
-0.29084 -0.03412 -0.14724
-0.30492 -0.07229 -0.14939
-0.18680 -0.10190 -0.12651
-0.17698 -0.06915 -0.02476
0.33232 -0.06560 0.10871
0.34973 -0.07052 0.11103
0.34146 -0.06987 0.11022
0.30383 -0.03084 0.12739
-0.41043 -0.08799 0.06674
-0.40965 -0.07932 0.01780
-0.40950 -0.07765 0.09841
-0.40895 -0.07150 -0.01188
-0.40936 -0.07603 0.03901
-0.41013 -0.08463 0.09089
-0.41038 -0.08743 0.08030
-0.40994 -0.08253 0.04416
-0.40971 -0.08002 0.02527
-0.40890 -0.07094 -0.04878
0.05043 -0.05325 0.16204
-0.27062 -0.04223 -0.13548
-0.13865 -0.07765 -0.02083
-0.25999 -0.05177 0.02541
0.35651 -0.05836 -0.13029
0.37489 -0.05949 -0.12448
0.35574 -0.05832 -0.13821
-0.13701 -0.04770 -0.00517
-0.21546 -0.05513 -0.04305
0.30289 -0.02795 -0.14530
-0.25389 -0.05558 0.11889
-0.27797 -0.02461 -0.15142
-0.28217 -0.11544 0.16457
-0.11759 -0.06809 -0.02487
-0.15637 -0.06021 -0.04436
0.23421 -0.13781 -0.14515
-0.30937 -0.04887 0.02693
0.04599 -0.10872 0.16283
-0.27408 -0.02302 0.15193
-0.14967 -0.10183 -0.17838
0.03142 -0.11058 -0.02677
0.02104 -0.11068 -0.06228
0.00999 -0.11079 -0.05488
0.01885 -0.11070 -0.04322
0.01931 -0.11070 -0.06766
0.02224 -0.11067 -0.03145
-0.00581 -0.11094 -0.04610
-0.23924 -0.05303 -0.01608
-0.25551 -0.05615 0.01772
-0.03949 -0.10462 0.02104
0.16571 -0.01742 -0.10469
-0.04149 -0.09325 0.10410
0.10385 -0.06601 -0.00013
0.16290 -0.04563 -0.01572
0.16311 -0.04375 -0.00058
0.16091 -0.04321 -0.06709
0.12198 -0.05859 0.16204
0.11070 -0.04814 0.16204
0.22898 -0.13719 -0.15140
0.22278 -0.05713 0.13370
-0.25587 -0.06804 0.04611
0.27982 -0.05890 0.15378
-0.32202 -0.06742 0.00045
-0.27060 -0.12879 -0.12516
0.19608 -0.07182 0.11496
-0.07904 -0.01358 -0.04917
0.02174 0.04081 -0.01133
-0.08199 0.01270 -0.05990
-0.23702 -0.15498 0.14868
-0.12218 -0.07559 0.03715
0.07840 -0.02397 -0.12118
0.17521 -0.10520 -0.12455
-0.13121 -0.09677 -0.00624
-0.09598 -0.10584 0.16204
-0.10695 -0.05493 0.16204
-0.09578 -0.02990 0.16204
-0.15563 -0.05320 0.03103
-0.25973 -0.06784 -0.03280
-0.19616 0.02525 -0.05883
-0.13595 -0.07419 0.03801
-0.07227 -0.06162 0.06430
-0.08618 -0.02451 0.05925
-0.01991 -0.11096 0.10061
-0.23260 -0.07421 -0.02165
-0.24395 -0.10599 -0.14906
-0.08232 -0.00961 0.01899
-0.21019 -0.04840 -0.18087
-0.19947 -0.03755 -0.17983
0.20140 -0.07570 -0.16416
-0.18606 -0.05578 0.02274
0.12656 -0.03262 -0.06374
0.12032 -0.03149 -0.07330
0.12105 -0.03036 -0.05698
0.09267 -0.02653 -0.11643
0.13584 -0.03575 -0.06697
0.10844 -0.03108 -0.11278
0.12546 -0.03275 -0.06940
0.14304 -0.03456 -0.02572
0.15929 -0.03523 0.02677
0.13997 -0.03289 -0.01703
0.11855 -0.03257 -0.09296
-0.18345 -0.07827 -0.02007
-0.28785 -0.05343 -0.00913
0.37130 -0.05909 0.13398
-0.15665 -0.09644 -0.00679
0.19278 -0.06832 0.16859
0.37986 -0.05527 -0.13359
0.22773 -0.13702 -0.12804
-0.22449 -0.05407 -0.10761
-0.06159 -0.04351 0.16204
-0.08571 -0.02444 0.08655
0.21538 -0.03383 -0.16554
-0.26162 -0.02787 -0.15768
-0.30306 -0.07754 -0.01986
-0.31751 -0.10569 0.15804
-0.05412 0.04134 -0.08975
0.09670 0.01776 0.03246
0.38620 -0.06461 0.11745
-0.41106 -0.03473 0.12311
-0.40821 -0.05007 0.12392
-0.18775 -0.07280 -0.16602
0.40084 -0.10449 -0.14137
0.41037 -0.08919 -0.04495
0.30208 -0.07728 0.16170
0.28425 -0.02507 -0.12035
-0.14952 -0.07455 -0.17830
-0.15539 -0.04686 -0.17880
-0.16053 -0.05333 -0.17923
-0.14425 -0.05525 -0.17786
-0.18383 -0.08365 -0.18120
-0.13285 -0.07957 -0.17689
-0.17838 -0.06774 -0.18074
0.20499 -0.12588 0.13857
0.42518 -0.11931 -0.05629
-0.07437 -0.02183 0.08360
-0.31570 -0.11420 0.11926
-0.09207 -0.00669 0.04095
0.12923 -0.10398 -0.16204
-0.00027 -0.02247 -0.15485
-0.18368 -0.09953 -0.17165
0.12629 -0.01742 0.13820
0.12729 -0.01742 0.13065
0.12165 -0.01742 0.14753
0.02477 -0.10704 0.10748
0.32260 -0.11735 -0.14968
0.22720 -0.04891 -0.11431
0.01739 -0.01742 -0.14684
0.00955 -0.01742 -0.14421
0.02586 -0.01742 -0.14317
0.01425 -0.08448 0.00149
-0.08899 0.01707 0.08850
-0.21643 -0.14831 -0.12354
-0.25583 -0.09293 -0.00923
-0.26554 -0.07563 -0.01646
0.29371 -0.07673 -0.16163
0.20531 -0.12170 0.13436
0.14077 -0.00314 -0.06480
0.16610 -0.01377 -0.06712
0.18264 -0.05607 0.11703
0.18151 -0.05772 0.14306
0.34619 -0.07265 -0.15417
0.35844 -0.07309 -0.15224
0.36344 -0.08813 -0.15146
-0.13708 -0.05844 -0.00086
0.08581 -0.04415 0.16204
-0.32043 -0.06385 -0.03217
-0.17687 0.03404 -0.00477
-0.17797 0.03379 -0.02903
-0.16394 0.03691 0.04065
-0.17312 0.03487 -0.00087
-0.22203 -0.07254 -0.01747
0.30972 -0.09822 -0.16627
0.30655 -0.06327 0.11542
0.30655 -0.04944 0.11832
-0.43025 -0.06794 0.10977
-0.30862 -0.08065 -0.10935
-0.39966 -0.06550 -0.11185
-0.32315 -0.07901 -0.10975
-0.22556 -0.06586 0.16197
0.12687 -0.02223 0.06686
0.26496 -0.11866 -0.15276
0.28060 -0.05038 0.11314
0.24711 -0.09936 -0.16371
0.13788 -0.01931 -0.12268
0.23213 -0.13473 0.14979
-0.02526 -0.10003 0.01414
0.01151 -0.10384 0.01414
0.14862 -0.10472 0.01414
-0.05912 -0.09944 0.01414
0.00468 -0.09470 0.01414
-0.03001 -0.10409 0.01414
0.01600 -0.09712 0.01414
0.08155 -0.10462 0.01414
-0.29702 -0.03250 0.14846
-0.04459 0.03375 -0.11355
0.16590 -0.11139 -0.16034
-0.09074 -0.01176 0.05869
0.20732 -0.14990 0.15481
0.04018 -0.10326 0.09579
0.36571 -0.05515 0.14876
-0.01125 -0.09718 -0.01022
-0.21843 -0.03998 -0.13034
-0.09324 0.01759 0.09251
0.09851 -0.10386 -0.06582
0.09270 -0.10386 0.05226
0.10857 -0.10386 0.07566
0.09879 -0.10386 -0.03574
0.12053 -0.10386 0.03764
0.11458 -0.10386 0.00010
0.11127 -0.10386 0.05646
0.12689 -0.10386 0.06228
0.08918 -0.10386 0.00471
0.10155 -0.10386 -0.01181
0.12600 -0.10386 0.03563
0.10802 -0.10386 0.08427
0.09313 -0.10386 -0.03393
-0.11843 -0.06019 0.00528
0.10473 0.00579 -0.10203
-0.08423 0.00686 0.03831
-0.27964 -0.07841 -0.13056
-0.22243 -0.05203 -0.01169
0.08178 -0.05365 -0.16204
-0.21708 -0.05869 0.03712
-0.21336 -0.03382 -0.00465
-0.26364 -0.15320 0.15858
0.25682 -0.03752 -0.16704
0.22021 -0.13515 0.16371
0.07017 -0.02874 -0.06635
-0.28298 -0.10581 0.14583
-0.24489 -0.05310 0.02551
0.20103 -0.07255 -0.12256
-0.30441 -0.10698 -0.12821
0.25846 -0.03772 0.16650
-0.18993 -0.05778 0.01257
-0.14500 -0.11313 0.15641
-0.12161 -0.04405 -0.01839
0.04339 -0.08943 -0.05551
-0.00834 -0.11077 -0.01807
0.34976 -0.05265 -0.11065
-0.21275 -0.13752 0.11525
-0.18007 -0.11018 0.17596
-0.17812 -0.11243 0.17025
-0.01561 -0.11091 0.02836
-0.20876 -0.11317 -0.15823
-0.19121 -0.11929 0.14578
0.28907 -0.05129 -0.11299
-0.21163 -0.11861 -0.16508
-0.20109 -0.09653 -0.00692
0.04169 -0.09116 0.09827
0.17956 -0.12046 0.16273
-0.21910 -0.10861 0.10407
-0.30131 -0.07625 0.10907
-0.28403 -0.09287 0.10784
0.17601 -0.01624 -0.05469
0.14420 -0.01742 -0.12001
0.15885 -0.00651 -0.02230
0.13883 0.00151 -0.02236
0.04559 -0.01742 0.14826
0.06986 -0.01742 0.14464
-0.03186 -0.01742 0.14717
-0.31067 -0.10358 0.16076
-0.29319 -0.03923 0.14622
-0.29306 -0.03613 0.13237
-0.11132 -0.07207 0.02984
0.03050 -0.11043 0.09692
-0.06676 -0.10700 0.17170
0.38983 -0.08933 0.13042
-0.28387 -0.09351 0.15749
0.19301 -0.09822 0.14403
-0.29242 -0.08612 -0.10841
-0.29751 -0.08268 -0.10875
-0.30415 -0.07405 -0.10926
-0.21318 -0.05836 -0.11525
0.24526 -0.13618 0.15422
0.19992 -0.07964 -0.15302
0.19634 -0.09155 0.16096
0.41860 -0.11206 0.08541
-0.26761 -0.12032 0.16197
-0.20286 -0.11530 0.16953
-0.28046 -0.05029 0.11933
0.42992 -0.11480 -0.01680
0.12471 -0.07962 -0.16204
0.11399 -0.04612 -0.16204
-0.24532 -0.02769 0.15985
0.28036 -0.07106 0.11028
-0.20563 -0.12799 0.11525
-0.31429 -0.05343 0.02568
-0.23126 -0.07834 0.16510
-0.18898 -0.05501 0.04904
-0.05751 -0.06133 0.09140
-0.06092 -0.05545 0.04950
0.33587 -0.03525 -0.10850
0.26480 -0.04549 0.13732
-0.07154 -0.01709 -0.03013
0.33176 -0.05301 0.11144
0.25236 -0.15327 0.11840
-0.21242 -0.11459 0.16422
-0.00208 -0.05566 0.16204
-0.35920 -0.10900 0.11346
-0.18526 -0.07068 -0.13953
-0.18990 -0.05792 0.00262
0.16653 -0.09140 0.16204
-0.27304 -0.06834 0.02862
-0.06069 -0.01274 -0.10393
-0.27114 -0.05719 0.01994
-0.26198 -0.01534 -0.14572
-0.27161 -0.01558 -0.13223
-0.13342 0.04078 -0.06743
-0.25035 -0.00724 0.09374
0.13550 -0.02979 0.06198
0.15979 -0.03347 0.08015
0.13051 -0.02950 0.04374
0.15723 -0.03339 0.06871
0.09680 -0.02360 0.04268
0.29921 -0.02664 -0.12320
0.25287 -0.02299 0.11601
-0.18300 -0.04210 0.17983
-0.20787 -0.04280 0.18040
-0.17662 -0.04124 0.17963
-0.25456 -0.04640 0.11525
-0.24496 -0.08642 -0.15627
-0.27261 -0.03465 -0.16588
-0.14479 -0.01688 -0.16286
-0.41046 -0.03590 -0.08949
-0.40942 -0.04958 -0.05158
-0.40924 -0.05194 -0.00819
-0.40840 -0.06288 -0.10769
-0.41062 -0.03377 -0.08284
-0.40953 -0.04815 0.01185
-0.41029 -0.03812 -0.10009
-0.40889 -0.05655 -0.07131
-0.40879 -0.05777 -0.01942
-0.40923 -0.05209 -0.00045
-0.40920 -0.05237 -0.11005
-0.40939 -0.04989 -0.04163
-0.32008 -0.08301 -0.15234
0.40129 -0.11908 0.13456
-0.28118 -0.07516 0.15319
0.08034 -0.02340 0.06665
0.00564 -0.08062 -0.01677
-0.14968 -0.06211 0.01386
-0.04732 -0.09904 -0.02475
-0.01285 0.04199 -0.07417
-0.21837 -0.09358 -0.00881
-0.10217 0.04067 0.08867
-0.20881 -0.12747 -0.11525
-0.29644 -0.12048 0.16844
0.16729 -0.08650 -0.00165
0.17044 -0.07717 0.04881
0.17071 -0.07637 0.10687
0.16690 -0.08767 0.04773
0.16806 -0.08423 0.10549
-0.15226 0.03896 0.06066
-0.30602 -0.04686 -0.15135
0.17902 -0.11413 -0.10814
0.18540 -0.11831 -0.10582
0.19499 -0.11338 -0.10856
0.09317 -0.02412 0.16162
0.26274 -0.14902 -0.13043
0.39967 -0.09031 -0.10886
0.28781 -0.10848 -0.11839
-0.16812 0.03592 -0.05166
0.04722 -0.09675 -0.04505
0.24605 -0.01992 0.14301
-0.25015 -0.08395 -0.16510
0.18264 -0.01742 -0.11164
-0.07461 -0.01206 -0.04896
-0.23693 -0.10038 0.14873
-0.23727 -0.05944 -0.00057
0.13709 -0.10386 0.06797
-0.21391 -0.05875 0.10729
-0.21952 -0.06079 0.10701
-0.26278 -0.06762 0.10752
-0.24551 -0.07283 0.10659
-0.26325 -0.06150 0.10783
-0.29558 -0.06410 -0.00334
-0.20441 -0.08163 0.11686
-0.27501 -0.04147 0.17208
0.19468 -0.13433 -0.16859
-0.10673 -0.07528 0.00395
-0.23858 -0.05894 -0.13078
-0.30043 -0.02859 -0.14793
-0.32189 -0.05397 -0.03643
-0.31027 -0.09044 -0.11218
-0.26352 -0.05996 0.06177
-0.38242 -0.10476 -0.11444
-0.11350 -0.05864 0.01341
-0.21629 -0.09961 0.10417
-0.23229 -0.09354 0.10513
0.24465 -0.03978 0.11840
-0.27923 -0.07261 -0.13146
0.23946 -0.04121 0.16769
-0.21864 -0.06577 0.14296
-0.27050 -0.05026 0.02723
-0.30625 -0.08156 -0.17030
0.13866 -0.00542 0.08681
0.08387 0.01806 0.08173
0.14057 -0.09202 0.06404
0.30993 -0.06063 0.16069
0.31386 -0.05777 0.15993
0.10490 -0.01931 0.15505
0.19690 -0.01754 0.12073
0.19691 -0.10612 0.14118
0.29964 -0.03722 -0.11432
-0.42522 -0.09600 -0.11698
-0.42370 -0.09629 -0.05716
-0.01005 -0.01621 0.14144
0.26846 -0.02228 -0.14989
0.26715 -0.05555 -0.11431
-0.22521 -0.05986 -0.00187
0.19303 -0.09491 0.16201
0.05238 0.03489 0.02528
-0.18746 -0.08619 0.11933
-0.28939 -0.05652 0.05937
-0.14649 -0.07856 0.03394
-0.31198 -0.09348 -0.00887
-0.04139 -0.07380 -0.01737
0.26867 -0.07883 -0.11706
-0.29202 -0.10504 0.11525
-0.26860 -0.06221 -0.13942
-0.23375 -0.07147 0.04441
0.21869 -0.05882 -0.13838
0.22494 -0.15537 0.14601
-0.36893 -0.02105 0.05461
-0.35985 -0.02024 -0.04112
-0.35893 -0.02016 -0.06823
-0.36824 -0.02099 0.04515
-0.37387 -0.02149 0.10504
-0.36241 -0.02047 0.01439
-0.35804 -0.02008 -0.06358
-0.04526 -0.09616 -0.01095
0.12558 -0.10386 0.07224
-0.19828 -0.02598 0.17241
-0.17825 -0.02223 0.16972
-0.14527 -0.01691 0.16918
-0.21551 -0.04393 -0.02417
-0.08686 0.01123 0.09362
0.30074 -0.02668 0.06258
0.37393 -0.04290 0.04244
0.16590 -0.10722 0.15808
0.39696 -0.05833 -0.07615
-0.32516 -0.09979 0.14867
-0.22655 -0.15119 0.11933
0.18248 -0.05631 -0.12440
0.18318 -0.06674 -0.11209
0.25815 -0.10311 -0.10717
0.22220 -0.07794 -0.10979
-0.11210 -0.04987 0.04091
-0.30860 -0.05661 -0.13781
-0.33659 -0.05874 -0.12917
-0.20100 -0.05626 0.18016
-0.16200 -0.05087 -0.03264
0.24957 -0.13439 0.14860
-0.24339 -0.09520 -0.11800
-0.17272 -0.07770 -0.16106
-0.36391 -0.03832 -0.13529
-0.35709 -0.07650 -0.13687
-0.35864 -0.05395 -0.13651
0.27247 -0.05405 0.16635
0.03562 -0.10257 0.10322
-0.23810 -0.04886 0.02781
-0.21285 -0.12020 0.15048
-0.08214 -0.02526 -0.04051
-0.07570 -0.04241 -0.04183
-0.08065 -0.02967 -0.04581
-0.06418 -0.07370 -0.05062
0.00023 -0.11398 -0.15711
-0.02350 -0.11563 -0.15547
0.22763 -0.15478 0.11759
-0.26883 -0.09101 0.16197
0.28723 -0.02544 0.12017
-0.27606 -0.02055 0.09094
-0.26258 -0.02412 0.10747
-0.27792 -0.02854 0.09726
0.10004 -0.01742 -0.13532
-0.16719 -0.11996 -0.15039
-0.00432 -0.05716 -0.16204
-0.41108 -0.02778 -0.12201
0.25262 -0.05761 0.11650
0.39844 -0.05363 0.01521
-0.22119 -0.05361 -0.11525
0.34370 -0.08778 0.11110
-0.13939 -0.04498 0.03809
-0.28283 -0.11386 -0.12356
0.18890 -0.13546 0.14838
0.04794 0.03448 -0.06135
0.23147 -0.05258 -0.16705
-0.24364 -0.02451 0.15674
-0.13538 -0.04233 0.02145
-0.42467 -0.03687 -0.05379
-0.19127 -0.07385 0.04198
-0.13641 -0.03793 0.17719
-0.15065 -0.07129 0.17840
-0.15022 -0.06461 0.17836
-0.14268 -0.04932 0.17772
-0.16321 -0.06463 0.17946
-0.14427 -0.08734 0.17786
-0.14599 -0.06984 0.17800
-0.30731 -0.07950 0.15018
-0.04087 -0.06739 0.02184
-0.27875 -0.06947 0.04761
-0.27976 -0.14515 -0.13170
0.21769 -0.15419 -0.11859
-0.04099 -0.06081 -0.10665
-0.04588 -0.07634 -0.08112
0.42994 -0.11192 0.01649
-0.42299 -0.06121 -0.06220
0.41201 -0.06557 -0.05152
-0.04755 -0.08973 -0.00793
-0.03951 -0.09789 -0.00793
-0.01398 -0.09309 -0.00793
-0.07862 -0.08494 -0.00793
-0.08248 -0.09298 -0.00793
0.11914 0.00665 -0.05612
0.14732 -0.00534 -0.06071
-0.11071 -0.07067 -0.02312
0.16283 -0.09644 -0.16669
0.23252 -0.01892 0.14453
-0.16642 -0.09430 0.17980
-0.16435 -0.10559 0.17992
-0.39100 -0.02370 0.12657
0.35016 -0.05797 0.13177
0.34392 -0.05759 0.11799
0.35765 -0.05843 0.12337
0.27060 -0.06811 -0.16859
-0.12530 0.03849 0.09189
-0.17648 -0.08687 0.17041
-0.27830 -0.05179 0.05634
-0.17724 -0.05443 0.05917
-0.31860 -0.05145 0.05597
-0.27033 -0.04868 0.05299
-0.27902 -0.05297 0.02281
0.02255 -0.08641 -0.02690
-0.16121 -0.06871 0.04734
-0.06579 -0.01608 0.01351
-0.21792 -0.04179 -0.18031
-0.21755 -0.09564 0.02332
-0.25647 -0.04985 -0.16953
-0.11072 -0.07114 -0.01153
0.01088 0.04053 -0.08041
0.21268 -0.05081 -0.11431
-0.05869 -0.03946 -0.10016
0.00106 0.04189 -0.06654
0.31119 -0.02852 -0.15085
0.22500 -0.03797 0.16257
0.20250 -0.07531 -0.15374
-0.03298 -0.10914 -0.09719
-0.30979 -0.08694 0.12476
-0.13089 0.03783 -0.09126
-0.29526 -0.01631 -0.07986
-0.30030 -0.01656 -0.12527
-0.29373 -0.01624 -0.03748
-0.30000 -0.01655 -0.11482
-0.28598 -0.08771 0.14806
0.06921 -0.02312 0.02059
0.25026 -0.04094 -0.11839
0.03914 0.03823 -0.00738
-0.24912 -0.06075 -0.00070
-0.28404 -0.11092 -0.15916
0.34147 -0.11303 -0.11015
0.34484 -0.10865 -0.11059
0.36028 -0.11033 -0.11259
0.37730 -0.09453 -0.11479
-0.05708 -0.01858 -0.15109
0.42140 -0.12027 -0.07347
-0.15776 -0.05645 0.05625
-0.19926 -0.04599 -0.00727
-0.21778 -0.05511 0.03305
-0.03690 -0.09701 0.10666
-0.31105 -0.10631 -0.16305
-0.30837 -0.08007 0.16692
0.39822 -0.10397 -0.14729
-0.30241 -0.06874 -0.02699
0.10520 -0.02324 0.08498
0.10532 -0.02324 0.09348
-0.16541 -0.10162 0.00648
-0.25561 -0.10162 0.00060
-0.30227 -0.10162 -0.00237
-0.26611 -0.10162 0.00492
0.03961 -0.02248 0.15479
-0.33242 -0.11536 -0.10402
-0.32275 -0.11134 -0.10638
0.21450 -0.02112 0.11582
-0.41827 -0.05167 -0.02374
-0.41827 -0.05131 0.00105
-0.26227 -0.15203 -0.16683
-0.31708 -0.05089 0.02964
-0.25968 -0.05778 -0.12540
-0.07103 -0.02360 0.05775
-0.10016 -0.09818 0.00670
-0.19161 -0.06141 -0.13499
-0.08725 -0.00946 -0.06238
0.27198 -0.02433 -0.10376
0.25897 -0.02325 -0.08860
0.26121 -0.02344 -0.07177
0.23033 -0.02087 -0.10221
0.24917 -0.02243 -0.06745
0.23390 -0.02117 -0.10752
0.26349 -0.02363 -0.08045
0.25387 -0.02283 -0.06319
0.29031 -0.02586 -0.05861
0.25995 -0.02333 -0.10219
0.26889 -0.02407 -0.06741
0.21818 -0.01986 -0.11246
0.05492 0.03420 0.02942
-0.30036 -0.06490 -0.11346
-0.05826 -0.04695 -0.01889
-0.25284 -0.06028 -0.04413
-0.29395 -0.05574 0.05539
0.19994 -0.11937 0.13945
0.03245 -0.10966 0.06537
0.03894 0.01840 0.11085
-0.20729 -0.09994 0.00755
-0.18604 0.00742 -0.10913
-0.15056 0.03143 -0.09706
0.20806 -0.06869 -0.14646
-0.16906 -0.06151 0.04889
0.36865 -0.09010 0.15064
0.19212 -0.02765 -0.08810
0.19208 -0.02750 -0.06826
0.19612 -0.04040 -0.10624
0.19398 -0.03359 -0.11015
0.20099 -0.04161 -0.11253
-0.16238 -0.04710 -0.01209
-0.30621 -0.06279 0.04979
-0.04815 -0.05377 0.11786
0.21920 -0.07103 -0.16103
0.32271 -0.02783 0.02773
-0.30534 -0.09264 0.13042
0.09883 0.00986 -0.09455
0.07966 0.01842 -0.09135
0.35102 -0.09290 -0.15980
0.20142 -0.04682 0.16095
-0.07255 -0.05086 -0.06842
-0.08155 -0.02704 -0.06850
-0.07984 -0.03089 -0.07529
0.30931 -0.04358 -0.13621
0.30816 -0.04358 -0.15810
0.28376 -0.02429 -0.15839
0.24727 -0.03595 0.14267
0.24530 -0.03567 0.13717
-0.04186 -0.08618 0.10666
-0.29690 -0.07526 -0.16913
0.04126 0.03532 -0.07383
0.34665 -0.03288 -0.03495
-0.20669 -0.06350 0.00125
-0.28333 -0.08942 0.16308
0.40615 -0.11824 -0.12113
0.40920 -0.11031 -0.11506
0.27480 -0.05013 -0.14701
-0.20510 -0.09879 0.16330
-0.22928 -0.03831 0.17958
0.36262 -0.11651 0.14629
0.22513 -0.03482 0.13569
-0.22058 -0.05167 -0.03240
-0.29278 -0.11382 -0.11525
-0.18898 -0.09483 0.10424
0.23551 -0.09993 0.11706
-0.02960 -0.05863 0.16204
-0.02561 -0.09703 0.16204
-0.06395 -0.07264 0.16204
-0.04197 -0.07565 0.16204
-0.07079 -0.06416 0.16204
-0.03049 -0.09397 0.16204
-0.07819 -0.05500 0.16204
-0.08983 -0.09714 0.16204
-0.05518 -0.04650 0.16204
-0.06569 -0.10534 0.16204
-0.01435 -0.07601 0.16204
0.09053 -0.10186 0.16204
-0.04366 -0.09516 0.16204
-0.02625 -0.07182 0.16204
-0.06496 -0.09191 0.16204
-0.07120 -0.05000 0.16204
0.03770 -0.10527 0.16204
0.04000 -0.10036 0.16204
0.02247 -0.09195 0.16204
0.00981 -0.08432 0.16204
-0.20389 -0.07117 -0.16953
0.01562 0.04111 -0.03716
0.06181 -0.05333 0.16204
-0.16167 -0.07168 -0.02492
-0.17030 0.02956 -0.08799
0.20937 -0.06410 -0.14545
0.16620 -0.00883 -0.01128
0.02452 -0.02778 -0.16001
0.20323 -0.04543 -0.11904
-0.25301 -0.07653 -0.02185
0.37421 -0.07920 0.12753
0.36587 -0.08269 0.12971
0.38471 -0.07490 0.12554
-0.25226 -0.13660 0.16004
-0.39082 -0.10009 -0.12581
-0.13269 -0.04642 0.02214
-0.20557 -0.05262 0.01365
-0.14304 -0.05552 0.01011
-0.11406 -0.05632 0.00913
-0.21998 -0.05003 0.01681
-0.09204 -0.00776 0.06975
0.03616 0.03583 -0.08420
-0.38026 -0.08565 -0.13138
-0.38078 -0.03823 -0.13124
-0.24336 -0.05637 -0.16510
0.12225 -0.03736 0.00100
0.14942 -0.03741 -0.00191
0.14631 -0.03733 0.00278
0.15427 -0.03673 0.03879
0.14455 -0.03862 -0.07466
0.13599 -0.03814 -0.04603
0.12238 -0.03763 -0.01521
0.13306 -0.03750 -0.00763
0.12898 -0.03805 -0.04060
0.15913 -0.03872 -0.08076
0.13670 -0.03797 -0.03556
0.14487 -0.03785 -0.02866
0.11030 -0.03681 0.03388
0.14245 -0.03758 -0.01202
0.11960 -0.00075 -0.10414
0.25094 -0.14291 0.16859
-0.09655 -0.08481 0.00888
0.18813 -0.05287 0.11274
0.26438 -0.09947 0.10734
0.24746 -0.08560 0.10871
-0.22432 -0.03545 0.01248
-0.16025 -0.05144 -0.00548
0.24795 -0.02011 -0.16124
-0.17073 -0.02303 -0.17722
-0.03452 -0.09421 0.01918
-0.16894 -0.05320 -0.00997
0.03731 0.03733 0.05274
-0.04470 -0.08845 0.05014
0.00072 -0.08402 -0.09571
-0.18174 -0.05533 0.00124
0.25875 -0.06063 -0.16676
-0.12773 0.04183 -0.05028
0.20014 -0.07911 0.15662
-0.42299 -0.02803 0.00565
-0.17173 -0.03664 -0.00222
-0.13777 -0.06996 -0.02530
0.27033 -0.14361 -0.13205
-0.06774 -0.07339 0.05953
-0.07705 -0.04749 0.04683
-0.07931 -0.04275 0.05944
0.16161 -0.04062 -0.02748
0.16346 -0.06107 -0.01686
0.16284 -0.07899 -0.08031
0.16143 -0.06054 -0.08142
0.16090 -0.05248 -0.07902
0.16078 -0.06046 -0.10223
0.16328 -0.07386 -0.05372
0.16237 -0.07693 -0.09071
0.16318 -0.08055 -0.07293
0.15950 -0.04533 -0.10723
0.10437 -0.06574 0.00556
0.26877 -0.08146 -0.15843
-0.09030 0.04345 -0.06213
0.36489 -0.11395 -0.15222
0.34488 -0.10751 -0.15893
-0.19398 -0.06656 -0.12913
-0.19017 -0.07935 0.03489
0.32177 -0.03024 -0.10059
0.22949 -0.01871 -0.15829
-0.18369 -0.09258 0.02559
-0.21238 -0.03777 0.03346
-0.12814 -0.10690 -0.16984
0.02849 -0.10941 -0.01626
0.19584 -0.09792 -0.12652
0.05619 0.03410 -0.02300
-0.04058 -0.07944 -0.07223
0.31841 -0.11328 -0.10743
-0.04613 -0.07584 -0.06165
-0.04617 -0.07575 -0.07115
0.17721 -0.07857 0.15058
-0.09387 -0.00109 0.09597
-0.42299 -0.03103 -0.08626
-0.27601 -0.04212 -0.12414
-0.28908 -0.04417 0.02145
0.27297 -0.05509 0.11840
-0.42299 -0.06206 0.07232
-0.20552 -0.10200 -0.14906
0.41878 -0.09123 0.02816
-0.21357 0.01721 0.06000
-0.20525 -0.10444 0.16591
-0.24156 -0.09017 0.00488
-0.01165 -0.09714 0.11068
-0.01870 -0.09059 0.01934
-0.05070 -0.09806 0.02903
-0.29970 -0.06105 0.05395
-0.30838 -0.06061 -0.15938
-0.29869 -0.12404 -0.15822
-0.04569 -0.08407 0.07124
-0.00281 0.04174 -0.07240
0.26908 -0.11796 0.12373
0.39279 -0.11986 0.14293
0.38018 -0.08815 0.12029
0.35295 -0.09545 0.11620
0.37546 -0.09058 0.11808
0.13609 -0.03460 -0.12532
0.11266 -0.02530 -0.12557
-0.26576 -0.04603 0.02145
-0.29317 -0.05314 -0.02929
-0.04785 -0.06897 -0.10538
-0.10673 -0.06185 0.01404
-0.05591 -0.06408 0.05388
0.03899 -0.10262 -0.09536
-0.27813 -0.14640 0.15454
0.09004 -0.07047 -0.16204
-0.08743 0.04208 -0.07826
-0.31846 -0.06612 -0.00500
-0.00153 -0.09136 0.09005
0.19468 -0.04585 0.12358
0.28544 -0.08890 0.16859
-0.17892 -0.09839 -0.12499
0.42366 -0.09289 -0.03026
-0.21018 -0.07885 -0.16510
-0.17904 -0.10686 -0.10478
-0.06198 -0.07906 0.11099
-0.27858 -0.01284 -0.06532
0.00071 0.04210 0.05963
-0.24050 -0.03636 0.17551
0.26324 -0.04207 0.12940
0.06937 -0.11093 0.15958
0.05689 -0.11220 0.15820
0.00758 -0.11572 0.15467
-0.23177 -0.13458 -0.14478
-0.31980 -0.08527 0.10960
-0.38814 -0.06626 0.11154
-0.32900 -0.07143 0.10996
0.19799 -0.07688 -0.14399
-0.29992 -0.04728 -0.15872
0.28072 -0.06443 0.11840
-0.20842 0.01978 -0.05750
0.25087 -0.10662 0.16103
0.20286 -0.04953 0.11576
-0.21764 0.01571 0.02742
-0.20785 0.02025 0.04297
-0.22427 0.01263 0.05342
-0.19231 0.02747 -0.02411
-0.18569 0.03054 0.02339
-0.18659 0.03012 0.03605
-0.21629 0.01633 -0.00793
-0.21242 0.01813 0.02598
-0.21300 0.01786 0.04574
-0.24471 0.00314 0.02653
-0.18883 0.02908 -0.03119
-0.20139 0.02325 0.02518
-0.21252 0.01809 -0.01566
-0.19631 0.02561 -0.01011
0.15897 -0.01463 -0.09192
0.19912 -0.05588 0.11431
0.13551 -0.03468 -0.05388
0.11722 -0.03298 -0.10121
0.09851 -0.02875 -0.12056
0.11703 -0.03118 -0.08089
0.12318 -0.03435 -0.09536
0.11222 -0.03144 -0.10163
0.11032 -0.02889 -0.07872
0.09380 -0.02770 -0.12557
0.09066 -0.02530 -0.10903
-0.22566 -0.06049 -0.11962
-0.21278 -0.09958 0.00982
-0.29657 -0.11443 0.10311
-0.21404 -0.11986 0.10183
-0.22426 -0.11288 0.10347
-0.28678 -0.10655 0.10496
-0.20361 -0.11517 0.10293
0.04427 0.03581 -0.05116
0.17479 -0.09132 0.15756
-0.22510 -0.01488 0.11802
-0.22017 -0.06852 0.04396
0.32015 -0.02769 -0.02823
-0.28983 -0.05925 0.00643
0.13649 0.00009 0.05144
0.06510 0.02916 0.05113
0.42140 -0.10768 0.07608
0.16819 -0.09976 0.00820
-0.05047 -0.07897 -0.10410
-0.18868 -0.05225 -0.16718
0.27664 -0.05166 0.16437
-0.18731 -0.01545 -0.15437
0.19886 -0.13949 -0.11839
0.01129 -0.08296 -0.10305
-0.02170 0.00148 0.13167
-0.15550 -0.12027 0.15053
0.37496 -0.11773 -0.14285
-0.01420 -0.09337 0.07093
-0.02261 -0.09440 0.07632
-0.02951 -0.09524 0.09252
-0.01052 -0.09292 0.06596
-0.07479 -0.00964 -0.06252
-0.27979 -0.11919 -0.15058
-0.26608 -0.07097 -0.16510
0.25353 -0.11927 -0.16254
-0.27092 -0.06757 0.14806
0.18407 -0.07512 0.11431
0.39132 -0.05152 -0.04719
0.16638 -0.09634 -0.15463
0.16672 -0.08936 -0.14658
-0.18025 -0.04866 0.18026
-0.16912 -0.04580 0.17960
-0.01145 -0.10592 0.02018
0.34836 -0.03913 -0.11887
0.05902 0.03344 0.02305
0.42795 -0.11594 -0.03902
-0.31085 -0.10251 0.13509
-0.18348 -0.09292 0.16834
0.04405 0.03699 -0.01526
0.19282 -0.04738 -0.16789
-0.04566 -0.08396 0.03349
0.24539 -0.13304 -0.14644
0.14274 -0.06957 -0.12588
0.09877 -0.10010 -0.12588
0.13389 -0.10217 -0.12588
0.11469 -0.08717 -0.12588
-0.20607 -0.10615 -0.16075
-0.23914 -0.12165 0.16478
-0.25075 -0.04868 0.03089
0.32810 -0.02814 -0.02992
-0.03315 0.04225 0.07800
-0.00364 0.04296 -0.03362
-0.20550 -0.04683 -0.15921
0.27052 -0.13357 0.11431
-0.00361 -0.10682 -0.10034
0.23739 -0.13542 -0.11706
-0.24038 -0.05742 -0.11800
-0.18787 -0.08252 0.12723
-0.16830 -0.10721 -0.17411
0.02336 0.04056 0.02189
-0.06638 0.04346 0.06849
-0.06651 -0.06784 -0.05760
-0.06834 -0.06296 -0.05562
-0.25994 -0.03595 -0.12644
0.19039 -0.05428 -0.11224
0.23143 -0.07996 -0.10931
0.20311 -0.04870 -0.11200
0.05157 0.03350 0.06414
0.41422 -0.09632 0.10433
-0.17890 -0.09869 0.13943
0.20081 -0.11583 -0.12639
-0.15163 -0.07077 -0.02342
0.08638 -0.03742 0.03085
-0.17610 -0.10640 -0.16219
-0.10204 0.04277 -0.06463
-0.28665 -0.09283 -0.15593
-0.21278 -0.09477 -0.00606
-0.29509 -0.05724 -0.13509
-0.20809 -0.03991 -0.00244
-0.10673 -0.04868 0.03171
-0.18271 -0.06373 0.01583
-0.03262 0.03059 -0.11487
0.10859 -0.02029 0.06099
0.32707 -0.05964 -0.10883
-0.01019 -0.02729 -0.16070
-0.18924 -0.07687 0.17384
0.25229 -0.13018 0.14371
-0.26296 -0.13032 -0.15854
-0.11707 -0.06831 0.04724
-0.27962 -0.08329 -0.16510
-0.21424 -0.03049 0.15913
0.25527 -0.13178 -0.12251
0.38341 -0.06136 -0.13411
-0.24886 -0.06060 0.04952
0.07138 -0.10633 -0.16478
0.36347 -0.04432 0.09751
-0.27050 -0.04475 -0.02474
0.01192 0.04023 0.08389
-0.11412 -0.05910 0.04799
0.34903 -0.03822 0.13634
-0.03694 -0.08963 -0.03894
0.28742 -0.02485 0.14179
-0.22620 -0.03656 0.13807
-0.23026 -0.07736 -0.01857
-0.17496 -0.06707 -0.16282
-0.19491 -0.02263 -0.16909
-0.22670 -0.02643 -0.16665
-0.18502 -0.02317 -0.17342
-0.24962 -0.03166 -0.17005
0.00738 -0.10676 0.10820
-0.28467 -0.09994 0.00476
-0.18118 -0.08279 0.15420
0.22176 -0.13272 0.14348
0.32259 -0.11018 -0.15528
-0.08530 -0.01568 -0.02137
-0.01722 -0.02715 0.16116
0.35605 -0.10785 -0.15145
0.14396 -0.10386 0.11068
-0.20849 -0.05516 0.04049
-0.35247 -0.10679 -0.12373
-0.31301 -0.11886 -0.10587
-0.33865 -0.10582 -0.13416
-0.33745 -0.10741 -0.12969
-0.18176 -0.06451 0.16757
-0.19315 -0.05917 0.14246
0.21154 -0.13091 0.15277
-0.42299 -0.03265 -0.04193
0.34916 -0.07287 0.15370
0.34221 -0.07647 0.15479
-0.22996 -0.09563 -0.00996
-0.31805 -0.09197 -0.01241
-0.27843 -0.09257 -0.01201
-0.21604 -0.09918 -0.00759
-0.26133 -0.09323 -0.01157
-0.14432 -0.09802 -0.00836
0.12482 0.00684 0.02704
0.11915 -0.10464 0.12574
-0.16492 -0.08131 0.03324
-0.13501 -0.09325 0.00334
0.34713 -0.04082 0.15126
0.22811 -0.13707 0.14701
-0.13238 -0.08368 0.00541
0.36148 -0.09505 0.15871
-0.21208 -0.07891 -0.10537
-0.23848 -0.04855 -0.10809
-0.24564 -0.03580 -0.10918
-0.18601 -0.06039 -0.16991
-0.12421 -0.02751 -0.16204
-0.10208 -0.04780 -0.16204
-0.10379 -0.03434 -0.16204
0.02827 -0.08532 0.04530
0.17908 -0.11930 -0.12865
0.26532 -0.04058 0.11305
0.18526 -0.08619 -0.16859
-0.00096 0.01024 -0.12455
0.04986 -0.02688 -0.15974
0.22259 -0.15506 -0.13020
-0.04086 -0.02622 -0.16204
0.08814 -0.02159 -0.15708
-0.21194 -0.08141 0.10517
-0.23691 -0.04549 0.10831
0.02529 -0.02270 -0.15486
0.10662 -0.10386 0.10258
0.27457 -0.10098 0.14269
-0.24837 0.00045 0.06926
-0.12523 0.04179 -0.05782
0.06536 0.03170 -0.00042
-0.30096 -0.05871 0.00971
-0.13292 -0.08731 -0.17631
-0.13400 -0.07013 -0.17554
-0.15046 -0.02532 -0.16379
0.07423 -0.02405 0.02054
0.36437 -0.11621 -0.14390
-0.05100 -0.04742 0.01702
-0.17670 0.03403 0.05137
-0.15809 -0.04248 -0.00465
0.23996 -0.05916 0.14921
-0.23958 -0.13660 -0.13737
-0.02288 -0.09416 -0.09249
-0.12293 -0.05350 0.02387
-0.22335 -0.04765 0.03617
0.19062 -0.02027 0.11591
-0.01878 -0.10705 0.10433
-0.21345 -0.06302 0.05838
-0.39193 -0.02313 -0.06118
-0.39765 -0.02376 0.11557
-0.39543 -0.02352 0.02038
0.27378 -0.03961 -0.11318
-0.11099 -0.03398 -0.00435
0.31596 -0.04113 0.11440
0.33012 -0.04108 0.11399
0.15710 -0.03582 0.01164
-0.14063 -0.03508 0.00382
-0.08896 0.01772 -0.02894
0.11131 -0.01557 0.06859
0.07373 -0.02193 -0.15555
-0.04130 -0.08868 0.09991
0.24488 -0.13553 0.11706
-0.13417 -0.05263 0.17542
-0.15115 -0.09877 0.16330
-0.14336 -0.09464 0.16886
-0.05141 -0.07242 0.04914
-0.05115 -0.07289 0.06079
-0.28696 -0.03499 0.15515
-0.28335 -0.04766 -0.17174
-0.23201 -0.05927 0.01400
-0.23985 -0.15476 0.11882
-0.26742 -0.07132 0.16360
-0.08819 -0.01744 0.08067
-0.11293 -0.05495 0.05442
0.39484 -0.06076 0.09478
0.08449 0.02387 0.00788
0.07848 -0.11480 0.15526
-0.01570 -0.10799 0.16071
0.01749 -0.10672 0.16173
0.39400 -0.09103 -0.13379
-0.32043 -0.07295 0.03826
0.33056 -0.07480 -0.10980
0.34301 -0.07497 -0.11089
0.32607 -0.08535 -0.11123
-0.24230 -0.02863 -0.15583
-0.19292 -0.05362 -0.16000
-0.18129 -0.08608 -0.16069
0.30729 -0.05694 -0.11308
0.32505 -0.04778 -0.11328
-0.19907 -0.05982 -0.13942
-0.15507 -0.09009 0.02760
-0.03857 -0.05983 0.11659
-0.25333 -0.08189 -0.10652
-0.27680 -0.07166 -0.10798
-0.25737 -0.08824 -0.10651
0.27149 -0.10259 0.15330
-0.20873 -0.10455 -0.13548
0.21880 -0.05878 0.15448
-0.29526 -0.05629 -0.15965
-0.31207 -0.05621 0.15241
-0.17930 -0.05426 0.05358
-0.13584 -0.05228 0.05117
-0.15710 -0.04944 0.04770
-0.21934 -0.05804 0.05819
-0.13198 -0.04725 0.04502
-0.19101 -0.04978 0.04812
-0.18683 -0.04679 0.04447
-0.11210 -0.05165 0.05039
-0.22838 -0.05239 0.05130
0.21420 -0.12905 -0.16416
-0.27209 -0.07997 -0.00014
-0.14402 -0.01699 0.14072
0.36489 -0.03849 0.00992
-0.27987 -0.07846 -0.01701
0.12838 0.00376 -0.04765
0.15862 -0.00867 -0.04956
0.27199 -0.05101 -0.13208
-0.25665 -0.14192 -0.16953
-0.09601 0.01482 -0.06637
-0.02376 -0.05488 0.16204
-0.10673 -0.04423 -0.01802
-0.11312 -0.04652 -0.02419
0.39268 -0.09313 -0.15042
0.02028 0.04081 0.02587
-0.27998 -0.11330 0.15131
-0.36471 -0.10158 0.12457
-0.37039 -0.10108 0.11536
-0.34706 -0.10314 0.12829
-0.33557 -0.10416 0.11860
-0.35865 -0.10212 0.12815
0.20696 -0.12381 -0.13949
-0.03884 -0.09328 -0.01400
-0.27042 -0.10143 -0.10701
-0.19586 -0.11653 -0.10268
-0.28282 -0.10186 -0.10772
-0.28087 -0.13031 0.16953
-0.07287 -0.02303 0.04427
-0.22082 -0.02827 0.17239
-0.18284 -0.02298 0.17374
-0.17058 -0.02023 0.17203
-0.24446 -0.06319 -0.00898
0.41530 -0.06388 0.02361
-0.24819 -0.04848 -0.03590
-0.25271 -0.04604 -0.03326
-0.23392 -0.04563 -0.03283
-0.27776 -0.04763 -0.03498
-0.30417 -0.04358 -0.03062
-0.29382 -0.03754 -0.01637
-0.00356 -0.10720 -0.01299
0.29840 -0.10763 0.14226
-0.14653 -0.00743 -0.12924
-0.15095 -0.01388 -0.13270
-0.09122 -0.02785 0.16204
-0.10673 -0.05612 -0.02827
0.10916 -0.11031 -0.16224
0.12789 -0.10875 -0.16534
0.09799 -0.11140 -0.16019
0.07428 -0.11052 -0.15992
-0.25506 -0.10010 0.14785
-0.12032 -0.00315 -0.13036
-0.06442 -0.02206 -0.09388
0.18406 -0.06420 0.14012
0.34207 -0.10847 0.15323
0.22593 -0.06210 0.11080
0.22282 -0.05116 0.11160
0.25675 -0.08641 0.10833
-0.03867 0.04094 -0.09238
-0.12818 -0.07931 0.03485
-0.10325 -0.10921 0.16973
-0.28181 -0.10889 -0.14090
-0.05253 -0.07117 0.08007
-0.28912 -0.13751 -0.14249
0.28840 -0.06588 -0.14087
0.28296 -0.05796 -0.16085
-0.30851 -0.04929 0.14776
-0.26522 -0.14077 -0.16953
-0.20967 -0.10793 0.14202
-0.42299 -0.03918 0.04683
-0.38046 -0.02229 -0.13097
-0.19480 -0.07022 -0.10722
0.31725 -0.02766 -0.04859
0.22894 -0.02010 -0.12097
-0.23372 -0.06067 0.05468
-0.15761 -0.05222 0.02350
-0.42029 -0.05250 -0.01769
-0.27995 -0.08613 0.03037
0.30092 -0.04330 0.11415
-0.17650 -0.09062 -0.17119
-0.28067 -0.06263 0.11525
0.03361 -0.08609 0.02055
-0.05026 0.04143 0.08867
0.14386 -0.10386 0.01065
0.14510 -0.10386 0.07252
-0.42150 -0.09674 -0.04735
-0.39083 -0.10333 0.00521
-0.33857 -0.11457 -0.02255
-0.39792 -0.10181 -0.05880
-0.40269 -0.10078 -0.07843
-0.41520 -0.09809 0.08227
-0.41497 -0.09814 -0.04370
-0.41255 -0.09866 -0.10389
-0.42004 -0.09705 0.09720
-0.39681 -0.10205 0.03102
-0.36346 -0.10922 -0.03301
-0.35431 -0.11119 -0.03766
-0.34777 -0.11260 0.01860
-0.36490 -0.10891 0.04853
-0.39839 -0.10171 -0.00931
-0.36954 -0.10791 0.05381
-0.42157 -0.09672 -0.02433
-0.37906 -0.10587 0.06828
-0.40733 -0.09979 0.07845
-0.39015 -0.10348 -0.05124
-0.38221 -0.10519 -0.01953
-0.34841 -0.11246 -0.01846
-0.39695 -0.10202 0.03787
-0.36540 -0.10880 0.01361
-0.40478 -0.10033 0.08854
-0.42140 -0.09676 0.04025
-0.40877 -0.09948 -0.06751
-0.40114 -0.10112 0.09167
-0.35553 -0.11092 -0.00754
-0.38796 -0.10395 -0.02656
-0.37241 -0.10730 -0.00240
-0.41503 -0.09813 -0.03101
-0.39444 -0.10256 -0.08606
-0.16794 -0.05223 0.02934
0.12764 -0.02936 0.09115
0.14874 -0.03226 0.09654
0.11035 -0.02553 0.05716
0.15127 -0.03191 0.08315
0.11209 -0.02727 0.08806
0.09679 -0.02645 0.11032
0.14085 -0.03123 0.09560
0.11339 -0.02808 0.10128
0.09365 -0.02688 0.12693
-0.27384 -0.05736 -0.04479
-0.29753 -0.09713 0.01727
0.00432 0.03646 -0.09983
-0.23803 -0.14480 0.16953
0.27359 -0.06000 -0.11431
0.41515 -0.08880 -0.00359
0.16820 -0.09594 0.01368
0.21024 -0.06343 -0.12785
-0.29805 -0.06541 -0.02074
-0.05394 -0.02037 0.15399
-0.22930 -0.02537 -0.15793
0.06133 -0.05838 -0.16204
-0.05932 0.04352 0.06842
0.29069 -0.10130 -0.11620
-0.22304 -0.05575 0.05244
-0.25412 -0.13636 -0.14359
0.06645 0.03063 0.01941
0.16138 -0.00730 0.01892
0.41156 -0.06434 -0.00512
0.26469 -0.12369 -0.14422
-0.18151 0.03248 0.00746
-0.30521 -0.03794 -0.02454
-0.42299 -0.06178 -0.09422
-0.27114 -0.07296 0.03895
0.36928 -0.04049 0.03203
-0.13948 -0.10657 0.16525
-0.21278 -0.08058 0.02305
0.42759 -0.09951 0.04378
-0.42299 -0.06027 -0.11438
0.06873 -0.03528 -0.08225
-0.21019 -0.04887 0.14165
0.35991 -0.05709 -0.14578
-0.24214 -0.05560 0.14267
0.28901 -0.11895 -0.12227
-0.31515 -0.07563 0.03326
-0.31880 -0.06262 0.03077
-0.16999 -0.01838 0.16378
0.17988 -0.01742 0.15391
-0.24615 -0.05231 -0.16764
-0.09342 0.00684 -0.04449
0.12771 -0.11545 -0.15474
-0.21847 -0.05505 -0.01328
0.31463 -0.09146 0.15979
-0.06553 -0.07808 0.04764
-0.06217 -0.08765 0.05453
-0.05920 -0.09425 0.04160
-0.21164 -0.11862 0.14352
0.00209 -0.07925 0.02136
-0.26211 -0.01534 0.14786
-0.27488 -0.01566 0.13670
0.28834 -0.11161 -0.16748
-0.25767 -0.01528 0.10530
-0.26136 -0.01534 0.11422
-0.07367 -0.01161 -0.05808
0.07056 -0.02210 0.00261
0.07789 -0.01922 -0.15196
0.29289 -0.10479 -0.10633
-0.02051 -0.04958 -0.16204
0.37854 -0.05663 0.14166
-0.26982 -0.12806 -0.11800
0.32876 -0.05157 -0.15706
-0.28800 -0.03281 -0.09195
-0.26931 -0.02390 -0.10080
-0.25466 -0.01785 -0.10868
-0.07701 -0.04673 0.09317
-0.08059 -0.03777 0.08755
-0.06628 -0.07743 0.06793
-0.09909 0.02217 0.06696
0.13405 -0.11819 -0.15318
-0.26005 -0.13460 0.14472
0.24209 -0.09914 -0.16416
-0.28027 -0.07994 0.15834
-0.09530 -0.09614 0.12097
-0.09531 -0.09795 0.03115
-0.09496 -0.04216 -0.06311
-0.09514 -0.07005 0.02088
-0.09531 -0.09764 0.12846
-0.09500 -0.04780 -0.10532
-0.09503 -0.05255 -0.09237
-0.09497 -0.04337 -0.12468
-0.09520 -0.08040 0.01676
-0.09532 -0.09853 0.00929
-0.09511 -0.06635 -0.01433
-0.09484 -0.02287 -0.12264
-0.09536 -0.10618 0.13526
-0.09511 -0.06504 -0.13775
-0.09524 -0.08614 0.07832
-0.09510 -0.06373 -0.08352
-0.09525 -0.08736 -0.00910
-0.09492 -0.03468 -0.12432
-0.09502 -0.05141 -0.14017
-0.09533 -0.10097 -0.08751
-0.09524 -0.08627 0.02514
-0.09518 -0.07757 -0.12966
-0.09501 -0.04916 -0.11535
-0.09491 -0.03388 -0.13879
-0.09495 -0.03969 -0.12104
-0.09521 -0.08225 -0.10851
-0.09533 -0.10097 -0.04907
-0.09511 -0.06585 -0.00782
-0.09533 -0.10150 0.07227
-0.09536 -0.10522 0.14232
-0.09507 -0.05905 -0.00980
-0.09526 -0.09034 0.02811
-0.09520 -0.08038 -0.00866
-0.09522 -0.08342 -0.09546
-0.00491 -0.09260 -0.04183
0.00220 -0.09130 -0.08239
-0.02568 -0.11245 -0.16055
-0.07394 -0.11289 -0.16240
-0.05074 -0.11106 -0.16424
0.03351 -0.10965 -0.16212
-0.09316 -0.11037 -0.16767
-0.03081 -0.11197 -0.16165
-0.16319 0.03651 -0.06227
-0.40881 -0.04017 0.11238
-0.38305 -0.03386 0.11821
-0.38423 -0.02699 0.11807
-0.34425 -0.03323 0.12685
-0.37385 -0.04540 0.12006
-0.14857 -0.06315 -0.03192
-0.29039 -0.13586 0.13684
0.12346 -0.00334 -0.10730
-0.14987 -0.09994 0.00447
-0.18745 -0.03150 0.17893
-0.06801 -0.02513 0.02885
-0.23284 -0.04917 -0.11525
-0.36026 -0.07305 0.13614
-0.35557 -0.09344 0.13722
-0.37154 -0.10083 0.13352
-0.42299 -0.02658 0.03116
-0.26031 -0.15114 0.16813
-0.22803 -0.05046 0.02793
0.25716 -0.07533 -0.10879
0.29226 -0.11345 -0.10525
-0.24185 -0.03389 -0.17350
-0.23046 -0.05386 -0.00059
-0.41128 -0.06013 -0.11935
-0.15824 -0.05944 0.03989
-0.23863 -0.03136 0.16987
-0.19720 -0.02327 0.16299
-0.42299 -0.06112 -0.10559
0.29820 -0.10206 0.14164
0.35650 -0.05572 0.14665
-0.42299 -0.06507 0.10990
-0.24110 -0.13680 0.15148
-0.06304 -0.04100 -0.04302
-0.04657 -0.09646 0.09190
0.24018 -0.08897 0.16320
0.34785 -0.04290 0.11273
-0.25868 -0.01526 -0.13555
0.07695 -0.02865 0.10674
-0.42299 -0.05061 0.08319
-0.38750 -0.03776 -0.12798
-0.40908 -0.03567 -0.12335
-0.24021 -0.06412 0.00049
0.31084 -0.10888 0.11066
0.36180 -0.09547 0.11515
0.07371 -0.04466 -0.11717
-0.15615 -0.03739 -0.01930
-0.12609 -0.03739 -0.01703
-0.00689 -0.10336 -0.16204
-0.04291 -0.10086 -0.16204
-0.06814 -0.07724 -0.16204
0.03323 -0.08246 -0.16204
-0.05718 -0.10537 -0.16204
0.06877 -0.09957 -0.16204
0.10103 -0.09725 -0.16204
0.00447 -0.08504 -0.16204
-0.08654 -0.07635 -0.16204
-0.07653 -0.05452 -0.16204
-0.03499 -0.10091 -0.16204
-0.03745 -0.05322 -0.16204
-0.07880 -0.04516 -0.16204
-0.06407 -0.05220 -0.16204
0.07824 -0.09914 -0.16204
0.01030 -0.08712 -0.16204
-0.01314 -0.10579 -0.16204
-0.01034 -0.09445 -0.16204
0.09421 -0.10372 -0.16204
-0.00103 -0.08547 -0.16204
0.11971 -0.10293 -0.16204
-0.09688 -0.01826 -0.15350
0.27215 -0.11116 0.16182
-0.24879 -0.00198 -0.08056
0.19284 -0.09700 -0.12108
-0.05539 -0.04601 0.02375
-0.23167 -0.05714 0.16607
-0.23351 -0.13530 -0.12751
-0.05824 -0.06564 0.08525
-0.28619 -0.10319 0.15908
0.35138 -0.03499 0.05104
-0.25487 -0.08678 0.16197
-0.22917 0.00872 -0.07136
0.35685 -0.11695 -0.14456
-0.28532 -0.04775 0.15740
0.04379 -0.09676 0.06169
-0.24252 -0.03416 0.11923
0.24807 -0.15470 -0.14491
0.22061 -0.05754 -0.11091
0.27383 -0.10111 -0.10656
0.20345 -0.06940 0.15195
-0.18941 -0.11493 -0.12028
-0.20508 -0.09389 0.13464
-0.00521 -0.09605 0.01788
-0.18251 -0.10712 -0.18004
-0.01766 0.04002 0.09759
0.27198 -0.04113 -0.16280
-0.17277 -0.02102 0.16105
-0.08433 -0.01290 -0.01397
-0.07475 -0.02499 0.16204
0.36409 -0.05642 0.11135
0.01905 0.04048 -0.05658
-0.25291 -0.05603 0.06091
0.04209 -0.10595 -0.04930
-0.14060 0.04071 0.05174
-0.37128 -0.09273 0.11101
-0.38335 -0.08996 0.11134
-0.40306 -0.07274 0.11192
-0.33865 -0.09648 0.11011
-0.26269 -0.05140 0.03391
0.24430 -0.03545 -0.16868
0.16590 -0.11416 -0.03627
0.16590 -0.11460 -0.07370
0.16590 -0.10834 -0.07542
0.16590 -0.11208 -0.10005
0.16590 -0.11731 -0.06554
0.32163 -0.07473 0.10980
-0.01372 -0.08928 -0.01349
0.41678 -0.11236 -0.09220
-0.20031 -0.05488 -0.00563
0.07777 0.02005 0.08523
0.07803 -0.07444 0.16204
0.23814 -0.03734 -0.15144
-0.24982 -0.04291 0.11525
-0.27253 -0.06881 -0.16503
0.32857 -0.05192 -0.11148
-0.05492 -0.09596 -0.05651
0.20770 -0.01770 -0.13656
-0.09240 -0.00233 0.05212
0.22001 -0.06097 0.16416
-0.41338 -0.03024 0.12244
-0.41762 -0.02730 0.12123
-0.22411 -0.06830 -0.02569
-0.12109 -0.05463 0.01950
-0.22429 -0.07579 0.03361
0.42649 -0.11568 0.04901
0.25425 -0.04081 -0.12093
0.19417 -0.08628 -0.13068
-0.20912 -0.04180 -0.16656
-0.26103 -0.13420 -0.16348
-0.25296 -0.12892 -0.16197
0.00965 -0.00173 0.13111
0.03121 0.00378 0.12447
-0.08998 0.01931 -0.07901
-0.26261 -0.03632 0.12179
-0.32202 -0.05904 -0.03647
-0.04864 -0.09752 -0.04168
-0.21129 -0.05216 0.02070
0.13811 -0.10386 0.04166
0.11743 -0.10386 -0.05318
0.11260 -0.10386 -0.09901
0.10213 -0.10386 -0.11319
0.14386 -0.10386 -0.09135
0.12796 -0.10386 -0.09507
0.13959 -0.10386 -0.04154
0.12999 -0.10386 -0.01090
0.13710 -0.10386 -0.02695
0.12081 -0.10386 -0.05886
0.10414 -0.10386 -0.08680
0.13525 -0.10386 -0.01735
0.11251 -0.10386 -0.04755
0.12807 -0.10633 0.08849
0.11132 -0.10633 0.02705
0.12921 -0.10633 -0.07045
0.06648 -0.10633 -0.09516
0.08961 -0.10633 -0.14329
0.07256 -0.10633 -0.06859
0.09353 -0.10633 -0.07508
0.12008 -0.10633 -0.13973
0.08397 -0.10633 0.00043
0.10928 -0.10633 -0.14064
0.13237 -0.10633 0.00514
0.09587 -0.10633 -0.05795
0.10185 -0.10633 0.01851
0.08180 -0.10633 0.00479
0.02821 -0.10633 -0.14125
0.04647 -0.10633 -0.13495
0.09601 -0.10633 -0.02460
0.08407 -0.10633 -0.03181
0.13336 -0.10633 -0.06392
0.11992 -0.10633 -0.10464
0.07293 -0.10633 -0.01589
0.13242 -0.10633 0.13169
0.04888 -0.10633 -0.08425
0.07167 -0.10633 -0.08234
0.09440 -0.10633 0.00088
0.08598 -0.10633 -0.01915
0.10151 -0.10633 -0.10910
0.09127 -0.10633 -0.09041
0.12147 -0.10633 -0.01921
0.11918 -0.10633 0.05273
0.12998 -0.10633 0.10499
0.08243 -0.10633 -0.10143
0.10421 -0.10633 0.02697
0.08404 -0.10633 -0.15364
0.05489 -0.10633 -0.11754
0.04561 -0.10633 -0.09738
0.08624 -0.10633 -0.06159
0.09493 -0.10633 0.02795
0.12925 -0.10633 -0.07542
0.15056 -0.11196 0.15753
-0.17586 -0.06192 0.16094
-0.31863 -0.06448 -0.11924
-0.34869 -0.06373 -0.11805
-0.31222 -0.05938 -0.12904
-0.23273 -0.14064 -0.11525
0.10391 -0.01469 0.06721
-0.29932 -0.07000 -0.12996
-0.27468 -0.07600 0.16197
0.11007 -0.02333 0.09557
0.12119 -0.02286 0.08731
-0.30034 -0.10935 -0.11610
-0.05723 -0.05589 -0.06553
-0.42319 -0.05425 -0.05423
-0.21943 -0.08094 -0.10531
-0.23860 -0.06237 -0.10701
0.10064 0.01539 0.04333
-0.04492 -0.05595 -0.01152
-0.19793 -0.01514 -0.12509
-0.28374 -0.05656 -0.16953
0.34866 -0.03315 -0.00862
-0.29939 -0.07231 0.11862
-0.28781 -0.12909 0.11525
0.25572 -0.05090 0.11431
-0.21191 -0.11879 -0.11800
0.27444 -0.09136 0.15353
-0.26596 -0.06377 -0.13114
0.03515 0.03683 0.07249
-0.06108 -0.07979 -0.08340
-0.26734 -0.15166 -0.12094
-0.17889 -0.04989 -0.01328
-0.24120 -0.06879 0.05238
0.34164 -0.04229 -0.15249
-0.26145 -0.05970 0.04864
0.11667 -0.09735 0.16204
-0.21411 -0.12183 -0.13680
-0.22237 -0.04177 -0.13811
-0.20596 -0.01507 -0.15683
-0.34023 -0.06409 0.11810
-0.33473 -0.05971 0.12653
-0.31442 -0.06320 0.12192
-0.36201 -0.06340 0.11751
-0.30136 -0.06369 0.12215
0.32305 -0.11772 0.10811
0.36626 -0.11744 0.11370
0.34812 -0.11818 0.11135
0.38540 -0.09430 0.11617
0.01230 -0.08867 0.01788
-0.12961 -0.06220 -0.02726
-0.06360 -0.06119 -0.00807
-0.02605 -0.11110 0.08766
0.02964 -0.11057 0.05974
-0.03589 -0.11119 0.09909
-0.00954 -0.11094 0.08600
0.01793 -0.11068 0.05232
-0.02191 -0.11106 0.08210
-0.24991 -0.05729 -0.04047
-0.24892 -0.00101 0.07598
0.37051 -0.05893 -0.13495
0.17978 -0.01680 0.04557
-0.07360 -0.10852 0.16854
-0.07847 -0.10774 0.17038
0.35629 -0.05193 -0.15118
-0.06148 -0.08937 0.07665
-0.06630 -0.07649 0.07770
-0.18985 -0.02562 -0.17680
-0.17514 -0.02250 -0.17316
-0.07104 -0.03825 0.08033
0.28026 -0.07706 0.16859
0.36427 -0.10716 -0.15072
-0.11229 -0.02428 0.16884
-0.11368 -0.07478 0.16940
-0.10512 -0.03033 0.16596
0.20946 -0.04569 -0.11589
-0.21596 -0.08896 -0.00435
0.16603 -0.10359 -0.09407
0.16602 -0.10379 -0.02151
0.16597 -0.10477 -0.11035
0.16637 -0.09664 -0.05005
0.16595 -0.10529 -0.10081
-0.31621 -0.11938 -0.05995
-0.33718 -0.11487 -0.05648
-0.32637 -0.11720 -0.07473
-0.33694 -0.11492 -0.03037
-0.35237 -0.11160 -0.09022
-0.33247 -0.11589 -0.08016
-0.34507 -0.11318 -0.04904
-0.33699 -0.11491 -0.03859
-0.34467 -0.11326 -0.04431
-0.36911 -0.10801 -0.09041
-0.36560 -0.10876 -0.06345
-0.38973 -0.10357 -0.08867
-0.38215 -0.10520 -0.09905
-0.21525 -0.07388 0.12880
-0.17613 -0.11785 -0.15645
-0.15897 -0.11828 -0.15590
-0.08425 0.01524 -0.03163
-0.24377 -0.08302 0.03005
-0.08085 -0.01355 0.07433
0.31774 -0.03503 -0.12363
0.27219 -0.09604 -0.12247
-0.30446 -0.05629 0.13980
-0.26723 -0.06874 -0.02735
-0.11355 -0.03791 0.03504
-0.11489 -0.03791 0.04080
-0.13503 -0.10636 -0.16237
0.01521 -0.10096 0.10955
0.21636 -0.13356 -0.13565
-0.10572 -0.09115 0.02574
0.36610 -0.05644 -0.14685
-0.26410 -0.05122 -0.02212
0.30927 -0.03767 0.16087
-0.24259 -0.03683 0.13940
-0.21462 0.01162 -0.08461
0.28540 -0.10566 -0.16859
0.18496 -0.01742 -0.12753
-0.09754 -0.01742 0.06123
-0.09903 -0.01742 -0.01183
-0.09866 -0.01742 0.07229
-0.10042 -0.01742 0.12105
0.07900 -0.04082 -0.02928
0.25390 -0.06075 -0.14816
0.04142 0.03677 -0.04350
-0.23730 -0.13275 0.16197
-0.27545 -0.11760 -0.16510
0.17878 -0.05538 -0.16574
0.39844 -0.05492 0.04193
0.32817 -0.06111 0.10883
0.22870 -0.08824 0.15357
0.34859 -0.04673 0.15324
0.25177 -0.10559 -0.10746
0.27077 -0.11097 -0.10631
0.20239 -0.09146 -0.11045
-0.04384 -0.09261 -0.09822
-0.05014 -0.07328 -0.00514
-0.06433 -0.04792 0.04806
-0.25117 -0.00550 0.08840
0.07810 -0.03853 0.16204
-0.14353 -0.04674 0.02656
0.19741 -0.10350 -0.11062
0.23632 -0.10551 -0.10832
-0.20679 -0.08412 -0.12815
0.31175 -0.02741 0.07183
0.19221 -0.04789 0.10575
0.18685 -0.05234 -0.04889
0.19115 -0.04877 0.07156
0.18777 -0.05157 0.07903
0.18775 -0.05159 0.07353
0.18974 -0.04994 0.02682
0.42046 -0.10605 -0.08025
-0.27666 -0.12327 0.13282
0.38339 -0.06452 -0.10999
0.36687 -0.07022 -0.11074
0.00612 -0.08861 -0.00982
0.36085 -0.06796 0.15153
-0.21708 -0.05482 -0.00688
-0.08868 -0.01596 0.09754
-0.16174 -0.05928 0.02610
-0.27289 -0.05730 -0.02319
0.20540 -0.01847 0.11851
0.04714 -0.09533 -0.08067
0.22865 -0.04744 0.11174
0.23951 -0.04583 0.11174
0.24615 -0.06418 0.11015
-0.19036 -0.07263 0.17847
0.27106 -0.11378 -0.14543
-0.18260 -0.07933 0.03488
-0.22390 -0.04113 0.15564
0.09113 -0.03246 0.13231
-0.08458 -0.00832 -0.01487
0.22807 -0.02068 0.08932
0.28931 -0.02577 0.04169
0.19986 -0.11926 -0.14380
0.18686 -0.06054 -0.12180
0.43024 -0.11148 0.00557
-0.20143 0.01972 -0.07733
0.21352 -0.11686 -0.16103
-0.21874 -0.07842 -0.01989
0.02347 -0.08080 0.10237
0.29170 -0.09407 0.11683
0.13678 -0.01742 -0.13706
0.15731 -0.01742 -0.13618
-0.24426 0.00007 0.08027
0.14095 -0.10373 0.07879
-0.37942 -0.05247 0.13159
-0.38011 -0.04439 0.13142
0.26679 -0.14632 0.15657
0.08623 -0.10683 0.16164
0.11228 -0.11253 0.15707
0.12477 -0.11263 0.15700
-0.21674 -0.11455 -0.16510
0.24056 -0.07469 -0.16416
-0.03136 -0.09523 -0.02105
-0.20626 -0.08540 0.12369
-0.00412 -0.02709 0.16000
-0.02173 0.04180 -0.07961
-0.31061 -0.10074 -0.14990
-0.37561 -0.10661 0.09756
-0.31134 -0.12043 0.01360
-0.31999 -0.11857 0.08641
-0.32910 -0.11661 0.09657
-0.33637 -0.11505 0.08252
-0.32533 -0.11742 0.01535
-0.32861 -0.11671 0.09006
-0.37101 -0.10760 0.08382
-0.32902 -0.11663 0.10134
-0.32759 -0.11693 0.06332
-0.32018 -0.11853 0.01009
-0.35172 -0.11174 0.08213
-0.32212 -0.11811 0.05357
-0.36612 -0.10865 0.08621
-0.36017 -0.10993 0.10584
0.07497 -0.11110 0.15923
0.13031 -0.11268 0.16046
-0.09507 -0.01862 -0.14521
-0.18478 -0.05981 0.00182
-0.41405 -0.07183 -0.12226
-0.13179 -0.05884 0.01545
-0.11312 -0.09484 -0.00800
-0.17176 -0.04476 -0.01166
0.04102 -0.05495 -0.16204
-0.28483 -0.08350 -0.15735
-0.23090 -0.03207 -0.16864
-0.27633 -0.05744 0.01988
0.20041 -0.09221 -0.16103
-0.31699 -0.05262 0.03990
0.26800 -0.11374 0.15407
0.37569 -0.07646 -0.11090
0.36962 -0.08045 -0.12333
0.30559 -0.10355 -0.11229
0.42292 -0.09484 -0.07173
-0.29918 -0.05211 -0.01504
-0.26700 -0.05794 -0.00043
0.28620 -0.06762 -0.15362
0.27271 -0.08354 -0.15547
-0.21730 -0.07990 0.03556
-0.29172 -0.09917 -0.11544
-0.20112 -0.05839 0.00748
-0.13989 0.04048 0.06296
-0.26528 -0.08268 0.00091
0.14934 -0.06627 0.12632
0.14992 -0.09716 0.12485
0.16120 -0.09970 0.09605
0.15400 -0.09878 0.11443
-0.28752 -0.13456 -0.16811
-0.20475 -0.13950 -0.13017
-0.02565 -0.04905 0.16204
-0.04125 -0.08855 -0.02420
-0.01174 0.04071 0.08828
-0.26704 -0.00736 0.06179
0.20811 -0.04312 -0.14796
0.34349 -0.03618 0.15186
0.16673 -0.08918 0.14403
0.16660 -0.09187 0.12884
0.08331 -0.03932 0.00029
-0.00068 0.04293 -0.01036
-0.26391 -0.05481 0.04801
0.20145 -0.09746 0.11051
0.24745 -0.11387 0.10653
0.17694 -0.11639 0.10591
0.18343 -0.10604 0.10843
0.17185 -0.08959 0.11243
0.20996 -0.10277 0.10922
0.42212 -0.11405 0.07178
-0.20221 -0.09995 0.02387
-0.13402 -0.09536 0.02694
-0.11005 -0.09468 0.02740
-0.21334 -0.09787 0.02526
-0.19617 -0.10076 0.02333
-0.19988 -0.09461 0.02744
0.20777 -0.12802 -0.11859
-0.27100 -0.06405 0.14488
0.14581 -0.11039 0.16361
-0.09456 -0.07921 -0.16204
-0.17459 -0.04092 0.03321
-0.26179 -0.08209 0.03296
-0.27197 -0.09716 -0.00652
0.32355 -0.03079 -0.12193
-0.28418 -0.11642 -0.10388
-0.30798 -0.11592 -0.10415
-0.03373 -0.10169 0.10885
-0.37191 -0.10465 -0.12039
-0.30473 -0.08799 -0.12082
0.14755 -0.09372 0.16434
0.26721 -0.12040 0.14804
0.19651 -0.13287 0.16859
-0.13137 -0.11591 -0.15829
0.09284 0.02023 -0.01581
0.09896 0.01775 -0.01660
-0.30158 -0.05631 0.01659
-0.32039 -0.06204 -0.00318
-0.23776 -0.15507 -0.13607
-0.06064 -0.05343 -0.03936
-0.08212 0.00214 0.04407
0.24870 -0.03615 -0.11914
0.41014 -0.08249 -0.02070
0.41014 -0.07749 -0.02145
-0.15658 -0.06760 0.04989
-0.27367 -0.05657 0.00275
0.29299 -0.10321 0.14842
-0.23621 -0.09820 0.15606
-0.20566 -0.14019 0.13378
0.22520 -0.10641 0.16103
-0.26133 -0.03841 -0.13564
0.33126 -0.03290 -0.12052
0.08895 -0.02359 0.01175
0.12647 -0.02954 0.02635
0.13126 -0.03032 0.02678
0.14982 -0.03325 0.03512
0.08823 -0.02353 0.00580
0.10265 -0.02676 -0.08098
0.09133 -0.02463 -0.05252
0.09594 -0.02524 -0.03934
0.11214 -0.02723 0.02415
0.15685 -0.03443 0.03134
0.09223 -0.02507 -0.08114
0.09367 -0.02492 -0.04345
0.09971 -0.02507 0.03866
0.08187 -0.02236 0.01944
0.13206 -0.03058 0.01382
0.12283 -0.02905 0.01647
0.11634 -0.02782 0.03384
0.11960 -0.02839 0.02942
-0.29800 -0.04715 0.03187
0.02624 -0.10186 -0.10124
0.22207 -0.14876 -0.16859
0.36785 -0.04511 -0.14131
0.11936 -0.02144 0.10111
-0.28710 -0.09629 0.14789
-0.08532 0.00797 -0.08805
0.26610 -0.04860 0.11840
-0.22047 -0.05930 -0.01557
0.42719 -0.09443 0.04317
-0.41259 -0.09734 0.11472
-0.27232 -0.06507 -0.16209
0.29366 -0.09812 -0.15494
0.02220 0.04027 -0.05190
-0.04002 -0.08131 -0.00648
0.03215 -0.08798 -0.01001
-0.18015 -0.09994 0.00098
0.12041 -0.09286 0.16204
-0.31864 -0.06534 -0.02345
0.25033 -0.05927 0.15789
0.28661 -0.04274 -0.11370
-0.29468 -0.06227 0.14705
0.09169 0.01633 -0.06981
-0.13178 -0.05162 0.02825
-0.02370 -0.09640 0.01824
-0.12137 -0.06299 -0.03570
0.02300 -0.08573 0.05648
0.00243 0.04165 0.06971
-0.04996 -0.01742 -0.14759
-0.05620 -0.04052 -0.16204
-0.10003 -0.11261 0.16401
0.23582 -0.12659 0.16103
-0.12524 -0.11969 -0.15205
0.40790 -0.09468 0.12420
0.40892 -0.10836 0.11694
-0.38815 -0.07053 -0.11152
-0.32786 -0.09760 -0.10981
-0.14747 -0.05218 0.01941
-0.00041 -0.09178 -0.04089
0.00307 -0.09114 -0.02729
-0.05706 -0.09556 0.03455
0.29978 -0.02667 0.09611
-0.18082 -0.05295 -0.00826
-0.21591 -0.09001 0.16197
-0.08595 0.01468 0.06099
0.09633 0.01410 0.07216
-0.35868 -0.02180 -0.12383
-0.31415 -0.02951 -0.13360
-0.36853 -0.02474 -0.12159
-0.36323 -0.03619 -0.12258
-0.33465 -0.03810 -0.12890
-0.34411 -0.03494 -0.12685
0.26331 -0.14609 0.11639
0.04067 0.03680 0.04701
0.41264 -0.09054 -0.05893
0.19693 -0.11392 -0.11957
-0.07193 -0.05929 0.02829
0.26676 -0.06345 0.11033
0.28035 -0.07828 0.10922
0.17645 -0.09740 0.11644
-0.15980 -0.01738 -0.16353
-0.21726 -0.04241 0.10910
-0.21141 -0.05354 0.10806
0.06715 -0.04887 0.16204
0.24124 -0.10345 -0.15699
-0.23997 -0.08285 0.00293
-0.26941 -0.03863 0.16203
0.02335 -0.08567 0.07964
-0.08509 0.04090 -0.09108
-0.09536 -0.06399 -0.15610
0.17729 -0.01742 -0.11337
0.12939 -0.10386 0.12563
0.13751 -0.10386 0.10039
-0.06334 0.03762 -0.10746
-0.04205 -0.10069 0.10666
0.29247 -0.06105 0.16266
0.24032 -0.13701 0.15968
-0.18267 -0.09390 -0.10561
0.13776 0.00126 -0.03236
-0.08983 0.00059 0.05566
-0.25682 -0.03782 0.13371
0.16065 -0.01807 0.16171
-0.03121 -0.09681 -0.01069
0.22543 -0.14567 0.16859
