0.09739 0.02374 -0.15059
-0.16996 -0.03405 -0.15264
-0.41766 -0.00069 -0.07110
0.40694 -0.05408 0.03414
-0.30445 -0.06583 0.16906
-0.04085 -0.02929 -0.10969
-0.17025 -0.07309 -0.15269
-0.12654 0.02005 0.15706
-0.36632 0.06697 0.06043
0.09632 -0.04420 0.04508
0.09689 -0.02949 0.03994
-0.27745 0.09937 0.02419
0.15604 0.01854 0.13524
-0.03707 -0.07590 -0.01686
-0.02284 -0.10487 -0.01702
-0.02228 -0.08227 -0.01690
0.06009 0.04299 -0.14197
-0.05103 0.09839 0.00845
-0.19036 0.00899 -0.12488
0.19526 -0.12295 -0.16724
0.26150 -0.03909 -0.17320
-0.19614 0.04260 -0.14078
-0.18969 0.06120 -0.13273
0.03127 -0.00560 0.15231
0.27644 -0.08693 -0.10409
0.07269 -0.06250 -0.10316
-0.22897 -0.13028 0.10524
-0.23505 -0.13367 0.10432
0.36047 -0.12713 0.15119
0.01472 -0.05952 0.03428
-0.23910 0.02632 -0.14320
0.10083 0.05919 0.09547
0.28934 -0.13376 0.14092
0.26522 -0.15646 0.15004
0.21659 -0.13815 -0.16632
0.20932 -0.14115 -0.11914
-0.04073 -0.10734 -0.17095
0.27145 -0.12046 -0.15223
-0.03376 -0.01174 -0.09178
-0.34641 -0.10979 0.12770
0.36290 -0.03158 -0.13193
-0.18258 -0.09221 0.15358
-0.12381 0.11958 0.03666
-0.09462 -0.10660 0.13344
-0.35838 0.07169 -0.12145
-0.04815 0.10480 0.06371
0.36949 -0.13386 0.13416
-0.12672 0.10828 0.03978
-0.13817 0.06388 0.03461
0.20128 -0.12544 -0.16724
-0.29337 -0.08085 0.15976
0.43108 -0.11745 0.00514
-0.21282 0.00370 0.15147
-0.25056 0.10000 0.07233
0.38751 -0.02281 -0.06269
0.15638 -0.01158 0.16691
0.32797 -0.12122 0.16466
0.23917 -0.14137 -0.13430
0.03699 0.05780 0.13722
-0.42020 -0.03421 0.06032
0.11537 0.04650 0.11710
0.16037 0.02166 0.09386
0.21779 -0.07150 -0.10359
0.00304 -0.07237 -0.03689
-0.12700 0.00736 0.13033
0.20839 -0.09826 0.16808
0.18169 -0.12158 -0.10444
-0.19053 0.10649 -0.01242
-0.28352 0.08791 0.10737
0.10970 -0.08576 -0.16825
0.03820 0.03937 -0.14249
-0.25994 -0.15750 0.12286
-0.27912 -0.00672 -0.16849
-0.37155 0.08330 0.01174
-0.38932 0.08330 -0.03749
0.34967 -0.02691 0.11817
-0.00913 0.01419 0.15006
0.18536 -0.05843 0.12906
-0.29080 -0.06231 -0.12308
-0.23456 -0.08278 -0.16790
0.15785 -0.09004 -0.07380
0.41430 -0.06545 -0.07622
-0.05956 -0.08416 -0.01691
-0.06112 -0.09444 -0.01697
0.31896 0.00378 -0.02994
0.15825 -0.07538 -0.06382
-0.41416 0.00634 0.05224
0.27703 -0.07537 0.17161
-0.07136 -0.01394 0.17058
-0.29760 0.02394 0.15214
0.40097 -0.13379 -0.10105
0.02926 0.06387 0.11442
-0.41086 -0.11220 0.02472
0.38649 -0.13392 -0.06478
0.39216 -0.13390 -0.06297
0.31668 -0.00453 0.11794
-0.39023 -0.01935 0.14442
-0.02363 0.11233 0.05973
0.04001 -0.07979 0.01757
0.02699 -0.09133 0.01757
0.00956 -0.11456 0.01756
-0.38658 -0.11912 0.09352
0.25882 -0.02991 -0.17184
0.36048 -0.03483 0.11738
-0.24255 -0.04794 -0.13209
-0.02378 -0.06723 -0.09435
-0.13102 0.07234 0.12978
-0.11728 0.04808 0.14079
-0.13005 0.08007 0.12638
-0.13775 -0.07921 0.00468
0.28587 -0.06271 -0.11042
-0.14080 -0.09586 0.14605
-0.14207 -0.10743 0.14607
-0.19479 0.06820 0.13040
-0.18538 0.03440 0.14547
-0.06326 0.07300 0.09160
-0.11168 0.02686 0.15030
-0.14459 -0.00111 -0.15152
-0.21268 -0.05862 0.06167
-0.20567 -0.05798 0.03042
-0.18241 -0.05510 0.04201
-0.18889 -0.05580 0.05483
-0.21293 -0.05872 0.05079
-0.20270 -0.05748 0.05191
-0.17099 -0.05383 0.02685
-0.21744 -0.05904 0.08509
-0.08246 0.02159 -0.15327
-0.29640 0.10338 0.03555
0.26543 -0.12109 0.17116
-0.08857 0.09660 -0.10222
-0.17071 -0.06240 0.14738
0.19538 -0.04809 0.14145
-0.29957 -0.10502 0.16714
0.27462 -0.09888 -0.15987
-0.28472 -0.03899 0.14300
0.24738 -0.07117 0.17031
-0.15724 -0.02994 -0.15268
-0.03862 0.09920 0.10352
-0.09072 0.10578 -0.07875
0.05971 -0.00481 0.15223
-0.42351 0.01818 -0.00903
-0.32270 -0.13118 0.17230
-0.23086 0.05663 -0.12933
0.01595 0.00611 0.15137
-0.31988 -0.10023 -0.16730
0.37602 -0.03982 0.08368
0.35019 -0.02772 0.12572
-0.26025 -0.09327 -0.16357
-0.33598 0.06525 -0.12020
0.37890 -0.01531 0.04568
-0.14254 0.09923 0.11787
0.23284 -0.06997 -0.16367
-0.13905 -0.11459 -0.14618
0.27704 -0.05179 -0.13979
0.17045 -0.08077 0.14724
0.05392 -0.04446 -0.05642
-0.37141 -0.04428 -0.16049
-0.10268 -0.09852 -0.00810
0.15785 -0.07936 -0.04129
0.39843 -0.06137 0.11503
0.27272 -0.08440 0.14206
0.19142 -0.06553 0.10664
-0.25816 0.09664 -0.09364
-0.36902 -0.12206 0.12609
0.10280 -0.10769 -0.16837
-0.37359 -0.08520 -0.15819
-0.28081 -0.06874 -0.16842
0.09950 0.05820 -0.10596
0.17688 -0.07025 0.13055
0.43679 -0.11871 0.00392
0.06074 -0.04333 0.11178
0.15355 -0.11413 0.10918
-0.37964 0.07087 0.11635
-0.12647 -0.05759 0.15370
0.35531 -0.11393 0.15322
0.04731 -0.04442 0.04440
0.34272 -0.00320 0.04931
-0.38503 -0.07794 -0.15543
0.42533 -0.11667 -0.04055
0.30668 -0.12577 -0.15295
-0.23070 -0.14406 -0.14916
-0.02407 0.11505 -0.00179
-0.17595 -0.08217 0.17108
-0.10950 -0.01065 0.16986
-0.37677 0.03464 0.12788
0.06565 0.08350 -0.00735
-0.25100 -0.08080 0.16795
0.20852 -0.10354 -0.16719
0.11821 0.01801 0.02017
-0.12004 -0.11439 0.10353
-0.12397 -0.11443 0.09651
-0.11277 -0.11414 0.15287
-0.13376 -0.11436 0.10989
-0.04948 -0.00486 -0.03804
0.07452 0.07834 -0.04014
-0.04146 0.03701 0.12209
-0.41753 0.00724 0.03650
-0.01528 0.01362 -0.14953
0.15762 -0.09831 -0.08389
-0.11269 -0.04053 0.15375
0.00666 0.10775 -0.04721
0.32752 -0.13399 -0.12581
0.33556 -0.13389 -0.14184
0.02836 -0.05892 0.12186
0.12216 -0.02798 -0.14959
0.21407 -0.16004 -0.14151
-0.36500 0.03418 -0.12450
-0.36211 -0.00413 -0.15249
0.11942 -0.11732 -0.14152
0.04989 0.00710 -0.16140
0.26784 0.00831 -0.09865
-0.06658 0.10527 -0.07506
-0.12329 -0.07593 -0.17070
-0.33649 -0.12088 -0.15961
-0.19833 -0.05944 0.17140
-0.03986 -0.02239 -0.11701
0.00719 -0.06463 0.12060
0.16470 -0.13245 -0.13885
0.08246 0.05113 -0.13167
-0.07936 -0.08701 0.15402
-0.08762 -0.03753 -0.15305
0.10682 -0.00256 -0.05461
0.15805 -0.08515 0.07993
0.39043 -0.07924 0.13127
0.22458 -0.03906 0.11579
0.38155 -0.07813 -0.13715
-0.21315 -0.08376 0.17224
-0.09698 0.05071 -0.13918
-0.33920 -0.08234 -0.11814
0.32517 -0.08613 -0.16687
-0.37270 -0.02899 -0.15536
0.43673 -0.12057 0.02561
-0.43116 -0.04755 -0.07845
0.40684 -0.05226 0.07305
-0.41558 -0.00165 -0.00272
0.10314 0.06365 0.00320
-0.03359 0.09861 -0.10304
-0.03997 0.01583 -0.15748
-0.03408 0.09807 0.10643
0.09305 -0.11492 0.15257
0.08755 -0.11491 0.12072
0.06125 -0.11486 0.05106
-0.16029 0.10796 0.01461
-0.01203 -0.05032 -0.02577
0.24308 -0.06063 -0.14699
-0.22963 0.10300 -0.04608
-0.01849 0.10132 0.06222
0.14652 0.03344 -0.06159
-0.15953 -0.04780 -0.15263
-0.09397 0.06712 -0.11174
-0.29231 -0.12212 0.16081
-0.40485 0.03354 -0.08423
-0.20128 -0.06417 0.15369
-0.25261 -0.06413 -0.16639
0.14805 -0.10146 0.17360
0.34116 -0.03410 0.14622
-0.23456 0.02452 -0.01759
0.35048 -0.06199 0.15689
-0.21039 0.02466 0.12505
0.09779 -0.00591 -0.01508
-0.21431 -0.09432 -0.14383
-0.19304 -0.05658 0.00129
-0.35248 0.03825 0.13162
0.38091 -0.05334 0.08904
0.02524 0.09457 0.07515
0.34597 -0.13402 0.09029
-0.21550 -0.11624 0.15882
-0.29063 -0.05696 -0.16763
-0.24880 0.01492 0.10845
-0.11185 -0.12635 -0.17005
-0.02142 -0.05558 -0.10859
-0.21190 -0.07474 -0.17137
-0.22684 0.08460 -0.11632
-0.22708 0.02268 -0.11044
0.28615 -0.11019 -0.10440
0.01654 0.10423 0.00672
-0.01183 -0.04971 -0.11484
0.07165 0.07505 0.09888
-0.21387 -0.04681 -0.15274
-0.08737 0.11866 -0.04593
0.01343 -0.06812 0.12927
-0.01727 0.10364 -0.11233
-0.34565 -0.07536 -0.16451
-0.41705 -0.02679 0.06270
-0.21153 0.03293 -0.12895
-0.15374 0.10106 -0.10665
-0.22138 0.09326 0.11249
-0.09457 0.07501 0.12537
-0.08683 -0.00350 0.12652
0.10110 -0.01721 0.04510
-0.09124 0.04655 0.14200
-0.30088 -0.04342 -0.11403
-0.02232 -0.11433 0.17237
0.22837 -0.08607 0.15852
-0.30028 0.03145 0.13577
-0.38129 0.07787 0.09527
0.11516 0.01639 0.01054
-0.41552 0.02536 -0.07026
0.38184 -0.13387 -0.11958
0.37299 -0.13387 -0.12962
-0.11546 0.02623 -0.14762
-0.34692 -0.09646 0.15687
-0.06376 -0.10137 0.01784
-0.15821 -0.07455 -0.15271
-0.06608 0.02183 -0.15220
0.01788 -0.05225 0.17055
0.09020 0.03308 -0.15235
0.04877 -0.10063 -0.15243
0.40583 -0.09537 0.05760
0.24784 -0.08866 0.15311
-0.40166 -0.11506 0.07254
-0.39541 -0.11632 0.08551
-0.37170 -0.12042 0.08854
-0.40602 -0.11373 0.03071
-0.36838 0.08580 0.12179
-0.08369 -0.11246 0.01759
0.24815 -0.03764 -0.15752
0.11874 -0.11582 -0.13194
-0.14384 -0.08931 0.17131
-0.04917 0.10510 -0.06000
0.22823 -0.12105 -0.16592
0.11529 0.05407 0.06105
-0.12720 0.00579 0.16717
-0.23462 0.00442 0.04519
-0.22913 -0.02793 0.02624
-0.22687 -0.04125 0.08239
-0.22405 -0.05781 0.13575
-0.23306 -0.00477 0.04321
-0.23006 -0.02243 0.08838
-0.23070 -0.01868 0.08251
-0.23207 -0.01062 0.05436
-0.23422 0.00204 0.05304
0.21723 -0.09357 -0.15601
-0.05218 -0.04698 -0.15296
-0.28191 -0.05727 0.16683
0.11345 0.00768 -0.10426
0.25734 -0.04168 0.13582
0.31188 -0.03052 -0.15668
-0.23754 -0.07872 0.16605
-0.24890 0.01465 -0.08030
0.15813 -0.08740 -0.11081
-0.26382 -0.14041 -0.11914
0.03849 -0.08816 0.10948
0.04078 -0.09598 0.10934
0.02573 -0.08845 0.11025
0.25810 -0.11557 -0.14818
-0.17530 0.05466 0.11738
-0.41875 0.11519 0.02276
0.21413 -0.04310 0.10739
0.21477 -0.00541 0.16587
-0.25008 -0.09665 0.16695
-0.17580 0.09887 -0.11643
0.37655 -0.04345 -0.10064
-0.39580 -0.11714 -0.11950
-0.37101 -0.12107 -0.11246
-0.18970 0.11360 -0.08571
-0.19768 0.09725 0.11103
0.00517 0.09982 -0.11123
-0.18385 -0.05169 -0.15270
-0.15512 0.10706 0.05135
0.40905 -0.04019 -0.01623
0.18022 -0.13295 -0.10475
0.10589 -0.01910 -0.06980
0.36820 -0.04881 -0.11378
0.23971 -0.05661 0.12185
0.33002 -0.13393 -0.10781
-0.23972 -0.01950 -0.16980
-0.31990 -0.05723 0.16871
-0.11902 -0.10212 -0.15295
-0.10863 0.00600 0.16662
-0.42797 -0.05309 0.08461
-0.30270 0.06933 0.12879
0.25204 -0.14729 -0.16903
0.00061 -0.07081 0.11665
0.17292 -0.10876 0.14416
-0.06012 -0.11449 0.13237
0.15776 -0.08760 -0.04472
0.18540 -0.09850 -0.16849
0.19512 -0.12458 -0.11914
-0.22193 0.10108 0.08896
-0.04885 -0.01727 -0.15241
0.30077 -0.13416 -0.10074
0.29768 -0.13420 0.06462
0.29622 -0.13422 -0.03549
0.26543 -0.13461 0.09366
0.29160 -0.13428 0.04680
0.28576 -0.13435 -0.02248
0.26248 -0.13464 0.03980
0.29180 -0.13427 0.10523
0.29948 -0.13417 0.04570
0.27432 -0.13449 0.02525
0.27555 -0.13448 0.00735
0.16435 -0.12609 -0.13246
0.15731 -0.10251 0.08111
0.05280 -0.08924 0.17041
-0.11284 0.00306 -0.15134
0.03531 0.09378 -0.07451
-0.30580 -0.04457 0.13503
-0.09262 -0.00538 0.15276
-0.21640 -0.11856 -0.13529
-0.37183 0.03290 0.00235
-0.27702 0.03234 0.00434
-0.25811 0.03222 0.00128
0.04014 0.09534 0.01862
-0.11878 -0.11483 -0.01736
-0.09675 -0.11465 -0.05381
-0.08344 -0.11449 -0.08462
-0.07682 -0.11421 -0.13798
-0.10511 -0.11452 -0.07855
-0.08400 -0.11444 -0.09492
-0.07224 -0.11427 -0.12802
-0.11632 -0.11470 -0.04429
-0.12983 -0.11480 -0.02446
-0.10197 0.10571 -0.08222
0.00459 -0.11461 -0.12970
-0.02958 -0.11473 -0.07111
-0.03357 -0.11475 -0.06217
0.01275 -0.05323 0.10165
-0.00047 -0.05495 0.10656
-0.24411 -0.11483 -0.16287
0.04298 0.07255 -0.12416
0.11614 0.00934 -0.09213
-0.30568 0.09402 -0.03102
-0.15194 -0.01713 0.17044
0.18868 -0.08273 -0.11899
-0.31670 -0.12802 0.12185
0.15965 0.01860 0.13062
0.06464 -0.07060 0.10268
0.24701 0.01330 0.07566
-0.33737 -0.08204 0.14969
-0.05964 0.03157 0.05722
0.29643 -0.11767 -0.13421
-0.00534 -0.11483 -0.02495
0.03752 -0.11469 -0.14115
0.04488 -0.11469 -0.15184
-0.04543 0.00650 0.15195
0.19356 0.01934 -0.00320
0.04142 -0.05312 0.12232
-0.27938 -0.12130 0.16746
-0.23094 -0.10656 -0.11914
-0.14024 -0.09562 0.12401
-0.13881 -0.08216 0.12035
-0.13885 -0.08743 0.09149
-0.14088 -0.11237 0.06148
-0.14112 -0.10446 0.12286
-0.33779 -0.07463 -0.14457
0.37546 -0.13393 -0.08680
0.15947 -0.08533 0.17360
-0.05645 0.10559 -0.06029
0.16943 -0.01847 -0.17198
-0.00976 -0.06992 -0.01673
0.04691 -0.06722 -0.11575
0.17154 -0.05321 -0.16754
-0.34122 0.05452 0.12078
-0.27140 -0.04870 -0.10574
0.12053 -0.07038 -0.14082
0.23238 -0.03870 -0.12606
-0.01296 -0.04394 -0.11713
-0.15983 -0.11448 -0.14911
-0.04081 -0.11121 0.17218
0.00135 0.09835 0.06206
-0.03157 -0.01573 0.06930
-0.25714 -0.07169 -0.16511
0.40432 -0.05026 -0.07155
-0.22314 0.10218 -0.07325
0.41867 -0.08942 0.06839
0.11473 0.01125 0.14230
-0.16905 0.11593 0.07078
0.08650 0.05533 0.13377
-0.22458 -0.05101 0.01991
0.24189 0.01556 -0.03347
-0.41414 -0.03182 0.10913
0.09226 0.06904 0.04530
0.14002 0.01268 0.14980
-0.08546 0.11974 -0.02180
-0.06899 0.10813 0.01146
0.43802 -0.13190 0.01871
-0.24963 -0.07037 -0.15153
-0.11893 0.10896 0.00085
0.23629 -0.09586 -0.10079
-0.26437 -0.07952 -0.15160
0.02246 -0.12597 0.17088
-0.16924 -0.07242 -0.17025
0.19411 -0.14858 -0.14418
0.07976 0.06315 0.12678
-0.28941 -0.13135 -0.15865
-0.38629 0.03498 0.12028
-0.38511 0.03355 0.10320
0.11423 -0.10921 0.15290
-0.01884 -0.05918 0.15354
-0.25029 -0.11735 0.16222
0.07819 0.06166 -0.12956
-0.07315 0.04898 0.13692
0.25542 -0.12601 0.10064
-0.05157 0.04110 -0.10224
0.17492 -0.09655 -0.10582
-0.08187 -0.09363 -0.15314
-0.03540 -0.04526 -0.04475
-0.41386 0.00648 -0.01812
-0.03146 0.10843 0.10058
0.11132 -0.02626 0.15257
0.14237 -0.04786 -0.17039
-0.01998 -0.03573 -0.15269
-0.20265 0.10518 0.03973
0.17462 0.02060 0.01473
-0.07384 0.06390 0.09844
-0.06574 0.05007 -0.13649
0.14851 0.03435 0.02187
-0.41343 -0.10820 0.12412
-0.11214 0.10766 -0.05103
0.26692 -0.08008 0.16942
0.20364 0.01906 0.07309
-0.31806 -0.04008 0.17171
0.11995 0.04050 -0.12635
-0.08203 -0.10796 0.17219
0.34212 -0.04003 0.14566
-0.32520 0.08621 -0.08771
-0.37047 0.05567 0.10842
0.02803 -0.11481 0.04895
0.03540 -0.11481 0.05229
0.03689 -0.11476 0.11476
0.00923 -0.11482 0.04762
0.03744 -0.11482 0.03623
0.02539 -0.11484 0.02049
0.04748 -0.11478 0.08755
-0.15082 -0.06120 0.14603
-0.02892 -0.02270 -0.02404
0.07493 0.04878 -0.13946
-0.10667 0.10394 0.09879
-0.42168 -0.04012 -0.04027
-0.32666 0.08563 0.09024
-0.10310 -0.05396 0.17168
0.39564 -0.05901 -0.11618
0.14120 -0.01408 0.15250
0.04918 0.08562 0.09734
-0.09418 0.02755 0.12047
0.11350 0.00969 0.05706
-0.26622 -0.03852 -0.15320
-0.33680 -0.10967 0.12470
-0.04781 -0.01310 -0.07179
-0.05130 0.09244 -0.03242
0.05155 -0.05560 -0.11754
0.04621 0.09167 -0.04482
0.19683 -0.05350 -0.16541
0.24764 -0.13986 0.12619
0.34997 -0.13400 0.10240
-0.37526 0.06281 0.00210
-0.33600 0.08713 -0.00383
-0.43565 -0.05896 0.03290
-0.26052 -0.10885 0.10106
-0.21196 -0.03264 0.15321
-0.10764 -0.13489 0.17110
-0.32990 0.09016 -0.00031
-0.25188 -0.14176 0.16890
0.11686 -0.09563 0.15287
-0.00601 0.06105 -0.13393
-0.32413 0.09110 0.06488
-0.23538 0.10821 -0.09629
0.14099 -0.09409 0.03829
0.26889 0.01228 0.03195
-0.37081 0.07957 0.08748
0.28058 -0.10331 -0.10383
0.01731 0.09615 0.01337
-0.05307 0.00861 0.15139
-0.09114 -0.06992 -0.14174
-0.20622 0.11545 0.03629
-0.20970 -0.11260 0.16108
0.36922 -0.12458 -0.14735
-0.09137 0.01296 -0.12441
-0.40834 -0.00990 -0.09908
0.19704 -0.05876 -0.10586
0.36298 -0.05892 -0.14828
-0.29669 -0.14433 -0.16733
-0.05778 0.11679 -0.05396
0.42606 -0.13380 0.05533
0.37726 -0.13394 0.07550
-0.23471 0.00501 0.07222
-0.23249 -0.00809 0.08810
-0.23307 -0.00464 0.09805
-0.22967 -0.02456 0.14274
-0.22918 -0.02755 0.12260
-0.23714 0.01933 0.06033
-0.23431 0.00274 0.10027
-0.23471 0.00510 0.10854
-0.06899 -0.09438 -0.01458
-0.16501 -0.04642 0.15348
0.14762 0.02865 -0.09239
-0.41460 -0.02454 0.09134
-0.37423 0.06231 -0.04777
-0.22658 -0.06420 -0.11246
-0.31667 0.01179 -0.15716
-0.41744 0.01001 0.07503
0.09542 0.02071 0.14924
0.38377 -0.03023 -0.09683
0.07963 -0.10005 -0.16956
0.37844 -0.04202 -0.11565
-0.31729 -0.10704 0.14955
-0.15430 -0.02211 -0.17023
-0.40525 -0.01876 0.12592
0.05002 -0.04038 -0.02916
-0.04347 0.05625 0.13701
-0.34935 0.06852 0.10729
0.37885 -0.05097 -0.11895
-0.25476 -0.14435 -0.16899
-0.41034 0.03574 0.02147
-0.36680 0.09269 0.10467
0.03342 -0.07490 -0.15242
-0.36553 0.06734 -0.06150
-0.08503 0.01773 -0.13122
0.40928 -0.05946 -0.02539
0.11088 -0.11497 -0.08553
0.11890 -0.11493 -0.06793
0.13689 -0.11485 -0.04281
0.12800 -0.11496 -0.08309
0.10143 -0.11493 -0.06420
0.12938 -0.11497 -0.08967
0.11943 -0.11498 -0.08881
0.07591 -0.11487 -0.03621
-0.19335 0.11595 0.04734
0.00852 0.09540 -0.07398
0.28205 -0.09525 -0.11914
-0.02102 0.08304 -0.12445
0.09676 -0.05824 -0.16875
0.27335 -0.05064 -0.11999
-0.00651 -0.06657 0.00298
-0.14271 0.02680 0.14653
0.13751 -0.11248 -0.17072
0.29940 0.00237 0.09775
0.13623 0.02175 -0.06346
0.02913 0.07401 0.10846
-0.19144 -0.02942 -0.17012
-0.33126 0.05481 0.13232
-0.22301 -0.05940 0.10649
-0.04921 0.03242 0.05458
-0.35834 0.06923 0.09062
0.31702 0.00359 -0.04449
-0.03953 -0.09321 0.13083
-0.06130 0.05563 -0.13690
-0.02787 0.06002 0.13498
-0.02751 0.03866 0.14434
-0.18931 -0.09228 -0.15164
-0.06024 0.01852 0.15664
0.10879 -0.02944 -0.14569
-0.38088 -0.00811 0.13936
0.17259 -0.10680 -0.10589
-0.19919 0.10578 -0.02814
0.39770 -0.05500 -0.07698
-0.08895 -0.08042 -0.17115
-0.32739 0.08630 0.08538
0.40826 -0.09375 -0.07655
0.38049 -0.09892 -0.13934
-0.29113 -0.07446 -0.16015
-0.33169 -0.13300 0.15800
0.20251 -0.07679 -0.12532
0.01571 -0.07453 -0.14091
0.11754 0.05144 0.07506
-0.02319 -0.05896 0.17141
-0.12414 -0.07890 0.17156
-0.07571 -0.03839 -0.15312
-0.18838 0.10521 0.05867
-0.02405 -0.11469 0.08603
-0.01208 -0.11466 0.10319
0.00150 -0.11452 0.14665
0.29529 -0.08038 -0.13851
0.11158 -0.01402 0.06141
-0.28212 0.10287 -0.09559
0.08810 0.01171 -0.15212
0.06278 -0.03993 -0.03356
-0.31571 0.08943 -0.07973
-0.18263 -0.09826 -0.15273
-0.03592 0.03332 0.12591
0.40521 -0.03324 0.04096
-0.27444 -0.13117 -0.16491
0.10791 -0.01301 -0.10391
-0.41176 0.00867 -0.09824
0.32379 -0.03819 -0.15834
0.00590 0.09933 0.10011
0.22965 -0.00016 -0.14983
-0.05141 -0.02049 -0.17026
-0.37510 0.04832 0.12023
0.00378 0.10638 -0.06948
0.13585 -0.04205 0.15072
0.08830 0.00272 0.06473
-0.12628 -0.12040 -0.17061
-0.23791 -0.11240 0.15825
-0.40083 -0.05439 0.14869
-0.38218 0.05296 0.09021
0.16209 -0.10773 0.16861
-0.29693 -0.12963 -0.16256
-0.14818 0.10592 -0.07450
0.20848 -0.10343 -0.16090
0.08342 -0.01247 0.06275
-0.37759 -0.11257 0.10161
-0.07640 0.11947 -0.02558
0.02684 0.09472 -0.00058
-0.03809 0.10585 -0.00695
-0.14995 0.01445 -0.12460
-0.32519 0.03259 0.13559
0.42079 -0.09338 0.03024
0.43406 -0.11810 -0.00313
-0.25212 -0.04167 0.15739
0.38881 -0.02561 -0.06928
-0.01225 0.06019 0.13487
0.29032 -0.00438 0.14208
-0.27219 -0.01193 0.17006
0.28011 -0.05137 0.17182
-0.26922 0.02493 -0.15120
0.10008 -0.04291 0.04190
-0.03624 -0.04273 0.10839
-0.37532 0.09944 0.09586
-0.31764 -0.12749 -0.08843
-0.30675 -0.12840 -0.08130
-0.30883 -0.12822 -0.05664
-0.29020 -0.12978 -0.00857
-0.29102 -0.12971 0.04092
-0.30078 -0.12890 0.01784
-0.32662 -0.12674 -0.10261
-0.33331 -0.12618 -0.07760
-0.30265 -0.12874 -0.01574
-0.31135 -0.12801 -0.00929
-0.29131 -0.12969 -0.08960
-0.25839 -0.06003 0.16965
-0.27454 0.09785 -0.06014
0.10454 0.04770 -0.13045
0.17290 0.02038 -0.05074
-0.31490 0.09315 -0.08534
0.14006 -0.02469 0.15256
-0.40491 -0.05064 0.14470
-0.32476 0.06212 -0.11987
-0.33544 -0.04222 0.16896
-0.08753 0.11978 0.01920
-0.26633 0.09072 -0.11589
0.15545 0.02686 0.05522
-0.10825 0.01553 -0.16145
-0.41597 -0.03507 -0.10731
0.36649 -0.02495 -0.10915
0.14382 0.03845 -0.01460
0.25824 -0.11106 0.16504
0.33324 -0.00273 -0.07181
-0.14939 0.01357 0.16343
-0.05297 -0.04799 -0.01347
0.14110 0.02971 -0.11470
-0.43813 -0.04796 0.01894
0.01731 0.10519 -0.03813
-0.21918 -0.07609 -0.15775
0.01497 -0.04822 -0.03012
0.14557 -0.10752 -0.14369
-0.03476 -0.03261 -0.17081
0.11799 -0.02216 0.14993
-0.04038 0.06061 -0.13423
-0.06700 0.09666 -0.11894
-0.24466 0.11169 0.04190
0.19757 -0.15111 0.14019
-0.17842 0.11810 -0.00326
0.22202 -0.16051 -0.12307
0.28158 -0.10527 0.10476
-0.01362 -0.11450 0.13534
-0.01841 -0.11451 0.12727
-0.02188 -0.11455 0.11598
0.13893 0.03838 -0.07149
-0.23994 0.00801 0.12560
0.36284 -0.01443 -0.08247
0.12410 0.04953 0.05065
-0.21608 -0.08773 -0.11852
-0.18835 -0.01403 -0.16871
-0.27413 -0.11949 0.16449
-0.05473 0.11742 -0.04219
-0.00543 -0.05826 -0.03438
-0.00241 0.11595 -0.01687
0.15318 0.02533 -0.08579
-0.23979 -0.08436 -0.13897
0.39479 -0.11264 -0.12554
0.19135 -0.14647 0.15381
-0.01672 0.09918 -0.10988
0.21609 -0.12886 -0.16514
0.20677 0.01710 -0.09998
-0.18502 0.06770 0.13082
-0.41267 0.01460 -0.07625
-0.08491 -0.01444 0.17053
0.08774 -0.01207 0.12399
-0.12762 0.00921 -0.16462
-0.02191 0.10384 0.01072
-0.40026 -0.04331 -0.14605
-0.01104 -0.04019 -0.15263
0.19862 -0.08305 -0.13902
-0.05679 -0.11451 0.09126
-0.06767 -0.11425 0.13299
-0.06111 -0.11458 0.07298
0.21372 -0.04145 0.11353
-0.28258 0.03381 0.13884
-0.40774 -0.06705 0.13308
0.12098 0.01243 -0.11592
-0.26404 0.10516 -0.09842
-0.26552 -0.14016 -0.13755
0.15198 0.03015 0.04965
-0.30621 -0.08808 -0.16842
-0.32563 -0.05544 -0.16787
-0.30950 0.08681 0.09903
-0.05588 -0.10029 0.13523
0.26828 -0.05634 0.10682
-0.04304 0.04516 -0.14102
-0.04087 0.03436 -0.14574
-0.01900 0.09728 -0.09910
0.05659 -0.10403 0.17044
-0.37351 -0.12230 -0.14008
0.19349 -0.10552 -0.16521
-0.39931 -0.00523 0.11970
-0.24204 -0.02142 0.17069
-0.04506 -0.01718 0.04023
-0.00807 -0.01183 0.15286
0.41342 -0.04198 0.00035
-0.22461 0.10292 0.05744
-0.01694 0.09026 0.10035
-0.14881 -0.01171 -0.15213
-0.08586 0.10687 0.06015
-0.17159 0.10688 0.04498
0.12942 -0.07247 0.15019
0.27404 -0.07926 0.12185
-0.15947 0.00103 0.15222
0.34128 -0.00488 0.07271
0.30807 0.00527 0.04536
-0.27189 -0.12210 -0.09811
0.28112 -0.05699 -0.11768
0.40146 -0.04371 -0.06740
-0.02727 -0.00047 -0.15168
-0.21805 0.11256 -0.06900
0.06570 -0.12595 0.17061
-0.01636 -0.03388 0.17132
-0.15129 0.06132 -0.02084
-0.22319 0.07006 0.12885
-0.23253 0.11183 0.06096
0.14707 -0.05831 -0.12491
0.14933 -0.06193 -0.11034
0.14487 -0.05773 -0.09417
0.01155 0.09651 -0.05360
-0.27214 -0.06033 -0.12901
-0.31875 0.09025 0.06622
0.00983 0.10453 0.07247
-0.36935 0.06655 0.03060
0.12563 -0.04581 -0.11077
0.13722 -0.05317 -0.06270
0.13385 -0.04809 -0.14114
-0.29651 -0.13144 0.17139
0.32859 -0.07580 -0.16614
0.07278 0.07583 -0.08656
-0.37634 0.07824 -0.07583
-0.13795 -0.07508 -0.15281
0.01492 0.09590 0.04806
0.00917 -0.06480 -0.15254
0.06479 -0.02891 0.15321
0.11170 -0.06555 0.13588
-0.35025 0.07741 0.05173
-0.00725 -0.03727 -0.17027
0.10955 -0.03547 0.15288
-0.36464 0.03237 -0.07142
-0.39037 0.04177 -0.10814
-0.23099 0.10084 0.08610
0.02406 0.09399 0.10264
0.11176 -0.03890 -0.12178
-0.14654 -0.11807 0.17190
-0.05790 0.02246 0.12022
0.08372 -0.04747 -0.15238
0.29897 -0.07974 0.14878
-0.15132 0.06272 0.00506
-0.25464 -0.06265 0.16718
0.40060 -0.10949 -0.08320
0.20537 -0.02250 -0.17215
0.41187 -0.11564 -0.06580
0.29738 -0.08217 -0.11805
-0.06425 -0.05620 -0.15317
-0.31783 0.04012 -0.13365
-0.30172 -0.14310 -0.16263
-0.26250 -0.10588 -0.15526
-0.31457 0.02587 -0.14896
-0.23871 -0.12522 -0.16876
-0.00540 0.09584 0.11998
-0.13891 -0.05781 -0.09747
-0.02730 0.09050 -0.11153
0.37485 -0.01219 -0.02148
-0.01954 -0.06733 0.11977
0.41020 -0.09473 0.02444
0.31566 -0.02079 -0.14568
0.25101 -0.12352 -0.15866
-0.04087 0.10356 -0.07011
-0.04048 -0.05938 0.15366
-0.11331 0.11717 -0.07002
-0.37448 0.06165 0.05637
-0.08656 0.11372 0.10154
0.27729 -0.05478 0.10912
-0.11454 0.12015 -0.00036
-0.00765 -0.03223 -0.03003
-0.30544 -0.12851 0.07383
-0.34557 -0.12516 0.03392
-0.34542 -0.12517 0.07941
-0.31969 -0.12732 0.09306
-0.32116 -0.12719 0.05425
-0.31790 -0.12747 0.01163
-0.33753 -0.12583 0.08975
-0.32533 -0.12685 -0.00741
-0.31627 -0.12760 0.08354
-0.32600 -0.12679 0.04782
-0.28858 -0.12992 0.07206
-0.28151 -0.00624 0.16917
0.01129 -0.05237 0.04224
-0.06510 -0.07415 -0.15321
0.26468 -0.12041 -0.16856
-0.06098 0.05403 0.08529
0.02368 0.09372 0.02685
0.13469 -0.10134 -0.03610
-0.22830 0.02164 -0.09775
0.00579 0.06693 -0.13154
0.10340 -0.01871 0.16711
-0.29239 -0.12574 0.16840
0.02811 0.09562 -0.08302
-0.27788 -0.05070 -0.11904
-0.33128 -0.07898 -0.16866
-0.41177 0.11008 0.06683
0.02127 -0.06136 -0.15247
0.23066 0.01638 0.05423
0.39653 -0.03535 0.07933
-0.35943 0.02954 -0.14274
-0.22275 0.06487 0.12893
-0.01438 0.07365 0.12930
0.04571 -0.07362 -0.16955
0.28478 -0.06603 0.10721
0.05292 0.07641 -0.12441
-0.26490 -0.14045 -0.16073
-0.12224 0.00539 -0.15115
0.09749 -0.05253 -0.15224
0.28865 -0.06731 -0.15985
-0.28579 0.03240 -0.00920
-0.34746 0.03277 -0.01636
0.02623 0.09500 -0.03393
0.09331 -0.04120 0.02644
-0.33502 -0.07325 0.12116
-0.07145 -0.10914 -0.17154
0.01104 -0.07428 0.13342
0.07321 0.07930 0.03200
0.25238 -0.07659 -0.16149
0.15793 -0.07109 0.09073
0.14446 -0.05949 0.04888
-0.06346 -0.01183 -0.15231
-0.36621 0.05615 -0.11171
0.40253 -0.02815 0.01927
-0.12814 0.04323 -0.14187
-0.12978 0.09165 -0.12039
-0.12261 0.03872 -0.14397
0.28469 -0.08989 -0.11897
-0.19804 -0.06144 -0.15283
-0.39658 0.10967 0.04391
-0.39723 0.10967 0.00679
0.00156 -0.06960 -0.15260
0.24925 -0.10756 0.10097
0.22887 -0.12270 0.09904
-0.01009 0.10765 0.08212
0.34366 -0.00962 -0.10137
-0.33239 -0.12989 0.13145
-0.20457 -0.13072 0.17239
-0.05208 0.04388 0.11163
-0.23513 0.09681 -0.10190
0.13634 0.01957 0.14677
0.19439 -0.13550 -0.00237
0.16966 -0.13581 0.10627
0.17319 -0.13577 -0.04539
0.19168 -0.13554 0.10011
0.17642 -0.13573 0.09071
0.18282 -0.13565 0.03826
0.17367 -0.13576 0.07053
0.20395 -0.13538 0.04776
0.21090 -0.13529 0.03063
0.16811 -0.13583 -0.07356
0.18772 -0.13559 -0.01788
0.06509 0.07116 -0.12477
-0.28813 -0.03854 -0.16029
-0.14074 -0.05969 0.15363
-0.19816 0.11662 0.02159
0.39709 -0.13358 -0.11876
-0.10323 0.11710 0.07022
0.11991 -0.04432 -0.07261
0.12789 -0.04854 -0.06955
0.11241 -0.04113 -0.04066
0.08536 -0.06342 -0.15238
0.02935 -0.08550 0.17048
0.04055 0.09260 0.06370
-0.24528 -0.01150 0.15127
-0.33786 0.03356 0.13577
0.15152 -0.06317 0.13178
0.15193 -0.06313 0.13991
-0.22459 0.01901 -0.12222
0.09933 0.06571 -0.01654
-0.19206 0.11665 -0.03300
0.16539 -0.09690 0.14597
0.18923 -0.10310 -0.16749
0.15352 0.02484 -0.02351
-0.30048 -0.01719 0.16859
0.23786 -0.14720 0.17069
-0.39637 0.04726 -0.00989
0.22573 0.01473 0.09616
-0.38966 0.07962 -0.08756
-0.37697 0.10532 0.06822
0.10447 -0.04991 -0.01338
-0.01964 -0.05744 -0.06972
-0.00749 -0.05586 -0.08692
-0.00284 -0.05526 -0.09886
-0.21969 0.11436 0.03741
-0.15373 0.06279 -0.00427
-0.34388 0.03727 0.13922
-0.11402 -0.00513 -0.16825
-0.36341 -0.07280 0.16226
0.30493 -0.09773 -0.16022
-0.38554 0.03301 -0.08403
-0.40487 0.03321 -0.05751
-0.36024 0.03240 -0.08799
0.25509 0.01435 0.00697
-0.01694 -0.05169 0.04970
-0.03540 -0.04569 -0.09607
-0.04163 -0.02836 -0.09477
-0.13295 -0.09180 -0.15285
0.15118 0.02504 0.02524
-0.43019 -0.04281 0.03321
0.38629 -0.05458 -0.10236
-0.15302 -0.03503 -0.17022
-0.01700 -0.05164 -0.05638
-0.22785 -0.03545 -0.04558
-0.22806 -0.03423 -0.04005
-0.23373 -0.00080 -0.03315
-0.23249 -0.00811 -0.02051
-0.22453 -0.05499 -0.02253
-0.22571 -0.04807 -0.03919
-0.22836 -0.03248 -0.02612
-0.22785 -0.03544 -0.05850
-0.23289 -0.00580 -0.04605
-0.22781 -0.03569 -0.03194
0.19488 0.01569 0.13111
0.14731 -0.06871 0.04063
-0.37759 0.05473 -0.09740
0.09929 -0.11787 0.13893
0.04711 0.07327 -0.13048
0.02071 -0.05216 0.09992
-0.39730 -0.04223 0.14823
-0.22824 0.09939 -0.11320
-0.41814 0.00730 0.01398
-0.18074 -0.08539 0.15357
-0.35818 -0.10144 -0.16152
-0.41274 0.10680 -0.09141
-0.01352 -0.06098 -0.03008
0.28001 -0.01007 0.15043
-0.41280 0.11137 -0.03203
0.04142 -0.12768 0.17055
-0.40607 0.01488 0.09645
-0.20751 0.10468 0.04508
0.23787 -0.13496 -0.15806
-0.31082 0.07648 -0.10984
-0.07670 -0.05371 0.17202
0.13709 -0.01563 -0.15111
-0.24617 -0.03960 0.17234
-0.38092 0.07137 -0.11300
-0.28749 -0.11065 0.15940
0.00730 -0.10141 0.01757
0.01832 -0.06743 0.01757
-0.00398 -0.05925 -0.15260
-0.21883 -0.03726 -0.15262
0.00176 0.02205 -0.14987
0.01839 0.03114 -0.14567
-0.41913 -0.03074 0.04905
0.21562 -0.09259 0.16189
0.06329 -0.01633 -0.15184
-0.40522 -0.01552 0.11993
0.11155 -0.11413 0.13367
-0.30580 0.02394 -0.15106
-0.35857 -0.10679 0.16171
0.11654 -0.01854 0.16700
0.10314 -0.05093 -0.03171
0.23604 -0.03698 0.14808
-0.24170 0.01159 -0.12410
-0.40570 0.03345 0.07712
-0.12259 -0.06580 0.15376
0.33036 -0.02806 0.14480
0.23223 0.01473 -0.08005
0.03255 0.02479 -0.14811
-0.31030 -0.04749 0.11316
-0.19595 0.06878 -0.12926
-0.24218 0.03218 0.01706
0.40758 -0.05877 -0.08191
-0.27953 -0.12534 -0.15867
-0.05369 0.11826 0.01782
-0.43704 -0.05236 -0.02482
0.17959 -0.09892 0.10599
-0.39224 -0.08392 0.15233
0.20000 -0.13543 -0.08701
0.21246 -0.13528 -0.07582
0.23319 -0.13501 0.04366
0.23473 -0.13499 -0.00053
0.18834 -0.13558 -0.07220
0.22246 -0.13515 0.01692
0.21326 -0.13526 0.02372
0.21177 -0.13528 -0.02419
0.20120 -0.13542 -0.05750
0.20300 -0.13539 -0.09194
0.22006 -0.13518 -0.00310
-0.41662 -0.04709 -0.12744
0.20658 -0.03407 0.17368
-0.20858 -0.02292 0.15298
-0.29175 -0.08210 0.10315
0.00298 0.09640 -0.07866
0.01493 0.09282 0.07963
-0.03375 0.11606 -0.01000
-0.17043 0.11633 0.06442
-0.25086 0.03176 0.08852
-0.25283 0.03168 0.09623
-0.22568 0.01543 -0.10186
0.02119 0.03062 0.14677
-0.22721 0.00236 0.00898
-0.22913 0.01365 0.00908
-0.17601 -0.03800 0.17111
-0.16809 0.05428 0.00401
-0.37916 0.00264 0.14556
-0.29424 0.06603 0.12865
-0.36968 0.03250 -0.04871
-0.35559 0.03250 -0.04251
-0.28573 0.03172 -0.06995
-0.30356 0.03209 -0.05060
-0.29934 0.03233 -0.03114
-0.26343 0.03185 -0.05090
-0.33615 0.03233 -0.04651
-0.32871 0.03223 -0.05112
-0.33531 0.03252 -0.03203
-0.33510 0.03194 -0.07461
-0.30289 0.03136 -0.10350
-0.29842 0.03183 -0.06716
-0.34128 0.03258 -0.03049
-0.38616 0.03276 -0.03661
-0.34363 0.03269 -0.02322
-0.26558 0.03131 -0.09133
0.23997 -0.13236 -0.16362
-0.05545 -0.10533 0.15380
-0.04541 0.10665 0.00525
-0.32374 0.09073 -0.03801
-0.38463 -0.02237 -0.14822
-0.38502 0.01440 -0.13045
0.13656 -0.09299 -0.03641
0.14347 -0.08918 -0.03799
-0.16362 -0.06195 -0.14594
-0.06206 -0.11452 -0.08316
-0.06412 -0.11442 -0.10115
-0.03742 0.02945 0.03619
-0.34213 0.08138 0.06319
0.10581 -0.03688 -0.09774
0.08281 0.00151 -0.16269
-0.14578 0.11624 -0.07738
-0.24604 -0.12731 0.15382
-0.12863 0.11629 0.08379
0.04815 -0.04553 -0.06736
-0.39624 -0.11423 0.14883
0.21409 0.01140 -0.13991
0.37454 -0.03632 0.08686
-0.13296 -0.03766 0.17131
0.32806 -0.13406 0.11142
-0.21056 -0.10620 -0.15334
0.26559 -0.04488 -0.13481
0.07414 -0.05121 0.10688
0.34580 -0.13127 -0.15519
0.06002 0.08277 0.08023
0.21543 -0.07471 -0.16228
0.00695 0.01670 -0.14790
-0.37035 0.01121 -0.14711
-0.37173 0.03631 0.12911
0.10074 -0.01930 -0.16651
0.00842 -0.05611 -0.11789
-0.27929 -0.03876 -0.13324
0.10876 -0.02535 0.14665
0.42388 -0.11593 -0.00493
-0.03637 -0.11431 -0.15033
-0.04465 -0.11435 -0.13416
-0.02980 -0.11444 -0.12989
-0.25059 -0.13748 -0.16748
0.25127 -0.10536 -0.15785
0.25922 -0.09673 -0.16558
-0.09322 0.04214 0.11514
-0.21005 0.10479 -0.03654
-0.13036 -0.10397 0.17155
-0.02650 -0.02533 0.09892
-0.28133 -0.05307 0.10612
-0.27856 -0.04829 0.10661
0.29843 0.00411 -0.08343
0.34079 -0.00267 -0.04827
0.14046 -0.03142 -0.15175
0.20246 -0.04468 0.12957
0.08462 -0.06066 0.00236
0.37281 -0.04216 -0.10695
0.00485 0.10874 -0.03155
-0.39386 0.00997 0.13551
0.20901 0.01937 -0.01524
-0.33477 -0.11896 -0.10510
-0.04590 0.10963 0.10855
-0.15863 0.11528 -0.08482
0.22470 -0.07582 -0.10296
0.02935 0.08632 -0.11333
0.10338 -0.11496 -0.10047
0.09057 -0.11493 -0.09181
0.09961 -0.11496 -0.07901
0.10381 -0.11497 -0.08274
0.09258 -0.11493 -0.10140
-0.41790 -0.05947 -0.11072
0.28214 -0.12298 -0.10363
-0.06638 0.05062 0.08485
-0.23323 -0.03134 0.15326
0.27452 0.00379 0.12973
-0.02379 -0.07228 0.07166
-0.17999 -0.13371 0.17209
-0.39889 0.10577 0.06603
-0.40608 0.10940 0.04821
-0.06286 -0.05083 -0.01136
0.03944 -0.06246 -0.03058
-0.27459 0.08491 0.11196
0.22384 -0.03836 -0.12702
-0.32716 0.08721 -0.09298
0.10212 0.02889 -0.14650
0.42091 -0.08980 -0.05624
0.06634 0.06715 -0.13045
-0.23173 -0.05500 0.14800
0.29559 -0.07224 -0.14753
-0.41119 -0.00133 -0.10330
0.15843 -0.08010 0.11274
-0.03910 0.09727 0.01829
0.19443 -0.10209 0.13188
0.00734 0.09792 -0.02295
-0.03943 -0.03438 0.10265
-0.12407 0.07831 0.06025
-0.41769 0.11595 0.00836
0.35828 -0.04008 -0.09907
0.21834 0.00186 0.15022
-0.26005 0.08273 0.11747
-0.42347 -0.08896 0.01224
-0.41572 -0.10248 0.05320
-0.42850 -0.07915 0.00990
-0.41368 -0.10719 0.03701
0.28673 -0.10776 0.17200
-0.40819 0.03755 -0.02362
-0.07663 -0.09449 -0.17133
0.39099 -0.10115 -0.12987
-0.01755 -0.07142 -0.11127
-0.16154 0.11111 -0.10579
0.27962 0.01038 0.03918
-0.29928 -0.04166 0.13543
-0.17888 -0.10080 0.17113
0.16169 -0.12232 0.16722
0.27404 0.01061 0.08541
-0.16291 -0.00147 -0.16754
-0.20428 0.02229 -0.15521
-0.16700 -0.08653 0.15356
-0.40114 0.04191 -0.05665
0.16384 -0.12990 0.14638
-0.28307 0.03347 0.14417
0.10478 -0.04075 0.16921
0.10381 -0.04297 -0.00386
0.35304 -0.00578 -0.04533
-0.09619 -0.04860 -0.15297
-0.17278 -0.01068 0.15292
-0.31219 -0.06085 0.12140
-0.24243 0.02659 0.14124
-0.39718 0.10790 -0.05627
0.37503 -0.04891 0.11973
0.11114 0.05677 -0.05781
-0.30622 0.09948 -0.04470
-0.06491 0.05342 -0.10566
0.06861 -0.11481 -0.15136
0.06349 -0.11482 -0.10938
0.05939 -0.11479 -0.12398
-0.27096 0.08743 -0.10915
0.10713 0.02271 0.15146
0.32325 -0.13403 0.12048
0.30788 -0.13402 0.12839
0.08414 0.07220 0.06460
-0.27574 0.10577 -0.07068
-0.05701 0.03677 -0.11735
0.29790 -0.09255 -0.13305
0.08928 0.03026 -0.14595
0.16308 -0.07611 0.17359
-0.22497 0.10430 0.00472
-0.25280 -0.04259 -0.13512
-0.19120 -0.07342 0.15218
0.03874 0.09545 0.03761
-0.05073 0.10707 0.00937
-0.33284 0.03574 -0.13420
0.12478 0.04237 0.10924
0.07569 -0.05678 -0.08085
0.16886 -0.08676 -0.13780
-0.11187 -0.01341 0.15320
0.08104 -0.11489 -0.13181
0.09862 -0.11494 -0.14397
0.09992 -0.11494 -0.15066
-0.02880 -0.02798 0.03163
0.16750 -0.09129 0.13518
0.15272 -0.09095 -0.14257
-0.39189 0.10461 0.07921
-0.08569 0.08907 0.03901
0.10241 -0.08814 -0.15220
-0.24161 0.05648 0.13440
0.22723 -0.03647 -0.15580
0.33431 -0.10551 0.16032
-0.03325 0.10274 0.07109
-0.21286 -0.12654 -0.11876
-0.21198 -0.11792 -0.13028
0.20292 -0.11192 -0.10167
0.21377 0.01882 0.04742
-0.41992 0.01571 -0.04872
-0.21938 -0.12309 0.12905
-0.09121 0.00549 0.15178
-0.28967 -0.07381 0.17051
-0.29138 -0.05693 0.12185
-0.16369 0.00588 -0.12893
-0.28039 0.10759 -0.03799
-0.12596 0.08046 -0.11396
-0.07633 0.07015 -0.12673
-0.26504 -0.12783 -0.16601
-0.24630 0.00648 -0.05532
0.12333 -0.12315 -0.17010
0.04601 -0.11470 0.15238
0.03752 -0.11467 0.14548
0.01064 -0.11478 0.06807
-0.29752 0.06767 -0.12546
0.31692 -0.13408 0.10821
0.26390 -0.03016 0.17236
0.03195 -0.03965 0.12212
0.26447 -0.04263 -0.16465
-0.31832 -0.07129 -0.16918
-0.09084 0.06158 0.10844
-0.41904 -0.02422 -0.01074
-0.33486 -0.08047 0.16760
-0.03300 0.11539 0.03388
-0.38686 0.07775 0.09578
-0.34785 -0.10236 0.15258
-0.21749 -0.07577 0.15081
-0.04322 0.01324 -0.07520
-0.09224 0.02379 0.14934
-0.10239 0.11999 0.02151
-0.37468 0.05864 -0.08620
-0.35935 -0.03678 -0.16218
0.26400 -0.08764 0.16504
-0.17905 0.10546 -0.06446
-0.24913 0.01024 -0.03351
-0.33072 0.01949 -0.15259
0.13457 0.04451 -0.00418
-0.18777 0.10620 0.03705
0.14948 -0.06946 -0.14381
0.10742 -0.01756 0.11198
-0.13048 -0.09962 -0.00887
-0.14571 -0.12545 -0.17115
0.40791 -0.05178 0.01718
-0.05704 0.00222 0.15241
-0.17503 0.04852 -0.01769
-0.26362 0.10894 0.04976
0.12200 -0.07733 -0.13890
0.19614 -0.04801 -0.13561
0.01995 -0.05166 -0.11814
0.06353 -0.09740 -0.01953
0.06256 -0.10993 -0.01931
0.13986 -0.10965 -0.03738
0.06801 -0.07743 -0.02057
-0.33077 -0.06774 0.11248
-0.25572 -0.02142 0.17047
-0.19537 -0.11339 0.17100
0.36790 -0.05157 -0.09655
-0.06901 0.01886 0.15691
0.11135 -0.06998 -0.15210
0.25618 -0.04113 -0.14073
-0.17981 0.04927 -0.11573
-0.12374 0.01978 0.14883
-0.34309 0.05015 -0.12483
-0.04508 -0.01730 0.04589
0.11142 0.01452 0.02595
0.23328 -0.00628 -0.16260
0.18012 -0.08099 0.10673
-0.03634 -0.00670 0.07668
-0.35031 0.06015 -0.11819
-0.24105 0.08747 -0.11466
-0.00569 -0.07278 0.11227
-0.33768 -0.09414 0.16819
-0.31806 -0.05261 0.11662
0.36727 -0.05124 -0.13002
-0.03886 -0.02705 -0.02854
-0.09004 0.06897 -0.12706
-0.01624 -0.07875 -0.15269
0.07728 -0.11487 0.03776
0.12342 -0.11488 0.04951
0.10411 -0.11486 0.03639
0.14347 -0.11485 0.04402
0.08769 -0.11492 0.05821
0.10266 -0.11494 0.07225
0.08161 -0.11486 0.03345
0.12380 -0.11495 0.08023
0.07690 -0.11485 0.02623
0.19826 -0.10535 0.16951
0.03447 -0.04638 -0.11815
0.06433 -0.09629 -0.15242
-0.12820 -0.04034 -0.17049
-0.10169 0.11704 -0.06986
-0.28843 0.03725 0.13751
-0.24267 0.10294 -0.00896
-0.42398 -0.04394 0.10667
0.24128 -0.00571 -0.15920
-0.23855 -0.00638 0.12821
0.02604 -0.04556 0.17044
-0.23170 -0.02524 0.17083
-0.37760 0.06022 -0.04184
-0.04865 0.03217 -0.04117
-0.05233 -0.09890 0.17202
0.06125 -0.08711 0.17041
-0.27926 0.10411 -0.08532
-0.28148 -0.06023 0.14178
0.38563 -0.13385 0.12408
0.38361 -0.13384 0.12954
0.42292 -0.08531 0.04451
0.18752 -0.05768 -0.11177
0.42136 -0.13042 -0.09432
0.05042 -0.05122 0.17023
0.28328 -0.06934 0.12178
-0.07094 -0.11434 0.11474
-0.09781 -0.11458 0.06730
-0.08619 -0.11464 0.05702
-0.11840 -0.11478 0.02905
-0.08135 -0.11432 0.11826
-0.07760 -0.11477 0.03085
-0.08380 -0.11429 0.12326
-0.08929 -0.11459 0.06578
0.14104 0.03820 0.05982
0.22124 -0.04079 0.16711
-0.05078 -0.03047 0.13121
-0.07070 -0.08228 0.01273
0.36850 -0.01375 -0.06914
0.38153 -0.13392 0.08469
-0.25437 0.11164 -0.01536
-0.04007 0.00822 -0.04086
0.10384 -0.05966 -0.03336
-0.09456 0.05910 0.13638
-0.16888 0.10767 0.00337
0.25225 -0.06360 0.15992
0.42994 -0.13380 -0.03274
0.35212 -0.13401 -0.07900
-0.15568 0.05228 0.00686
-0.19316 0.11699 -0.00942
-0.24122 -0.01006 -0.15091
-0.24193 0.00685 0.15000
-0.42176 -0.03501 -0.03021
-0.36192 0.08757 -0.11910
-0.22808 0.04265 0.14093
-0.21359 -0.03173 -0.17010
0.27691 -0.05890 0.17133
-0.09314 -0.06602 -0.17108
-0.01605 -0.00943 0.03267
-0.09712 -0.09779 0.00087
-0.06719 0.04303 -0.07080
-0.02358 -0.08880 0.07167
-0.02356 -0.09134 0.09391
-0.11864 0.11761 0.06602
0.10620 -0.03293 0.10101
-0.32837 -0.13748 -0.13303
-0.15298 -0.05180 -0.00452
-0.20805 -0.05780 -0.10125
-0.18635 -0.05546 -0.05914
-0.21608 -0.05908 -0.05407
-0.19712 -0.05696 -0.02766
-0.16602 -0.05314 -0.03913
-0.20087 -0.05715 -0.06886
-0.21662 -0.05939 -0.01617
-0.16306 -0.05296 -0.01228
-0.23861 0.02816 -0.10112
-0.23550 0.00976 -0.09463
-0.23434 0.00277 -0.06896
-0.22542 -0.04978 -0.13479
-0.22847 -0.03176 -0.12489
-0.23832 0.02630 -0.05458
-0.23792 0.02386 -0.03520
-0.27587 0.09657 -0.07832
-0.08066 0.09505 -0.07513
-0.28375 -0.11822 0.16399
-0.01479 -0.05774 0.00489
0.22087 -0.08055 -0.15782
0.03601 -0.08622 -0.15242
-0.05877 0.05972 -0.08148
-0.42273 -0.04311 -0.10806
-0.14035 -0.10141 -0.01638
-0.13971 -0.09472 -0.04229
0.29044 0.00482 0.09289
-0.23290 0.06567 -0.12969
-0.06689 0.05516 0.13815
-0.24006 0.00800 -0.12786
-0.05752 -0.08197 0.15394
-0.06940 0.05999 0.10703
0.24581 0.00458 0.14246
0.23642 -0.14473 -0.16498
0.39929 -0.04035 0.05371
-0.05209 0.09191 0.00757
-0.35416 0.06470 0.10902
-0.22815 0.00790 -0.00686
-0.42994 -0.04510 -0.08364
-0.31663 -0.07030 0.10594
-0.26605 0.09850 -0.06536
0.25014 -0.12174 0.16720
-0.42519 -0.08376 0.06505
0.17974 -0.07323 -0.16242
-0.03073 -0.01725 -0.04339
-0.02349 0.10129 -0.07203
0.33549 -0.13405 0.08542
0.42460 -0.13382 0.01164
0.38485 -0.13392 0.05004
-0.00431 -0.06684 -0.00868
0.28300 -0.09903 0.16837
-0.15745 -0.05224 0.04345
-0.14612 -0.05099 0.01632
-0.15030 -0.05172 0.09990
-0.18363 -0.05515 0.10502
-0.18378 -0.05512 0.09300
-0.18487 -0.05518 0.07830
-0.15798 -0.05228 0.03818
-0.14247 -0.05099 0.11864
-0.15757 -0.05252 0.11518
-0.05433 0.03957 0.07218
0.08680 -0.09407 0.17018
-0.19191 -0.07836 -0.15279
0.20899 0.01210 0.14143
-0.01925 -0.10194 0.17140
-0.32450 0.08979 -0.05729
-0.03166 -0.09717 -0.15277
-0.33265 0.05295 0.12634
-0.31461 -0.10404 0.17133
-0.34992 0.02324 0.14941
0.12646 0.04563 -0.07728
-0.26163 -0.08262 -0.10238
-0.30101 -0.06648 -0.10432
-0.07168 0.07707 -0.08401
-0.05586 0.10537 0.06403
0.40591 -0.11563 0.11403
-0.40454 0.01134 -0.10299
0.22027 0.01843 0.02433
0.34867 -0.01929 0.12581
-0.01535 -0.04150 0.12498
-0.37282 0.06279 -0.05589
0.40851 -0.11497 -0.02859
-0.31748 0.09403 -0.05966
-0.37429 0.03274 0.08717
0.21061 -0.13760 -0.15991
-0.16392 -0.01852 -0.15252
0.09352 -0.07949 -0.15232
-0.38259 0.09412 -0.10665
0.43168 -0.13318 -0.05953
-0.04903 -0.00594 0.04384
-0.15007 -0.10879 0.15370
0.19873 -0.07906 -0.16285
0.20679 0.01787 0.08938
-0.07913 0.05317 0.13939
-0.34882 0.06050 0.11305
0.11730 -0.11500 0.11597
0.10749 -0.11497 0.10410
0.12067 -0.11500 0.14763
0.10677 -0.11497 0.12154
-0.27702 -0.03815 0.13080
0.11567 -0.12044 0.13945
-0.37752 0.04161 0.12243
-0.39218 -0.11692 0.11613
0.26949 -0.15420 -0.13781
-0.18398 -0.05195 0.17116
-0.13958 0.07562 -0.12743
-0.08449 0.08968 -0.11818
0.41133 -0.06479 -0.01220
0.11160 -0.01641 -0.00824
-0.38596 0.11101 -0.04046
-0.38468 0.11101 -0.01707
0.30377 -0.11307 -0.12203
0.05812 -0.07061 0.04008
-0.06187 0.10587 -0.06141
-0.00141 0.00731 -0.16265
0.02774 -0.02768 -0.16931
-0.00385 -0.03374 0.15347
-0.02344 -0.10294 -0.04005
-0.02369 -0.07795 -0.06871
-0.02351 -0.09570 -0.04524
-0.32375 -0.14323 0.14344
-0.23132 0.03188 0.14038
0.24952 -0.11746 0.16094
-0.00455 0.10358 -0.09877
-0.32585 -0.12673 0.12119
0.03925 0.03283 0.14575
-0.41683 -0.03169 -0.08869
-0.08362 0.06765 0.12876
-0.27470 0.09854 -0.04896
0.35744 -0.00942 0.06921
-0.37043 0.09458 -0.10174
0.27594 -0.07627 -0.11914
0.25866 0.01147 -0.08968
-0.07297 0.06162 -0.07736
0.10466 -0.03107 0.16894
0.30196 -0.08466 0.16261
0.27728 -0.07145 -0.16635
0.21744 -0.06418 0.15767
0.12146 -0.04564 0.05060
0.11540 -0.04257 0.04657
0.12035 -0.04448 0.07657
0.05757 -0.02201 -0.16822
-0.14858 -0.13027 0.17190
-0.35446 -0.12345 -0.04100
-0.40361 -0.11391 0.00869
-0.40993 -0.11268 -0.00084
-0.35408 -0.12352 -0.02677
-0.34703 -0.12489 -0.03426
-0.36554 -0.12130 0.07048
-0.35288 -0.12376 -0.07464
-0.35373 -0.12359 0.04516
-0.35872 -0.12262 -0.00800
-0.34608 -0.12508 0.04696
-0.35751 -0.12286 0.06385
-0.40368 -0.11389 -0.01010
0.12615 -0.05615 0.17045
-0.25670 -0.13246 -0.02977
-0.22059 -0.13530 0.07654
-0.23782 -0.13395 -0.03613
-0.25026 -0.13297 -0.08570
-0.24890 -0.13308 -0.01358
-0.25811 -0.13235 -0.04512
-0.21664 -0.13562 -0.05135
-0.25308 -0.13275 -0.03429
-0.23849 -0.13390 -0.07583
-0.21984 -0.13536 -0.02569
-0.24213 -0.13361 -0.02932
-0.25897 -0.13229 -0.05512
0.21857 -0.14844 -0.11894
0.35045 -0.01329 -0.10433
-0.00939 -0.08938 0.01759
-0.12352 0.12011 0.02515
0.22539 -0.10375 0.10100
-0.42231 -0.03899 0.01322
0.01894 0.11479 0.01060
0.22391 -0.16287 -0.14394
0.05908 -0.06444 0.15326
-0.21573 0.02537 -0.09496
-0.00901 -0.06081 -0.11634
0.15034 -0.10966 0.04064
0.12165 -0.09594 0.03392
-0.24034 0.03228 -0.07433
-0.24056 0.03231 -0.08628
-0.24966 0.03177 -0.07388
-0.40485 -0.06949 0.14242
0.12461 0.01221 0.12877
0.14765 0.03555 -0.00112
-0.08384 0.02222 0.12501
-0.37910 0.03267 -0.06681
0.07304 -0.04492 0.15325
-0.19673 -0.00013 0.15195
0.33986 -0.00100 -0.01284
0.27757 0.01004 -0.05575
-0.26179 -0.08729 0.16574
-0.29347 0.01587 0.15795
-0.27675 0.09802 0.05277
0.38566 -0.04714 -0.09786
-0.00588 -0.10955 -0.17048
-0.15866 0.11832 0.04096
0.20556 -0.02595 0.17331
-0.17903 -0.05175 -0.17028
0.06280 -0.05695 -0.11614
0.02538 -0.01389 0.16824
0.20718 -0.06541 0.12185
-0.36640 0.07765 -0.09687
0.12986 0.04667 0.03763
-0.05861 0.05895 0.07167
-0.16461 -0.10835 -0.14821
-0.16727 -0.10210 -0.14865
-0.09199 -0.09356 -0.13232
0.19146 0.01050 -0.14704
0.24377 -0.06070 0.13843
-0.04494 0.04115 -0.11522
-0.36093 0.06618 -0.12393
0.17266 -0.10688 0.16021
-0.19920 -0.07651 -0.15230
0.02343 0.09645 0.09204
-0.10585 -0.11427 0.12814
-0.11752 -0.11454 0.07492
-0.11311 -0.11456 0.07227
-0.08516 -0.11416 0.14879
-0.19638 0.02794 -0.14417
0.40194 -0.09403 0.09039
0.15699 -0.09292 0.14224
0.01288 0.06197 0.13483
0.01135 -0.08683 0.15340
-0.39975 -0.00006 0.11195
0.19783 -0.14760 0.12374
0.32148 -0.01380 0.13815
-0.09374 -0.09369 0.17197
-0.27026 0.10446 0.09718
0.06627 -0.06965 -0.08094
-0.02253 -0.00789 -0.12020
-0.21598 0.02744 -0.14872
0.22950 -0.05357 -0.10519
-0.39754 -0.09791 0.14991
0.12487 0.02028 0.11215
-0.41732 0.00718 -0.05033
-0.25030 0.11053 -0.05168
-0.38048 0.04490 -0.11951
0.09477 0.03818 -0.16220
0.05033 -0.03495 0.17037
0.32959 -0.11801 -0.16343
-0.20895 0.11474 0.04683
0.28074 -0.01789 -0.16201
-0.16959 -0.06269 0.15354
-0.01744 -0.04624 -0.07145
0.02916 -0.02338 0.15306
0.21445 0.01489 0.11132
0.31568 0.00434 0.03286
-0.33893 0.08412 -0.04789
-0.32681 -0.06205 -0.13398
0.25951 -0.15898 -0.14147
-0.07732 0.04026 0.14085
0.06237 -0.06451 0.00369
-0.05782 0.11174 -0.09987
-0.42298 0.00948 -0.03247
0.16284 0.02382 -0.00428
0.00460 -0.05834 0.17087
0.15748 -0.09848 0.04511
-0.07388 -0.00976 -0.16914
-0.38148 0.05679 0.05540
-0.29241 0.09135 -0.09793
-0.09137 0.11810 0.05511
0.04351 -0.06656 -0.01559
-0.06170 0.03259 -0.08536
-0.06702 0.04758 -0.08652
0.41252 -0.13385 0.04774
-0.33143 0.08933 -0.02737
-0.35489 -0.12469 -0.15693
0.36965 -0.09427 -0.14686
-0.01714 -0.04821 0.08224
-0.05997 0.02358 -0.04227
-0.08623 0.11443 -0.09349
0.13453 0.03419 0.11672
0.20971 -0.13690 -0.16630
0.06707 0.08011 -0.07002
0.00199 0.03666 0.14469
-0.00008 0.06152 0.13447
-0.20638 0.05726 0.13498
-0.28882 0.03243 -0.14356
0.23754 -0.03683 -0.15181
0.25308 0.00756 -0.12585
-0.02051 0.02096 -0.14887
-0.15216 0.10813 -0.02608
0.26761 -0.04637 0.13591
0.02128 -0.03653 0.17060
0.22449 -0.12495 0.15154
-0.36075 -0.12390 0.14210
-0.25260 0.10124 0.04172
-0.24457 -0.06912 -0.10475
0.25375 -0.11439 0.16341
-0.16549 0.04680 -0.01009
-0.29308 -0.16211 0.15027
0.05270 -0.06617 -0.00026
0.39044 -0.05463 -0.09098
0.13226 -0.04833 0.12138
0.13724 -0.05063 0.11948
0.14085 -0.05111 0.14451
0.23078 -0.06674 0.16176
0.40517 -0.05530 -0.05576
0.17091 -0.07612 -0.16213
0.02389 -0.11615 0.08829
0.03402 -0.11605 0.09826
-0.18195 0.11730 -0.03657
-0.43398 -0.06777 -0.01086
-0.42844 -0.07650 -0.03259
0.37206 -0.01097 0.01847
-0.26656 -0.08616 -0.16288
-0.36111 0.07900 0.12325
0.15745 -0.10097 0.11573
0.27687 -0.13270 -0.10291
0.17703 0.01890 0.06694
-0.07656 -0.07458 0.15403
0.10506 -0.02644 0.07641
0.15911 0.01823 0.13923
0.07277 -0.04976 0.05653
-0.18668 0.11197 -0.10115
-0.06664 0.04434 0.06087
-0.00766 0.11123 -0.03003
-0.41044 -0.10488 -0.13364
-0.31572 -0.05993 -0.10588
0.19350 0.00670 0.14974
-0.23449 -0.05298 -0.14343
0.06480 -0.10933 0.15336
-0.27285 -0.12139 -0.16367
0.41990 -0.09259 0.06216
0.11776 0.00883 -0.15211
0.14242 -0.02205 -0.16714
0.39814 -0.03847 -0.08169
-0.41446 -0.11214 0.10283
-0.14100 0.07156 -0.02618
0.25148 -0.13374 0.10002
-0.00899 -0.08672 -0.10799
0.04141 -0.07341 -0.10495
-0.00661 -0.07563 -0.10784
0.03893 -0.04590 0.03343
-0.24974 -0.09661 -0.15871
-0.25678 -0.13942 0.17106
-0.34844 -0.10423 -0.15590
-0.02910 -0.08665 -0.13464
0.36913 -0.02554 0.11532
0.12194 0.02267 0.08862
-0.25249 -0.09822 -0.16579
-0.06411 0.03556 -0.03664
-0.29751 -0.07372 0.17029
-0.17588 0.11605 -0.06456
0.28492 0.00994 -0.02282
-0.19155 0.02741 -0.14819
-0.28812 0.05097 -0.13400
0.14849 -0.13008 0.17280
-0.06312 0.11895 0.00070
-0.38997 -0.11660 -0.03835
-0.38080 -0.11838 -0.05332
-0.38577 -0.11812 -0.09589
-0.38302 -0.11875 -0.10688
-0.35518 -0.12346 -0.10236
-0.00974 -0.09744 -0.17035
-0.03569 0.11182 -0.08387
0.04148 0.08980 -0.08816
0.23832 -0.12029 0.16141
0.11611 0.05535 0.02849
-0.10548 0.10128 -0.10886
0.30193 -0.09699 0.12723
0.10419 -0.01091 -0.05105
0.40603 -0.11469 0.07904
0.39216 -0.02346 -0.04743
0.07445 -0.05921 0.10569
0.06211 -0.07786 -0.06028
0.06207 -0.07323 -0.10269
-0.34255 0.06659 -0.11352
-0.33935 -0.09083 0.13670
-0.29259 -0.13259 0.16727
-0.14851 0.02920 -0.14744
-0.10482 0.00914 -0.16435
0.02584 0.09967 0.05932
0.09995 -0.05503 0.03163
0.39222 -0.13387 -0.09582
-0.02179 -0.11109 -0.17099
-0.01803 -0.10684 -0.01697
-0.40901 -0.00449 -0.11054
-0.23703 -0.09249 -0.10386
0.39421 -0.12831 0.13316
0.06574 -0.06826 -0.11006
0.37244 -0.01340 -0.05286
-0.39953 0.03307 -0.00726
-0.33387 0.03268 -0.01027
-0.22510 -0.10511 -0.10505
-0.04080 -0.03328 -0.17092
0.17131 -0.00010 0.16030
-0.04341 -0.11456 0.09336
-0.05052 -0.11466 0.06551
-0.04683 -0.11432 0.13987
0.06801 -0.04634 -0.16942
0.28005 -0.02942 -0.16790
0.40021 -0.09490 -0.08134
-0.06489 -0.00444 0.16922
-0.01070 -0.03890 0.12608
0.19134 0.01481 -0.13937
-0.13226 -0.11427 -0.12620
-0.11564 -0.11433 -0.11491
-0.11746 -0.11419 -0.14250
-0.13065 -0.11440 -0.10093
0.13116 -0.00739 -0.16350
-0.31037 -0.04824 -0.12610
-0.41687 -0.02711 -0.06530
0.16515 -0.13310 0.13509
0.19133 -0.05537 0.14879
-0.05953 0.08854 -0.03240
0.06815 -0.04661 -0.03658
-0.05079 -0.00413 -0.06465
-0.04532 -0.01847 -0.05517
-0.05320 0.00328 -0.05850
-0.40872 0.10751 0.05886
-0.06854 -0.01636 -0.15267
-0.39189 0.00130 0.13121
-0.12566 0.12009 0.01545
-0.31820 0.03151 -0.10251
0.13173 -0.04098 -0.16874
-0.22330 -0.11410 0.10610
-0.41009 0.10520 0.09603
-0.01676 0.09932 -0.05511
-0.32190 0.09410 -0.02833
-0.42290 -0.04126 0.06030
-0.16363 0.03711 -0.14387
-0.07360 0.06352 0.06342
0.04556 -0.04623 0.08302
0.00808 0.09104 0.02445
-0.04169 -0.07233 0.01770
-0.02605 -0.05074 0.01758
0.30401 -0.10126 0.14301
-0.02362 -0.05948 0.07026
-0.15242 0.10822 -0.00301
0.29049 -0.06632 -0.13016
0.06240 -0.07191 -0.09328
-0.24568 -0.05593 0.10669
-0.23605 -0.09955 0.16024
-0.26338 -0.04855 0.12134
-0.42374 -0.10611 0.10255
0.04338 -0.07766 0.04676
0.00875 -0.08856 0.04467
-0.00089 -0.09004 0.04409
-0.16813 -0.00523 0.16889
0.03739 -0.01728 -0.15192
-0.17595 -0.03730 0.15344
-0.06489 0.03776 -0.10662
-0.04211 0.01829 -0.03987
-0.35496 0.07200 -0.08339
-0.17038 -0.05382 -0.11241
-0.14588 -0.05143 -0.14148
-0.15544 -0.05231 -0.11432
-0.19182 -0.05605 -0.12269
-0.21294 -0.05822 -0.12631
-0.17937 -0.05468 -0.09652
-0.18806 -0.05557 -0.09506
-0.16843 -0.05346 -0.06738
-0.14899 -0.05169 -0.12569
-0.14461 -0.05113 -0.09571
0.02085 0.09289 -0.08084
-0.40514 0.10282 0.09633
-0.41780 0.02166 -0.05497
0.08214 -0.12636 0.17048
-0.29064 -0.03910 0.14517
0.24077 -0.03661 0.16063
-0.09335 0.09800 -0.04280
0.25038 -0.02569 0.17206
0.15777 0.02665 0.02108
-0.01615 0.11251 0.04077
0.37448 -0.07826 0.14335
0.04610 0.04765 0.14100
0.38835 -0.04952 0.08047
0.06217 -0.08345 0.06127
0.06216 -0.08187 0.08777
0.08137 -0.03675 0.09463
0.17598 -0.07329 -0.11950
-0.40123 -0.11299 0.08574
-0.04255 0.04494 0.14195
-0.06295 0.08369 0.12541
-0.03856 -0.08622 0.17176
-0.01131 -0.11473 -0.08382
-0.03556 -0.11480 -0.04194
-0.00508 -0.11476 -0.06567
-0.02690 -0.11480 -0.04090
0.03659 -0.05896 0.17029
-0.15709 -0.07994 -0.17031
-0.26483 0.10928 -0.04201
-0.24129 -0.12546 -0.15967
0.13210 -0.05715 0.03804
-0.06413 0.11391 -0.09071
-0.39731 0.01214 -0.12142
0.05469 0.06683 0.12582
-0.21492 -0.09036 0.14794
-0.23249 -0.00446 -0.15070
-0.37966 -0.09355 0.15764
-0.05725 0.05507 0.06404
-0.06459 -0.00786 0.15294
0.24227 -0.13490 0.04192
0.27982 -0.13442 -0.09153
0.27084 -0.13454 -0.05209
0.26877 -0.13456 -0.03487
0.23940 -0.13493 0.01150
0.29320 -0.13426 -0.09622
0.24594 -0.13485 -0.00187
0.24222 -0.13490 0.03569
0.24991 -0.13480 -0.05727
0.24773 -0.13483 -0.09057
0.24524 -0.13486 -0.05387
-0.02498 0.11016 0.08495
-0.01120 -0.04207 -0.10817
-0.23538 0.03065 -0.13996
-0.05084 0.11730 0.03888
0.23423 0.00865 -0.13925
-0.35680 0.05597 -0.11239
-0.03595 0.09963 -0.02229
-0.36513 0.07321 -0.10524
-0.29524 -0.13046 -0.16831
0.38627 -0.03600 0.09316
-0.14841 0.08580 0.12369
0.16420 0.01866 -0.12645
-0.33913 -0.08884 -0.14918
-0.42580 -0.06783 -0.07713
-0.42302 -0.06688 -0.09157
-0.07120 -0.07490 0.01117
-0.42570 -0.08432 -0.00610
-0.41390 -0.10060 -0.06570
-0.40693 -0.11404 -0.06826
-0.42393 -0.08483 -0.03150
-0.42784 -0.07890 -0.01641
0.41307 -0.11572 0.02777
-0.04326 -0.13323 -0.16949
0.42905 -0.12906 0.07068
0.01824 -0.11621 -0.05108
0.01628 -0.11623 -0.06043
-0.02135 -0.11661 -0.03979
0.05278 -0.11586 -0.07657
0.06074 -0.11578 -0.07265
-0.23544 -0.00088 -0.14538
-0.24548 -0.04653 -0.12237
-0.30569 -0.15721 -0.14535
-0.41263 -0.00774 0.10065
-0.04146 0.00781 -0.08871
-0.03126 -0.01343 -0.02469
0.39922 -0.04413 -0.05914
-0.24983 -0.08838 -0.15789
0.23248 -0.08281 -0.15976
0.08883 -0.01421 0.09460
-0.11349 0.06385 -0.13303
-0.11059 0.08169 -0.12519
0.13280 -0.07336 0.17201
-0.29117 -0.13895 0.15820
-0.25955 -0.00394 -0.16636
0.16964 0.01877 0.10293
0.22046 -0.11435 -0.09953
0.14534 -0.06870 0.17277
0.16073 -0.00460 0.16765
-0.22239 -0.11374 0.17241
-0.24327 -0.02671 -0.16929
-0.23921 -0.13384 0.03657
-0.23286 -0.13434 0.09750
-0.26904 -0.13149 0.05600
-0.26464 -0.13184 -0.00616
-0.27842 -0.13076 -0.01425
-0.22401 -0.13504 0.08693
-0.25514 -0.13259 0.06648
-0.24715 -0.13322 0.06194
-0.23912 -0.13385 0.06746
-0.23284 -0.13434 0.08109
-0.40768 0.10533 -0.07428
-0.38743 0.08330 0.03757
-0.38845 0.08330 0.00784
-0.07772 0.01179 0.16396
-0.34255 -0.11227 0.10720
-0.21254 0.08933 0.12053
-0.12304 0.07905 -0.06427
0.01187 -0.09692 -0.16994
0.32563 -0.05423 -0.16567
-0.24014 0.00752 -0.11935
0.19526 -0.09353 0.13520
0.30972 -0.13403 0.15982
-0.23231 -0.05693 -0.11790
-0.18773 -0.03553 0.15335
-0.02211 -0.13494 0.17125
-0.31658 0.08549 -0.09730
0.09513 -0.02693 -0.01399
0.09610 -0.01905 -0.03006
-0.33672 0.00058 -0.15933
0.08212 -0.08968 0.15328
0.07992 -0.01465 -0.16703
0.39171 -0.12376 -0.13518
0.24329 -0.05269 0.10622
-0.28785 0.10665 0.00208
0.39204 -0.13367 -0.10668
-0.09831 -0.10465 0.01733
-0.35919 -0.00089 0.14901
-0.20251 0.10576 -0.00205
-0.15196 0.10751 -0.04399
0.03515 -0.04923 0.08275
-0.21955 -0.10096 0.17187
0.31916 -0.06211 -0.16914
-0.11234 0.11867 -0.05012
-0.43122 -0.07435 0.03796
0.08170 0.06956 -0.10138
-0.24780 0.00763 0.16259
-0.03747 0.10235 0.08265
-0.24867 0.09694 -0.09683
-0.26418 -0.06924 -0.16368
0.16514 -0.09516 -0.15304
0.01199 -0.04292 0.15337
0.19857 -0.09792 0.16432
0.26856 -0.07644 0.16278
-0.02377 -0.06671 0.05227
-0.01914 -0.04070 -0.09460
-0.09446 0.01545 0.14976
-0.01730 -0.01848 0.12091
-0.21200 0.11357 0.06144
-0.10181 0.09345 0.12103
0.37653 -0.13374 0.10778
0.02142 -0.07182 -0.03596
-0.17977 0.11754 0.03588
-0.39759 0.02247 0.12938
-0.21393 -0.09452 -0.11762
-0.01961 0.09669 0.10352
0.36551 -0.00822 0.00531
-0.17062 -0.11356 -0.15293
-0.03788 0.10579 -0.02072
-0.10785 -0.10409 -0.17098
-0.25786 -0.04166 -0.12735
0.37130 -0.01041 -0.00011
0.22611 -0.12574 -0.15746
-0.12851 -0.09221 0.15373
-0.07312 0.05710 0.13750
-0.21583 0.06234 -0.13163
-0.01475 -0.01707 -0.11678
0.06876 0.03514 0.12390
0.17598 -0.11150 -0.12196
0.30301 -0.05678 -0.17135
0.00850 -0.11481 -0.05030
0.03956 -0.11481 -0.05713
0.03206 -0.11478 -0.08576
0.04641 -0.11482 -0.03499
0.04643 -0.11480 -0.06267
0.04121 -0.11479 -0.07946
0.00473 -0.11482 -0.04447
-0.22568 0.01199 0.12171
-0.03068 0.11531 0.02849
-0.00470 -0.05441 -0.02978
-0.41852 0.00315 0.06932
0.10130 -0.04396 0.01313
-0.16241 0.05070 -0.01518
0.15520 -0.13575 0.17342
0.27894 0.01074 -0.02951
-0.41849 -0.10118 0.09453
-0.20582 0.02752 -0.07970
-0.29341 0.09658 0.00287
0.04142 -0.04742 -0.08414
-0.32980 0.01375 0.15593
0.36772 -0.08979 0.14861
0.00280 0.08759 -0.04074
-0.22823 -0.10156 0.16719
-0.24097 0.10059 0.07659
0.26277 -0.07031 -0.15409
-0.14115 -0.05268 0.09149
-0.38848 0.09295 0.10417
-0.18317 -0.10575 -0.17006
0.42584 -0.12423 0.08290
-0.29120 -0.10817 0.15658
0.40440 -0.02990 -0.02081
0.10829 -0.02877 0.13612
0.33223 -0.00195 0.06921
-0.06573 0.10662 0.05372
0.10323 -0.07614 -0.02908
0.14947 -0.08595 -0.03966
-0.00667 -0.08423 -0.14102
-0.28866 0.03112 -0.13789
-0.39986 -0.00062 0.12993
-0.06839 0.04810 0.10697
-0.21416 -0.09782 0.11304
0.10542 0.05158 0.12051
-0.41585 0.11449 -0.05098
-0.04565 -0.11481 0.03636
-0.03062 -0.11484 0.02056
-0.03891 -0.11483 0.02252
-0.01305 -0.11479 0.04517
-0.01414 -0.11474 0.07988
-0.25697 0.08160 -0.12137
-0.17882 -0.06356 0.17114
0.33234 0.00091 0.01248
0.06209 -0.04456 0.08137
0.10010 -0.03291 -0.05110
-0.07112 0.05566 0.05762
-0.22483 -0.12572 0.12222
-0.14694 0.10831 -0.02590
0.03612 0.09512 -0.05742
0.02634 -0.05732 -0.13902
-0.43134 -0.04572 0.07777
-0.21267 0.11033 -0.09869
0.37554 -0.03422 -0.08780
-0.42192 0.01672 0.02999
0.11604 0.01555 -0.14778
0.00451 -0.05640 -0.16999
-0.37421 0.07407 0.10094
0.00862 0.09450 0.04165
0.18161 -0.13293 0.13075
-0.39372 0.03295 0.06000
0.19617 -0.14072 0.12114
0.04550 0.00981 0.15930
-0.22634 -0.06041 -0.14142
-0.13920 0.11357 0.10442
0.23295 0.01670 -0.03268
-0.07153 0.10182 -0.10266
-0.26766 -0.08181 -0.10224
-0.37584 0.07900 -0.06752
-0.05120 0.03778 -0.07195
-0.27103 0.04825 0.13764
-0.32123 -0.08194 0.10554
0.14105 0.02280 0.09379
0.16514 -0.11480 -0.12246
-0.38243 0.08083 0.04116
-0.39868 0.08083 -0.04137
-0.42521 -0.06371 0.08689
0.02845 -0.03883 0.03923
-0.21360 0.02154 0.15728
-0.07045 -0.10977 0.13812
0.38614 -0.12293 0.14050
-0.22128 -0.04703 0.17132
-0.32060 0.09073 0.05159
0.10921 -0.04881 -0.03417
0.06684 0.07939 0.08058
0.39644 -0.02510 -0.03556
-0.02023 0.10624 -0.10368
0.02484 -0.01083 -0.15171
0.22553 -0.12676 0.16383
0.25630 -0.03951 -0.16589
-0.32049 -0.10046 0.16361
0.40958 -0.10628 -0.02103
-0.10642 0.11454 0.10015
-0.03212 -0.01473 0.09514
0.09082 0.03120 0.15146
-0.04008 0.00558 -0.11316
0.15257 -0.08288 -0.14282
0.25879 0.01176 0.08018
0.08614 -0.13509 -0.16984
0.30279 -0.09133 -0.15241
-0.06325 -0.05150 -0.00370
0.08413 -0.00958 0.15232
0.39883 -0.09845 -0.08593
0.43369 -0.12639 -0.05161
-0.19319 0.09746 0.11749
0.26223 -0.14053 -0.16839
-0.23258 -0.04165 0.17160
0.39311 -0.04538 -0.10281
-0.21042 -0.12282 0.15161
-0.21104 -0.12849 0.14350
-0.29424 -0.07942 -0.15719
-0.10189 -0.06808 -0.17097
-0.30446 -0.14234 -0.16756
0.18516 0.01909 -0.01098
-0.02093 0.10041 0.07882
0.06672 -0.04541 -0.06863
-0.29830 -0.04463 0.12351
-0.00647 -0.08524 -0.17030
-0.06189 -0.11278 0.01793
0.09460 -0.00355 -0.15085
-0.26695 0.08219 -0.12097
0.13978 -0.10934 0.14594
0.05720 0.08724 -0.02519
0.15946 0.00174 0.15746
0.28524 0.00884 0.05611
-0.21051 -0.05866 -0.01442
0.40352 -0.10031 0.11324
0.10292 -0.06681 0.15305
-0.22890 0.11417 0.00144
-0.24682 0.09873 -0.11079
0.03177 -0.07238 -0.04128
0.35184 -0.00510 -0.03905
0.36235 -0.13392 0.10482
0.34846 -0.03213 -0.12902
0.15467 -0.00718 -0.16114
0.37751 -0.01337 0.02594
-0.24305 -0.07692 -0.11914
0.04430 0.09051 0.07063
-0.08742 0.11558 -0.08643
-0.29828 -0.07059 -0.16875
-0.13960 -0.05594 -0.00217
0.13299 0.02580 -0.01940
-0.39132 0.08255 -0.05567
0.27957 0.01047 0.07871
0.10892 -0.00519 0.13637
0.22887 0.01212 0.11832
0.01396 0.08252 -0.12594
-0.00541 -0.06518 0.17113
-0.24026 0.01683 -0.04440
-0.03718 -0.00302 0.04752
-0.18370 -0.04267 -0.17028
-0.27613 -0.07838 -0.16095
-0.02246 -0.02348 -0.10817
0.10080 0.02281 -0.14500
0.41829 -0.12371 0.10445
-0.23354 -0.06170 0.17139
-0.01045 -0.05624 0.07203
-0.00732 -0.05584 0.07894
0.00239 -0.05458 0.06393
-0.25319 0.07696 -0.12357
-0.35839 -0.09911 0.16253
0.25219 0.01233 0.08251
0.11896 -0.09509 -0.16930
0.19935 -0.01427 0.17189
-0.27706 0.02275 0.15362
0.15082 -0.13149 -0.17217
-0.34484 -0.09763 -0.12910
-0.03050 -0.05262 -0.03633
-0.40417 0.10384 0.08300
0.11535 0.05502 0.04712
-0.32490 0.06883 0.12246
-0.20649 -0.10075 0.17238
-0.01974 -0.05760 -0.06207
0.11840 0.04795 -0.09980
0.01766 -0.05318 -0.15246
-0.35111 0.05272 -0.12145
0.29311 -0.07543 0.14394
0.14943 0.02415 -0.11164
-0.04578 0.10637 -0.03004
-0.02119 -0.11457 -0.11211
-0.01859 -0.11448 -0.13340
-0.41449 -0.07761 0.11876
0.21274 -0.06675 0.13278
0.28936 -0.02846 -0.16579
-0.37076 -0.12188 -0.12765
-0.10657 0.11815 -0.05608
-0.01747 -0.04600 0.09053
-0.31749 -0.05105 -0.13229
0.10850 -0.00104 -0.07956
-0.03661 0.11645 0.01243
0.09195 -0.10058 0.02704
0.10031 -0.11191 0.02899
0.06958 -0.09730 0.02180
0.07007 -0.11287 0.02193
0.21828 -0.06474 -0.16590
0.10679 -0.01075 -0.15109
-0.14142 0.05437 -0.13677
-0.14795 0.05225 -0.13756
-0.19328 0.09980 0.10365
-0.22496 -0.01087 -0.01513
0.10225 0.00793 -0.14888
-0.23644 -0.06616 0.10649
-0.40162 -0.01724 0.13109
0.11330 0.00641 0.15044
-0.15371 0.07857 0.12674
-0.00158 -0.02924 0.17108
0.04693 -0.08589 -0.01671
0.04627 -0.07988 -0.01671
0.05071 -0.10313 -0.01671
-0.05383 -0.03389 0.17202
-0.36948 0.00285 -0.14284
-0.05774 0.05685 -0.09001
0.27863 -0.05430 -0.15293
0.13580 -0.10434 -0.17073
0.25448 -0.04161 0.16443
0.12122 -0.01118 -0.01262
-0.09921 0.10875 0.01590
0.24830 -0.13957 -0.15387
0.03159 -0.05005 0.09861
-0.39178 0.08958 -0.11800
-0.33381 -0.08141 -0.10619
-0.05728 -0.09039 0.17211
0.26922 -0.02550 0.16944
-0.39866 -0.07035 -0.14813
0.05705 -0.07141 0.11483
0.31429 -0.00900 -0.13291
-0.15651 0.01088 0.15112
-0.06229 0.07112 0.13097
0.29818 -0.04809 0.17217
0.24150 -0.09313 -0.10116
0.01660 0.09597 -0.03182
0.22749 -0.12019 -0.15740
0.07053 -0.06927 0.02244
-0.23282 0.02421 0.01754
-0.04112 -0.03064 0.06428
0.21550 -0.10417 0.16843
0.00246 -0.05457 -0.05310
-0.41539 -0.00372 -0.05358
-0.16127 0.10537 -0.07722
-0.06053 0.02377 0.06489
-0.03979 -0.03517 0.07120
0.31688 -0.03748 0.16289
-0.27599 -0.05991 0.15801
-0.06178 0.06233 0.05125
0.39604 -0.05532 0.08957
0.03479 -0.08252 0.17041
-0.24346 0.08324 0.12165
-0.29692 0.05222 -0.13592
0.09857 -0.05172 -0.16862
-0.20364 0.11407 -0.06295
0.29270 0.00610 0.07688
-0.27700 -0.08598 0.10248
-0.40195 0.09875 0.10276
-0.02832 -0.05759 -0.10104
0.39659 -0.04307 -0.09009
0.14728 -0.06351 0.17251
-0.19110 -0.00104 0.15210
0.37806 -0.04672 0.12932
-0.28736 0.04453 -0.13482
-0.03572 -0.03168 0.12448
-0.15655 -0.13532 -0.17139
0.21488 -0.11550 0.16135
0.05176 -0.02061 -0.15203
0.26693 -0.12664 -0.14579
0.18679 -0.05265 0.16606
0.16669 -0.13584 -0.09079
0.05848 0.08688 0.01129
0.37863 -0.03832 -0.10108
0.20718 0.01564 0.11488
0.25377 0.01284 -0.06851
-0.27722 0.02892 0.14775
-0.25533 -0.11455 -0.15645
-0.02148 0.11328 -0.04337
-0.36539 0.01113 -0.14870
-0.02652 0.08812 0.10672
-0.13884 -0.08186 -0.06875
-0.13777 -0.06961 -0.04682
-0.13758 -0.06705 -0.08568
-0.13802 -0.07195 -0.10380
-0.13896 -0.08365 -0.02755
-0.30301 -0.05928 0.16739
-0.03446 0.00937 -0.03426
-0.01720 -0.05076 0.13916
-0.30419 0.09518 0.09813
-0.07657 -0.07838 -0.17131
0.07557 -0.05452 0.08717
-0.04697 -0.01397 -0.08954
-0.05391 0.00516 -0.08643
-0.03873 0.00250 0.11076
0.03750 -0.00249 0.15214
-0.14857 -0.10429 -0.15278
-0.22896 0.01265 0.01624
-0.22301 -0.02232 0.00802
-0.34558 -0.11400 -0.11416
-0.40616 0.10269 -0.09048
-0.02719 -0.05633 -0.15272
-0.40325 0.10912 -0.05779
-0.27006 0.09830 0.06097
-0.22439 0.10373 -0.03855
0.28558 0.01009 -0.00342
-0.06433 0.03955 0.04231
-0.00649 -0.08543 0.13131
0.26677 -0.15525 0.16223
0.24624 -0.10553 -0.15473
-0.17075 0.04617 -0.12244
0.29631 -0.08361 -0.10659
0.15558 0.02362 0.04360
0.40407 -0.04800 0.07711
0.00699 0.08930 -0.03696
-0.38487 0.07441 0.10583
0.08909 -0.05136 0.15320
-0.24835 0.00849 -0.07434
0.29935 -0.02099 0.15336
-0.39181 0.04861 0.06485
-0.12939 -0.05779 0.17139
-0.15601 -0.08205 0.15358
0.36157 -0.13398 -0.06545
0.41600 -0.13384 -0.02432
-0.39470 -0.00673 -0.12529
-0.02471 0.11495 -0.02088
-0.03901 0.00085 0.08284
-0.06992 -0.02869 0.15406
0.41517 -0.07504 0.07946
0.04631 -0.04617 -0.02925
0.01595 0.10947 -0.02307
-0.36878 0.07875 0.06961
0.30568 -0.11203 0.14702
-0.13124 0.10415 -0.09626
-0.35091 0.04546 0.12325
0.02470 -0.08961 -0.15246
-0.08180 0.10772 0.04506
-0.38669 0.08821 -0.11385
-0.04243 0.00510 0.03925
-0.00138 0.10987 -0.03352
-0.12182 0.10524 -0.09058
-0.05013 -0.07557 -0.17114
-0.20191 -0.07517 0.17143
0.37299 -0.01309 0.04781
-0.22812 -0.08561 0.17191
0.06270 -0.06155 -0.03164
-0.03757 -0.00321 -0.06745
-0.03918 0.00965 -0.15062
-0.30742 0.09346 0.04013
0.11432 -0.00960 -0.09765
0.10804 -0.08439 0.16903
-0.04410 0.01617 0.10133
0.03174 -0.05002 -0.10189
-0.30586 0.09800 -0.06811
0.05319 -0.04208 0.15325
-0.39293 0.08169 0.06440
-0.03245 0.10477 0.03550
-0.15501 0.05956 -0.13420
-0.03264 -0.05408 0.06210
0.11023 -0.10984 0.16938
0.16374 0.01868 -0.11835
-0.25724 -0.08221 -0.14610
0.05938 -0.05316 0.17022
0.08616 -0.00809 0.12731
-0.04662 0.02429 0.08439
0.02000 -0.01978 -0.15212
-0.42765 -0.06515 0.07439
0.25716 -0.13519 0.16892
0.19026 -0.10639 0.12185
-0.43054 -0.05241 0.07352
-0.09204 -0.08855 -0.14137
0.05941 0.07975 -0.10509
-0.24712 -0.04946 0.17112
-0.40711 -0.04119 0.13863
0.01984 0.08584 0.12618
-0.18947 0.10655 0.00989
-0.13763 -0.06807 0.03571
-0.13717 -0.06227 0.07923
-0.13715 -0.06261 0.02679
-0.13886 -0.08224 0.06040
-0.13896 -0.08326 0.07345
0.04636 -0.10852 -0.15247
-0.15108 -0.02331 0.15358
-0.40889 0.01483 -0.10651
0.21622 -0.04057 -0.11689
-0.36083 0.03883 0.13528
-0.01300 -0.01704 0.03365
-0.24284 -0.07833 0.13813
0.03687 -0.06639 -0.15241
-0.38859 0.11101 0.02949
-0.39025 0.11101 0.03808
0.07900 0.07564 0.05080
0.33045 -0.07449 0.16653
-0.16758 0.11592 -0.07095
-0.06324 0.05159 -0.08306
-0.00110 -0.10937 0.15356
0.23559 -0.04991 -0.16311
0.05189 0.05834 -0.13675
-0.23677 -0.03173 -0.17017
0.20727 -0.03982 -0.17087
0.05239 -0.09998 0.15329
-0.41713 -0.01081 -0.01957
0.18701 -0.12149 0.12144
0.26806 -0.07636 -0.12132
-0.29634 -0.04040 -0.13591
0.32674 0.00059 0.05471
-0.38114 0.11078 -0.04964
-0.31682 -0.10034 -0.16161
-0.42902 -0.07478 -0.04606
0.28054 -0.01431 0.15757
0.34598 -0.05088 0.15524
0.36132 -0.07461 -0.15067
-0.35309 -0.05663 0.16673
-0.01074 0.09891 0.07804
-0.31936 0.05005 0.13554
-0.33596 -0.08187 -0.12583
-0.02456 -0.03393 0.15358
-0.39849 0.10450 -0.07292
0.28361 -0.07955 0.10616
-0.00936 0.10365 0.10350
-0.19272 0.03295 0.12042
-0.12959 -0.09964 0.01422
0.40092 -0.04524 -0.08165
0.11921 0.01858 -0.02573
0.17672 -0.03775 -0.17259
-0.32279 -0.05571 0.13165
-0.25167 -0.11062 0.15989
0.41891 -0.13383 -0.00326
0.32004 -0.13409 0.08160
0.31076 -0.13412 0.04383
0.38467 -0.13392 0.03129
0.34814 -0.13402 -0.03629
0.39163 -0.13391 0.03462
0.34066 -0.13404 -0.04724
0.36938 -0.13397 -0.04686
0.33542 -0.13406 0.05910
0.34286 -0.13403 0.02331
0.34039 -0.13404 -0.07336
0.33033 -0.13407 -0.06703
0.35214 -0.13401 0.04896
0.30717 -0.13413 -0.02631
0.35395 -0.13401 -0.05849
0.31806 -0.13410 0.00806
0.32045 -0.13409 -0.09214
0.32183 -0.13409 0.06557
0.35089 -0.13401 0.00200
0.39278 -0.13390 -0.00825
0.31746 -0.13410 0.05291
0.37938 -0.13394 -0.01621
0.33423 -0.13406 -0.01775
0.36648 -0.13397 -0.01628
0.30390 -0.13414 -0.06795
0.30941 -0.02332 -0.14905
-0.03895 0.08783 0.12327
-0.39887 0.04348 0.06015
-0.28475 -0.08164 -0.15342
0.10509 -0.04752 0.01950
-0.29468 0.03115 0.12760
0.38272 -0.01480 -0.00069
-0.32327 0.09064 -0.07503
-0.07859 0.09553 -0.10207
-0.10250 0.02411 -0.15084
-0.00315 -0.08367 -0.01670
0.02198 -0.08363 -0.01671
-0.05204 0.04588 0.03971
0.06410 -0.06415 -0.02125
0.27324 -0.04843 0.14890
0.00918 -0.11783 -0.17112
-0.22483 -0.07790 0.12180
-0.29990 -0.06687 -0.14489
0.02020 0.09231 0.09802
-0.29061 0.08432 0.10911
-0.26414 -0.13002 -0.09907
0.12096 0.05288 0.00448
-0.08513 0.01246 -0.16282
-0.29832 -0.11786 -0.15926
0.37685 -0.01268 -0.01335
-0.41190 0.11215 0.00171
-0.41373 0.11334 0.00692
-0.21465 -0.09472 -0.10788
-0.30215 -0.08935 -0.16223
0.02890 0.09570 -0.01271
-0.09471 0.00487 0.12858
-0.39114 0.03280 0.03635
-0.35935 0.03223 0.06453
-0.04708 0.09844 0.11150
0.37494 -0.05261 0.13235
0.08745 -0.00630 0.08111
-0.31875 -0.07650 -0.16162
0.01529 0.07968 -0.10641
-0.28849 0.04713 0.13503
0.39597 -0.04154 0.07977
-0.09963 0.10292 -0.10284
0.16076 0.02427 -0.01579
0.34764 -0.03445 0.13242
-0.24704 0.03178 0.11484
0.12661 -0.09244 0.17103
-0.28037 -0.07696 -0.10262
-0.28619 -0.04225 -0.10651
0.23836 -0.16317 -0.16121
0.15588 -0.10829 -0.09915
-0.04138 0.02462 0.04283
-0.29611 0.05782 -0.13337
0.21118 0.01708 -0.09066
0.34311 -0.02267 0.13743
-0.20834 0.11522 -0.03691
-0.21093 -0.10811 0.14796
-0.24540 0.10006 -0.07865
-0.01993 0.10916 -0.08517
-0.02359 -0.05782 0.10590
-0.02552 -0.02726 -0.09017
-0.32390 -0.05496 -0.15290
0.21039 -0.12496 0.10116
-0.26427 0.06010 -0.13136
0.28254 -0.05727 0.12812
-0.14007 -0.09821 0.02849
-0.13810 -0.07678 0.10853
0.02608 -0.06676 0.01368
0.25754 0.01377 0.02892
-0.09910 0.11517 0.09209
-0.31787 0.09599 0.01833
-0.32084 -0.09678 -0.11914
0.23220 -0.16377 0.14562
0.00290 -0.06638 -0.03719
0.23267 -0.07348 0.16978
-0.10783 -0.06375 -0.15297
0.07351 0.05070 0.13569
-0.05574 0.02958 0.12551
0.06174 -0.07238 -0.16955
0.05727 -0.06938 -0.11352
-0.06580 0.09956 -0.11100
-0.02753 -0.02331 -0.04769
-0.02026 -0.03816 0.10432
0.23311 -0.02212 0.17158
0.10875 -0.01551 -0.14796
0.25044 -0.07768 0.17035
0.19933 -0.13485 0.10282
-0.22936 0.08985 -0.11842
-0.35995 0.06720 0.12078
0.41183 -0.09405 0.03632
0.36660 -0.13382 -0.14236
0.18676 -0.00258 0.16419
0.08901 -0.08065 0.15323
0.41199 -0.11569 0.02173
0.39050 -0.09171 -0.13085
-0.03709 -0.04275 0.17164
-0.13838 -0.05909 0.14123
0.11667 -0.00087 -0.15052
-0.36266 0.05741 -0.10816
-0.18319 0.10416 0.08436
-0.33327 -0.09991 0.10610
0.39181 -0.02090 0.02736
-0.30910 -0.04461 -0.15487
-0.07624 -0.09105 -0.15318
-0.13153 -0.05283 0.15365
-0.24103 0.01750 0.03343
0.10842 0.00878 0.10074
0.40683 -0.10073 -0.10725
-0.41060 -0.09423 -0.11066
-0.08120 0.05084 -0.13526
-0.06473 0.03911 -0.07932
0.27682 -0.05298 0.13695
0.00179 -0.06910 0.17103
-0.30910 0.04158 0.14009
0.12247 -0.08077 0.15188
0.32780 -0.00490 -0.09681
0.39862 -0.02935 0.05182
-0.09877 -0.11437 -0.10745
-0.12155 -0.11457 -0.06758
-0.11220 -0.11436 -0.10883
-0.11107 -0.11431 -0.11984
0.03174 -0.07069 -0.16960
0.36598 -0.04412 0.12422
-0.36605 -0.12348 -0.15460
0.13798 -0.01306 0.16654
-0.09277 0.03010 0.12600
0.01059 0.10721 -0.03796
0.24309 -0.07892 0.16694
0.21577 -0.04904 0.12118
-0.37435 0.03292 0.01703
-0.28001 0.03239 0.01728
0.09932 0.06006 -0.09487
-0.00284 -0.06068 -0.03006
0.11516 0.05451 -0.05571
0.34287 -0.01149 0.11000
0.23971 -0.04006 0.12565
-0.27528 -0.03933 0.11876
-0.01086 -0.06327 -0.00573
-0.04462 0.08857 -0.12214
-0.03399 0.06593 -0.13173
0.42539 -0.12629 -0.08299
-0.13120 0.10789 0.04673
-0.39358 0.00113 -0.13658
-0.22056 -0.07337 0.12783
-0.15707 0.11909 -0.00652
0.04341 -0.04684 -0.04936
0.15341 -0.00037 0.15804
-0.26427 0.10775 -0.06642
-0.42434 -0.08028 0.07335
-0.13768 -0.11452 0.12990
0.12858 0.01506 0.05603
-0.31673 0.08849 -0.08453
0.23445 -0.12736 0.09836
-0.38387 0.08083 -0.03488
-0.37660 0.08083 -0.00552
0.41401 -0.09352 -0.06142
-0.06358 0.04175 -0.14178
-0.23028 0.11063 0.08163
-0.26981 -0.03850 -0.14664
-0.04299 0.09700 0.11420
-0.09223 0.09869 -0.11819
0.08448 0.02578 0.14818
0.15596 -0.10840 -0.07930
0.15613 -0.10769 -0.04754
-0.10801 0.12006 -0.01042
-0.25694 0.10818 0.07648
0.09017 -0.00284 0.16466
0.10307 -0.07050 -0.15220
-0.13812 -0.11422 0.15299
0.15489 -0.09037 -0.17313
-0.24464 -0.07610 -0.13559
0.06311 -0.05035 0.12090
0.40447 -0.05629 0.08409
0.24762 -0.06181 -0.11928
0.17318 0.00035 -0.15803
-0.20415 0.10431 0.05667
0.30234 -0.13171 -0.10750
-0.03814 0.10931 0.10289
0.28120 -0.11259 0.12185
0.02849 0.09586 0.06643
-0.13153 -0.06986 0.15371
0.39568 -0.06555 -0.12220
-0.20430 -0.04990 -0.17044
-0.25608 -0.04101 0.15016
0.03076 0.08388 -0.12570
-0.24605 -0.12732 -0.14591
0.34055 -0.00142 -0.02314
-0.02791 0.01284 -0.15009
-0.22909 0.01673 0.12033
-0.13659 -0.08641 -0.17054
-0.01467 -0.05347 0.11286
-0.01566 -0.05988 0.12930
0.16032 -0.05468 -0.17519
0.21114 -0.09170 -0.16646
0.21092 -0.05685 -0.16545
0.40885 -0.13385 -0.06765
-0.21578 -0.08877 0.13148
-0.38773 0.10967 0.00780
-0.38885 0.10967 -0.00506
-0.03934 0.02914 0.12991
-0.22833 -0.03659 0.14611
0.14131 -0.04076 0.17022
0.12762 -0.02778 -0.16766
-0.07981 0.08308 -0.12520
0.27624 -0.09826 -0.12964
0.36831 -0.01250 -0.05992
0.03710 -0.07897 -0.04203
-0.01519 -0.07696 -0.03889
0.03628 -0.09484 -0.04197
-0.06290 0.04214 -0.11114
-0.24981 0.10189 -0.03233
-0.17186 -0.10376 -0.15271
0.09886 0.00268 0.02191
-0.03374 -0.00605 -0.11766
-0.12245 -0.01362 0.17019
0.22616 -0.01413 0.16974
-0.25856 -0.06426 0.15522
0.20143 0.01490 -0.12807
0.22551 0.01510 0.08902
-0.23862 0.11298 0.02892
0.40840 -0.03967 0.01988
0.05546 -0.11480 0.08567
0.19368 0.00025 0.15610
-0.39024 -0.06505 -0.15355
-0.22279 0.02212 0.12900
-0.34888 0.03015 -0.14297
-0.29846 -0.11520 0.10076
0.30518 -0.10160 -0.15611
0.07249 0.06570 0.12863
-0.23601 -0.10505 0.10433
-0.06138 0.10264 0.09666
0.42575 -0.08271 0.01326
-0.26057 -0.03958 0.14850
-0.14842 0.01977 -0.15708
-0.38152 0.07597 -0.12377
-0.19315 0.10800 0.10887
-0.17113 0.05602 -0.12151
0.05802 -0.02377 0.16933
-0.27359 -0.10121 0.10087
0.27124 -0.11931 -0.15988
0.10134 -0.03267 0.05825
0.21287 -0.10505 -0.15925
-0.24714 0.10122 0.05464
0.11506 -0.06339 0.16954
0.05253 -0.04471 0.07914
-0.29295 0.10521 0.01300
-0.28277 0.01504 -0.15786
-0.41626 -0.00543 0.02179
0.01002 -0.02342 0.17000
-0.00074 0.10914 0.04774
-0.29002 -0.12142 0.16615
0.18468 -0.05707 -0.14757
0.03692 -0.03969 0.11475
-0.11497 -0.04384 -0.17064
-0.27611 -0.07875 0.16500
-0.13984 -0.08852 -0.14175
-0.13919 -0.08383 -0.13171
-0.14065 -0.10238 -0.10695
-0.13988 -0.09387 -0.11216
-0.14122 -0.10460 -0.12726
-0.13993 -0.10501 -0.04905
0.25324 -0.08744 0.16084
0.14080 -0.03430 0.15250
-0.17834 0.02629 -0.14934
0.37475 -0.05298 0.12420
-0.09013 0.04423 -0.14219
-0.28887 0.03243 -0.01861
0.11841 0.02379 0.14780
-0.17070 0.06145 0.13388
-0.22306 -0.05940 -0.10896
0.06479 -0.10639 -0.16959
0.41071 -0.06007 -0.04494
0.18645 -0.07989 0.10613
0.11793 0.01298 0.03939
0.28629 -0.06204 0.12167
0.11927 -0.04297 0.11148
-0.08522 -0.04418 -0.17103
0.22708 -0.07423 0.15429
0.15427 -0.06791 -0.08070
0.01553 -0.07161 -0.11148
0.09770 0.04117 -0.13424
-0.04630 0.10176 0.09439
-0.09623 0.11991 0.01203
-0.04676 -0.01609 0.07994
-0.39616 0.04723 -0.02462
0.19582 0.01919 0.07609
-0.04879 -0.09790 0.13769
-0.12672 0.07672 0.04228
-0.03314 -0.07336 0.17168
-0.07094 0.02692 -0.15005
-0.00402 -0.03517 0.12314
-0.21449 -0.10806 -0.13556
0.10196 -0.01058 -0.04229
-0.42747 -0.06572 -0.07248
-0.40754 -0.10837 -0.10240
0.01800 0.09297 0.06816
-0.01435 -0.11482 -0.02974
-0.05912 0.10745 -0.02746
0.16545 -0.11913 0.11939
-0.11324 0.11392 0.10511
-0.03200 -0.09437 0.01783
0.25170 -0.12133 -0.16661
-0.10933 -0.10293 -0.01629
-0.39463 0.03288 0.04681
0.34337 -0.11002 -0.15580
-0.41343 0.11041 -0.07500
-0.09215 0.11982 -0.02411
-0.12366 -0.02555 -0.15288
-0.26259 0.03101 -0.13095
-0.09889 -0.10915 -0.01647
-0.03369 -0.04769 -0.10861
-0.32280 -0.12296 -0.16235
0.20804 -0.13116 0.14260
-0.39345 0.07874 0.06965
0.39500 -0.11608 0.12812
0.08282 -0.05015 -0.16939
-0.08209 -0.04513 0.15392
0.28611 0.00884 -0.05133
-0.22342 -0.03569 -0.01730
-0.34532 -0.11459 0.11174
-0.01665 0.08956 0.04999
-0.40879 -0.11213 0.13596
0.20018 0.01953 -0.01890
-0.15532 0.11917 0.01353
-0.18242 0.06835 -0.12973
0.13472 -0.11408 0.17143
-0.03509 -0.04901 0.07922
-0.04264 -0.02672 0.08952
0.30962 -0.10701 -0.16956
-0.11601 -0.01258 -0.15228
-0.06047 0.06635 0.08559
-0.10965 0.10886 -0.00674
0.28070 -0.10268 -0.16870
