0.15158 0.05425 0.05053
0.36775 -0.10056 -0.04421
0.43936 -0.07870 0.05089
-0.15087 -0.00160 -0.14146
-0.14890 -0.00613 -0.14146
-0.17257 -0.01815 -0.14146
-0.33320 -0.04972 0.02197
-0.18460 -0.04771 0.10057
0.20355 -0.07324 -0.12584
0.20323 -0.07570 -0.14428
-0.19348 -0.09846 -0.13911
-0.27598 0.11052 -0.02718
0.40406 0.01571 0.07396
-0.34062 -0.08751 -0.01975
-0.34041 -0.08393 -0.02717
0.10159 0.10824 -0.10036
0.09096 0.11201 -0.10733
-0.29809 -0.08035 -0.14495
-0.41440 -0.05744 0.14845
-0.41824 -0.06238 0.14845
-0.24289 0.11493 0.09517
-0.16324 0.03974 -0.14146
-0.06877 0.04268 0.12924
0.35079 -0.02948 0.03379
0.33992 -0.01974 0.03820
0.44489 -0.06691 -0.06143
0.43970 -0.02560 0.07163
-0.18261 -0.02187 0.02813
-0.18095 -0.02163 0.06369
-0.19704 -0.02396 0.01055
-0.19778 -0.02407 -0.00084
-0.19315 -0.02340 -0.00765
-0.20469 -0.02507 0.00471
-0.19029 -0.02298 0.03260
-0.17222 -0.02037 0.08076
-0.20117 -0.02456 -0.03420
-0.19195 -0.02322 0.09196
-0.19040 -0.02300 0.06205
-0.41684 0.06342 -0.02480
0.33151 0.04665 -0.04322
0.33551 0.04642 -0.03222
-0.08250 -0.02420 0.14146
-0.09224 -0.02510 0.14146
-0.14126 -0.01382 0.14146
-0.10056 -0.04160 0.14146
-0.14439 -0.03872 0.14146
-0.11418 -0.03073 0.14146
-0.13437 -0.02802 0.14146
-0.09053 -0.03209 0.14146
-0.17497 -0.04042 0.14146
-0.15754 -0.04096 0.14146
-0.14804 -0.03095 0.14146
-0.11416 -0.01509 0.14146
-0.09203 -0.03956 0.14146
-0.08910 -0.01600 0.14146
-0.07636 0.02945 0.14146
-0.39568 0.06521 0.12897
-0.16139 -0.01721 -0.08939
0.26726 -0.09191 -0.12932
-0.42097 0.03540 -0.09905
0.30405 -0.06017 -0.14104
-0.12130 0.13664 0.10501
0.39009 -0.00413 -0.12876
0.42539 -0.08907 0.05290
-0.21431 -0.03936 -0.11466
-0.16981 0.14002 0.01608
-0.25145 -0.06558 0.12933
0.24704 -0.07706 0.14407
-0.13874 -0.01234 0.09948
0.15158 0.04103 0.04698
-0.00594 0.14526 -0.03690
-0.14702 0.13394 -0.11582
0.12082 0.03603 -0.14146
-0.29171 -0.03306 0.13616
-0.28818 -0.03035 0.12573
0.36369 -0.04807 0.14146
-0.19994 -0.09223 -0.14495
-0.32791 0.06849 0.13074
-0.06815 -0.02944 -0.01525
-0.27260 -0.00607 0.09630
-0.27890 -0.00688 0.06995
-0.29392 -0.01089 0.04161
-0.42576 -0.07465 -0.01899
-0.39075 -0.08106 -0.02339
-0.37987 -0.08304 -0.02019
-0.36757 -0.08529 -0.03102
-0.41721 -0.07622 -0.02310
-0.41773 0.01296 0.13105
0.15158 0.05371 0.03509
-0.00902 -0.02802 -0.04480
-0.01704 0.03309 -0.04221
0.22068 -0.12254 0.12873
-0.42408 0.04750 0.03680
0.05146 -0.04089 0.03891
-0.22913 -0.09168 0.12880
0.21173 -0.12363 -0.11472
-0.20551 -0.02717 0.09391
-0.20551 -0.02659 0.03845
-0.20551 -0.02740 -0.02032
0.27712 0.05040 0.10950
-0.17786 0.13868 -0.00637
-0.13925 0.03670 -0.14146
0.19720 -0.09648 0.10468
0.43445 -0.02145 -0.09526
-0.28892 -0.03519 -0.15019
0.18604 0.05093 0.02435
-0.25041 -0.14557 -0.12668
-0.24835 -0.14584 -0.14314
-0.14730 0.13819 -0.09291
-0.23587 0.05087 -0.14146
0.41640 0.00731 0.06017
-0.11146 0.01049 -0.14146
-0.14750 -0.01513 -0.14146
-0.17100 -0.03416 -0.14146
-0.00993 -0.04415 -0.07953
0.16324 -0.01464 -0.08562
0.24638 -0.01760 -0.12002
0.24759 -0.01744 -0.14026
0.01249 0.14102 -0.07123
-0.23093 -0.01811 -0.12196
-0.21865 -0.02319 -0.14283
-0.33944 -0.06733 0.01430
0.39942 0.01831 0.08016
-0.32058 0.07810 0.11279
0.15158 0.04640 0.06434
0.37884 0.03002 -0.07211
0.07619 -0.00463 -0.01282
0.00542 0.14336 -0.05165
-0.27936 -0.00841 -0.09241
-0.28060 -0.00693 -0.06014
0.31401 -0.07087 0.14495
-0.43562 0.00752 0.02298
-0.21382 0.12710 -0.06727
0.37024 -0.10022 0.03092
0.23655 -0.10849 0.12327
0.09925 0.10388 -0.12291
0.00914 -0.04877 0.08850
0.02282 -0.04711 0.09783
0.02293 -0.04710 0.07742
0.03438 -0.04571 0.07043
0.04001 -0.04503 0.09251
-0.05637 -0.03272 0.00339
0.26159 -0.01597 -0.14450
-0.15328 0.13898 0.06800
-0.42830 -0.01293 0.11884
0.25821 0.05612 -0.06182
0.01723 -0.00431 0.00889
0.01854 -0.00431 -0.00264
0.00723 -0.00431 -0.00595
0.00380 -0.00431 -0.01238
0.02062 -0.00431 -0.03337
0.16921 0.04151 0.14146
0.22442 -0.08825 0.12392
-0.04207 0.07029 0.07401
-0.04207 0.07090 0.06698
-0.28719 0.09516 -0.11012
-0.33889 -0.06553 -0.01149
-0.22125 0.04674 0.14146
0.21065 -0.09756 -0.01848
0.20998 -0.09041 -0.01842
0.39832 0.02452 0.02975
-0.32556 -0.05848 -0.11877
-0.30901 0.08160 0.12047
-0.34782 -0.08655 -0.14647
-0.20298 -0.12756 -0.11956
0.00057 -0.04477 -0.05643
0.03605 -0.04048 -0.04995
0.02215 -0.04216 -0.06689
0.02270 -0.04209 -0.05521
0.01351 -0.04320 -0.06641
0.03815 -0.04022 -0.06193
-0.41904 -0.00990 -0.13372
-0.19099 -0.08538 -0.14452
0.08917 0.11870 0.06101
0.07630 0.12516 0.05263
0.10026 0.11256 0.07562
0.09492 0.11447 0.08194
-0.42709 0.04063 -0.03895
0.12448 -0.00266 -0.14146
0.15281 0.00122 -0.14146
0.05820 0.00475 -0.14146
0.17210 -0.00254 -0.14146
0.29892 -0.03853 0.12583
-0.26046 -0.04786 0.12929
-0.18663 -0.10113 -0.11275
0.15637 0.07261 0.05128
-0.42765 0.00188 0.09275
-0.00649 -0.04092 -0.11292
-0.43616 -0.04870 0.12470
-0.42309 0.05494 -0.00547
0.37944 -0.09760 0.01965
-0.13991 -0.01946 -0.09787
-0.12534 -0.01736 -0.10304
-0.27681 -0.08780 -0.12569
-0.22551 -0.02582 -0.15019
-0.00380 0.14121 0.08223
0.23350 -0.09227 0.12910
-0.17620 -0.08476 -0.09079
-0.17758 -0.09240 -0.07591
-0.17868 -0.10061 -0.06697
-0.18390 -0.04882 0.13062
-0.19192 -0.09387 -0.15019
0.14513 0.02173 0.14146
-0.44244 -0.01320 -0.05640
-0.02967 0.04169 0.12924
-0.29891 -0.01217 -0.00061
0.20821 -0.07702 -0.03951
0.20721 -0.08908 -0.07344
-0.24795 -0.10167 0.12933
-0.18632 -0.07444 -0.15019
-0.29245 0.10360 -0.01363
-0.29927 -0.04685 0.15019
-0.44695 -0.05128 0.03186
0.40845 0.01769 -0.03104
-0.41737 0.06682 0.00191
-0.24107 -0.00514 0.01558
-0.43584 0.00189 -0.00888
0.38376 0.00961 -0.12757
0.17763 0.06292 0.12635
0.15158 0.07720 0.12391
-0.42355 0.04856 -0.03711
-0.30934 0.08941 0.08061
-0.31435 0.08676 0.08149
0.36205 0.01803 -0.13640
0.22118 -0.13220 -0.13740
0.00291 -0.04617 -0.13622
0.02908 -0.04649 -0.13622
-0.18626 -0.01537 0.11404
-0.03101 0.07304 -0.10155
-0.17344 -0.02128 -0.08867
-0.27506 -0.09776 0.12060
0.09625 -0.04331 0.11288
0.02461 -0.04673 -0.03889
0.00024 -0.04837 -0.03889
-0.01502 -0.05803 -0.03889
-0.40605 0.05893 0.10743
-0.21683 -0.00448 -0.14146
-0.10346 0.02967 -0.14146
0.03041 0.14019 0.04783
-0.41890 0.04364 0.08831
-0.20660 -0.07125 0.13812
0.21529 -0.04548 0.13816
0.00537 -0.06439 -0.05030
0.00394 -0.06439 -0.09825
0.06392 -0.06439 -0.04367
-0.01307 -0.06439 -0.08782
0.00713 -0.06439 -0.07483
0.03701 -0.06439 -0.07496
0.00329 -0.06439 -0.03910
0.07517 -0.06439 -0.04369
0.05697 -0.06439 -0.04944
-0.00317 -0.06439 -0.07658
0.00941 -0.06439 -0.05881
0.02601 -0.06439 -0.04052
0.02846 -0.06439 -0.06223
-0.01325 -0.06439 -0.04166
-0.00615 -0.06439 -0.06747
-0.00233 -0.06439 -0.04997
-0.06699 0.04073 -0.13415
0.21206 -0.04476 0.10559
0.23297 -0.09865 -0.12059
-0.14405 -0.00523 -0.10440
-0.02962 0.08502 -0.08855
-0.21415 -0.03481 -0.13641
0.26066 -0.01584 0.12035
0.26736 -0.01673 0.11192
-0.26420 0.10423 -0.11400
0.13771 0.03741 0.04342
0.16392 0.04605 -0.05625
0.44289 -0.05740 0.09518
-0.41427 0.05946 -0.06252
0.01880 -0.00985 0.02925
0.42783 0.00404 0.00621
-0.12012 -0.01660 0.12322
0.37445 -0.09858 0.04415
0.20245 -0.05912 -0.11554
0.21496 -0.09822 -0.13830
-0.21244 0.00364 -0.14146
-0.22371 0.00121 -0.14146
-0.22940 -0.11031 -0.12932
0.12101 -0.01904 -0.14146
0.05592 -0.00515 -0.14146
0.15998 -0.02251 -0.14146
0.16547 -0.01977 -0.14146
0.22719 0.05821 -0.02705
0.23627 0.05821 -0.02149
-0.05248 0.14588 0.02112
-0.10875 0.14588 0.03074
-0.06423 0.14588 0.01830
-0.10783 0.14588 0.01159
-0.07066 0.14588 0.01628
-0.07939 0.14588 0.01489
-0.01444 0.03293 -0.11783
-0.00405 -0.04599 -0.11396
-0.43253 -0.06403 0.11858
0.17482 0.06380 -0.12757
-0.05325 -0.02649 -0.02203
-0.00075 -0.04648 0.10527
-0.00208 -0.01221 0.10527
-0.01830 0.03086 0.10527
0.34021 -0.09810 0.14170
0.27064 -0.00490 -0.11539
-0.29899 -0.10712 0.14529
0.19192 0.05104 -0.10789
0.23593 -0.05903 -0.12932
0.20687 0.04910 -0.13280
-0.17694 -0.02442 -0.08500
0.05430 -0.05106 0.11412
0.07957 -0.06539 0.11299
0.00149 -0.06477 0.11304
0.05064 -0.06163 0.11329
0.07196 -0.06642 0.11291
0.08250 -0.05947 0.11346
-0.23307 0.04337 -0.14146
0.40081 0.02219 -0.03806
0.04802 0.13303 -0.08406
0.05793 0.13341 -0.03985
0.22349 -0.03541 0.01329
0.30536 -0.05454 0.14495
0.21830 -0.05442 -0.14495
-0.12691 -0.02818 0.12659
-0.13281 -0.04392 0.12316
-0.11657 -0.03617 0.12485
-0.15437 -0.03976 0.12406
-0.12716 -0.03344 0.12544
-0.14274 -0.03592 0.12490
-0.07247 -0.02649 -0.00141
-0.24859 -0.13839 -0.13399
0.01636 -0.04000 -0.04137
-0.13442 -0.01867 0.09301
-0.12034 -0.01663 0.02847
-0.12241 -0.01693 0.08075
-0.12791 -0.01773 0.04773
-0.11721 -0.01618 -0.02779
-0.12604 -0.01746 0.07382
-0.12771 -0.01770 0.02880
-0.12142 -0.01679 0.08591
-0.11665 -0.01610 -0.05132
-0.11825 -0.01633 0.02089
-0.14406 -0.02006 0.06407
-0.12420 -0.01719 0.03239
-0.42376 0.04763 0.02254
0.40144 -0.09201 -0.07625
0.12194 0.02830 0.05394
-0.19835 -0.04820 0.12057
-0.15480 -0.04820 0.07135
-0.16474 -0.04820 0.11083
-0.18928 -0.04820 0.03290
-0.14895 -0.04820 0.08646
-0.18855 -0.04820 0.08214
-0.17079 -0.04820 -0.00539
-0.19478 -0.04820 0.05195
-0.19256 -0.04820 0.06546
-0.18111 -0.04820 0.04763
-0.15677 -0.04820 0.04798
-0.12641 -0.04820 0.11376
-0.15557 -0.04820 0.07626
-0.20990 -0.04820 -0.08466
-0.17319 -0.04820 0.06280
-0.16709 -0.04820 0.06217
-0.17281 -0.04820 0.02606
-0.15575 -0.04820 0.12028
-0.19898 -0.04820 0.05740
-0.19416 -0.04820 0.04250
-0.16627 -0.04820 0.10453
-0.16328 -0.04820 0.11983
-0.14096 -0.04820 0.07348
-0.18502 -0.04820 -0.01520
-0.13210 -0.04820 0.11755
-0.19221 -0.04820 -0.04559
-0.19990 -0.04820 -0.03248
-0.19266 -0.04820 -0.03838
-0.19745 -0.04820 -0.00969
-0.20508 -0.04820 -0.02735
-0.20269 -0.04820 -0.07500
-0.14804 -0.04820 0.09290
-0.21151 -0.04820 0.01169
-0.16641 -0.04820 0.09435
-0.15844 -0.04820 0.02738
-0.15066 -0.04820 0.05558
-0.18351 -0.04820 -0.02793
-0.21410 -0.04820 0.06821
0.20402 -0.07973 0.10008
-0.44390 -0.07315 -0.06382
0.07443 0.00047 -0.00764
-0.27999 0.05733 -0.14129
-0.22749 -0.07703 -0.13804
0.03516 -0.02649 -0.01404
-0.28620 -0.12357 0.13822
-0.42448 0.02411 0.09900
-0.11000 -0.02649 0.00811
-0.07539 -0.02649 -0.00568
0.28672 -0.13965 -0.12993
0.20948 -0.08510 0.02237
0.20929 -0.08308 0.01302
0.24324 -0.02600 0.14300
-0.32558 -0.07405 -0.13401
0.00454 0.14181 -0.07038
-0.18382 -0.08727 0.11350
0.17147 0.06333 0.07296
0.04547 0.13793 0.00834
0.33417 0.04275 0.09060
-0.28856 -0.12751 -0.10129
-0.22311 -0.14032 0.10825
-0.22985 -0.14312 0.10356
-0.43189 -0.00840 0.10149
-0.30667 -0.07202 -0.15019
-0.17056 0.12266 -0.12632
-0.20091 -0.03903 -0.10129
-0.29898 -0.05453 0.13749
-0.30214 -0.06215 0.14054
0.31374 -0.04469 0.11171
0.36814 0.02235 -0.11148
-0.32451 0.07626 -0.11079
0.24456 0.05814 0.02874
-0.25704 -0.00364 -0.06435
-0.25377 -0.00301 -0.05361
0.24443 -0.13615 0.14981
0.00290 0.14460 0.03962
-0.22665 -0.01193 -0.13242
0.35423 -0.03326 -0.01289
0.20858 -0.11594 -0.15019
0.00940 -0.05995 0.10887
-0.16962 0.04295 -0.14146
-0.31413 0.09334 -0.02745
0.45345 -0.04131 -0.02449
-0.43060 0.02894 -0.01985
-0.00043 0.00854 0.03243
0.00274 -0.05601 0.03749
-0.00431 0.02069 0.03232
0.13289 0.02474 -0.02694
-0.19579 0.01471 0.09639
-0.20185 0.02838 -0.10659
-0.19786 0.01938 -0.08143
-0.19634 0.01596 0.01413
-0.19704 0.01753 0.03562
-0.19733 0.01818 -0.09475
-0.19779 0.01922 -0.07313
-0.41992 0.04108 -0.08974
-0.20942 -0.04883 0.14495
0.43563 -0.08296 0.04503
0.02452 0.14247 -0.03346
0.27927 -0.12535 -0.14123
-0.23481 -0.14414 -0.14791
0.20862 -0.10564 -0.13794
0.45088 -0.05345 -0.04808
-0.26459 -0.09031 -0.14273
0.30067 -0.07179 -0.14495
0.21572 -0.04925 -0.01856
0.23635 -0.13281 0.12726
0.22793 -0.04027 -0.14495
-0.26381 0.04590 0.14146
0.11641 0.04080 0.07792
-0.25916 -0.02048 -0.15019
0.02083 0.13718 -0.09427
-0.17896 -0.07736 0.02737
-0.00842 0.04157 -0.12924
-0.13024 -0.00607 -0.10065
0.28236 0.05580 0.00851
0.02630 -0.03717 -0.11192
-0.26757 -0.10653 0.12904
0.21887 -0.07892 -0.14495
0.41671 -0.01817 -0.12303
-0.20969 -0.03823 0.13894
-0.00700 -0.00407 0.10855
0.20861 -0.06061 -0.14495
-0.08896 -0.02649 -0.01925
-0.09485 -0.02649 -0.02582
-0.11095 -0.02649 -0.03173
-0.09562 -0.02649 -0.02028
-0.19714 -0.02553 -0.11878
-0.44489 -0.01614 -0.05119
-0.13780 0.14186 0.06069
-0.26404 -0.05660 -0.12373
-0.28621 -0.03811 -0.13555
-0.24303 0.12238 -0.02975
-0.45280 -0.03301 -0.03805
0.07874 -0.07138 -0.14146
0.05055 -0.06317 -0.14146
0.08267 -0.06654 -0.14146
-0.03587 -0.06460 -0.14146
-0.01136 -0.05771 -0.14146
-0.04382 -0.05381 -0.14146
-0.05554 -0.06999 -0.14146
0.06981 -0.06337 -0.14146
0.16734 -0.07113 -0.14146
-0.06948 -0.05348 -0.14146
0.31599 -0.06695 -0.10723
0.31647 -0.07056 -0.12445
0.39757 -0.08205 0.14109
-0.01997 -0.04553 -0.11552
0.07526 0.10637 0.12869
-0.21793 -0.13163 0.15019
0.20891 -0.06460 -0.06963
0.20652 -0.06910 -0.09344
0.28779 -0.09015 0.12862
-0.12540 0.01718 -0.14146
-0.16233 0.00647 -0.14146
-0.43371 0.00493 0.04852
-0.21954 -0.08879 0.12142
-0.19215 -0.09417 0.11346
-0.01850 0.04720 -0.07760
-0.01694 0.04228 -0.05041
0.39522 -0.00490 0.12192
-0.04886 -0.04663 0.13703
-0.01538 -0.04663 0.13744
0.35893 0.04003 0.02339
0.36825 -0.09780 0.00535
0.36858 -0.09427 0.02843
0.30883 -0.05037 -0.14796
0.23774 0.05598 -0.07840
0.23272 0.05664 -0.06451
0.23595 0.05741 -0.04829
0.20974 -0.05332 0.10846
0.20976 -0.05327 0.11772
-0.32324 -0.04553 -0.10384
0.25966 -0.10222 -0.14495
-0.33033 0.08094 0.06673
-0.33165 0.07814 0.08426
-0.24083 -0.05390 0.12933
0.32998 -0.01298 -0.04369
0.31849 -0.00801 -0.05233
0.32903 -0.01345 -0.05621
-0.13751 -0.07866 0.14845
-0.04283 -0.07416 0.14845
-0.07007 -0.07302 0.14845
-0.09995 -0.07675 0.14845
0.27814 -0.09308 -0.12851
0.22009 0.05821 0.01896
0.00773 -0.03425 -0.11376
0.31724 -0.08522 -0.14049
0.31608 -0.09403 -0.14379
-0.00283 0.13484 -0.11075
0.31760 -0.09951 0.15019
-0.00733 -0.01874 -0.03393
-0.03472 -0.00975 -0.03393
0.30453 0.05282 -0.00188
0.40977 -0.09042 -0.10340
0.18554 0.04479 0.02868
-0.41042 0.02160 -0.13915
0.05672 0.13270 0.05416
0.39442 0.01243 0.11251
0.26267 -0.13446 -0.14495
-0.42097 -0.01484 -0.13546
0.29524 -0.01040 -0.13034
-0.18038 -0.09776 0.00902
0.43617 -0.08218 -0.04823
-0.42110 0.06337 0.00248
-0.24444 -0.14242 -0.15019
-0.00612 0.12790 0.12491
-0.10743 0.12950 0.12024
-0.02072 0.12827 0.12231
-0.13479 0.13001 0.11786
0.22639 -0.12692 -0.13109
0.22991 -0.12963 -0.11986
0.05756 0.04027 -0.13397
0.02624 -0.04670 0.11304
-0.19994 0.01117 -0.14146
-0.22289 -0.08314 -0.12583
-0.43630 -0.06996 0.04878
0.13593 0.00320 -0.02115
0.13085 0.06918 0.05570
-0.24436 -0.04796 -0.12894
-0.19026 0.13627 0.02359
-0.43335 0.01903 0.04604
-0.11589 0.03958 0.14146
-0.11455 -0.02640 0.04296
-0.26450 0.06763 -0.12924
-0.17075 -0.01057 0.10617
-0.36827 0.06981 0.11698
-0.39856 0.07127 0.10085
-0.37303 0.06904 0.12017
-0.25289 -0.05217 0.12662
-0.30070 -0.11813 0.10604
-0.29551 -0.12489 0.13115
-0.42335 0.02557 -0.10551
-0.44657 -0.04757 -0.03902
-0.44908 -0.03221 -0.06091
-0.01470 0.04462 0.06808
-0.01509 0.04583 0.05342
0.34629 0.01507 -0.14143
0.30992 -0.07970 -0.14495
0.13861 0.09480 0.06518
0.11154 0.10724 0.07798
0.12473 0.10156 0.06788
0.11126 0.10945 0.05698
0.15456 0.08665 0.06605
0.11737 0.10408 0.08017
0.11935 0.10712 0.03906
0.11526 0.10821 0.04906
0.16908 0.07840 0.07513
0.11012 0.11102 0.04698
-0.01169 0.01943 -0.14146
0.22645 -0.03635 0.14495
0.00633 0.14470 0.03494
-0.43878 -0.01863 -0.09409
0.24899 -0.02468 -0.12719
0.11270 -0.01067 -0.02214
-0.27938 0.09574 0.12058
-0.17511 -0.08384 -0.12526
0.25204 -0.10929 0.12467
0.10891 -0.01731 -0.02791
-0.25626 0.00515 -0.14146
0.26048 0.05402 -0.09854
-0.19299 -0.10012 0.15019
-0.27825 -0.13517 -0.15019
0.20388 -0.09087 -0.12514
-0.04757 0.14252 -0.06877
-0.04658 0.14107 -0.08483
-0.05428 0.14184 -0.07627
-0.06258 0.14306 -0.06269
-0.02990 0.14311 -0.06215
-0.01268 0.14318 -0.06143
-0.02733 0.14400 -0.05229
-0.08901 0.14202 -0.07424
-0.03813 0.14323 -0.06087
-0.07526 0.14189 -0.07569
0.42515 -0.03591 -0.12577
0.14203 0.03772 0.14146
0.15158 0.06316 0.05337
-0.18475 0.00126 0.14146
-0.17983 0.00714 0.14146
0.10255 0.10099 0.11782
0.10699 0.09956 0.12168
0.34609 -0.08412 0.12995
-0.16398 0.13117 -0.11456
-0.15470 0.13386 -0.10631
-0.13546 0.14446 0.01453
0.44677 -0.02669 -0.00997
0.40530 -0.09156 -0.06954
-0.44729 -0.04109 -0.07825
0.12230 0.00617 -0.01847
0.35278 -0.05982 -0.11089
0.41928 0.00925 -0.01688
0.01455 -0.02649 -0.00764
0.01887 -0.02649 -0.00074
-0.00804 -0.02649 -0.03297
0.00719 -0.02649 -0.03178
-0.02211 -0.02649 -0.02507
-0.03050 -0.02649 -0.02599
0.30678 -0.03731 -0.15019
0.21489 -0.09804 0.14023
-0.26632 -0.02656 0.12655
0.23927 -0.07954 0.14106
-0.20863 -0.02813 -0.07995
-0.21055 -0.02813 -0.03690
-0.21190 -0.02813 0.02545
-0.19093 -0.02813 -0.09424
-0.21121 -0.02813 0.00537
-0.20138 -0.02813 -0.10998
-0.19667 -0.02813 -0.07066
-0.21210 -0.02813 -0.04943
-0.19543 -0.02813 -0.06544
-0.20125 -0.02813 -0.08728
-0.14876 0.13653 0.10111
-0.00408 0.00653 -0.11190
-0.00154 0.00165 -0.06954
-0.00145 0.00147 -0.10240
0.28826 -0.01136 0.13611
0.38014 0.01787 -0.11184
0.25696 -0.05164 -0.12828
0.14388 0.03552 0.05204
-0.26799 -0.00761 0.11749
-0.25511 -0.13814 -0.15019
-0.02450 0.14588 -0.02312
-0.07461 0.14588 -0.03006
-0.05290 0.14588 -0.01504
-0.05214 0.14588 -0.02686
-0.03332 0.14588 -0.02480
0.19998 -0.02453 0.03430
0.19998 0.00442 -0.11594
0.19998 -0.02256 0.05577
0.19998 -0.02998 -0.02925
0.19998 -0.00336 -0.06386
0.19998 -0.03130 -0.04468
0.19998 -0.02135 0.01434
0.19998 0.00978 -0.05695
0.19998 -0.00772 -0.05783
0.19998 0.02284 -0.08518
0.19998 -0.01652 0.00537
0.19998 -0.02989 0.05722
0.19998 0.00440 -0.09158
0.19998 -0.03551 -0.11406
0.19998 -0.00165 -0.02576
0.19998 -0.01935 -0.02220
0.19998 0.00717 -0.07327
0.19998 -0.01931 -0.00646
0.19998 -0.03583 -0.09219
0.19998 -0.02501 -0.01136
0.19998 -0.02211 -0.11042
0.19998 -0.03274 -0.01804
0.19998 -0.02649 0.01890
0.19998 0.01674 -0.07832
0.19998 -0.00274 -0.01301
0.19998 -0.03212 -0.00794
0.19998 -0.02645 -0.08041
0.19998 0.02950 -0.09272
0.12001 0.05250 0.05579
0.20256 -0.05959 0.11493
0.26749 -0.09302 0.12933
-0.02565 0.00133 0.05218
-0.03093 0.02806 0.06355
-0.03356 0.04141 0.09357
-0.02516 -0.00115 0.06321
-0.02622 0.00419 0.04568
-0.03108 0.02881 0.04074
-0.02676 0.00692 0.05008
-0.02764 0.01142 0.05542
-0.02181 -0.01815 0.04964
-0.01600 -0.04760 0.03790
-0.02955 0.02109 0.07563
-0.41254 0.00433 -0.13975
-0.29724 -0.12256 0.10129
-0.22452 -0.01126 0.11513
0.32097 -0.10263 -0.13046
0.32268 -0.09849 -0.13519
-0.20888 -0.13132 0.15019
-0.32998 -0.06991 0.11428
-0.17851 -0.07176 0.06331
0.24946 -0.06527 -0.14495
0.29932 0.05090 0.07685
0.25034 -0.01113 -0.05708
0.26334 -0.00494 -0.04152
0.42090 -0.08077 -0.11752
0.39761 -0.09297 -0.05697
0.07167 -0.03617 -0.07100
0.07580 -0.03567 -0.06312
0.07351 -0.03595 -0.07793
0.07989 -0.03517 -0.07317
0.09171 -0.03375 -0.10418
0.05844 -0.03777 -0.06862
-0.23104 -0.08613 -0.12932
-0.15935 0.03412 -0.14146
-0.23641 0.01101 -0.14146
-0.13176 0.03519 -0.14146
-0.24997 0.01046 -0.14146
-0.18894 0.02165 -0.14146
-0.24691 0.01766 -0.14146
-0.17712 0.02706 -0.14146
-0.18633 -0.01115 -0.04473
-0.18922 -0.00322 -0.10058
-0.18601 -0.01203 -0.05364
-0.18690 -0.00959 -0.00729
-0.18912 -0.00351 -0.08124
-0.18897 -0.00390 -0.05735
-0.18744 -0.00810 0.05964
0.33805 -0.07259 -0.14497
0.02248 0.14296 0.02725
-0.00981 -0.04975 0.06869
-0.01215 -0.04975 0.04244
-0.00317 -0.04975 0.05836
-0.00433 -0.04975 0.06933
-0.10914 0.03835 0.14146
0.05542 -0.03296 -0.11296
0.26188 -0.05782 0.14495
0.06853 0.12918 -0.04372
0.44209 -0.07015 0.07603
-0.24519 -0.00664 0.11866
0.28415 -0.05479 0.12933
-0.26005 0.08624 -0.12924
0.27969 -0.05753 0.12933
-0.41573 0.06917 -0.02917
-0.24007 -0.13965 -0.15019
0.25981 -0.00632 0.10767
0.21919 -0.12127 -0.12143
0.21744 -0.11899 -0.14147
-0.44613 -0.06401 -0.01904
0.20265 -0.08155 0.13146
-0.26809 -0.03672 0.13980
-0.25139 -0.12200 0.14495
0.00761 -0.01274 0.06713
-0.20629 0.13268 0.01610
0.29723 0.04092 -0.13297
-0.30006 -0.10452 -0.12649
0.03642 0.13575 -0.08714
0.16909 0.02176 0.05249
-0.45154 -0.03451 -0.04730
0.18466 -0.03044 0.10698
0.18890 -0.03236 0.07348
0.44299 -0.07044 -0.06897
0.24741 0.04419 0.14131
0.11754 0.00005 -0.01164
-0.15547 0.04387 -0.13970
-0.02906 0.06429 -0.10020
0.16581 0.06237 0.12924
0.04289 0.03280 -0.14146
0.09339 0.03338 -0.14146
0.02292 0.03587 -0.14146
0.05247 0.03543 -0.14146
0.41161 -0.01433 -0.12687
-0.23676 -0.13698 -0.11852
0.34004 0.03338 0.12470
0.22026 -0.03945 -0.11480
0.22414 -0.03647 -0.12657
0.25068 -0.02493 0.14495
0.11957 0.00092 0.14146
-0.01409 0.01181 0.14146
0.13422 0.00165 0.14146
0.17266 -0.00255 0.14146
-0.24923 -0.01960 -0.15019
0.25125 -0.07842 -0.12932
0.25011 -0.01711 0.12922
0.27848 -0.02219 -0.10129
0.38493 0.02895 -0.05739
0.03197 -0.03463 0.03835
0.08610 -0.05449 -0.12003
0.09084 -0.03514 -0.12150
0.03853 -0.04237 -0.12143
0.04787 -0.03980 -0.12155
0.06686 -0.05646 -0.12005
0.05392 -0.04431 -0.12113
0.42294 0.00109 0.05868
0.24811 -0.09323 0.12933
-0.42151 0.00315 -0.12103
0.44375 -0.07579 0.03507
0.27770 -0.04943 0.12060
0.37140 -0.09872 -0.06723
-0.42458 -0.01079 0.12594
-0.01877 0.02173 -0.11474
-0.28313 -0.07354 0.12060
-0.20102 0.05018 -0.13389
-0.16552 0.13229 0.10571
-0.15427 0.13147 0.12228
0.15827 0.04357 0.06529
0.16026 0.04449 -0.04505
0.30689 -0.11382 -0.12890
0.24427 -0.10783 -0.12932
-0.26714 -0.12771 -0.14495
-0.21509 -0.06520 -0.12587
-0.28959 0.10231 -0.05243
-0.24581 -0.05181 0.12312
-0.45296 -0.02850 -0.01675
-0.33521 0.07766 0.07203
-0.33368 0.08233 0.03752
-0.22223 -0.02967 0.14448
0.44036 -0.06785 -0.09069
0.01204 -0.01287 0.14146
-0.05921 -0.02917 0.14146
0.08166 -0.03241 0.14146
-0.03512 0.00806 0.14146
0.05410 -0.02600 0.14146
0.12184 -0.02768 0.14146
0.01933 -0.03123 0.14146
0.17290 -0.04134 0.14146
0.01408 -0.02505 0.14146
0.01459 -0.00196 0.14146
-0.04390 -0.00110 0.14146
0.03539 -0.04160 0.14146
-0.01414 -0.03749 0.14146
0.02878 -0.01243 0.14146
-0.01234 -0.00559 0.14146
0.07191 -0.01626 0.14146
0.13513 -0.02958 0.14146
0.15961 -0.04121 0.14146
0.00113 0.00311 0.14146
0.06622 -0.03135 0.14146
0.10427 -0.03959 0.14146
0.01629 -0.03538 0.14146
0.08949 -0.04223 0.14146
-0.00847 -0.01259 0.14146
-0.27504 -0.08482 -0.12932
-0.13508 -0.03182 -0.11592
-0.12482 -0.02659 -0.11674
-0.12893 -0.03697 -0.11461
-0.11823 -0.01721 -0.11858
-0.17619 -0.03519 -0.11649
-0.16327 -0.03937 -0.11517
0.01048 -0.03059 0.11193
0.00971 -0.01292 0.11270
-0.14422 -0.00523 0.11245
0.14863 0.08266 0.10640
0.12618 0.09442 0.10574
0.17589 0.06506 0.12222
0.14979 0.08039 0.11396
0.13050 0.09278 0.10303
0.14242 0.08496 0.11054
0.17837 0.06566 0.11374
0.11901 0.09799 0.10631
0.24372 -0.07253 0.14495
0.30101 -0.03086 0.10812
0.30563 -0.04620 -0.12895
0.25835 -0.09813 -0.12932
-0.38770 -0.07926 0.14390
-0.43134 -0.04089 -0.13059
-0.03466 0.06560 -0.08904
0.23885 -0.07343 -0.12932
-0.01997 -0.04741 -0.08299
-0.01997 -0.04943 -0.08845
-0.01997 -0.06166 -0.11077
0.11946 0.04689 0.07245
0.27876 -0.01872 0.11205
0.40662 -0.08973 0.12097
0.36976 0.00094 -0.13865
0.21626 -0.11744 0.13596
0.21793 -0.11963 0.14025
0.42446 -0.08974 -0.04839
0.24763 -0.09799 -0.12863
0.40903 -0.08828 -0.12167
-0.16402 -0.01934 -0.00677
0.20274 -0.07945 0.14268
0.44882 -0.05441 0.06053
0.14923 0.03894 0.10803
0.40725 -0.09165 0.04377
-0.05737 0.04161 -0.13097
0.42836 -0.00346 0.04544
0.21072 -0.03936 0.10748
0.25436 -0.12175 0.14495
-0.43115 0.02754 0.03358
-0.23749 -0.08675 -0.12932
0.32852 -0.01135 0.01639
-0.00838 -0.04553 -0.10484
-0.20072 -0.03654 0.12634
-0.15867 -0.02218 0.10231
-0.26553 -0.02899 0.14495
0.23068 -0.08114 0.12813
-0.21379 -0.01634 -0.09985
-0.29382 -0.09156 0.14495
-0.43122 -0.05941 -0.12343
-0.22738 -0.03696 -0.13826
0.32684 -0.01188 0.04952
0.31173 -0.00489 0.05463
0.02538 -0.02649 -0.03059
0.20626 -0.11650 0.10647
0.21249 -0.12462 0.13849
0.30069 -0.12083 -0.14495
0.36734 -0.07182 0.04814
0.36576 -0.05755 0.03531
0.28737 -0.13938 0.13186
0.33908 -0.02647 -0.09849
0.33508 -0.03199 -0.11670
0.25094 -0.08708 0.12933
0.03964 -0.02649 -0.03281
-0.26569 -0.07358 -0.13939
-0.29966 -0.11948 -0.13739
0.31682 -0.06330 -0.10129
0.08679 -0.03300 -0.06357
0.08491 -0.03285 -0.05099
-0.26772 -0.13103 0.14495
-0.17533 -0.02459 -0.04567
-0.19015 -0.02674 -0.03618
-0.17953 -0.02520 -0.01058
-0.16765 -0.02348 -0.01619
-0.16289 -0.02279 0.00120
-0.17137 -0.02402 0.02261
-0.17649 -0.02476 -0.01769
-0.17745 -0.02490 0.00470
-0.17083 -0.02394 -0.04295
-0.19355 -0.02723 -0.07742
-0.16876 -0.02364 -0.06218
-0.44883 -0.04144 -0.06696
-0.42285 0.03453 0.08747
-0.26643 -0.00320 -0.02233
-0.18920 -0.05431 -0.13235
0.16167 0.01205 0.04191
0.13505 0.02616 0.04265
-0.28074 -0.13463 -0.10129
-0.01116 0.02822 0.03424
0.28106 -0.05096 0.12408
-0.33930 -0.06631 0.14146
-0.32042 -0.05925 0.14146
-0.31767 -0.04975 0.14146
0.26504 -0.04786 -0.12059
-0.15638 0.14029 -0.04974
-0.15611 0.14135 -0.03934
-0.43967 -0.00997 0.06230
0.04590 -0.03670 0.10653
-0.42409 0.04887 0.01009
0.40562 0.01704 -0.05370
-0.19766 0.13118 -0.06571
-0.20600 0.13087 -0.04964
0.22179 -0.03500 0.06612
0.22171 -0.03725 0.04483
0.21726 -0.04506 0.04594
-0.20249 -0.12691 -0.15019
-0.30422 -0.01606 0.00961
0.42196 0.00458 0.04291
-0.00313 0.02064 0.11214
-0.25866 -0.13707 0.13414
0.01178 -0.04845 0.03213
0.18279 -0.02943 0.09423
0.18202 -0.02898 0.08296
0.18042 -0.02804 0.06263
0.18247 -0.02925 0.05572
-0.43975 -0.05572 -0.08587
0.03212 0.13604 0.09262
-0.25882 -0.00262 0.03146
-0.25431 -0.00379 0.07454
-0.25439 -0.00263 0.04153
-0.28875 -0.06318 -0.12243
-0.23547 0.12144 -0.06206
-0.23264 0.12166 -0.06820
0.07738 0.00341 -0.01576
-0.30630 0.09298 -0.06491
-0.30937 0.09241 -0.05730
-0.18097 -0.01200 -0.14146
-0.13518 0.01222 -0.14146
0.35808 -0.05241 -0.09033
0.35625 -0.04626 -0.07647
0.34924 -0.03684 -0.09125
0.23094 -0.02528 0.06087
0.22522 -0.03143 0.04344
0.22535 -0.02996 0.07476
0.11700 0.01515 -0.14146
0.15887 0.01420 -0.14146
0.04598 0.01344 -0.14146
0.10579 0.01534 -0.14146
0.08871 0.12120 0.03601
0.09514 0.11780 0.04303
0.09709 0.11758 0.03672
0.45352 -0.05376 0.02811
-0.43062 -0.04985 0.13503
0.20146 0.06410 0.04570
0.18338 0.07084 0.07816
0.18989 0.06790 0.07282
0.16218 0.08422 0.04837
0.21244 0.05743 0.05780
0.20324 0.06209 0.05916
0.19575 0.06580 0.06116
0.16209 0.08489 0.04061
0.18341 0.07301 0.05102
0.20759 0.05904 0.06907
0.17565 0.07823 0.03616
0.20952 0.06087 0.03405
0.17762 0.07660 0.04373
0.18739 -0.08915 0.13817
-0.21281 -0.08148 -0.14495
0.35854 0.03905 -0.04601
-0.28058 -0.08624 -0.12932
-0.18556 -0.02718 -0.10216
-0.18513 -0.02609 0.01198
-0.25571 -0.11952 -0.13956
-0.18432 -0.05033 -0.07360
-0.18204 -0.05371 -0.08296
0.30562 -0.04456 0.10129
0.21998 -0.03833 -0.06507
0.21840 -0.03807 -0.09604
-0.22936 -0.10486 -0.12932
0.30010 0.05198 -0.05668
-0.42704 -0.03654 -0.13582
0.39357 -0.09427 0.02929
-0.41238 -0.07608 -0.09772
-0.35376 -0.08692 -0.08984
-0.41202 -0.07630 -0.08751
-0.33910 -0.08986 -0.07287
-0.39099 -0.08034 -0.07482
-0.37100 -0.08383 -0.08587
-0.39263 -0.07994 -0.08172
-0.36485 -0.08478 -0.09711
-0.35420 -0.08700 -0.07943
0.04377 0.13837 0.03156
0.31325 -0.09080 0.14495
0.37767 -0.09784 0.03926
-0.16910 0.13629 0.07078
-0.15938 0.13709 0.07776
0.22586 -0.07932 0.14495
0.12808 0.06206 0.05140
-0.21892 -0.13847 0.15019
-0.23802 -0.11041 -0.12932
-0.43993 -0.06131 0.09809
0.00579 -0.04557 0.06535
0.02895 -0.04277 0.09172
0.01525 -0.04443 0.10160
0.39433 0.00797 0.12096
-0.44067 -0.06795 0.03412
-0.04963 -0.01623 -0.01684
-0.04963 -0.02584 -0.01424
-0.17388 -0.04264 -0.13752
0.33151 0.03222 -0.13289
-0.42677 -0.02702 0.13243
-0.23438 -0.13016 0.14495
0.05404 -0.03206 0.10694
-0.24733 -0.08063 0.13242
0.14687 0.04265 0.14026
0.41263 -0.09095 -0.04262
0.11148 0.03290 0.14146
0.06857 0.03026 0.14146
0.01852 0.03263 0.14146
0.00787 0.03416 0.14146
-0.21712 -0.09246 -0.12059
-0.29804 -0.04007 0.11553
-0.30410 -0.04796 0.10191
-0.44044 -0.04025 0.10986
0.20458 -0.06577 -0.14350
0.21482 -0.03933 0.15019
0.23753 0.05569 0.08451
0.22627 0.05508 0.09730
0.23637 0.05522 0.09445
-0.30451 -0.08952 0.13684
-0.22604 0.11332 -0.11907
0.37500 0.03048 0.08406
0.37857 0.02877 0.08835
0.36417 -0.07591 -0.08421
0.36689 -0.07150 -0.05161
0.36849 -0.07350 -0.04112
-0.21873 -0.02316 0.10314
-0.22643 -0.01997 0.10930
-0.17956 -0.05949 -0.09393
-0.18212 -0.05620 -0.05809
-0.17946 -0.06126 -0.08853
-0.40928 0.05350 0.10879
0.12181 0.00531 -0.00401
-0.17410 -0.08113 0.14719
0.07286 0.11643 -0.12019
-0.42005 0.01882 0.12252
-0.19263 0.12569 -0.11531
-0.26168 -0.05106 -0.12795
-0.19614 -0.03314 -0.14146
0.01838 0.03830 0.13763
0.23611 -0.02896 -0.12606
0.08609 -0.04264 -0.14061
-0.06778 -0.04264 -0.13769
-0.01411 0.02367 0.14146
0.31946 -0.00693 -0.01764
-0.19591 -0.05734 0.14357
-0.24891 0.11017 -0.11204
-0.25314 -0.00886 -0.13425
0.20631 -0.10724 0.15019
0.19951 -0.03619 0.06447
0.19922 -0.03609 0.00596
0.19466 -0.03460 0.06161
0.19993 -0.03632 -0.04945
0.37328 0.03392 -0.04929
-0.43137 0.02942 -0.04257
0.02895 -0.02850 -0.03944
-0.12237 0.04417 -0.13251
-0.16432 -0.02091 -0.09141
0.25986 -0.04675 -0.14495
0.06364 -0.04026 0.10477
-0.26617 -0.08775 0.12933
0.29907 0.04322 0.12705
0.11298 -0.01018 0.01462
-0.20042 -0.04901 0.12622
-0.19845 -0.07267 0.14495
0.28537 -0.08171 0.12787
0.25615 -0.05826 0.13838
-0.09037 0.02767 0.14146
-0.14922 -0.01429 0.14146
-0.09907 0.01952 0.14146
-0.30750 -0.02313 -0.07990
-0.30237 -0.01886 -0.07601
-0.30016 -0.01600 -0.06365
0.13483 0.02478 -0.14146
0.03525 0.02442 -0.14146
0.11203 0.02732 -0.14146
0.15249 0.02570 -0.14146
-0.19556 -0.11840 -0.12359
-0.19547 -0.11829 -0.13440
0.01373 -0.02272 -0.12226
-0.26035 0.05717 0.13425
0.26539 0.05685 0.04012
-0.42996 -0.00569 -0.10095
-0.32613 -0.03775 -0.02799
-0.32981 -0.04277 -0.01201
0.31705 -0.07497 0.13463
0.36931 0.01423 0.12835
0.07058 -0.03210 -0.04699
0.44884 -0.04400 0.06613
-0.18935 -0.02263 0.10280
-0.44518 -0.07279 0.03415
0.20782 -0.08316 -0.14495
-0.16706 -0.04018 -0.11175
-0.18528 -0.04790 -0.11175
-0.19074 -0.03733 -0.11175
0.10114 0.04009 0.13949
-0.18541 -0.01464 -0.11058
-0.18398 -0.02116 -0.05353
-0.18385 -0.02176 -0.10710
0.26292 -0.00663 -0.13096
-0.22932 0.12661 0.01164
-0.17685 -0.10090 0.10593
-0.17588 -0.09095 0.11537
-0.26419 -0.01791 0.12144
-0.23879 -0.07272 0.14313
-0.00985 -0.04524 -0.07358
-0.20168 -0.05538 -0.14495
-0.20126 -0.11862 0.15019
0.30072 -0.12176 -0.13287
0.00047 0.13750 0.09974
0.14100 0.03855 0.05885
0.13035 0.04491 0.05764
-0.19498 -0.07970 -0.14495
-0.22499 -0.02853 -0.13783
-0.10212 -0.02649 0.01203
-0.25191 -0.07902 0.12933
0.27271 -0.14424 0.13033
0.27029 -0.14456 0.10889
-0.25045 -0.08976 0.14060
0.37505 0.00617 -0.13900
-0.00676 -0.04205 -0.10031
-0.00518 -0.04186 -0.07140
-0.00601 -0.04196 -0.09331
0.00114 -0.04110 -0.07173
0.01602 -0.03930 -0.05754
0.01399 0.13574 0.10220
-0.21872 -0.13707 -0.10129
-0.32150 0.08238 0.08803
0.24026 -0.08936 -0.12784
0.14965 0.07364 0.12826
0.11197 0.09321 0.12354
0.14235 0.03310 -0.04664
0.04847 -0.02649 0.01326
0.15871 0.08385 -0.07315
0.13276 0.09831 -0.05959
0.12012 0.10454 -0.06130
0.18052 0.07195 -0.08191
0.11087 0.11100 -0.04324
0.11220 0.10655 -0.08166
0.12532 0.10152 -0.06527
0.11860 0.10344 -0.08034
0.12191 0.10530 -0.04439
0.13668 0.09402 -0.08308
-0.00130 0.14352 0.05486
0.40600 0.00630 -0.10601
-0.03893 0.03838 0.13878
-0.33032 -0.06907 -0.11204
-0.32825 -0.07802 -0.12705
0.01265 0.14058 0.07627
-0.11950 0.14389 0.05175
-0.12133 0.14140 0.07805
0.41504 -0.09055 0.05358
-0.17275 0.12479 -0.12111
-0.23092 -0.07469 0.12933
0.14028 0.02745 0.14146
0.08708 0.02489 0.14146
0.15386 0.02752 0.14146
0.17978 0.03118 0.14146
-0.30998 -0.08355 0.10129
0.20921 -0.06290 0.07062
0.21006 -0.06222 0.05901
-0.23108 -0.04910 -0.12059
0.03680 0.13580 0.08557
-0.23867 -0.00633 -0.08258
-0.23014 -0.00794 -0.06691
-0.23697 -0.00660 -0.07554
0.45155 -0.04536 -0.04757
-0.03879 0.06557 0.09188
0.27203 0.05443 0.07481
0.26393 0.05423 0.09135
-0.23903 -0.02439 0.13720
-0.01422 0.03375 -0.10392
-0.01584 0.03884 -0.10677
-0.00863 0.01618 -0.11063
-0.00994 0.02029 -0.10429
-0.27341 -0.00892 -0.11619
0.21377 -0.07057 -0.14495
0.36584 -0.05588 -0.01272
0.36820 -0.06704 -0.02626
-0.32711 0.08496 -0.04659
-0.32810 0.08197 -0.06684
0.31503 -0.06392 0.11628
-0.41992 -0.07368 -0.12372
-0.43279 -0.02291 0.11732
-0.05124 -0.02649 -0.03343
-0.30381 -0.06678 0.10860
-0.30406 -0.06866 0.11618
0.13503 0.02188 0.06326
-0.01555 -0.05378 0.05243
-0.01555 -0.05511 0.03733
0.12505 0.08794 -0.12239
0.13945 0.07900 -0.12687
0.10654 0.09858 -0.11817
-0.28981 -0.12024 -0.12628
0.04699 -0.04419 0.07475
0.05361 -0.04339 0.05591
0.06146 -0.04244 0.09427
0.04538 -0.04438 0.06018
0.04622 -0.04428 0.09236
-0.23976 -0.07370 -0.12932
0.32403 0.04680 0.06665
0.27486 -0.04756 -0.12884
0.40214 -0.09152 0.09887
-0.19474 -0.03489 -0.00299
-0.19362 -0.03694 -0.01890
-0.17981 0.03650 -0.14146
0.21825 -0.03172 0.11286
-0.24468 -0.04186 0.14495
0.23881 0.05344 -0.10781
-0.28943 -0.04093 0.12991
-0.28480 -0.05573 0.12155
0.15044 0.03919 0.06537
0.42960 -0.04647 -0.12480
-0.29170 -0.03306 -0.13613
0.16068 0.07741 -0.10332
0.17129 0.07546 -0.09327
0.18890 0.06239 -0.10798
0.19236 0.06448 -0.09602
0.20023 0.05803 -0.10451
0.10709 0.11383 -0.00265
0.08936 0.12136 -0.02248
-0.44978 -0.02227 -0.03738
0.22601 -0.03238 0.10129
0.28541 -0.09477 0.12933
-0.17544 -0.07609 0.11822
-0.03609 0.03613 -0.14146
0.23129 -0.07780 -0.12752
-0.40923 0.07049 0.07078
0.27762 -0.08857 -0.13835
-0.29025 -0.07271 -0.13954
-0.41948 -0.07064 0.13474
-0.10406 0.14446 0.04719
-0.03851 0.14108 0.08471
-0.08657 0.14434 0.04859
-0.07377 0.14197 0.07476
-0.08912 0.14215 0.07285
-0.10617 0.14295 0.06394
-0.09490 0.14330 0.06010
-0.06095 0.14113 0.08414
-0.05903 0.14262 0.06759
-0.06108 0.14194 0.07521
0.15238 0.04567 0.09463
-0.20586 0.04225 0.14146
0.36573 -0.09163 -0.05965
0.36308 -0.09005 -0.08514
-0.42695 -0.04090 -0.13840
-0.44892 -0.04745 0.01402
-0.25188 -0.10555 -0.12836
0.12838 0.04441 -0.13090
-0.28502 -0.11454 -0.14495
0.35529 -0.07577 0.11266
0.32080 -0.08052 -0.10129
-0.44484 -0.01072 0.02329
-0.18012 0.13768 -0.03705
0.26107 -0.07328 0.13961
-0.28464 -0.13403 0.11600
-0.04071 0.07902 0.05588
0.00433 -0.03326 -0.04083
0.00738 -0.00981 -0.03813
0.42145 -0.02447 -0.12184
0.01666 -0.03387 0.09139
0.01062 -0.01977 0.04513
0.19508 -0.10092 0.06433
0.19971 -0.10092 0.05184
-0.41514 0.06156 0.05099
-0.19750 -0.10571 -0.14495
0.26346 -0.02363 -0.13498
0.42539 -0.08978 0.01703
-0.30257 -0.06320 -0.14339
0.31650 -0.09089 0.13866
0.09004 0.11278 0.10594
0.10351 0.10717 0.10090
0.09945 0.10555 0.11756
-0.21120 -0.01810 -0.05150
-0.21108 -0.01791 -0.07767
-0.21670 -0.01490 -0.07287
0.44257 -0.07786 -0.01791
-0.13897 0.14315 -0.04339
-0.27300 -0.07707 0.12799
-0.20551 -0.02797 -0.07034
-0.20551 -0.02295 -0.06853
-0.20551 -0.02555 -0.04639
-0.43064 -0.07352 -0.08705
0.03769 0.13013 -0.10666
-0.26885 -0.14202 -0.14296
-0.20318 -0.11625 -0.12758
0.30399 -0.11761 0.12390
0.15257 0.04105 0.05935
0.03590 0.14033 -0.01622
-0.44994 -0.02024 -0.02167
-0.19727 0.00347 0.14146
-0.20512 0.03772 -0.05917
-0.20530 0.03840 -0.01218
-0.20414 0.03413 -0.03422
-0.20492 0.03701 0.01976
-0.20599 0.04095 -0.03651
-0.20554 0.03929 -0.06879
-0.20994 0.05550 -0.09517
-0.20816 0.04896 -0.07537
-0.20901 0.05207 -0.08228
-0.20951 0.05390 -0.05533
-0.20619 0.04166 -0.10168
-0.07023 0.00143 -0.14146
-0.05695 -0.00482 -0.14146
-0.06702 -0.02150 -0.14146
-0.07347 0.02024 -0.14146
-0.05048 0.01678 -0.14146
-0.26945 -0.13381 -0.14395
-0.26342 -0.13631 -0.14417
0.04527 -0.02649 -0.00966
0.04774 -0.02649 -0.01980
0.04444 -0.02649 -0.00071
0.06087 0.02818 0.14146
-0.26816 -0.14230 0.12711
-0.26746 -0.14259 0.13559
-0.43843 -0.01243 -0.08010
0.32333 -0.06634 0.11148
0.20003 -0.10392 -0.15019
-0.27643 -0.01240 0.13100
0.04054 -0.03842 -0.03648
0.06627 -0.03320 -0.03648
0.08994 -0.07259 0.14262
0.14136 -0.07259 0.14485
0.17180 -0.07259 0.14637
-0.19433 0.13026 0.08217
-0.19704 0.13301 0.04939
-0.33035 0.08486 -0.01307
-0.32601 0.08727 -0.00493
0.01612 -0.00672 0.01491
0.00918 -0.02469 0.01491
-0.43155 -0.00187 -0.07388
-0.08319 -0.04663 -0.14108
0.15049 0.06341 0.06043
-0.12462 0.13384 -0.11443
-0.21797 0.02292 0.14146
-0.24122 0.02609 0.14146
-0.23005 0.02345 0.14146
-0.15134 0.03143 0.14146
-0.17468 0.03154 0.14146
-0.20341 0.01756 0.14146
-0.22807 0.11028 0.12341
0.04963 -0.06105 -0.03863
0.06711 -0.04099 -0.03705
0.04420 -0.06236 -0.03873
0.09130 -0.03570 -0.03664
0.08703 -0.05128 -0.03786
0.07549 -0.05684 -0.03830
-0.00283 -0.06303 -0.03879
-0.24295 0.04791 0.14146
0.06421 0.12807 0.07967
-0.33626 0.08053 -0.04073
-0.33078 0.08398 -0.03714
0.31917 -0.05471 0.10553
0.31842 -0.05290 0.13239
0.22401 -0.13437 0.10469
-0.25457 -0.02366 -0.15019
-0.02842 0.03522 0.14146
0.19998 0.04372 -0.00358
0.19998 0.04136 -0.11626
0.19998 0.04856 -0.09876
0.19998 0.03975 0.03770
0.19998 0.04360 -0.02693
-0.32069 -0.06265 -0.13906
0.28919 -0.13061 0.13585
-0.04649 0.08659 -0.06704
-0.22668 -0.10116 0.12929
-0.26203 -0.08337 0.12933
0.35278 0.04101 0.04378
0.34638 0.04036 0.07758
0.01990 -0.04593 0.11118
0.26512 -0.07520 0.12933
-0.28401 -0.08633 -0.12410
0.26799 -0.11656 0.12292
-0.31129 -0.06728 0.10283
-0.31281 -0.07877 0.11541
0.25327 -0.11738 -0.13886
-0.19293 -0.03821 0.02693
-0.25940 0.01848 0.14146
-0.31207 -0.02777 -0.09203
-0.31868 -0.03553 -0.08385
0.30662 -0.08433 0.14495
0.16942 0.07331 0.10300
0.18632 0.06683 0.09776
0.19355 0.06288 0.09928
0.13955 0.09136 0.09121
0.16469 0.07601 0.10166
0.22856 -0.12859 -0.14497
0.23388 -0.02192 0.10633
0.19598 -0.07442 0.13022
0.19639 -0.07132 0.10169
0.31816 -0.01462 -0.10897
-0.32307 0.08881 0.02597
-0.40303 -0.07881 0.02265
-0.36174 -0.08636 0.00741
-0.35060 -0.08840 0.02599
-0.40708 -0.07807 0.02814
-0.36805 -0.08521 0.03024
-0.35525 -0.08755 0.00498
0.00886 -0.03545 0.03368
0.04415 0.13808 -0.03401
-0.27291 0.09979 0.11923
0.40334 -0.01128 -0.13217
0.42835 -0.08888 -0.01601
0.40507 0.01385 -0.08296
-0.19083 -0.07753 0.12460
0.22908 -0.13754 0.10129
0.29741 -0.02811 -0.14605
0.30154 -0.03127 -0.14164
0.27263 -0.00312 -0.04165
0.28301 -0.00219 -0.08022
0.28466 -0.00117 -0.03475
0.30439 -0.12208 0.15019
0.36987 0.03154 0.09419
0.26903 -0.13867 0.10129
0.28714 -0.10534 -0.12728
-0.02878 0.07829 -0.09396
0.07705 0.12417 -0.06097
0.09787 0.11286 -0.08552
0.09010 0.11797 -0.06499
0.08509 0.12133 -0.05096
0.40453 0.01336 0.09000
-0.21808 0.12593 0.06719
-0.44828 -0.06157 0.05546
0.34996 0.03793 0.09634
0.27368 -0.00297 0.04260
0.27164 -0.00352 0.05659
-0.40992 0.02843 -0.13698
-0.11501 0.14253 -0.06834
-0.12386 0.14249 -0.06523
0.32408 -0.08964 0.11394
0.32386 -0.09128 0.10225
-0.33963 -0.07959 0.03661
-0.34000 -0.08683 0.03710
-0.33907 -0.08332 0.04420
0.08288 0.10419 -0.12674
0.29002 0.05028 -0.10146
-0.24960 -0.00462 -0.10153
-0.13360 0.14460 -0.02937
-0.00607 0.14333 0.05865
0.22282 -0.03748 0.13704
-0.25423 0.11847 -0.03339
-0.25074 0.11764 -0.05182
0.25798 -0.11050 -0.14495
0.28915 -0.00119 0.05127
0.29561 -0.00246 0.05777
0.30363 -0.00282 0.03786
-0.30344 -0.01705 0.04818
-0.30844 -0.01973 0.03634
-0.07266 0.07688 0.12924
0.01413 -0.05938 0.11355
0.00990 -0.04979 0.11497
-0.00247 -0.05316 0.11470
0.02343 -0.05642 0.11381
-0.43283 -0.06599 0.11047
0.44704 -0.05962 -0.06403
0.44865 -0.06387 0.04553
0.09625 -0.04498 0.03083
-0.26374 -0.12675 -0.14138
-0.22532 -0.09890 -0.12564
-0.27636 -0.13094 0.14491
0.21071 -0.06039 0.14495
-0.17156 0.04559 0.13898
-0.29621 -0.11190 0.12947
0.28097 -0.06647 -0.12898
0.26172 -0.11724 -0.12818
-0.26799 -0.08112 0.12933
0.33123 0.04753 0.01373
-0.42348 0.04457 -0.06048
-0.24939 -0.09526 0.12933
0.13553 0.03084 0.06487
0.39282 -0.09431 -0.03660
-0.24890 -0.02332 -0.14610
-0.25346 -0.02392 0.12162
-0.43484 0.01392 0.03951
-0.32908 -0.04748 -0.06301
-0.32839 -0.05364 -0.09065
-0.33037 -0.06020 -0.09439
0.04695 0.13385 0.07755
-0.25608 -0.14483 0.11085
0.23152 -0.13798 -0.10129
0.31475 -0.10896 0.10129
0.01763 -0.03740 0.04535
-0.24944 0.03322 -0.14146
-0.18766 -0.10363 0.10269
-0.23767 -0.10794 -0.12489
0.01117 -0.04357 0.13622
0.04088 -0.04313 0.13622
-0.27271 -0.08525 0.12867
0.01359 -0.03433 -0.10110
-0.07394 -0.02801 -0.02180
0.24298 -0.11237 0.12933
0.15284 -0.01686 0.14146
0.16259 -0.02390 0.14146
-0.00714 0.00904 0.14146
0.01644 0.00461 0.14146
-0.43232 0.01863 0.02285
0.43003 -0.08503 -0.06972
-0.31035 -0.06275 0.14607
-0.31010 -0.06216 0.10988
-0.43024 0.00859 -0.06958
-0.42760 0.01643 -0.08292
-0.12689 0.14264 -0.06129
-0.13381 0.14133 -0.07107
-0.25434 -0.09446 0.12933
0.30777 -0.04899 0.13833
0.41547 0.00949 -0.05087
-0.13631 0.14166 -0.06460
-0.14241 0.13891 -0.09181
0.31310 -0.04863 -0.15019
-0.18078 -0.06886 -0.02339
-0.41498 0.05921 0.05892
0.44826 -0.04082 0.06057
-0.13960 -0.04663 0.14000
-0.45188 -0.03699 0.04624
-0.23776 -0.01869 0.10129
-0.19350 0.00851 -0.04159
-0.19326 0.00786 -0.04875
-0.19265 0.00618 0.10611
-0.19362 0.00883 -0.10314
-0.28765 -0.03921 0.14112
-0.01369 -0.06889 0.08729
0.01138 -0.06889 0.08710
0.00208 -0.06889 0.05420
0.00549 -0.06889 0.07720
0.03939 -0.06889 0.10555
0.02017 -0.06889 0.05874
0.00350 -0.06889 0.06674
0.00278 -0.06889 0.08970
0.06222 -0.06889 0.10924
0.01893 -0.06889 0.06863
-0.00541 -0.06889 0.04566
0.00603 -0.06889 0.10323
0.04521 -0.06889 0.09037
0.01914 -0.06889 0.07357
-0.02595 0.12816 -0.12488
-0.00256 0.12837 -0.11750
-0.12509 0.12991 -0.11754
-0.04897 0.12842 -0.12524
0.24989 -0.06960 -0.12932
-0.00495 0.00342 -0.04067
0.00066 -0.02607 -0.04178
-0.26821 0.11359 0.01118
0.24490 -0.10694 0.12933
-0.14245 0.14179 0.05579
-0.25813 -0.10005 -0.12901
-0.40355 -0.04780 0.13995
-0.40825 -0.03770 0.14071
-0.36727 -0.04653 0.14073
-0.36862 -0.03966 0.14128
0.24379 0.05753 -0.04417
0.24955 0.05641 -0.06408
0.09462 0.04118 -0.13535
-0.31044 -0.07589 0.15019
-0.21706 0.07854 0.00915
-0.21822 0.08019 -0.09727
-0.21758 0.07928 -0.03339
-0.25546 -0.04507 0.12472
-0.19831 -0.12199 0.10178
0.24843 -0.13692 0.12778
-0.26351 -0.05577 0.12691
-0.01035 -0.06673 0.11272
-0.27775 -0.00907 0.10487
-0.26061 -0.05758 -0.12932
-0.45380 -0.06721 -0.05160
0.01717 -0.04900 0.08749
0.43093 -0.01268 -0.08038
-0.18855 -0.10258 -0.10129
0.16185 0.00515 0.06451
0.06904 -0.03401 0.03938
0.09574 -0.03763 0.10970
-0.20673 -0.04080 -0.13617
-0.20520 -0.04279 -0.14273
0.25361 -0.11026 -0.12059
0.05864 0.13383 -0.03041
-0.41000 -0.07730 0.04664
-0.36945 -0.08467 0.04960
-0.40234 -0.07878 0.04133
-0.40771 -0.07784 0.03873
-0.36414 -0.08547 0.06062
-0.37867 -0.08293 0.05288
-0.38221 -0.08245 0.04219
-0.37136 -0.08448 0.03908
-0.36603 -0.08503 0.06704
-0.35612 -0.08675 0.07264
-0.35421 -0.08697 0.08164
0.03988 -0.05980 0.03116
0.06604 -0.06116 0.03151
0.01173 -0.05406 0.03044
0.05792 -0.05602 0.03103
0.05896 -0.04840 0.03044
0.08925 -0.04956 0.03082
0.42607 -0.00527 0.06664
-0.25874 0.10490 0.12240
-0.19870 -0.02938 0.06885
-0.19572 -0.03362 0.03592
0.31500 -0.11534 0.11387
0.31461 -0.11586 0.10771
0.26143 -0.08095 -0.12932
0.22736 -0.02679 0.09884
0.20197 -0.06433 -0.15019
-0.17199 -0.01075 -0.09546
-0.19556 -0.01838 -0.10584
0.25290 -0.06495 0.14495
0.00065 0.14007 -0.08937
-0.28928 -0.12882 0.15019
-0.18350 -0.07684 0.10144
-0.18374 -0.07504 0.11083
-0.43284 0.02152 0.03653
0.25169 -0.01916 0.10129
0.16159 -0.01274 -0.14146
0.18543 -0.02163 -0.14146
0.01713 0.00550 -0.14146
0.11408 -0.00308 -0.14146
-0.40203 0.07260 -0.07955
-0.14650 0.13853 0.09120
0.24846 -0.10776 -0.12660
0.05742 -0.03549 0.03830
0.15299 -0.00147 -0.12099
0.10033 -0.02649 -0.01824
0.06982 -0.02649 0.00853
0.08607 -0.02649 0.01208
0.09496 -0.02649 -0.01591
0.08973 -0.02649 -0.01259
0.11819 0.04469 0.03980
-0.01669 0.03094 0.03642
-0.00843 -0.00496 0.03657
-0.32305 -0.04817 0.11222
-0.13850 0.13787 -0.09863
0.13252 -0.02687 -0.14146
-0.00303 -0.00670 -0.14146
0.01614 -0.02903 -0.14146
-0.00411 -0.03344 -0.14146
0.03585 -0.01940 -0.14146
0.07508 -0.01650 -0.14146
-0.06732 -0.03620 -0.14146
-0.02275 -0.01245 -0.14146
0.02530 -0.01485 -0.14146
-0.03367 0.00244 -0.14146
-0.04460 -0.03029 -0.14146
0.01228 -0.02473 -0.14146
0.05219 -0.03552 -0.14146
0.00522 -0.00862 -0.14146
-0.02844 -0.02926 -0.14146
0.05534 -0.02937 -0.14146
-0.05684 -0.02190 -0.14146
0.00504 -0.03955 -0.14146
-0.03922 -0.02966 -0.14146
0.06441 -0.01374 -0.14146
0.06222 -0.02680 -0.14146
-0.25392 0.03193 0.14146
0.01137 -0.02732 -0.08350
0.01095 -0.02634 -0.10717
0.00675 -0.01653 -0.10562
-0.28631 -0.03819 -0.14543
0.31539 0.05087 -0.03009
0.05102 0.13205 0.08563
0.34841 0.04311 -0.02810
0.03385 -0.04074 -0.07209
0.02121 -0.04227 -0.07767
0.01305 -0.04326 -0.09140
-0.00337 -0.04524 -0.10769
0.24085 -0.01493 -0.10209
0.25122 -0.00819 -0.11885
0.27518 -0.02520 0.14526
0.27620 -0.12663 0.13873
0.27173 -0.00308 -0.02336
0.27081 -0.13001 -0.14495
-0.06262 0.13765 -0.10018
-0.04453 0.13610 -0.10693
-0.03576 0.13645 -0.10539
-0.06931 0.14027 -0.08876
-0.01639 0.13490 -0.11219
-0.08914 0.14006 -0.08965
-0.22494 -0.05274 0.12350
-0.22920 -0.13488 0.12443
0.34883 0.02036 0.13681
-0.25578 -0.00238 0.01204
0.02177 -0.03326 0.02843
-0.25387 -0.11312 0.14125
-0.00189 -0.05668 -0.12028
0.04494 -0.06350 -0.11932
0.02199 -0.05572 -0.12041
0.18535 -0.09714 0.14696
-0.12192 0.13382 0.11516
-0.25803 0.11205 0.07743
-0.25476 0.11254 0.08363
-0.11829 -0.05350 -0.02588
-0.11829 -0.05296 -0.03262
-0.11829 -0.06184 -0.03332
-0.26329 -0.13636 0.14970
0.03925 0.13792 0.05175
0.35327 0.01764 -0.13504
0.02856 0.13821 -0.07670
0.00491 0.01270 0.03550
0.21079 -0.05135 -0.12862
0.31265 0.05037 -0.04746
0.30782 0.05024 -0.06358
0.00345 0.00682 -0.12072
0.00372 -0.01589 -0.11873
0.10940 0.02248 0.05386
0.20015 -0.03976 0.13832
-0.20895 -0.02952 0.11549
-0.23099 -0.06499 -0.12932
0.27658 -0.14373 -0.12817
0.21140 -0.11414 0.10129
0.23936 -0.13405 -0.14496
0.15143 0.01601 0.14146
0.18247 0.01724 0.14146
0.08120 0.01246 0.14146
-0.20949 -0.03267 0.12801
-0.42899 0.01301 -0.07597
-0.02190 0.01957 0.14146
-0.28166 -0.04130 0.14495
-0.17597 0.12942 -0.11275
0.32415 -0.07255 -0.14160
0.32466 -0.07641 -0.13756
-0.12916 0.14248 0.06122
-0.20992 -0.02303 -0.11186
0.31636 -0.06033 -0.15019
-0.42850 -0.07189 -0.09435
0.07401 -0.02371 -0.04371
0.14469 0.03639 0.02032
0.14997 0.00904 0.06161
0.15430 0.00616 0.06092
0.20693 -0.04429 -0.14807
0.20392 -0.04822 -0.12730
0.01642 -0.03463 -0.12209
0.07711 -0.01376 -0.01103
-0.28666 0.10253 0.06153
0.21757 -0.08804 0.14495
-0.17686 -0.06703 -0.13716
0.20974 -0.03262 0.13311
-0.20558 0.04598 -0.14146
0.11866 0.04404 0.03087
-0.44114 -0.02055 0.08663
-0.18421 -0.07149 -0.14454
-0.18421 -0.07144 -0.13810
-0.42708 -0.04639 0.13947
0.32274 -0.09836 0.14080
-0.00788 0.14047 -0.08804
0.16135 0.06626 -0.12924
-0.27135 -0.12360 0.14363
0.16774 -0.01322 0.01253
0.16774 0.00015 0.00059
0.16774 -0.01013 -0.01116
0.16774 0.00457 0.00406
0.16774 -0.01528 0.00032
0.16774 0.01855 0.01110
0.16774 0.03224 0.01361
0.16774 0.01787 -0.00281
0.16774 -0.00534 0.00589
-0.18034 -0.10092 -0.02979
0.25199 -0.07101 0.14355
0.21093 -0.06603 0.02445
0.15158 0.03952 0.07560
0.22448 -0.02694 -0.14771
0.44919 -0.04837 -0.06700
0.30943 0.03646 0.13575
0.23059 -0.02121 -0.10823
0.22856 -0.01923 -0.12271
-0.19321 -0.04633 -0.14827
-0.19737 -0.04091 -0.14286
0.24121 -0.14278 -0.11530
0.12852 0.01707 -0.03048
0.24513 -0.13644 -0.11909
0.21153 -0.01750 0.02496
0.22159 -0.00653 -0.02892
0.22026 -0.00798 0.01737
0.17885 -0.05312 -0.11289
0.18105 -0.05072 -0.08946
0.22228 -0.00578 -0.10208
0.19545 -0.03503 -0.10472
0.20397 -0.02573 -0.01504
0.19272 -0.03800 -0.04662
0.19552 -0.03495 -0.06544
0.20584 -0.02370 -0.07568
0.19116 -0.03970 -0.04136
0.20696 -0.02248 0.03852
0.18295 -0.04865 -0.07911
0.21533 -0.01336 0.01150
0.18667 -0.04459 -0.08208
0.21339 -0.01547 0.03403
0.22222 -0.00584 0.06716
0.19516 -0.03534 -0.02202
0.21718 -0.01134 0.06227
0.22502 -0.00279 0.07226
0.22581 -0.00193 -0.08823
0.21540 -0.01328 -0.00756
0.21269 -0.01623 -0.10798
0.22123 -0.00692 -0.02052
0.21784 -0.01061 -0.03021
0.21409 -0.01470 -0.08523
0.21863 -0.00975 0.04478
0.19202 -0.03876 -0.09732
0.22208 -0.00599 0.05168
0.20360 -0.02614 -0.06689
0.22516 -0.00264 0.10276
0.21663 -0.01194 -0.12204
-0.27520 -0.02823 0.15019
0.29143 -0.03279 -0.12253
-0.22207 -0.05602 0.12933
0.09553 -0.03473 -0.11067
-0.36735 0.07462 0.07305
-0.36441 0.07448 0.07773
-0.34783 0.07414 0.09632
-0.39522 0.07400 0.06244
-0.39432 0.07466 0.05184
-0.34849 0.07463 0.08737
-0.37570 0.07440 0.07051
-0.20436 -0.11542 -0.14495
0.23134 -0.06195 -0.12932
0.31799 -0.10600 0.15019
-0.25681 -0.11143 -0.12932
0.34209 0.03726 -0.10854
-0.20351 -0.05865 0.14495
0.40988 -0.04359 0.14050
0.28487 0.05310 0.07403
0.21141 0.04767 0.13667
-0.40600 -0.07647 0.13104
-0.39412 -0.07827 0.13808
0.41890 -0.09015 -0.05424
-0.22389 -0.14064 -0.13138
-0.21770 -0.13808 -0.12445
-0.25544 0.10486 -0.11841
-0.27331 -0.02946 -0.13774
-0.21639 -0.01546 -0.02572
-0.22672 -0.00986 -0.01945
0.26472 -0.10953 -0.12904
0.30939 -0.00489 -0.06543
0.30387 -0.00425 -0.07013
0.03981 -0.02609 -0.11801
0.29755 -0.13112 -0.10129
-0.19604 -0.10464 0.12853
0.26369 -0.02147 -0.10129
-0.30702 -0.10695 0.11338
-0.29775 0.08837 -0.12167
-0.21341 -0.08362 0.12060
-0.30188 0.09928 0.02199
0.31074 -0.04077 -0.15002
-0.23113 -0.13270 -0.14495
0.20173 -0.07649 -0.15019
-0.17113 0.13982 -0.02652
0.27812 0.04410 -0.13355
0.06774 0.12796 0.06349
-0.33999 0.06939 -0.12656
0.40447 -0.07589 -0.13985
-0.11634 -0.02344 -0.11402
-0.29814 -0.06356 0.14495
0.21558 -0.03596 -0.11007
0.26966 -0.06180 -0.12730
-0.26228 -0.02508 -0.12123
0.24541 -0.08319 -0.14464
-0.20622 0.12588 0.09348
-0.32299 -0.03543 0.04433
-0.31695 -0.02732 0.04513
0.26116 -0.02572 -0.14495
-0.23915 -0.00572 0.04477
-0.24205 -0.00531 0.06005
-0.24708 -0.00395 0.03900
0.04397 0.01915 0.14146
-0.31079 0.08541 0.10070
0.09994 -0.04017 0.06747
0.15154 0.02510 0.04222
0.36396 -0.05061 0.02414
0.35613 -0.03665 0.02388
-0.37329 0.07677 -0.02551
-0.40213 0.07549 -0.03096
-0.34868 0.07786 -0.00544
-0.36312 0.07722 -0.03048
0.35436 -0.07259 0.14240
-0.22743 -0.07741 -0.12932
-0.03006 0.06109 0.03773
0.32482 -0.02236 0.11681
0.06269 -0.06421 -0.11919
-0.01704 -0.06218 -0.11919
-0.01016 -0.05433 -0.11919
0.19557 -0.07753 -0.11947
0.15664 0.04270 -0.12225
0.32443 -0.08695 -0.12781
0.32519 -0.08122 -0.14183
-0.00588 0.14301 -0.06227
-0.27776 0.10468 0.07443
-0.27213 0.10851 0.06169
-0.40350 -0.05483 -0.14652
-0.27583 -0.04112 0.14244
0.39089 0.02642 -0.05395
0.24334 -0.01483 0.01865
0.24119 -0.01687 0.01036
-0.26253 -0.01769 -0.13771
0.44101 -0.01699 0.01700
0.07249 0.02118 0.14146
0.23141 -0.08461 -0.12711
-0.21756 -0.02818 0.10129
0.37955 -0.09656 0.06707
0.02556 0.02136 0.14146
-0.11634 -0.02182 0.12687
-0.02862 0.08022 -0.06854
0.41080 0.00783 -0.09189
-0.20869 0.11548 0.12397
-0.00552 -0.04628 0.09661
0.38237 0.03135 0.03999
0.02187 0.14063 -0.06102
0.12826 0.03683 0.14146
0.02936 0.01190 0.14146
0.05291 0.01112 0.14146
0.09525 0.00954 0.14146
0.11429 0.00708 0.14146
-0.43247 -0.07224 0.05713
-0.30097 -0.04389 -0.13993
-0.04130 0.06868 -0.05849
0.07725 -0.02791 0.10997
-0.40880 0.06598 -0.08725
-0.21430 0.01155 -0.14146
-0.13909 0.02517 -0.14146
0.20322 -0.04982 0.10544
0.20070 -0.05592 0.11021
0.28658 -0.07241 0.12933
0.29879 -0.00180 0.02983
-0.29308 -0.12492 -0.10129
-0.22701 0.00994 0.14146
0.36641 0.02279 -0.12798
0.38316 -0.09644 -0.03883
-0.30131 -0.02132 0.10439
-0.28214 -0.00579 0.02450
-0.18774 -0.06137 -0.15019
0.16172 -0.02945 0.14146
0.12951 -0.02505 0.14146
0.15205 -0.03056 0.14146
0.41627 0.01147 -0.02275
0.12361 -0.04264 0.13774
0.13242 -0.04264 0.13939
-0.01824 -0.04264 0.14089
0.00345 -0.00883 -0.09586
0.30585 -0.12709 0.11919
0.26126 0.04911 0.12553
-0.44740 -0.05561 0.04860
0.39463 -0.07288 0.14845
0.19954 -0.08294 -0.11414
-0.44225 -0.01048 0.04745
0.42341 -0.01861 0.11242
0.25380 -0.04705 0.12060
-0.24582 0.06341 0.12924
0.30003 -0.13155 -0.12439
-0.20933 -0.03437 -0.15019
0.15623 0.02675 0.06409
0.22800 -0.02931 -0.02184
0.22612 -0.03109 -0.02916
0.31371 -0.06075 -0.14176
-0.20630 -0.02100 0.11035
-0.20506 -0.02201 0.10094
0.27450 0.05500 -0.06043
0.27469 0.05354 -0.08708
0.30462 0.04787 -0.10150
0.23431 -0.03341 -0.14495
0.08195 0.12451 0.02592
0.09898 0.11728 0.02660
0.08223 0.12439 0.02035
0.01942 -0.03678 0.10990
-0.19892 -0.03060 -0.02790
0.24359 -0.13379 0.14495
0.03405 0.13886 0.05487
0.12045 0.05326 0.04799
0.27659 -0.08756 0.12933
-0.12846 0.01531 0.14146
-0.13984 0.00669 0.14146
0.44691 -0.06658 0.04970
-0.18622 -0.03932 -0.11522
-0.25029 -0.12679 -0.14495
-0.25212 0.11947 0.00760
0.14959 0.00472 -0.02462
0.15141 0.00139 0.00390
-0.25040 -0.00315 -0.01336
0.24929 -0.03322 -0.14495
0.09576 0.11758 -0.04267
0.09090 0.11907 -0.04867
0.10600 0.11012 -0.07531
-0.41614 0.04990 -0.08431
-0.32159 -0.03157 0.01621
-0.32044 -0.02999 0.02184
0.01447 -0.03416 -0.03699
0.28018 -0.00180 0.03065
0.35047 -0.02889 0.02740
0.35160 -0.02996 0.01588
-0.22928 -0.09298 -0.12932
0.24172 -0.01523 0.06830
0.24082 -0.01546 0.08996
0.24590 -0.01332 0.05489
0.15562 -0.00524 -0.09626
-0.44743 -0.02117 -0.04939
0.34564 -0.04924 -0.11705
0.34350 -0.05451 -0.12705
0.01687 -0.01185 -0.11504
-0.30328 -0.09676 0.13655
0.23665 -0.14089 0.11638
0.36857 -0.09432 -0.03087
-0.44777 -0.04718 -0.06673
-0.32313 0.07928 -0.09855
0.02094 0.13889 0.08376
0.23959 -0.05092 -0.12932
0.26637 -0.08518 0.12933
-0.09984 -0.02766 -0.14146
-0.09643 0.01812 -0.14146
-0.11294 -0.03581 -0.14146
-0.08147 0.02672 -0.14146
-0.14180 -0.02280 -0.14146
-0.08403 -0.00736 -0.14146
-0.13760 -0.01375 -0.14146
-0.15363 -0.02560 -0.14146
-0.07749 0.01301 -0.14146
-0.10906 -0.02659 -0.14146
-0.08050 -0.02106 -0.14146
-0.09578 0.00028 -0.14146
-0.15446 -0.03748 -0.14146
-0.22220 -0.03351 -0.14495
0.20746 -0.07913 0.14495
-0.29442 -0.04743 -0.12052
-0.17907 0.12800 0.11810
-0.18870 0.12626 0.11723
0.30368 -0.05616 -0.14495
0.28826 -0.00340 -0.09998
0.30442 -0.00578 -0.09942
-0.21923 -0.13075 -0.14490
0.08335 -0.02948 0.10688
-0.19508 -0.03304 -0.06788
-0.19176 -0.03522 -0.09752
0.23056 -0.13038 0.15019
0.18466 -0.08979 -0.14196
-0.00881 -0.04756 0.03000
-0.26225 -0.07364 -0.12932
0.28531 -0.00493 0.11259
0.27895 -0.00467 0.11714
-0.19685 0.11789 0.12520
0.35397 -0.03301 0.03237
0.35840 -0.05055 0.07869
0.27219 -0.05896 0.12933
-0.00904 -0.03003 -0.11296
0.20927 -0.07389 -0.01355
0.42050 -0.01341 0.11124
0.25116 -0.03963 -0.14495
0.31247 -0.10392 -0.12929
0.10822 -0.01854 -0.01144
-0.21431 -0.03306 -0.04620
-0.21431 -0.04761 -0.10871
-0.21431 -0.03649 -0.07180
-0.21431 -0.03155 -0.10672
-0.21431 -0.03090 -0.08519
-0.21431 -0.03815 -0.03788
-0.21431 -0.03569 -0.03100
-0.21431 -0.03262 0.02758
0.01614 -0.05694 0.03073
-0.00357 -0.06487 0.03184
0.03890 -0.06614 0.03202
0.08950 -0.03321 0.11512
-0.22987 -0.06678 0.12933
0.25426 -0.00947 0.02611
-0.21307 0.06704 0.00474
-0.21259 0.06527 -0.09381
-0.21514 0.07465 -0.09735
-0.21197 0.06299 -0.03530
-0.21236 0.06443 -0.02825
-0.21270 0.06568 0.01019
-0.24078 -0.03304 0.14495
0.09241 -0.03373 -0.08373
0.19512 0.04869 -0.13366
-0.41702 -0.00908 0.13587
-0.31303 -0.08045 -0.12773
-0.31238 -0.07555 -0.14453
-0.38204 -0.08082 -0.13172
-0.33794 -0.08868 -0.13552
-0.25292 -0.09338 -0.12932
-0.28307 -0.12597 -0.12485
-0.42416 0.04896 -0.02630
0.12455 0.02793 0.04508
-0.21478 -0.01732 0.12993
-0.43488 -0.07341 0.07400
0.20154 -0.05388 -0.14147
0.34707 0.02020 0.14146
-0.30736 -0.10611 -0.13037
0.28961 0.05415 -0.04574
0.28814 0.05491 -0.03527
0.14870 0.07950 -0.12048
0.15454 0.07879 -0.11008
0.14341 0.08434 -0.11100
0.13692 0.08979 -0.10157
0.18753 0.05900 -0.12242
0.13399 0.08646 -0.12340
0.17179 0.06744 -0.12107
-0.43920 -0.01133 -0.07100
-0.06173 -0.03196 -0.02969
0.14205 0.09601 0.01045
0.12068 0.10708 0.02566
0.14513 0.09442 0.02858
0.13083 0.10182 0.02623
0.13329 0.10055 0.00741
0.15159 0.09107 0.01838
0.20764 -0.05155 -0.10129
0.04096 -0.03313 -0.04543
0.44084 -0.04631 0.10503
0.30144 -0.04074 0.14757
-0.33276 0.06747 -0.13332
-0.36242 0.06307 -0.14044
0.16251 -0.01380 0.03828
0.15850 -0.00919 -0.03583
0.25133 -0.02500 -0.14495
0.23529 0.05030 0.12842
0.20651 -0.07746 0.06723
0.20869 -0.07891 0.03467
0.20910 -0.09275 0.04884
0.27912 -0.14071 0.10129
-0.19655 -0.05580 -0.14483
0.20728 0.05094 -0.12564
0.21530 0.05123 -0.12366
-0.32636 -0.06508 -0.14146
-0.35606 -0.05842 -0.14146
-0.34714 -0.06283 -0.14146
-0.23783 0.11990 0.06908
-0.23336 0.12493 0.03647
-0.42488 -0.01792 0.13156
-0.19232 -0.06621 -0.12937
0.30683 0.04839 0.09611
0.30957 0.04870 0.08328
-0.43734 -0.07329 -0.06252
-0.43881 -0.07334 -0.07226
-0.16442 0.02246 0.14146
0.28298 -0.13324 0.12787
0.26176 -0.13826 0.13436
0.34785 0.04057 -0.06891
0.34823 0.03971 -0.07944
0.23713 -0.01644 0.10515
-0.23047 0.08579 -0.06727
-0.22659 0.08579 -0.01246
-0.22601 0.08579 0.04811
-0.22830 0.08579 -0.07942
0.22922 -0.06143 0.12060
-0.17961 0.13331 0.08157
-0.17580 0.13611 0.06109
0.14506 0.03137 0.06511
0.15680 0.06109 0.02487
-0.00591 0.01698 0.04330
-0.00563 0.01612 0.07379
-0.00492 0.01389 0.05459
0.30291 -0.00243 -0.02104
-0.42945 -0.04344 0.13456
-0.41573 0.06842 0.02562
0.41876 0.00598 -0.05409
-0.41373 0.04760 -0.10658
0.26359 0.05740 0.03012
-0.34228 0.07820 0.00771
0.20211 -0.07753 0.15019
0.24603 0.05108 0.12069
0.24930 -0.14445 -0.14330
-0.25064 -0.11483 -0.12759
-0.22071 0.11867 -0.11472
-0.41828 -0.07034 -0.13757
-0.25465 0.11854 -0.01925
0.14410 0.01294 0.04661
-0.17682 -0.06908 -0.12546
-0.17917 -0.05824 -0.12425
-0.26802 -0.07249 -0.12737
0.39726 0.02027 0.07558
-0.18847 -0.05609 0.12173
0.25031 -0.03879 -0.13946
0.35129 -0.08942 -0.11930
0.35487 -0.09948 0.11943
0.35789 0.02269 0.12879
0.43411 -0.00722 0.02399
-0.20941 -0.13250 0.11742
-0.20212 -0.12690 0.12162
0.20070 -0.10575 -0.14056
0.41024 0.01882 0.00485
0.09705 -0.03799 0.08708
0.09180 -0.03756 0.07999
0.19673 -0.09294 -0.11780
-0.28294 0.10766 0.02537
-0.22289 -0.10656 -0.12059
0.24522 -0.01388 -0.02497
0.24667 -0.01317 -0.01756
0.25600 -0.14381 0.10129
0.25755 -0.13812 -0.14117
-0.43922 -0.04827 -0.11350
0.24208 -0.09837 -0.12745
0.44006 -0.01899 0.04384
0.13762 0.03303 -0.00835
-0.44087 -0.03564 -0.10497
-0.45126 -0.06791 -0.06253
0.28049 -0.13427 -0.13108
-0.30689 -0.05441 -0.14789
-0.31079 -0.06384 -0.11205
-0.02286 0.05500 0.10635
-0.14814 -0.02066 -0.11307
-0.17767 -0.02493 -0.11444
0.31583 -0.11427 -0.11699
0.31053 -0.12117 -0.14671
0.00484 -0.00664 0.08413
-0.00197 0.00644 0.04406
0.29307 -0.07128 -0.12932
0.43292 -0.00576 -0.01595
0.27975 -0.01913 -0.12269
0.28533 -0.02144 -0.13952
-0.31109 -0.09593 0.11697
-0.31183 -0.09033 0.12606
0.04564 -0.04030 0.03966
-0.19516 0.13530 -0.02045
-0.18532 -0.02122 -0.08937
0.29957 -0.03762 -0.15019
0.36716 -0.06210 0.02225
-0.17481 -0.08719 -0.13704
0.01476 -0.04290 0.11279
-0.17425 -0.07830 -0.14661
-0.21423 0.00754 0.14146
-0.22590 0.11659 0.11875
-0.22024 0.11971 0.10893
0.16411 0.04328 0.09372
-0.30821 0.07538 -0.12770
-0.20639 -0.12043 0.14325
0.25612 -0.04850 0.12729
-0.22621 -0.13653 0.10129
-0.02712 0.07190 0.04988
0.34509 0.04403 0.01402
0.22631 -0.01810 0.13399
0.29520 0.05421 0.02895
0.02144 -0.01399 0.01071
0.02144 -0.02207 -0.01413
0.22539 -0.11505 -0.14022
0.01546 0.14247 0.04979
0.44195 -0.03033 0.07376
-0.27857 0.10898 -0.03542
-0.26860 0.11036 -0.05834
-0.20106 0.05084 0.13205
-0.28416 0.09269 0.11737
0.28599 -0.10199 0.12060
-0.01070 0.14586 -0.02995
-0.37870 -0.05934 0.14364
-0.20046 -0.02907 0.01463
0.22857 -0.09679 0.12933
0.32239 0.04839 -0.04768
0.28639 -0.07602 -0.12932
0.41225 -0.09113 -0.00899
-0.41399 0.06603 0.04547
-0.45382 -0.03327 0.03160
0.39128 0.02388 0.07669
-0.18877 -0.03635 0.12222
-0.17158 -0.02461 0.12222
-0.18176 -0.02890 0.12222
-0.19643 -0.02886 0.12222
-0.12398 0.04233 0.13790
0.26559 -0.11656 0.13961
-0.27494 -0.02217 -0.13869
0.27022 -0.02452 0.14024
0.27297 -0.02488 0.12621
-0.33379 -0.06781 -0.08715
-0.33430 -0.08074 -0.08953
0.04941 0.13481 -0.05656
-0.29573 -0.04031 -0.10129
-0.22819 -0.00972 -0.11101
0.05224 0.13514 -0.04166
-0.42980 0.03322 0.03651
0.15260 -0.00078 -0.07752
0.41933 0.01175 0.01568
0.42588 -0.00007 -0.04625
-0.23287 0.11792 -0.09663
-0.23359 0.11516 -0.11251
-0.42883 0.03560 0.05083
0.15255 0.07278 0.05949
-0.20876 -0.02967 -0.12837
0.14201 0.09601 -0.03173
0.19173 0.06791 -0.06082
0.17454 0.07784 -0.04815
0.17666 0.07767 -0.03661
0.19912 0.06498 -0.04982
0.15056 0.09025 -0.04826
0.21099 0.05835 -0.05580
0.19397 0.06600 -0.07016
0.20664 0.05949 -0.06957
0.14575 0.09266 -0.04925
0.20516 0.06315 -0.03370
0.34949 -0.10055 0.12085
0.35979 -0.09029 0.10166
0.17570 -0.05655 -0.00909
0.18777 -0.04339 -0.01011
0.17105 -0.06162 -0.00112
0.31598 -0.01143 0.10193
-0.29331 -0.11027 -0.14495
-0.02220 0.05803 0.07865
-0.26931 -0.03723 -0.14102
0.35090 -0.05357 0.11147
-0.25294 -0.08074 -0.12932
-0.32161 0.05008 0.11258
-0.29671 0.05745 0.07259
-0.26721 0.06618 -0.04216
-0.27429 0.06408 -0.01131
-0.25138 0.07086 -0.06175
-0.26548 0.06669 0.01717
-0.24616 0.07240 0.04722
-0.24491 0.07277 0.09010
-0.27563 0.06368 0.09944
-0.25555 0.06963 -0.06809
-0.28509 0.06088 0.03470
-0.30520 0.05493 0.04713
-0.26704 0.06623 0.10638
-0.28315 0.06146 -0.01516
-0.24653 0.07229 0.02079
-0.25010 0.07124 -0.03974
-0.23889 0.07456 0.03378
-0.27249 0.06461 -0.00401
-0.25886 0.06865 0.07929
-0.24066 0.07403 -0.10195
-0.25236 0.07057 0.01719
-0.24676 0.07223 -0.01317
-0.24395 0.07306 -0.04873
-0.27503 0.06386 0.09030
-0.26049 0.06816 0.06203
-0.32225 0.04989 0.09413
-0.26989 0.06538 0.00072
-0.30942 0.05369 0.04949
-0.24143 0.07380 -0.06051
-0.24834 0.07176 -0.01904
-0.31321 0.05256 0.10790
-0.26547 0.06669 -0.00316
-0.29435 0.05814 0.01713
-0.31474 0.05211 0.09146
-0.23898 0.07453 -0.02133
-0.31830 0.05106 0.07783
-0.25888 0.06864 -0.03500
-0.26082 0.06807 0.02710
-0.32846 0.04805 0.10093
-0.27054 0.06519 0.01848
-0.27725 -0.07994 0.12643
-0.16983 0.12798 0.11902
0.14471 0.08057 -0.12450
-0.22497 -0.01073 0.03911
-0.21951 -0.01372 0.03729
0.01907 0.13967 -0.07754
-0.10331 -0.04290 0.13622
0.27261 -0.11502 -0.12730
0.28794 -0.03048 0.11784
-0.42664 0.00528 -0.10091
0.30640 -0.11164 0.14495
-0.25684 -0.12653 0.14495
0.06305 0.13223 -0.01900
0.33962 -0.06663 0.13375
-0.26144 0.02316 -0.14146
0.45095 -0.03527 0.00506
-0.24535 -0.01613 0.10327
0.23694 -0.09820 0.12595
-0.11527 -0.01605 0.00350
-0.41667 -0.01373 0.14144
0.15920 0.03561 0.00940
0.15990 0.03561 -0.01130
0.16300 0.03561 -0.00386
0.21180 -0.12363 -0.10129
-0.29207 -0.01605 -0.11398
-0.29542 -0.01588 -0.09920
0.24973 -0.11596 -0.12235
-0.41817 0.05475 -0.05773
-0.23927 -0.13907 -0.10129
-0.15304 0.13919 -0.06603
-0.11563 0.13768 -0.10014
0.37376 -0.09688 0.10019
0.16073 -0.04258 -0.14146
0.13338 -0.03643 -0.14146
0.09991 -0.03756 -0.14146
0.09025 -0.03954 -0.14146
0.07177 0.11789 0.11689
0.08409 0.11313 0.11535
0.16499 0.00725 -0.14146
0.11890 0.00583 -0.14146
0.05277 0.00943 -0.14146
0.08603 0.01026 -0.14146
0.06415 0.01052 -0.14146
0.20207 -0.10905 0.12236
0.13208 0.02332 -0.03377
0.07019 0.12654 0.06921
0.43446 -0.01396 -0.05658
-0.03902 0.05120 -0.10484
-0.03889 0.05055 -0.05765
-0.03636 0.03773 -0.09078
-0.04053 0.05888 -0.11329
-0.02950 0.00300 -0.09860
-0.04164 0.06449 -0.10223
-0.04171 0.06486 -0.07616
-0.03569 0.03434 -0.09847
-0.03744 0.04320 -0.09102
-0.03493 0.03051 -0.07512
-0.03541 0.03295 -0.08679
-0.03390 0.02526 -0.08525
-0.17902 -0.07975 -0.00678
0.45362 -0.05313 -0.02438
0.12293 -0.00558 0.14146
0.15532 -0.00821 0.14146
0.17678 -0.01749 0.14146
0.32455 0.03272 -0.13524
-0.21270 -0.12575 -0.12810
-0.17866 -0.08953 0.05179
-0.17961 -0.09079 0.03590
-0.21924 -0.13402 -0.15019
0.19731 0.05069 -0.08975
0.19933 0.05048 -0.12201
0.23295 -0.02437 -0.03774
0.23147 -0.02553 -0.04322
0.23919 -0.01836 -0.04049
0.14208 0.03242 0.02697
-0.30877 -0.01952 -0.03054
-0.26745 -0.05322 0.12060
-0.27548 0.09343 0.12306
-0.30466 -0.07326 -0.13153
-0.06449 -0.01170 0.14146
-0.06650 -0.01648 0.14146
-0.06724 0.02836 0.14146
0.24510 -0.13554 -0.14495
-0.00393 -0.03178 -0.04633
-0.00380 -0.05386 -0.04633
-0.01757 0.02509 -0.04633
-0.26212 -0.09512 0.12933
-0.44315 -0.06578 -0.03618
0.05006 -0.04663 -0.14007
0.17774 -0.04663 -0.14088
0.12921 0.05765 0.04065
0.41627 -0.08562 -0.11571
0.15962 0.08692 -0.01887
0.20502 0.06341 -0.01269
0.13521 0.09955 -0.03055
0.18912 0.07164 -0.03083
0.17620 0.07833 -0.01612
0.14193 0.09607 -0.02579
-0.19014 0.12272 -0.11876
-0.28455 -0.13410 -0.14839
-0.01109 0.03405 0.10656
0.23064 -0.07973 -0.12279
-0.01507 0.00881 -0.04376
0.24592 -0.14106 -0.15019
0.26573 -0.05839 -0.12932
0.42288 0.00498 -0.03424
0.37435 0.02082 0.12319
-0.21687 0.13007 -0.02225
-0.26841 -0.00936 -0.13104
-0.04296 0.12823 0.12684
-0.09678 0.12876 0.12432
-0.23622 -0.01257 0.14146
-0.39808 -0.03987 -0.14072
-0.35887 -0.04129 -0.14133
-0.40932 -0.03827 -0.14064
0.19076 0.05106 0.03851
0.19131 0.05106 0.01835
-0.19261 -0.11389 0.10129
-0.19387 -0.02728 0.06029
-0.16520 -0.02313 0.04389
-0.17196 -0.02410 0.09505
-0.17493 -0.02453 0.01913
-0.17459 -0.02448 0.02804
-0.17008 -0.02383 0.03412
-0.16979 -0.02379 0.05714
-0.16335 -0.02286 -0.02936
-0.17326 -0.02429 -0.01190
-0.19516 -0.02746 0.09771
-0.34136 -0.08862 -0.11864
-0.37082 -0.08347 -0.10731
-0.34264 -0.08864 -0.10686
-0.36134 -0.08520 -0.10784
-0.36575 -0.08432 -0.11130
0.31858 -0.05327 -0.12714
-0.24046 -0.02420 -0.13341
0.40804 -0.00571 -0.12146
0.40571 -0.02792 -0.13811
-0.21784 -0.01468 0.01376
-0.21630 -0.01552 0.00861
-0.16810 0.12754 -0.11752
0.36710 -0.09088 0.04781
0.36801 -0.09463 0.03634
0.36885 -0.08346 0.03820
0.00938 0.12738 0.12530
-0.22147 0.08376 -0.02677
-0.22027 0.08275 -0.05629
-0.36727 0.07371 -0.08888
-0.34289 0.07613 -0.06571
-0.34238 0.07687 -0.05339
-0.36309 0.07505 -0.06896
-0.35073 0.07571 -0.06695
-0.36336 0.07423 -0.08288
-0.35683 0.07566 -0.06314
0.42215 0.00955 -0.01220
0.13281 -0.06642 0.01449
0.40832 -0.03828 0.14000
-0.06646 -0.05234 0.14146
0.06067 -0.05255 0.14146
0.09233 -0.05153 0.14146
0.01232 -0.04829 0.14146
-0.05836 -0.04835 0.14146
0.17983 -0.04669 0.14146
-0.00211 -0.05116 0.14146
0.05167 -0.05486 0.14146
-0.06758 -0.06891 0.14146
0.03959 -0.05493 0.14146
-0.34403 0.06421 0.13968
-0.35899 0.06474 0.13694
-0.21431 -0.02570 0.01824
-0.21431 -0.02724 -0.00175
-0.21431 -0.02551 0.02967
-0.14118 0.01351 0.14146
-0.20059 -0.01036 0.14146
0.26450 -0.06530 -0.14488
0.36501 0.01311 -0.13930
-0.25337 -0.10922 -0.14249
-0.21606 -0.12833 0.12565
0.37731 0.02330 0.10909
-0.00859 -0.01159 0.03869
0.43036 -0.01157 0.07735
0.29672 -0.08253 0.12196
-0.01148 0.13895 -0.09440
-0.31735 -0.04193 0.11993
0.22115 -0.12926 0.10129
0.34467 -0.02498 -0.04444
0.33711 -0.01722 -0.03930
-0.39472 0.07582 0.01163
-0.38706 0.07616 0.02897
-0.38020 0.07646 0.01516
0.40041 -0.00503 -0.12332
0.40568 0.01971 0.01866
-0.30488 -0.08678 -0.13087
-0.14147 0.14380 0.01512
0.40406 0.00265 0.11510
-0.22714 0.04801 -0.01203
-0.22906 0.05941 -0.09893
-0.22658 0.04470 0.02475
-0.23313 0.08360 0.07481
-0.22561 0.03891 0.00111
-0.22580 0.04007 -0.10166
-0.23264 0.08069 -0.09875
-0.23076 0.06951 -0.00960
-0.22060 0.00914 -0.08851
-0.22815 0.05405 -0.07383
-0.23159 0.07448 -0.03598
-0.22490 0.03468 -0.10026
-0.21814 -0.00545 -0.08343
-0.22077 0.01017 -0.07588
-0.23126 0.07249 0.05093
-0.22002 0.00570 -0.05549
-0.22489 0.03467 -0.02412
-0.22921 0.06034 -0.02411
-0.22702 0.04731 -0.02077
-0.21882 -0.00145 -0.06524
-0.23257 0.08028 -0.00956
-0.21530 -0.02235 -0.10095
-0.23072 0.06929 -0.07423
-0.23167 0.07496 -0.05737
-0.22629 0.04296 -0.06246
-0.22762 0.05088 -0.03686
-0.22239 0.01979 -0.08899
-0.23210 0.07747 0.03065
-0.22210 0.01805 -0.10718
-0.23050 0.06799 -0.02713
-0.23290 0.08225 -0.04792
-0.23212 0.07763 0.06410
-0.21882 -0.00141 -0.07277
-0.22318 0.02449 -0.04070
-0.23034 0.06704 -0.04222
-0.22775 0.05165 0.02076
-0.23131 0.07280 0.04553
-0.22843 0.05568 0.03221
-0.22128 0.01321 -0.03166
-0.22700 0.04719 -0.10364
-0.23089 0.07028 0.05734
0.17039 0.04294 -0.14146
0.06050 -0.02649 -0.02941
0.28314 -0.02849 -0.13789
-0.00892 0.14582 0.01332
0.01186 0.14356 -0.04196
0.20527 -0.09757 0.11301
-0.15658 -0.00662 -0.10149
-0.44692 -0.06903 -0.05222
-0.07303 0.11616 -0.12924
0.25515 -0.08841 -0.12932
0.03709 -0.03582 -0.11129
0.01299 -0.00828 -0.12300
0.27447 -0.03213 -0.14495
-0.23244 -0.01783 -0.14827
-0.44360 -0.07237 0.08343
-0.44845 -0.07018 0.04706
-0.23098 -0.02371 -0.10129
0.01259 -0.04487 -0.07673
0.31173 -0.10571 0.13988
-0.43980 -0.03419 0.10693
0.05945 0.03930 0.13692
0.10570 -0.02295 -0.00571
-0.03386 0.06064 0.08004
-0.18345 -0.08446 -0.11327
-0.01541 -0.05794 0.03241
0.00787 -0.06297 0.03241
-0.27849 -0.02364 0.10288
-0.27563 -0.02246 0.13069
0.37212 0.01235 0.13584
-0.01714 0.13987 0.09051
-0.02003 0.13822 0.09770
-0.02711 0.13393 0.11640
-0.03658 0.13671 0.10428
-0.05966 0.13415 0.11545
-0.06177 0.13676 0.10407
0.01995 0.14329 0.03229
0.38228 0.01359 -0.12324
0.15419 0.04136 0.02359
0.20026 -0.09208 0.15019
0.06880 0.12623 -0.08028
0.38981 -0.09425 0.06712
-0.23778 0.05781 -0.04727
-0.23778 0.06669 -0.04815
-0.23778 0.07073 -0.07503
-0.23778 -0.01044 -0.10210
-0.23778 0.06717 0.02838
-0.23778 0.04658 0.00940
-0.23778 0.01328 -0.08303
-0.23778 0.04633 0.01557
-0.23778 0.05499 -0.02543
-0.23778 0.05401 -0.00426
-0.23778 0.06431 -0.10625
-0.23778 0.07088 0.08454
-0.23778 0.05277 0.05243
-0.23778 0.01943 -0.05849
-0.23778 0.06153 -0.06139
-0.23778 0.05670 0.04572
-0.23778 0.02907 -0.00560
-0.23778 0.07264 -0.03830
-0.23778 0.05274 -0.09889
-0.23778 0.04712 -0.02953
-0.23778 0.02531 -0.08726
-0.23778 0.06158 -0.11663
-0.23778 0.06816 -0.02911
-0.23778 0.03725 -0.04207
-0.23778 0.02944 -0.02449
-0.23778 0.07210 0.05004
-0.23778 0.00733 -0.08856
-0.23778 0.07347 0.02518
-0.23778 0.04144 -0.07851
-0.23778 0.05168 -0.01284
-0.23778 0.04235 -0.10269
-0.23778 0.01494 -0.07773
-0.23778 0.06140 0.02958
-0.15303 -0.00568 0.12497
-0.18335 -0.05363 0.05628
-0.18167 -0.05509 0.07492
-0.18993 -0.04239 0.04661
-0.18189 -0.05263 -0.10848
-0.45351 -0.03100 -0.02357
-0.25961 -0.02574 -0.14495
-0.24295 -0.13780 0.13023
0.25570 -0.13787 0.14661
-0.34298 -0.08872 0.10003
-0.37501 -0.08280 0.10320
-0.37400 -0.08281 0.11133
-0.41822 -0.07481 0.10690
-0.42417 -0.07391 0.09846
-0.41768 0.04006 0.10762
-0.01231 0.00606 0.10724
0.25903 -0.12668 -0.14495
-0.19397 0.12251 0.11756
0.05981 0.11690 0.12105
0.25934 -0.14577 0.13040
0.25788 -0.14558 0.11786
-0.23660 -0.06551 0.14194
-0.31117 -0.09536 -0.14599
-0.33380 -0.05551 0.04552
-0.33389 -0.05362 0.03824
0.23648 -0.02085 -0.14004
0.23820 -0.02013 -0.14531
0.33877 -0.01784 -0.02332
0.24827 0.05675 0.05782
0.24197 0.05518 0.09287
0.27538 -0.02449 0.10129
-0.29685 0.09290 0.09732
-0.28951 0.09241 0.12011
-0.11549 0.01338 0.14146
-0.12998 0.00428 0.14146
-0.17679 -0.02511 0.14146
-0.00536 -0.04369 -0.12160
