-0.26481 -0.04861 -0.16468
0.09435 0.07536 0.12057
-0.15032 -0.01986 -0.00224
-0.12353 -0.01986 0.01969
-0.16808 -0.01986 -0.02521
-0.16010 -0.01986 0.00991
-0.14104 -0.01986 0.02152
-0.16643 -0.01986 -0.00824
-0.09773 -0.01986 0.02407
-0.41849 -0.03836 0.09098
-0.40387 0.00750 0.13467
0.08415 0.06737 -0.10809
-0.41132 0.05450 0.05886
-0.38799 -0.01250 0.15950
-0.13182 0.05142 -0.13469
-0.39712 0.03622 0.11435
-0.30295 -0.01214 -0.18384
-0.31344 -0.02027 -0.16786
-0.24075 -0.05963 -0.17923
-0.05871 -0.01656 0.18391
0.02193 -0.01846 0.18371
-0.08494 -0.01436 0.18410
0.10987 -0.01453 0.18399
-0.21226 0.08417 0.11869
-0.20866 0.08363 0.12862
-0.25753 0.09095 0.10253
-0.27122 0.09300 0.02033
-0.22155 0.08556 0.08841
-0.24361 0.08887 0.04986
-0.26995 0.09281 -0.07036
-0.26672 0.09233 -0.09796
-0.22041 0.08539 0.04508
-0.18692 0.08038 0.14233
-0.25559 0.09066 -0.03700
-0.22594 0.08622 0.07681
-0.26297 0.09176 0.08054
-0.23264 0.08722 0.04265
-0.26486 0.09205 0.09351
-0.24953 0.08975 -0.03415
-0.25776 0.09098 0.06649
-0.23503 0.08758 0.01024
-0.23619 0.08775 0.09511
-0.26628 0.09226 -0.08503
-0.18779 0.08051 0.15002
-0.26218 0.09164 0.12581
-0.27074 0.09293 -0.01158
-0.24197 0.08862 0.14106
-0.23031 0.08687 0.09435
-0.25421 0.09045 -0.06206
-0.22686 0.08636 0.13881
-0.25360 0.09036 0.04739
-0.19973 0.08230 0.09473
-0.26420 0.09195 -0.01555
-0.25245 0.09019 -0.04703
0.31068 -0.07464 -0.17195
-0.20742 -0.11874 0.18465
0.11442 0.07401 0.05622
0.25206 -0.06044 0.16468
-0.14862 -0.05803 -0.16055
-0.08723 -0.05803 -0.16845
0.05304 -0.05803 -0.15801
-0.07050 -0.05803 -0.15361
-0.10517 -0.05803 -0.16321
0.02654 -0.05803 -0.15781
0.07697 -0.05803 -0.15388
-0.08509 -0.05803 -0.16328
0.32618 -0.04709 0.13116
0.32532 -0.04501 0.15414
-0.08686 -0.01242 0.13429
0.27423 -0.13509 -0.14547
0.21348 -0.11881 0.16079
0.00257 -0.01182 0.08093
0.29501 -0.04464 0.16732
0.39772 -0.07119 -0.11523
-0.28273 -0.06442 0.16468
-0.20875 -0.02613 -0.13527
0.16652 0.07401 -0.12813
-0.35723 0.08520 0.00709
0.40309 0.00549 -0.12909
0.16628 -0.02300 -0.01881
0.16286 -0.01511 0.03018
0.26107 -0.05594 0.16116
0.07715 0.04560 0.04652
-0.27978 -0.02793 0.18223
0.37146 0.02703 0.13692
-0.06759 -0.00559 -0.05494
-0.15502 -0.05153 0.16616
-0.15904 -0.02961 0.16809
-0.15929 -0.02825 0.15383
-0.19566 -0.10870 0.17881
0.18046 0.07652 0.10302
-0.30434 0.08937 0.11262
-0.13778 0.06171 0.12434
0.18236 -0.06994 -0.16976
-0.42156 0.06252 0.01105
-0.26407 0.09978 -0.13947
-0.19012 -0.06524 0.17036
-0.40059 -0.11099 0.12588
0.20012 -0.06458 0.13362
-0.32328 -0.12474 -0.17417
0.29760 -0.06244 -0.17786
0.05774 0.01988 -0.18235
0.11704 0.01468 -0.18303
-0.12542 0.02085 -0.18229
-0.28426 -0.00793 0.17674
-0.33779 0.08822 -0.04807
0.24374 -0.11104 -0.16468
-0.22321 0.15079 -0.04826
-0.30202 -0.04141 0.16086
-0.26600 -0.00837 -0.13734
-0.07971 -0.03753 0.05836
-0.19112 -0.00489 0.18424
0.16204 -0.01321 0.03737
0.16113 -0.01111 0.07630
-0.40278 -0.07374 -0.12660
0.19431 0.07882 0.03547
0.33115 -0.08605 -0.16597
-0.32187 -0.02884 0.16200
-0.32793 -0.03667 0.17730
-0.33807 -0.08526 -0.16602
0.20585 0.07427 -0.09791
0.05094 0.05773 0.08199
0.38456 -0.01329 0.14923
-0.19541 -0.04455 0.17192
-0.19319 -0.05007 0.16764
-0.30178 -0.06612 0.16176
-0.15890 0.06143 -0.16245
-0.24032 -0.00834 -0.16738
0.08673 0.07440 0.06452
0.25979 -0.11453 -0.16468
0.33333 -0.08178 0.15706
0.33333 -0.07929 0.13301
-0.33180 -0.04910 0.16384
-0.24439 0.08025 0.15188
-0.21220 0.07846 0.15155
-0.21528 0.06506 0.16321
-0.20993 0.06486 0.16307
-0.21098 0.07281 0.15632
-0.01174 -0.00480 0.12657
-0.24988 -0.13787 0.13362
0.14478 0.00606 0.01374
-0.32528 0.06454 0.16280
-0.32434 0.07252 0.15261
-0.33398 0.06890 0.15400
-0.34041 -0.09476 -0.16401
-0.34041 -0.09037 -0.14448
-0.05709 0.06015 -0.16498
-0.07406 0.05818 -0.16667
0.31808 0.05361 -0.15610
-0.10683 -0.06067 -0.03824
-0.35320 0.00812 0.18257
-0.18729 -0.08126 0.16868
-0.18808 -0.08799 0.13406
0.12283 -0.01981 -0.18356
0.08577 0.08145 -0.16508
0.23532 -0.01116 0.18207
-0.38264 0.04576 0.14080
0.20455 0.07410 0.06712
-0.10566 -0.00340 0.13285
-0.10130 -0.03008 0.08805
-0.10134 -0.03180 0.10177
0.26918 -0.08944 0.18379
-0.16937 -0.05774 -0.17568
0.41178 0.02067 -0.05283
-0.13453 0.00206 -0.06621
0.23083 -0.13174 -0.13365
-0.28693 -0.12358 -0.17867
-0.27513 -0.04218 0.16468
-0.27348 -0.10215 0.16116
-0.18704 -0.06829 0.01778
-0.34352 0.08886 0.00369
0.32643 -0.01267 0.18282
-0.26394 -0.00426 0.15801
0.28004 -0.05551 0.16457
0.00547 0.15231 0.12179
-0.18698 -0.05755 0.02832
-0.30494 -0.11474 0.13661
-0.28415 -0.00127 -0.18415
-0.24407 -0.02472 -0.15051
0.04668 0.04372 0.08602
-0.22114 -0.01488 -0.17621
0.24025 -0.09789 0.16116
0.38767 0.02720 0.10860
-0.06955 -0.01688 0.06080
-0.18704 -0.09230 0.06119
0.14540 0.08189 0.13565
0.12066 0.09803 0.13301
0.08671 0.11990 0.12983
-0.16707 -0.08862 0.04735
-0.15939 -0.08862 0.09647
-0.16792 -0.08862 0.08465
-0.16443 -0.08862 0.06670
-0.15812 -0.08862 0.05896
-0.40750 -0.03020 -0.12098
-0.41014 -0.09765 -0.10061
0.24646 -0.06111 -0.16116
-0.03548 -0.03833 0.12946
0.21828 -0.04122 0.15161
0.16942 0.07415 0.13862
0.21687 -0.14299 0.14651
0.39777 0.03472 0.02983
-0.28740 -0.09250 0.16468
-0.18156 -0.02848 0.15310
-0.16417 -0.05626 0.15310
-0.18105 -0.04720 0.15310
-0.17629 -0.03882 0.15310
-0.11335 0.05617 0.15824
0.24046 0.06774 0.13269
0.24732 0.06680 0.13421
0.28094 -0.12917 -0.13362
0.28105 -0.05486 -0.16468
0.09125 0.09946 0.14292
-0.31029 -0.10662 -0.13870
-0.33340 0.08847 0.05832
-0.08783 -0.00746 0.05329
-0.31361 0.08961 -0.09710
-0.03623 -0.00020 -0.12974
0.39747 -0.00576 -0.13602
-0.15906 -0.04646 0.17907
-0.10154 -0.02482 0.13431
-0.35884 -0.10926 0.17568
-0.31524 -0.05294 0.14798
0.39646 0.02936 -0.08589
0.07299 0.06707 -0.03384
-0.28844 -0.03608 0.17690
-0.32670 0.07601 0.14311
-0.33735 0.07317 0.14572
-0.30408 -0.14259 0.15706
-0.23770 -0.13174 0.14804
0.13731 0.07728 0.14514
0.06893 0.00093 0.18412
-0.02102 -0.00354 0.18428
0.10699 0.00149 0.18408
0.08694 -0.00404 0.18424
-0.17735 0.02304 0.15248
-0.28659 -0.13730 0.18637
0.41089 0.01787 0.07981
-0.08299 -0.02150 -0.05378
-0.20130 -0.11849 -0.14087
-0.15298 0.05278 -0.09678
-0.16201 0.07932 -0.09584
-0.11346 -0.00013 -0.12439
-0.21375 -0.03997 0.13375
0.22433 -0.06446 -0.16468
0.16672 -0.02432 0.14192
0.16808 -0.03404 0.05598
-0.33701 -0.06585 -0.17135
-0.03982 -0.03839 -0.12659
0.42275 -0.10093 -0.04375
-0.41943 0.00867 0.08700
0.18808 -0.11052 -0.15352
-0.41016 0.05645 -0.08610
-0.10563 -0.02928 -0.05674
0.42729 0.01100 -0.06233
-0.26210 -0.10579 -0.16116
0.09336 0.07145 0.06194
-0.18319 -0.05716 -0.17594
-0.09263 -0.03947 -0.06215
0.26994 -0.09608 0.12020
0.22949 -0.08959 0.12020
0.20178 -0.09303 0.12020
0.29407 -0.09921 0.12020
-0.34636 -0.06061 0.17753
0.16757 -0.04449 0.05836
0.16765 -0.04394 0.06609
-0.22280 -0.12191 -0.18637
-0.26878 -0.13889 -0.18637
-0.18336 0.03879 -0.17837
-0.12407 -0.01924 -0.06192
-0.13339 0.06701 -0.15323
-0.27560 -0.04224 -0.16116
-0.25657 -0.09683 0.17033
-0.26251 -0.05486 -0.18261
0.12457 -0.05737 -0.17588
-0.05495 -0.00860 0.05847
-0.10093 0.03845 0.14165
-0.08200 -0.03537 -0.05799
-0.41208 0.05715 0.07848
0.37472 -0.00878 0.15738
-0.32021 -0.06645 0.16102
-0.41391 -0.02452 -0.11128
0.09947 0.02148 -0.01293
0.30325 0.06371 -0.04968
0.34175 0.05894 -0.05316
-0.32279 -0.02866 -0.18242
-0.37122 -0.00743 -0.17535
-0.12063 0.01280 -0.10903
-0.11763 0.00667 -0.12159
0.23649 -0.13443 0.13475
-0.13682 0.08941 0.07504
-0.20239 0.07453 -0.15435
-0.19528 0.06222 -0.16449
-0.24322 0.08141 -0.15082
-0.21207 0.06653 -0.16177
-0.19539 0.07576 -0.15289
0.08841 -0.06067 -0.03747
-0.29523 -0.12375 0.13661
0.21710 -0.02342 -0.13552
0.15167 -0.02193 0.18338
-0.34315 0.08618 -0.03761
-0.15396 0.05779 -0.11521
-0.16046 0.07494 -0.10186
-0.14701 0.03720 -0.11279
0.28243 -0.02780 0.18637
-0.12076 0.01277 0.13350
0.24313 -0.09149 -0.15765
-0.26752 -0.05618 0.16181
-0.13558 0.04555 -0.11692
-0.13206 0.03521 -0.11739
-0.27872 -0.00613 -0.16035
-0.12061 0.01237 0.05739
0.21351 -0.04048 0.16240
-0.26787 0.12539 0.04890
-0.29671 0.10343 0.08016
-0.32566 0.09206 0.05022
-0.22555 0.14721 0.06285
-0.31511 0.09760 0.05308
-0.27255 0.12277 0.04856
-0.26251 0.12550 0.06594
-0.31219 0.10173 0.03897
0.34269 -0.03917 0.17594
0.42557 -0.08331 0.01961
0.20379 -0.01471 -0.18388
0.20563 -0.05141 0.13642
-0.12666 0.07266 0.11886
-0.32633 -0.02124 -0.18342
0.08518 0.08948 -0.19375
0.09063 -0.04484 -0.17943
0.11329 -0.04600 -0.17913
0.09585 -0.04822 -0.17859
0.03274 -0.03435 -0.18167
-0.08266 -0.03331 -0.18192
-0.04740 -0.03249 -0.18206
-0.29657 -0.06099 -0.16116
0.43347 -0.00438 -0.06358
-0.20824 -0.09764 0.15640
0.33102 -0.08290 0.14391
0.41057 -0.08466 -0.10488
-0.34152 0.06385 -0.15456
-0.26421 -0.07902 -0.17172
0.21516 -0.04500 0.18227
-0.14264 0.07539 0.12361
-0.29263 -0.12992 0.14574
-0.42272 -0.05186 0.05383
-0.41452 -0.10492 -0.07653
0.20755 -0.11074 0.14232
0.28367 -0.03430 -0.16732
0.30124 0.06235 -0.10585
0.23084 0.07074 -0.10727
-0.28303 -0.13460 -0.13956
-0.41794 -0.09468 0.04634
-0.29286 -0.13509 0.18632
0.06363 0.07311 0.09624
-0.11582 0.02082 -0.05805
-0.30974 -0.08857 -0.16644
0.24146 -0.11346 -0.15941
-0.01566 -0.01068 -0.11322
-0.29258 0.05357 0.15145
-0.30571 0.05417 0.15035
0.16603 0.04876 -0.17474
0.14529 0.05954 -0.16550
0.12631 0.05689 -0.16778
0.28290 -0.15002 -0.15972
-0.34608 -0.03231 0.18202
0.40827 -0.04031 -0.09523
-0.37849 0.01062 -0.16719
-0.36501 -0.09771 -0.17577
-0.24700 -0.00376 -0.15395
-0.24658 -0.00388 -0.14785
-0.38344 0.03136 -0.10860
0.01124 -0.03847 0.18089
-0.14143 -0.03537 0.18154
-0.12601 -0.03933 0.18077
0.29303 -0.03413 0.14896
-0.26983 -0.15211 -0.13931
-0.17628 -0.05803 -0.07747
-0.18283 -0.05803 -0.05416
-0.18637 -0.05803 -0.04805
-0.17908 -0.05803 -0.08222
-0.38981 0.03728 -0.09558
-0.33006 -0.09159 -0.13468
0.26926 -0.00580 0.16780
0.21143 -0.02000 -0.17170
0.24946 -0.15332 0.14162
0.32329 -0.10363 -0.13722
-0.06184 -0.01407 -0.10506
-0.26764 -0.08753 -0.16647
0.33016 -0.06596 0.16280
0.28040 -0.03090 0.14780
0.07476 0.05818 -0.00812
-0.41678 -0.06443 0.08531
-0.41665 -0.10928 -0.01806
-0.41938 -0.08034 -0.03380
-0.13759 -0.06067 -0.14477
-0.14360 -0.06067 -0.11642
-0.14871 -0.06067 -0.14178
-0.41639 -0.09991 0.06532
0.00669 -0.01818 0.07987
0.33482 -0.02682 0.17935
-0.22648 -0.12591 0.13362
-0.08637 -0.05800 0.03654
-0.05079 -0.06663 0.03654
-0.10976 -0.05720 0.03654
-0.02774 -0.06120 0.03654
-0.06978 -0.06801 0.03654
-0.12253 -0.06646 0.03654
-0.25849 -0.05702 0.16116
0.35256 0.02926 -0.15435
0.20896 -0.04153 -0.18637
0.33248 0.03876 0.16514
-0.11853 -0.03893 -0.11373
0.32245 0.01874 0.18061
-0.41131 0.02373 0.06649
0.39887 -0.06146 -0.12853
-0.25740 -0.11336 -0.16468
0.28001 -0.00841 0.16957
-0.05992 -0.01500 0.05218
0.24010 -0.15249 -0.14656
0.11188 0.09965 0.09729
-0.37075 0.06735 0.10766
-0.36289 -0.08482 -0.17647
0.06920 0.06263 -0.05440
0.00075 -0.01634 0.12559
0.08802 0.09836 -0.14336
-0.13614 0.01079 -0.05472
0.13089 0.09041 0.10280
-0.35421 0.08591 -0.01466
0.12826 -0.06067 -0.11451
0.14355 -0.06067 -0.15238
0.14080 -0.06067 -0.12793
0.13696 -0.06067 -0.09605
0.13425 -0.06067 -0.11065
0.15460 -0.06067 -0.07835
0.14868 -0.06067 -0.10474
-0.41046 0.03295 -0.01953
-0.42766 0.06897 -0.02138
0.41811 -0.07305 0.07968
-0.27270 -0.03049 0.17992
-0.12571 0.02295 -0.08647
-0.31097 -0.04199 -0.18637
-0.24538 -0.08638 -0.16064
0.21406 -0.14148 0.16429
0.09425 0.05738 0.11498
-0.32294 -0.03033 -0.13267
0.25281 -0.10376 0.16468
-0.33022 0.09044 -0.04673
-0.12131 -0.04435 -0.17960
-0.13131 -0.04672 -0.17901
-0.14632 -0.04869 -0.17852
0.03126 -0.04848 -0.17854
-0.29796 0.07055 0.15420
-0.32245 0.04779 0.16393
-0.31362 0.04825 0.16042
-0.29980 -0.01449 0.17764
-0.10405 -0.01385 0.13463
-0.20574 -0.07203 -0.13902
-0.20697 -0.06560 -0.13787
0.29424 0.06487 -0.02047
0.30782 0.06319 -0.01539
0.32765 0.06075 -0.00853
0.28139 0.06645 -0.00103
0.24416 0.07105 -0.00272
-0.24265 -0.08265 0.18317
-0.25058 -0.08624 0.15488
-0.27596 -0.09865 0.18188
0.10247 0.13312 -0.04752
0.12228 0.12139 -0.04630
-0.32135 -0.09938 -0.18637
0.10678 0.01998 -0.11592
0.10863 0.01977 -0.13661
0.04288 0.01959 -0.01995
0.19693 0.07726 -0.02709
-0.29262 -0.14889 -0.17000
-0.09929 0.01254 -0.18340
-0.01155 0.00847 -0.18369
0.06295 0.00626 -0.18384
-0.16364 0.12313 0.13346
-0.21228 -0.11956 -0.13386
-0.30134 -0.12381 -0.14769
0.08933 0.08924 -0.14794
-0.40867 0.07298 -0.05211
-0.40910 0.07311 -0.04462
-0.39054 0.07714 -0.05029
-0.41667 0.07088 -0.06156
-0.38447 0.07857 -0.04822
-0.14796 0.04907 -0.06065
0.21089 -0.13917 0.17183
0.35263 -0.04776 -0.17038
0.29861 -0.03907 -0.16830
0.32379 -0.11331 -0.15164
0.24144 -0.08368 0.17172
0.15959 0.03163 -0.18012
0.30473 -0.10457 0.16278
0.01840 -0.05803 0.17879
-0.01437 -0.05803 0.17925
-0.39833 0.04222 0.10614
-0.31757 -0.05241 -0.13362
0.26997 -0.13093 -0.18197
-0.03750 -0.00771 -0.07887
0.33200 -0.00977 -0.18048
-0.39850 0.04862 0.07654
-0.39850 0.05204 0.02438
0.42373 -0.01903 -0.06887
0.41849 -0.05733 0.04917
-0.40341 0.05197 -0.09700
-0.29615 -0.01208 -0.15404
0.35304 0.02714 0.15512
-0.35252 0.03489 -0.17882
-0.32617 0.08282 0.12345
-0.36452 0.07332 0.14131
-0.34013 0.08121 0.11642
-0.37038 0.07152 0.14655
-0.34173 0.07762 0.14052
-0.35986 0.07443 0.13945
-0.32938 0.08603 0.09566
0.10482 0.09975 0.09327
-0.33759 -0.07158 -0.17665
-0.04564 -0.03364 -0.05609
-0.28640 -0.06131 0.16116
-0.42214 -0.02091 0.07824
0.16509 -0.06067 -0.11113
-0.27226 -0.09293 0.15607
-0.13706 -0.06067 -0.10410
-0.15331 -0.06067 -0.03971
-0.14444 0.08010 0.11790
-0.40678 -0.09188 -0.11313
0.42961 -0.01889 -0.01091
0.41620 -0.06895 -0.06680
-0.13769 0.05178 -0.10028
-0.13885 0.08074 -0.13158
0.01880 -0.05894 0.15310
-0.11867 0.07404 0.13301
0.26618 -0.13716 0.17234
-0.18963 -0.06408 0.16372
0.40138 0.02131 0.09434
0.27101 0.06661 0.09288
0.23760 0.07093 0.08680
0.39525 0.03660 0.05279
-0.02431 -0.00649 -0.13654
0.26589 0.06536 -0.12512
0.30832 0.06030 -0.12517
-0.29298 -0.06011 0.17876
0.21505 -0.09619 -0.15941
0.30957 -0.13123 -0.17797
-0.06552 -0.02903 0.05390
-0.41292 -0.02084 0.11425
0.40402 -0.06405 -0.10372
0.42205 -0.10297 0.03955
-0.14361 0.08689 0.07507
0.25909 -0.05287 -0.18226
-0.12875 0.05143 -0.05733
-0.32114 0.08979 0.08331
0.41968 -0.10763 0.05513
0.16358 -0.05816 -0.00066
0.22202 -0.03798 -0.18346
-0.16071 -0.06514 -0.15310
0.31173 0.03697 0.17883
0.27987 0.03740 0.17873
-0.22922 -0.08780 0.16468
-0.29218 -0.08443 0.18168
-0.05340 -0.01584 0.06734
0.18320 -0.09487 0.14480
0.30086 -0.05781 0.17609
-0.15444 0.06006 0.17040
0.27713 0.06222 0.14565
0.30141 0.05902 0.14939
0.17056 -0.06067 0.14484
-0.18704 -0.09866 -0.17434
-0.30662 -0.04045 0.15880
-0.18978 -0.06478 -0.15539
-0.18945 -0.06988 -0.15578
-0.12186 0.03042 0.05439
0.17996 -0.08803 -0.14267
0.17996 -0.09569 -0.16284
0.17996 -0.09019 -0.14753
-0.13550 0.08622 -0.05080
-0.14846 0.09848 0.08908
-0.10921 -0.00497 -0.05132
-0.14602 0.07901 -0.09574
0.22534 0.06873 0.14092
0.18391 0.07337 0.14256
0.08998 0.08128 0.15541
-0.20694 -0.06840 0.13362
-0.02130 -0.03594 -0.10347
0.19848 -0.12746 -0.16850
-0.13394 0.04811 -0.16537
0.18353 0.07424 -0.13110
0.14271 0.04073 -0.17778
-0.30798 -0.05702 0.17563
0.39707 -0.08683 -0.12698
-0.21685 -0.04474 -0.14873
0.28573 -0.10426 -0.17559
-0.41076 0.03179 0.01925
0.20905 -0.10535 0.18202
-0.14847 0.02471 0.18159
-0.09966 0.02368 0.18177
-0.08396 0.02263 0.18197
-0.04151 0.02281 0.18192
-0.28822 0.08767 -0.13867
0.28525 -0.10406 0.16468
0.26436 0.06761 -0.08849
0.23636 0.07115 -0.08510
0.21207 0.07378 -0.09256
0.27282 0.06745 0.05045
0.28150 0.06640 0.04801
0.24620 0.07076 0.04574
0.10884 0.07177 0.05526
-0.27089 -0.04916 -0.16116
-0.28016 -0.13533 0.14930
-0.13330 -0.09936 0.00997
-0.07184 -0.09936 -0.01946
0.04419 -0.09936 -0.02104
-0.16161 -0.09936 -0.02195
0.01544 -0.09936 -0.02651
-0.18546 -0.09936 0.01693
-0.07424 -0.09936 -0.02600
-0.04055 -0.09936 -0.01101
-0.05495 -0.09936 -0.01614
-0.17769 -0.09936 0.02198
-0.14657 -0.09936 -0.00204
-0.03780 -0.09936 -0.00148
-0.02873 -0.09936 -0.03068
-0.17726 -0.09936 -0.00566
-0.10260 -0.09936 -0.00644
0.05446 -0.09936 -0.02878
-0.10799 -0.09936 0.00945
0.04015 -0.09936 -0.03461
-0.17050 -0.09936 0.00439
-0.07569 -0.09936 0.00579
-0.17029 -0.09936 0.01242
-0.06049 -0.09936 -0.02874
-0.03231 -0.09936 -0.00155
-0.11574 -0.09936 0.00089
-0.14696 -0.09936 0.00642
-0.18036 -0.09936 -0.02789
-0.11414 -0.09936 -0.01056
-0.18568 -0.09936 -0.01268
0.18569 -0.10123 0.14299
-0.32975 -0.09289 0.18534
-0.31715 -0.10401 0.18637
-0.12390 0.04384 -0.04984
-0.29134 -0.03295 0.13362
-0.36179 0.04767 0.16517
-0.39939 0.05131 -0.10819
-0.30923 -0.06724 0.16256
-0.09813 -0.02005 0.07131
-0.38364 0.01073 0.16190
0.22596 -0.12432 0.17485
-0.42319 0.01044 -0.02745
-0.21255 -0.06104 -0.14748
0.05584 0.06882 0.06368
-0.39037 0.04772 -0.12417
-0.05966 -0.01159 0.13545
0.11954 -0.06323 0.02227
0.23900 -0.07737 0.18193
-0.02037 -0.01767 0.13599
-0.16522 0.00804 0.15310
-0.25156 -0.13225 -0.14347
0.42358 0.00851 0.08761
-0.18652 0.02411 -0.18163
-0.03480 -0.03840 -0.07915
-0.05571 -0.03862 -0.08633
-0.03796 -0.03843 -0.09499
-0.05606 -0.03862 -0.09240
-0.06690 -0.03873 -0.08884
-0.09585 -0.03904 -0.07577
-0.07552 -0.03882 -0.06905
-0.24866 -0.00923 0.18183
-0.25904 -0.09216 0.18407
-0.18308 -0.02184 0.01200
-0.38618 0.06588 -0.14184
-0.40950 0.06477 -0.10438
0.21052 0.07242 -0.11858
0.20191 0.07330 -0.12060
-0.11941 0.08681 0.14268
0.29927 -0.12736 0.13379
0.03227 0.04847 0.17499
0.04859 0.04825 0.17518
0.20380 -0.06840 0.15103
-0.06732 -0.05004 0.17813
-0.11468 -0.05023 0.17808
-0.02392 -0.04978 0.17821
-0.36004 0.00370 0.18050
-0.34710 0.08768 -0.02593
-0.19191 -0.09721 -0.17877
-0.19154 -0.05818 -0.14608
-0.41323 0.07041 -0.08887
-0.38583 0.07487 -0.09646
-0.40414 0.07068 -0.10114
-0.38105 0.07126 -0.13300
-0.38924 0.07030 -0.12776
-0.37169 0.07407 -0.12528
-0.36968 0.07764 -0.09980
-0.42411 -0.00808 0.06806
-0.42499 -0.03701 -0.01548
0.08936 0.07987 0.00652
0.04448 0.03014 0.09792
-0.26425 -0.00161 -0.14580
-0.26648 -0.00202 -0.13270
0.22699 0.07059 0.11674
0.21892 0.07143 0.11841
0.21715 -0.06876 0.16644
0.41400 -0.01891 -0.10432
-0.10268 0.01126 0.10345
0.19063 -0.11510 0.16934
0.06259 0.08178 0.12055
-0.10819 0.06068 -0.16311
-0.14201 0.02404 -0.06498
0.20959 -0.03549 0.13383
-0.29704 -0.00945 0.17473
-0.29859 -0.01025 0.15134
0.40705 -0.07414 0.10101
-0.31501 -0.09581 0.16893
-0.15881 0.09233 -0.07573
-0.16123 -0.01771 -0.15973
-0.16965 0.02824 -0.16509
-0.17207 0.04142 -0.15442
-0.30974 -0.05098 -0.13617
0.21808 -0.10760 -0.16147
-0.41526 -0.03629 -0.06294
0.26132 -0.07769 0.15529
0.42982 0.01001 -0.04837
-0.26214 -0.09647 0.17172
0.27733 -0.02522 -0.15196
-0.14446 0.07827 0.09542
-0.12494 0.02088 0.09562
0.31663 0.05124 -0.16377
-0.11384 -0.02309 -0.05516
-0.17322 0.06531 -0.15711
0.42206 -0.08811 -0.07188
-0.14608 -0.06195 0.03654
-0.00683 -0.06764 0.03654
0.27369 -0.10220 0.18198
0.39164 0.00839 -0.14081
0.04905 0.03709 -0.17879
0.25592 -0.02523 -0.13936
0.20421 -0.02565 0.15011
0.33333 -0.09703 0.16801
0.33333 -0.09744 0.12523
-0.37415 0.07162 -0.00000
-0.09935 -0.02279 -0.18341
-0.11263 -0.02191 -0.18349
-0.06056 -0.02099 -0.18355
0.25787 -0.13772 0.15219
-0.13510 0.09860 0.06855
-0.36628 0.08317 0.00707
-0.40953 0.07401 0.00185
-0.42706 0.07035 0.00137
-0.39493 -0.03635 0.02399
-0.22610 -0.03487 0.15381
0.21321 -0.12613 -0.13376
0.41851 -0.05103 -0.05045
-0.08502 0.00690 0.13481
-0.40474 0.07027 0.10348
-0.40413 0.06899 0.11469
-0.36707 0.07861 0.09612
-0.35816 0.07749 0.11920
-0.34163 0.08368 0.09573
-0.40491 0.07197 0.08955
0.25219 -0.09819 0.17169
-0.18704 -0.09828 -0.10803
-0.32587 -0.04754 0.13656
-0.27947 -0.13122 -0.14461
-0.19376 -0.05219 0.16041
-0.40992 -0.05042 0.11695
0.24438 -0.10695 -0.18164
0.25736 -0.13772 -0.13409
-0.15383 -0.05834 0.11656
0.12333 0.01670 -0.01532
0.12405 0.01653 0.00323
-0.41697 -0.10552 -0.04178
-0.28353 -0.02496 0.13674
0.18227 -0.08826 -0.15515
-0.12839 0.07254 0.15436
0.25128 -0.02582 0.16820
-0.30318 -0.04091 0.13362
-0.02753 -0.03356 -0.05629
-0.31800 -0.00484 -0.18424
-0.30124 0.01647 0.18279
-0.25280 0.01380 0.18315
-0.02023 0.00235 0.05460
-0.10123 -0.02634 0.10714
0.39106 0.02977 -0.09995
-0.13468 0.05083 0.08097
-0.12895 0.03398 0.08182
-0.36840 0.05682 0.16131
0.09224 0.07473 -0.07220
-0.38075 0.06829 0.08616
0.27564 -0.12601 -0.16932
-0.37438 0.02459 0.16054
-0.38921 -0.00449 -0.15799
0.28074 -0.00912 0.14368
0.16606 -0.05243 0.06346
0.33624 -0.09062 -0.17417
0.35206 0.03820 -0.14838
-0.40253 -0.10003 0.12297
0.18132 0.02030 0.18227
0.30736 -0.05077 -0.16034
0.37716 0.02446 0.13224
-0.36326 -0.07624 -0.17568
0.25600 -0.09489 -0.17172
0.40334 -0.03467 -0.12859
-0.34591 -0.08053 0.17942
0.29230 -0.14088 0.13729
-0.41429 -0.08980 0.08557
-0.29389 -0.07549 -0.16528
0.28032 -0.07682 0.16468
0.35056 0.05241 0.11673
-0.29297 -0.11529 -0.15941
0.32003 0.03308 -0.17470
-0.15343 0.12469 0.11625
-0.11378 -0.02101 -0.07738
0.20461 -0.06416 -0.16235
-0.18704 -0.09573 0.17808
-0.28446 -0.06359 0.18235
0.11954 0.04013 -0.16866
0.11954 0.03317 -0.17382
-0.15460 0.06990 -0.13453
-0.37352 -0.10417 -0.16803
-0.07886 -0.03570 0.13166
-0.13447 0.03629 -0.05227
0.10408 0.03646 -0.17568
0.04117 -0.02816 -0.17568
0.09109 0.04744 -0.17568
-0.03379 0.00094 -0.17568
-0.08434 0.04373 -0.17568
0.04014 -0.00467 -0.17568
0.09000 -0.03258 -0.17568
0.01201 -0.00024 -0.17568
0.09621 0.03215 -0.17568
0.03873 0.03457 -0.17568
0.01810 0.04554 -0.17568
0.04852 0.02254 -0.17568
0.07515 0.02841 -0.17568
0.08527 0.02460 -0.17568
0.10509 0.02470 -0.17568
0.08803 -0.02786 -0.17568
0.11397 0.01972 -0.17568
-0.03871 0.01908 -0.17568
-0.10060 0.03391 -0.17568
0.06297 -0.02418 -0.17568
-0.10842 0.04748 -0.17568
0.01684 -0.01054 -0.17568
-0.13070 0.04529 -0.17568
-0.09937 0.02477 -0.17568
0.07143 -0.00640 -0.17568
0.05384 0.00496 -0.17568
-0.13144 0.03952 -0.17568
0.10765 -0.00953 -0.17568
0.04177 0.01643 -0.17568
0.01917 -0.00365 -0.17568
0.05201 0.01319 -0.17568
-0.05431 0.01005 -0.17568
-0.02036 0.00552 -0.17568
-0.02098 0.04489 -0.17568
0.11100 -0.05347 -0.17568
-0.07215 0.04470 0.17658
-0.15541 0.04057 0.17787
-0.09449 0.04140 0.17760
-0.06153 0.04143 0.17759
0.37745 0.04969 -0.04014
-0.32194 -0.11858 -0.18327
0.03157 -0.02995 0.02208
0.04125 -0.00022 0.00655
-0.31533 -0.09483 -0.16973
-0.40624 -0.05376 -0.12494
-0.12010 0.06111 0.05545
-0.30378 0.07112 0.14074
-0.31561 0.07112 0.11220
-0.32299 0.07112 0.12375
-0.26307 -0.13772 0.15455
0.10220 -0.06067 -0.07129
0.04090 -0.06067 -0.07444
0.08958 -0.06067 -0.05368
0.02716 -0.06067 -0.10057
0.00549 -0.06067 -0.12011
0.13107 -0.06067 -0.04420
-0.00770 -0.06067 -0.09232
0.01794 -0.06067 -0.06409
0.06959 -0.06067 -0.06574
0.12764 -0.06067 -0.05539
0.00913 -0.06067 -0.09617
0.13972 -0.06067 -0.03956
0.09353 -0.06067 -0.06562
0.05645 -0.06067 -0.05516
0.01150 -0.06067 -0.11939
0.05325 -0.06067 -0.09267
0.01891 -0.06067 -0.12452
0.06297 -0.06067 -0.07838
-0.00520 -0.06067 -0.10972
0.02665 -0.06067 -0.06979
-0.00640 -0.06067 -0.04941
0.06065 -0.06067 -0.08460
0.03031 -0.06067 -0.06126
-0.17273 0.06038 -0.11382
-0.17246 0.06755 -0.13101
-0.17272 0.06073 -0.15047
-0.17257 0.06468 -0.03413
-0.17321 0.04785 -0.10089
-0.17242 0.06859 -0.05247
-0.17276 0.05966 -0.05633
-0.17214 0.07590 -0.12530
-0.17309 0.05105 0.11851
-0.17250 0.06632 -0.07260
-0.17311 0.05053 0.08206
-0.17307 0.05155 0.09565
-0.17316 0.04924 0.08791
0.11950 0.10986 0.11095
0.15179 0.09149 0.10902
-0.41540 -0.10057 0.07285
-0.23847 -0.01405 -0.18335
0.22280 -0.11617 0.17775
-0.29884 0.04309 0.17707
-0.33285 0.04093 0.17772
-0.15874 0.11893 -0.10993
0.22106 -0.05834 0.17603
-0.33333 -0.07734 0.13611
-0.16632 0.09535 -0.12106
-0.13253 0.09492 0.06231
-0.21756 -0.11569 0.15095
-0.14512 0.06985 -0.13886
0.32584 0.06057 -0.07252
0.33421 0.05961 -0.06978
-0.24786 -0.08840 -0.16828
-0.15383 -0.07765 0.11722
-0.15383 -0.07600 0.13384
-0.15383 -0.07853 0.09996
-0.11507 -0.03940 -0.06185
-0.29901 -0.03862 0.16426
0.05939 0.06146 0.10120
0.06984 0.04917 -0.07777
0.07054 0.13844 -0.11217
-0.23945 -0.09656 -0.16116
-0.27223 -0.11076 0.16116
-0.12146 0.05467 0.07934
-0.12613 0.07045 0.09091
-0.14751 0.08477 -0.12028
-0.00368 -0.04166 0.18024
0.03963 -0.04191 0.18016
0.03092 -0.04386 0.17968
-0.40834 -0.03001 0.10117
-0.10865 -0.00830 -0.13592
-0.03933 -0.01192 0.05204
0.31296 -0.06444 -0.14971
0.24219 -0.05427 -0.16116
-0.35954 -0.09228 0.17717
0.11083 0.08469 0.06256
0.28675 -0.06458 0.16468
-0.22991 -0.12746 -0.13411
-0.41341 -0.07788 -0.09444
0.36572 0.03826 -0.13219
0.40153 -0.06546 0.12376
0.31237 -0.09626 0.15447
-0.24508 -0.02879 0.16062
-0.00595 0.05967 0.16539
0.09275 0.06232 0.16312
0.11225 0.05226 0.17174
0.09476 0.06889 0.15749
0.04980 0.05329 0.17086
0.08440 0.06766 0.15855
0.04004 0.05707 0.16762
0.09386 0.05387 0.17037
0.10291 0.05321 0.17092
0.07852 0.06173 0.16362
0.07378 0.05809 0.16674
0.30178 -0.02956 -0.13459
0.27056 -0.09242 -0.16468
0.21888 -0.14177 0.18044
0.29052 -0.12183 -0.16925
-0.41875 -0.08696 0.02073
-0.41974 -0.07647 0.03590
-0.25891 -0.01323 -0.13440
-0.33937 0.07563 -0.13079
-0.15812 0.10086 -0.10686
0.08604 0.07167 -0.06373
-0.34591 -0.02945 0.17568
0.18359 0.07413 -0.11891
-0.29110 -0.02795 -0.15512
-0.23586 -0.00813 -0.12049
-0.10749 0.03098 0.05089
-0.02417 -0.00851 0.08375
0.10644 0.02002 0.02903
0.32394 -0.04752 -0.17563
-0.16402 0.12826 -0.13141
-0.26717 -0.08675 0.15499
-0.10554 0.02633 0.06207
-0.14016 0.11552 0.08252
-0.04480 -0.01013 0.12783
-0.25571 -0.09574 -0.15765
-0.18704 -0.06755 0.10532
-0.08466 -0.03891 -0.12718
-0.24838 -0.14657 -0.13551
-0.18938 -0.09211 -0.17122
-0.41500 0.01787 -0.04189
0.32287 0.02358 0.16717
-0.17402 0.10258 0.14168
0.10569 0.08906 0.12269
0.35033 0.03872 0.14994
-0.22296 -0.09936 0.02965
-0.28808 -0.09936 0.03557
-0.27557 -0.09936 0.01559
-0.30422 -0.09936 0.02882
-0.32058 -0.09936 0.03399
-0.23915 -0.09936 0.01765
-0.27408 -0.09936 0.02479
-0.19281 -0.09936 -0.03170
-0.21134 -0.09936 0.01680
-0.20243 -0.09936 -0.01825
-0.24474 -0.09936 0.03109
-0.22306 -0.09936 -0.01661
-0.13746 0.04250 -0.13437
0.21861 -0.03532 -0.16788
-0.29634 -0.02928 0.18637
-0.37964 -0.01082 -0.16839
-0.38848 0.04767 0.10054
-0.14810 0.09432 -0.05588
-0.14665 0.04440 -0.12926
0.36546 -0.11146 -0.15541
0.07109 0.06332 0.07413
-0.39755 -0.05961 -0.14073
0.24903 0.06534 -0.14707
0.20635 0.07045 -0.14562
-0.02933 0.14974 0.12282
-0.36600 -0.07974 0.17519
0.16361 -0.05809 0.10869
-0.39464 -0.02707 -0.15081
0.26861 -0.13023 0.16732
-0.04951 -0.01095 -0.09017
-0.04301 -0.00901 -0.07098
0.26733 -0.03068 -0.18193
-0.09751 -0.02760 -0.07181
-0.06857 -0.02308 -0.06895
-0.10914 -0.02928 -0.10036
-0.11189 -0.02974 -0.09507
-0.07871 -0.02464 -0.07621
0.29686 -0.01637 0.17252
-0.10791 -0.00613 0.13753
0.14545 0.10766 0.04535
0.12679 0.11887 0.04182
-0.26107 -0.02564 -0.16732
-0.40307 -0.02934 -0.13686
0.24327 -0.13617 -0.15645
-0.42292 -0.04027 -0.06872
0.18254 -0.05850 -0.16441
0.18252 -0.05888 -0.13150
-0.32959 0.07755 -0.13039
-0.31656 0.07889 -0.13956
0.36907 -0.08741 -0.15248
-0.16295 -0.07959 0.15310
0.19519 -0.03308 -0.15218
0.19032 -0.03942 -0.16036
-0.17258 0.12162 -0.11410
-0.41271 0.02432 -0.00975
-0.22792 -0.01132 0.12664
-0.22907 -0.01045 0.15126
-0.21341 -0.05921 0.17326
-0.12655 0.02455 -0.07819
-0.12884 0.02889 -0.08749
-0.31719 -0.02717 0.15511
0.18978 0.06779 0.15855
0.20332 0.06595 0.16013
-0.29950 -0.03975 -0.16732
-0.35551 -0.09772 -0.17838
-0.29911 -0.10715 0.16644
0.19821 -0.07553 -0.17226
0.13225 0.11038 -0.08515
0.10077 0.12985 -0.08216
0.26817 -0.02660 -0.14645
-0.13843 0.06764 -0.12662
-0.24976 -0.07551 -0.15765
0.15734 -0.00627 0.03163
0.19053 -0.00875 0.18416
0.40789 0.02489 -0.04276
-0.05537 -0.01612 0.12225
-0.06447 -0.01735 0.11595
-0.07713 -0.01905 0.11071
-0.06037 -0.01679 0.07268
0.38163 -0.09554 -0.14408
0.28260 -0.14802 -0.18034
-0.14870 0.07059 0.15604
0.34885 0.05367 -0.11145
-0.41447 0.01203 0.09913
0.26202 -0.12942 -0.17438
-0.27032 -0.02182 0.14604
-0.26231 -0.13772 -0.14076
0.10783 0.07859 -0.04156
-0.15454 0.07363 -0.15343
0.10679 0.02814 -0.05611
0.18182 -0.07911 0.17453
-0.41686 -0.08057 -0.07513
0.18335 0.07424 0.13101
0.42595 -0.01906 0.03995
-0.00276 0.07342 -0.15361
-0.05437 0.06382 -0.16183
-0.09612 0.06319 -0.16238
-0.09595 0.07362 -0.15343
-0.08367 0.06302 -0.16252
-0.09537 0.06815 -0.15812
-0.23572 -0.12592 0.16188
-0.11460 0.06554 0.13316
0.31269 -0.09525 -0.14831
0.30787 -0.09546 -0.16732
0.31428 0.06167 0.08392
0.33775 0.05845 0.09403
0.21360 -0.11252 0.16902
-0.19125 -0.05937 -0.16863
-0.31825 -0.09928 -0.15336
-0.12556 0.02637 0.06550
-0.07537 -0.06067 -0.14826
0.32707 0.02035 0.17426
-0.42515 -0.02918 0.04043
0.35608 0.04767 -0.12940
-0.22579 -0.11253 -0.17173
-0.01457 -0.02929 -0.09089
0.28801 -0.14765 0.15620
-0.41910 -0.02065 -0.01354
0.17538 0.07407 0.14507
0.25939 0.06381 0.15016
-0.33104 -0.09900 0.13671
-0.34957 0.07931 -0.11765
-0.32837 0.08596 -0.09757
-0.35602 0.07464 -0.14306
-0.32822 0.08334 -0.11688
-0.31903 0.08084 -0.14742
-0.30377 0.08420 -0.14339
-0.34938 0.07596 -0.14237
0.38924 -0.07607 0.13750
0.32786 0.01275 0.18014
0.25331 -0.07015 -0.15413
0.36840 0.04262 0.12189
-0.20986 -0.08680 -0.13614
-0.27277 -0.03882 0.17689
0.21310 -0.14038 0.17666
-0.37541 0.04767 -0.09020
-0.19906 -0.01646 0.18379
-0.14395 0.07647 -0.15212
-0.07237 -0.02625 0.09141
-0.06595 -0.02527 0.09245
-0.04943 -0.02274 0.08648
-0.07748 -0.02703 0.08189
-0.08130 -0.02761 0.07775
-0.07169 -0.02614 0.08148
-0.30927 -0.07346 -0.16644
-0.09593 -0.01947 0.11046
0.42825 -0.00417 -0.07789
0.30338 -0.11734 0.13362
-0.15080 0.08197 -0.07567
-0.31027 -0.01741 -0.18366
-0.00133 -0.03415 0.10905
0.29307 0.05791 -0.15696
0.26218 0.06194 -0.15583
0.21575 0.06828 -0.15350
0.25771 0.05861 -0.16469
0.28025 -0.03084 -0.15668
-0.37429 0.02106 -0.13446
-0.37336 0.02463 -0.16169
-0.37094 0.03389 -0.14734
0.09598 0.08739 -0.00599
0.23737 -0.02466 -0.14121
-0.21391 -0.10168 -0.14065
0.10986 0.06657 -0.15948
0.10458 0.04874 -0.17476
0.09838 0.04953 -0.17408
-0.04411 0.05857 -0.16633
0.06986 0.05956 -0.16548
0.08401 0.06095 -0.16430
-0.08505 0.05218 -0.17181
0.08965 0.05666 -0.16797
-0.01054 0.06198 -0.16342
0.04640 0.05078 -0.17301
0.04648 0.05688 -0.16778
0.05329 0.05871 0.07313
-0.17322 0.05411 0.15380
-0.11754 0.03349 -0.04776
0.28087 -0.05992 0.18056
0.27342 0.06426 0.12802
0.24276 0.06833 0.12205
-0.29137 -0.07582 0.16468
-0.37077 0.01819 0.16180
0.21621 -0.00971 -0.18411
0.24818 -0.02931 0.18197
-0.36850 0.04326 0.11125
-0.37327 0.02495 0.14567
-0.20984 -0.07272 0.16597
0.08642 0.02854 -0.01151
-0.31191 -0.06224 -0.18197
0.39516 -0.07199 0.12098
-0.25782 -0.06753 -0.18178
-0.21288 -0.05497 0.13362
0.07726 0.05358 -0.11338
0.24596 0.02122 0.18219
0.28541 0.01548 0.18300
-0.16317 0.09408 -0.12757
0.41438 -0.07327 -0.07442
0.34773 -0.09142 -0.16798
-0.17994 0.07863 -0.15125
-0.20864 -0.05309 -0.18637
0.30341 -0.10665 -0.13949
0.00603 -0.01564 0.08612
0.37773 0.04252 0.10243
0.27183 -0.00932 0.18188
0.09045 0.10911 0.13693
-0.36347 -0.04627 0.17721
0.38575 0.04272 -0.07470
-0.06920 -0.01076 -0.13753
0.34485 0.02723 0.14228
0.34941 0.02000 0.14127
0.40292 -0.04722 -0.12690
-0.42332 -0.03836 0.04581
-0.17595 0.07897 -0.02597
-0.17318 0.07897 0.14196
-0.09648 0.03748 0.13873
-0.33783 -0.05827 -0.14304
-0.33783 -0.05826 -0.12899
-0.16520 0.00555 -0.18401
-0.04298 0.00798 -0.18375
-0.11439 0.00584 -0.18396
0.31351 -0.12842 0.17558
-0.28428 -0.08378 0.18316
0.06120 0.04194 -0.04408
0.41831 -0.07448 -0.05828
-0.40814 -0.08248 0.11138
0.21830 -0.03817 0.18637
-0.25376 -0.00591 -0.14343
-0.33436 -0.04979 0.15233
-0.33138 -0.04254 0.17851
0.20803 -0.10374 -0.17596
-0.23081 -0.00931 -0.17781
-0.22910 -0.00994 -0.18261
-0.12663 0.07223 0.10227
0.27342 -0.08525 -0.16494
-0.36490 0.07205 0.00732
0.32061 0.05990 0.10782
0.28486 0.06435 0.10528
-0.25491 -0.08458 -0.17172
-0.41527 -0.00958 0.10766
-0.39951 0.05466 0.11451
-0.15756 0.11614 -0.09490
-0.10018 0.02594 0.14295
0.41982 -0.10850 -0.04319
-0.30484 -0.04482 -0.17498
-0.18727 -0.08137 -0.16935
-0.04395 -0.01861 0.05200
0.41239 -0.03566 0.08378
0.14871 -0.06564 0.15310
0.21058 -0.13888 -0.16020
-0.40853 0.04035 0.01627
-0.10032 0.00644 0.08015
-0.26245 -0.15434 -0.16299
0.25413 -0.00453 0.17103
-0.27636 -0.13780 -0.18637
-0.01381 -0.00377 0.01282
-0.02694 -0.03842 0.06374
0.08749 0.02769 0.11990
0.08758 0.08229 0.17959
-0.31078 -0.05319 0.15934
-0.27553 -0.02581 -0.13362
-0.14673 0.08987 -0.04992
-0.25589 -0.02192 0.15879
-0.15875 0.07932 -0.07426
0.19742 0.07420 0.10529
-0.03803 0.04294 -0.17712
-0.10606 0.04261 -0.17723
-0.09022 0.04467 -0.17659
-0.15941 0.04163 -0.17754
-0.08532 0.02022 0.05149
0.30512 -0.09169 0.16805
-0.30768 0.03634 0.17896
-0.06072 0.07811 0.15146
0.00111 0.07793 0.15154
-0.29846 -0.11623 -0.18197
0.18839 -0.04902 -0.16191
0.34357 -0.11062 0.17043
0.19376 -0.05246 0.13539
0.38978 -0.10428 0.13252
0.08110 0.04980 -0.11331
-0.38464 -0.01565 0.16333
-0.22493 -0.11742 0.15948
0.24543 -0.11164 0.17972
-0.30270 -0.03120 -0.13362
-0.35400 0.04010 0.16368
-0.21588 0.01130 -0.18341
-0.14111 0.06295 -0.09421
-0.13927 0.05676 -0.07505
0.14519 0.00573 0.04246
0.15014 0.00187 0.05695
-0.40387 -0.01316 -0.13538
0.28360 -0.10079 -0.16468
0.06706 0.06036 -0.01582
-0.33430 -0.05441 -0.14973
-0.20680 0.13934 0.11324
-0.23832 0.12127 0.11724
-0.26288 0.10392 0.12956
-0.19088 0.14913 0.10935
-0.23154 0.13264 0.09528
-0.22194 0.14555 0.07316
-0.20412 0.13909 0.11794
-0.21753 0.13521 0.10889
-0.31353 0.04815 -0.14969
-0.41084 -0.10163 0.09700
-0.06368 -0.09819 0.03654
0.07816 -0.09803 0.03654
-0.01411 -0.09513 0.03654
-0.00493 -0.09729 0.03654
-0.03618 -0.09579 0.03654
-0.40109 -0.10466 -0.12562
-0.29657 -0.11210 0.15940
0.29218 -0.12597 0.13456
-0.36436 0.07972 0.03217
-0.39584 0.07308 0.04267
-0.39218 0.07337 0.04901
-0.35972 0.08024 0.03779
-0.38363 0.07474 0.05287
-0.29415 0.08675 0.13352
0.00038 -0.00514 -0.00941
0.20466 -0.11032 0.18637
-0.40743 0.01164 0.12130
0.42557 -0.07959 -0.05116
-0.28374 -0.09931 -0.16116
-0.05857 -0.01341 -0.09986
-0.05687 -0.01307 -0.08324
0.11954 -0.09418 -0.00217
0.11416 0.11711 -0.09953
0.13172 0.10676 -0.09929
-0.16035 0.09568 -0.11128
0.23342 -0.08937 0.16116
-0.21595 0.02217 0.18198
-0.23965 0.02338 0.18175
-0.11621 0.02738 -0.05613
0.07749 0.04339 -0.10055
-0.12225 0.06336 -0.16986
0.12232 0.12161 0.00062
0.14926 0.10560 0.01256
0.15355 0.10305 0.01436
0.17051 0.09296 0.00994
0.13398 0.11468 0.01259
0.13032 0.11686 0.00202
0.08809 0.09088 0.18959
-0.08074 -0.02765 0.11318
-0.09443 -0.02964 0.08106
-0.09929 -0.03058 0.11801
-0.07983 -0.03944 0.12505
0.21926 -0.01432 0.15990
-0.41650 -0.03635 -0.03748
0.42480 -0.01189 -0.08888
-0.20755 -0.09555 -0.15614
-0.26286 -0.13357 -0.14527
-0.24785 -0.15274 0.16727
-0.06047 0.07675 -0.15201
-0.01935 0.07752 -0.15170
0.08465 0.14245 -0.06366
0.13773 0.11181 -0.05507
0.42411 -0.09767 -0.01921
0.24512 -0.05075 -0.16468
-0.10176 -0.03485 0.13102
-0.26240 -0.09951 0.15765
-0.15764 -0.09082 -0.03654
-0.16298 -0.09384 -0.03654
-0.18482 -0.09825 -0.03654
-0.12617 -0.09411 -0.03654
-0.09583 -0.09846 -0.03654
-0.31574 -0.06520 0.15570
-0.15419 0.11060 0.09715
0.19667 0.04334 -0.17701
0.20701 -0.03041 0.13614
-0.34276 -0.09742 -0.17942
0.08177 0.14572 -0.01149
0.07685 0.14864 -0.00678
0.07794 0.14799 -0.02983
0.13362 0.11489 -0.00645
0.10625 0.13116 -0.00851
0.14410 0.10866 -0.00029
0.09871 0.13565 -0.00245
0.06489 0.03586 0.02741
-0.13150 -0.08862 -0.00024
-0.09643 -0.08862 0.01610
-0.12422 -0.08862 0.02006
0.02319 -0.08862 -0.03498
-0.11550 -0.08862 0.01240
-0.07980 -0.08862 0.00865
-0.01021 -0.08862 -0.00781
-0.06860 -0.08862 -0.03597
-0.05288 -0.08862 -0.03173
0.02525 -0.08862 -0.02494
-0.02167 -0.08862 -0.03364
-0.14073 -0.08862 0.01717
-0.01188 -0.08862 -0.02755
0.04728 -0.08862 -0.02565
-0.01327 -0.08862 -0.01255
-0.12800 -0.08862 0.01036
-0.10645 -0.08862 0.00831
-0.03634 -0.08862 -0.00810
-0.08970 -0.08862 -0.02228
0.04246 -0.08862 -0.01984
-0.09917 -0.08862 0.01169
-0.04968 -0.08862 -0.01011
-0.11124 -0.08862 -0.02387
0.40413 0.02451 -0.07520
-0.42168 -0.01871 -0.05246
-0.41674 0.05759 -0.03871
-0.40786 0.04941 -0.04331
0.38701 -0.05114 -0.14463
-0.17440 0.12088 -0.09320
0.14370 -0.03180 -0.18212
-0.06509 -0.01150 -0.12898
-0.25642 -0.02185 -0.14901
0.23395 -0.11378 0.17890
-0.21564 -0.04621 0.17151
-0.21344 -0.10022 0.14811
-0.36579 -0.03444 0.17738
-0.33627 -0.05442 -0.13235
-0.33033 -0.04007 -0.14611
-0.09829 -0.06289 -0.03654
-0.03098 -0.06335 -0.03654
-0.07203 -0.06720 -0.03654
0.01529 -0.06541 -0.03654
0.23113 -0.00106 -0.18414
-0.23216 -0.00963 0.12256
-0.23577 -0.00774 0.14776
0.27738 -0.10747 0.16468
0.42009 -0.10748 0.04823
0.37572 0.01879 -0.13928
-0.17173 0.11195 -0.10647
-0.08560 -0.02189 0.05301
0.21176 0.07425 0.07604
-0.42267 -0.05507 -0.02932
-0.05962 -0.03394 0.05490
0.40455 -0.07772 0.11641
0.39962 -0.08263 0.11464
-0.31233 -0.09061 0.17871
-0.35697 -0.02314 0.18129
-0.26198 0.10122 0.13852
0.18571 -0.06691 -0.13868
-0.28967 -0.13155 -0.15793
0.08041 0.08223 0.17060
0.15780 -0.00686 0.07069
0.15349 -0.00139 0.07720
0.36702 -0.06245 -0.15955
-0.29884 -0.03336 0.15262
-0.42373 -0.04758 -0.00621
0.29509 -0.12967 0.18631
-0.13049 0.00724 0.18385
0.04095 0.00493 0.18396
-0.16321 0.00726 0.18386
-0.03720 -0.03590 -0.18141
-0.05540 -0.03886 -0.18084
-0.14498 -0.03332 -0.18193
0.04849 -0.04063 -0.18047
0.13654 0.01309 -0.18324
-0.13370 0.03347 0.17972
-0.02635 0.03215 0.18002
0.22138 -0.12227 -0.13362
-0.31352 -0.10930 0.13663
0.08603 0.02898 -0.04705
0.39309 0.03476 0.07826
0.21560 0.07424 -0.04682
0.31663 -0.08054 -0.13362
0.21550 -0.14228 -0.17101
0.25510 -0.15404 0.14402
-0.29271 0.07018 -0.15211
-0.29448 0.06519 -0.15282
0.26356 -0.10769 -0.16468
-0.41472 0.06043 -0.08099
-0.18448 -0.05637 0.17618
-0.21006 -0.07156 0.17115
0.03413 0.01857 0.18253
0.01964 0.01952 0.18241
0.08135 0.01974 0.18236
-0.05322 0.02031 0.18233
-0.12995 0.08421 0.12157
-0.09718 0.06519 0.16066
-0.07980 0.07267 0.15425
-0.03837 0.07178 0.15501
-0.06582 0.06272 0.16278
-0.04376 0.06264 0.16285
0.01887 0.07145 0.15529
-0.07402 0.01105 0.18351
0.10645 0.01009 0.18351
-0.11221 0.01238 0.18342
0.27448 0.06042 0.15609
0.21533 0.06782 0.15465
0.22091 0.06666 0.15585
0.24332 0.06398 0.15612
0.29920 0.05387 0.16466
-0.26610 -0.04323 0.18015
-0.40314 0.05639 0.02367
0.36477 -0.11111 0.15601
0.12277 0.07414 -0.15199
0.15835 -0.06737 0.07629
0.22492 -0.12849 0.16905
0.33229 0.04767 -0.10999
0.36970 0.05200 0.01224
-0.39369 -0.08417 0.14324
0.00993 0.04535 -0.17638
-0.06446 0.04497 -0.17650
-0.20943 -0.02515 0.13866
-0.20902 -0.02533 0.14963
-0.08273 -0.00012 -0.18422
-0.15170 -0.00085 -0.18427
-0.14248 0.00226 -0.18418
0.07840 0.05823 -0.08715
0.42358 -0.07480 0.03163
-0.18872 -0.07546 0.15264
0.19861 -0.08326 0.15022
-0.20838 -0.07046 0.18637
0.23763 0.02804 0.18090
-0.24208 -0.05307 0.16116
-0.11033 -0.02121 -0.11977
-0.09547 -0.01921 -0.12200
-0.10548 -0.02056 -0.09319
-0.01937 -0.05803 0.15490
0.07980 -0.05803 0.15340
0.06266 -0.05803 0.15333
0.04443 -0.05803 0.16441
0.11678 -0.05803 0.15938
0.09877 -0.05803 0.17237
0.05398 -0.05803 0.15319
0.08409 -0.05803 0.17191
-0.03426 -0.05803 0.15327
-0.23082 -0.12295 -0.14270
0.26585 -0.05491 0.16468
0.32967 0.00053 0.18073
0.43347 -0.00779 0.06489
-0.10961 0.01470 0.05052
0.29957 -0.04729 -0.16732
-0.00521 -0.00371 0.13157
0.07456 0.12626 -0.12955
0.09249 0.11372 -0.13295
0.41801 -0.01885 0.09887
-0.09627 -0.02417 0.13241
-0.41287 0.02370 0.01940
-0.31171 -0.10090 -0.16732
-0.37088 0.04767 0.15479
-0.38281 0.04767 0.11939
-0.28212 -0.10840 0.16012
0.21065 -0.05049 -0.16263
-0.38751 -0.03348 -0.16011
0.28238 -0.06673 0.16116
-0.17095 0.02692 0.18116
-0.02622 -0.00913 0.06647
-0.14314 0.08010 0.08414
0.09165 0.07192 0.02045
0.21108 -0.04267 0.13362
0.19039 0.07945 0.06499
0.18686 0.08274 0.05387
0.16976 0.09207 0.06167
0.29002 0.06412 -0.09692
0.26763 0.06673 -0.09931
-0.12302 -0.01690 -0.13149
-0.19353 -0.05082 0.14056
-0.19137 -0.05529 0.15256
-0.42345 -0.04960 -0.01336
-0.34354 0.07668 0.11538
-0.26330 -0.02517 0.17080
-0.33525 0.04283 -0.17715
0.06831 0.04138 -0.05860
0.20567 -0.12889 0.13724
0.21207 0.02522 0.18142
0.22461 0.02526 0.18143
-0.25073 -0.13633 0.16116
-0.28942 -0.03377 0.16732
-0.11740 0.05962 0.06193
-0.19637 -0.02707 -0.18266
0.22675 -0.02941 0.15370
0.17996 -0.09697 0.14080
-0.12632 -0.00403 -0.05214
0.20697 -0.03049 0.18386
-0.02257 -0.03092 0.05411
-0.12963 -0.00866 -0.12981
0.35050 0.01787 0.16567
-0.16032 0.07545 -0.07919
0.25009 -0.13357 0.16122
0.20972 -0.10641 0.14718
-0.14082 0.04895 -0.16141
-0.20542 -0.08236 0.14254
0.27149 -0.05911 0.16116
-0.16937 -0.08862 -0.09647
-0.17000 -0.08862 -0.14013
-0.16785 -0.08862 -0.13271
-0.18416 -0.08862 -0.14978
-0.15604 -0.08862 -0.07348
-0.37497 -0.07158 0.16788
0.08019 0.03651 0.01191
-0.21301 -0.13471 0.16691
0.22171 -0.00958 0.18412
-0.31111 0.07964 0.15034
-0.22815 -0.12044 0.16844
-0.32555 0.07397 0.08880
-0.19223 -0.06851 0.03432
-0.22665 -0.03961 -0.16780
-0.11135 0.04328 0.06066
0.17467 0.00791 -0.17568
0.13369 0.04083 -0.17568
0.15073 0.02699 -0.17568
0.14642 0.03471 -0.17568
-0.34678 0.08457 0.02682
-0.09513 -0.00026 0.06461
0.25221 0.06938 0.08038
0.24593 0.07019 0.07898
0.43338 0.00697 -0.01174
0.09417 0.04735 -0.11486
0.28659 -0.14827 0.14530
0.06160 0.08966 0.07019
0.21849 -0.11782 -0.17567
-0.42077 0.05922 0.02119
-0.21121 -0.12391 -0.18477
0.32745 -0.05444 0.15153
-0.21987 -0.04761 -0.13985
0.34332 0.00772 -0.17535
0.26739 -0.02231 0.16023
-0.33536 -0.09525 0.17949
-0.31827 -0.13007 0.17656
-0.34874 0.03353 0.17965
0.20082 -0.06183 -0.18637
-0.35915 0.04102 -0.16180
0.40725 -0.05434 0.09710
0.22630 -0.03487 -0.15384
-0.20522 -0.07933 -0.16812
-0.28306 -0.02923 -0.17200
-0.37335 0.07112 -0.08131
-0.38263 0.07112 -0.06565
-0.36510 0.07112 -0.05635
-0.37149 0.07112 -0.02817
-0.28735 -0.05687 -0.16468
0.26427 0.06846 -0.05587
0.33060 0.06028 -0.05608
0.32143 -0.03742 0.12515
0.31111 -0.02398 0.13682
-0.02473 -0.01844 0.05242
0.31489 -0.07998 -0.16149
-0.19408 -0.10765 0.14617
0.33724 0.04031 -0.16120
-0.09039 0.00978 0.14226
-0.13717 0.10388 0.12259
0.07705 0.05722 -0.06949
-0.28809 -0.08126 0.16468
-0.16087 -0.05803 0.05278
0.36008 -0.03745 -0.16722
0.23504 -0.12948 -0.18637
0.16848 -0.03694 -0.03939
0.16747 -0.02966 -0.03873
0.16852 -0.03722 -0.11825
0.07127 -0.01003 0.18415
-0.01399 -0.01374 0.18409
-0.04154 -0.01050 0.18419
0.06174 -0.01353 0.18406
-0.41008 -0.05378 -0.11518
-0.36866 0.04767 -0.10600
-0.32154 -0.08339 0.14064
-0.11673 -0.00127 0.11093
-0.11932 0.00577 0.10681
-0.11117 -0.01657 0.11853
0.33750 -0.02764 -0.17824
-0.36490 0.07798 -0.01457
-0.14286 0.06893 -0.10483
-0.03924 -0.01891 0.17568
-0.04884 -0.05616 0.17568
0.11167 -0.04557 0.17568
0.01117 -0.02666 0.17568
0.02816 -0.01854 0.17568
-0.06291 -0.02775 0.17568
0.01436 -0.00530 0.17568
0.00317 -0.04408 0.17568
-0.08518 -0.03888 0.17568
0.11713 -0.04211 0.17568
0.10848 -0.05658 0.17568
-0.06072 -0.05486 0.17568
-0.00089 -0.03161 0.17568
0.05247 -0.05792 0.17568
-0.04885 -0.02582 0.17568
0.05567 -0.01276 0.17568
0.05862 -0.02442 0.17568
0.09465 0.02037 0.17568
0.05387 0.00336 0.17568
0.02948 -0.02495 0.17568
0.03983 -0.01541 0.17568
0.03056 -0.05107 0.17568
-0.03237 -0.04663 0.17568
0.08420 0.03400 0.17568
-0.07802 -0.04481 0.17568
0.09400 -0.03676 0.17568
0.04449 -0.00093 0.17568
0.11657 -0.05128 0.17568
-0.08966 -0.05280 0.17568
-0.03316 -0.05490 0.17568
0.11175 -0.00305 0.17568
0.09135 -0.02397 0.17568
0.09016 -0.00409 0.17568
0.08003 0.01079 0.17568
-0.07109 -0.04632 0.17568
0.05042 -0.03294 0.17568
-0.03367 -0.00111 0.05938
-0.16625 -0.01571 -0.18400
-0.25012 -0.05146 -0.16116
-0.03755 -0.00772 -0.10594
-0.33376 -0.02931 0.18245
0.39095 0.00762 0.14247
0.13129 0.09517 0.12735
0.10132 0.11424 0.12498
0.26390 -0.13820 0.13362
-0.07666 -0.01981 0.03476
-0.40781 -0.07044 -0.11498
-0.40787 -0.03111 0.12677
0.30699 -0.05254 -0.18637
-0.29151 -0.01134 -0.14161
0.29971 -0.04521 0.18637
0.12388 0.01657 -0.09450
0.12561 0.01618 -0.11553
0.38221 -0.03485 -0.15140
-0.00942 -0.00684 0.06566
-0.36867 0.08222 0.04497
-0.39886 0.07451 0.07134
-0.36307 0.08083 0.08252
-0.35805 0.08194 0.08073
-0.33939 0.08752 0.05201
-0.36248 0.08245 0.05980
-0.35297 0.08464 0.05508
-0.34118 0.08633 0.06458
-0.22469 0.09111 -0.14626
-0.17155 0.12637 -0.13217
-0.23689 0.10198 -0.14192
-0.23247 0.09139 -0.14615
-0.24682 0.08996 -0.14673
-0.18136 0.10790 -0.13955
-0.19733 0.12233 -0.13378
-0.20184 0.08279 -0.14959
-0.16801 0.01879 -0.18259
-0.24462 -0.13476 -0.16457
-0.35166 0.05115 -0.13228
-0.10025 -0.00850 -0.13352
0.32507 -0.11093 0.15307
-0.39591 -0.07558 -0.14002
-0.36152 -0.00274 0.17992
0.10003 0.08208 -0.03375
0.26172 -0.02578 0.16637
0.33333 -0.07531 0.16117
-0.23916 0.08335 0.14936
0.42950 0.01074 0.03012
-0.21848 -0.11706 -0.17010
0.39492 -0.09296 -0.12908
0.21457 -0.11984 -0.14481
0.31803 0.03766 0.16180
0.21017 -0.04451 -0.15318
0.30128 -0.14022 0.16131
-0.42203 -0.01871 -0.05890
-0.21068 -0.02747 -0.17791
-0.10975 -0.01928 0.08113
-0.23063 -0.09607 0.16116
-0.11629 0.03211 0.05280
0.38067 -0.08813 -0.14095
-0.20506 -0.00913 0.18413
0.11766 -0.06851 -0.01515
0.13901 -0.06851 -0.01939
0.11565 -0.06851 0.02306
0.11691 -0.06851 0.01042
-0.24299 -0.15149 -0.17135
0.19753 -0.10916 0.18579
-0.10877 -0.01219 -0.06441
-0.05832 0.00029 -0.05917
0.11954 -0.06016 -0.17933
-0.01808 -0.00728 0.11832
-0.12964 -0.05662 0.17611
-0.14939 -0.05702 0.17599
-0.15394 -0.05205 0.17752
0.00509 0.01832 0.00439
0.29561 0.06053 -0.14106
0.23916 -0.11317 -0.16595
-0.09269 -0.03412 0.05601
-0.32438 0.08869 -0.08413
0.08006 0.12331 0.12995
-0.26596 -0.11395 -0.16468
0.32598 0.06095 0.01030
0.23549 0.07212 0.03427
0.33780 0.05949 0.02100
0.29474 0.06481 0.03503
0.27439 0.06732 0.02395
0.28721 0.06573 0.02587
0.30016 0.06414 0.02007
0.31172 -0.06477 -0.13362
-0.12490 0.08044 0.12991
0.00602 -0.02269 0.06334
0.38167 -0.10916 0.14048
0.24833 -0.12890 -0.17056
-0.35568 0.08161 -0.02195
-0.02876 -0.00150 -0.13595
0.04323 0.15398 -0.11377
-0.27498 -0.15223 -0.17940
-0.16299 0.10337 -0.14136
0.19691 0.03216 -0.18000
0.23948 -0.02829 -0.17387
-0.07305 -0.03052 0.13389
-0.41402 -0.00632 -0.11134
-0.23981 0.11036 -0.13857
-0.28525 -0.00491 -0.12535
-0.29577 -0.00893 -0.17397
0.37249 0.04456 -0.11028
0.37591 -0.09858 0.14868
-0.12469 -0.00879 -0.05472
0.18264 -0.09375 0.15727
-0.40856 -0.02468 -0.12546
0.05179 0.04409 0.06911
0.40615 0.02429 -0.06682
-0.33394 -0.00980 0.18413
0.16515 -0.02040 -0.09802
0.16576 -0.02181 -0.08843
0.16541 -0.02100 -0.04783
0.25150 -0.15434 0.16321
-0.23985 -0.02639 0.13671
-0.21529 -0.02218 0.16536
0.04786 0.03395 0.17956
0.06977 0.03690 0.17883
0.11793 0.03445 0.17943
0.24957 -0.14404 0.13384
-0.38227 -0.07792 0.15975
-0.18647 -0.02264 -0.03654
0.33911 0.05902 0.06946
0.25411 0.06942 0.07085
0.36415 0.05316 0.06317
0.11954 -0.07823 -0.01968
0.11954 -0.06936 -0.03281
0.10641 0.12770 -0.07555
0.09428 0.13558 -0.07186
0.07365 0.14661 -0.07868
-0.31201 0.07112 -0.14172
-0.29556 0.07112 -0.14572
-0.32634 0.07112 -0.12284
-0.15244 0.11031 0.07067
-0.35557 -0.07093 -0.17836
-0.25200 -0.07155 -0.18399
0.27340 -0.07204 -0.18334
-0.11001 -0.00821 -0.14392
-0.18847 -0.07735 -0.15017
-0.18926 -0.07132 -0.12618
-0.19652 -0.04434 -0.12872
-0.19283 -0.05341 -0.12609
-0.38808 0.01276 0.15481
-0.20610 -0.07016 0.14276
0.31760 -0.12306 0.16221
-0.36328 -0.00524 -0.17912
-0.31226 -0.04727 -0.14920
0.29234 -0.01037 -0.16559
-0.38583 -0.04705 -0.16018
0.21297 -0.03872 -0.13362
0.41722 -0.05315 0.06131
-0.21587 -0.09426 -0.16980
-0.36797 0.01910 0.16871
0.24612 -0.02229 -0.15295
-0.35961 0.08469 0.00074
-0.10213 -0.05573 -0.17639
-0.12561 -0.05744 -0.17586
0.37233 0.03640 -0.12457
0.21874 -0.07434 0.16028
-0.31678 -0.10708 -0.13362
-0.30504 0.09152 -0.07145
-0.31450 0.09104 -0.07635
-0.31682 0.09092 -0.02223
-0.31082 0.09123 -0.06997
-0.29647 0.09196 -0.02655
-0.29310 0.09214 -0.08463
-0.31181 0.09117 -0.04138
-0.29900 0.09183 -0.09658
-0.30269 0.09164 -0.05904
-0.05499 -0.01259 -0.09613
0.32098 -0.11651 -0.17721
0.25498 -0.14316 0.18624
-0.05704 -0.01883 0.02165
0.09505 0.07521 -0.03416
-0.22462 0.15030 0.04611
0.07717 0.05301 -0.00405
0.23969 -0.12896 0.16732
-0.38555 -0.07236 -0.15604
-0.09583 0.00853 0.12894
0.14461 -0.06067 0.09736
0.14680 -0.06067 0.07391
0.12411 -0.06067 0.04628
0.14053 -0.06067 0.05984
0.16206 -0.06067 0.13993
0.15126 -0.06067 0.11832
0.35804 0.05547 0.01530
-0.31722 0.08132 -0.11815
-0.36221 0.07480 -0.10180
-0.33497 0.07996 -0.10190
-0.33138 0.08118 -0.09750
-0.32856 0.08021 -0.10971
0.33402 0.05974 0.06396
0.32365 0.06111 0.05785
-0.25730 -0.10141 -0.16468
-0.29005 -0.03211 -0.16585
-0.31603 -0.09266 -0.14996
-0.27670 -0.02262 -0.14076
0.09387 0.02348 0.03345
0.08536 0.06872 0.08755
0.33903 0.05933 -0.04101
0.34575 0.05849 -0.04380
0.28104 -0.08316 0.16468
0.19706 0.07594 -0.06072
-0.26296 -0.15364 0.17735
-0.18731 -0.04239 0.18002
0.24718 -0.00075 0.18413
0.29713 -0.05031 -0.17069
-0.18966 -0.05449 0.17633
-0.14630 0.08584 0.11660
-0.26170 -0.02537 -0.13394
0.20881 0.07073 -0.14016
0.26454 0.06401 -0.14253
0.25496 -0.06824 0.17172
0.20723 -0.08801 -0.18038
0.28953 0.06353 0.10980
0.31230 0.06043 0.11612
0.39355 -0.04857 -0.13813
0.14496 0.03307 0.17977
0.27568 -0.10917 -0.16116
-0.31933 -0.03276 0.18014
0.06002 0.06558 0.12372
-0.19006 -0.06997 0.12020
-0.21660 0.15434 -0.04143
-0.21229 0.15434 -0.05924
0.27829 -0.03453 0.17273
-0.10467 0.02293 -0.13792
-0.11618 0.00349 -0.10160
0.09054 0.04848 -0.09438
-0.35312 0.08512 0.01057
-0.11152 -0.01525 0.06998
-0.12599 0.02658 0.07281
-0.33481 0.04767 0.15541
0.07802 0.06677 -0.07096
0.42503 -0.09513 -0.03658
0.21195 -0.04888 0.17388
-0.31638 -0.02261 0.15275
-0.31360 -0.05920 0.16877
-0.14434 0.09855 0.10764
0.16555 -0.05360 -0.13293
-0.24135 -0.10159 -0.16468
-0.41313 0.02272 -0.02355
0.20041 -0.09470 -0.14607
0.33075 -0.05829 -0.16438
0.33193 -0.06729 -0.13537
0.19398 0.07348 0.12957
0.21223 0.07173 0.12494
0.36086 -0.08785 -0.16206
-0.41649 -0.10572 -0.05703
0.30356 -0.00904 0.18425
-0.03675 -0.03329 0.18190
0.00399 -0.03275 0.18199
-0.07548 -0.03419 0.18174
0.38195 0.00897 -0.14965
0.38382 -0.06925 -0.14410
0.05842 0.07562 0.12525
0.14453 0.00625 -0.06961
0.14695 0.00436 -0.08159
-0.30819 0.08880 -0.10890
0.09436 0.09842 0.09437
-0.08454 0.15351 -0.12132
0.11782 0.01796 0.04769
0.11442 0.01874 0.11859
0.11521 0.01856 0.03694
-0.03784 0.04956 -0.17406
-0.12049 0.04865 -0.17483
0.08893 0.07830 -0.15139
-0.26015 -0.13045 -0.16732
0.25435 0.01547 -0.18298
-0.15563 0.11024 -0.09933
0.12959 -0.04847 0.17852
-0.09239 -0.01483 -0.18406
0.04384 -0.01485 -0.18399
-0.02267 -0.01420 -0.18408
0.09177 0.09094 -0.17579
0.00976 -0.06851 -0.01202
0.07589 -0.06851 -0.00299
-0.01062 -0.06851 -0.00475
-0.14462 -0.06851 -0.03344
0.09756 -0.06851 0.00783
0.00232 -0.06851 -0.00196
-0.00757 -0.06851 -0.02457
-0.01434 -0.06851 0.00370
-0.02138 -0.06851 -0.00598
-0.12213 -0.06851 -0.03111
0.02500 -0.06851 -0.02232
0.02449 -0.06851 0.00885
0.08422 -0.06851 -0.01026
-0.02297 -0.06851 -0.01167
-0.05797 -0.06851 -0.03523
-0.02134 -0.06851 -0.01706
0.09054 -0.06851 0.00031
0.01787 -0.06851 -0.02759
0.08444 -0.06851 -0.02696
-0.10516 -0.06851 -0.03267
0.10198 -0.06851 -0.02501
-0.06638 -0.06851 -0.01487
0.19110 -0.04326 0.15815
-0.40925 0.03759 -0.01608
0.11058 0.07595 0.11174
0.30793 -0.13398 -0.16706
0.27924 -0.07840 -0.18295
-0.04849 -0.02961 0.13477
-0.20984 -0.05704 0.13919
0.33197 -0.01571 -0.18053
0.18060 -0.06148 0.12020
0.20944 0.07413 -0.01353
-0.42085 -0.03125 -0.08202
-0.02167 -0.00797 0.09250
-0.03322 -0.01071 -0.18418
-0.11522 -0.01214 -0.18418
-0.10836 -0.00969 -0.18425
0.08301 0.09354 -0.15425
-0.16331 0.05831 0.16050
-0.32103 -0.09073 0.16375
0.13411 0.08168 0.09552
0.42055 -0.07286 0.07201
0.14127 -0.06067 -0.00845
0.14350 -0.06067 -0.02768
0.16206 -0.06067 0.00706
0.15598 -0.06067 -0.03369
-0.23993 -0.03083 0.16836
-0.18704 -0.05938 -0.03718
-0.18704 -0.05936 -0.10821
-0.27086 -0.02034 -0.18637
0.15866 -0.00796 -0.09182
0.15331 -0.00116 -0.04747
0.08673 0.07436 0.13761
0.08795 0.08571 -0.04478
-0.34016 0.01434 -0.18307
-0.39777 -0.01337 -0.14605
0.28525 -0.02848 -0.18223
-0.25822 0.09447 0.14492
0.25199 -0.00480 -0.17258
0.05234 0.05926 0.08811
-0.14143 0.07043 0.15617
-0.32777 -0.11785 0.16909
0.03533 -0.07011 -0.17942
-0.16073 -0.09449 -0.17942
-0.03194 -0.06246 -0.17942
0.02952 -0.06969 -0.17942
0.11181 -0.06617 -0.17942
0.13151 -0.05817 -0.17942
0.12293 -0.06504 -0.17942
-0.15419 -0.10501 -0.17942
-0.04403 -0.07895 -0.17942
-0.14319 -0.05867 -0.17942
0.02341 -0.07941 -0.17942
-0.08598 -0.09110 -0.17942
-0.03959 -0.06208 -0.17942
0.00971 -0.06647 -0.17942
-0.08848 -0.06836 -0.17942
-0.05705 -0.06099 -0.17942
-0.13042 -0.06346 -0.17942
-0.04909 -0.07133 -0.17942
-0.12481 -0.06495 -0.17942
-0.17430 -0.08164 -0.17942
-0.14941 -0.06725 -0.17942
-0.16785 -0.10769 -0.17942
-0.00899 -0.06565 -0.17942
-0.12833 -0.08630 -0.17942
-0.03333 -0.07785 -0.17942
-0.02150 -0.06620 -0.17942
-0.42377 -0.02180 -0.03948
-0.38286 0.02928 0.09557
-0.27819 -0.02731 0.14151
-0.01446 -0.00248 0.02248
0.24716 -0.13572 0.13362
-0.05549 -0.00138 -0.13071
0.01201 0.00275 0.00785
-0.31591 -0.09303 0.14246
-0.00180 -0.07052 -0.03654
0.02144 -0.07222 -0.03654
-0.00008 -0.07597 -0.03654
-0.08718 -0.07871 -0.03654
-0.03135 -0.07093 -0.03654
-0.08481 -0.07108 -0.03654
0.39860 -0.02456 -0.13476
0.30193 -0.11673 0.18411
-0.31296 -0.08744 -0.17246
0.31040 0.02550 -0.18143
-0.11859 -0.03412 -0.09167
0.27952 -0.13336 0.18031
0.00716 0.07588 0.15235
0.32166 -0.04214 -0.16878
-0.03500 -0.02336 -0.13646
-0.35852 -0.03916 0.17908
0.19778 -0.07709 -0.18637
-0.11832 -0.01974 -0.10733
-0.01600 -0.00195 0.05212
-0.30565 -0.11977 0.16631
-0.15681 0.08044 -0.11012
0.27029 -0.13182 0.15984
0.24387 -0.05892 0.18268
-0.11582 -0.06067 -0.09375
-0.05033 -0.06067 -0.12029
-0.09752 -0.06067 -0.13061
-0.04286 -0.06067 -0.14560
-0.07066 -0.06067 -0.10644
-0.08317 -0.06067 -0.12766
-0.11046 -0.06067 -0.08588
-0.10787 -0.06067 -0.06885
-0.12620 -0.06067 -0.08424
-0.05409 -0.06067 -0.11657
-0.12206 -0.06067 -0.09454
-0.09200 -0.06067 -0.14054
-0.13294 -0.06067 -0.05468
-0.08877 -0.06067 -0.11932
-0.05921 -0.06067 -0.14196
-0.07625 -0.06067 -0.10145
-0.14116 0.09087 0.10064
-0.09517 -0.00546 0.08142
0.25978 -0.02135 -0.14191
-0.23907 -0.06829 0.16468
-0.41677 -0.06693 -0.08354
0.15389 0.02413 -0.18161
0.26438 -0.07698 -0.16564
0.20246 -0.07832 -0.14359
0.17343 0.07399 -0.14752
-0.42512 -0.03042 -0.04055
-0.40315 0.06050 -0.02375
0.07823 0.06952 0.08073
-0.11237 0.01597 -0.04733
-0.10961 0.02503 0.06568
-0.13558 0.01236 -0.13487
0.06194 0.06850 0.10469
-0.11040 0.02652 0.11846
-0.11446 0.03422 0.08160
0.30554 -0.06998 -0.17589
-0.20388 -0.01913 -0.18354
0.21041 0.07416 -0.05491
-0.34633 0.08236 -0.04443
-0.34013 0.08321 -0.04946
-0.33629 0.08227 -0.07564
0.35065 0.01804 -0.12987
-0.11857 -0.03371 -0.07027
-0.11843 -0.02666 -0.12379
0.28118 -0.12771 -0.16881
-0.38323 0.07640 0.00572
0.40026 -0.10731 -0.11575
-0.11600 0.03855 0.09748
-0.11680 0.04090 0.08571
-0.05906 -0.02388 0.05283
0.20461 -0.05357 -0.14248
0.20338 -0.09038 -0.16770
-0.37863 0.03233 0.10860
0.11890 -0.05969 0.03654
0.30866 -0.10613 -0.16077
0.20874 -0.02234 0.14398
-0.33564 -0.09953 0.16421
-0.34642 -0.01402 -0.18402
0.35547 -0.07305 -0.16591
-0.16550 -0.01625 -0.15310
-0.17164 0.03173 -0.15310
-0.15980 -0.02711 -0.15310
-0.17371 0.01566 -0.15310
-0.17120 -0.04031 -0.15310
-0.24683 -0.11844 0.17513
0.15931 0.04194 0.17742
-0.07948 -0.01652 0.13434
0.03778 0.02353 -0.18175
-0.02659 0.02548 -0.18140
-0.13650 0.02217 -0.18208
0.30368 -0.04520 0.16155
0.13659 0.01124 0.02437
-0.22063 -0.11278 -0.14057
0.21591 -0.10417 0.16228
0.30894 0.06302 0.04708
0.30832 0.06312 0.04126
0.10537 -0.02667 -0.18281
0.03274 -0.02656 -0.18286
-0.00504 -0.02506 -0.18308
-0.27673 -0.15337 -0.16951
0.16433 -0.05643 -0.08760
0.42307 -0.07954 0.06950
-0.08936 0.03588 -0.17911
-0.16229 0.03560 -0.17920
0.03398 0.03082 -0.18034
-0.00601 0.03174 -0.18012
-0.20998 -0.05675 -0.13485
0.29378 -0.11878 -0.13440
-0.15278 0.14259 -0.12568
-0.03281 -0.02102 0.13594
0.29145 -0.07823 0.17952
0.30235 -0.05011 0.16466
-0.21929 -0.11067 0.14686
-0.11417 0.07205 0.14152
-0.41053 0.03154 0.04968
-0.21552 -0.00219 -0.18417
-0.36432 -0.09484 0.17598
0.07276 -0.06067 -0.10963
0.11807 -0.06067 -0.11554
0.05252 -0.06067 -0.12836
0.13496 -0.06067 -0.07985
0.10603 -0.06067 -0.13762
0.11276 -0.06067 -0.08205
0.09987 -0.06067 -0.12414
0.14367 -0.06067 -0.06796
0.09369 -0.06067 -0.12420
0.10719 -0.06067 -0.09161
0.11090 -0.06067 -0.11560
0.07247 -0.06067 -0.12675
0.08564 -0.06067 -0.10393
0.09175 -0.06067 -0.13330
0.12567 -0.06067 -0.10727
0.06202 -0.06067 -0.10962
-0.11070 0.00884 0.05148
-0.17378 -0.01986 0.01973
-0.17157 -0.01986 0.02741
-0.24629 -0.09860 0.16116
0.39632 -0.06332 0.13147
-0.25017 -0.02683 0.16018
0.31442 -0.08744 0.16736
-0.12248 0.01791 0.13402
-0.23482 0.10688 -0.13996
-0.10734 0.15308 -0.12148
0.30410 -0.10557 0.18524
-0.30806 -0.12022 0.13362
-0.03414 -0.01915 0.18368
-0.08025 -0.01979 0.18365
0.41573 -0.10943 0.07502
-0.26730 0.06852 0.16107
-0.29032 0.05426 0.17106
-0.28880 0.07681 0.15527
-0.28798 0.08282 0.15106
-0.27975 0.07154 0.15895
-0.26713 0.05298 0.17196
-0.25041 0.06619 0.16271
-0.31654 0.06599 0.16284
-0.32301 0.05747 0.16881
-0.20471 0.04986 0.17414
-0.41577 -0.01871 0.08643
0.34911 0.04911 0.13764
0.09874 0.02174 -0.12848
0.20904 0.07155 -0.13144
0.24068 0.06788 -0.13073
0.08545 0.04969 -0.14345
-0.10447 0.01895 0.12720
-0.10437 -0.02447 0.09159
0.12356 0.09170 0.10747
0.10876 0.09170 0.10025
0.10721 0.01993 0.11259
-0.33094 0.08245 0.08794
-0.34379 0.07963 0.09100
-0.30412 0.08237 0.12978
-0.32744 0.08103 0.10477
-0.08665 -0.01711 0.04695
0.10246 0.09755 0.10801
-0.09601 -0.00349 0.11445
0.23497 -0.07132 -0.16116
0.37863 -0.05383 0.15186
-0.12068 -0.04424 0.17963
-0.05854 -0.04407 0.17966
-0.41684 -0.02211 0.00262
-0.32135 -0.08627 -0.15266
0.33851 -0.08447 0.17467
0.26529 -0.00233 0.16673
0.26256 -0.00197 0.16182
-0.27589 -0.09663 -0.16068
-0.27685 -0.08843 0.15528
-0.09702 0.02091 0.05832
-0.29653 -0.03168 -0.14664
0.18484 -0.06986 0.13907
-0.19006 -0.05710 -0.17503
0.37283 -0.09193 0.15262
0.29139 0.06428 -0.08933
0.29753 0.06365 -0.08599
0.21136 -0.11675 -0.14805
-0.10717 -0.00287 -0.12725
0.18070 -0.08769 0.14641
0.18054 -0.09015 0.12588
-0.04537 -0.01905 0.13645
0.08491 0.03023 -0.07447
0.16628 0.08899 0.08965
0.13737 0.10701 0.08638
-0.26592 -0.08841 -0.15413
0.21115 -0.12622 -0.18598
-0.20961 -0.08295 0.15999
-0.30598 -0.09631 0.16644
-0.25909 -0.00219 0.15182
-0.25014 -0.00319 0.16664
0.19928 -0.00381 -0.18254
0.08547 0.02960 0.04314
0.08126 0.03432 0.14723
-0.18263 -0.02426 0.00425
0.20453 -0.09391 -0.15164
0.28008 0.06606 -0.07754
0.24576 0.07014 -0.08124
0.29606 -0.11663 0.16852
0.33927 -0.07734 -0.17461
-0.23380 0.13278 -0.09151
-0.24771 0.12669 -0.08796
-0.21825 0.14457 -0.08144
-0.29843 0.09979 -0.08826
-0.19814 0.14815 -0.10129
-0.22344 0.14239 -0.07985
-0.26947 0.11282 -0.09466
-0.22852 0.13228 -0.10080
-0.21314 0.14732 -0.08129
0.22698 -0.06008 0.17645
-0.01954 0.06319 0.16237
0.27809 -0.02552 0.14608
0.26004 -0.04623 0.16116
-0.04775 -0.01470 0.10106
0.26521 -0.13312 -0.13524
0.34649 0.04905 -0.14153
0.21248 -0.13463 -0.18316
-0.23282 0.02896 -0.18070
-0.25025 0.02780 -0.18092
-0.10509 -0.01173 0.05572
0.28975 -0.12773 -0.16025
0.14855 -0.05559 0.17568
0.14207 -0.05560 0.17568
-0.03897 -0.03862 0.12276
-0.08538 -0.03911 0.12301
-0.04271 -0.03866 0.10186
-0.01190 -0.03834 0.10978
-0.01492 -0.03837 0.07313
-0.01993 -0.03842 0.10958
-0.02638 -0.03849 0.10475
0.35756 -0.02410 0.16877
-0.16587 0.09798 -0.08328
-0.38564 0.07594 -0.00760
0.35508 -0.08497 0.16574
-0.08154 -0.00410 0.05359
-0.21286 -0.04776 -0.13362
-0.07650 0.01553 0.18299
-0.15657 0.01786 0.18271
-0.01307 0.01548 0.18297
0.08002 0.10181 -0.18570
-0.27791 -0.00342 0.14494
-0.27619 -0.00296 0.17032
0.11080 0.02216 -0.05035
0.24971 -0.13354 0.17810
-0.41345 0.05788 -0.07154
0.30759 0.04501 0.17650
0.28738 0.04682 0.17594
0.18083 -0.08554 -0.13493
-0.32672 -0.08916 -0.18622
0.10951 0.05128 0.15310
-0.11839 -0.02487 -0.08934
-0.22729 -0.07590 -0.16116
0.19576 0.07424 0.11350
0.24610 -0.08042 0.15413
-0.17740 0.15168 0.12204
0.05957 0.06778 0.12904
-0.09550 -0.01616 -0.05553
0.06854 0.05425 -0.07130
-0.42500 -0.03654 0.01647
-0.42441 -0.04253 -0.00724
-0.17352 -0.01350 0.18411
0.02175 -0.06067 -0.15229
-0.12002 -0.06067 -0.15161
0.23553 -0.02437 -0.18637
0.33333 -0.09899 -0.16914
0.19513 0.02553 -0.18135
-0.13184 0.04608 0.12847
-0.40611 0.06417 0.10948
-0.39500 0.05883 0.12455
-0.29887 -0.12413 -0.18637
-0.37036 0.05268 -0.10830
0.03746 -0.02337 0.18329
0.06127 -0.02478 0.18309
-0.02259 -0.02679 0.18286
0.26315 -0.12936 0.16803
-0.26754 -0.02565 -0.15645
-0.34171 0.08266 0.04188
-0.17028 0.09703 -0.14390
-0.11410 -0.00139 -0.09927
-0.15383 -0.06995 -0.00605
-0.15383 -0.07435 0.00608
-0.41327 -0.05741 -0.10386
-0.20946 -0.07470 -0.15970
0.11954 0.05008 0.15801
0.20471 -0.05764 -0.13362
-0.27216 -0.07613 0.17172
0.16854 -0.03738 -0.00728
0.22929 -0.03311 0.16732
-0.13875 0.08058 -0.14118
0.16759 -0.04439 0.01870
-0.24786 -0.13130 -0.16780
-0.30598 0.11113 -0.00537
-0.25831 0.13796 -0.00188
-0.29197 0.11967 -0.00128
-0.32807 0.09939 -0.00374
-0.02288 -0.01165 0.13612
-0.31187 -0.10414 0.15695
-0.22171 -0.12010 0.13936
0.41200 0.02107 -0.02965
0.39739 0.03509 -0.03565
0.00004 -0.02202 0.06180
-0.21418 -0.05758 0.15699
0.31654 -0.07376 -0.18637
-0.14203 0.12043 0.07890
0.38333 -0.07474 0.14405
0.06762 0.05859 -0.02576
0.29311 -0.14252 -0.18037
-0.14263 0.08621 -0.13112
0.18382 0.08164 0.07578
0.10193 0.13152 0.06911
0.10792 0.12813 0.06819
0.07983 0.06119 -0.09752
0.21807 -0.11172 -0.17521
-0.20054 -0.08317 -0.18629
-0.27102 -0.05212 0.16468
-0.33612 0.05734 -0.16850
-0.33487 0.06954 -0.15284
0.36598 0.05311 -0.00581
-0.09154 0.01679 0.04938
-0.40530 0.04579 -0.06889
-0.27365 -0.11516 -0.16116
-0.30781 0.07554 -0.12133
0.19842 -0.08036 -0.14968
-0.07234 -0.01787 0.12605
-0.30620 0.09110 0.10205
-0.33124 -0.10721 -0.17994
-0.09675 -0.02170 0.06496
-0.07042 -0.01815 0.07206
-0.09256 -0.02114 0.08873
-0.08092 -0.01957 0.08664
0.33333 -0.07890 -0.13519
-0.28410 -0.15148 0.17094
-0.42542 -0.01768 -0.00421
-0.42542 -0.01693 -0.01144
0.11954 -0.01425 0.16733
0.11954 0.02653 0.17484
0.11954 -0.00781 0.17057
-0.42313 -0.05166 0.04029
-0.18966 -0.03446 0.18013
-0.09461 -0.02702 -0.10563
-0.09733 -0.02743 -0.11223
-0.06690 -0.02280 -0.08148
-0.07470 -0.02398 -0.09652
-0.11414 -0.02999 -0.12270
-0.41781 -0.06606 0.07819
0.13786 0.01065 -0.09674
0.12975 0.01445 -0.04051
0.28816 -0.11836 0.17154
0.35440 0.04767 0.12381
0.10042 0.02579 -0.18130
0.11943 0.02260 -0.18190
0.00744 0.02810 -0.18089
-0.40685 0.04244 -0.06186
-0.30328 0.11231 0.00675
-0.32353 0.10082 0.00864
-0.32231 0.09924 0.01911
-0.33260 0.09325 0.02073
-0.29787 0.11531 0.00655
-0.13066 0.07134 0.13986
0.07383 0.02511 0.18144
0.02685 0.02641 0.18121
0.01087 0.02906 0.18071
-0.25073 -0.07403 0.15415
-0.15383 -0.06792 -0.07264
-0.34577 0.08618 0.01821
0.16682 -0.04994 -0.14252
0.16798 -0.04154 -0.06810
0.11954 0.05854 -0.16295
-0.21728 -0.01830 0.15479
-0.38256 0.05329 -0.14246
0.29685 0.01379 0.18324
0.20655 0.01423 0.18311
0.20134 -0.09754 0.13998
0.08013 0.06180 0.03400
-0.19986 -0.01052 -0.18410
-0.12965 0.08171 0.11288
-0.20756 -0.02990 0.17182
-0.32177 -0.07467 -0.17783
-0.30808 -0.13112 -0.18479
0.09051 0.08657 0.18271
-0.01473 -0.02962 -0.06488
-0.17164 -0.04537 -0.17931
-0.35051 0.04714 0.17583
0.37688 0.02791 -0.10860
0.38202 0.04834 -0.00453
-0.14935 0.11776 0.12165
0.31442 -0.07209 0.16393
0.41807 -0.10191 0.07639
0.11675 0.07581 -0.15238
-0.25460 -0.10634 -0.16468
-0.38725 0.07112 0.00188
-0.36794 0.07112 0.01991
-0.36785 0.07112 0.03011
-0.38984 0.07112 0.00888
-0.20005 -0.11911 0.17240
0.24675 -0.15422 -0.14825
-0.07010 -0.05195 -0.17755
0.10436 -0.05671 -0.17608
-0.31933 -0.12971 0.14672
0.33172 0.05816 -0.11492
0.24222 0.06920 -0.11023
-0.04303 -0.03066 0.18233
-0.07819 -0.02927 0.18254
-0.41875 -0.02431 0.03472
0.11790 0.04709 0.17585
0.09601 0.04519 0.17643
-0.40775 -0.02304 0.12727
0.21238 -0.07316 -0.12020
0.19267 -0.07493 -0.12020
0.29438 -0.06102 -0.12020
0.26569 -0.04670 -0.18077
-0.33228 0.07308 -0.06985
0.09686 0.02241 0.13651
-0.26223 -0.07986 -0.15413
-0.29852 -0.12077 -0.16959
-0.31729 0.03266 -0.17987
-0.30385 0.03541 -0.17919
-0.36672 0.05929 -0.08616
-0.23120 -0.03117 -0.16375
-0.11550 0.13525 -0.12862
-0.13672 0.09372 -0.14522
-0.11665 0.07906 -0.15108
0.01239 0.09823 -0.14342
-0.10258 0.10639 -0.14015
0.04341 0.08848 -0.14732
-0.07199 0.10838 -0.13936
-0.05069 0.10984 -0.13878
-0.02982 0.11279 -0.13760
-0.01558 0.08089 -0.15035
-0.01115 0.09148 -0.14611
0.05550 0.08739 -0.14775
-0.13168 0.13120 -0.13023
-0.13383 0.08967 -0.14684
-0.09360 0.12344 -0.13334
-0.12040 0.12686 -0.13197
-0.04362 0.08519 -0.14863
-0.11525 0.11202 -0.13791
-0.10412 0.08436 -0.14896
0.04486 0.08240 -0.14975
-0.15319 0.10852 -0.13931
-0.13047 0.10000 -0.14271
0.23973 -0.02372 0.16896
-0.28536 -0.12918 -0.17741
-0.30665 -0.04701 -0.18437
0.31170 0.06150 0.09678
0.32344 0.05977 0.10331
0.38583 0.02516 -0.11859
-0.13408 0.04877 0.10648
-0.13559 0.05476 0.11902
-0.20056 -0.11992 -0.16890
-0.26980 -0.07682 0.15485
-0.10823 -0.09161 0.17942
-0.01229 -0.08534 0.17942
-0.15658 -0.10404 0.17942
-0.09759 -0.08764 0.17942
-0.00460 -0.11009 0.17942
-0.16320 -0.07982 0.17942
-0.18358 -0.07010 0.17942
-0.13333 -0.10393 0.17942
-0.14288 -0.10203 0.17942
-0.15644 -0.09703 0.17942
-0.15014 -0.08000 0.17942
-0.09526 -0.10984 0.17942
0.11229 -0.10430 0.17942
-0.01763 -0.11150 0.17942
-0.06724 -0.09829 0.17942
-0.12093 -0.07273 0.17942
-0.02491 -0.10193 0.17942
-0.17847 -0.10594 0.17942
0.01330 -0.10971 0.17942
-0.02925 -0.08611 0.17942
0.03716 -0.09236 0.17942
-0.12221 -0.10391 0.17942
-0.18545 -0.07835 0.17942
-0.11891 -0.09403 0.17942
-0.16028 -0.02285 0.00448
0.34225 -0.01082 0.17627
-0.33157 0.00749 0.18371
-0.27963 0.00612 0.18382
-0.10576 0.01816 -0.14051
0.31073 -0.05793 0.16879
0.33082 -0.09133 0.16282
-0.22104 -0.04619 0.17268
-0.39581 0.04928 0.11343
0.25404 -0.02128 0.14003
0.13487 0.01206 0.04880
-0.41752 -0.09974 0.04145
-0.25908 -0.07245 0.15413
0.29838 -0.14195 -0.16790
-0.14823 0.09432 -0.13382
-0.33949 0.05906 0.15049
0.41368 -0.08879 0.09780
-0.24301 -0.13981 -0.18625
-0.13052 0.06284 0.05515
-0.39559 0.04014 -0.11578
-0.24432 -0.01425 -0.18496
-0.41460 -0.03687 -0.02300
0.41556 -0.09257 -0.09205
-0.34523 0.01007 -0.18351
0.19923 -0.12640 -0.17873
-0.34821 0.08364 -0.00152
-0.10633 0.02429 0.14183
-0.21084 -0.05886 0.18637
-0.31628 -0.06803 -0.13629
0.32877 -0.05867 -0.15527
0.03817 0.14996 0.12273
-0.11280 -0.01872 -0.08785
-0.18704 -0.07168 -0.15105
0.23108 -0.12593 0.18197
-0.28027 0.12225 -0.02249
-0.25736 0.13450 -0.02727
-0.23189 0.14804 -0.03315
-0.24333 0.14124 -0.03552
-0.30256 0.10776 -0.03586
-0.25334 0.13943 -0.00868
-0.23636 0.14611 -0.02905
-0.27642 0.12359 -0.02838
-0.16518 0.10096 -0.12440
-0.13881 0.10887 0.10537
-0.08365 -0.01946 -0.03206
-0.07457 -0.01951 0.00162
0.08768 0.02756 -0.13875
-0.15267 0.09886 -0.11881
-0.40586 -0.03657 -0.02430
-0.31541 0.01979 -0.18234
-0.32042 0.01862 -0.18249
0.26288 -0.04969 -0.16468
-0.11824 0.00791 -0.07122
-0.15292 0.05836 -0.06029
-0.29225 -0.09112 -0.16035
-0.39850 0.04840 -0.04881
-0.39850 0.04841 -0.02477
0.24868 -0.14203 -0.18635
-0.18344 0.02377 0.17568
0.32220 0.01894 -0.18038
0.17820 0.07408 0.12078
-0.17648 -0.05803 -0.00207
0.11623 -0.05895 -0.15310
0.29697 -0.04336 0.13362
-0.41023 -0.08421 -0.10414
0.42553 -0.08347 0.04145
0.01068 -0.06067 -0.15083
-0.36817 0.04453 0.10165
-0.30445 -0.11520 -0.15178
-0.02464 -0.00726 -0.09802
0.42410 -0.08416 0.06190
0.32185 -0.02966 -0.18249
0.33156 -0.06450 0.12995
0.33240 -0.07084 0.12545
0.21948 -0.06521 0.17925
-0.28614 -0.01323 0.18346
-0.14350 0.01468 -0.18314
-0.07230 0.01276 -0.18337
-0.15184 0.01420 -0.18321
-0.27462 -0.09087 -0.15413
-0.11860 -0.00656 -0.05198
-0.14813 0.09140 0.11349
0.41615 -0.05760 0.06815
0.21758 -0.11573 -0.16732
-0.07673 -0.01668 -0.11374
-0.08506 -0.01780 -0.07759
-0.07212 -0.01606 -0.07528
-0.15288 0.09936 -0.07177
-0.21786 -0.10622 0.16732
-0.35017 0.00380 -0.17568
-0.34953 -0.04586 -0.17568
-0.19555 -0.04840 -0.16146
0.08024 0.03639 0.11857
0.31556 -0.02365 0.18102
0.21235 -0.08071 0.16644
-0.30715 -0.11158 0.16733
0.25717 -0.04080 0.16468
-0.15383 -0.06623 0.06267
0.28884 0.06529 0.06467
0.31967 0.06149 0.06525
0.24324 0.07098 0.05993
0.07875 0.06319 0.00341
-0.11300 -0.06067 -0.05129
0.22508 0.01972 -0.18238
-0.25881 -0.14048 -0.13362
-0.41649 -0.03671 0.01384
-0.25685 -0.09659 -0.18354
-0.17690 0.02730 -0.15241
0.12589 0.00520 -0.18390
-0.26083 -0.02951 -0.18197
0.24527 -0.07019 0.17172
0.16862 0.08277 0.10535
0.10985 0.11953 0.09995
0.19534 0.07420 -0.10843
0.33209 0.04583 -0.16180
-0.13793 0.07503 -0.05841
-0.29257 -0.09463 0.16644
-0.18491 0.01495 0.18302
-0.14950 -0.02600 -0.18301
-0.10761 -0.02902 -0.18258
-0.25625 -0.13944 0.18637
-0.41718 -0.01926 0.10091
-0.42406 -0.01871 0.01768
0.08399 0.08957 -0.15058
-0.35900 0.07262 0.12401
0.35555 0.04608 -0.13723
-0.33570 -0.05897 0.16460
-0.19657 -0.06533 -0.13538
-0.09356 -0.02830 0.13760
-0.40597 0.07408 0.03616
-0.41596 0.07233 0.01942
-0.39392 0.07595 0.06388
-0.39993 0.07465 0.06208
-0.41431 0.07231 0.03243
-0.38282 0.07971 0.02335
-0.38141 0.07919 0.05063
-0.41056 0.07268 0.04801
-0.41276 0.07153 0.06927
-0.40349 0.04221 0.08557
-0.20405 -0.03235 0.13220
-0.28419 -0.13451 0.13362
0.33333 -0.07373 -0.13400
0.31041 -0.07323 -0.15038
-0.01293 -0.01369 -0.09203
-0.33824 -0.08253 0.16585
-0.11821 0.04504 0.11683
-0.25184 -0.00568 0.17089
-0.41926 -0.07932 -0.05412
0.18253 -0.07034 0.14423
-0.13430 -0.00110 -0.10385
-0.13103 -0.01075 -0.10314
-0.40553 -0.04806 -0.12832
-0.35649 0.08468 -0.04408
-0.34134 0.08598 -0.06949
-0.36864 0.08157 -0.05479
-0.39347 0.07466 -0.08514
-0.33849 0.08698 -0.06280
-0.33514 0.08618 -0.08483
0.06068 0.15312 0.08437
-0.15383 -0.08187 -0.07033
-0.15383 -0.08166 -0.04897
-0.15383 -0.07470 -0.10297
-0.42028 0.06871 -0.02231
0.27973 -0.03013 0.13362
0.29615 -0.12224 -0.14170
0.21276 -0.09151 -0.16644
-0.31202 -0.13658 0.17299
-0.15454 0.11181 0.08986
0.27609 0.01178 -0.18344
0.24871 -0.00224 -0.15912
0.24843 -0.00227 -0.17979
0.27239 -0.09666 -0.18216
-0.05944 0.15434 0.01731
-0.19254 0.15434 0.02453
-0.11405 0.15434 0.01900
-0.18502 0.15434 0.03647
-0.08155 0.15434 0.01920
-0.13906 0.15434 0.02652
-0.05450 0.15434 0.00118
-0.22188 0.15434 0.00984
-0.10147 0.15434 0.00472
-0.13896 0.15434 0.04086
-0.10323 0.15434 0.02379
-0.00644 0.15434 0.00919
-0.14719 0.15434 0.01985
-0.21316 0.15434 0.01200
-0.03243 0.15434 0.00751
-0.10525 0.15434 0.03609
-0.10058 0.15434 0.01156
-0.04757 0.15434 0.00109
-0.12221 0.15434 0.03151
-0.11331 0.15434 0.02981
-0.03106 0.15434 0.01609
0.03597 0.15434 0.00449
-0.32331 -0.02032 0.18349
0.28885 0.06524 -0.06731
0.23701 0.07177 -0.05814
-0.31989 -0.05595 0.18637
-0.35433 0.02368 -0.17959
-0.20604 -0.02977 -0.13178
0.20561 -0.09726 0.15658
-0.36224 0.08013 0.01244
0.16088 0.07851 0.12560
0.40001 -0.04601 0.11194
-0.21168 -0.10643 -0.17186
0.31073 -0.08053 -0.13362
-0.06576 -0.03876 0.12751
0.11100 0.02430 -0.09090
0.34545 -0.07362 -0.17158
0.33198 0.04923 0.15687
-0.15002 0.09015 -0.10086
0.14428 -0.03815 -0.18092
0.30940 -0.04759 0.18637
-0.25011 -0.11657 -0.16116
-0.11121 -0.00840 0.05809
-0.09548 -0.00619 0.13762
0.16189 0.06881 -0.15758
0.14156 0.07126 -0.15547
-0.04586 0.00073 -0.05434
0.31178 -0.02079 0.18353
-0.14238 0.02221 -0.08802
-0.15223 0.05358 -0.06733
-0.14680 0.03672 -0.07541
-0.14593 0.03233 -0.08998
0.09928 0.10133 0.10488
-0.30956 0.04767 -0.15702
-0.30787 0.04767 -0.15120
-0.21636 -0.11657 -0.18637
0.05016 0.05959 0.10436
0.03287 0.00298 -0.00712
0.22577 -0.12422 0.14503
