-0.01127 -0.07127 0.19302
0.03137 -0.01352 -0.18217
0.19846 0.03567 -0.12083
0.16454 0.07061 0.08649
-0.43323 0.04116 0.04236
0.18185 -0.07405 -0.12090
0.02492 0.08494 0.12381
0.00319 0.06129 0.14989
-0.19612 -0.05542 0.14702
-0.26360 0.02314 -0.06516
-0.31166 -0.00120 -0.00878
-0.31498 0.03185 -0.01033
0.14847 -0.02270 0.15514
0.15022 -0.03035 0.15009
0.12017 -0.02547 0.15333
0.31719 0.02471 0.09010
-0.28683 0.03043 -0.00401
0.33962 0.00790 -0.16044
-0.30169 -0.03102 0.19711
0.23200 0.05444 -0.08742
0.20653 0.04090 0.11289
-0.07462 0.09703 -0.04628
-0.00326 0.00050 0.18217
-0.14373 -0.04884 -0.18796
-0.30969 0.05824 0.11782
-0.25407 -0.09854 0.19853
-0.30537 -0.04423 0.03614
-0.23857 -0.04423 0.07955
-0.24447 -0.04423 0.08479
-0.29333 -0.04423 0.07318
-0.29612 -0.04423 0.06789
-0.30134 -0.04423 0.06457
0.14725 0.01554 -0.04878
-0.42218 0.02509 -0.12951
-0.27378 -0.01548 0.05940
-0.26971 0.06182 0.12737
0.13854 0.03807 0.17138
-0.07825 0.06936 -0.04959
0.08867 -0.02259 -0.04629
-0.25962 0.02470 -0.17636
-0.24543 0.02570 -0.20577
-0.25446 0.06918 0.07388
-0.24525 0.07009 0.08489
-0.23529 0.07258 0.06465
0.26167 0.04270 0.10358
0.30096 0.02841 0.10933
0.16686 0.03292 -0.12629
0.17239 0.03429 -0.11157
0.29267 0.02702 -0.14282
-0.38239 0.04877 -0.03386
-0.29567 -0.04955 -0.20497
-0.21649 0.02038 -0.20728
-0.21183 0.01877 -0.18171
-0.13440 -0.06261 -0.00690
-0.02362 -0.06264 -0.00243
0.13951 -0.06263 -0.00325
0.00502 -0.06260 -0.00879
0.08043 -0.06260 -0.00810
0.11848 -0.06265 -0.00027
0.10184 -0.06265 -0.00071
-0.10663 -0.06263 -0.00406
-0.04968 -0.06261 -0.00739
-0.01526 0.00074 0.20223
-0.31168 -0.03346 0.14373
0.06489 0.02200 -0.09079
-0.17636 0.03949 -0.20382
-0.35238 -0.06969 -0.05084
-0.22195 -0.00098 -0.07192
-0.37893 0.03738 0.02123
-0.35990 0.03608 0.01235
0.02396 0.09112 -0.11218
-0.02559 0.04382 -0.17637
-0.11976 -0.04441 -0.07683
0.09402 0.03192 -0.19368
-0.15463 0.05958 0.03444
0.23476 -0.07889 0.19511
-0.04245 -0.00881 0.17534
-0.00747 0.02789 -0.17050
-0.20989 -0.07477 -0.11804
-0.03003 0.00568 -0.00325
0.41458 -0.01568 -0.08768
-0.26911 0.02285 0.12773
-0.31933 0.00733 0.01616
-0.12664 0.03089 -0.09335
0.31698 0.02324 -0.13135
-0.28834 0.05784 0.10144
-0.22427 0.06002 -0.18338
0.11203 0.01085 -0.18217
-0.20350 0.02928 -0.05792
0.07350 0.03170 -0.08121
-0.11827 0.07809 -0.13043
-0.32053 -0.07470 -0.07027
-0.30664 0.05739 -0.13872
-0.15157 0.04186 -0.04309
-0.18914 0.04284 -0.04194
-0.24100 -0.04566 0.20528
0.17267 -0.01196 0.13750
-0.15526 0.08689 -0.02413
-0.14180 0.08645 -0.08865
-0.12632 0.08896 -0.06886
-0.12643 0.08877 -0.07448
-0.29697 -0.07050 0.08860
-0.34764 -0.07002 0.07999
0.30068 -0.01507 0.12287
0.29761 -0.01087 0.18073
0.20369 -0.07702 -0.15796
0.16251 0.04453 -0.15228
-0.00507 -0.00052 0.12290
0.16622 0.03248 0.14062
0.11877 -0.04967 -0.19659
0.39292 -0.02389 0.14747
-0.17098 -0.00440 0.07712
-0.11032 0.05124 -0.18144
-0.43259 -0.01651 0.07425
-0.13642 0.02023 0.20723
0.11342 -0.03592 -0.12245
0.11342 -0.03006 -0.10493
0.30166 -0.01642 -0.17848
0.29002 -0.00046 -0.13410
0.28757 0.00291 -0.12717
0.41700 -0.06996 0.11609
0.42087 -0.06995 0.09935
0.39112 -0.07078 0.11431
0.42407 -0.06974 0.11502
0.42830 -0.04821 -0.07874
-0.19432 -0.04260 -0.18804
-0.15145 0.08329 -0.11152
0.23841 0.02045 0.17963
0.23875 0.02043 0.13996
0.34247 0.01447 0.17953
-0.20280 0.04585 -0.04112
0.33291 0.02506 -0.03777
0.32175 0.02962 -0.00574
0.28267 0.04396 -0.00565
-0.20729 -0.00382 0.16672
-0.41109 0.04379 -0.05066
-0.24521 -0.04900 -0.17910
-0.24899 -0.07877 0.15210
-0.37574 -0.03109 0.00924
-0.14798 0.04732 -0.09284
-0.29011 -0.00472 0.17972
-0.33699 -0.06889 0.13316
0.12914 -0.03585 0.07761
0.15438 -0.03603 0.08992
0.07996 -0.03558 0.04751
0.19556 -0.03659 0.09378
0.13638 -0.03596 0.07746
-0.29297 0.06697 -0.04607
-0.28755 -0.00139 -0.19281
-0.41529 -0.01164 -0.00503
0.07111 -0.02403 -0.09278
-0.29489 -0.03659 0.14715
-0.09693 -0.07603 -0.09182
-0.04979 -0.07608 -0.07032
-0.12645 -0.07600 -0.10705
-0.08605 -0.07611 -0.05844
-0.10464 -0.07600 -0.10801
-0.08146 -0.07606 -0.08010
-0.09834 -0.07599 -0.11318
-0.07277 -0.07589 -0.15552
-0.05945 -0.07593 -0.13529
-0.14429 -0.07610 -0.06186
-0.12270 -0.07607 -0.07734
-0.13007 -0.07606 -0.08082
-0.01187 -0.07608 -0.07265
-0.07401 -0.07608 -0.07312
-0.00154 -0.07608 -0.07317
-0.02708 -0.07613 -0.05053
-0.16621 -0.07613 -0.05096
-0.09240 -0.07583 -0.18025
-0.09095 -0.07600 -0.10767
-0.09434 -0.07582 -0.18495
-0.09230 -0.07593 -0.13842
-0.04182 -0.07605 -0.08612
0.03427 -0.07614 -0.04454
-0.12943 -0.07615 -0.04320
-0.07683 -0.07596 -0.12343
-0.09792 -0.07583 -0.17967
-0.14280 -0.07608 -0.07095
-0.04208 0.02325 -0.04593
-0.02315 0.00016 -0.05838
-0.03082 0.00951 -0.06898
-0.03284 0.01532 -0.02918
-0.31015 -0.03109 -0.01779
-0.23794 0.07145 -0.09447
-0.18940 0.08146 -0.03558
-0.24639 0.06181 0.17252
0.17022 0.03745 0.17652
0.16961 -0.05011 0.16967
0.21926 -0.00376 -0.08689
0.21907 -0.00383 -0.06604
0.21565 -0.00338 -0.09964
0.04827 0.08422 0.11279
-0.43447 -0.01619 0.05494
-0.30881 -0.01572 -0.13977
0.21198 -0.09133 0.18514
0.36545 0.00600 -0.10893
0.23679 -0.06661 -0.18655
0.21689 0.04360 -0.14058
0.02030 0.08635 -0.11176
0.01446 0.01887 0.17134
-0.39904 0.00690 -0.18802
-0.37207 0.05076 -0.08499
0.25661 0.03442 -0.13956
-0.05624 0.03381 -0.12069
0.25150 0.01415 0.15559
-0.41556 -0.02515 -0.10823
-0.13651 0.03119 -0.20583
0.32446 0.02273 0.09937
0.06431 -0.02840 -0.19938
-0.38704 -0.04615 0.11979
0.43412 -0.06772 -0.05429
0.11771 -0.03752 0.17377
0.12509 -0.04293 0.18226
-0.13539 0.05557 0.16962
0.01993 -0.07508 -0.15018
-0.03928 -0.07476 -0.18344
-0.00427 -0.07471 -0.18929
0.00576 -0.07522 -0.13510
0.02715 -0.07561 -0.09301
0.01636 -0.07528 -0.12787
0.02856 -0.07546 -0.10864
-0.12057 0.04725 -0.08775
-0.06926 0.00883 0.20444
0.05866 0.06891 -0.13944
0.05042 0.04639 -0.16307
-0.09358 -0.01644 0.00919
-0.36628 -0.05725 0.05151
0.20476 0.05236 -0.12241
-0.19923 0.05175 -0.06643
-0.35259 0.05614 -0.14494
0.26359 0.03126 -0.18287
0.11342 -0.03504 0.06591
0.11342 -0.03512 0.07615
0.19196 0.05542 0.12342
0.35748 -0.03834 -0.18154
-0.33579 0.04358 -0.02577
0.23366 0.05859 0.02963
0.25262 0.05336 0.02870
-0.04036 -0.02109 -0.18908
0.23130 0.03416 -0.07783
0.16911 -0.02997 0.16503
-0.42699 0.04128 0.00127
0.10354 0.07391 0.12550
-0.20152 -0.04246 0.12110
-0.38610 0.04917 0.05571
-0.41050 0.04508 0.03576
-0.37648 0.05087 0.04301
-0.40564 0.04585 0.04997
0.29485 0.02824 -0.11825
0.12460 -0.01611 0.20303
-0.31397 -0.07328 0.13184
-0.22742 -0.01267 0.12130
-0.20946 -0.01265 0.12131
-0.28411 -0.05529 -0.11253
-0.32361 -0.04306 -0.11483
-0.31074 -0.04717 -0.10902
-0.18501 -0.04699 0.17534
0.26759 0.00646 0.20300
-0.10772 0.01374 -0.01794
-0.22731 -0.07515 -0.03324
0.06143 -0.03552 -0.03004
0.20025 -0.03663 -0.03180
0.19279 -0.03663 -0.05867
0.13594 -0.03615 -0.04704
0.19420 -0.03662 -0.05112
0.05477 -0.03546 -0.02858
0.09971 -0.03583 -0.03477
0.17591 -0.03648 -0.05467
0.09087 -0.03574 -0.02258
0.17182 -0.03644 -0.04899
0.18914 -0.03654 -0.03094
0.01738 -0.03514 -0.01493
0.12873 -0.03610 -0.05093
0.35271 0.01281 -0.16521
-0.02175 -0.03855 0.18379
-0.01354 -0.03480 0.11764
-0.04303 -0.03791 0.11416
0.36129 0.01600 -0.17094
-0.04540 0.09811 -0.06681
0.16790 0.07183 0.07327
0.17988 0.06931 0.07362
0.09394 0.04345 -0.16424
-0.01555 0.00849 0.18217
-0.16226 -0.07588 0.09393
-0.24807 0.03563 -0.07262
-0.19855 0.03630 -0.07180
-0.29108 0.06678 0.05163
-0.04302 0.04576 0.17015
0.01957 -0.02618 0.19500
-0.13991 0.03085 0.20610
0.26875 0.02886 -0.20069
-0.22626 0.04579 -0.00095
-0.13678 0.08768 0.06926
-0.14922 0.08748 0.02832
-0.14641 0.08570 0.09481
-0.29381 0.01060 -0.14874
-0.31862 -0.06976 0.11921
-0.24494 -0.07193 0.11780
-0.23187 -0.07800 -0.12126
-0.37856 0.03622 0.08593
-0.20265 0.01487 0.20093
0.23516 0.02059 -0.14495
0.23012 0.02081 -0.12473
0.09926 -0.01610 0.18217
0.15309 -0.01302 0.18327
0.27138 -0.01856 -0.20049
0.20097 0.02964 -0.13636
-0.24272 -0.08837 0.18804
0.01895 0.08434 -0.12470
0.00582 0.06333 -0.14761
-0.21090 0.04259 0.07412
-0.00876 0.09534 -0.09764
-0.37012 0.00589 0.19449
0.33798 0.00890 -0.14985
0.20674 0.04829 0.13287
-0.19056 0.07984 -0.07747
-0.16659 0.08455 -0.04598
-0.18715 0.08009 -0.08440
-0.17297 0.08392 -0.03747
-0.42632 0.00750 0.00066
-0.06647 0.03299 -0.14064
0.19258 0.02002 -0.05414
0.18170 0.01615 -0.06003
0.09684 0.04115 0.16647
0.08615 0.06597 0.14119
0.12715 0.05821 0.14488
0.20746 -0.00416 0.16169
-0.30071 -0.07497 -0.08689
-0.20658 -0.07806 -0.20494
-0.31788 -0.07508 0.09966
-0.22404 -0.00362 -0.04931
-0.29317 -0.02045 0.02620
0.41942 -0.03562 -0.10540
-0.14750 0.06232 -0.14147
-0.05532 0.00079 -0.01816
-0.07044 0.02592 -0.11898
-0.06488 0.01666 -0.08320
-0.07073 0.02664 -0.10725
-0.05066 -0.00769 -0.03077
-0.05774 0.00474 -0.03838
-0.06457 0.01620 -0.07781
-0.20823 -0.07936 0.20494
-0.24309 -0.09234 0.19616
-0.41183 -0.02594 0.09565
-0.34844 -0.03714 0.11191
-0.39453 -0.02894 0.10821
0.29968 0.02480 0.09826
-0.27976 -0.08168 0.20519
0.24998 0.05409 -0.01549
0.25196 0.05354 -0.03146
0.21317 0.05112 -0.11992
-0.17226 -0.02607 0.13718
0.30457 0.02412 -0.08961
-0.13442 0.02157 -0.06702
-0.41324 0.03900 0.03152
-0.40894 -0.00444 0.18496
0.13081 -0.00977 0.17137
-0.19789 0.01211 -0.13661
-0.19097 0.00811 -0.12937
-0.29760 -0.03645 -0.20519
-0.37606 0.04940 -0.07817
-0.43429 0.00297 -0.01006
-0.05562 0.02314 0.15906
-0.23278 0.01712 0.19126
-0.00587 -0.02997 0.17020
-0.30122 -0.05390 0.19067
0.32825 -0.07354 0.18666
0.31860 -0.07353 0.15650
-0.21780 0.00370 0.15362
-0.31192 -0.04791 0.13947
-0.06203 0.09475 -0.10181
0.19046 -0.02557 0.19775
-0.16748 0.07286 -0.09362
-0.40988 0.02276 -0.13857
-0.35575 0.05431 0.06732
-0.35966 0.05370 0.05524
0.16432 0.03114 -0.14500
-0.13293 0.04349 0.04120
0.20964 -0.00017 -0.19578
0.20400 0.00457 0.12115
0.22509 0.00071 0.12097
-0.20642 -0.07664 -0.14396
0.01011 0.09434 0.10677
0.17859 0.02293 -0.20182
0.35676 0.01622 0.04305
-0.13120 0.02502 0.01454
0.28770 -0.03582 -0.20537
0.07615 0.03464 -0.08799
-0.30011 -0.04972 -0.13312
0.01238 0.09594 0.06717
0.01844 0.09575 0.06384
0.42248 -0.06997 0.00343
0.33893 -0.06761 0.02044
0.22797 0.02070 0.12312
0.20566 0.01857 0.15339
-0.33132 0.05729 0.08999
-0.35550 0.04555 0.02277
0.24952 -0.09614 -0.19382
-0.24729 -0.09192 0.13849
0.08114 0.01552 -0.20171
-0.10820 -0.04180 0.08756
-0.09211 0.01835 0.07169
0.34139 0.02282 -0.17802
-0.27662 -0.07282 -0.08752
-0.26673 -0.00901 -0.12131
-0.25397 -0.01201 -0.12129
-0.25038 -0.09151 0.19412
0.13253 0.02314 -0.13024
0.13735 0.01895 -0.10619
-0.28073 0.07039 -0.02577
-0.08479 -0.06326 0.18648
0.14191 0.02962 -0.11475
-0.29498 -0.04177 -0.13211
-0.17849 -0.01053 -0.19869
-0.18649 0.00181 -0.16453
0.39137 -0.00446 0.15032
0.33946 -0.03409 -0.19057
-0.20128 0.04401 -0.20248
0.25277 -0.05226 0.12089
0.28384 -0.05006 0.12112
0.27736 -0.02855 0.12233
0.28841 -0.05588 0.12080
-0.38468 -0.03079 -0.09345
-0.33874 -0.03885 -0.11512
-0.41351 -0.02564 -0.09485
0.30403 -0.04805 -0.18479
0.43611 -0.04842 0.00796
-0.33726 0.03423 -0.01131
-0.20168 -0.01753 -0.12128
-0.19175 -0.02587 -0.12123
-0.21375 -0.09189 0.18689
-0.03234 0.00448 0.01345
-0.01368 0.00336 0.00911
0.15352 0.01895 -0.10401
0.15597 0.01984 -0.12091
0.03324 -0.01903 -0.15907
-0.10919 0.02235 -0.05188
0.25910 -0.06723 -0.12084
0.29504 -0.06544 -0.12079
-0.24745 -0.04652 -0.12110
-0.18341 -0.05920 -0.12115
-0.24812 -0.05612 -0.12117
0.19078 0.04777 0.14439
-0.01264 -0.06842 -0.19322
-0.19568 0.04244 0.01555
-0.35553 -0.06052 -0.14485
-0.22470 -0.00500 -0.06252
-0.05102 0.09896 0.01831
-0.18152 -0.07610 0.10756
-0.20416 -0.07589 0.07769
0.06851 -0.07492 0.16876
0.09065 -0.07510 0.15037
0.07635 -0.07544 0.11248
0.09592 -0.07486 0.17664
0.06053 -0.07513 0.14538
0.09719 -0.07468 0.19632
-0.18986 0.03916 0.04633
-0.12833 0.02299 0.06540
-0.16867 0.03402 0.05239
-0.19565 0.03479 0.05149
-0.13959 0.03507 0.05116
-0.22149 0.04044 -0.01520
-0.34321 -0.07534 -0.12129
0.31313 0.02333 -0.15997
-0.10985 -0.04450 0.05713
0.37342 0.01140 -0.15235
0.14746 -0.02686 -0.15237
0.14679 -0.02030 -0.15670
0.12766 -0.02213 -0.15550
0.08669 0.03586 -0.05127
0.22466 0.03705 -0.13943
0.35904 -0.07288 -0.03507
0.32527 -0.07410 -0.05792
0.37301 -0.07176 -0.04611
0.30497 -0.07369 -0.10945
0.40662 -0.07085 -0.01328
0.31822 -0.07361 -0.08738
0.31083 -0.07564 -0.03436
-0.16192 0.06049 -0.00571
-0.22446 -0.01891 -0.18258
0.15407 0.04004 -0.16361
-0.24118 0.01841 -0.07074
-0.21079 0.02363 -0.06459
0.08923 0.02981 -0.17005
0.22300 0.02022 -0.13117
-0.35507 0.05384 -0.08124
-0.22636 -0.01642 -0.03411
-0.12818 0.00091 -0.00942
-0.19809 -0.07430 0.05867
-0.26674 -0.04602 0.18231
0.25490 0.03624 0.12976
-0.27593 0.06984 0.03305
-0.20832 0.01756 0.13841
0.12032 -0.04310 -0.18261
0.11394 -0.04547 -0.18650
0.42403 -0.04585 -0.00270
0.41879 -0.05366 -0.06467
-0.28814 0.01582 -0.00769
-0.25789 -0.02861 -0.02617
0.29585 -0.00332 -0.20811
-0.43849 0.02708 0.01115
-0.22471 -0.00777 0.06640
0.03774 -0.00585 -0.02259
0.06664 -0.00914 -0.02255
-0.26449 0.00412 -0.18804
-0.01531 -0.00941 -0.08817
-0.01290 -0.01235 -0.09245
-0.01635 -0.00814 -0.06247
0.17181 0.05660 -0.13420
0.09963 -0.04381 -0.18409
0.43916 -0.03827 0.00941
0.24850 -0.08721 0.15722
-0.24683 -0.07188 0.18258
-0.09938 -0.07577 0.19224
-0.12250 -0.07577 0.15680
-0.12020 -0.07572 0.16538
-0.15709 -0.07589 0.09140
-0.12763 -0.07573 0.15258
0.18228 0.03533 0.17786
-0.04196 0.06711 -0.14456
-0.05464 0.05718 -0.15529
-0.15433 0.08455 0.09507
-0.16663 0.08264 0.09739
-0.17525 0.08366 0.03532
-0.16499 0.08567 0.02200
-0.15594 0.08567 0.05838
0.08145 0.03851 0.17442
0.17426 0.00039 -0.12452
-0.12575 -0.01847 -0.09170
-0.12557 -0.00326 -0.09166
-0.08575 0.04783 -0.12984
-0.37750 -0.06997 0.11136
-0.36247 -0.07037 0.11746
-0.34486 -0.07071 0.10848
-0.41103 -0.01170 0.08049
-0.42001 0.02390 -0.09977
-0.09814 0.02426 0.20545
0.37101 0.00754 -0.13507
-0.27021 -0.06649 -0.05816
0.11074 -0.02794 -0.16862
-0.30135 -0.06286 -0.12082
0.01797 -0.02207 -0.17033
0.23727 -0.05330 -0.18521
-0.11865 -0.01471 0.18527
-0.03001 0.00852 0.07539
0.21067 0.03465 -0.00427
0.26190 0.01821 0.17188
0.26738 0.01587 0.15203
-0.30608 0.04994 -0.00249
0.28198 0.03912 -0.08674
-0.25531 -0.02067 -0.18258
0.17379 0.03501 0.18339
0.09923 -0.01794 -0.03027
0.38631 -0.00296 0.09841
0.22098 -0.04500 -0.12120
0.26765 -0.03801 -0.12176
0.29762 -0.04000 -0.12174
-0.42503 0.04174 0.14458
0.36715 -0.00623 0.17355
0.42460 -0.05749 0.09052
-0.25341 0.01680 -0.09161
-0.24700 0.00731 -0.09163
-0.21083 0.01500 -0.09161
-0.28465 -0.01077 -0.09168
-0.26334 0.04003 -0.09154
-0.30732 0.03051 -0.09157
-0.29250 0.04543 -0.09153
-0.27708 0.00586 -0.09163
-0.25953 0.00778 -0.09163
-0.27056 0.01607 -0.09161
0.20359 0.06595 -0.04052
0.10513 0.07197 -0.12499
-0.17180 -0.06375 0.19410
0.43109 -0.02338 0.05553
-0.41765 0.02036 -0.07552
-0.39280 0.03814 -0.07060
0.21374 -0.03393 0.10377
0.10218 -0.04453 0.18520
0.09280 -0.04894 0.19237
-0.18791 -0.06013 -0.17255
-0.22400 0.00150 0.12141
-0.18695 -0.00966 0.12134
0.07534 0.01627 0.17323
0.03926 0.00291 -0.20086
-0.19323 0.00941 0.16355
-0.19090 0.00807 0.15198
-0.11124 -0.00849 -0.00214
0.17321 -0.01108 0.18037
-0.25873 -0.06149 -0.02162
-0.23456 0.02468 -0.20275
-0.11504 0.02094 -0.06180
-0.09714 -0.04036 0.04329
-0.09503 -0.01700 0.03066
-0.09568 -0.02403 0.03139
-0.09588 -0.02662 0.03978
-0.17066 -0.03501 0.18630
0.35602 0.01299 0.13888
-0.19710 0.05025 0.19858
0.25857 0.02944 0.09489
0.20806 0.03584 0.16903
0.20789 -0.02780 -0.19011
0.18391 0.02413 -0.04936
0.15254 0.01716 -0.05949
0.35143 -0.01264 0.14390
-0.07680 0.05505 -0.06908
-0.27652 0.06970 -0.08283
0.14785 -0.04103 -0.17854
-0.05922 0.06610 -0.14631
0.29411 -0.03785 0.19886
0.05805 -0.00337 -0.01689
-0.25814 0.02464 -0.01397
0.04790 -0.03895 -0.17628
-0.40310 -0.00605 0.15232
-0.14088 0.05638 0.16800
-0.37428 0.05010 0.04747
0.04932 -0.03479 0.12889
0.01098 -0.03479 0.08963
-0.00426 -0.03479 0.03841
0.02381 -0.03479 0.07328
0.08818 -0.03479 0.14702
0.07846 -0.03479 0.09700
-0.01118 -0.03479 0.09611
-0.00901 -0.03479 0.07576
0.05271 -0.03479 0.08207
0.05823 -0.03479 0.10763
0.01476 -0.03479 0.08485
-0.01189 -0.03479 0.03500
0.01061 -0.03479 0.10664
-0.00204 -0.03479 0.09497
0.11399 -0.03479 0.13203
0.03224 -0.03479 0.11923
0.08669 -0.03479 0.13437
-0.02364 -0.03479 0.09015
0.06276 -0.03479 0.13953
0.12608 -0.03479 0.14291
-0.22744 0.05947 -0.00865
-0.09996 0.09139 -0.08238
-0.09371 0.09179 -0.09378
0.16314 0.02430 0.20023
0.06143 0.05991 0.14865
0.06608 0.07432 0.13354
-0.42318 -0.02412 -0.08096
0.38555 0.00065 -0.05926
0.30244 0.02409 -0.07809
0.30422 0.02515 -0.07127
-0.27019 -0.05710 -0.17910
0.17067 0.00915 0.10423
-0.20366 0.00279 0.18734
0.25840 0.02475 -0.04992
0.23168 0.05557 0.08102
-0.24508 -0.09221 -0.18190
0.18473 -0.06105 0.19653
0.37666 -0.05592 -0.16382
-0.12615 0.05498 0.15995
-0.35980 0.05309 -0.00132
-0.38987 0.04758 -0.02304
-0.39500 0.04665 -0.02592
0.06063 -0.05241 0.19268
-0.10624 0.08069 0.12301
-0.02074 -0.02272 -0.17027
-0.16719 0.07164 0.09886
-0.39150 -0.04456 -0.14536
-0.29837 0.05530 -0.18758
0.18058 -0.04038 -0.17122
-0.06405 0.09756 0.06000
-0.00199 0.09547 0.08860
0.34344 0.01549 0.13595
-0.30987 -0.01912 -0.01187
-0.31153 -0.00341 -0.02865
-0.30788 -0.03791 -0.00728
-0.16825 -0.07365 -0.19823
0.43239 -0.04275 0.02392
-0.23762 0.06200 0.16685
-0.11217 -0.00038 0.00406
-0.18510 0.03004 -0.00116
0.37942 -0.02204 0.17624
-0.38164 0.04908 0.09506
-0.24300 -0.03270 0.18153
-0.21760 0.01595 0.00151
-0.29207 -0.02797 -0.17664
0.21513 0.06360 0.02990
0.21108 -0.04882 0.18497
0.20212 0.00309 0.19880
-0.15029 0.03081 -0.09157
-0.27931 -0.03186 -0.18546
-0.07083 0.05668 0.15532
0.09319 0.05374 -0.08700
-0.14313 -0.03578 -0.02404
0.16693 0.06313 -0.12032
-0.42692 0.02880 -0.17378
-0.13980 0.04557 0.00174
-0.10854 0.09038 0.08964
-0.11163 0.09040 0.07300
0.31270 -0.03009 0.20289
-0.43584 0.04019 -0.11834
0.42612 -0.03004 -0.03502
-0.00711 -0.05511 0.19151
0.25952 -0.08164 0.20425
-0.43427 0.03481 0.07819
0.25694 0.00238 0.17296
-0.16736 0.06458 0.14581
0.14749 -0.06807 0.02883
0.05946 -0.07099 0.03051
0.18418 -0.07191 0.03104
0.01058 -0.07480 0.03270
0.24488 -0.07497 0.03279
0.28829 -0.06588 0.18940
-0.42503 -0.04819 -0.00048
0.19932 0.04982 0.13410
0.15244 -0.03307 0.18871
0.16496 0.01102 -0.07174
0.38847 -0.07097 -0.09931
0.34501 -0.07227 -0.10709
0.38087 -0.01141 0.16825
0.15725 0.02938 0.19759
0.13603 -0.07399 -0.03223
0.24276 -0.07333 -0.03185
0.25655 -0.07453 -0.03254
-0.03649 0.09812 -0.07379
0.16937 -0.02733 0.15752
-0.31051 -0.04773 -0.06204
-0.28130 -0.05602 -0.06551
-0.29158 -0.05326 -0.09060
-0.30358 -0.04983 -0.08427
-0.05795 0.06314 0.14929
0.25999 0.02910 0.12276
-0.04120 0.00629 -0.12636
-0.02317 -0.00982 -0.12684
0.31294 0.01027 -0.19799
-0.14574 0.07574 0.12263
-0.26696 -0.06539 -0.18546
-0.39275 -0.03606 0.18052
-0.02971 -0.00115 -0.16704
0.19458 0.00141 -0.03382
0.18244 0.00535 -0.04609
0.25966 0.03311 -0.06602
-0.43191 0.02477 -0.02436
-0.24814 -0.06381 -0.08142
-0.23418 -0.06673 -0.11382
-0.26632 -0.06017 -0.08326
-0.21562 0.03077 0.02090
-0.16154 0.06016 0.01574
0.17141 -0.01784 -0.20162
0.17843 0.03084 -0.02219
0.21541 0.03323 -0.05079
0.22665 0.03404 -0.08700
0.21028 0.03285 -0.03209
-0.43675 -0.01710 -0.01402
0.38656 -0.01134 0.15960
0.29263 -0.05512 0.16263
0.06194 -0.01347 -0.13072
0.21146 0.00938 -0.17141
0.16003 0.02714 0.02067
0.13775 0.01981 -0.11651
0.23623 0.05231 0.09408
0.21270 -0.02574 -0.12079
0.20772 -0.03040 -0.12099
-0.04812 0.04447 -0.17962
-0.29740 -0.01684 0.19023
0.10778 -0.03156 -0.12744
0.04375 -0.03552 -0.12119
-0.39950 0.04165 -0.04998
-0.27441 0.05917 0.14209
-0.27888 0.05993 0.12907
-0.08932 0.06503 0.12918
-0.25020 -0.04427 0.04447
-0.27201 -0.04425 0.04023
-0.18110 -0.04445 0.03004
-0.12945 -0.04458 0.01800
-0.23739 -0.04432 0.03786
-0.13757 -0.04446 0.04523
-0.17873 -0.04439 0.04477
-0.17374 -0.04425 0.08165
-0.25573 -0.04426 0.04522
-0.15749 -0.04434 0.06704
-0.16126 -0.04445 0.03833
-0.13182 -0.04448 0.04160
-0.42903 0.02177 0.10631
-0.41693 0.01384 -0.05968
-0.41335 -0.00300 -0.05101
-0.11059 0.02786 0.20577
-0.25922 0.03525 0.05092
0.24976 -0.00764 -0.05452
0.24500 -0.01253 -0.06241
0.04393 0.08401 0.12401
0.23860 0.04508 0.05353
-0.43136 0.02233 0.07363
-0.27781 0.06561 -0.07724
0.34163 -0.01846 -0.19310
-0.36690 -0.07412 -0.03947
-0.22273 -0.06827 -0.06161
-0.21060 -0.07117 -0.09743
-0.23337 -0.06638 -0.06767
0.20359 0.06677 -0.01585
0.16831 0.07361 -0.00337
0.19539 0.06836 -0.00936
-0.22523 0.07308 0.11106
-0.18766 0.04381 -0.06325
0.03500 -0.01796 0.12279
0.28310 0.03052 -0.19148
-0.02474 0.09808 -0.06641
-0.01404 0.09813 -0.05174
0.20201 0.01723 0.13429
-0.27832 -0.05358 0.18283
0.06160 0.08402 -0.12123
-0.20087 -0.08166 0.18988
-0.36697 0.04721 0.17933
0.08153 -0.01058 0.18217
0.05754 0.01394 0.18217
0.14790 -0.07458 -0.19394
0.10430 -0.07494 -0.16631
0.15923 -0.07458 -0.18970
0.08124 -0.07564 -0.09042
0.14524 -0.07464 -0.18726
0.08044 -0.07582 -0.06976
0.10438 -0.00177 -0.20396
-0.11460 0.08052 -0.11496
-0.41482 0.01727 -0.09656
-0.40134 0.01624 -0.18680
-0.16023 0.03954 -0.03360
-0.27347 -0.03105 0.18202
0.24435 -0.01252 0.07975
0.22609 -0.03229 0.08806
0.23431 -0.02470 0.05107
0.36755 -0.00135 -0.13179
-0.24661 -0.05779 0.19743
-0.41360 -0.00735 -0.03347
-0.11217 0.01933 0.03213
-0.17039 0.02061 -0.08339
-0.18363 0.01939 -0.08185
0.11172 0.01609 -0.17172
0.26359 -0.07509 0.07837
0.27647 -0.07493 0.08035
0.18406 -0.07445 0.11823
0.29133 -0.07434 0.09628
0.26619 -0.07454 0.09565
0.19447 -0.07437 0.11866
0.29882 -0.07428 0.09646
0.27822 -0.07401 0.11015
-0.42388 0.02564 0.13954
-0.38808 -0.04017 -0.11952
-0.18956 -0.06228 -0.00181
0.01650 0.09506 0.07854
-0.01715 0.09700 0.07807
0.41674 -0.01120 0.01839
0.07289 0.04122 -0.07969
-0.38877 -0.01980 -0.02352
-0.18219 0.00556 -0.06252
-0.25546 0.02500 0.14316
0.09974 -0.05559 -0.19387
0.43035 -0.02744 0.07712
0.21817 0.06097 -0.05792
0.23659 0.05603 -0.05969
0.23304 -0.06818 0.18770
-0.38396 -0.06951 0.12070
-0.36592 -0.06623 0.12019
-0.27482 -0.09080 0.19206
-0.02592 -0.01464 0.16998
-0.27299 0.02172 0.17254
0.25902 -0.09299 -0.19093
0.12352 0.02133 -0.20105
-0.21860 -0.04427 -0.05806
-0.20841 -0.04428 -0.06028
-0.17077 -0.04442 -0.04125
-0.22245 -0.04429 -0.05103
-0.11581 -0.04466 -0.00606
-0.26619 -0.04426 -0.04137
-0.22056 -0.04423 -0.06774
-0.23875 -0.04423 -0.05985
-0.28216 -0.04427 -0.03245
-0.15568 -0.04435 -0.06400
-0.20072 -0.04433 -0.05162
-0.18091 -0.04442 -0.03641
-0.13584 -0.04455 -0.02411
-0.07656 0.09440 0.09213
-0.24814 0.03263 0.02548
-0.32861 -0.06694 -0.02259
0.22998 0.03609 0.08632
-0.39741 -0.06805 -0.03194
-0.39299 0.04844 -0.12387
-0.42009 0.04351 -0.12100
-0.12087 0.02260 0.09149
-0.12194 0.03706 0.09153
0.16897 0.03375 0.18782
-0.33761 -0.06661 -0.13533
0.14572 0.05015 -0.16612
0.22384 0.05169 0.11112
0.13792 0.00485 0.17201
-0.20411 0.02436 0.06376
-0.24303 0.01718 0.12147
0.33194 -0.07342 -0.15810
0.35054 -0.07340 -0.18317
0.33298 -0.07316 -0.14210
0.19136 0.03769 -0.08222
-0.36574 -0.03427 -0.08851
-0.35640 -0.03609 -0.08073
-0.29106 -0.06034 0.13751
-0.18307 0.05942 -0.15523
0.04826 -0.01766 0.17040
0.02649 -0.04073 0.18128
0.15917 0.05018 -0.17763
-0.30134 -0.00066 -0.16868
-0.29760 0.00494 -0.13366
-0.31132 -0.00292 0.01883
-0.30772 -0.03909 0.01373
-0.20395 0.03871 0.20469
0.43313 -0.05780 0.02401
0.37073 -0.02017 -0.15832
0.33245 0.02445 0.02511
-0.19650 -0.07534 0.20158
0.09117 0.02226 0.17097
0.38184 0.00548 0.02442
0.07821 0.03258 -0.19384
0.19300 -0.02039 -0.02090
-0.06582 0.02471 -0.12845
-0.07630 -0.03919 0.18300
-0.40254 -0.02022 0.18478
0.36620 0.00770 0.07743
-0.30419 0.01441 -0.20626
-0.23505 0.02529 0.06266
-0.22455 0.01646 0.07307
-0.08745 0.03141 -0.20271
-0.22225 0.06033 -0.05602
-0.20133 0.07900 0.05062
-0.19358 0.08059 0.03429
-0.24344 -0.05080 0.19474
-0.05043 0.00316 0.19366
0.12926 0.01269 0.20356
-0.02529 -0.00809 -0.18148
0.39815 -0.00929 0.12268
-0.08286 0.09457 0.08303
-0.10839 0.09142 0.06411
-0.43395 0.00393 -0.00072
-0.04488 0.03289 -0.20129
0.36712 0.01017 -0.05877
-0.27823 0.06091 -0.17831
-0.42724 -0.01310 -0.01940
-0.28074 -0.05621 0.07118
-0.28701 -0.05457 0.09405
-0.27272 -0.05847 0.06952
-0.28545 -0.05507 0.10343
-0.30215 0.01114 -0.00609
-0.40625 -0.01162 -0.10931
-0.17345 -0.01942 -0.14781
-0.26751 0.01031 -0.12145
0.33763 -0.07247 -0.09391
0.37692 -0.07132 -0.07267
0.42495 -0.06991 -0.02936
0.41373 -0.07022 -0.02597
-0.19045 0.04772 -0.00862
-0.20189 -0.08281 -0.14943
0.03645 -0.06134 0.19415
0.25531 -0.08679 -0.18107
0.27888 -0.06794 0.20213
-0.30306 0.05927 -0.10252
-0.31511 0.02941 -0.03656
-0.31069 -0.01358 -0.04414
-0.31644 0.03953 -0.05008
-0.31278 0.00478 -0.05167
-0.32184 0.05824 -0.09997
-0.20048 -0.00650 -0.04693
-0.35550 0.03988 -0.03788
0.15480 0.01217 -0.08352
0.20654 -0.08821 -0.17155
0.15051 0.03606 -0.05373
-0.29410 0.06160 -0.16794
0.05262 0.09582 -0.00660
0.07456 0.09162 -0.01992
-0.06413 0.01507 -0.11083
-0.05572 0.00063 -0.11015
-0.04122 -0.02427 -0.03512
-0.04842 -0.01191 -0.06929
-0.05314 -0.00380 -0.11132
-0.04621 -0.01570 -0.04126
-0.04282 -0.02152 -0.04466
-0.03571 -0.03372 -0.05260
-0.05621 0.00147 -0.08286
-0.25347 0.03223 0.01596
-0.35885 -0.06967 0.05206
-0.32083 0.06029 0.16547
-0.11443 -0.00690 0.01871
-0.15388 0.00017 -0.05273
0.23517 0.00660 0.18024
0.12677 0.03730 0.17835
0.10781 0.02030 -0.07133
0.15555 0.02246 -0.05070
-0.28747 -0.01209 0.13211
-0.15925 0.05608 0.18582
0.39208 -0.07178 0.16174
0.35037 -0.07282 0.14924
-0.08006 0.04549 0.00725
0.22074 -0.00406 0.03687
0.24156 -0.00575 0.07643
-0.23223 0.05867 0.07714
-0.18501 0.02940 -0.02080
0.36225 0.01418 0.17227
-0.43065 -0.01025 -0.02921
0.16318 0.07443 -0.02103
0.20045 0.06704 -0.03308
0.03119 -0.01441 -0.12367
-0.16210 0.06961 0.07759
0.10218 -0.00350 -0.18217
-0.09709 -0.03899 -0.00969
-0.09504 -0.01673 -0.01297
0.21682 -0.02372 0.02162
-0.36596 -0.05101 0.16630
0.40007 -0.00228 -0.00192
0.37062 0.01117 -0.01106
-0.37939 0.04919 0.05611
-0.28173 0.00412 -0.18468
0.36047 0.00457 -0.18299
-0.08577 0.08309 -0.05874
0.29740 0.02892 0.19009
-0.40961 0.04396 0.06844
-0.05005 -0.00959 0.20111
-0.02078 -0.03798 -0.18213
0.28041 -0.07516 -0.07187
0.26730 -0.07420 -0.10653
0.26418 -0.07554 -0.06327
0.30098 -0.07470 -0.08212
0.29062 -0.07519 -0.06836
0.25338 -0.07511 -0.08013
0.29487 -0.07562 -0.05334
0.26550 -0.07464 -0.09269
0.23306 -0.07447 -0.10584
0.15420 0.07256 -0.08857
0.14783 0.07435 -0.08436
0.10669 0.08225 -0.09351
-0.14651 0.05562 0.12511
0.42400 -0.05992 0.09606
-0.18095 -0.07611 -0.09072
0.27969 0.04189 0.06841
0.27409 0.04432 0.06331
0.02373 -0.01752 0.20015
-0.39621 0.02931 -0.18459
-0.35428 0.04008 -0.19141
0.30348 0.01404 -0.14890
0.22129 -0.07600 -0.04198
0.13648 -0.07561 -0.06183
0.16357 -0.07582 -0.05117
0.23021 -0.07537 -0.07415
0.18265 -0.07458 -0.11399
0.23736 -0.07566 -0.05944
0.24773 -0.07614 -0.03495
0.20724 -0.07536 -0.07457
0.22599 -0.07544 -0.07067
0.15863 -0.07477 -0.10452
0.19323 -0.07484 -0.10120
0.19712 -0.07510 -0.08780
0.12550 -0.07580 -0.05236
0.20885 -0.07550 -0.06758
-0.25684 -0.05990 0.18258
-0.41742 0.03818 -0.05406
0.24313 -0.01167 0.02204
0.22740 -0.00772 0.02199
0.15563 -0.02957 -0.20498
0.20483 -0.01822 -0.10949
-0.19685 -0.07101 -0.03067
0.28051 0.03266 -0.01395
0.14697 -0.07483 -0.16383
-0.23273 0.03922 -0.04620
-0.26902 -0.08568 0.20209
0.18968 -0.04504 -0.20501
0.15128 0.00870 -0.20470
-0.39963 -0.05740 -0.12087
-0.23308 -0.00017 -0.19784
0.29191 0.03446 0.09386
-0.22282 -0.08320 0.18804
-0.14468 0.08901 0.00625
-0.09820 0.09489 0.01597
-0.16113 0.08693 0.00325
-0.08190 0.09682 0.02660
-0.03840 0.04230 -0.18781
-0.39996 -0.03136 0.17829
0.33659 -0.07441 -0.02485
-0.36758 0.04261 0.04801
-0.02089 0.09957 0.01557
-0.00096 0.09901 0.00295
0.14799 -0.00212 -0.17158
-0.32173 0.05779 0.14328
0.00156 -0.01095 0.20071
-0.35522 0.03978 0.03205
0.24588 0.01691 0.09411
-0.25070 -0.04079 -0.00873
0.31676 0.02999 -0.05726
0.31359 0.02995 -0.06950
-0.37043 -0.02435 -0.04678
-0.38895 -0.07144 -0.08156
-0.30120 0.06155 -0.08877
0.25039 -0.04854 0.18770
-0.15083 0.02492 -0.20774
0.04604 -0.02533 0.11128
0.00192 -0.01767 0.11561
0.04381 -0.02495 0.08712
0.21782 -0.02825 -0.10378
0.41839 -0.06971 -0.13153
0.31292 -0.07315 -0.12183
-0.12231 0.08608 -0.11234
-0.41851 0.03794 -0.09846
0.34588 0.00148 -0.18952
-0.30452 -0.05757 -0.11838
-0.32842 -0.04644 -0.11798
0.43421 -0.02959 0.00154
-0.33292 0.04367 0.19548
0.10426 0.07926 0.11423
0.26881 -0.07662 0.15908
-0.16834 0.02227 -0.06620
0.06770 -0.03548 -0.04168
0.03119 -0.03522 -0.02339
0.17686 -0.03646 -0.08425
0.09951 -0.03584 -0.04966
-0.22349 0.03444 -0.05838
-0.37029 0.03645 0.05076
-0.39817 0.03869 0.04274
-0.04759 0.01123 -0.00990
-0.15983 0.02954 0.05765
0.16311 0.07209 -0.07993
0.27169 -0.00499 0.16817
-0.03270 -0.02952 0.18186
0.15251 -0.02719 0.18125
-0.27642 -0.04433 0.01484
-0.19758 -0.04450 0.00853
-0.26313 -0.04434 0.02085
-0.26490 0.04921 0.09595
-0.29674 0.04944 0.09649
-0.19034 0.05082 0.09973
-0.15792 0.05536 0.11041
-0.22619 0.04738 0.09164
-0.26832 0.05237 0.10336
-0.12640 0.00947 0.03331
-0.04077 -0.02503 0.02906
-0.04924 -0.01049 0.05169
-0.03906 -0.02798 0.10793
-0.05610 0.00128 0.12919
-0.04823 -0.01222 0.07636
-0.04909 -0.01075 0.12444
-0.06152 0.01059 0.12041
-0.21143 0.03172 0.09316
-0.22149 0.03358 0.09087
-0.14274 0.01583 0.07738
-0.25392 0.02464 0.08854
-0.27693 0.06169 -0.11825
0.17012 -0.05331 -0.12210
-0.00188 -0.00980 -0.02993
0.00992 -0.04269 -0.18657
-0.18791 0.04737 0.20068
0.25830 0.03581 0.05137
-0.16745 0.01976 -0.20836
-0.09669 -0.03664 -0.06769
-0.08992 0.03897 -0.05394
-0.09094 0.02742 -0.03197
-0.08994 0.03881 -0.06917
-0.18623 -0.01665 -0.03185
0.00125 -0.06348 0.19326
-0.42521 -0.02395 0.07492
0.24405 0.00791 0.16230
-0.29802 0.06157 -0.08075
0.31658 -0.00197 0.16767
-0.31163 -0.05412 -0.15477
-0.19513 -0.07193 0.12124
-0.26618 -0.06275 0.12117
-0.41813 0.02428 0.12394
-0.20234 -0.03109 0.02224
-0.24503 -0.03109 0.00520
-0.43049 0.04133 -0.10145
0.17554 -0.00784 -0.14718
0.17330 0.03051 0.02035
0.23020 0.03404 0.01780
0.22835 0.03408 0.06599
0.20284 0.03239 0.03359
-0.08161 0.07927 0.07183
0.39665 -0.07075 -0.14004
0.34604 -0.07230 -0.13148
-0.27605 0.02083 -0.15695
-0.27369 0.05183 0.04734
-0.21811 0.05806 0.05523
-0.11617 0.05542 -0.15954
-0.13898 0.05339 0.12596
-0.13508 0.05352 0.13001
0.24220 0.03453 0.02509
-0.05861 0.02779 0.19900
0.20838 -0.02047 -0.18829
0.11403 0.03291 -0.16915
-0.31163 -0.00685 -0.07919
-0.30939 -0.02582 -0.07426
-0.30772 -0.03987 -0.07779
-0.31550 0.02577 -0.08808
0.28407 -0.07294 -0.19780
0.09626 0.08399 0.09837
0.10801 0.08179 0.09517
0.15966 0.07106 0.09175
0.37484 -0.07230 -0.15908
0.37043 -0.07197 -0.14571
-0.21887 -0.00376 -0.18804
-0.40061 0.04711 0.15529
-0.30369 -0.07076 -0.10307
-0.10218 -0.04439 0.18935
-0.02012 0.01069 -0.12143
-0.39657 -0.04616 -0.04650
0.33745 0.01926 0.10135
0.31160 0.02770 0.04461
-0.42311 -0.03364 -0.04363
0.36382 0.00690 -0.12296
0.07294 -0.02982 0.17024
-0.12182 -0.03561 0.18774
-0.21470 -0.06686 -0.12122
-0.20860 0.07593 -0.11003
-0.19539 0.07893 -0.08210
0.39171 -0.06197 0.14639
-0.19207 -0.04340 -0.17315
-0.12152 0.04824 0.11476
-0.26932 -0.00763 -0.04896
0.22817 0.04314 -0.13078
-0.01229 -0.02060 -0.15531
-0.05373 0.01223 -0.13472
-0.13167 0.05425 -0.18080
-0.09134 0.02353 -0.00718
-0.00061 -0.07567 -0.11070
-0.05602 -0.07484 -0.19112
-0.08044 -0.07544 -0.19347
0.02005 -0.07594 -0.08194
0.00580 -0.07595 -0.09490
-0.08359 0.08629 -0.08495
0.19400 0.04278 -0.14804
-0.25490 -0.04434 -0.20006
0.01753 0.08711 0.12159
-0.24852 0.02549 -0.13297
0.37189 0.00371 -0.17284
0.23710 -0.01658 0.12173
-0.26373 0.05711 0.05732
0.36733 0.00535 0.10267
0.22613 0.02052 0.17379
-0.14652 0.03071 0.02063
0.41553 -0.02983 0.11442
-0.05203 0.09849 -0.03786
-0.02803 0.02575 -0.17006
-0.23558 0.02480 0.14102
-0.24274 0.02568 0.19059
-0.00216 -0.03698 -0.17598
-0.29381 -0.02843 -0.15299
-0.22056 0.06728 0.09390
-0.39483 0.04652 -0.06185
-0.22033 0.04478 0.06453
0.22194 -0.07825 0.19197
-0.25022 -0.03017 -0.19846
-0.34198 0.05685 -0.14327
0.01563 0.02729 -0.19990
-0.27401 -0.00763 -0.07923
0.18942 -0.02819 0.16681
-0.13526 0.03281 0.02395
-0.14335 0.04046 0.03494
-0.05968 0.03369 0.15645
-0.00422 -0.00175 0.02899
0.16279 0.03796 0.16412
0.08448 -0.07538 -0.11956
0.09542 -0.07475 -0.18837
0.09267 -0.07488 -0.17442
0.09822 -0.07469 -0.19529
0.06995 -0.07488 -0.17362
0.07831 -0.07470 -0.19304
0.21200 0.04454 0.14203
0.15700 0.01504 -0.10940
0.27746 0.01158 -0.17816
-0.37119 0.05200 0.13724
-0.39396 0.04813 0.12728
0.16872 0.04404 -0.07369
0.27019 -0.06683 -0.20179
-0.37527 -0.02767 0.18705
0.24253 -0.09706 0.17747
-0.12640 0.00307 0.01515
0.34541 -0.01013 -0.12794
0.21172 -0.00142 -0.20473
-0.21159 0.00885 -0.15872
0.13445 0.02419 0.17041
-0.22047 -0.07565 0.04853
0.42880 -0.02992 -0.01638
-0.40859 -0.00871 0.08973
-0.41302 0.00249 0.07579
-0.02337 -0.03150 -0.18655
-0.37912 0.05123 -0.16060
-0.28302 -0.06380 -0.18804
0.28929 -0.01827 -0.17378
-0.14284 -0.06262 0.00489
-0.17454 -0.06257 0.01411
0.07532 -0.06261 0.00672
-0.09203 -0.06257 0.01332
-0.10586 -0.06264 0.00101
0.20778 -0.06264 0.00214
0.24958 -0.06263 0.00275
-0.26796 -0.06611 0.17910
-0.01685 -0.02555 0.17024
-0.30537 -0.00670 0.16579
-0.02420 -0.00535 -0.20190
-0.06908 0.02754 0.12852
-0.04904 0.01782 0.14562
0.10599 0.05242 -0.06959
0.43509 -0.07126 -0.01952
-0.20128 -0.03850 -0.01978
-0.10578 0.06894 0.14296
-0.12603 0.06380 0.15003
-0.04525 -0.01704 0.19123
-0.24695 -0.08011 -0.14386
-0.26633 -0.06146 -0.19625
0.11342 -0.03172 -0.07393
-0.27205 0.01023 -0.13440
0.35270 -0.06754 0.18005
0.37999 -0.06420 0.16283
0.36218 -0.01562 0.14121
0.40832 -0.06913 0.03331
-0.30635 -0.04862 0.10499
-0.32085 -0.04417 0.10409
-0.30404 -0.04966 0.09155
0.25258 0.04428 0.10879
0.17163 -0.01681 -0.14367
0.23361 0.03139 -0.20168
0.42984 -0.05022 0.06251
-0.02304 0.01664 -0.17356
-0.17275 -0.02330 -0.12716
-0.40406 0.01115 -0.18617
-0.19872 -0.00252 0.18124
-0.06656 0.03735 0.15379
-0.41808 -0.01329 0.13147
-0.11442 0.00264 -0.20664
-0.24058 0.07268 0.01014
-0.24982 0.07042 0.06155
-0.24631 0.07138 0.03286
-0.23899 0.07303 0.00445
-0.24878 0.07081 0.04359
-0.21184 0.07798 0.00152
0.07753 0.02372 0.19996
-0.40816 0.04231 -0.16696
0.33419 0.01416 0.18984
-0.25459 0.06054 0.15308
0.09102 -0.03499 -0.08752
0.08134 -0.03525 -0.06814
0.09289 -0.03527 -0.07732
0.12660 -0.03512 -0.11255
0.14182 0.03433 0.18958
-0.33159 0.05720 -0.17543
-0.16640 0.07253 -0.10376
-0.19981 -0.07004 0.03014
-0.08577 0.06304 -0.01037
-0.20735 0.02594 0.01586
-0.05834 0.04180 -0.16731
0.24575 0.04856 -0.10093
-0.13579 0.05044 -0.04552
-0.20648 0.05739 -0.05432
-0.12867 0.05206 -0.04757
-0.31200 0.06158 -0.04542
-0.36008 0.04230 -0.04183
-0.16750 0.08099 0.11804
-0.07841 -0.04172 -0.18420
-0.12818 0.01905 0.03873
-0.21911 0.00927 0.06632
0.20965 0.06365 0.05139
0.19629 0.06589 0.06994
0.10939 0.03653 -0.04447
0.13431 0.03593 -0.18556
-0.15320 0.03200 -0.03061
0.41761 -0.05121 -0.07864
0.41780 -0.03662 -0.07656
-0.00408 -0.02634 -0.17025
-0.41364 0.00269 0.15968
0.31922 0.02649 -0.04977
0.13110 -0.00018 -0.18217
-0.23001 -0.03867 0.02052
-0.01127 -0.03037 0.11981
-0.03194 -0.02725 0.12042
0.19062 -0.01540 0.10973
0.25403 0.03494 -0.13517
0.10152 -0.07505 0.15308
0.12013 -0.07511 0.13992
0.11789 -0.07485 0.17186
0.11755 -0.07501 0.15241
0.12828 -0.07505 0.14408
0.10652 -0.07537 0.11348
0.12091 -0.07497 0.15689
-0.11637 0.01989 0.06153
-0.35508 -0.03796 -0.05864
-0.30784 0.06158 -0.02484
-0.00128 -0.05925 -0.19259
-0.14283 0.05694 -0.15766
-0.23840 -0.03659 -0.14566
-0.05086 0.02412 0.12617
-0.35648 -0.07036 -0.09673
-0.38061 -0.06972 -0.08581
0.13445 -0.04869 -0.19858
-0.07386 0.08262 -0.09057
0.08150 -0.02323 -0.20048
0.00279 -0.03651 0.17472
-0.32488 0.02069 0.20366
-0.35882 0.05271 -0.05677
-0.41038 0.04382 -0.07001
0.23168 0.02897 0.12534
0.18493 0.00141 -0.07462
0.10326 0.08601 0.01522
0.16180 0.07426 0.03779
0.13455 0.07972 0.02897
0.11312 0.08396 0.03188
0.08466 0.08975 0.00518
0.09520 0.08745 0.04680
-0.34055 0.03852 0.04773
-0.22334 0.02274 0.14738
-0.39978 0.04677 -0.06797
0.07613 -0.02362 0.06781
0.12426 0.01329 0.17292
-0.29916 0.06271 -0.02661
0.14353 0.06140 0.18923
0.09899 -0.06065 0.19553
0.22477 -0.00435 0.06244
0.22225 -0.00420 0.04755
0.22373 -0.00422 0.07180
-0.21193 -0.02334 -0.19990
-0.43309 0.02163 0.06028
-0.35981 -0.04953 -0.05392
-0.37848 -0.04474 -0.05195
0.36913 -0.01458 -0.13483
0.39796 -0.03351 -0.13565
-0.02963 -0.02215 0.17491
-0.28545 0.01620 0.13791
0.38480 -0.00162 0.08758
-0.20439 0.03884 0.07900
0.42616 -0.02646 0.09209
-0.27475 -0.06131 0.00092
-0.31202 -0.04196 -0.14565
-0.25652 -0.07406 0.05768
-0.17316 -0.02620 0.02620
-0.29870 -0.07381 0.11926
-0.34571 -0.07485 -0.09578
-0.33697 -0.07478 -0.09387
-0.07413 0.06023 -0.02419
0.06466 0.09230 0.06055
-0.30117 0.04785 0.00756
-0.28620 -0.06636 0.16987
-0.17327 -0.06056 0.13253
0.15619 0.06705 -0.11574
0.17538 0.06406 -0.11147
0.20902 -0.00576 -0.20143
0.18143 0.01581 -0.09435
0.21166 0.00183 -0.08904
0.01434 -0.00135 -0.20106
-0.40200 0.04680 -0.00433
-0.37693 0.05098 -0.02198
-0.40586 0.04603 -0.01220
0.15742 0.04768 -0.15310
-0.18799 -0.04059 -0.12113
-0.17409 -0.06448 0.18239
-0.17580 -0.07122 0.15223
-0.28999 -0.06291 -0.17843
0.13285 0.02166 -0.05677
0.04028 -0.04175 -0.18184
0.18190 -0.04187 0.14929
-0.20470 -0.07440 0.16502
-0.32564 0.02141 -0.03195
0.17247 0.03008 -0.04373
-0.39986 0.04582 0.02638
0.36269 -0.01724 -0.14333
0.16157 0.04469 -0.16972
0.19164 0.04108 -0.15460
0.24340 -0.06370 -0.18785
0.19604 0.00716 -0.12116
-0.13340 -0.01428 -0.03491
-0.03900 0.07987 0.13112
-0.01952 0.08672 0.12343
0.33791 -0.07246 0.09899
0.39629 -0.07078 0.07785
0.35595 -0.07194 0.08712
0.42254 -0.07001 0.06364
0.41301 -0.07028 0.06266
0.41976 -0.07011 0.08169
0.41147 -0.07035 0.07981
0.09226 0.03852 -0.17322
0.42839 -0.06695 -0.07697
0.32992 -0.07334 0.14937
0.35054 -0.07339 0.18308
0.11273 -0.02034 -0.02950
0.19362 -0.07641 -0.18813
0.20204 -0.04383 -0.18862
-0.12990 0.08933 -0.04203
-0.10605 0.09147 -0.06840
0.20741 -0.06693 0.19938
0.17371 0.03059 0.02993
0.21300 0.03317 0.07705
0.18716 0.03147 0.04602
-0.37292 0.04939 0.08645
-0.36007 0.05213 0.07771
0.17615 0.00706 0.02494
0.14214 -0.00325 -0.20557
0.10840 -0.03690 -0.17286
0.32435 -0.02209 -0.20021
0.39990 -0.05121 0.13160
0.25445 0.03338 0.15688
0.19608 0.00088 -0.06994
0.19075 0.00261 -0.10104
0.17838 0.03100 0.01672
-0.03580 -0.02976 -0.18408
0.33740 0.02151 -0.06360
0.00534 0.09290 -0.10914
0.15152 0.03107 -0.13991
-0.39382 -0.07340 -0.02004
-0.26229 -0.02087 -0.02639
0.07603 0.03277 0.16995
0.28331 0.00874 0.13478
0.28477 0.00674 0.20398
0.29462 -0.00676 0.20167
-0.16088 0.07801 -0.09066
-0.32474 0.05728 -0.11356
0.05127 -0.03797 0.17465
-0.29074 0.05839 -0.13262
0.17444 -0.02532 -0.11994
0.20114 -0.02318 -0.12062
0.04069 -0.02440 -0.06721
0.02674 -0.02198 -0.08389
0.03326 -0.02311 -0.11331
0.00267 -0.01780 -0.11474
0.17296 0.03539 -0.18065
0.13901 -0.01632 -0.17083
0.12131 0.01668 -0.07749
-0.04171 0.09929 0.01437
-0.19177 0.08110 -0.02654
-0.22268 0.07486 -0.05767
-0.19964 -0.06428 0.13211
-0.36002 -0.04891 -0.18202
-0.09057 0.06742 -0.12887
-0.29132 0.06040 -0.14887
0.16367 0.04057 -0.18057
-0.36368 -0.06803 -0.00746
-0.40463 -0.02744 0.06826
-0.36026 -0.03564 0.06245
-0.36488 -0.03476 0.06445
-0.34425 -0.03855 0.06303
0.16464 -0.01204 0.20933
0.20235 -0.07620 -0.14831
-0.30990 -0.01908 0.16772
0.10054 0.03531 -0.11128
-0.04228 -0.00290 -0.17144
-0.28089 0.00477 0.18064
0.43156 -0.06143 0.07145
0.29336 -0.03214 -0.19185
-0.22356 0.01460 0.19134
-0.28766 -0.07985 -0.15849
0.13884 -0.04945 -0.19231
-0.34911 -0.07238 -0.13149
-0.15253 0.06762 0.05320
-0.17814 0.03090 0.02299
0.01810 -0.02048 0.07446
0.00179 -0.01765 0.07563
0.03750 -0.02385 0.04903
-0.26171 -0.08661 0.14723
0.32636 -0.04654 -0.19233
0.29610 0.02572 0.14827
0.28515 0.02881 0.14455
0.33136 0.02137 0.09838
0.33356 0.01926 0.11350
0.08722 -0.03451 -0.16996
0.21751 0.06198 -0.04548
-0.34562 -0.07439 -0.06551
-0.11529 0.02559 0.03179
-0.28612 -0.06971 0.05370
-0.21940 -0.03957 -0.12112
-0.29796 -0.03106 -0.12117
0.35961 -0.01278 0.16502
0.10995 0.03242 -0.19327
-0.06500 -0.00033 -0.20382
-0.27858 -0.00285 -0.18903
-0.15987 0.07520 0.07017
-0.33258 0.03835 0.04637
0.16828 0.02764 -0.08796
0.16002 0.02418 -0.10544
0.07357 0.02966 -0.07543
0.13424 0.03807 -0.10108
0.04096 0.04732 0.16248
-0.22057 0.03429 -0.05202
0.18953 0.00666 0.12116
-0.23020 -0.07431 0.10360
0.21783 -0.02718 0.18497
-0.28977 0.06654 -0.09642
-0.22985 0.02409 0.16142
0.01930 0.01046 0.20122
-0.07079 0.06173 -0.13289
0.36911 0.01366 -0.16567
-0.20353 0.01538 -0.15042
0.40801 -0.06893 -0.02082
0.30369 -0.06509 -0.16269
0.05950 0.09255 -0.06764
0.05006 0.09595 -0.01682
0.42843 -0.01729 -0.01164
-0.21506 -0.06199 -0.00864
-0.24449 -0.06165 -0.00783
0.17622 0.03856 0.14823
0.39228 -0.01134 0.12802
0.06644 0.03984 -0.16929
-0.34313 -0.06380 0.05366
-0.32323 -0.04618 0.05842
-0.31737 -0.04829 0.19225
-0.35379 -0.07130 -0.12002
-0.32076 -0.06819 -0.11918
0.13722 -0.02444 0.16794
0.17957 0.06409 -0.10624
0.29401 -0.04466 -0.16924
0.08017 -0.00199 0.00162
0.38115 -0.06232 -0.15948
0.20612 0.02100 0.20910
0.23964 -0.00288 -0.19284
0.18868 -0.06999 0.15999
-0.19244 -0.00211 -0.05260
-0.23303 0.06594 -0.09235
0.25426 0.02474 0.05136
0.30429 -0.05521 -0.17291
0.30426 -0.05463 -0.18090
0.30386 -0.04337 -0.13009
-0.31488 0.04344 -0.02027
-0.36309 -0.00562 -0.00428
-0.07498 0.04657 -0.05035
-0.20697 -0.06067 -0.19755
0.24952 0.03973 -0.12374
0.29377 0.03921 -0.04446
0.26798 0.04910 -0.01708
0.28453 0.04278 -0.03332
-0.31661 0.05193 0.18817
0.18810 -0.03815 0.20177
0.23295 0.02987 0.08262
-0.23183 0.06465 -0.13337
0.15794 0.07501 -0.03951
0.13799 0.07900 -0.03493
0.09998 0.08640 -0.06606
0.10326 0.08591 -0.03382
0.14730 0.07705 -0.05459
0.11416 0.08368 -0.04631
-0.23844 -0.04703 0.17910
0.15745 0.01441 0.20298
0.27625 -0.08227 -0.16623
-0.01468 -0.01555 0.03457
-0.02037 0.04354 0.16862
-0.05032 0.02464 0.16982
-0.17495 -0.01598 0.18508
-0.17552 -0.01510 0.17486
-0.30585 0.05703 0.13678
0.01478 0.09831 -0.00915
0.00426 0.09858 -0.01725
0.00979 -0.04905 0.19042
0.28772 -0.01895 -0.20469
-0.36703 0.03617 0.05457
-0.07222 -0.04697 0.18821
-0.40067 0.04610 -0.11607
-0.21705 0.06167 -0.16922
0.27677 -0.07068 -0.19172
-0.07892 0.08385 0.11636
-0.36156 -0.07481 0.10585
-0.37768 -0.07432 0.08924
-0.35479 0.05640 0.15426
-0.18216 0.03666 -0.03784
-0.01949 0.00591 0.02611
-0.20961 -0.08008 0.13211
0.35541 -0.07212 0.06689
0.37920 -0.07174 0.03508
0.30575 -0.07540 0.05165
0.32050 -0.07320 0.09642
0.40051 -0.07122 0.01249
0.32343 -0.07367 0.07565
0.35504 -0.07312 0.03480
0.41905 -0.03992 0.10583
-0.37991 0.05047 0.02155
-0.40459 0.04620 0.01696
-0.38558 0.04951 0.01884
-0.32287 -0.05693 -0.19412
-0.28606 -0.06118 -0.01279
0.02403 -0.00018 0.01357
0.43171 -0.02923 0.06937
0.21004 -0.08306 0.20522
0.26199 0.00113 -0.17225
-0.39117 0.04386 0.04803
0.17224 -0.06623 0.19159
-0.24444 -0.09980 -0.16608
-0.05818 -0.03547 -0.18054
-0.27347 -0.03633 -0.18176
-0.28431 -0.07291 -0.06581
0.21075 -0.05665 0.18639
-0.43399 0.01630 -0.01252
-0.00724 -0.01841 -0.19884
-0.27648 -0.00891 0.07750
0.20802 0.00612 0.14936
0.01437 -0.07515 0.14207
-0.00356 -0.07521 0.13599
0.03471 -0.07552 0.10317
0.00635 -0.07501 0.15656
-0.01215 -0.07511 0.14644
-0.01279 -0.07490 0.16825
-0.12219 0.07237 0.13858
-0.31607 0.05809 0.04662
-0.27051 -0.07557 -0.10763
0.06142 -0.02342 -0.12799
-0.31400 -0.07464 0.05819
0.13957 -0.07496 0.15140
-0.08231 0.04955 0.15191
-0.07318 0.04470 0.15095
0.17149 -0.01607 -0.11068
0.43079 -0.03689 -0.04021
-0.08677 0.09610 -0.03130
-0.08286 0.09618 -0.05453
-0.10171 0.09446 -0.01478
-0.13468 0.09021 -0.01229
-0.19433 -0.02526 -0.15258
0.16189 0.01259 0.20458
-0.40411 0.03508 0.17718
-0.40987 0.03704 0.17343
-0.28775 -0.01810 0.14456
0.09534 0.05039 -0.10273
0.22569 -0.04505 0.18671
-0.31129 -0.06183 0.15649
0.30425 -0.05413 0.19424
0.30333 -0.02837 0.17703
-0.06576 0.02737 0.02309
-0.41313 -0.02029 0.16797
-0.08682 0.08251 -0.09850
-0.38972 0.04812 0.07972
-0.02153 -0.01555 0.12124
0.18832 0.06317 0.09996
-0.15067 0.07151 -0.07688
-0.43167 0.01034 -0.05437
-0.16681 -0.07598 0.08722
-0.15194 -0.07516 0.17815
-0.16184 -0.07545 0.13982
-0.14190 -0.07520 0.18790
-0.42294 -0.03791 0.02900
-0.43232 -0.00285 -0.03459
-0.42884 -0.00859 0.04782
-0.01095 0.00033 -0.02471
-0.03985 0.00707 -0.02990
-0.18721 -0.02293 0.18679
0.43308 -0.05386 0.04101
-0.21351 0.01935 -0.13743
0.02966 -0.01549 0.17090
0.11198 0.01032 0.18217
-0.06551 0.08910 0.11799
0.36369 -0.00899 0.13547
0.40464 -0.01253 0.10898
-0.28531 0.06254 -0.16205
-0.35550 0.05189 -0.05048
0.17669 0.01038 -0.20811
-0.12321 0.02187 0.05902
0.18215 -0.02850 0.16792
0.14882 0.04997 0.18870
-0.07820 0.08816 -0.09273
-0.11792 -0.02132 -0.18402
-0.29191 -0.05403 -0.18804
-0.01117 -0.02134 0.15522
0.14604 -0.06251 -0.02339
0.26425 -0.06253 -0.02115
0.21497 -0.06259 -0.01043
0.15460 -0.06258 -0.01121
0.26154 -0.06262 -0.00490
-0.06395 -0.06251 -0.02339
0.20250 -0.06260 -0.00906
0.04072 -0.06252 -0.02258
-0.02548 -0.06250 -0.02541
-0.12411 -0.03633 -0.19121
-0.21007 -0.04086 -0.18258
0.02748 0.02988 -0.17039
0.16157 0.04797 -0.18255
-0.09581 -0.02633 -0.04882
-0.09284 0.00675 -0.02756
-0.09572 -0.02494 -0.04023
0.42812 -0.05721 -0.01375
0.24244 0.03577 -0.07678
-0.12612 -0.03023 -0.19131
-0.41639 0.02269 0.09624
0.03227 -0.07387 -0.19583
-0.14893 -0.05797 -0.18958
-0.25907 0.02474 0.15273
-0.26176 0.02455 0.18866
-0.21433 -0.07572 -0.05413
0.07890 0.00121 -0.18217
0.07085 0.01092 -0.18217
-0.22400 0.04846 0.06784
-0.10628 0.05018 -0.13453
0.23895 0.00721 0.19197
-0.30879 -0.01567 -0.16357
0.11342 -0.02431 0.08681
-0.27243 -0.07506 -0.04392
-0.09714 0.01470 -0.20563
-0.21665 0.06271 0.11698
-0.23711 0.04037 -0.03479
-0.42621 0.04114 0.06489
-0.42386 0.04171 0.02519
0.02567 -0.00304 -0.18217
-0.08040 0.04573 -0.07262
-0.42831 0.01762 0.10239
-0.20795 -0.00332 -0.13952
-0.25692 0.00870 -0.13889
0.33784 0.01617 0.15350
-0.12633 -0.02062 0.19523
0.15595 0.01635 -0.13486
0.15415 0.02135 0.18116
0.08005 0.08603 -0.10938
-0.41610 -0.03838 -0.03796
-0.31228 -0.02373 -0.02094
-0.09332 0.04707 0.11006
-0.28516 -0.06653 0.02724
0.35086 -0.00720 -0.15774
-0.42346 0.01695 -0.15801
-0.36560 -0.06978 -0.07573
-0.43443 -0.02491 0.03708
-0.33327 -0.01190 0.19622
0.26199 0.04294 -0.11109
-0.33036 -0.07469 0.07792
0.40973 -0.07004 0.12755
0.42064 -0.06978 0.12187
0.04149 -0.02124 -0.02856
0.04059 -0.02698 -0.03167
-0.03675 -0.03634 -0.04140
0.07836 -0.01295 -0.02363
0.40621 -0.06786 -0.13814
0.23293 -0.03644 0.13857
-0.11026 0.02568 -0.20607
-0.31540 0.03802 0.00986
0.23738 -0.02098 -0.05993
0.24275 -0.01384 -0.09070
0.23747 -0.02843 -0.18645
0.15413 -0.02854 0.20300
-0.04473 0.09169 -0.11565
-0.28686 0.05177 0.09678
0.38718 -0.01432 -0.13091
0.08873 -0.01317 0.13440
-0.08753 -0.07593 0.13582
-0.16290 -0.07615 0.04244
-0.10376 -0.07595 0.12907
-0.01264 -0.07612 0.05384
-0.13158 -0.07608 0.07193
-0.11399 -0.07601 0.10087
-0.09697 -0.07592 0.14137
-0.09520 -0.07605 0.08702
0.03171 -0.07613 0.04871
-0.11319 -0.07608 0.07037
-0.08627 -0.07614 0.04833
-0.08373 -0.07583 0.17957
0.01459 -0.07607 0.07573
-0.06324 -0.07591 0.14535
-0.07851 -0.07616 0.03821
-0.04316 -0.07609 0.06964
-0.13908 -0.07610 0.06365
-0.12292 -0.07608 0.07364
-0.04171 -0.07597 0.11902
-0.04349 -0.07599 0.11022
-0.11826 -0.07598 0.11574
-0.09182 -0.07616 0.03777
-0.10849 -0.07610 0.06352
-0.08163 -0.07587 0.16215
-0.10782 -0.07602 0.09729
-0.08628 -0.07588 0.16033
-0.08961 0.04235 0.00986
-0.30788 -0.01284 0.18227
0.14463 -0.03965 0.17590
-0.31131 -0.02383 -0.12890
0.31003 0.00398 0.20248
-0.10413 0.01478 -0.05578
-0.20825 -0.06207 0.01126
-0.22733 0.06101 0.17896
-0.17732 0.00288 0.20771
0.41408 -0.00951 -0.01627
0.06405 -0.02461 0.09848
0.05777 -0.02513 0.11920
-0.40544 -0.01216 0.15951
-0.33045 0.04822 0.19190
-0.12154 0.00997 -0.05055
-0.07662 0.04752 -0.17304
-0.05144 0.05192 0.16090
0.03929 -0.03829 -0.19185
-0.18497 -0.03469 0.18122
-0.06103 0.04124 -0.11516
-0.01476 -0.03744 0.04052
0.10888 -0.02794 0.02763
0.01611 0.08666 -0.11646
0.37281 0.00971 -0.02444
-0.43151 0.03987 -0.15068
-0.26837 -0.06122 -0.18306
-0.29565 -0.01685 -0.12125
0.19536 -0.00307 0.19799
0.19342 -0.07379 0.14909
0.31897 -0.07295 0.12282
0.38145 -0.07099 0.13219
-0.39102 -0.07315 0.05216
-0.26386 -0.07579 0.09708
0.02464 -0.07491 0.16791
0.04709 -0.07543 0.11288
0.04943 -0.07530 0.12654
0.05802 -0.07572 0.08242
0.03812 -0.07492 0.16727
0.12195 0.06213 -0.14082
-0.31621 -0.01400 0.02196
-0.24363 -0.09972 -0.13622
0.22520 -0.04130 -0.19899
0.00418 0.00187 -0.20335
0.21851 -0.00485 0.10327
0.25177 0.05190 -0.06148
0.11922 -0.02850 -0.17026
-0.07933 -0.02677 -0.17754
0.27655 -0.01380 0.15583
0.13802 0.03192 0.19465
-0.17979 0.05646 -0.19265
0.16347 0.02567 0.09682
0.16294 0.02665 0.06491
0.13120 0.05867 -0.14157
0.15491 -0.00461 -0.19367
0.28047 0.04422 0.03545
0.27730 0.04583 0.01088
0.27061 0.04825 0.01158
-0.21430 0.03855 -0.03928
-0.13611 0.05412 -0.13076
0.30351 -0.06732 -0.18244
-0.23084 -0.07500 -0.08850
0.25133 0.03697 0.04180
0.27339 0.03363 0.03540
-0.07422 -0.06996 0.02992
-0.17069 -0.07400 0.03224
0.06296 -0.06461 0.02685
-0.14796 -0.07280 0.03155
0.02516 -0.06575 0.02750
0.18041 0.03036 0.09822
0.18003 0.02984 0.12502
-0.16527 -0.00979 0.07130
0.25438 0.05293 0.00144
0.24572 0.05531 0.00602
-0.28808 -0.06447 0.12040
-0.31359 0.01980 0.05751
-0.31003 -0.01585 0.03351
-0.31307 0.01463 0.06687
-0.31528 0.03686 0.03223
-0.31584 0.04246 0.07386
-0.39722 -0.03342 -0.18083
-0.42984 0.04173 -0.09238
0.07792 0.08725 0.10051
-0.21378 -0.07357 0.10114
-0.09027 -0.04614 -0.18946
0.13929 0.05890 0.19216
0.36643 0.00333 0.16799
0.43768 -0.07144 0.01036
-0.10352 0.01261 -0.08594
-0.10044 0.02900 -0.08318
-0.03521 0.00271 0.14343
-0.03353 -0.00616 0.14503
-0.04699 0.00983 0.13780
0.25961 0.03578 -0.03341
0.25281 0.03673 -0.04375
-0.13186 -0.00873 -0.06147
-0.01974 -0.00295 0.02754
-0.00723 -0.00215 0.02444
-0.37032 -0.07417 -0.06373
0.14065 -0.03284 -0.20238
0.15115 -0.02016 -0.20418
0.19833 -0.06644 -0.19213
0.08278 0.03341 -0.10435
0.19107 0.00255 0.04242
0.19311 0.00189 0.02898
0.20777 -0.00275 0.06983
0.19288 0.00193 0.09269
-0.08848 0.03693 0.20084
-0.17797 -0.07579 -0.07215
0.29838 -0.07353 0.12083
0.24845 0.03274 -0.16876
0.26223 -0.02037 0.18770
-0.06076 -0.02526 -0.16883
0.04032 -0.00976 -0.18217
-0.41825 -0.01221 0.05657
-0.24335 0.04649 0.01028
-0.21468 -0.07201 0.18804
-0.18718 -0.01483 0.03422
-0.13901 0.01030 0.06670
-0.19114 -0.01923 0.02854
-0.14639 -0.01872 0.02920
-0.17723 0.00145 0.05527
-0.16590 0.00501 0.05986
-0.15313 -0.00419 0.04797
-0.05150 0.00595 0.12393
-0.03915 0.00434 0.12642
-0.16443 0.07846 0.10410
-0.26675 0.00523 0.15890
-0.24146 0.06622 -0.10406
-0.26069 0.06242 -0.17193
-0.25856 0.06956 0.09637
0.24701 -0.01443 -0.07243
-0.32357 -0.07449 0.04349
0.19261 -0.06135 -0.19170
-0.12635 0.00230 -0.02581
-0.22130 -0.03300 0.18258
-0.07190 0.04366 0.18980
-0.21932 -0.08617 -0.15856
-0.33195 -0.07435 0.02774
0.05878 -0.04361 0.19270
-0.29764 0.06454 0.05159
0.15422 -0.00417 -0.02212
0.18854 -0.01119 -0.02218
-0.34744 0.00716 0.20006
0.41566 -0.06951 0.01569
0.15498 0.01635 -0.15001
-0.17027 -0.04130 -0.19120
-0.08847 0.04840 0.17640
-0.30882 -0.01278 -0.20071
-0.31784 -0.03109 0.00610
-0.25778 -0.07523 0.03696
-0.24184 0.02557 -0.14429
-0.36355 -0.03956 -0.11857
-0.03579 0.06145 -0.15049
-0.04793 0.04678 -0.16637
-0.02378 0.06096 -0.15089
-0.42800 -0.00406 0.09072
-0.04108 -0.01988 0.02379
-0.27422 0.01212 -0.12145
-0.39506 -0.03293 -0.06031
-0.35266 0.05671 -0.15066
-0.00778 -0.01294 -0.02980
0.16109 -0.07552 0.06624
0.23808 -0.07590 0.04727
0.15878 -0.07496 0.09513
0.17018 -0.07614 0.03500
0.18085 -0.07514 0.08567
0.18242 -0.07605 0.03973
0.28196 -0.07593 0.04572
0.13899 -0.07569 0.05785
0.07563 -0.07614 0.03492
0.11512 -0.07554 0.06533
0.22331 -0.07591 0.04648
0.14370 -0.07518 0.08386
0.18801 -0.07486 0.09993
0.20040 -0.07501 0.09251
-0.00038 0.09841 0.02928
0.01950 0.09608 0.05515
0.03542 0.09577 0.04312
-0.35147 0.05098 -0.18107
-0.36605 0.04699 -0.17998
-0.05215 0.01869 0.00670
-0.37432 -0.03620 0.05435
-0.06551 0.09803 0.03518
-0.26941 -0.03947 0.18546
0.13961 -0.03276 -0.16951
0.18650 -0.04846 0.12094
0.18783 -0.05413 0.12092
-0.43202 0.03312 -0.04275
-0.31155 -0.02903 0.15012
-0.27268 0.06020 0.18144
0.28784 0.02867 0.18153
-0.22982 -0.00198 0.07543
0.15056 -0.03547 0.11809
0.14267 -0.03534 0.11654
-0.17946 -0.06243 0.01765
-0.38850 -0.06777 -0.13074
-0.28339 -0.04490 0.19368
-0.30646 -0.04423 -0.03587
-0.25651 -0.04423 -0.09016
-0.21200 -0.04423 -0.07870
-0.30410 -0.04423 -0.05548
-0.27759 -0.04423 -0.06870
-0.28979 -0.04423 -0.04966
0.39410 0.00018 0.01151
0.40111 -0.00327 0.01651
0.04048 -0.05233 0.19215
-0.26885 -0.07328 0.19721
-0.36451 -0.07479 -0.11239
0.31869 0.02372 -0.16632
-0.28126 0.01901 0.14664
-0.24283 0.06849 0.11909
0.03842 -0.07008 0.19553
0.22629 -0.09313 0.20529
-0.33526 -0.07436 -0.03219
0.10463 0.02632 -0.08433
-0.31215 0.00537 0.07153
-0.31285 0.01241 0.07393
-0.30800 -0.03627 0.05491
-0.31381 0.02202 0.08417
-0.40847 0.02016 -0.14468
-0.07619 0.04700 0.17562
-0.41258 -0.02753 -0.06515
0.42055 -0.03329 0.04408
0.42023 -0.04377 0.04779
0.42222 -0.03486 0.02431
-0.26980 0.06293 -0.12383
-0.17701 0.05902 -0.15690
0.08915 0.08188 0.11544
-0.10329 0.04211 0.19985
0.05432 -0.00579 0.18217
-0.09819 -0.02082 0.17905
-0.12195 0.01451 0.05737
-0.21281 -0.04531 0.12109
-0.28854 -0.02934 0.12118
-0.17959 -0.07432 -0.12093
-0.04435 0.02602 0.11404
-0.24021 -0.06544 0.09280
-0.25054 -0.06338 0.09758
-0.26098 -0.06119 0.06941
-0.41924 -0.02463 0.08423
-0.08544 0.08468 -0.10973
-0.36417 0.03452 -0.09893
0.16055 -0.01164 -0.01992
0.36818 -0.00354 -0.15117
0.42463 -0.01634 -0.03657
0.05780 -0.03479 -0.06877
0.27576 0.00091 0.16734
-0.38632 -0.07324 -0.12083
-0.35364 -0.06586 -0.11988
-0.37257 -0.07409 0.04329
-0.26700 -0.05487 0.18546
0.09502 0.02409 -0.08884
-0.06376 0.04887 0.10952
0.17227 -0.06637 -0.17669
-0.15188 -0.07502 -0.19068
-0.16129 -0.07541 -0.14393
-0.15267 -0.07545 -0.15178
-0.33876 0.05740 0.04458
-0.20220 -0.01339 0.17334
-0.31737 0.05082 -0.07937
0.24480 0.02017 0.17377
0.24943 0.01997 0.15182
-0.04137 -0.02584 0.18533
-0.26432 0.06148 -0.15532
-0.32190 -0.05205 -0.19308
0.26016 -0.02548 -0.18785
0.33781 0.02376 0.00378
0.29806 0.03808 0.02108
0.31676 0.03116 0.02544
-0.42156 0.02286 -0.00903
0.24428 -0.05099 0.18497
-0.06431 0.08105 0.11911
-0.04503 0.08699 0.11586
-0.24744 0.01803 -0.18826
-0.41804 -0.02577 -0.14418
0.28250 -0.04354 -0.19213
0.09442 -0.01903 0.16588
0.06191 -0.04789 -0.19118
-0.42664 0.04175 -0.13809
-0.35911 0.01671 -0.19655
-0.17650 0.04175 -0.00898
-0.18701 0.04340 -0.07475
-0.38037 0.04907 -0.04570
0.36975 -0.06109 -0.16433
0.26749 -0.01580 -0.08622
0.20091 -0.00159 -0.08320
-0.29941 0.05768 -0.13286
-0.39067 -0.06128 -0.13205
0.02956 -0.02894 0.12332
0.07755 -0.01708 0.13191
-0.09851 0.03117 0.08100
-0.34727 -0.06214 0.01184
-0.10989 -0.03042 -0.18168
-0.19385 0.08020 -0.05269
0.40900 -0.03036 0.13281
-0.36461 -0.07413 0.04301
0.16909 -0.03225 -0.16539
-0.12005 0.04767 -0.11139
-0.08476 0.08732 0.09126
-0.01668 0.00252 -0.01835
-0.20683 -0.01790 0.12128
-0.18102 -0.03186 0.12120
-0.35550 0.05136 0.04258
0.23671 -0.02296 0.02967
0.24726 -0.00977 0.06924
0.24733 -0.01106 0.03635
0.25601 0.01969 -0.21052
0.23637 0.02054 -0.19423
-0.28133 -0.05533 0.18804
0.18698 -0.03659 0.06288
0.07590 -0.03565 0.03707
0.16789 -0.03643 0.05796
0.20968 -0.03674 0.05032
0.12416 -0.03605 0.04606
0.22152 -0.03680 0.03652
0.09441 -0.03581 0.04441
0.06537 -0.03554 0.02361
0.15640 -0.03624 0.01633
0.13846 -0.03614 0.03352
0.22135 -0.03687 0.06472
0.13059 -0.03607 0.02928
0.13712 -0.03614 0.03916
0.15684 -0.03636 0.06514
0.27589 0.02457 -0.09787
0.13462 -0.01990 -0.15701
0.01234 -0.02480 -0.15434
-0.21543 0.01857 0.00528
-0.13977 0.02296 0.01159
-0.33785 -0.05812 -0.16787
-0.32679 -0.06327 -0.15609
-0.32658 -0.06100 -0.17399
0.15372 0.02131 0.14412
-0.19324 0.02999 -0.02506
-0.19135 -0.06841 0.17634
-0.10477 0.05210 0.14976
0.26177 -0.01230 0.19829
-0.18515 0.06984 -0.11473
-0.14638 -0.06976 0.19573
0.16839 -0.03286 -0.20448
-0.42450 -0.00074 -0.00093
0.17749 0.07154 0.02693
0.19862 0.06724 0.03663
0.40407 -0.03433 0.12255
-0.23796 -0.04422 -0.14192
0.15801 0.02283 -0.13075
0.26521 -0.06837 0.12084
0.29603 -0.06654 0.12080
0.10429 -0.01767 0.17618
0.35439 -0.00266 -0.17325
-0.18757 -0.02208 -0.19506
-0.24074 -0.07545 0.11616
0.24540 0.04735 -0.10623
0.18454 0.00415 -0.18267
0.19868 0.03361 -0.10495
-0.21402 0.06195 -0.12124
0.10836 -0.03819 -0.03252
0.07341 -0.02543 -0.02881
-0.25964 -0.09761 -0.14674
0.37048 -0.06610 0.00726
-0.30680 0.05765 0.18108
-0.07275 0.04948 0.05079
0.08583 -0.03643 0.17208
-0.22356 -0.04079 0.00552
0.15362 0.02426 -0.17639
-0.25414 -0.01281 0.03859
-0.39618 -0.04301 0.13686
-0.40332 -0.03722 0.14009
-0.40652 0.01393 -0.14947
-0.06602 0.03640 0.01236
-0.21816 0.06266 0.09486
-0.18154 0.08301 0.02651
0.30435 -0.06249 -0.19106
-0.10941 0.02068 -0.06358
-0.07520 0.08233 -0.11751
-0.06441 0.07583 -0.12291
-0.07453 0.04447 0.07797
-0.07762 0.05886 0.07127
0.37879 0.00073 -0.09262
-0.40529 -0.03062 0.16357
-0.16415 0.06828 -0.13748
-0.41338 0.04327 -0.10049
-0.42029 0.04201 -0.09049
-0.38670 0.00273 0.18948
-0.37090 -0.00462 0.19166
-0.21757 0.01887 -0.00568
-0.21110 0.01841 -0.00502
0.22827 -0.09651 0.18113
-0.27299 0.00861 0.03084
-0.24650 0.03468 0.00230
-0.27555 -0.08085 0.16033
0.36850 -0.00955 0.15782
-0.11884 -0.04450 -0.04753
-0.12813 -0.04435 -0.08919
-0.05871 0.04998 0.16067
-0.41135 0.01809 0.12332
0.27247 0.00133 0.20449
0.01624 0.00765 0.18217
-0.22714 -0.06842 0.18258
-0.26427 0.03182 -0.00788
-0.02357 0.00274 0.02093
-0.21457 -0.03695 -0.09175
-0.16978 -0.04208 -0.09176
-0.19618 0.02098 -0.09159
-0.26655 -0.02787 -0.09172
-0.20819 -0.01985 -0.09170
-0.24768 -0.02056 -0.09170
-0.22736 -0.03419 -0.09174
-0.20566 0.00546 -0.09163
-0.25043 -0.01073 -0.09168
-0.22485 -0.01064 -0.09168
-0.23019 -0.09032 0.17528
-0.06689 0.06784 0.06972
-0.06650 0.06699 0.07764
-0.05850 0.04989 0.08915
-0.09498 -0.01607 0.01766
-0.09117 0.02533 0.00524
-0.13250 0.03358 0.05289
-0.17542 -0.06973 -0.18381
-0.19281 -0.03377 -0.13211
0.00496 -0.03373 0.17016
-0.12431 0.08106 0.12477
-0.03382 0.09484 0.10641
-0.12195 0.02473 0.03197
-0.08360 0.08432 -0.12259
0.21459 0.02898 0.12926
0.18748 -0.01407 -0.19664
0.12144 0.04549 -0.05751
0.15448 0.02697 0.18030
0.36684 0.00735 -0.07805
-0.43561 0.03566 -0.04928
0.18134 0.00025 -0.19105
0.17984 -0.00185 -0.16087
-0.27332 -0.08255 -0.18379
-0.43130 0.02143 -0.08983
-0.29101 0.06657 -0.00047
0.19251 0.02978 0.19585
0.06104 0.09034 0.09070
-0.23893 0.01041 -0.17834
0.20431 0.03286 -0.10020
0.19322 0.03200 -0.06955
0.21069 0.03320 -0.09715
0.20343 -0.05147 0.18924
-0.23900 -0.06221 0.18092
0.17134 0.02778 -0.15434
-0.30229 -0.03109 0.00153
0.12990 -0.01903 -0.16564
0.35705 -0.01781 -0.15096
-0.17256 0.07207 0.11557
0.43329 -0.04718 0.04064
-0.39517 -0.07305 0.01785
-0.25336 -0.04192 0.19529
-0.17583 -0.07546 -0.15090
0.13257 -0.04180 0.18013
-0.44073 0.03830 -0.04103
-0.27725 -0.07269 0.06337
0.10000 -0.06258 0.01196
0.06408 -0.06256 0.01516
0.13472 -0.06255 0.01681
0.23917 -0.06258 0.01184
0.05271 -0.06253 0.01995
0.23643 -0.06261 0.00685
0.24581 -0.06250 0.02549
0.23577 -0.06250 0.02496
-0.03247 -0.06251 0.02304
-0.28891 -0.07487 0.05221
-0.38666 -0.04348 0.16002
-0.23900 -0.07996 0.18995
0.18912 -0.01119 -0.16094
0.07131 0.01963 0.17143
0.15279 -0.00911 -0.18093
-0.22030 0.05769 -0.11586
-0.17230 0.05188 -0.10219
-0.28052 0.05093 -0.09997
-0.25524 0.05415 -0.10753
-0.30429 0.04801 -0.09310
-0.22610 0.05354 -0.10609
-0.16654 0.04744 -0.09177
0.06562 0.07938 0.12831
-0.07987 0.07888 -0.12255
-0.07197 0.05570 -0.13974
-0.20236 -0.07586 -0.04683
0.30186 0.03067 -0.09621
0.39127 -0.01596 -0.15646
-0.24460 -0.08968 0.20403
-0.02565 0.02347 -0.20232
-0.06544 0.09525 0.09333
0.08884 -0.04174 -0.18093
-0.22249 0.06314 -0.05123
-0.18560 0.00043 0.14555
-0.17996 -0.00826 0.20023
0.18252 0.03037 -0.11275
0.18440 0.03126 -0.07589
0.30317 -0.06867 0.18716
0.15335 -0.02585 -0.18895
0.17732 0.00055 0.11711
0.03933 -0.00495 -0.20068
0.10247 0.03585 -0.18681
0.03556 0.02710 0.19965
0.24027 -0.08871 0.19197
0.11240 -0.02064 -0.06952
0.10974 -0.02085 -0.05970
0.10846 -0.02096 -0.09456
0.13112 0.04849 -0.08908
0.11264 0.05002 -0.09510
-0.25237 -0.07318 0.03228
-0.03763 -0.02401 -0.18598
-0.11289 -0.03530 -0.09174
0.04659 -0.05002 -0.19173
-0.33123 -0.07015 0.07560
0.06277 0.01506 0.18212
0.25907 0.01123 0.18128
0.04749 -0.03487 -0.17016
-0.16387 0.01225 0.20837
0.08888 0.04509 -0.07997
0.06884 0.08873 -0.09717
-0.34448 -0.00407 -0.04683
-0.35497 0.05270 -0.12759
-0.04375 -0.00798 0.20167
-0.30711 0.06132 0.08997
-0.38408 0.03656 0.08805
-0.30979 0.04901 -0.01015
0.01340 -0.02354 -0.12476
-0.01092 -0.02854 -0.12079
0.04264 -0.01930 -0.12858
0.28521 -0.03929 0.14865
0.20376 0.02525 -0.11627
0.14902 0.07734 0.00809
0.13081 0.08087 0.00203
0.18352 0.07066 0.00105
-0.07248 0.02960 0.12132
-0.07348 0.03167 0.11395
-0.34420 0.00655 -0.02094
0.30359 -0.06348 0.13128
-0.07909 -0.03331 -0.17830
0.30346 0.03558 -0.04717
-0.42043 0.04222 0.10139
-0.41012 0.04363 0.09431
-0.24246 -0.02544 0.12122
-0.09233 -0.06697 0.18939
0.34491 0.00870 -0.17807
0.09901 -0.02174 0.05282
0.11323 -0.02057 0.12219
-0.19752 -0.06381 -0.18909
0.13916 0.05878 -0.14232
0.16976 -0.00559 0.13667
0.16897 -0.04425 0.17148
-0.01316 0.00494 -0.02904
-0.19865 0.03307 0.02382
-0.07650 0.07462 -0.09236
-0.22966 0.00163 0.09143
-0.24998 -0.03575 0.09134
-0.16738 -0.03768 0.09133
-0.17656 0.00828 0.09145
-0.18696 0.01183 0.09146
-0.18360 0.03027 0.09151
-0.28464 -0.03843 0.09133
-0.22016 -0.00788 0.09141
-0.18709 0.02371 0.09149
-0.28959 0.01343 -0.19599
0.34901 0.02047 -0.17630
0.34021 0.02106 0.07333
0.37864 -0.01747 0.16305
-0.32187 0.01226 0.20396
-0.15720 0.06154 0.15119
-0.02407 -0.03271 0.14875
0.06572 -0.02576 0.15321
-0.16295 -0.03070 0.19570
-0.06281 0.04450 -0.04593
0.01418 0.04212 0.16956
-0.39752 0.04714 0.16010
-0.05994 0.04490 0.17036
-0.03594 -0.07557 0.14716
-0.05011 -0.07584 0.15140
0.02817 -0.07587 0.07669
-0.07888 -0.07549 0.19049
-0.42613 -0.03361 0.05461
-0.20581 -0.07151 0.11535
-0.32072 -0.05480 -0.05680
-0.29867 -0.05573 -0.05789
-0.35923 -0.00182 0.01266
-0.42612 0.02451 0.06717
0.06885 -0.01327 0.13178
0.11948 -0.07529 -0.10157
0.15374 -0.07476 -0.16235
0.12155 -0.07526 -0.10938
0.14486 -0.07490 -0.10419
0.14079 -0.07496 -0.13115
0.13138 -0.07511 -0.08920
0.20065 0.03213 0.12349
-0.14364 0.06930 -0.14169
0.12495 0.02019 0.20153
0.04857 -0.01443 0.03203
0.14759 -0.02680 0.16834
-0.21444 -0.04447 0.00575
-0.15772 -0.04459 0.00189
0.25128 0.03441 -0.00658
-0.27008 0.01192 0.18833
0.41630 -0.03902 -0.08467
-0.25648 -0.08941 -0.15706
-0.32391 0.02409 -0.20345
-0.28083 0.07025 -0.04232
0.10857 0.06618 0.13748
-0.08581 0.04800 0.12778
-0.36998 0.04992 -0.10459
0.28726 0.00044 -0.12171
0.20183 -0.01250 -0.12113
-0.26193 0.02915 0.20705
0.19496 0.03899 -0.10731
0.20341 -0.00493 0.19254
-0.32653 -0.07022 -0.07906
0.18869 -0.03371 -0.18017
0.25807 0.02145 0.05874
-0.33098 -0.07441 0.03909
-0.37418 -0.04416 -0.17613
-0.10141 0.00394 0.20718
0.16295 -0.01804 -0.14645
0.15398 0.06392 0.12664
-0.06927 0.08736 -0.08865
-0.25659 -0.04125 0.18212
0.09967 -0.01852 -0.02219
-0.01508 -0.00298 -0.02282
0.10321 -0.02491 -0.02240
-0.02715 -0.03222 -0.02408
0.05730 -0.02835 -0.02302
-0.00433 -0.03556 -0.02396
-0.03752 -0.03231 -0.02419
0.01478 -0.02987 -0.02354
0.32779 0.02092 -0.11113
0.32140 0.02126 -0.12304
-0.22261 0.03155 -0.20712
0.15978 -0.03433 0.13219
-0.07842 0.08365 -0.09903
0.27856 0.02979 0.15311
0.35381 0.01209 0.14980
0.03942 0.04739 -0.16244
0.30423 -0.05358 0.17096
0.30390 -0.04431 0.13936
0.11906 0.06932 0.12911
0.22100 0.02697 -0.11703
0.05446 0.02438 -0.17097
-0.17034 -0.04609 -0.14005
0.14994 0.03687 -0.17818
0.13987 0.05646 -0.18514
-0.06360 0.06080 -0.09407
-0.41128 -0.03078 0.11846
-0.00780 0.01482 -0.20164
0.36541 0.00464 0.13994
-0.09905 -0.03385 -0.07563
-0.09956 -0.00765 -0.07953
-0.11024 0.04728 0.09407
-0.08974 -0.03375 -0.17549
-0.25992 0.04935 -0.00470
-0.25722 0.04028 0.03111
-0.34970 -0.05893 0.15278
-0.24449 0.03086 0.00552
-0.10594 0.01132 -0.06358
-0.01066 0.00164 -0.20328
0.00581 -0.01835 -0.05567
-0.00929 -0.01572 -0.10341
-0.00660 -0.01619 -0.06588
-0.17635 -0.01382 -0.18334
-0.18316 -0.00332 -0.13006
0.22420 -0.00433 -0.04214
0.24384 -0.00589 -0.07144
0.19407 0.01129 0.12914
0.18976 0.00806 0.14423
-0.19487 -0.07350 0.09712
-0.20276 -0.07241 0.08925
-0.34555 0.05455 0.17885
-0.04446 0.03880 -0.16759
-0.18685 -0.07604 -0.04386
0.16898 -0.04286 -0.14003
0.29083 -0.05977 -0.17043
-0.09537 0.04710 0.05811
-0.22836 -0.00927 -0.04336
0.18912 -0.03045 -0.20062
0.15271 0.01139 0.17777
0.02861 0.04341 -0.16716
-0.00235 0.05069 -0.16137
0.16916 -0.04728 -0.19620
0.43525 -0.03337 0.02457
0.19699 -0.05692 0.20299
0.09289 -0.02224 -0.11610
0.38391 -0.00475 0.14289
0.22163 0.00349 -0.12107
-0.26656 0.01337 -0.16870
0.40196 -0.00551 -0.04783
0.09148 -0.02236 0.03459
0.33887 -0.00749 -0.12840
0.10676 -0.02778 0.02250
0.13709 -0.03435 0.02243
0.01397 -0.03281 0.02369
-0.01289 -0.00768 0.02300
0.15966 -0.03121 0.02206
-0.03424 -0.03567 0.02432
-0.02300 -0.01527 0.02341
-0.22175 -0.00691 -0.07703
0.12687 -0.02900 -0.17025
-0.22441 0.03737 0.07053
-0.26349 0.03497 0.07350
-0.34103 -0.05334 0.11894
-0.37867 -0.05482 0.12004
-0.24764 0.01800 0.17166
0.07459 -0.02738 0.20005
-0.17424 0.05917 0.17128
0.20711 0.02767 0.11005
0.24410 0.03586 0.15156
-0.18126 0.05869 -0.18201
-0.07350 0.08093 0.05882
-0.04553 0.09632 0.09458
-0.06858 0.07144 0.09203
-0.20809 -0.00847 0.20356
-0.14175 -0.02570 0.19072
0.20964 -0.05709 -0.19011
-0.31138 -0.06312 0.13476
0.39686 -0.00983 -0.14563
0.12489 0.07624 -0.10837
0.08506 0.07575 0.11962
-0.41193 -0.02199 -0.16593
0.20430 -0.03182 0.18497
-0.15406 0.08347 0.11013
0.19194 0.00224 0.06594
0.05797 -0.03157 0.16943
0.14631 0.01822 -0.12043
0.15499 0.07502 -0.06404
0.17871 0.06958 -0.07309
0.18733 0.06790 -0.07084
-0.37380 -0.01552 -0.18844
0.29066 -0.05746 -0.12077
0.21260 -0.05943 -0.12087
-0.05778 0.03270 -0.18927
-0.07841 -0.01360 0.19346
-0.40564 -0.00188 0.12820
0.39003 0.00018 -0.04371
0.36901 0.01074 -0.03523
0.29284 -0.00432 -0.17333
0.29546 -0.00792 -0.19925
0.02807 0.06844 0.14114
0.01116 0.05480 0.15632
0.02488 0.00012 -0.01156
0.06162 0.08701 -0.11240
0.19856 -0.08211 0.19700
-0.07749 0.04005 -0.08288
-0.07329 0.03182 -0.08450
0.28551 0.03704 0.09862
-0.15135 0.03350 -0.01034
0.17139 -0.06126 0.18090
0.17175 -0.06353 0.12939
-0.16365 -0.07600 -0.06980
-0.13928 -0.07551 -0.15776
-0.11692 -0.07568 -0.17477
-0.11518 -0.07560 -0.18572
0.21532 -0.08429 -0.20521
-0.29300 -0.04533 0.12111
-0.22740 -0.05198 0.12113
-0.37461 -0.04338 0.17972
-0.16147 -0.00012 -0.20619
0.18723 -0.00326 0.10797
0.18302 0.00258 0.15702
0.19871 -0.05457 0.19197
0.04706 0.02598 0.19983
0.41261 -0.04234 -0.12079
-0.22847 0.00649 0.13398
-0.06039 0.08714 -0.11920
0.23505 -0.02875 0.02229
0.18598 -0.02161 0.02249
0.29148 0.01688 -0.20337
-0.09562 -0.02953 -0.17770
-0.12108 -0.01270 -0.20014
-0.06902 0.08622 0.10520
-0.06774 0.02235 0.04644
-0.06878 0.02369 0.07658
-0.06298 0.01337 0.07803
-0.07043 0.02676 0.06797
-0.05681 0.00312 0.03683
-0.05450 -0.00136 0.05939
-0.06564 0.01815 0.07540
0.35058 0.01401 0.13830
-0.20179 -0.05644 -0.18804
-0.33109 0.05868 -0.04989
0.20008 -0.02255 0.02235
0.09336 -0.01043 0.02222
-0.26564 0.04571 0.07445
-0.42060 0.03730 -0.07925
-0.26638 0.06873 -0.05438
0.05406 0.08718 0.11706
0.10639 0.02241 -0.06612
-0.07725 -0.02942 -0.17251
-0.31302 -0.04049 0.19126
-0.40257 0.03841 0.08870
-0.34533 0.05612 0.05591
0.36229 0.01429 0.03088
-0.29826 -0.04432 -0.00330
-0.28393 -0.04431 -0.01831
-0.17442 -0.04456 -0.00199
-0.28303 -0.04432 -0.01198
-0.22317 -0.04442 -0.01866
-0.21744 -0.09346 -0.18321
0.23181 0.03019 0.10615
0.36646 0.00595 -0.14780
-0.26139 0.05218 -0.19475
-0.28898 0.06263 0.10483
-0.24529 -0.08074 -0.15081
0.23084 0.04114 -0.09176
-0.27875 0.00431 0.09144
-0.30912 -0.01110 0.09140
-0.29069 -0.02932 0.09135
-0.31021 0.00656 0.09145
-0.26072 0.04130 0.09154
-0.30174 0.03492 0.09152
-0.25910 0.02836 0.09150
-0.26258 -0.00442 0.09142
-0.22264 0.02722 0.09150
-0.21176 0.02328 0.09149
-0.29260 0.00564 0.09144
0.36845 -0.00739 0.14208
-0.13952 -0.01014 -0.07040
-0.41277 -0.00458 0.05669
-0.41978 0.01774 0.00990
0.27910 0.02932 -0.15621
-0.22669 0.05959 0.00003
-0.38509 0.04758 0.10198
0.27348 0.04381 0.07038
-0.24414 0.05830 -0.18825
0.34867 -0.04219 0.18395
-0.04526 0.08073 -0.12533
0.18712 -0.01493 0.16731
-0.31170 -0.07303 0.12569
0.43663 -0.06792 0.03929
-0.38076 0.02552 0.18966
-0.19639 0.00535 -0.06225
0.36099 -0.01033 -0.14073
0.19776 -0.00025 -0.16511
0.16940 -0.07452 0.11929
0.15786 -0.07470 0.13283
0.16637 -0.07456 0.17692
0.13610 -0.07504 0.11738
0.09612 -0.07566 0.08113
-0.42009 0.00256 0.14845
-0.16820 0.03927 0.00572
0.18448 -0.06046 -0.19845
-0.30750 -0.06095 -0.01706
0.23174 0.03818 -0.15063
-0.27872 0.02622 -0.20771
0.23405 0.05850 -0.01344
0.22482 0.06116 -0.00508
0.37339 -0.04170 -0.17329
-0.19128 -0.01496 -0.20239
0.41255 -0.06639 0.11536
-0.04675 -0.01249 0.19418
-0.43248 0.03979 -0.06610
-0.42912 -0.03357 0.02698
-0.24163 0.01828 -0.19454
0.39176 -0.06351 -0.14547
0.17192 -0.03136 -0.11321
0.22884 -0.09658 -0.15277
-0.16948 0.03150 0.01709
0.11395 0.05117 -0.15482
0.09711 0.06191 -0.14470
-0.17359 -0.06195 -0.13405
-0.07375 0.07651 0.07371
0.03136 0.09415 -0.08412
0.06415 -0.01961 0.02633
-0.00416 -0.02361 0.03265
-0.02443 -0.01744 0.03060
0.08515 0.03642 0.18602
0.17267 -0.06838 -0.13127
-0.29658 -0.07061 0.09948
-0.23017 -0.07618 -0.11505
-0.30266 -0.03836 -0.17835
-0.21088 -0.07107 0.09465
-0.23758 -0.06546 0.06011
-0.21667 -0.06936 0.05903
0.32014 0.02925 0.05255
0.41876 -0.03655 0.08590
-0.42084 0.00483 -0.17755
-0.43185 0.04155 -0.00698
-0.43383 0.04116 -0.01894
-0.42781 0.04199 -0.06567
-0.31196 -0.04709 -0.12226
0.17348 -0.07243 0.17697
0.03197 -0.03936 0.19083
0.08163 0.08977 -0.07177
-0.26299 -0.00531 0.18804
-0.42379 0.02902 0.14779
0.16162 0.04375 0.18329
-0.35466 -0.01924 -0.19133
-0.05057 0.04468 0.17908
0.32600 -0.06384 -0.00718
0.30735 -0.06291 -0.00359
0.35445 -0.06527 -0.00961
-0.11237 -0.02299 0.09137
-0.15974 -0.07582 -0.10739
-0.23005 -0.07348 -0.09470
0.19958 -0.03757 0.19307
-0.02254 0.09695 -0.08389
-0.00109 0.09592 -0.08086
0.29474 0.02713 -0.10968
-0.40032 0.03814 0.10401
-0.22517 0.05476 0.06278
-0.15365 0.05975 -0.03709
0.18702 0.00327 -0.02387
-0.12818 0.01812 0.01621
-0.26851 0.02303 -0.18162
-0.42910 0.02956 -0.10285
-0.08436 0.07442 0.05045
-0.14016 -0.02465 0.09136
-0.13305 -0.00292 0.09142
0.21156 0.03481 0.00628
0.08593 -0.02281 0.11457
-0.27675 0.06945 0.08177
-0.15470 0.04568 0.09155
-0.16107 -0.03135 0.09135
-0.12689 -0.02771 0.00974
0.20297 0.01795 -0.18599
0.43049 -0.04981 -0.04146
-0.21957 -0.07130 -0.03099
0.22955 0.03598 -0.09500
-0.27829 0.00741 -0.12143
-0.24674 0.00502 -0.12143
-0.35734 0.05336 0.01581
-0.38510 0.04859 0.00779
-0.39767 0.04636 0.01063
-0.41913 0.04235 0.06516
0.30954 -0.07352 -0.18240
0.33573 -0.07354 -0.18611
-0.24596 -0.03258 0.19609
0.11269 -0.03057 -0.20123
0.15070 -0.03186 0.17009
-0.43608 0.02890 -0.05493
-0.29554 -0.07112 -0.12032
0.43598 -0.03718 -0.00800
0.11294 -0.06458 -0.02683
-0.12096 -0.07014 -0.03002
-0.16840 -0.06968 -0.02976
0.05465 -0.06545 -0.02733
0.22755 -0.06458 -0.02683
0.20090 -0.07412 0.19222
0.04140 -0.01986 -0.16781
0.06986 -0.02613 -0.16850
0.14974 -0.00743 0.02074
-0.41361 -0.05273 0.02305
0.26254 0.03548 -0.01752
0.20138 -0.00699 -0.19688
0.05343 -0.07519 -0.13870
0.03443 -0.07504 -0.15394
0.05621 -0.07548 -0.10741
0.04198 -0.07486 -0.17458
0.04480 -0.07545 -0.11028
0.36459 -0.01358 -0.13699
-0.09067 0.03055 0.05433
-0.09283 0.00653 0.06516
-0.09160 0.02021 0.06417
0.35467 0.01204 -0.15837
-0.20971 0.07595 0.10447
0.04193 0.08765 0.11073
0.16808 0.05534 0.13981
-0.20039 -0.00566 -0.20503
0.23197 -0.02973 -0.19665
-0.23151 -0.00896 -0.06666
-0.12829 -0.02603 -0.19542
-0.29327 -0.06347 -0.12100
0.23203 -0.01417 0.12169
0.27380 0.00558 0.12122
0.28912 -0.00659 0.12214
-0.06799 0.09860 -0.00260
0.09408 0.04555 -0.11053
-0.38719 0.03776 -0.05701
-0.27773 -0.00462 0.13609
-0.08792 0.04741 -0.15036
-0.30102 0.06009 0.17334
0.06333 0.09377 0.01356
0.08075 0.09033 0.04316
0.06278 -0.01903 0.16041
-0.05297 0.02050 -0.14349
-0.02648 0.00321 -0.15893
-0.39911 0.04510 -0.08541
-0.08478 0.07632 -0.13329
-0.11006 0.06193 -0.15127
0.11847 0.07875 0.10290
0.16583 0.06886 0.09775
-0.04153 0.09711 0.08748
0.16287 0.02687 0.05725
-0.09281 0.06409 -0.14783
-0.27360 0.04686 0.19955
0.09659 -0.01889 0.20136
-0.24153 -0.04254 0.19731
-0.12817 -0.03576 -0.09174
-0.15529 -0.03767 -0.09175
-0.14811 -0.03669 -0.09175
-0.19889 -0.07296 -0.09432
0.05671 -0.01180 0.20063
-0.09298 0.08863 -0.11535
0.03958 0.03966 -0.17601
0.23456 -0.09734 -0.18015
-0.21175 0.06153 -0.16412
-0.17405 0.07979 -0.11872
-0.22869 -0.07128 -0.18210
-0.37214 0.05064 0.10083
0.17548 0.03359 -0.00986
-0.17300 -0.03109 -0.00107
-0.19979 -0.03109 -0.00091
-0.08533 0.07510 0.13280
-0.24604 0.07178 -0.00245
-0.20519 0.07915 -0.00480
-0.22699 0.07498 -0.02442
-0.18931 0.08202 -0.00507
-0.25957 0.06922 -0.01147
0.40982 -0.01271 0.08380
-0.30640 -0.07459 -0.05468
-0.40452 -0.00884 -0.12800
0.42502 -0.04421 -0.09370
0.20752 0.02041 -0.20949
-0.42280 -0.01460 0.10210
0.20332 -0.03217 0.12099
0.23230 0.01519 0.15169
-0.05630 0.02444 -0.00577
0.35868 -0.00609 -0.15005
0.35695 0.00136 -0.17604
0.05477 -0.00140 -0.00863
-0.29389 0.06698 0.00604
-0.12818 0.02722 0.02193
-0.26734 0.03898 0.01935
0.24784 -0.03408 -0.19890
0.16093 -0.02252 -0.14735
0.01499 0.09784 -0.02351
0.02808 0.09549 -0.05761
0.01329 0.09715 -0.03982
0.12431 0.01843 -0.17136
0.42187 -0.03286 0.10136
-0.23065 -0.04269 0.18683
-0.25589 0.05683 0.19016
-0.34675 -0.07136 -0.02283
-0.12883 0.08034 -0.12550
-0.05314 0.09914 -0.01011
0.11499 -0.04696 0.19720
-0.14151 -0.04438 0.06347
-0.13977 -0.04434 0.07997
-0.10625 -0.04464 0.01293
