0.24821 -0.02824 0.13334
-0.36170 -0.05224 0.13727
0.07784 0.04040 0.13714
-0.17623 0.07030 0.12053
-0.08531 -0.06893 -0.04856
-0.13002 -0.07857 0.01753
-0.11957 -0.07846 0.01889
0.29160 0.01829 -0.12660
0.05280 0.06903 0.03543
0.07748 0.05155 0.01121
0.04969 0.07123 0.02622
0.09705 0.03769 -0.00025
-0.44484 -0.01043 -0.12187
0.31188 -0.01750 -0.07640
0.03660 0.08048 0.08250
0.06768 0.05813 0.07189
-0.42671 -0.06071 0.13959
-0.23986 -0.02525 -0.03181
-0.25103 -0.02815 -0.09082
-0.24648 -0.04634 -0.14207
0.23322 0.01174 0.10334
-0.34070 -0.04423 -0.12127
0.28485 0.01064 -0.10334
0.12168 -0.01826 0.13775
-0.45152 -0.02081 -0.10004
0.31654 -0.00428 -0.14429
-0.44507 -0.01082 0.10308
-0.45425 -0.02496 0.03172
-0.09426 -0.05530 0.01040
0.18197 -0.05731 -0.11609
0.26962 0.01272 0.07309
-0.38532 0.04177 -0.14271
-0.42207 0.08736 -0.14118
-0.29640 0.04098 -0.06106
-0.28864 0.03199 -0.06484
-0.25942 0.03162 -0.04897
0.25417 -0.10908 -0.14501
-0.42959 -0.00320 -0.11590
-0.23876 0.02437 0.01648
-0.32183 -0.00012 -0.15781
0.11341 -0.07324 -0.04377
0.10571 -0.07406 -0.04016
0.05570 0.01479 0.08790
-0.31598 0.02387 -0.09260
0.15090 -0.08110 0.05800
0.00713 -0.03925 0.15641
0.29101 -0.06445 0.07358
-0.01221 -0.05936 -0.01205
-0.00867 0.02455 -0.14950
0.22328 -0.07924 0.09943
0.37161 0.00239 -0.07744
-0.40449 -0.06181 -0.08646
0.30057 0.00461 0.04634
0.05183 -0.07591 -0.00071
0.27888 -0.03688 -0.07974
-0.35238 0.02965 -0.01649
-0.20681 -0.02772 -0.14172
0.22224 -0.09823 0.13803
-0.44302 0.02905 0.11343
0.00610 -0.06733 -0.01704
-0.33241 -0.05484 0.02553
-0.35952 -0.05502 0.05351
-0.33317 -0.05484 0.03452
-0.37663 -0.05513 0.06206
-0.31501 -0.05471 0.03709
-0.29359 -0.05455 0.06925
-0.30562 -0.05464 0.06242
0.05265 -0.07815 -0.14629
-0.27129 -0.07990 0.13546
-0.42462 0.11937 -0.01239
-0.44224 0.01940 0.13648
-0.24918 -0.11770 0.10782
0.36049 0.00463 -0.02878
-0.21625 -0.05992 0.13806
0.15099 -0.00702 -0.09878
0.11539 -0.07816 -0.12509
0.09119 -0.08271 -0.12510
0.03553 -0.08154 -0.12512
-0.09498 -0.03781 0.15112
-0.10613 0.08958 -0.10607
0.37403 0.00165 0.11467
0.14135 -0.07322 0.14037
0.05353 -0.04149 -0.02142
0.23773 -0.02628 0.02126
0.22903 -0.03645 0.03159
0.22238 -0.02895 0.02397
0.39786 -0.07001 -0.13495
-0.13221 0.08812 0.04510
-0.11769 0.08888 0.04387
-0.14719 0.08731 0.04835
-0.18024 0.08635 0.08376
0.08996 0.02454 -0.12417
-0.25570 -0.03238 -0.04064
0.13234 0.01914 0.12607
0.19660 -0.05176 -0.07955
-0.17923 0.01129 0.15613
0.24491 0.00220 0.10333
0.18110 0.00198 0.10333
0.14586 -0.04416 0.15556
-0.43985 -0.03397 -0.07853
-0.17808 -0.07194 -0.11075
0.21774 -0.08212 -0.09358
-0.11213 -0.07578 0.03858
-0.26771 0.00908 0.14974
-0.34783 -0.06539 -0.10536
-0.25348 -0.08307 -0.09382
-0.40889 0.02771 0.11236
-0.37726 -0.04833 -0.13724
-0.00808 0.08765 -0.06764
0.13529 0.00838 -0.03725
0.12531 0.01004 -0.10007
0.12325 0.01039 -0.09315
0.12509 0.01008 -0.11853
-0.04492 0.02677 -0.06715
-0.26903 -0.09135 -0.14425
-0.12658 -0.03388 0.09547
-0.29417 -0.01030 0.14558
-0.12523 0.08285 0.10401
-0.30812 -0.05464 -0.07683
0.30869 -0.08776 0.01129
-0.29768 -0.07581 -0.11630
-0.42594 -0.06298 0.07265
0.18715 -0.04089 0.14897
-0.13442 -0.04989 0.13500
-0.30276 -0.00452 0.15821
0.02070 0.06772 -0.00101
0.25073 -0.07553 -0.08460
0.00532 -0.03542 0.03927
0.16129 0.00090 0.09757
0.35837 0.00487 -0.04625
0.20522 -0.10538 -0.11445
0.33625 0.01063 -0.10426
-0.23875 0.01372 -0.01915
-0.40314 0.06613 -0.13853
-0.38133 0.05465 -0.13702
-0.38427 0.04420 -0.13770
-0.23875 0.01850 -0.02613
-0.17778 0.05153 -0.13575
-0.20605 -0.08416 0.10234
-0.21828 -0.02251 0.14858
0.21444 -0.02070 0.07955
-0.41062 0.02650 -0.09301
-0.42405 -0.00158 -0.12308
0.32373 -0.00120 -0.00340
0.32264 -0.00110 0.03730
0.24064 0.01649 0.07926
-0.21091 -0.10567 -0.15105
-0.21903 -0.05288 -0.11688
-0.32900 -0.03712 0.01808
0.23135 -0.08894 -0.03527
0.15415 -0.07084 -0.01528
0.08038 -0.07117 -0.13856
-0.41702 0.02938 -0.13767
-0.06512 0.09068 -0.00433
0.12540 -0.07713 -0.12962
-0.27493 -0.00099 -0.11612
-0.09274 0.04776 -0.13238
0.29664 0.00655 0.10393
-0.43177 -0.00652 0.09258
-0.22667 0.06417 0.10879
-0.08817 -0.08157 0.08763
0.32073 0.01384 -0.09557
-0.22540 -0.04631 -0.12908
-0.35375 0.03437 -0.01930
0.22959 -0.09495 -0.01128
-0.14926 -0.08133 0.05065
-0.23539 -0.06907 -0.06370
0.10851 -0.07376 0.07459
0.11328 -0.07325 0.05360
0.30872 0.00226 0.05369
0.23668 -0.02073 -0.13296
-0.32574 -0.03706 0.09461
-0.32848 -0.03707 0.08251
0.22426 -0.07373 0.05910
-0.39099 0.02854 -0.14156
-0.00563 -0.05967 0.01258
0.10472 0.01413 0.08543
-0.43398 0.02720 -0.02102
0.43930 -0.02712 0.06099
-0.35697 0.02776 -0.00636
-0.44386 -0.00899 0.11472
-0.15191 -0.09632 -0.05039
-0.20777 0.03732 0.08213
-0.01468 0.09336 0.01866
-0.42903 -0.05955 0.08317
-0.26532 0.03186 0.01597
-0.24903 0.03155 0.01937
0.21631 0.01887 -0.10319
-0.37789 -0.02749 -0.14986
-0.34027 0.01471 -0.15579
0.25096 -0.03066 -0.13796
-0.28922 -0.07757 0.10389
-0.25704 -0.12570 -0.14452
0.08758 -0.08234 -0.08775
0.09367 0.02579 -0.04989
0.27602 0.01961 -0.14186
-0.10960 0.01353 -0.13801
-0.44109 0.02495 -0.02262
-0.33449 -0.03710 -0.00248
-0.39375 -0.03691 -0.02832
-0.37588 -0.03700 -0.00244
-0.38967 -0.03695 -0.00970
-0.43153 -0.03676 -0.06450
-0.42629 -0.03684 -0.02226
-0.24669 -0.03144 -0.10985
-0.19755 -0.06647 -0.15088
0.24894 0.01433 -0.10334
0.21833 -0.02720 0.07705
-0.11451 -0.03220 0.15733
0.26000 -0.04939 0.01888
-0.32071 0.03094 0.12677
0.05275 -0.04633 -0.07982
-0.10674 -0.03321 -0.03636
0.09037 -0.01533 -0.12968
0.20433 -0.00057 0.08919
-0.04209 -0.07005 0.14885
-0.27193 -0.06761 0.12593
0.13236 -0.06291 -0.13886
-0.03120 -0.05529 0.00615
-0.36736 -0.04337 -0.10292
-0.18668 -0.05734 -0.09691
0.42129 -0.04366 0.13791
0.26473 -0.05085 -0.12172
0.21666 -0.06903 0.07731
-0.36736 -0.05564 0.13290
0.12614 -0.08484 0.13278
-0.18648 0.03112 0.02559
-0.29325 -0.03963 0.09443
-0.02215 0.09379 0.02275
0.26833 -0.07606 0.13943
-0.29240 0.04377 -0.02159
-0.16588 -0.03646 -0.02055
-0.07759 -0.07946 -0.14544
0.30301 -0.08138 0.03223
-0.21278 -0.12036 -0.13417
-0.02363 -0.01777 0.01573
0.15895 -0.00607 -0.14002
-0.34528 0.02986 -0.04754
-0.14264 -0.00930 0.15811
0.23053 -0.03980 0.08126
-0.22190 -0.09767 0.11555
-0.07043 -0.05405 -0.00393
-0.38928 -0.04431 -0.13732
0.13580 -0.02202 0.13886
-0.42078 0.12108 0.12127
-0.30628 0.03637 -0.07753
0.17647 0.02423 0.13101
0.25875 -0.10349 -0.11602
-0.39742 0.09990 -0.14101
-0.16813 -0.08123 0.13557
0.14701 -0.03588 0.10756
-0.44090 -0.03611 -0.06303
-0.44208 -0.03288 -0.05856
0.45483 -0.03958 0.08473
0.43085 -0.02222 -0.09277
0.13026 -0.06272 -0.11892
0.13522 -0.05454 -0.11967
0.14073 -0.04545 -0.09595
-0.14341 -0.08230 0.12944
0.15712 0.00281 0.13736
0.04505 -0.03377 -0.08920
-0.22229 -0.04740 0.14089
-0.45057 -0.03826 -0.15028
-0.14843 -0.03664 -0.05529
-0.44121 -0.03528 0.00389
-0.44492 -0.02512 0.02196
-0.27711 -0.05736 0.11036
-0.22219 0.05613 -0.12923
0.14858 0.00629 -0.11714
-0.16839 0.02773 0.13806
0.10677 -0.02594 0.14607
0.15826 0.00153 -0.10398
0.09628 -0.07658 -0.11704
0.11878 -0.07658 -0.10252
0.11028 -0.07658 -0.09944
-0.36971 -0.04841 -0.12726
-0.44223 -0.03585 -0.02119
-0.13364 0.04295 -0.13611
-0.15561 0.03942 -0.13893
0.05562 -0.01290 -0.13785
0.05932 0.01400 -0.13792
0.04321 -0.00034 -0.13798
0.04307 -0.03358 -0.13787
-0.04778 0.03495 -0.07699
0.03644 -0.06103 -0.15130
0.24062 -0.00213 0.08902
0.37228 0.00217 -0.03888
0.43638 -0.05845 0.10626
-0.23496 -0.02504 -0.06514
-0.22321 -0.02592 0.08866
0.22382 -0.11860 -0.10929
-0.36230 0.02961 0.14214
0.41073 -0.07018 -0.11765
-0.32352 0.03108 0.07288
-0.24922 -0.06147 0.02695
-0.29532 -0.05640 -0.08786
0.18157 -0.07208 0.13326
-0.44867 -0.00838 -0.07218
-0.06524 -0.08228 -0.12989
-0.06045 0.09238 0.08673
0.22418 -0.03396 -0.07637
-0.14327 -0.08165 0.11883
-0.44169 -0.00474 0.10855
-0.44209 0.00151 0.10892
-0.43494 0.00043 -0.10057
0.24401 -0.10166 0.14935
0.25562 -0.08771 0.14958
0.30313 -0.05306 0.06727
-0.09511 0.03265 0.13825
0.38931 -0.00297 -0.07538
-0.09318 -0.04163 0.09574
-0.36736 -0.05233 -0.11685
0.27856 -0.06445 0.07177
0.36072 0.00431 0.05051
-0.15906 -0.08313 -0.08763
-0.16602 -0.07270 -0.06955
-0.31392 0.03468 -0.08663
-0.09352 -0.03923 0.12354
0.12262 -0.06155 -0.02586
-0.11877 0.05824 -0.12984
0.19384 -0.12447 -0.11137
-0.31871 -0.03938 -0.15457
-0.10279 0.00990 0.15643
-0.08589 -0.03604 0.14816
-0.18403 0.08593 -0.06331
-0.14957 -0.07273 0.09691
0.15550 -0.07134 -0.12735
0.09182 -0.08674 -0.05966
-0.21694 -0.06102 -0.01882
-0.07641 0.08192 -0.11770
-0.14960 0.02604 0.15226
0.30943 0.00796 0.03343
0.30063 -0.08251 0.03754
0.17004 -0.01494 -0.10216
-0.24155 -0.04484 -0.13599
0.33666 -0.00793 0.15590
-0.24873 -0.08143 0.09927
-0.04969 0.05035 -0.04367
-0.12732 -0.06755 0.13766
-0.00462 -0.05423 -0.13783
-0.00014 -0.02180 -0.13794
-0.02531 -0.05583 -0.13783
-0.02709 -0.03793 -0.13789
-0.34954 -0.04411 -0.13733
-0.34733 -0.03687 0.15504
-0.03855 -0.07570 0.12515
-0.00167 -0.07831 0.12513
0.30517 -0.03891 -0.15254
-0.08091 -0.07187 0.14832
-0.36123 0.02763 0.01359
0.03755 0.00761 0.13682
-0.09278 -0.02506 0.13771
-0.41568 0.12022 0.08829
0.24803 -0.04055 0.14954
-0.09812 -0.05959 -0.07401
-0.37865 0.04361 0.14339
-0.39355 0.04806 0.14222
0.03163 0.08166 -0.09066
-0.44347 0.00144 0.13792
-0.21945 0.03848 0.13747
0.39843 -0.07208 -0.05249
0.31043 -0.08640 -0.03795
-0.19340 -0.10084 -0.12194
0.29641 0.01771 0.06865
0.25365 -0.04792 -0.08039
-0.29318 -0.07705 -0.15096
-0.14493 -0.03788 -0.13819
0.31971 0.01405 -0.03789
-0.43399 0.12129 0.02658
-0.24629 0.03006 -0.15219
0.25943 -0.07721 0.01702
-0.38981 0.03264 0.04719
-0.26289 -0.05804 -0.11679
-0.02540 -0.08282 -0.12536
-0.22030 0.07337 -0.02748
0.04819 -0.08407 -0.08372
0.29073 0.01421 0.03385
-0.13128 -0.03295 -0.15723
-0.01902 -0.03705 0.03171
0.18111 -0.01868 -0.08719
0.38625 -0.07371 0.07169
-0.26643 -0.06932 0.12096
-0.38252 -0.02467 -0.15744
-0.36800 0.05893 0.14304
-0.43202 -0.05018 -0.07839
-0.43646 -0.04404 -0.02512
-0.20917 0.03551 -0.13487
-0.19628 0.00600 -0.08863
-0.24620 -0.01729 0.09121
-0.20709 -0.04111 0.14959
-0.24361 0.03755 -0.07080
-0.24407 0.03734 -0.08306
0.23353 -0.09382 -0.12296
-0.16792 -0.06236 0.15052
0.36440 -0.01532 -0.15115
0.13467 0.08175 0.12711
0.23567 -0.05281 0.12748
0.16952 0.02439 -0.08892
0.02934 -0.02208 0.13794
0.01448 -0.02672 0.13792
0.03713 -0.04389 0.13787
-0.00222 0.00944 0.13804
0.02636 0.08734 -0.08789
0.20853 -0.04183 0.12868
-0.18281 -0.05854 -0.10173
0.16478 -0.04097 -0.08137
-0.07152 -0.01347 0.15856
0.13762 0.00799 0.04660
0.12105 0.01075 0.09174
0.13952 0.00767 0.05695
-0.37056 -0.06214 0.09224
0.17409 -0.07924 0.08027
0.31968 0.00891 -0.02734
-0.15815 -0.03621 -0.13775
-0.15267 0.00177 -0.13794
-0.20448 0.04178 -0.00240
0.27376 0.02003 0.02671
-0.17709 -0.06534 0.08763
0.06837 -0.07502 0.08001
-0.39684 -0.04338 0.10888
-0.36896 -0.00077 -0.14980
-0.14514 0.01778 -0.15456
-0.14064 -0.03788 0.13714
-0.42751 -0.00208 -0.15751
0.33558 0.00772 0.01084
-0.00718 -0.06756 0.00192
-0.41751 -0.05384 0.06576
-0.42008 -0.03005 -0.14782
0.20636 -0.10183 0.12543
0.09824 0.02406 0.09710
-0.19533 0.05095 -0.13281
0.31942 0.00913 0.05046
0.08448 0.00515 0.15726
0.31300 0.01462 0.10309
-0.26004 -0.03478 -0.05720
-0.26170 -0.03630 -0.02928
-0.25561 -0.03070 -0.01088
-0.43564 -0.06027 -0.05629
0.39870 -0.00624 0.11912
-0.13813 -0.07729 0.00012
0.31221 -0.02440 0.08593
0.01036 0.08200 0.11558
-0.20056 0.01573 0.06424
-0.17632 -0.03972 0.01584
-0.20651 -0.03774 0.09691
0.12411 -0.05170 0.13106
-0.13101 -0.02185 -0.15851
0.09368 -0.09097 -0.07964
-0.18008 -0.01375 0.15862
0.15812 0.02450 -0.10730
0.40030 -0.00674 0.05188
0.13358 0.01978 -0.12290
-0.09026 -0.08693 -0.08763
-0.17749 0.00633 0.00892
0.10143 0.02732 0.08490
-0.43965 0.02960 0.09101
-0.20207 -0.07204 0.10849
0.17879 -0.06864 -0.11599
-0.44184 0.03043 0.03626
0.40510 -0.08295 -0.05081
-0.10634 -0.09098 -0.01528
-0.05476 0.01567 0.00471
-0.04476 -0.00792 0.03883
0.20220 0.00108 -0.10279
-0.15222 -0.08186 -0.05916
-0.43063 0.11935 0.01233
-0.43202 0.11953 0.08853
0.06887 0.00100 0.07962
0.45030 -0.03525 0.00635
-0.16789 0.08945 -0.09353
0.03340 -0.03298 -0.06269
-0.04571 -0.00567 0.11197
-0.05043 0.00544 0.11346
-0.09888 0.09394 -0.04048
-0.13151 -0.08263 -0.02918
0.23753 -0.03168 0.10780
0.14871 -0.04231 -0.15591
-0.13591 0.09284 -0.07686
-0.12353 -0.06474 -0.14998
0.06407 -0.09011 0.08079
0.06444 -0.07484 -0.09004
0.15778 -0.02619 -0.08857
-0.40836 -0.03084 -0.15049
-0.22330 0.03719 -0.13005
-0.36776 -0.05623 0.09798
-0.32663 0.03135 -0.10754
0.14430 0.02479 0.14878
0.22196 0.02299 0.14966
-0.11779 -0.07106 0.01185
-0.45180 0.01751 -0.07477
0.39744 -0.00578 -0.04896
-0.37956 -0.04349 0.09629
-0.20642 0.03975 -0.10253
0.26261 -0.05921 0.14936
0.19515 0.01829 0.10334
0.17524 -0.09283 -0.15078
0.39731 -0.00902 -0.14700
-0.27982 -0.05143 -0.04677
0.01779 -0.01195 -0.12518
0.12720 0.00973 -0.00497
0.10691 0.01311 -0.10679
0.14077 0.00746 -0.00238
0.31738 0.01453 0.09641
0.11602 0.02566 -0.07932
-0.41338 0.01499 0.14974
0.32735 0.00809 0.10308
0.28871 -0.09068 0.03037
-0.44811 0.01676 -0.04373
-0.28355 -0.00135 0.03408
-0.27780 -0.00111 0.09803
-0.25983 -0.00038 0.02425
-0.26158 -0.00045 0.04007
-0.27518 -0.00101 0.03456
-0.19802 -0.10780 -0.12978
-0.21015 -0.08469 -0.10201
-0.24222 -0.03260 -0.08763
0.37514 0.00134 0.06006
-0.26220 -0.11297 -0.15112
-0.20929 0.03575 -0.05753
-0.20550 0.02692 -0.04382
-0.43048 0.12155 -0.00353
-0.17088 0.08229 -0.11653
-0.25943 -0.07377 0.14500
-0.25434 -0.07954 -0.00046
0.17503 -0.08260 -0.05825
0.25126 -0.02782 -0.08577
-0.18838 -0.05434 0.11527
-0.22743 -0.08046 0.11679
0.07452 0.05198 -0.09088
0.04989 0.07074 -0.08705
0.18959 -0.04259 -0.11213
0.18670 -0.08519 0.00394
-0.04871 0.02612 -0.11722
-0.02643 0.08206 -0.11494
0.09145 0.02663 -0.13695
-0.39961 0.08067 -0.14260
0.36811 0.00338 0.03486
-0.23495 -0.07928 0.13509
-0.33496 -0.03711 0.02922
-0.14285 -0.03601 0.03878
-0.44505 0.12066 0.03515
0.33240 0.00482 -0.06919
0.21691 0.01000 -0.10464
0.29918 -0.00785 0.08839
-0.18545 -0.01882 0.04542
-0.23817 -0.00133 0.11274
-0.24075 0.03742 0.11131
-0.18887 -0.05734 0.08763
0.21285 0.02293 -0.11914
-0.42598 0.00996 0.14972
-0.09410 -0.03922 0.06826
0.23675 -0.08280 0.13926
-0.18766 -0.05526 -0.08792
0.13627 0.02461 -0.08496
0.05134 -0.06213 -0.01640
0.22568 0.02243 0.07823
0.45532 -0.03984 -0.05475
-0.38008 0.03347 -0.00829
-0.37280 0.03297 0.06876
-0.44166 0.00043 0.12449
0.04617 0.06493 0.12021
-0.41748 0.11987 -0.09241
-0.07294 -0.07284 -0.10507
-0.07826 -0.07260 -0.10991
-0.05254 -0.07302 -0.07202
-0.07532 -0.07188 -0.09032
0.17872 -0.05051 -0.07737
-0.44983 0.01478 -0.01702
0.17362 0.01327 0.15587
0.28348 -0.01170 -0.08796
0.30288 -0.01280 -0.08784
-0.38632 -0.05623 -0.10865
0.30867 -0.01551 0.15769
0.22824 -0.05579 -0.07746
0.32814 0.00587 0.07741
0.08234 0.00440 0.12058
-0.05671 0.09410 0.05189
-0.04909 0.09007 0.00384
-0.01100 -0.04460 0.12548
-0.44853 0.02673 0.12619
0.15371 0.02359 0.00515
0.04992 -0.07411 -0.03519
0.06333 -0.07411 -0.05654
0.08545 -0.07411 -0.05875
0.09815 -0.07411 -0.04195
0.09016 -0.07411 -0.09691
-0.05557 -0.06718 -0.00031
0.04904 -0.05813 -0.10995
-0.15848 0.09016 -0.09176
-0.41531 0.06661 0.14098
-0.19649 -0.04077 0.10279
0.22052 0.01826 -0.09195
-0.18005 -0.06262 0.09691
-0.16043 -0.03873 -0.04829
0.18022 -0.06920 0.06662
-0.09818 -0.09396 0.04623
0.31437 0.01623 -0.00946
0.26413 0.02062 -0.12047
-0.02047 -0.06209 0.15095
-0.39254 -0.03702 -0.14452
-0.38492 -0.03703 -0.13718
0.10153 0.03433 0.01887
0.10972 0.02832 0.02843
0.09233 0.04039 0.05717
0.06324 0.06161 0.03384
0.24272 -0.06758 0.03209
-0.16706 -0.09542 0.05588
-0.45116 -0.03737 -0.07704
-0.16903 -0.02359 -0.04490
-0.44888 -0.01610 0.06594
-0.20752 -0.05649 -0.09691
-0.05945 0.08202 0.11372
0.22507 0.02245 0.09225
-0.05998 0.09361 -0.07396
0.22597 -0.06863 0.05153
0.08170 0.00161 -0.06383
-0.20396 -0.06129 0.14879
-0.23817 -0.00134 -0.11987
-0.09382 0.09019 0.02908
-0.04273 0.01839 0.15432
-0.03542 -0.07410 -0.13713
-0.06286 -0.07385 -0.11968
-0.03290 -0.07404 -0.13264
-0.03502 -0.07265 -0.03854
-0.28992 0.03883 0.01851
-0.27409 0.03852 0.01195
-0.26358 -0.05048 -0.13347
-0.15316 0.09231 -0.07082
-0.09532 0.09402 0.05095
-0.43816 0.03020 0.06046
-0.02177 -0.07363 0.00715
0.30294 -0.04241 0.06520
-0.24710 0.06045 0.08324
-0.24946 0.05748 0.10089
-0.17833 0.08714 -0.03988
0.41304 -0.01122 0.00645
-0.44116 -0.01342 -0.09490
0.01158 -0.07322 0.14316
0.19110 0.02384 0.14577
-0.14837 -0.03903 -0.13023
-0.44265 0.01059 -0.00860
-0.44030 -0.02680 -0.02269
-0.44107 -0.01455 -0.01961
-0.36971 -0.04716 0.12049
0.10972 -0.08481 -0.14158
-0.43205 -0.00652 -0.09738
-0.04483 0.08408 0.11602
-0.44683 0.02534 0.05491
0.22204 -0.06845 -0.10462
-0.25515 -0.04548 0.13054
-0.23012 -0.10008 0.12484
0.08884 -0.07658 0.09676
0.07754 -0.07658 0.10191
0.10505 0.02346 0.14894
0.21561 0.02279 0.06225
0.23972 -0.01897 -0.08716
0.16502 -0.06717 -0.07357
-0.19794 -0.06586 -0.00383
-0.29684 -0.04428 0.08489
0.00016 -0.05755 -0.15290
-0.39513 -0.04337 -0.11294
-0.34228 0.03385 0.08527
-0.11343 0.09362 -0.05048
0.43663 -0.05888 0.00603
0.04082 -0.08949 -0.07657
-0.23095 0.01779 0.15514
-0.44166 0.00891 -0.12210
-0.18159 0.01805 0.09138
-0.22526 0.07051 0.06750
-0.33440 0.03531 -0.00939
0.14163 -0.07199 0.10639
0.24739 -0.08051 0.11081
-0.10594 -0.09536 -0.02071
-0.18007 -0.05002 -0.15124
-0.24159 -0.12818 0.11629
-0.16880 -0.02452 -0.08421
0.12841 -0.08484 0.13790
-0.10082 -0.06817 0.06620
0.20836 0.00438 0.15743
-0.44055 0.03063 -0.01943
0.12626 0.02366 -0.05537
0.12009 0.02396 -0.06163
-0.42129 0.03106 -0.05446
-0.38719 0.02685 -0.03883
-0.41988 -0.01204 -0.14966
0.09253 0.02370 -0.14203
0.15893 -0.00039 -0.11155
-0.12210 0.09342 -0.00997
0.29914 -0.02474 0.05420
0.12537 -0.06835 0.13683
0.02645 -0.00761 0.15852
0.22832 -0.01758 -0.13289
-0.10475 0.06369 -0.12612
-0.42363 0.03086 0.06132
0.24630 -0.04218 0.08104
0.19690 -0.01476 -0.08762
-0.09528 -0.08138 0.09691
-0.10283 0.08052 0.11821
0.14897 -0.08238 0.06351
0.34466 0.00873 -0.03692
0.12536 -0.00206 -0.15315
-0.44226 0.00430 -0.11153
-0.44051 -0.02316 -0.11857
-0.24923 0.00005 -0.08085
-0.24779 0.00010 -0.08820
0.23593 -0.09776 -0.14741
-0.05607 0.08973 0.03983
-0.05185 0.09435 0.00017
0.17578 -0.03293 -0.08150
-0.23157 -0.04482 -0.13871
-0.26478 0.03169 -0.12551
0.05136 0.02720 -0.14059
0.14412 -0.05137 -0.01689
0.40940 -0.08198 -0.01147
0.40455 -0.07375 -0.00424
-0.33010 -0.06793 -0.10104
-0.13428 0.09097 0.10149
-0.22987 -0.04385 0.12626
-0.12161 -0.06042 0.13767
-0.43499 0.00822 -0.09344
0.04138 -0.08742 0.06323
-0.24340 -0.08144 -0.02081
0.35600 0.00593 -0.14281
-0.26206 -0.00135 0.13383
-0.44347 -0.00660 -0.12493
0.25613 -0.00259 0.15815
-0.36446 -0.04364 -0.08654
0.26205 0.01673 -0.04219
0.12979 0.02446 -0.13702
-0.11371 0.08956 -0.01577
-0.11449 0.08883 -0.05579
-0.12371 0.08834 -0.05732
-0.12399 -0.04504 -0.13500
0.23058 -0.11306 -0.15100
-0.21884 -0.09797 0.14562
0.14159 -0.06708 -0.13444
0.14228 0.02339 -0.09881
-0.44019 0.11993 -0.13558
-0.27948 0.03840 0.12386
-0.23455 0.03760 0.02208
-0.25996 0.03810 0.03043
0.16434 -0.05295 0.14953
-0.25210 -0.07416 -0.01601
0.10496 -0.02327 -0.15816
-0.41581 0.12018 -0.00876
-0.02768 -0.00379 -0.06265
-0.36252 0.06689 0.13992
0.14074 -0.07346 -0.10672
-0.25850 -0.10188 0.11257
-0.40333 -0.00773 -0.15819
-0.24593 0.05883 -0.10270
0.25240 0.02268 0.11583
-0.30712 0.01460 -0.15580
-0.40594 -0.05105 0.09095
-0.18342 0.02295 0.07857
-0.10755 -0.08736 0.08763
0.16007 0.02384 0.15245
-0.44886 -0.00850 -0.02449
-0.42518 -0.05792 0.05784
-0.42518 -0.05756 0.10411
-0.43869 0.02530 0.03793
0.18409 0.00089 -0.08942
-0.20348 0.02244 0.08236
0.13989 0.02508 -0.00764
-0.10089 -0.00866 -0.13776
-0.33880 -0.04476 -0.12864
0.05186 -0.04916 -0.04031
0.14496 -0.06747 0.01899
0.15776 -0.00666 -0.11535
0.27461 0.01984 0.13488
0.13570 -0.07112 -0.14866
0.04436 -0.07484 0.08474
-0.38513 -0.03698 0.00067
-0.42371 -0.03684 0.02571
-0.37081 -0.03700 0.01046
-0.36150 -0.03701 0.01906
-0.42293 -0.03685 0.01851
-0.41261 -0.03683 0.05152
-0.17920 -0.04370 0.10277
-0.03152 -0.02612 0.12548
-0.43533 -0.06071 -0.04506
0.23803 0.01672 -0.05178
0.29865 -0.06967 -0.03442
0.11969 0.02540 0.09273
0.42968 -0.02139 -0.05009
-0.18145 -0.01610 -0.13500
-0.04967 0.09171 -0.09361
-0.25348 0.03532 -0.14500
-0.45548 -0.02904 -0.10178
0.14096 0.00741 0.13770
0.31655 -0.02858 -0.12385
-0.02501 -0.01774 -0.13698
-0.26372 -0.07560 0.10124
-0.16944 0.08917 -0.06817
-0.10091 -0.07825 0.02083
-0.33141 -0.03467 0.15580
-0.25464 -0.04389 -0.11980
-0.38121 -0.03702 -0.14599
-0.38579 -0.04374 0.09998
0.21409 -0.03249 -0.02960
0.20374 -0.04624 -0.04394
0.24949 -0.02507 -0.02187
0.09132 -0.07411 0.10353
0.09589 -0.07411 0.07019
0.09638 -0.07411 0.04219
0.10025 -0.07411 0.03813
0.23206 -0.07199 -0.03522
-0.37881 0.03175 -0.11048
-0.10565 -0.07704 0.00404
0.40820 -0.07062 -0.00693
0.04754 -0.06290 -0.07245
-0.40004 -0.05807 -0.13720
0.40377 -0.07869 0.03692
-0.24753 -0.05920 -0.09556
0.03380 -0.03299 0.11431
0.22117 0.02259 -0.03885
-0.22597 -0.00135 -0.14226
-0.24291 -0.01643 0.10943
0.07149 -0.05972 0.01539
-0.44669 -0.00580 0.14592
0.06293 0.00007 0.01418
0.16417 0.02008 -0.10318
-0.02647 0.09086 0.09710
0.27801 -0.09102 -0.01929
-0.28057 0.04904 -0.00983
0.08154 0.00463 -0.10739
0.08964 -0.03622 -0.13778
0.03212 0.08205 -0.03222
-0.18074 -0.02295 0.11312
0.22588 -0.05905 0.06664
-0.43672 -0.06611 0.06815
-0.12185 -0.09625 0.03656
0.44663 -0.03216 -0.00257
0.18963 -0.02690 -0.02377
0.19537 -0.01988 -0.01645
0.02872 -0.08047 0.14464
-0.34020 -0.03710 -0.02474
0.34592 -0.07332 -0.14034
0.14414 -0.07167 -0.07314
0.00462 -0.08410 -0.04138
-0.09739 -0.05726 -0.06714
-0.25261 -0.04918 0.05507
-0.41680 -0.06181 -0.08779
0.26000 -0.07087 -0.00494
-0.26491 0.03389 -0.15040
0.10154 0.02219 -0.06749
-0.32615 0.00382 0.15736
0.20380 -0.03717 -0.14781
-0.19385 0.08245 -0.01694
0.25123 0.01433 0.06351
0.06874 -0.05693 0.01233
-0.36966 0.05346 -0.14355
-0.04930 0.01579 -0.12545
-0.42608 0.11937 0.05504
-0.42873 0.02715 0.11122
-0.12582 -0.09135 0.06137
-0.16165 -0.07029 0.03118
-0.36421 0.05613 -0.14298
-0.42223 0.12114 -0.13588
-0.25921 -0.03876 -0.03542
0.32901 0.01196 0.13722
-0.01988 0.08823 -0.04939
0.15514 -0.06279 0.02197
-0.27650 -0.05848 -0.11210
-0.21381 0.03717 0.06170
-0.21603 0.03719 0.04955
0.30060 -0.07737 -0.04682
0.01558 0.08984 -0.06622
-0.17545 -0.00038 -0.11335
-0.32136 0.03370 -0.10854
-0.31362 0.02396 -0.10261
0.08862 0.02137 -0.05205
0.26033 -0.06483 -0.07357
0.02241 0.08346 0.03810
0.30964 -0.06437 -0.07018
-0.37012 0.03222 -0.10365
-0.02318 -0.01964 0.10959
-0.32546 0.03526 0.04584
-0.16433 -0.09068 -0.06477
-0.23907 0.03769 -0.01492
-0.21641 0.03724 -0.01237
0.14267 -0.05638 -0.13022
0.05572 -0.07484 0.08661
0.19406 0.00482 -0.15735
-0.44805 0.02306 -0.10271
-0.08371 -0.07260 -0.11673
-0.18579 -0.01810 -0.00608
-0.20678 0.02990 -0.01503
-0.20812 0.03286 -0.02306
0.20571 -0.12752 0.14169
-0.08589 -0.02024 -0.14661
-0.41638 0.06721 -0.14091
0.30898 0.00686 -0.03987
0.18963 0.02098 0.03276
-0.10782 -0.03317 -0.01460
0.18147 -0.07152 -0.12362
-0.33795 0.04219 0.14111
-0.28976 -0.05772 -0.09246
-0.42446 0.02697 -0.12475
-0.35083 -0.06094 0.09466
0.10427 -0.08094 0.07347
-0.23101 -0.04340 0.13198
0.44756 -0.04973 0.06580
-0.26191 -0.09481 0.13421
-0.18634 0.03075 -0.07411
-0.33140 0.02852 -0.07153
-0.42639 -0.04391 0.15080
-0.09400 -0.03809 -0.04574
0.06075 0.06106 -0.11049
-0.31038 -0.05582 0.08785
-0.15903 -0.08407 -0.11020
0.23237 0.01668 -0.09246
-0.36017 0.03753 0.13627
-0.11754 -0.03296 0.06257
-0.27238 -0.07416 0.13775
-0.22432 -0.08089 0.14448
0.28554 -0.05433 -0.08076
-0.17788 -0.03670 -0.08596
-0.17949 -0.03344 -0.12920
-0.16799 -0.05895 -0.01864
-0.20253 0.02009 -0.13307
-0.16841 -0.05919 -0.12875
-0.18653 -0.01692 -0.11531
-0.16958 -0.05658 -0.13728
-0.19760 0.00883 -0.11402
-0.16672 -0.06248 -0.07042
-0.17676 -0.03976 -0.12674
0.04802 -0.06139 -0.08758
-0.22193 0.03720 -0.09004
0.23567 -0.05424 0.07737
0.07581 -0.09097 0.08780
-0.42388 0.12151 0.00010
0.22071 -0.00700 -0.08848
0.25246 -0.01578 -0.08751
0.05922 -0.08299 0.08168
-0.40844 0.02621 -0.06041
0.15558 0.02444 0.09198
-0.22761 -0.05361 0.11679
-0.05592 0.08637 -0.11311
-0.28573 -0.04872 -0.08772
-0.43963 -0.05451 0.06732
0.19730 -0.09851 0.13465
-0.21106 0.07151 0.11765
0.29644 -0.04131 -0.15382
-0.02971 0.00250 -0.02037
0.21240 0.02307 0.02299
-0.44318 0.01359 0.15508
0.25290 -0.04496 0.08070
0.30845 0.00712 0.01307
0.12247 0.00012 0.15800
0.23941 -0.02247 -0.12144
-0.16553 -0.03790 0.08666
0.10857 0.03149 0.06263
-0.45148 0.01773 -0.13945
-0.03048 0.08206 0.11411
-0.18589 -0.08270 -0.10440
-0.01621 -0.03916 0.08436
0.22678 -0.05390 0.07308
-0.20471 0.07305 -0.10441
-0.14090 -0.08403 -0.11134
-0.16972 0.08518 -0.07348
-0.41799 0.12093 0.09695
-0.43021 -0.07296 0.07177
0.20241 0.01346 0.10279
-0.23895 -0.07110 -0.02417
0.42319 -0.01706 0.00905
0.27900 0.01524 0.05145
-0.41815 0.12103 -0.03830
0.16694 -0.05440 0.08036
-0.45055 0.01751 -0.06386
-0.02004 0.09072 -0.09703
-0.18665 0.02074 -0.13109
-0.11599 0.04208 0.13557
0.29976 -0.04867 0.05725
-0.21801 -0.04729 0.11282
-0.31508 -0.00802 -0.15846
0.21665 -0.03574 -0.07402
0.09843 0.02801 0.13193
0.00137 0.08810 0.01178
0.21191 -0.04885 -0.09943
0.15820 0.00699 -0.10760
-0.25763 -0.03359 -0.04814
-0.24878 -0.06851 -0.03726
-0.08443 -0.00482 0.13892
-0.35577 0.03369 0.06313
0.05348 -0.07037 -0.14884
-0.17835 -0.04249 -0.13295
-0.09984 -0.03407 0.06917
0.01737 0.08093 -0.05763
-0.05732 0.04537 -0.08312
0.22740 -0.08140 -0.02390
-0.28975 0.03397 0.14005
0.17857 -0.00588 0.08860
-0.12196 -0.06703 -0.13500
-0.36098 0.02967 0.10914
-0.42903 -0.06116 0.12784
0.08562 0.02845 0.13861
0.07309 0.05117 0.11401
0.08693 0.04168 0.10440
0.09669 0.02856 -0.04677
-0.18087 -0.02222 -0.10636
0.03937 -0.07484 -0.08947
0.03600 -0.07484 0.03904
0.02313 0.08115 0.04642
0.01680 0.08469 -0.06799
0.25922 -0.07642 -0.01116
0.15778 -0.02558 0.12250
0.27485 -0.01914 0.08714
-0.17131 -0.01425 -0.05904
0.24520 -0.10747 -0.10927
-0.11592 -0.04645 -0.13500
-0.07082 0.02466 -0.14847
-0.38771 -0.02963 0.14987
0.07101 0.04271 -0.13677
-0.43487 0.12107 0.10224
-0.43669 0.12098 0.10736
-0.39982 -0.00359 -0.15799
0.27731 0.01969 -0.05128
0.13941 0.00820 0.12530
-0.23837 -0.02785 -0.15090
0.21780 0.02601 -0.14254
-0.41919 0.11048 0.14136
-0.09860 -0.06110 -0.08068
-0.08042 -0.07065 0.13914
0.20751 -0.01540 -0.12849
-0.25146 -0.00004 0.10160
-0.24103 0.00038 0.08522
-0.28951 -0.00158 0.14930
0.20512 0.01961 0.08940
0.30913 0.01056 -0.06563
-0.40350 -0.03695 0.11310
0.30405 0.01357 0.10315
0.31051 -0.08109 0.07564
-0.20452 -0.07384 -0.01048
-0.03238 -0.06969 -0.02061
0.23265 0.02220 -0.13109
-0.29148 0.03880 -0.02522
-0.27726 0.03853 -0.01803
-0.25608 0.03806 -0.01478
-0.15910 -0.09297 0.07340
0.32435 -0.02254 0.15631
0.31652 -0.02933 -0.09660
0.31456 0.00467 0.02462
0.19830 -0.05830 -0.07520
-0.18081 0.01598 -0.05729
0.30503 0.01068 0.00726
-0.17781 0.05208 0.13649
0.21827 -0.07578 0.06011
-0.44184 -0.00250 -0.07405
-0.43987 -0.03361 -0.07187
-0.07023 -0.08218 0.14120
-0.02812 -0.00229 -0.08925
-0.12221 -0.08617 0.09691
-0.37487 0.01877 0.14980
-0.08428 0.09044 0.02239
0.11191 -0.02315 0.15043
0.24104 -0.07739 -0.02607
-0.21477 -0.00133 0.10352
-0.30079 0.03904 0.05854
-0.01904 0.09373 -0.01397
-0.05183 -0.05595 -0.15319
0.16590 -0.00771 -0.08840
0.25977 0.00090 -0.09254
-0.05730 0.05030 -0.09675
-0.08541 0.08989 -0.05518
-0.11283 -0.07881 -0.02789
0.43580 -0.05843 0.05227
0.37720 -0.07466 -0.11879
0.07039 -0.07411 0.11877
0.08401 -0.07411 0.12507
0.07355 -0.07411 0.09099
0.04617 -0.07411 0.07727
0.05638 -0.07411 0.08136
-0.20761 -0.04741 0.08763
-0.28260 0.04014 -0.11100
-0.40874 -0.04327 0.08503
-0.44799 0.02425 -0.11346
-0.23276 0.06848 0.01573
-0.21872 0.07399 0.02596
-0.36508 -0.02038 -0.14982
-0.34437 -0.04423 0.12407
0.08149 0.03244 -0.14178
-0.26904 -0.01902 0.15339
-0.23342 -0.12027 0.14953
-0.03305 -0.07299 0.06166
-0.03630 -0.07287 0.05303
-0.07651 -0.07411 0.13704
-0.04831 -0.07357 0.10068
-0.33466 0.03490 -0.13812
-0.38300 -0.00965 -0.15881
-0.45169 0.01542 0.00633
0.33855 -0.02324 0.15513
0.15416 -0.05215 0.02549
-0.35070 -0.01205 0.15898
-0.04860 0.05032 0.04495
-0.33316 0.03261 -0.14983
0.24590 -0.07642 -0.01575
0.19986 -0.07642 -0.01227
0.21324 -0.07642 -0.01318
0.19919 -0.07642 -0.02569
-0.23512 -0.01778 -0.11017
-0.37638 -0.05616 -0.13719
-0.28090 -0.03138 0.11491
-0.13086 -0.09506 -0.02944
-0.21824 -0.02264 0.10020
0.01322 -0.06344 -0.12548
0.10045 0.02312 0.14577
-0.05055 0.02578 -0.07153
-0.44668 -0.00155 0.12803
0.22937 -0.07507 -0.09904
0.22012 0.00090 0.10104
-0.00789 -0.04015 0.13788
-0.01038 -0.06224 0.13781
-0.02793 -0.04086 0.13788
0.00755 -0.06917 0.13778
0.15827 0.00633 -0.12326
0.05152 -0.05024 0.11275
0.31758 0.01444 -0.11665
-0.28838 -0.06922 -0.15114
-0.39926 0.02818 -0.13464
0.22741 -0.04458 0.08071
-0.35300 0.00703 -0.14981
0.12775 -0.08484 -0.13288
0.22248 -0.04820 -0.11360
0.45379 -0.03852 -0.07937
-0.33688 0.03399 -0.08346
-0.34936 -0.01932 -0.14983
0.13084 -0.08486 -0.08995
0.37705 -0.07467 -0.03883
-0.33568 -0.02770 -0.14978
-0.41752 0.11754 -0.13976
0.13894 -0.03608 -0.13771
0.22893 -0.06749 -0.06806
-0.34374 0.02815 -0.01100
0.19049 -0.03056 0.08424
-0.18516 0.02759 -0.12055
-0.06549 0.00050 0.13800
-0.07161 -0.00601 0.13798
-0.04891 0.01462 0.13806
-0.07154 -0.03527 0.13785
0.24368 0.02180 -0.11465
0.32102 0.00943 -0.08732
-0.25943 -0.11215 0.14949
-0.28812 -0.03782 -0.09806
-0.08666 -0.06192 -0.01689
0.03586 -0.00632 -0.15843
0.04082 -0.08245 0.11158
0.20365 0.03043 -0.12631
0.32070 0.01161 -0.03362
-0.17062 0.08891 0.08840
-0.41783 -0.04385 -0.08348
-0.32970 0.03112 0.10961
0.17944 -0.07642 -0.01113
0.18796 -0.07642 0.02952
0.20284 -0.07642 0.00651
0.16897 -0.07642 0.00187
0.28551 -0.08169 -0.02753
0.30957 0.00802 0.08735
-0.25336 -0.03729 0.14666
-0.23879 0.02128 -0.10827
-0.23879 0.01315 -0.13512
-0.10365 -0.09543 0.04050
-0.03741 0.02110 -0.05547
0.34227 -0.06773 -0.14562
0.30867 -0.02083 0.06481
-0.04145 -0.01572 -0.05382
-0.03177 -0.03855 -0.08733
-0.23810 -0.07148 0.02957
-0.25210 -0.05081 0.02077
0.21355 0.01915 0.15415
-0.29126 0.04401 0.03112
-0.24560 -0.07150 0.11679
0.42265 -0.04550 -0.03835
-0.12492 -0.08564 0.01823
-0.26426 0.04704 -0.11410
0.22442 -0.07980 0.09422
0.13797 -0.08016 0.05904
0.34509 0.00607 -0.07875
0.21297 0.02482 0.00191
-0.41692 -0.05421 -0.09860
-0.22087 0.06155 0.12750
-0.45049 0.01711 0.03143
-0.44650 -0.00808 -0.13948
-0.12362 -0.07306 0.09322
-0.23875 -0.08649 -0.00504
-0.06245 -0.08709 0.03860
0.30898 0.00566 -0.00634
-0.36519 0.06039 -0.13812
-0.00567 -0.03732 -0.02046
-0.34162 0.03480 0.03370
0.12113 -0.08185 0.07038
0.41526 -0.06888 0.04673
0.03263 0.01705 -0.13807
0.01942 -0.00092 -0.13801
-0.02164 0.02229 -0.13808
0.01700 -0.03831 -0.13788
0.40115 -0.00702 0.07198
0.21169 -0.05496 0.06899
0.24193 -0.06448 0.13809
0.27458 0.01563 -0.05678
-0.26392 0.03789 -0.05857
-0.24498 0.03760 -0.05150
0.18991 0.02249 -0.01368
0.22301 -0.01834 0.08236
-0.36393 -0.03702 -0.14244
-0.32836 -0.03712 -0.02574
-0.40126 -0.04403 -0.08305
0.10278 0.01909 0.04040
0.14404 -0.08579 -0.06775
0.02634 0.08202 0.05862
-0.35797 -0.05454 -0.08708
0.33159 0.00849 0.04125
0.18682 0.02278 0.05140
0.09113 0.02729 -0.01404
0.23236 -0.06807 -0.03094
-0.24902 -0.05074 0.01018
0.03289 0.08192 -0.09579
-0.20713 -0.02710 0.12463
0.33175 -0.04245 -0.15341
0.21074 -0.12222 0.14950
0.13671 -0.07355 0.13739
0.23037 -0.07911 0.05255
0.12268 -0.05771 0.02294
-0.14859 -0.03667 0.09131
0.35152 -0.00358 0.03935
0.34724 -0.00321 0.02097
0.00427 -0.07810 -0.14631
0.19522 -0.12529 0.11660
-0.27215 -0.03668 0.10785
0.12147 -0.00866 0.07164
-0.26054 0.02343 -0.14975
-0.24639 0.03489 0.14665
0.10562 -0.08476 0.08459
-0.30269 -0.07372 0.10724
0.16677 -0.08513 -0.00972
-0.03667 0.01985 -0.09908
0.45395 -0.04230 0.09766
0.08347 -0.07596 0.14251
-0.13575 -0.07310 0.08763
0.26555 -0.08484 -0.11047
0.16660 0.02177 -0.09299
0.21118 -0.04709 0.08863
-0.17637 0.00263 -0.02244
0.31655 -0.02100 0.12214
0.14270 -0.05276 -0.09238
-0.31275 -0.04538 -0.08783
-0.22585 0.03721 0.12778
-0.19606 -0.03914 0.11273
0.09410 0.03900 0.06766
0.09221 0.03911 0.08457
0.07183 -0.08993 -0.07939
0.00829 -0.03508 0.07938
0.15647 0.02265 0.06641
0.34408 0.00616 0.01694
-0.31972 0.03440 0.09094
0.08459 0.01370 -0.11833
0.30078 0.00576 0.02366
0.08581 -0.00681 -0.12813
-0.39719 0.02826 -0.11024
0.02971 0.08583 -0.06068
-0.32097 -0.07136 -0.10971
0.26610 0.00164 -0.10333
-0.44399 -0.03546 -0.00762
0.21250 -0.07411 0.14760
-0.42128 0.02965 0.11912
0.29389 -0.04876 0.07737
0.04543 0.05950 0.12595
0.05620 0.02828 0.14044
-0.18957 -0.07253 -0.00445
-0.09486 -0.04899 0.03682
-0.17091 -0.01588 -0.07622
-0.02241 0.08855 -0.03563
-0.20117 0.01700 0.01643
-0.18069 -0.02973 0.00176
-0.00017 0.08588 -0.08394
-0.41425 -0.03695 0.14714
-0.39405 -0.03701 0.12448
-0.34184 -0.03710 0.03442
0.14230 -0.04187 -0.09061
0.14213 -0.02073 -0.01179
0.14228 -0.03868 -0.04083
0.14223 -0.03323 -0.10928
0.19604 0.02355 -0.12353
-0.39314 0.02842 -0.07718
-0.01512 -0.00670 -0.15845
0.02586 -0.05699 -0.00762
0.13010 -0.01654 0.15847
-0.03702 -0.05123 -0.15418
-0.20416 -0.02585 0.10279
0.16557 -0.02700 0.15779
0.30088 0.01704 -0.08688
0.21718 -0.01571 -0.13908
-0.27769 -0.04983 0.09691
0.12934 -0.08614 0.00566
-0.27389 0.03954 -0.12837
0.04692 0.07319 -0.01969
0.04937 0.07146 -0.04048
0.05615 0.06666 -0.01839
-0.25637 0.05910 0.01139
-0.28766 -0.07405 -0.10930
-0.21312 0.07508 0.07991
-0.33125 0.02854 0.02059
-0.04012 -0.04664 -0.13784
-0.07050 -0.04576 -0.13781
-0.05726 -0.02283 -0.13790
-0.03766 -0.06435 -0.13779
-0.13638 -0.03487 0.00874
0.25973 -0.04155 -0.14375
-0.00903 -0.01836 -0.15844
-0.32969 0.03423 0.08419
0.21491 -0.05093 -0.14564
-0.17439 -0.00385 0.01323
0.02987 0.08562 0.05707
-0.36801 0.02918 -0.04477
-0.15681 -0.07069 0.08763
0.30528 0.00543 0.10464
0.00738 -0.03517 -0.04791
0.07046 0.04643 -0.13217
-0.08062 0.09412 0.05482
0.17005 -0.01773 -0.08729
-0.03224 0.00977 0.07235
0.18413 0.02389 0.09684
-0.20529 0.07789 0.08682
-0.10891 -0.03355 0.09249
0.12459 -0.07205 -0.02975
-0.26212 -0.07626 -0.12265
0.35646 0.00466 0.01627
0.00274 -0.03586 -0.08829
-0.24644 -0.02565 0.14965
0.00890 -0.08339 0.13125
-0.07945 -0.08340 -0.12516
-0.14785 -0.07764 -0.12519
-0.12503 -0.07700 -0.12518
0.06507 0.03448 0.08656
-0.26746 0.03193 -0.01005
-0.25979 0.03178 -0.00739
-0.38783 -0.06539 0.09855
0.29025 0.00090 0.09423
-0.12830 -0.03460 0.13682
-0.12894 -0.05633 -0.13766
0.15900 -0.02022 0.12634
-0.07895 0.02856 0.14032
-0.01197 0.06212 0.12504
0.01882 0.06541 0.12355
0.01574 0.04720 0.13183
-0.05042 0.04333 0.13360
-0.44660 0.01161 0.01584
-0.28840 -0.10362 -0.13841
0.29766 0.01753 -0.04314
0.09190 0.02924 0.10068
0.33139 0.01165 0.03466
-0.05549 0.09410 -0.04648
-0.23116 -0.12705 0.14371
-0.29680 -0.00901 0.10708
-0.30545 -0.01864 0.14677
-0.31561 -0.02995 0.12893
-0.30101 -0.01370 0.11932
-0.29360 -0.00546 0.02571
0.08744 0.01854 0.11539
-0.04296 0.08954 -0.02081
0.30384 0.00240 -0.06171
0.15862 0.00307 0.11311
0.16025 -0.07494 0.03119
0.11674 -0.06953 0.14910
-0.01045 0.00655 0.15701
0.13239 0.02487 0.07151
0.14947 0.00930 0.07749
-0.39049 0.02896 -0.11026
-0.32865 0.03120 0.05894
-0.25441 0.03744 -0.12988
-0.16745 0.08944 0.09708
0.15544 -0.02988 -0.13680
-0.23881 0.02875 0.11466
0.45446 -0.04173 0.02097
-0.02769 0.08527 -0.09028
-0.06308 0.02721 -0.13967
-0.37507 0.02915 -0.11500
-0.33060 -0.03366 0.14978
0.31643 -0.01664 -0.08843
0.36082 0.00487 0.09191
-0.14721 -0.06733 0.00531
-0.17815 -0.06821 0.11367
-0.42169 -0.05037 0.14935
0.30170 0.01147 0.04021
-0.26046 -0.03555 -0.06344
0.04721 -0.03406 0.04018
0.23622 0.02231 0.14822
0.23685 0.02203 -0.04928
0.05032 0.06429 0.12387
0.17975 0.02376 0.10317
-0.07645 0.04269 0.13420
0.01311 0.07625 0.11865
-0.02540 0.06522 0.12387
-0.08570 0.02708 0.14101
-0.02133 0.07058 0.12152
0.26237 -0.08720 0.14934
0.07728 -0.02291 0.13778
0.41765 -0.01437 -0.03016
0.21840 -0.00943 0.08822
0.04105 -0.03325 0.05256
-0.33573 0.03325 0.11305
-0.43494 0.00569 0.11402
-0.25813 -0.03393 0.02825
-0.07047 -0.08218 -0.14054
-0.44993 -0.03921 0.10291
-0.15765 -0.09431 -0.03672
-0.29706 -0.07990 -0.14823
-0.34991 -0.05547 -0.06933
-0.31093 -0.04351 0.08736
0.21136 -0.05484 -0.04055
-0.43455 -0.04696 0.15443
-0.20035 -0.03321 0.13384
-0.09994 0.09026 -0.01277
-0.39749 0.03281 0.00219
0.09884 -0.05830 -0.00918
0.44116 -0.05523 0.09832
0.15472 0.02280 -0.09093
0.17944 0.02412 0.12380
0.25760 -0.02798 -0.08494
-0.21980 0.03551 -0.14462
0.36441 0.00410 -0.06123
0.21241 0.02059 0.09962
0.32934 0.01085 -0.04006
0.09801 0.00850 0.13692
0.32950 0.00570 -0.07726
-0.41098 -0.03684 -0.06094
0.21571 0.02373 -0.00857
0.29795 0.01742 -0.14559
0.09430 0.02555 0.10887
-0.30951 0.03170 0.11063
-0.08708 -0.08185 -0.09691
-0.00705 -0.05871 0.15266
-0.04562 0.02068 -0.08986
-0.24716 -0.07969 -0.02528
0.30961 -0.06825 0.14785
-0.08557 -0.04102 0.14557
0.21896 -0.02472 -0.07839
-0.36356 -0.04383 0.09443
-0.29784 -0.07317 -0.14548
-0.43368 0.03015 -0.07286
0.33743 0.01246 0.00449
0.25742 -0.05574 -0.10922
-0.26944 -0.11353 -0.15099
-0.09601 -0.05287 0.09320
-0.41956 -0.05393 0.10985
-0.08947 -0.02276 0.15794
0.21131 -0.06906 -0.06662
-0.28293 -0.08075 0.14929
-0.30227 -0.02656 0.10276
-0.44414 0.00498 -0.07655
-0.41709 0.12082 -0.12027
-0.20174 -0.00233 -0.10276
0.12533 -0.07192 0.14068
0.28340 0.01923 0.06504
-0.26189 -0.01717 -0.15840
-0.22729 -0.01749 0.14160
0.13519 -0.07359 0.10179
-0.24304 -0.07675 -0.11679
-0.44274 -0.01891 -0.10261
-0.33167 -0.05499 -0.05975
-0.25028 0.00000 -0.09820
-0.24033 0.00040 -0.10980
-0.22392 0.06846 -0.10604
-0.04671 0.03673 0.04678
-0.24902 -0.07362 -0.02340
-0.18537 -0.01181 0.11910
0.13415 -0.07250 0.12238
0.13056 -0.06164 -0.03343
0.40523 -0.07118 -0.04582
-0.09756 -0.03441 0.02039
0.23223 0.00205 -0.10333
-0.44419 0.01019 0.11430
0.04082 -0.07994 0.08165
0.22154 -0.07682 0.05357
0.19165 -0.06288 -0.03093
0.34415 0.00877 0.12168
0.29632 0.01159 0.00410
-0.09150 -0.07706 -0.00158
-0.30020 -0.03170 0.15658
-0.27264 -0.07823 0.10549
-0.02612 -0.00919 0.04975
-0.24791 -0.06926 0.10179
0.17175 0.02440 0.02855
-0.21955 0.07210 -0.08648
0.16235 0.02451 -0.02785
-0.08001 0.09413 -0.02711
0.01268 -0.03463 0.06483
-0.17803 -0.07638 0.14053
0.11720 -0.06735 0.03058
0.14366 -0.05872 -0.07737
-0.18671 0.08143 0.11102
-0.28086 -0.05454 -0.09067
-0.13702 -0.07486 0.06492
-0.14085 -0.07598 0.05060
0.04946 0.02201 0.15327
-0.31800 -0.05524 0.06500
-0.05038 -0.05426 -0.00103
-0.25240 -0.08327 0.09179
0.30399 0.01658 -0.05663
0.44894 -0.03430 -0.07187
0.15643 -0.04492 0.04021
0.18377 -0.02993 0.02496
-0.14767 -0.02384 -0.15813
0.28694 -0.08501 0.01394
0.27769 -0.08382 -0.03105
0.09856 -0.08119 -0.07453
-0.32169 -0.04899 0.15106
-0.09589 0.08639 0.07994
0.03411 -0.08956 -0.06556
-0.38630 0.02863 -0.00015
-0.35518 0.03315 0.14486
0.09244 -0.01571 -0.06335
0.30816 -0.04750 0.03977
0.30816 -0.07127 0.03062
0.30816 -0.06643 0.01581
0.30816 -0.04945 0.04827
0.30816 -0.07143 -0.01925
0.30816 -0.01839 0.03489
-0.44819 -0.04183 -0.03297
-0.31398 0.03507 0.07047
-0.43284 -0.00338 -0.15749
-0.23666 -0.05546 0.09735
-0.27422 -0.00202 0.11994
0.41624 -0.06858 0.07935
-0.17609 0.08677 0.09926
0.15415 -0.06970 0.00811
-0.37123 -0.03699 0.03779
-0.41282 -0.03690 0.07690
0.09129 0.01155 0.10730
0.08571 -0.08022 -0.14496
0.04082 -0.08590 -0.08583
-0.34256 -0.03710 -0.03155
-0.36545 -0.03705 -0.06770
-0.21802 -0.09134 0.14009
-0.44102 0.11997 0.08531
0.36834 -0.02167 -0.15179
0.14815 -0.07863 -0.08132
0.11088 -0.01739 0.13777
-0.16732 -0.03059 0.03736
-0.20346 0.02248 0.10858
0.20725 -0.04376 -0.07185
-0.37684 -0.06042 0.10046
-0.11857 -0.08188 0.04511
0.10046 0.03521 -0.01231
0.10600 0.03116 -0.01727
0.10776 0.02948 -0.04688
0.08670 0.04498 -0.01999
-0.09105 0.02543 0.14468
-0.44534 -0.02405 0.12778
-0.44638 -0.02120 0.11493
0.30943 0.00142 -0.09174
-0.25434 -0.06691 0.00112
0.02108 -0.04984 0.15449
0.14486 -0.04243 -0.00889
-0.08589 0.00655 -0.13814
-0.12589 -0.08217 -0.13689
0.09695 -0.07987 0.08610
0.29807 -0.01639 0.03972
0.07093 -0.06644 -0.02293
-0.38446 -0.02900 0.15670
-0.23876 0.00379 -0.07912
-0.23878 0.02152 -0.08643
0.35406 0.00595 0.00912
0.33045 0.01184 0.08374
-0.44348 0.02574 0.10664
-0.17694 0.00453 -0.07825
-0.28819 0.04575 0.01288
-0.22301 -0.03106 0.10786
0.14265 0.02380 0.02076
-0.37042 -0.04897 0.15050
-0.09722 -0.05597 0.01717
-0.38592 0.03239 -0.07339
-0.04531 -0.06972 0.02002
0.18881 -0.09771 -0.14720
-0.44812 0.02279 0.09608
-0.08501 0.00197 0.13914
0.18867 -0.09142 0.12222
-0.26088 -0.09713 -0.11768
-0.22935 0.06554 -0.11134
-0.11392 -0.00635 -0.15835
-0.32993 0.02856 0.04429
-0.20240 -0.07908 0.14887
-0.33031 -0.03711 0.03736
0.36114 0.00473 0.12028
0.22199 0.01521 -0.10319
-0.31553 -0.02985 0.09884
-0.31249 -0.02646 0.07238
-0.29902 -0.01147 0.00886
-0.31087 -0.02463 0.03565
0.13007 -0.07371 -0.11095
-0.16632 0.08810 -0.00710
0.15990 -0.09322 -0.12232
-0.09043 0.09196 0.09111
0.11161 -0.06107 0.15227
0.24626 -0.05495 -0.03728
0.23137 -0.05738 -0.03410
0.22567 0.01406 0.15567
-0.04734 0.03585 -0.09242
-0.29524 -0.01120 -0.12096
-0.11783 -0.08834 -0.05884
0.24421 -0.08561 -0.14705
0.04946 -0.03465 -0.08506
-0.24646 0.03146 -0.07933
-0.27387 0.03181 -0.09415
-0.27597 0.03183 -0.08141
-0.43062 -0.05213 0.11399
-0.43541 -0.04547 0.12465
0.00794 -0.03512 -0.06380
-0.37228 0.03213 0.10572
-0.44126 0.00822 0.09809
-0.44372 0.12064 -0.12169
-0.41312 -0.05538 0.04737
-0.39908 -0.05529 0.00260
-0.38096 -0.05517 0.00711
-0.36745 -0.05509 0.01791
-0.41465 -0.05539 -0.00698
-0.39367 -0.05526 0.01587
-0.39906 -0.05529 -0.05689
-0.15027 0.06393 0.12925
-0.02460 -0.07343 0.14802
-0.21399 -0.06637 0.02059
-0.29438 0.04003 0.07662
0.15801 0.02444 -0.07435
-0.25014 -0.08241 -0.10269
-0.22332 0.04209 -0.13607
-0.21530 -0.08429 0.10453
0.03411 -0.08927 -0.09098
-0.36839 -0.04952 -0.08219
-0.40460 -0.04781 0.13725
0.42100 -0.06714 -0.01543
-0.37955 0.02557 0.10399
-0.13414 -0.08322 -0.05923
0.12719 0.01974 -0.13551
-0.10338 -0.09011 -0.05240
0.43064 -0.04945 0.08566
0.16334 -0.05825 0.07737
-0.26049 -0.03759 0.02145
-0.27014 -0.07519 -0.10249
-0.36975 0.03349 0.13671
-0.45463 -0.02604 -0.11406
0.27775 0.00090 -0.09681
0.16463 0.01265 0.10464
0.21863 -0.05520 -0.06910
0.10606 -0.04580 0.14451
-0.04693 -0.00280 -0.05294
-0.03393 -0.03347 -0.08890
-0.35167 -0.06593 0.10916
-0.23199 -0.10856 0.14715
0.29908 -0.04921 -0.15428
-0.03745 -0.01878 0.13794
-0.02866 0.02010 0.13808
-0.03808 -0.05930 0.13780
-0.05211 -0.02231 0.13791
0.16954 -0.03512 0.13746
0.39886 -0.00625 -0.06389
-0.26308 -0.12419 0.13562
0.23095 -0.07991 -0.03385
-0.43232 0.00020 0.15717
0.15985 -0.09190 -0.14578
-0.15862 -0.08191 0.10737
0.14135 0.01939 -0.07228
0.06464 -0.09097 -0.08241
-0.24528 -0.07151 0.05202
-0.40779 0.10126 -0.14164
-0.17837 -0.03651 0.14551
0.14682 0.00665 -0.13706
0.14039 0.02520 0.12528
-0.13956 -0.03520 -0.01610
0.06731 -0.07119 -0.14231
-0.06111 0.05164 -0.13016
0.00343 0.07298 -0.12017
-0.02736 0.05925 -0.12646
-0.07986 0.03700 -0.13668
-0.02017 0.07599 -0.11918
-0.23055 -0.01658 0.15341
0.22340 -0.07868 -0.14765
0.09850 -0.08475 -0.13533
-0.23034 -0.09735 0.13832
-0.07187 0.01472 0.15538
-0.20576 0.02764 -0.07316
0.14273 -0.04815 0.08859
0.19493 -0.09704 -0.12720
-0.18804 -0.08757 0.11171
-0.15941 -0.07283 0.06545
0.11988 -0.06482 0.13775
-0.42535 0.12130 0.11306
-0.10980 0.08591 -0.08337
-0.39096 0.02138 -0.10151
-0.18720 0.03291 -0.05370
-0.17192 -0.07784 -0.11645
0.01749 0.08407 0.09322
-0.18601 0.02987 0.09747
0.31274 -0.04568 0.15104
0.16235 0.01832 0.15442
-0.23877 0.00575 0.12457
-0.14600 -0.06610 -0.12024
-0.10319 -0.07100 -0.12528
-0.10294 -0.06737 -0.05506
-0.09883 -0.06837 -0.06573
-0.12206 -0.06844 -0.11538
-0.09933 -0.06879 -0.07479
0.31809 0.01184 -0.04290
-0.05526 0.09196 -0.09108
0.12532 -0.07931 0.11496
-0.08869 -0.03292 -0.13719
-0.43046 0.11939 -0.05248
-0.43669 0.11974 -0.03641
0.04573 -0.07360 -0.13766
-0.19867 -0.09295 -0.15095
0.01747 0.07263 -0.00970
-0.19914 0.01583 0.15535
0.09533 -0.09097 0.07624
0.31027 0.00413 -0.02976
-0.05339 -0.08734 -0.11325
0.06127 0.05077 -0.12741
-0.19704 0.08135 0.06196
-0.35516 -0.05543 -0.00105
-0.25673 -0.06720 0.06573
0.16895 -0.00191 -0.15811
-0.28468 -0.00138 -0.11882
-0.25730 -0.00028 -0.04747
-0.24153 0.00036 -0.00655
-0.27547 -0.00102 -0.03760
-0.26908 -0.00076 -0.05111
-0.00910 0.09291 0.02292
-0.44951 0.02499 -0.03992
-0.14482 -0.07218 -0.09967
-0.14841 -0.07901 -0.03521
-0.11297 -0.07213 -0.10030
-0.24219 -0.04145 0.12732
-0.44922 0.01594 -0.00911
-0.29116 -0.09812 -0.14477
0.45456 -0.04110 -0.02586
0.13767 0.01047 -0.11194
-0.09443 0.09380 -0.07096
-0.39137 -0.04684 -0.09973
0.45375 -0.03832 0.09201
0.14043 -0.06925 -0.08211
0.19832 0.00540 0.15725
-0.03151 -0.03912 0.05511
-0.03104 -0.04018 0.01310
-0.03120 -0.03984 0.04449
-0.02416 -0.05647 0.07979
-0.02189 -0.06185 0.10647
-0.02520 -0.05397 0.04319
-0.03605 -0.02844 0.05495
0.24146 -0.06355 0.12284
-0.25714 0.01087 -0.15637
-0.20334 -0.02730 -0.10280
0.31042 -0.03787 -0.15427
-0.03853 -0.07129 -0.14066
0.03411 -0.07785 -0.01398
-0.06690 -0.08752 0.06442
-0.12299 -0.03352 0.12078
0.14406 0.00671 -0.12519
0.15639 0.02336 -0.00707
0.10606 -0.00143 0.13778
0.44770 -0.04827 -0.10815
-0.16805 -0.02761 0.11760
-0.26882 -0.04287 0.02676
-0.26307 -0.03757 0.00336
-0.26458 -0.03896 0.07359
-0.09506 -0.04297 -0.13771
0.32146 0.00434 -0.06344
0.01691 0.08981 -0.03323
0.16112 0.02447 0.13399
-0.22363 0.04875 0.13771
-0.29532 -0.01723 0.10275
0.39534 -0.00657 0.14649
-0.20313 0.04256 0.04779
0.14834 0.00768 0.13425
0.43437 -0.02412 0.05527
-0.44106 0.02130 -0.07926
0.26077 0.02082 0.09857
0.09094 -0.07238 0.13759
0.04126 -0.07770 -0.00842
0.10930 -0.08490 0.12643
-0.05939 -0.08234 0.13185
-0.02325 0.08902 0.01002
-0.10197 -0.08904 -0.02166
0.40091 -0.07615 0.07893
-0.14977 0.00451 0.13795
-0.15814 -0.04272 0.13772
0.28867 -0.05084 -0.07737
-0.45134 0.01903 0.06363
-0.44539 0.01960 -0.00887
0.06854 0.05426 -0.11867
-0.32412 0.02480 -0.04053
0.05151 -0.05028 0.08965
-0.41647 0.09863 0.13884
-0.25466 -0.02376 0.08763
-0.10005 0.05954 0.12720
0.04082 -0.08744 -0.10551
0.37212 -0.07504 0.04065
0.24518 -0.02579 -0.13547
0.27874 0.01192 -0.09260
-0.44537 -0.02395 -0.10778
-0.44689 -0.01979 -0.07347
-0.07765 0.00572 0.13682
-0.09280 0.09407 0.00384
0.14154 -0.06077 -0.09875
-0.27904 -0.03304 0.09065
-0.34668 -0.06564 0.10061
-0.37312 -0.04831 0.13721
-0.44296 -0.01893 0.14685
0.27258 0.02006 -0.02969
-0.19668 0.08152 -0.05949
-0.07172 0.09032 0.02976
0.13324 -0.05991 -0.01345
-0.23067 -0.02536 0.00146
-0.23474 -0.02505 0.01418
0.07591 -0.07193 0.02750
0.30050 -0.07969 -0.00602
0.02423 0.08193 0.05233
0.13726 -0.04554 -0.00430
-0.35817 -0.05782 -0.09417
-0.01917 -0.03643 -0.11046
0.08225 -0.04362 -0.15576
0.26000 -0.03001 0.00161
0.26000 -0.04542 -0.01415
0.21627 -0.04564 -0.07471
0.30816 -0.03357 -0.04319
0.30816 -0.02802 -0.05613
0.30816 -0.04921 -0.05638
0.30816 -0.01500 -0.00022
0.30816 -0.01944 -0.00611
0.30816 -0.02578 -0.02487
0.30816 -0.04917 -0.06235
0.06044 -0.04246 0.15597
0.10705 0.03193 0.05405
-0.27652 -0.04829 -0.05800
0.03411 -0.07940 0.06242
-0.11560 -0.04351 -0.15569
0.41336 -0.05569 0.13739
0.16822 0.02443 0.08280
-0.35364 0.03394 -0.05301
0.03506 0.02449 0.15083
-0.00091 -0.02505 0.15801
-0.18006 0.07830 0.10744
0.17168 0.02459 0.01472
-0.18440 0.03558 -0.14094
-0.40108 0.03234 -0.03077
0.03092 -0.03289 0.03264
-0.31186 0.03212 0.08553
0.00071 -0.03622 0.06589
-0.03750 0.08703 -0.07434
0.18846 -0.04572 -0.08079
0.04685 0.06973 -0.12094
0.28003 -0.02275 -0.08602
0.12536 -0.07433 0.12507
0.01581 -0.03432 0.02990
0.42525 -0.01846 0.12931
0.21117 -0.03068 -0.08275
0.14220 -0.02931 0.00928
0.14228 -0.03883 0.09611
0.14202 -0.00685 0.02781
0.14214 -0.02241 0.05328
0.14210 -0.01675 0.06578
0.43615 -0.05302 -0.09321
-0.37821 0.02712 0.03106
0.23858 0.01873 -0.03384
0.24488 0.01815 -0.02288
0.27648 -0.05306 0.08048
-0.15891 -0.08493 -0.10271
0.20569 0.02510 -0.00109
-0.43494 -0.00671 -0.10335
0.16055 -0.01723 0.10031
0.27521 0.01651 -0.09882
-0.43227 0.02655 -0.13462
-0.37273 -0.06237 -0.10670
-0.32544 0.03155 -0.03611
0.21796 -0.07711 -0.05750
0.06656 -0.00113 0.15806
-0.10521 -0.07191 -0.14825
-0.44266 0.01049 0.05078
-0.44090 -0.01741 0.07227
-0.44294 0.01506 0.04801
0.40721 -0.00904 0.08000
-0.08125 -0.07163 -0.13875
0.21521 0.02281 -0.08907
0.15415 -0.02114 0.00016
-0.42805 0.03094 0.04121
-0.30626 0.03348 -0.13610
-0.05188 0.09409 -0.04244
-0.37039 0.02210 0.09887
0.27061 -0.06014 0.08104
-0.25892 -0.04174 0.08621
0.19903 0.02180 0.00165
-0.07573 -0.00446 0.15816
-0.27010 -0.02069 0.10278
-0.25578 -0.03230 0.03284
-0.11724 0.09357 0.01608
0.13852 -0.06749 0.14963
-0.25447 -0.06379 0.11679
-0.03386 0.09380 -0.06383
-0.32899 -0.03706 -0.10046
-0.32922 -0.03702 -0.14415
-0.32432 -0.04367 -0.10598
0.14562 -0.02900 0.08324
-0.43126 0.00124 -0.14969
-0.07759 -0.05978 0.15233
-0.34755 0.03434 -0.04790
-0.43251 -0.07325 -0.07635
0.24690 0.00090 -0.09425
0.08591 0.00989 -0.13778
0.30361 -0.08707 -0.04105
-0.25462 -0.03350 0.07843
-0.08512 0.08975 -0.06370
-0.14581 -0.06455 -0.02990
-0.13287 -0.06515 -0.03149
-0.13510 -0.06532 -0.05539
-0.14633 -0.06468 -0.04426
-0.16263 -0.06468 -0.10985
-0.11778 -0.06603 -0.04877
-0.15813 -0.06440 -0.06644
-0.11397 0.09136 0.09761
0.15706 -0.08468 -0.13186
-0.31636 -0.06315 0.13721
0.15674 0.02444 -0.10115
-0.05239 0.09343 0.07590
0.08746 -0.01019 -0.08681
-0.03751 -0.00937 -0.12548
0.17205 -0.11201 0.12804
0.23824 -0.05005 0.04167
0.21251 -0.05084 0.04082
0.15591 -0.07495 -0.13613
0.07831 0.01779 0.13780
0.07069 0.01574 0.13785
0.04177 -0.02042 0.13792
-0.29823 -0.07464 -0.12778
-0.17830 -0.05953 0.11377
0.04744 -0.00876 0.06552
-0.08560 -0.00456 0.14680
-0.28227 -0.00425 0.12884
0.21533 -0.05107 -0.09194
-0.22541 -0.01810 -0.14386
0.15367 -0.01100 0.08804
0.20717 0.00090 0.10130
-0.12482 0.09333 -0.06362
-0.42520 -0.04443 -0.01426
-0.42519 -0.04835 -0.03369
0.08431 -0.00387 -0.15825
0.30698 0.00228 0.04132
0.29191 0.02069 0.00107
0.19249 0.01027 -0.10464
-0.28836 -0.04043 -0.14685
0.32516 0.01122 0.07887
-0.18839 -0.08917 0.14347
-0.23326 -0.06753 -0.13600
0.21819 0.02041 0.07438
0.38422 -0.00170 -0.14396
0.12533 -0.05502 -0.14610
0.24502 0.01611 -0.08410
-0.09939 -0.08572 0.03335
-0.03067 -0.08091 -0.14423
0.05783 0.02449 -0.15038
-0.03911 -0.02125 -0.07005
0.40620 -0.08097 0.04417
-0.20523 -0.07135 -0.14802
-0.10159 0.08984 0.03445
-0.06019 0.08947 -0.06462
0.10131 0.02731 -0.08028
-0.44919 -0.01973 -0.03356
-0.05292 0.02443 0.11268
0.09020 0.02404 0.13826
0.42651 -0.05843 -0.03882
-0.28179 0.04523 0.08089
0.38710 -0.00226 -0.12099
0.23372 -0.10370 0.10886
0.14947 0.01408 -0.09013
0.22985 0.02663 -0.11986
0.12231 -0.04259 0.13775
-0.22822 0.06376 -0.10666
0.00972 0.08624 0.03330
0.11670 0.00809 0.15681
0.29796 -0.02328 -0.04514
0.30076 -0.01362 0.06209
0.14218 -0.02677 -0.13750
0.14213 -0.02099 -0.12951
0.14193 0.00374 -0.05251
0.14228 -0.03914 -0.12973
0.14198 -0.00255 -0.07301
-0.44020 0.00773 0.13757
-0.26071 -0.07904 0.10829
0.18540 -0.07739 -0.02695
0.20400 -0.05891 0.07706
0.07885 -0.01074 -0.13778
-0.39986 0.02282 0.14977
0.06530 0.03741 0.07230
-0.23478 -0.00136 0.15145
-0.22657 -0.07899 0.10369
0.27522 0.01983 0.06736
-0.26518 -0.07715 -0.10481
-0.32361 0.03520 0.05355
0.03411 -0.08187 -0.03046
-0.18316 0.02225 -0.01848
-0.27010 0.03794 -0.06533
-0.27537 0.03802 -0.07252
0.27255 0.00765 -0.10464
-0.11366 -0.06822 0.09360
-0.08881 -0.07128 0.10079
-0.10622 -0.06879 0.08914
-0.13986 -0.06594 0.10435
-0.10823 -0.06821 0.08221
-0.12964 -0.06815 0.12558
-0.22965 -0.07007 0.03249
-0.10440 -0.02145 0.13770
-0.22735 -0.04905 -0.11679
0.12165 0.00038 0.13775
-0.10173 0.08726 0.07444
0.13936 -0.07889 0.01656
0.43792 -0.04550 0.03929
-0.10232 -0.06723 0.01453
-0.19604 -0.05692 -0.10923
0.30063 -0.08279 -0.02915
0.01375 -0.08179 0.12513
0.03922 -0.08286 0.12512
0.08048 -0.07901 0.12510
0.35014 0.00742 0.08979
0.01570 -0.03433 -0.03155
0.17187 -0.05051 0.14973
-0.11530 -0.03270 -0.13768
0.37857 0.00042 0.03012
0.16190 -0.09683 0.11814
0.08878 0.01252 0.13778
0.29698 -0.03442 -0.04468
0.04250 -0.08390 -0.13974
0.17208 -0.06565 0.07976
-0.44528 0.00766 0.09165
-0.23328 -0.01755 0.09783
-0.02968 0.00242 0.11569
-0.27106 0.04368 -0.12192
0.18924 -0.04609 -0.14663
0.22600 0.01971 -0.10318
0.37550 0.00128 0.06753
-0.00589 -0.03736 -0.03675
-0.11361 -0.05202 0.13500
-0.13264 0.09313 -0.00761
-0.09511 0.08989 -0.04391
-0.31297 0.03048 0.09353
-0.30816 0.03252 0.04906
-0.29828 0.03242 0.04199
-0.17493 0.01243 0.13798
-0.26428 0.04714 0.12718
0.21738 0.02272 -0.13645
0.08906 0.02821 -0.02817
-0.16758 -0.02950 -0.09946
-0.40153 0.03135 0.08891
-0.03393 -0.03337 -0.00371
-0.02767 -0.04816 -0.04452
-0.04069 -0.01752 -0.04877
-0.02358 -0.05776 -0.03141
-0.02243 -0.06049 -0.04346
-0.02168 -0.06224 -0.02564
-0.03832 -0.02306 -0.01988
-0.02783 -0.04775 -0.01849
-0.04980 0.00397 0.06132
-0.05250 0.01034 0.04064
-0.43651 -0.04396 -0.06513
0.22592 -0.04643 0.09423
0.05353 -0.03331 0.13778
-0.44616 -0.04488 0.14523
-0.38882 0.02863 0.12834
0.42145 -0.06708 -0.09723
-0.35357 -0.03705 0.10191
0.10607 -0.06213 0.13898
-0.21806 -0.07879 -0.01138
-0.44396 -0.04816 -0.14785
-0.05637 0.04090 0.07839
0.08935 -0.01407 -0.05835
0.09504 0.02527 -0.08289
0.12187 -0.08069 0.01442
0.14996 0.01751 0.04270
0.34601 0.00599 -0.02576
-0.42518 -0.05798 -0.03633
-0.44150 -0.00085 0.14969
-0.44142 0.00936 -0.15575
-0.18385 0.02411 0.06093
-0.07641 0.09412 -0.04741
-0.23878 0.02355 -0.05871
-0.03957 0.02385 0.03943
-0.14933 -0.04619 0.13500
-0.43130 -0.06291 -0.07541
0.18290 0.02394 -0.09806
-0.02892 0.00987 0.15643
-0.41162 0.02065 -0.09679
0.14037 0.02411 -0.06556
-0.28851 0.03215 -0.04893
-0.28320 0.03193 -0.05868
0.42767 -0.05834 0.08743
0.08872 -0.03997 -0.15631
-0.25552 -0.10472 0.14630
-0.14968 0.06770 0.12422
0.31654 -0.03101 0.13440
-0.15111 0.09253 0.01864
-0.16347 0.08633 0.00288
-0.16887 0.08597 0.03976
-0.16420 0.08628 0.02571
-0.43397 -0.00652 -0.12808
0.09677 0.02854 0.05926
0.14125 -0.01209 0.13936
-0.00242 0.09239 -0.02513
-0.43226 0.03044 -0.05735
-0.21785 -0.06602 -0.12485
-0.19460 -0.04720 0.09151
-0.03754 0.02056 -0.08042
0.29012 -0.08836 -0.05262
0.23642 -0.05481 0.06958
0.31452 -0.00716 0.08846
-0.23776 -0.01744 -0.09691
-0.24688 -0.07044 -0.06077
-0.14857 0.07078 -0.12253
-0.30051 0.02992 0.14977
-0.44455 -0.02797 0.15771
-0.18845 0.03504 -0.08714
-0.32093 -0.04807 -0.08329
-0.05633 -0.07149 -0.14680
-0.44050 -0.02358 0.01702
-0.43987 -0.03362 0.03351
-0.31869 0.03524 -0.05737
0.12322 -0.07219 0.05733
-0.44166 -0.00421 0.07780
-0.24902 -0.06283 -0.00502
0.29542 0.01379 -0.02743
-0.09677 0.08433 -0.09926
0.05199 -0.04873 0.07206
-0.45555 -0.03050 0.00995
0.43522 -0.04870 0.08119
0.16714 -0.05023 -0.04345
-0.19435 -0.00473 -0.12961
-0.03733 -0.02544 -0.10046
0.02766 0.08731 -0.02928
0.03000 -0.03288 0.01980
0.12883 0.00543 -0.13886
-0.29270 -0.07335 0.10805
-0.41250 -0.00032 0.15756
0.23904 -0.07467 0.08998
-0.22496 -0.00133 -0.11038
-0.07649 -0.07267 0.10820
-0.04345 -0.07150 0.02544
-0.07944 -0.06964 0.05327
-0.04088 -0.07230 0.03667
-0.05987 -0.07118 0.04862
-0.06889 0.09288 -0.08150
0.22833 0.01964 0.08486
-0.05244 0.02470 0.00215
-0.21296 -0.08088 -0.12979
-0.01914 -0.03655 0.01067
0.22070 0.01805 0.09964
-0.15445 0.09211 -0.04957
-0.00430 -0.03742 -0.06996
0.33390 0.00830 -0.04947
0.11282 0.02485 0.15070
0.16524 -0.00514 0.15834
-0.20814 -0.05921 0.08977
0.38669 -0.07366 0.02015
0.17586 0.02219 0.02102
-0.17048 0.01356 -0.13799
0.04531 0.02447 -0.14893
0.35511 0.00072 0.02362
0.27536 -0.00609 0.15836
-0.00897 0.08992 0.09956
0.22149 -0.05007 0.11756
0.36222 0.00452 0.01851
-0.31202 0.03582 0.05268
-0.01765 0.01254 -0.15596
-0.39275 -0.05540 -0.07546
-0.44630 0.00998 0.13875
-0.26252 -0.08860 -0.14116
0.02083 -0.07411 -0.07081
-0.01212 -0.07411 -0.13271
0.02884 -0.07411 -0.13438
0.03317 -0.07411 -0.08062
-0.00706 -0.07411 -0.10328
0.21901 -0.07492 0.06543
-0.25205 -0.02842 0.03952
-0.25206 -0.02842 0.08625
-0.41353 -0.05535 -0.05374
-0.43502 0.02905 -0.11839
-0.19416 0.04227 0.00097
0.22366 -0.07625 0.11409
-0.24243 -0.07232 0.03928
0.08940 0.02741 0.00043
-0.26086 -0.10519 0.10891
0.10200 0.02109 -0.07598
-0.15752 0.08489 -0.11509
0.07983 -0.06587 -0.15008
-0.15625 -0.08671 0.08816
-0.38917 -0.05806 -0.13722
-0.38693 0.05269 0.14359
-0.41655 -0.04339 -0.10046
-0.25623 -0.03830 0.08989
-0.34654 0.03336 -0.09592
-0.45246 -0.02124 0.06662
-0.21114 -0.01996 0.15337
0.17551 -0.11468 0.13267
-0.18421 0.01170 0.15607
0.26024 0.01684 0.01537
0.20446 -0.08338 -0.02067
-0.28167 -0.03434 -0.09091
0.23649 -0.06888 -0.06508
-0.20615 0.07672 0.10362
-0.03278 -0.03616 0.10607
0.27591 0.01216 0.09592
0.16249 0.02213 -0.03443
0.26547 -0.03827 0.07912
-0.24906 -0.05007 -0.14476
-0.44835 0.00418 -0.14971
-0.30646 0.03131 0.11712
-0.28402 0.03122 0.14206
-0.00668 -0.08227 0.06577
-0.23087 -0.08157 0.10847
0.04120 0.07717 -0.05585
0.05799 0.06510 -0.06822
-0.41425 -0.04340 -0.12925
0.25901 -0.07642 0.02808
0.23418 -0.10533 -0.15035
-0.32021 0.00086 0.15770
0.22368 -0.04330 0.07198
-0.03389 0.09409 -0.01590
-0.24922 -0.06443 -0.02333
-0.42903 -0.06191 -0.06824
0.34136 0.00938 0.13430
-0.13195 -0.07764 -0.04827
-0.12785 -0.07655 -0.05852
0.03075 0.08038 0.11775
-0.36520 -0.05250 -0.13725
0.18393 0.02389 -0.08645
0.17744 -0.11231 0.10812
-0.29086 -0.00241 -0.03719
-0.29783 -0.01016 -0.04498
-0.29578 -0.00787 -0.11358
-0.29213 -0.00382 -0.02591
0.15617 -0.07260 0.14658
-0.19455 0.00449 -0.13826
-0.28691 -0.10037 0.14945
0.41814 -0.01419 0.11493
-0.38865 0.07346 -0.13776
-0.02138 0.08467 0.09583
-0.00014 -0.05258 0.12548
-0.15384 -0.09403 0.03365
0.02793 0.08684 0.07845
0.18626 -0.10974 -0.15114
0.07826 -0.03201 0.15740
0.31684 -0.03606 -0.12119
0.19720 -0.07121 0.14585
0.06310 0.01272 0.07890
0.02088 0.08382 -0.04377
0.21839 -0.02734 -0.08494
-0.28064 0.03131 -0.13288
-0.31695 0.03100 -0.14928
-0.30852 -0.02542 -0.10868
-0.21851 0.04588 -0.13460
0.18825 0.00090 -0.09316
-0.03023 -0.05410 0.15359
0.04294 -0.03394 -0.02329
0.30290 0.01733 0.01770
0.15895 -0.00467 0.12618
-0.09496 0.00084 0.15753
-0.44149 -0.05181 0.06317
-0.21156 0.07631 0.06356
0.01273 0.09052 0.00784
0.07351 -0.05450 0.00268
0.05787 -0.06096 0.13778
-0.02933 0.00141 -0.09766
-0.14569 0.09272 -0.04847
0.21804 -0.07390 0.08541
0.25825 -0.07089 -0.10915
-0.44671 -0.00088 -0.12451
-0.13173 -0.09612 0.04617
0.00427 -0.08511 0.10789
-0.22246 -0.12434 -0.11163
-0.26345 -0.04034 0.14835
-0.15580 -0.02592 0.15793
0.08101 -0.06209 -0.13778
-0.01843 -0.07269 0.02340
-0.00902 -0.07371 0.07543
-0.00133 -0.07341 0.04040
-0.01475 -0.07352 0.07296
-0.00317 -0.07407 0.08882
0.20255 0.02163 -0.08195
0.40714 -0.08255 0.02222
0.25653 -0.07130 -0.08502
0.02401 -0.07379 -0.01927
-0.00755 -0.07305 -0.02766
0.01845 -0.07400 -0.04418
-0.00031 -0.07405 -0.08208
0.01510 -0.07347 -0.01426
0.23208 -0.02534 -0.10935
0.19645 0.01915 -0.04295
-0.10732 -0.03319 0.02560
0.21946 -0.02366 0.14955
0.08950 -0.01811 -0.13778
0.08159 0.00440 0.00478
0.22530 0.01135 0.10351
0.06114 -0.07118 0.13914
-0.19700 0.04349 0.01237
0.05983 0.02810 -0.14096
-0.29800 0.03368 -0.14320
0.14463 -0.04354 0.11970
0.09882 -0.07410 0.13419
0.23406 0.02215 -0.12494
-0.30978 0.03371 -0.12133
0.30857 -0.04077 0.06333
-0.41931 -0.02786 -0.15396
-0.41392 0.03094 0.08190
0.28291 0.01928 -0.08001
0.31036 -0.03890 -0.08193
0.27103 -0.02535 -0.08567
-0.11432 -0.08254 -0.13568
-0.31652 0.03478 -0.03937
-0.13119 -0.02284 0.15828
0.09104 -0.01545 0.10578
-0.19825 0.07684 0.09534
-0.34574 -0.05717 -0.13724
-0.24922 -0.05509 -0.02169
-0.03716 -0.07566 -0.14742
-0.14480 0.09275 0.01615
0.10604 -0.07587 -0.14559
-0.09501 -0.05345 0.15181
-0.19663 0.04350 -0.02793
-0.21170 -0.05711 0.00229
-0.17803 -0.07877 -0.13405
0.01064 -0.03827 0.13727
-0.27868 -0.11278 -0.11088
0.43572 -0.05956 -0.03788
-0.07904 -0.07600 -0.12516
-0.06818 -0.07814 -0.12516
0.13701 -0.05158 0.12452
0.13164 -0.06045 0.11943
0.12813 -0.06624 0.12207
-0.18432 0.08110 -0.11395
-0.05435 0.03420 -0.07256
-0.19828 0.01029 0.02837
-0.20132 -0.09133 -0.10924
-0.35147 0.05229 -0.14201
-0.20333 0.04244 0.01498
-0.24729 0.03765 0.05092
-0.28174 0.03825 0.05777
-0.26575 0.03759 0.08808
-0.23151 0.03723 0.07820
-0.28835 -0.02535 -0.10279
-0.18335 -0.08280 0.10715
-0.17600 -0.02033 -0.13301
-0.15572 0.00929 0.13708
0.14259 -0.07805 -0.10142
0.10523 0.03144 -0.03634
0.03032 -0.03287 -0.11126
0.12895 0.02498 0.06051
-0.19094 0.07595 -0.10782
-0.09694 -0.05576 0.12492
-0.04243 0.09398 0.06351
0.44953 -0.04779 0.03046
-0.06878 -0.02046 -0.13791
-0.07509 -0.00626 -0.13798
-0.05360 0.01051 -0.13804
-0.26240 -0.01922 -0.13862
0.03598 -0.05481 0.00242
-0.02436 -0.02299 0.15819
-0.13291 0.08409 0.09719
0.01881 -0.06248 0.12548
-0.26862 0.04600 0.12014
0.17039 0.02266 -0.08096
0.17137 -0.11090 -0.13535
-0.24709 0.06187 -0.05301
-0.36284 0.02349 0.10400
-0.08560 0.09225 0.08810
-0.26732 0.00356 -0.14976
-0.15167 -0.03720 0.02896
0.39941 -0.00597 0.01334
-0.25531 -0.02038 0.09912
0.18383 0.02399 -0.02635
0.12974 -0.00870 0.08326
-0.02060 -0.03254 -0.02532
0.10706 -0.04325 -0.13908
-0.04015 -0.08739 -0.05233
-0.40440 0.03235 0.01602
0.09294 -0.05378 0.00947
0.19928 0.02178 0.02367
0.26853 -0.05309 0.06973
0.20065 -0.08711 -0.05378
-0.41159 -0.05898 -0.08490
0.11780 -0.07658 0.10544
0.11136 -0.07658 0.12545
0.08398 -0.07658 0.11705
-0.40751 -0.04571 -0.09560
0.14918 -0.03327 -0.13886
-0.19274 -0.00696 -0.15297
-0.20722 0.07847 0.02594
-0.13646 -0.05330 0.00705
0.31652 -0.00520 -0.12673
-0.26404 -0.05111 -0.12820
-0.06749 -0.08039 0.12516
-0.14414 -0.07427 0.12519
0.29045 -0.03780 0.15655
-0.24458 -0.05715 0.03399
-0.24192 -0.05433 0.11263
0.29988 0.01127 0.04898
0.08673 -0.00871 -0.00848
0.08931 -0.01399 0.06950
0.24730 0.02401 -0.13630
-0.02173 -0.04852 -0.12548
0.44386 -0.03036 0.08131
0.12943 -0.06410 0.08587
0.13338 -0.05758 0.07922
-0.08629 -0.03214 0.13783
0.20501 -0.01631 0.08147
-0.09312 0.00323 -0.14961
-0.43978 -0.03518 0.15101
-0.09174 -0.01695 0.15817
-0.21997 -0.00629 -0.10277
0.00782 0.08062 0.06450
-0.20753 0.06920 -0.11400
0.28722 0.01675 -0.15466
0.42879 -0.05697 -0.08011
-0.03950 0.08900 0.04568
0.15206 0.02467 0.01479
-0.09641 -0.05353 -0.01282
-0.41700 -0.06458 0.06827
0.00631 0.09158 0.01794
-0.12918 0.08110 -0.12022
-0.39470 -0.00564 -0.15819
-0.24738 0.05206 -0.12350
-0.39075 0.04637 0.13820
-0.40754 0.05402 0.13941
0.34177 -0.02543 -0.15461
-0.34326 0.03265 0.11141
0.29671 0.01755 0.13436
-0.10981 0.09368 0.05603
0.21200 0.02297 -0.11110
-0.25725 -0.08250 -0.13264
-0.30874 -0.05466 -0.05264
-0.32119 -0.05474 -0.06599
-0.38169 -0.05516 -0.06762
-0.33738 -0.05487 -0.04684
-0.35214 -0.05499 -0.01252
0.10432 0.01512 -0.04005
-0.24777 -0.05956 0.05016
-0.17974 -0.01674 0.13792
0.03753 -0.07887 0.00406
-0.04809 0.03883 -0.13564
-0.03243 0.05025 -0.13044
-0.02010 0.04100 -0.13465
0.01753 0.05256 -0.12939
0.28925 -0.08573 0.04787
0.05190 0.02491 -0.14501
-0.33701 -0.03707 -0.08790
-0.24303 -0.05920 -0.14775
-0.19965 0.04346 -0.09717
0.13155 -0.04109 0.15610
0.20943 -0.06616 0.11879
0.06518 -0.07658 -0.09750
0.05198 -0.07658 -0.10288
0.19868 -0.03244 0.07864
-0.20881 -0.05831 -0.08963
0.13156 0.02505 -0.02512
-0.38538 0.08154 0.13871
0.37084 -0.07510 -0.05476
-0.04062 0.00647 -0.13682
0.43755 -0.05615 0.07570
-0.18484 -0.02049 0.08274
-0.18671 -0.01643 0.11046
-0.17211 -0.04989 0.06592
-0.16663 -0.06244 0.04788
-0.18914 -0.01063 0.09555
-0.19441 0.00132 0.12260
-0.20115 0.01693 0.12937
-0.17841 -0.03532 0.07349
-0.17704 -0.03828 0.05188
-0.11687 0.08945 -0.01028
-0.16882 0.08597 -0.01740
-0.12837 0.02751 0.14823
-0.21646 -0.06120 -0.11744
0.09386 -0.02596 0.15793
-0.13776 -0.01236 -0.15820
-0.24912 0.04395 -0.13407
-0.35721 0.02775 -0.07684
0.41747 -0.01326 -0.00186
-0.44503 -0.04657 -0.10515
-0.44872 -0.04103 0.04982
0.08182 0.00309 -0.15762
0.17793 -0.04580 0.08079
-0.36999 0.02981 0.15198
0.24179 -0.06045 0.03119
0.38767 -0.00240 -0.04381
0.23041 0.01930 0.01721
0.10211 -0.08314 -0.05793
0.05591 0.02078 -0.15363
-0.07339 0.09414 0.03988
0.21609 0.02278 0.05373
0.04326 -0.03352 -0.01706
0.09888 -0.03542 -0.15694
0.21237 -0.01491 0.12793
-0.24215 -0.06239 -0.13600
0.19898 -0.05902 0.07453
-0.33015 0.03363 -0.10308
-0.33441 -0.04476 0.09868
-0.27300 0.05113 -0.04962
-0.05606 0.01872 0.08073
0.12662 -0.08307 0.08183
0.17912 0.02410 0.05289
-0.42701 0.00169 0.10168
0.32803 -0.07081 -0.14429
-0.35369 -0.03706 -0.03592
-0.35441 -0.03706 -0.04179
-0.36767 -0.03703 -0.05577
0.15282 0.01489 -0.10405
-0.11344 -0.08386 -0.01583
-0.31850 0.00410 -0.14977
-0.43752 0.02534 0.01258
-0.16648 -0.03403 0.04726
-0.27395 -0.04459 0.03036
0.35375 0.00573 -0.07206
-0.42519 -0.04749 0.03800
-0.42520 -0.05139 0.00595
-0.03389 -0.06140 -0.15111
0.07985 -0.06101 -0.15230
0.15993 -0.09269 0.11592
0.14956 -0.03419 0.09184
0.10771 -0.06342 0.01558
-0.24001 0.00042 0.07177
-0.24351 0.00027 0.05144
0.22328 -0.08236 -0.09101
-0.02719 -0.04935 -0.11886
-0.04989 0.00418 -0.09548
-0.26353 0.04503 -0.13155
-0.17134 -0.01414 -0.01649
-0.21979 -0.05592 -0.13358
0.26757 -0.08312 -0.12009
-0.01831 0.08862 0.02300
0.04913 0.03578 -0.13695
0.03500 0.04895 -0.13083
0.02840 0.06244 -0.12457
0.42030 -0.06735 0.02964
-0.15187 -0.08699 -0.02868
-0.23911 -0.07194 -0.07292
-0.27428 0.05073 0.04528
-0.14797 -0.06687 0.14944
0.07287 -0.02665 0.00712
0.26133 0.00090 -0.10070
0.08917 -0.01370 0.12477
0.08443 -0.00398 0.11538
0.08583 -0.00686 0.09718
-0.24582 -0.07265 0.14748
-0.22632 0.03718 -0.08599
0.24125 -0.04499 -0.10995
0.14203 -0.00775 0.07758
0.14199 -0.00351 0.11748
0.14200 -0.00432 0.13152
0.14192 0.00493 0.11886
0.05791 -0.09097 0.09234
-0.00801 -0.07140 0.14035
0.01367 -0.04931 -0.12548
0.17590 0.02332 0.05922
0.14530 0.02024 -0.03022
0.18150 0.00090 0.09199
-0.22957 -0.03472 0.08763
-0.15666 0.09178 0.06372
-0.42183 0.11958 -0.11557
-0.17658 -0.08636 0.10644
0.29737 0.01770 -0.02377
-0.37843 0.05365 0.14372
0.13394 0.02452 0.11150
0.35123 0.00553 0.07797
-0.01319 0.08557 -0.08722
0.28272 -0.07212 -0.07775
-0.04752 -0.00142 0.04720
-0.17028 -0.09392 -0.04004
-0.02583 -0.01017 -0.01607
0.22416 -0.06483 0.06663
0.09097 0.02572 0.12446
0.29730 -0.04353 -0.04546
0.26594 -0.08870 0.12004
-0.12818 -0.07270 -0.09635
-0.05102 -0.03155 -0.15746
-0.26125 0.05649 -0.03465
-0.22772 -0.02398 -0.10934
0.02863 0.00394 0.13739
-0.32092 0.03428 -0.09119
-0.42159 0.02582 0.07450
0.42740 -0.02006 0.03914
-0.07399 -0.05539 -0.00871
0.15207 0.02335 -0.06660
0.05871 -0.06852 0.14933
-0.12917 -0.00294 0.15802
0.16697 -0.01521 0.15848
-0.15961 -0.07181 -0.03414
-0.18148 0.01776 -0.10413
0.11802 0.01126 0.02536
0.11679 0.01147 0.05429
0.10754 0.01301 0.07504
0.13767 0.00798 0.01497
-0.31029 -0.02788 -0.14320
0.32118 -0.06346 0.14971
-0.31543 -0.05522 -0.06927
-0.29765 -0.05458 0.05683
-0.30879 -0.05467 0.02285
-0.31367 -0.05471 0.03207
-0.33516 -0.05487 0.00632
-0.30159 -0.05461 -0.03037
-0.30884 -0.05467 -0.02384
-0.27337 0.03201 -0.02028
-0.29063 0.03233 -0.02832
0.18370 -0.03652 -0.15112
-0.43064 -0.03168 0.14961
0.17411 0.02111 0.09606
0.00717 -0.03519 0.05646
-0.41753 -0.05382 0.00408
-0.44331 0.00499 -0.14428
0.30990 0.01089 -0.04957
-0.33503 -0.06882 -0.10251
0.09944 0.02814 0.01885
-0.12543 -0.00434 -0.15813
0.22306 0.02252 -0.05050
-0.35733 0.03318 0.08563
0.08883 -0.05699 0.15314
-0.36935 0.03301 -0.07339
-0.37954 -0.05834 -0.09773
-0.13642 -0.06527 0.05639
-0.08954 -0.06697 0.01844
-0.15836 -0.06461 0.08689
-0.11801 -0.06572 0.02215
-0.16007 -0.06375 0.01620
-0.14119 -0.06515 0.06565
-0.12497 -0.06557 0.03681
0.40779 -0.00924 0.06176
-0.44595 0.00112 0.11387
-0.35929 -0.04391 -0.10846
-0.31391 0.00092 0.14976
0.01710 -0.01755 0.12501
-0.04459 -0.08764 0.10898
0.15812 -0.00748 0.10094
-0.26933 0.00003 -0.15779
0.16727 0.01619 -0.10334
-0.19048 -0.09390 0.14761
0.00711 -0.00989 -0.13110
0.42151 -0.05662 -0.13263
0.08148 0.03691 0.13944
0.14947 0.01612 -0.06973
-0.27668 0.02106 0.15466
-0.24146 0.06431 -0.04908
-0.41869 -0.06700 -0.06703
0.08552 -0.07411 -0.11118
0.06013 -0.07411 -0.12299
0.04113 -0.07411 -0.12432
0.05462 -0.07411 -0.11984
0.15415 -0.04818 -0.03242
0.42250 -0.04558 0.09198
-0.24342 0.05868 -0.11647
-0.28041 0.03742 0.11088
-0.27065 -0.04366 -0.07015
-0.42577 -0.04389 -0.02643
-0.30015 0.04064 -0.02126
-0.20656 -0.01573 -0.15333
0.10797 0.03091 -0.02783
-0.15313 0.08595 -0.11291
0.10605 -0.01665 -0.15848
-0.00052 -0.07126 0.13883
-0.35938 0.02944 -0.03593
-0.11825 -0.08836 0.08841
0.29092 -0.02133 0.15808
-0.19608 0.03477 -0.14407
0.01269 0.08583 -0.00481
-0.41547 0.03195 0.00461
-0.26468 -0.02431 0.10100
0.13264 -0.05881 -0.05370
0.12524 -0.07105 -0.03698
-0.15122 -0.08434 0.10719
-0.04620 0.02095 0.05087
-0.22124 -0.08252 -0.10925
0.20283 -0.02836 -0.07952
-0.32497 -0.01442 -0.15849
-0.17163 -0.05049 -0.01142
-0.26336 0.03186 0.00695
-0.27211 0.03202 0.01216
0.42250 -0.05283 0.03109
0.17113 0.02435 -0.05543
-0.09265 -0.04196 0.15582
0.10700 0.02602 0.09159
-0.42976 -0.05328 0.05354
-0.14220 0.09284 -0.03914
0.19156 -0.05035 0.13675
0.10357 -0.06554 -0.13967
-0.37767 -0.04941 0.15025
-0.42764 0.12129 -0.13494
-0.07537 0.00672 0.15698
0.30312 -0.08701 0.05312
-0.44208 0.00125 0.09096
-0.06600 0.00176 0.15762
-0.16278 0.09064 0.06596
0.05142 -0.05025 0.01539
-0.17833 -0.04795 0.11954
0.07925 -0.08252 0.06250
0.14409 -0.05919 -0.15260
-0.34697 0.03491 0.00531
0.14258 -0.07363 0.08431
-0.32557 0.02371 -0.07438
-0.37169 0.02731 0.01927
-0.25818 0.03752 0.11151
0.13963 0.01782 0.15458
-0.17099 0.05102 0.13588
-0.12416 0.03943 0.13669
-0.30902 -0.04204 -0.15388
0.18861 0.02414 0.01732
-0.43835 -0.05636 0.12066
-0.18517 -0.08011 -0.08807
0.20044 -0.04171 -0.07375
-0.45444 -0.03270 0.02841
-0.23982 -0.09836 -0.14117
-0.04650 0.08516 -0.09140
-0.19633 0.06644 -0.12241
0.20315 0.01946 -0.09227
0.29107 0.01844 0.03709
0.14476 -0.04040 -0.10737
0.21642 -0.05894 0.09601
-0.27442 -0.03226 0.08763
0.29247 0.01819 0.12324
-0.39153 0.02380 0.09807
0.13569 -0.07284 0.07289
-0.26327 -0.03257 -0.10936
0.04506 -0.06203 -0.13778
-0.39447 0.06468 0.14305
-0.04023 -0.08637 0.12515
-0.45158 0.01531 -0.00463
0.04374 0.07497 0.09215
0.27199 0.01357 -0.10323
0.13616 0.06221 0.12744
-0.05064 0.08441 0.09836
-0.00050 0.01762 -0.15454
-0.18391 -0.01434 0.10275
-0.20963 -0.03842 -0.08763
0.00297 0.08938 0.09798
-0.04721 0.03562 0.08932
-0.25904 -0.01840 -0.11684
0.42862 -0.06441 -0.04617
-0.01005 0.09225 -0.07541
0.25949 -0.06204 -0.15094
0.22603 -0.06865 -0.05154
-0.16707 -0.03159 0.03011
-0.19137 0.03979 -0.09712
-0.26933 0.03174 0.06326
-0.28376 0.03193 0.06645
-0.17841 0.00433 -0.13825
0.38884 -0.00248 0.02142
-0.37620 0.02910 0.13386
-0.03109 -0.03825 -0.15655
-0.28567 -0.09232 0.10795
-0.37395 -0.00245 0.14982
-0.37433 0.03367 -0.00908
-0.10741 0.08738 0.11010
0.35043 -0.04012 -0.15191
0.34365 -0.05325 -0.15025
-0.17550 0.08548 0.04032
-0.07172 -0.07153 0.14392
-0.07154 -0.05832 -0.01318
-0.33855 0.03321 -0.11099
-0.45031 0.01362 -0.07904
0.22520 -0.01661 -0.08622
0.19866 0.02345 0.12099
-0.41923 -0.03681 -0.14803
0.31849 0.00898 -0.10312
0.08779 0.01936 0.06383
0.23811 0.02198 -0.05911
0.38412 -0.07393 -0.11719
-0.16911 -0.02328 0.09628
-0.19043 0.03842 0.00318
-0.14755 -0.04237 0.15593
0.04608 -0.08487 0.08411
-0.16475 -0.08191 -0.10410
0.10403 -0.06299 0.14546
0.25468 0.02243 -0.12924
-0.19480 0.08218 0.02121
-0.10044 -0.03439 0.04083
0.18552 -0.02250 -0.11548
-0.08827 0.00250 -0.15724
-0.24902 -0.07301 -0.00550
-0.08589 -0.05942 0.14554
-0.43975 -0.03552 0.08664
0.23572 -0.06911 0.06671
-0.33220 0.02849 -0.01268
0.20271 0.02230 0.10086
-0.20544 -0.11525 0.12812
-0.09201 -0.08114 0.14338
-0.09892 -0.03414 -0.10375
-0.44671 -0.01920 -0.08102
-0.29550 -0.07463 -0.10971
0.16020 -0.05136 0.04026
-0.39035 -0.06162 -0.14247
-0.43692 -0.05167 -0.00023
0.20464 -0.00673 0.08851
0.26444 0.01650 -0.00029
0.32122 0.00128 -0.02692
0.21185 -0.01524 -0.13845
0.14149 -0.05514 0.10787
-0.11850 -0.08039 -0.01306
0.13815 0.01738 -0.12519
0.12878 -0.07323 -0.00085
0.23438 0.00090 0.09985
-0.19639 -0.08367 -0.10945
-0.44050 -0.02280 -0.14436
-0.12038 -0.03292 -0.13715
-0.30384 -0.01682 -0.01322
-0.31692 -0.03136 -0.04051
-0.29670 -0.00889 -0.00408
-0.31402 -0.02815 -0.06749
0.18480 -0.06096 -0.13791
0.05165 -0.04956 0.02264
0.20256 -0.01319 -0.08780
0.40347 -0.01652 -0.14666
0.12537 0.01630 0.14314
0.39832 -0.07356 -0.09761
-0.44393 0.01038 -0.11237
0.03865 -0.07411 0.07216
0.01909 -0.07411 0.06521
0.02417 -0.07411 0.07180
0.02737 -0.07411 0.09753
0.00546 -0.07411 0.12632
0.09606 -0.00759 -0.13624
0.23785 -0.08809 -0.13228
-0.13821 0.02512 0.15251
0.08916 -0.08462 0.13369
0.25285 -0.09426 -0.00747
-0.31529 0.03332 0.13025
-0.34969 -0.05429 0.08739
-0.25217 -0.00007 0.05433
-0.24174 0.00035 0.03192
-0.44461 0.01960 0.04666
0.15537 -0.07162 0.12875
-0.14601 -0.06740 -0.14931
-0.11991 -0.03983 -0.13767
-0.32339 0.03173 -0.01412
0.02361 0.08117 -0.06175
0.04583 0.02449 0.15034
0.45435 -0.03913 0.01417
-0.24428 0.03145 0.14300
-0.24934 0.03150 0.10730
-0.25278 0.03154 0.08257
0.26377 -0.09441 0.14258
-0.42267 -0.03689 0.10018
-0.34610 -0.03708 0.02232
-0.43522 -0.03685 0.10336
-0.38756 -0.03697 0.06620
-0.15499 0.09203 -0.05919
-0.24030 -0.04096 -0.12407
