-0.24560 -0.07751 -0.13888
-0.03265 0.11712 -0.09065
-0.05838 -0.03747 -0.05888
-0.13140 -0.11890 -0.17240
-0.21437 -0.08413 -0.13098
-0.28728 -0.08886 -0.07905
-0.24561 0.05756 0.10078
0.37522 -0.10375 0.14378
-0.14161 0.11255 0.11076
0.10675 -0.02789 -0.07200
0.06970 0.09968 0.00834
-0.21382 -0.07213 -0.09877
0.12315 -0.10774 -0.00013
-0.37510 0.05024 0.07561
-0.38720 0.02179 0.11523
-0.31263 0.10144 -0.10430
0.04751 -0.07437 0.11912
0.06967 0.02815 -0.15017
0.25886 -0.05277 -0.00576
-0.10619 -0.06206 -0.16702
0.12221 -0.12681 -0.00448
-0.01549 -0.05764 -0.02811
0.27249 -0.07734 0.08138
0.22422 -0.03846 -0.15772
-0.22331 0.03256 -0.15136
-0.36628 -0.02321 0.15290
-0.03371 -0.05552 -0.10820
-0.00796 -0.07437 -0.11106
-0.40270 -0.02653 -0.04541
0.00073 -0.05189 -0.00935
-0.10886 0.03416 -0.15298
-0.14686 -0.06261 0.13300
-0.26166 -0.10965 -0.15252
0.27833 -0.08488 0.12228
0.26197 -0.09861 0.09135
-0.30375 -0.14621 0.13160
-0.03594 -0.09630 0.05124
-0.07229 -0.01583 -0.04274
-0.04140 -0.03913 0.07244
-0.12273 -0.10319 0.13135
-0.04640 -0.10319 0.12358
-0.14437 -0.11932 0.00703
0.02038 -0.13667 0.16789
-0.30813 -0.07589 0.14516
0.03030 -0.06210 0.04988
0.31606 -0.12111 -0.00149
-0.05337 -0.05827 -0.07850
-0.27862 -0.10630 -0.15034
0.14169 -0.10254 0.12055
-0.22581 -0.04835 0.04566
-0.29910 -0.11964 0.11279
-0.12948 -0.05651 0.06054
0.39536 -0.01842 -0.05824
0.26967 -0.16996 0.12256
-0.25908 0.01591 0.05416
-0.25457 -0.10278 -0.14852
0.01527 0.09041 0.12111
-0.24767 0.11617 0.08008
-0.15115 -0.05279 0.13082
-0.17649 -0.05064 -0.16517
0.19492 -0.04190 0.07932
-0.12678 -0.06493 0.11446
-0.36720 0.03829 -0.13006
0.24622 -0.11515 -0.14733
0.28622 -0.05166 -0.14008
0.20325 -0.08515 0.13600
-0.22850 -0.07962 -0.09588
0.10891 -0.00565 -0.05024
-0.28931 -0.11299 0.16629
0.04920 -0.06696 0.05040
-0.12608 -0.10319 0.08065
-0.12674 -0.10319 0.09769
-0.14958 -0.10319 0.12323
-0.18115 -0.10319 0.11650
-0.15950 -0.10319 0.11799
-0.15385 -0.10319 0.10960
-0.14103 -0.10319 0.07485
-0.13691 -0.10319 0.09599
-0.07287 0.03707 0.08021
-0.05852 0.01953 -0.04723
0.07906 -0.11496 0.00400
-0.04325 -0.01172 -0.10340
0.12175 0.02012 -0.06057
-0.19271 -0.09408 -0.11424
0.28600 -0.10905 -0.13312
0.16978 -0.05962 0.16423
-0.37979 -0.01574 0.13211
-0.06346 0.03536 0.08131
0.39061 -0.02546 -0.09264
0.26421 -0.04611 -0.02574
0.13165 0.00036 0.15948
-0.10241 0.12228 0.05189
0.29065 -0.11811 -0.12497
-0.21652 -0.09023 -0.15418
0.35304 -0.07506 -0.06632
-0.23319 -0.10180 0.01030
0.23152 -0.08719 0.13493
-0.11434 -0.08289 -0.06580
0.22459 0.00108 -0.15282
-0.22086 -0.13033 0.15562
0.07461 -0.08247 -0.01220
-0.05079 -0.06026 -0.08928
-0.12202 -0.08800 -0.11074
-0.18825 -0.12065 0.17761
0.33295 -0.10769 0.09287
0.15886 0.01751 0.03171
0.28723 -0.09583 0.09101
-0.05833 0.01565 -0.05271
-0.06642 0.03645 -0.08377
-0.19596 -0.12264 0.09598
-0.21648 -0.06913 0.07690
-0.05508 0.03014 0.04274
0.02986 -0.05681 -0.10365
-0.06052 0.11551 -0.10749
0.00321 0.01260 0.15958
0.19447 -0.03309 0.07480
0.41056 -0.08683 0.02765
0.11109 -0.11414 0.16512
-0.19159 -0.06486 -0.06856
-0.03062 -0.03288 0.10860
-0.23822 -0.05144 -0.04561
-0.06387 0.04101 -0.08939
0.16499 0.03571 -0.08765
0.01101 0.02798 -0.15171
0.21141 -0.07567 0.13273
-0.34396 0.15140 -0.00185
-0.27952 -0.09199 0.14728
-0.18805 -0.02549 -0.16570
-0.22802 0.11983 -0.01064
0.05751 -0.09629 0.06977
0.04829 -0.06355 0.10680
0.01159 -0.07582 0.13008
-0.04274 -0.13099 0.02287
-0.05052 -0.13099 0.01670
-0.20392 -0.11636 0.13160
-0.22612 -0.06910 0.10805
-0.26209 0.05508 -0.07895
-0.00147 -0.13413 0.16980
-0.06968 0.03361 -0.15126
-0.36047 0.04937 -0.12825
-0.14684 -0.07213 -0.09730
0.29673 -0.06740 -0.00090
-0.25879 -0.00719 0.16485
-0.24086 -0.15665 0.17104
-0.40334 -0.13563 0.13790
-0.30938 -0.14267 0.17445
-0.20795 -0.04560 0.13044
-0.12615 -0.05618 -0.10963
0.26715 -0.06636 0.07593
0.22974 -0.06453 0.06928
0.27447 -0.06511 0.07139
0.28873 -0.12546 -0.12624
0.19599 -0.12356 0.13859
0.11700 0.00824 -0.01052
0.13916 -0.13973 0.16181
-0.19114 0.06415 0.13679
-0.04108 -0.08288 -0.05126
-0.20624 -0.06786 -0.17073
0.29019 -0.08381 0.09310
-0.05648 -0.05028 0.06542
0.30350 -0.09664 0.01740
0.03708 0.04856 0.14199
0.19147 -0.09008 -0.14983
-0.23602 -0.05543 -0.07033
-0.19691 -0.07686 -0.02518
0.07103 -0.08821 -0.09360
-0.09944 0.07303 -0.13392
-0.21655 0.12019 0.02306
-0.06988 -0.02589 -0.05329
-0.34996 -0.06347 -0.16883
-0.25382 -0.07340 -0.13503
0.18096 0.02795 0.07331
0.09955 -0.02479 0.08791
0.37158 -0.02859 0.12312
0.24303 -0.04650 -0.13593
0.19980 -0.07540 0.09371
-0.14285 -0.09408 -0.07836
-0.27663 -0.09250 -0.13516
-0.24311 -0.04230 0.05973
-0.35755 0.06925 -0.08799
0.24861 -0.06352 0.09529
-0.07032 0.08658 0.12646
-0.35099 0.07506 0.09761
0.40169 -0.02821 0.06361
-0.41641 -0.10790 0.04002
-0.06060 -0.02893 0.04202
-0.23644 -0.10402 -0.01266
0.21496 -0.04557 -0.00600
0.05889 -0.04984 -0.00096
-0.05328 -0.04888 -0.07709
-0.19601 0.03638 -0.14995
-0.07457 0.03256 -0.06116
0.06565 -0.12357 -0.09956
0.09461 -0.12353 -0.10108
-0.02568 -0.12369 -0.09728
0.11911 -0.12350 -0.09597
0.15364 -0.12345 -0.09633
-0.10825 -0.08593 -0.16504
-0.18601 -0.07461 0.12812
-0.09707 -0.02922 -0.16784
0.21852 -0.05509 -0.04225
-0.24062 -0.05414 -0.05059
-0.07320 0.00503 -0.05690
0.35859 0.00060 0.02874
-0.11787 -0.08590 -0.10461
0.18595 0.01816 -0.14017
0.13727 -0.02067 0.16411
0.12807 0.01343 0.15838
0.06928 -0.10319 -0.01727
0.13915 -0.10319 0.02665
0.13388 -0.10319 -0.02381
0.01973 -0.10319 -0.01236
0.13920 -0.10319 -0.01960
0.13096 -0.10319 0.02743
0.09882 -0.10319 -0.02495
0.04778 -0.10319 -0.01353
0.03336 -0.10319 -0.00416
0.10059 -0.10319 0.01445
0.11612 -0.10319 0.02686
0.13664 -0.10319 0.02209
0.31362 -0.11705 0.15464
-0.06107 -0.04708 0.00680
0.19215 0.00298 -0.01061
0.15284 0.01831 0.05629
0.00001 0.11394 -0.08378
0.23381 -0.12114 0.05954
-0.05464 -0.05372 -0.06601
-0.20278 0.12089 0.01876
-0.02207 -0.09631 -0.09068
0.35114 0.00148 0.07723
0.17940 0.02879 0.07803
-0.22424 -0.07851 -0.08162
0.09728 0.05696 -0.13477
0.04027 -0.08150 0.02632
-0.07209 0.03567 0.09693
-0.17140 -0.08789 -0.02157
-0.06185 -0.04703 0.06655
0.03921 -0.13013 0.16197
0.07109 -0.04290 -0.16660
0.02381 -0.07437 0.11077
0.18172 -0.07261 0.07793
0.13225 -0.10254 0.09640
0.13775 -0.10254 0.09644
0.13276 -0.10254 0.07989
0.06417 -0.07577 -0.16490
0.18529 0.01815 0.09550
0.14551 -0.12295 -0.01712
0.35735 -0.11602 -0.15019
0.15500 0.04703 -0.06683
-0.17878 -0.11075 0.00774
0.11779 0.03108 -0.15106
-0.22905 -0.08712 0.07602
0.00417 -0.05258 0.00232
-0.05987 0.12194 -0.01486
-0.25420 0.07201 0.13028
-0.27030 0.09333 -0.11463
-0.01928 -0.10319 -0.01280
0.04722 -0.10319 0.01937
-0.03900 -0.10319 0.01893
0.03286 -0.10319 0.01714
-0.02223 -0.10319 -0.00305
-0.02455 -0.10319 0.01037
-0.04863 -0.10319 0.00738
-0.01556 -0.10319 0.01228
0.12793 -0.10319 0.03608
-0.39116 0.03395 0.00734
-0.16958 -0.09407 -0.03616
-0.13257 0.03852 0.15063
0.36027 -0.01295 -0.13800
0.22153 -0.05838 0.00373
0.06859 -0.02338 -0.16542
0.15043 0.01923 -0.12131
-0.06986 -0.02356 -0.03468
-0.25735 -0.04421 -0.15775
-0.41696 -0.11440 0.11944
-0.23021 -0.05174 -0.16594
0.12626 -0.02213 0.08356
-0.05154 0.01820 0.03900
0.27243 -0.08574 -0.09029
0.05049 -0.05109 0.00580
-0.35444 -0.11290 0.10018
0.29592 0.00783 0.08252
0.31343 0.00542 0.08959
0.04913 0.10060 -0.08747
-0.11624 -0.03323 -0.16769
-0.01396 -0.11206 -0.16674
-0.24135 -0.05422 -0.08910
0.17658 0.01661 0.12618
-0.36429 0.00086 -0.15029
0.06833 0.01064 -0.15698
-0.16804 -0.10041 0.16698
-0.36511 0.02890 0.14312
0.13074 -0.11998 0.02036
-0.29699 -0.04463 -0.15168
-0.24083 -0.00543 -0.04802
0.02305 -0.09628 0.03304
0.31115 -0.11807 0.07677
0.38418 -0.03264 0.10314
0.38503 -0.12853 -0.13504
0.11261 0.01602 -0.16352
-0.02629 -0.03587 0.00066
-0.00835 -0.03587 -0.00836
0.06936 0.09936 0.02772
-0.37078 -0.02654 -0.15168
-0.25854 -0.16923 0.13264
0.12920 -0.07144 -0.01040
-0.25572 -0.02910 0.06068
-0.21144 -0.06848 0.06120
-0.07189 0.05561 0.07286
0.19215 -0.01132 -0.03221
-0.23193 -0.06922 -0.08354
-0.23718 0.02163 0.04953
0.37509 -0.01949 0.12860
-0.27132 -0.12766 0.14728
0.06508 0.01367 0.15778
-0.11650 0.12301 -0.03007
-0.19271 -0.13273 0.17920
-0.07335 -0.00999 0.06999
0.20142 -0.15575 0.12505
0.01186 -0.07437 0.05414
0.22664 -0.16624 0.16643
-0.22856 -0.03752 -0.06074
-0.25144 -0.04033 -0.00713
0.04636 -0.05965 0.10205
0.41957 -0.08426 -0.07229
-0.15406 0.12276 0.01302
0.38750 -0.04671 -0.08503
-0.05013 -0.06134 -0.02997
0.36296 -0.05195 -0.15034
0.34858 -0.07512 -0.06971
0.34383 -0.04601 0.15395
0.00473 -0.07437 -0.02934
0.21507 -0.13315 0.13596
0.24158 -0.06623 -0.00312
0.25205 -0.06614 -0.01115
0.06079 -0.09630 -0.04633
-0.15952 0.11804 -0.09757
0.25744 -0.02102 0.16177
-0.21944 -0.02768 0.12836
-0.14124 0.09620 0.12174
0.17447 -0.07764 -0.06786
-0.00824 -0.09636 0.03999
-0.01693 -0.09632 0.04451
0.01101 0.00157 0.16277
-0.03533 -0.01344 -0.16635
-0.07550 0.02937 -0.08811
-0.31886 -0.10621 -0.13892
0.39658 -0.02637 0.09054
0.16786 0.03480 0.08391
-0.31756 0.16331 0.11664
0.41385 -0.03282 -0.01076
-0.40941 -0.13200 -0.10766
-0.01830 -0.06710 0.10470
-0.32763 -0.08069 -0.14868
0.08556 -0.07581 -0.01723
-0.04022 -0.01730 -0.03188
-0.30050 -0.09197 0.15226
-0.12355 -0.07204 -0.09495
-0.19433 -0.12735 0.07663
0.06496 0.09881 0.05418
0.00061 -0.05958 -0.00802
-0.31522 -0.06609 0.15764
-0.25184 -0.12883 0.14543
-0.36333 -0.04883 0.16831
0.35586 -0.10640 -0.14910
-0.13230 -0.07461 0.10425
-0.32292 0.10473 0.08879
-0.35630 -0.12346 -0.07090
-0.06544 0.12114 0.05939
0.28267 -0.06512 -0.00554
0.28248 -0.06512 -0.01726
0.24730 -0.06512 -0.00367
0.19616 -0.03081 0.09063
0.05298 0.10224 0.06162
0.10986 0.03116 0.15856
-0.30032 -0.06900 0.14541
-0.01919 -0.04609 -0.03567
0.34955 -0.00121 0.08412
-0.18103 -0.05401 -0.11778
0.10426 -0.01145 0.10710
0.32322 0.00071 -0.13307
0.06445 -0.10440 0.16406
-0.23270 -0.07500 -0.13253
-0.32354 0.10895 -0.06234
-0.37718 0.04701 0.08199
-0.33978 0.09221 -0.07223
-0.14051 -0.05194 0.12662
0.30058 -0.08636 0.09228
-0.22565 -0.07697 0.05248
0.08566 -0.00984 0.06401
0.16828 0.01650 0.07388
-0.20219 -0.11087 -0.07179
0.07254 0.08781 -0.10751
-0.39906 0.01469 -0.00792
-0.24355 0.00031 0.12306
0.11006 -0.00646 -0.16119
-0.16584 0.05892 -0.14033
-0.27060 0.06081 -0.13454
0.36930 -0.02103 0.12491
-0.22013 -0.08949 -0.13312
0.01799 -0.08069 0.16648
0.31527 -0.09071 0.10627
0.39477 -0.04731 -0.08711
0.24227 -0.10307 -0.08033
0.19513 -0.05219 -0.07984
-0.21057 -0.09410 -0.10654
-0.22663 -0.06877 -0.09348
-0.11917 0.02442 -0.15513
0.39584 -0.08826 -0.06178
-0.16413 -0.07213 -0.04510
-0.30719 -0.12837 0.15226
-0.26941 0.11629 0.05521
-0.39822 -0.11536 0.15081
-0.25527 -0.03037 0.11578
0.23396 -0.12436 -0.13260
-0.21817 -0.09405 -0.04709
0.19238 -0.03027 0.00977
-0.24068 -0.04667 -0.03547
0.03498 0.11072 0.01694
-0.06399 -0.02430 -0.06707
-0.23521 0.02046 0.15689
-0.20287 -0.02981 -0.00758
-0.15332 -0.02981 0.00218
-0.18146 -0.02981 -0.00841
-0.40289 -0.04762 -0.08276
-0.30427 -0.11108 0.14039
0.05435 -0.10319 0.11987
0.06242 -0.10319 0.11463
0.07236 -0.10319 0.07065
0.04786 -0.10319 0.09923
0.03615 -0.10319 0.10311
-0.03455 -0.10319 0.11818
0.06206 -0.10319 0.05934
0.02923 -0.09630 0.05060
-0.05112 -0.06189 0.10288
0.30691 -0.09880 0.14793
0.21940 0.01547 -0.12602
0.32024 -0.00029 -0.10176
0.25170 -0.02301 0.16498
0.06979 -0.07480 -0.04055
-0.20291 0.04969 0.14400
0.38470 -0.04718 0.13483
0.40992 -0.10035 0.11056
0.28407 -0.08729 -0.12882
-0.10750 -0.10225 -0.03052
-0.17826 -0.03864 0.16677
0.09937 -0.10319 0.04003
0.25548 -0.09071 -0.10333
-0.27954 -0.11083 -0.13555
-0.30676 -0.11530 -0.13553
-0.04475 0.12041 0.05089
0.28796 -0.12532 0.00084
-0.06019 -0.11644 0.16841
0.10447 0.08216 -0.03764
-0.39225 -0.02958 -0.11919
-0.00656 -0.05805 -0.11298
0.11871 -0.10319 -0.11982
0.08741 -0.10319 -0.12295
0.12558 -0.10319 -0.12060
-0.02643 -0.07659 0.12354
-0.40110 -0.11290 0.10731
-0.14996 -0.13631 -0.17395
-0.03770 -0.03393 -0.09555
0.06269 -0.09630 0.04064
0.18166 -0.08401 0.16416
0.20893 -0.05187 0.13889
0.23379 -0.03467 -0.12750
-0.35868 0.03204 -0.14151
-0.07381 -0.00719 -0.03771
-0.26943 -0.06977 -0.13659
0.03621 -0.11502 -0.00162
0.22900 -0.12564 -0.10770
-0.03559 0.02523 0.15412
0.02655 0.01719 -0.15613
-0.07487 0.03778 -0.07265
-0.25828 -0.12438 -0.03006
0.25068 -0.12405 0.07482
-0.04499 -0.01617 0.16797
-0.41849 -0.08812 -0.06969
-0.34563 -0.06538 0.17547
0.18898 -0.12193 0.14842
-0.34653 0.14263 0.11742
-0.34762 0.12920 0.11746
-0.31581 0.00906 -0.15591
-0.16658 0.12010 0.07425
-0.07940 -0.12154 -0.16669
-0.03419 -0.05749 0.06146
-0.23332 -0.06826 0.07899
0.32146 -0.08435 -0.08643
0.18792 0.03054 -0.03064
-0.08068 0.09450 0.12242
-0.24779 -0.05243 0.00844
-0.21279 -0.06480 0.16767
-0.24713 -0.03232 -0.07261
-0.32693 0.10897 -0.02492
-0.23699 0.00982 0.16055
0.27840 -0.09741 0.13596
-0.07490 -0.00011 0.09295
0.13793 -0.06649 0.01050
0.11656 0.01991 -0.04736
-0.23306 -0.06188 0.05836
-0.33710 0.15477 0.11921
0.15048 -0.10056 -0.16096
0.22761 -0.09335 0.13493
-0.24462 -0.00213 -0.16278
-0.25577 -0.03738 -0.16227
0.19363 0.01175 0.07684
-0.33142 -0.08134 0.13267
-0.30045 -0.15856 0.13160
-0.13480 -0.02911 0.16808
-0.05489 -0.03622 0.04013
-0.26088 0.01548 -0.05151
0.40637 -0.03833 -0.08967
-0.25066 -0.09515 0.14871
-0.18611 -0.07213 -0.03415
0.20236 -0.06440 -0.15706
0.02358 -0.07307 -0.16602
-0.23091 -0.05689 -0.10869
0.04829 -0.07437 0.04347
0.25799 0.02062 0.00650
0.26998 0.01992 0.00108
0.05674 -0.09630 0.11651
0.02535 -0.09630 0.08924
-0.40214 -0.13140 -0.03869
-0.37145 -0.13403 0.00204
-0.39554 -0.02033 -0.10282
0.18616 0.01607 -0.09982
0.08264 0.08567 0.00258
-0.21715 -0.11982 -0.13417
-0.37594 -0.10790 0.17080
-0.16409 -0.10271 0.16317
-0.22929 0.11921 0.03806
0.03631 -0.04932 -0.00695
-0.25914 -0.01648 -0.09929
0.02551 -0.06360 0.03088
0.22658 -0.02800 -0.00485
0.11138 0.06331 0.11935
0.00487 -0.09228 0.02985
0.38531 -0.02976 0.09748
-0.24363 -0.00070 -0.06672
0.30290 -0.06953 -0.12000
0.03181 -0.08104 0.16616
-0.21849 -0.09654 0.10908
-0.13920 -0.06698 -0.07428
0.36058 -0.03112 -0.11037
-0.30839 0.13606 -0.00043
-0.35781 -0.12063 0.17523
-0.23744 -0.06090 -0.05648
-0.25700 -0.02460 -0.09263
-0.14080 -0.07461 0.06546
-0.36786 0.04027 0.12742
-0.01390 -0.09032 0.12436
-0.29455 0.11312 -0.07858
-0.21491 -0.05062 -0.04262
-0.24396 -0.10085 0.01616
-0.02839 -0.04941 -0.04004
0.26305 -0.12361 -0.13312
0.42230 -0.05757 0.02696
0.07148 0.05940 -0.13523
-0.25116 -0.02271 -0.09031
-0.29937 0.10556 0.10379
-0.21590 -0.11603 0.11828
-0.24476 0.00793 0.09843
-0.03548 -0.12632 0.07283
-0.25403 -0.03228 -0.05026
0.01454 -0.07486 0.12594
0.17217 -0.11256 -0.16133
0.26189 -0.08330 -0.07547
0.28993 -0.08528 -0.07356
0.26853 -0.10230 -0.05714
0.21344 -0.14063 -0.14987
0.00917 0.06853 -0.13327
0.41529 -0.12300 0.02499
-0.00644 -0.06655 0.07654
-0.03117 -0.10319 -0.05063
-0.03264 -0.10319 -0.05975
-0.01591 -0.10319 -0.08440
0.02594 -0.10319 -0.07937
-0.01625 -0.10319 -0.07121
-0.00625 -0.10319 -0.09956
-0.03444 -0.10319 -0.04315
0.00931 -0.02030 0.16746
0.02536 0.05281 -0.14033
-0.25658 -0.00995 0.11185
0.15542 -0.03179 0.16474
0.12647 -0.03790 0.13226
-0.06445 0.03725 -0.04251
0.06250 -0.05967 0.00397
-0.01695 0.11887 0.01574
-0.05113 0.04944 -0.14452
-0.24202 -0.01580 -0.03535
0.01471 0.08384 -0.12494
-0.22385 -0.08844 0.04344
-0.10160 0.12308 -0.02183
-0.02573 -0.03334 0.11856
0.20204 0.02489 -0.02283
0.36686 -0.00857 -0.10758
0.04238 -0.09630 -0.11917
0.00615 -0.08090 0.12416
-0.25933 -0.00019 -0.05799
-0.00860 -0.07966 0.03154
-0.03139 -0.09632 0.11415
-0.11041 -0.01318 0.16706
-0.20731 -0.13158 0.14939
-0.02927 -0.12983 -0.09768
0.02436 -0.12967 -0.09984
0.08816 -0.10700 0.16339
0.17121 -0.07394 0.00618
0.41088 -0.08711 -0.07022
-0.26020 -0.01001 0.09449
0.14428 0.05044 -0.08359
-0.20920 0.05908 -0.13887
0.23901 -0.09848 -0.08397
-0.38430 -0.03308 -0.11913
0.40302 -0.04340 0.10968
0.14474 0.04071 -0.11807
-0.12947 0.12062 0.08017
0.20562 -0.13379 0.14208
-0.30080 -0.08680 0.14573
-0.03271 -0.04360 -0.04079
0.08748 -0.09025 0.16436
0.38116 -0.04551 -0.11043
-0.39447 0.02372 0.05209
0.17014 0.02418 -0.11414
0.13879 -0.07071 0.02105
-0.23541 -0.02317 0.09299
0.29848 -0.01653 0.15274
-0.22796 -0.07156 0.12260
-0.07881 0.11721 -0.10525
-0.02590 -0.04721 -0.02573
0.00221 -0.09630 -0.08944
-0.11111 -0.04544 0.01357
-0.25713 -0.02464 0.08611
-0.39025 -0.09447 0.16493
-0.11835 -0.10619 0.16498
0.15917 0.01749 -0.01169
-0.11968 -0.09782 0.16507
0.29040 0.00588 -0.13848
0.21259 0.01114 -0.14514
0.41666 -0.06602 0.10486
-0.07068 0.04149 0.08949
0.02265 0.11110 0.06385
-0.30426 -0.03807 0.17128
-0.26238 0.02824 0.10382
-0.20026 -0.12653 0.08255
0.02260 0.11159 -0.05450
-0.01932 -0.06272 0.10743
-0.30407 -0.08256 0.14728
-0.41425 -0.11182 -0.08567
-0.21961 -0.03180 0.05620
-0.09978 0.08853 -0.12583
0.20551 -0.05391 0.04770
0.17995 -0.10679 0.16365
0.14815 -0.13078 0.16548
0.04185 -0.07437 -0.08080
-0.00059 -0.09631 -0.05131
-0.01871 -0.09633 -0.03313
0.20393 0.01973 0.01212
-0.34712 -0.05637 -0.16950
-0.14278 -0.07080 0.08278
-0.29333 -0.08614 -0.13542
0.37878 -0.02582 0.10151
-0.19725 -0.05906 0.12410
-0.05125 0.01750 0.10583
0.29859 -0.09789 -0.13260
-0.20563 -0.06656 0.04813
0.40019 -0.03676 -0.11060
0.30094 0.01729 -0.00633
0.16546 0.03917 -0.07180
-0.24532 -0.04298 0.04845
-0.18130 -0.06608 0.09795
0.04503 -0.05672 0.02105
-0.05170 0.08181 0.12863
-0.33387 0.15186 0.07921
-0.04194 -0.02913 -0.10859
-0.26301 0.00793 0.10286
0.04124 -0.06043 -0.07018
0.32785 0.01013 0.02005
-0.31682 0.05254 0.13784
-0.15285 0.10328 -0.11541
0.18989 -0.12743 -0.11744
-0.00508 -0.06411 -0.11447
0.26057 -0.03772 -0.11744
-0.11725 -0.09520 0.11510
-0.24900 -0.11931 -0.02783
-0.14611 -0.08022 0.13149
-0.05155 -0.01564 0.09083
0.21279 -0.02891 0.00872
-0.08199 0.12256 0.03152
-0.38767 -0.01093 -0.13045
-0.17601 -0.09709 -0.16732
-0.13342 -0.04533 -0.00178
0.10724 0.08159 0.02301
0.01152 -0.04051 0.16893
-0.05042 -0.05433 0.04470
-0.26152 0.03557 -0.06351
-0.11473 -0.08718 0.10141
-0.36228 -0.12697 0.13064
0.30282 0.00389 -0.09500
-0.02530 0.11905 0.04539
-0.39654 0.01883 0.05003
-0.05218 -0.12732 0.16532
0.11916 -0.07144 0.16514
-0.12450 -0.09654 0.12693
-0.38650 -0.03001 0.10763
-0.15518 -0.10756 -0.16893
0.19221 0.01000 0.00314
-0.21463 -0.07967 0.04450
0.17524 -0.12914 0.15403
-0.22033 -0.07669 0.14673
-0.06471 -0.00857 -0.10386
0.24997 -0.08455 -0.10688
0.26657 -0.11949 -0.13053
-0.38612 0.02777 -0.10717
-0.31752 0.11046 -0.05385
0.36249 -0.04257 -0.10160
-0.32134 -0.11799 -0.16576
-0.25450 0.11759 0.04630
0.05059 -0.07835 -0.02630
-0.15341 0.12255 0.02805
0.05252 -0.05759 0.16760
-0.00755 -0.12499 0.16936
-0.25181 -0.10430 0.15228
0.20680 -0.04075 0.01003
-0.39853 -0.04340 0.08765
0.06112 -0.06623 -0.05104
0.16050 0.05130 0.00801
-0.13876 -0.07262 -0.16482
0.19659 -0.01950 0.09405
-0.12264 -0.06936 0.11972
0.27511 -0.04652 0.02348
0.01811 -0.08360 -0.16521
-0.03787 -0.09457 -0.11109
0.10489 0.01370 -0.17856
-0.22336 -0.04547 -0.01355
-0.21045 -0.06945 -0.10327
0.42151 -0.07537 0.06053
-0.18315 0.02452 -0.15374
-0.36178 0.12940 -0.12279
0.19924 -0.06601 -0.02512
-0.25204 -0.02033 0.11961
0.14197 0.06045 -0.03797
-0.13675 -0.05780 -0.04395
-0.22799 -0.08574 -0.07827
0.26065 -0.05481 -0.00124
-0.41351 -0.12149 -0.02710
-0.26269 0.02461 -0.05678
0.10412 -0.08091 -0.16352
0.34005 -0.10823 -0.03539
-0.27989 -0.06619 -0.13531
-0.05250 -0.05037 0.09633
0.19704 -0.12983 -0.00085
0.04237 0.06127 -0.13559
0.11429 0.01974 -0.01947
-0.21184 -0.03374 0.12268
-0.33764 0.14827 -0.09897
-0.33729 0.14824 -0.07380
-0.36310 0.14387 0.08049
-0.34901 0.14592 0.11249
-0.33494 0.14821 0.05990
-0.34626 0.14640 0.09068
-0.36930 0.14287 0.09954
-0.34536 0.14667 0.04452
0.37870 -0.04687 -0.12433
0.31746 -0.10545 -0.12795
0.37522 -0.01207 0.02208
0.36911 -0.01155 0.01353
0.10532 0.01820 0.00604
-0.40290 -0.00301 -0.01406
-0.24666 -0.04338 0.09805
-0.38712 -0.08513 0.16789
-0.04850 -0.00834 -0.16334
0.28947 -0.11662 -0.05089
-0.25172 -0.02223 0.05763
-0.17070 -0.09654 0.04247
-0.22931 -0.10494 -0.14220
-0.11044 -0.01177 -0.16574
0.03473 -0.09633 -0.06706
-0.27686 -0.09476 -0.14438
0.41306 -0.04109 0.04313
-0.40366 -0.01398 -0.02387
-0.29906 -0.08696 -0.15572
0.27471 -0.12921 0.13752
-0.03124 -0.06712 0.05728
0.19659 0.02311 0.03431
0.06518 -0.06947 0.07018
0.29468 -0.12028 0.15527
0.27697 -0.06064 -0.02965
0.07206 -0.07556 -0.08849
0.02362 -0.07437 -0.05697
-0.29689 0.02124 0.15415
-0.07529 0.04681 -0.07643
0.27030 0.00825 0.11868
-0.19505 0.11920 -0.06996
0.10144 -0.05961 -0.01355
-0.19432 -0.06433 -0.05591
-0.01787 -0.09521 -0.11474
-0.37143 0.14435 -0.12114
-0.39438 0.15463 -0.12055
-0.33977 -0.14855 -0.17321
0.34562 -0.11648 0.09362
-0.02530 -0.05224 -0.02691
-0.02307 -0.07171 0.06300
0.37419 -0.04118 -0.12821
-0.08136 0.10842 0.11573
-0.07404 0.01184 0.07833
-0.27127 -0.16349 -0.12091
0.28840 -0.10677 0.13051
0.40881 -0.05860 0.12511
-0.18718 -0.08987 0.16569
0.02367 0.07636 -0.12848
-0.20705 -0.04699 -0.11416
0.39553 -0.04771 -0.10164
-0.00166 0.11666 0.04478
-0.24214 -0.00589 0.08078
0.09502 0.07387 -0.11632
0.05763 -0.09630 -0.06563
-0.19827 -0.09654 0.10882
-0.17334 -0.09656 0.09626
0.19330 0.00690 -0.15018
0.00523 -0.09630 -0.10447
-0.05721 0.00294 -0.06127
0.15639 -0.13098 0.10049
0.16432 -0.13097 0.10365
0.19720 -0.13093 0.10924
0.16949 -0.13096 0.10770
0.10018 -0.13105 0.10226
-0.02572 -0.05666 0.03524
0.41126 -0.02618 0.00204
-0.05386 -0.05493 0.09781
-0.26787 0.10878 -0.10316
-0.07593 -0.12318 0.16977
-0.25337 -0.08733 -0.13659
0.12833 0.00535 0.03719
-0.17830 0.02328 -0.15599
-0.40512 -0.13096 0.05015
-0.38914 -0.13243 0.07282
-0.27103 -0.13919 -0.13503
0.41656 -0.12757 0.05134
0.41895 -0.12864 0.01344
0.31801 0.00258 0.12390
0.40113 -0.12212 -0.05638
-0.41968 -0.13061 0.12367
0.22318 -0.03788 0.16918
0.11489 0.02910 -0.17321
-0.33107 -0.09486 -0.14973
0.39790 -0.03160 -0.11042
-0.18314 -0.07461 0.05564
-0.06238 -0.03743 0.03948
-0.18099 -0.05674 -0.02649
-0.24714 0.03182 0.07805
-0.29138 -0.05075 0.17499
0.06756 -0.10319 0.12550
-0.22473 -0.07844 0.08115
-0.13397 -0.09654 0.05670
-0.17041 -0.09654 0.08269
-0.37490 -0.01143 0.14733
0.07298 0.09820 -0.00878
-0.24429 -0.05133 0.10618
-0.03064 -0.09629 0.08437
-0.02364 0.11943 -0.02537
0.19476 0.00999 -0.07880
0.05664 -0.05639 0.07991
-0.03536 -0.07437 -0.08164
0.28319 -0.10664 -0.10493
-0.14729 -0.11930 -0.00212
-0.15557 -0.08260 -0.12495
0.19875 -0.13035 0.02680
0.20176 -0.13035 0.03750
-0.21720 -0.05207 0.04657
-0.12650 -0.05628 0.07441
-0.36939 0.05920 0.05387
-0.05052 -0.05419 -0.08970
0.22966 -0.12690 -0.06547
-0.01991 0.00679 -0.16088
0.19334 -0.02259 0.06129
0.39792 -0.13157 -0.13052
-0.11787 0.07995 -0.13130
0.20420 -0.14883 0.14637
0.19252 -0.02747 -0.04420
-0.22695 -0.02299 0.12671
0.19778 -0.02406 -0.10165
-0.10779 0.02647 0.15619
-0.00282 -0.01070 0.16606
-0.22958 0.07889 -0.12726
0.23050 -0.14475 -0.15056
0.07110 -0.06871 0.16647
0.41212 -0.07994 0.11344
-0.21604 -0.11351 -0.12005
-0.13618 -0.06325 -0.02717
-0.27420 -0.04328 0.17483
-0.08802 -0.13070 0.16342
0.28366 0.00599 -0.14035
0.24927 -0.16154 -0.11744
0.05111 -0.08637 0.02879
-0.17359 -0.05876 -0.04058
-0.25792 -0.07341 0.16696
-0.26642 0.11451 0.08681
-0.09479 -0.09904 0.16574
-0.19620 -0.06442 -0.09190
-0.37885 -0.04308 0.16000
-0.33520 0.17024 -0.12417
-0.14602 -0.07213 -0.11418
-0.31817 -0.12272 0.13242
-0.07116 0.03679 0.06955
-0.14159 -0.09656 0.07685
-0.26824 -0.16338 0.14934
0.25482 -0.16020 0.13222
0.24069 -0.05066 -0.00897
0.07517 -0.02779 0.09173
-0.33499 -0.12874 0.00321
-0.33933 -0.12874 -0.02060
-0.33522 -0.12874 0.04874
-0.07103 0.12129 -0.06146
0.03565 -0.07437 -0.05186
-0.40857 -0.05056 -0.12592
-0.05078 -0.00011 0.11291
0.19264 -0.04482 -0.04482
-0.06715 -0.09704 -0.16528
0.19321 -0.04267 -0.02571
0.30473 -0.10856 0.03715
-0.02071 -0.10319 -0.12048
-0.02930 -0.10319 -0.12960
-0.12431 -0.10319 -0.12515
-0.05571 -0.10319 -0.11987
-0.09182 -0.10319 -0.12799
-0.18564 -0.10319 -0.12630
-0.24409 -0.09234 -0.13723
-0.21859 -0.06720 -0.03396
0.13005 -0.01219 -0.16187
-0.29472 0.05700 -0.13549
-0.22649 -0.06820 0.15615
-0.09228 0.12152 -0.06445
-0.37501 0.03641 -0.12349
-0.04975 -0.06169 0.08359
0.10093 0.05254 0.13509
-0.17905 -0.09654 0.13274
0.13837 0.01985 -0.11261
-0.17065 0.12203 -0.02722
-0.24405 0.00302 0.09392
-0.25741 -0.09460 -0.00084
-0.40161 -0.03313 -0.05516
0.05162 -0.05659 -0.10272
-0.39362 -0.00607 -0.10910
0.07906 -0.06811 -0.01256
-0.02804 -0.07218 0.05428
-0.21214 -0.09233 0.07680
0.11632 0.01990 -0.00285
0.39573 -0.09386 0.05140
0.11714 0.02458 -0.16542
-0.41582 -0.11382 -0.11966
0.09909 -0.10254 -0.08776
-0.25064 -0.10890 0.15526
-0.11766 -0.09415 0.05327
-0.13861 -0.07213 -0.06485
0.32342 -0.06120 -0.16176
-0.11490 0.05148 0.14541
0.03321 -0.12717 -0.17025
-0.18022 -0.05686 0.04437
0.24475 -0.05711 -0.03769
0.27636 -0.06249 -0.05722
0.25773 -0.05851 -0.04280
-0.05408 -0.05599 0.05246
-0.17707 -0.12736 0.17417
0.15694 0.05115 -0.03727
-0.34016 0.10571 0.06965
0.25195 -0.00706 0.15655
-0.26155 0.01457 -0.07960
0.14283 -0.10604 -0.00644
-0.23791 0.10165 0.11281
-0.26008 0.00532 0.10742
-0.01191 -0.07437 0.08060
-0.06620 0.11856 -0.09643
0.30351 -0.12908 -0.16215
-0.03651 -0.05027 -0.07551
-0.03601 -0.06808 0.07608
-0.13309 -0.06560 -0.07238
-0.14657 -0.07213 -0.03595
0.41199 -0.08696 0.05048
-0.12976 -0.07461 0.12238
0.26693 -0.09893 0.14553
0.28915 -0.05565 0.04542
-0.28829 0.03201 0.15004
-0.23604 -0.02069 -0.08790
-0.06890 -0.02894 0.05642
0.26821 -0.06239 0.03268
-0.24527 -0.02069 0.05254
0.06561 -0.09381 -0.16358
0.26310 -0.07246 0.15311
-0.07078 0.01494 0.11036
0.23132 -0.10844 -0.13053
-0.24551 -0.12812 -0.13659
-0.13455 -0.12939 -0.04877
-0.11153 0.04593 -0.14638
0.17792 -0.09021 -0.16441
0.10980 -0.06211 0.16612
-0.24775 -0.10600 0.11987
-0.05223 -0.01235 0.16663
-0.07342 0.04071 0.06777
0.17148 0.04259 -0.02764
0.42340 -0.06983 -0.04864
-0.10284 0.12215 -0.05467
0.02210 -0.11401 0.00245
-0.27431 -0.07776 -0.09035
-0.12850 -0.12444 0.00107
-0.13200 -0.12444 -0.03067
-0.13242 -0.12444 -0.03654
-0.19370 -0.06438 -0.02882
0.02308 0.06747 0.13319
0.11542 0.06646 -0.09285
0.28673 -0.04925 -0.06489
0.19531 -0.04355 0.03436
-0.20209 0.00377 -0.16124
-0.24863 -0.04791 -0.16576
0.10735 0.01365 0.17062
0.02855 -0.09630 -0.09877
-0.17144 0.12159 -0.03990
-0.28032 -0.08048 0.14728
-0.02381 0.11971 -0.00329
0.39042 -0.03822 -0.09768
-0.38996 -0.12782 -0.16376
0.19293 -0.04247 0.05331
-0.28732 -0.10884 0.08361
-0.30001 -0.11632 -0.15580
0.00115 0.02249 0.15421
0.20975 -0.11362 -0.13312
0.29614 -0.07154 -0.03298
0.32126 -0.00293 0.14266
0.42079 -0.05686 0.04072
0.25823 -0.06612 -0.13157
-0.35319 -0.11290 0.12359
-0.23327 -0.06617 0.08759
0.23743 -0.05492 0.02164
0.00882 0.11582 0.00595
-0.07232 -0.02345 0.16899
-0.41179 -0.10056 0.09969
-0.03301 -0.06033 -0.05620
0.21634 -0.10366 -0.13312
-0.24213 -0.05458 -0.06024
0.19273 -0.03990 -0.00034
0.01477 -0.06509 -0.08496
-0.35563 0.05589 0.12312
-0.10689 -0.10319 0.03143
0.06451 -0.12865 0.08919
-0.17433 -0.13109 0.07746
0.16065 -0.12737 0.09393
-0.20891 -0.02205 0.16678
0.09268 -0.02646 0.00149
0.24096 0.01293 0.07618
0.23814 0.01324 0.08616
0.07408 -0.08821 -0.16371
0.41104 -0.02822 -0.00589
-0.17769 -0.09408 -0.03479
-0.20129 -0.05689 -0.16851
0.27731 -0.05325 0.01213
-0.26351 -0.09132 0.16429
0.03284 -0.00902 0.16494
0.24426 -0.03785 -0.11744
0.10362 -0.12012 -0.00496
-0.18038 -0.09758 0.17402
-0.08064 -0.12876 0.17296
-0.17062 -0.09405 -0.07986
-0.14956 -0.09405 -0.10977
-0.07039 0.12024 -0.07979
-0.25766 0.05168 -0.08284
-0.31192 0.11088 0.07205
0.38700 -0.02635 -0.12932
-0.24011 0.11924 -0.01079
-0.00509 -0.07437 0.04722
0.02472 -0.06259 -0.04103
-0.24931 0.02939 -0.10422
-0.14113 0.07685 0.13222
-0.06252 0.06025 -0.07694
0.11947 -0.02042 0.08976
0.14602 0.04942 0.08318
-0.17247 -0.06282 -0.09186
0.09060 -0.05558 0.16687
0.23915 -0.08910 0.09737
-0.22914 -0.07167 -0.06424
-0.12923 0.12322 0.01263
-0.38442 -0.12213 0.07614
0.12640 0.06880 0.04536
-0.21220 -0.07976 -0.16576
-0.16302 -0.07386 0.03739
0.02823 -0.07437 -0.02349
-0.40392 -0.02111 -0.00122
-0.27880 0.11643 -0.02000
-0.23670 -0.03273 0.12454
-0.16542 0.02547 -0.15368
-0.29471 0.11495 0.00194
0.09680 -0.12030 0.16517
0.37114 -0.03879 -0.13878
0.07651 -0.06853 0.16637
-0.13410 -0.07213 -0.06729
0.16967 0.02091 0.12512
-0.12927 -0.08092 0.16564
-0.13498 -0.10319 -0.01894
-0.11957 -0.10319 -0.06529
-0.16949 -0.10319 0.03125
-0.13549 -0.10319 -0.04740
-0.12190 -0.10319 -0.01523
-0.20944 -0.10319 0.10736
-0.14154 -0.10319 0.00027
-0.15277 -0.10319 0.03176
-0.19760 -0.10319 0.07972
-0.31382 0.11087 0.06497
-0.06681 0.02892 0.10857
-0.37387 0.05561 -0.00408
0.29672 -0.05979 -0.05817
-0.03955 0.09098 0.12354
-0.05547 -0.03522 0.02051
-0.03885 -0.07139 0.08306
-0.05563 -0.02964 -0.03237
-0.13650 -0.06402 -0.11816
-0.25820 -0.02046 0.06457
0.19105 0.02147 -0.06489
0.31281 -0.09901 0.12446
-0.04179 -0.06810 0.09217
-0.11700 -0.12662 0.08716
-0.35381 -0.01617 0.15558
-0.16082 -0.09405 -0.10307
-0.38381 -0.00802 -0.12084
0.35786 -0.00714 -0.11881
0.13268 0.06866 0.00165
-0.09090 0.07990 0.13153
-0.29440 0.02111 -0.15330
0.19334 -0.11831 -0.15471
0.09804 -0.06879 0.16588
-0.40326 -0.00676 0.01414
-0.05657 -0.04151 -0.08965
-0.39611 -0.11290 0.12421
0.32470 -0.12920 -0.15991
0.03937 0.10902 -0.02866
0.00288 0.11544 0.05512
-0.35567 0.07767 0.00816
-0.01204 -0.13120 -0.08391
-0.06040 -0.13126 -0.08691
-0.11051 -0.13132 -0.07763
0.04602 -0.13112 -0.09019
0.05297 -0.13111 -0.08948
-0.14594 -0.13137 -0.09129
-0.05242 -0.13125 -0.08383
-0.37007 -0.14108 0.14817
0.39374 -0.04778 0.11176
-0.34806 0.07052 0.11378
0.32017 -0.05328 -0.15916
-0.11115 -0.04347 -0.01355
-0.11881 -0.05406 -0.08145
0.12589 0.02005 0.03237
-0.22754 -0.07431 0.08062
0.18518 0.03373 0.01987
-0.21063 0.04297 -0.14681
-0.05955 0.03018 -0.08922
-0.36446 -0.03842 0.15989
-0.23715 -0.11469 -0.13400
0.01375 0.09768 -0.11736
-0.23970 -0.04983 0.05929
0.12342 0.02013 0.07648
-0.19703 -0.07881 0.03821
0.40355 -0.03543 -0.07179
0.07217 0.09835 -0.01992
0.18026 0.01965 0.10320
-0.20553 -0.12917 -0.12091
-0.21372 -0.09405 -0.07547
0.40742 -0.02944 -0.02498
0.28851 -0.09466 -0.13678
-0.37939 0.10936 0.11831
0.21374 -0.12033 0.13596
0.08002 0.04846 0.14015
0.40433 -0.07061 0.13057
-0.39975 0.01177 -0.02612
-0.24045 0.01359 -0.03263
-0.33174 0.08221 0.11547
-0.26122 0.01480 0.08726
0.20136 -0.01493 0.12348
-0.20021 -0.12699 -0.17020
-0.24057 -0.11478 0.16670
-0.05943 -0.04978 0.10826
0.16786 0.01933 -0.13215
0.20403 -0.11253 0.08541
0.23004 -0.07149 0.13752
-0.25991 0.03889 0.06769
-0.26116 0.03252 -0.04180
-0.24915 0.05564 -0.05162
0.11530 0.02277 0.16226
-0.05306 -0.05648 -0.07258
-0.38113 0.04597 -0.03026
-0.19138 0.10440 -0.11243
0.12665 0.06191 0.08259
-0.02813 0.09958 -0.11811
0.19973 -0.13211 -0.12440
-0.12090 -0.04965 0.16828
0.25061 -0.06606 0.02357
0.25799 -0.06603 0.02647
-0.13726 -0.07407 0.16582
0.05373 0.10305 -0.04745
-0.07147 0.05169 -0.08150
0.26315 -0.04124 0.15585
0.17043 0.02888 0.09869
0.02867 -0.06468 -0.11875
-0.15103 0.11810 0.10047
-0.01935 -0.05299 -0.11181
0.23471 -0.04268 0.02395
0.18887 -0.12574 -0.13937
-0.38670 0.01072 -0.12288
0.11220 -0.06815 -0.01018
-0.32159 0.04268 0.14255
0.18102 0.02736 0.06213
-0.28739 -0.16733 0.15492
-0.31162 0.09088 -0.11303
0.06521 -0.04998 0.16768
-0.41767 -0.11534 -0.03485
-0.32592 -0.12238 -0.04097
0.09616 -0.04261 -0.16599
-0.02093 -0.11498 -0.16691
0.35034 -0.00333 -0.08709
-0.41962 -0.05935 -0.04306
-0.25859 -0.01851 0.08213
-0.27354 0.03255 0.15080
0.03748 -0.06128 0.07742
-0.08484 -0.05719 -0.16780
-0.22550 -0.06222 -0.10957
-0.05767 -0.10824 0.16640
0.13777 0.06555 -0.00389
0.13332 0.01977 -0.01176
-0.22578 -0.09654 0.05527
-0.26142 -0.10554 -0.14021
-0.16554 -0.06192 -0.09455
-0.04536 -0.12444 -0.07577
-0.04931 -0.12444 0.03668
-0.27901 -0.11124 -0.00282
-0.02806 0.12001 0.01575
0.39074 -0.04043 -0.08388
0.31962 -0.08947 0.09053
-0.23677 -0.00382 0.16431
-0.24849 0.11883 -0.00796
0.17856 -0.10025 0.16275
-0.11687 -0.05920 0.08557
-0.20596 -0.07064 -0.12252
-0.10168 -0.06821 -0.16657
-0.20912 -0.07213 -0.06751
0.08511 0.08779 -0.07150
0.31288 0.00747 0.02891
-0.19485 -0.12991 -0.08984
-0.37970 -0.01718 -0.13223
0.28614 -0.04176 -0.16538
-0.18065 -0.03939 -0.01353
0.05848 -0.10319 -0.08986
-0.00563 -0.10319 -0.03722
0.00091 -0.10319 -0.03198
0.02570 -0.10319 -0.04457
0.04291 -0.10319 -0.05030
0.01337 -0.10319 -0.03218
0.27045 -0.12487 -0.01744
-0.15716 -0.07055 -0.12039
-0.04447 -0.02945 0.11686
0.28993 -0.06424 -0.00142
-0.32671 -0.12899 -0.15447
0.34875 -0.00828 -0.01410
-0.22478 -0.07247 0.07635
-0.30496 -0.11004 0.14728
-0.20523 -0.04865 -0.03821
0.25888 -0.11734 -0.03916
0.23318 -0.11833 -0.03643
0.12897 -0.12394 0.01579
0.23263 -0.11245 0.11152
-0.31340 -0.00475 0.16082
-0.17886 -0.03488 0.01695
0.23039 -0.12296 0.13493
0.01194 -0.06537 -0.06457
-0.03941 -0.07822 0.03751
-0.00705 -0.09630 -0.08746
0.09398 0.04621 -0.13979
-0.07329 0.01326 -0.04984
-0.35031 -0.14599 -0.17063
0.24885 -0.06662 0.13752
0.00168 0.11067 0.10492
-0.18524 -0.07461 0.10010
0.28295 -0.10765 -0.11105
0.37281 -0.03005 -0.10533
-0.06757 0.06375 -0.13792
-0.25128 -0.11340 -0.04928
0.18723 0.02560 -0.06297
0.27598 -0.08588 -0.10568
-0.00811 0.11593 -0.07261
0.09273 -0.03512 -0.00177
-0.24593 -0.10307 0.12610
-0.25933 0.00100 0.08319
0.38302 -0.04062 0.10082
-0.31393 -0.06936 -0.16182
-0.05214 -0.05914 -0.10723
0.05951 -0.13842 0.16618
-0.25422 -0.12665 0.16685
-0.24980 -0.13437 0.16686
-0.25208 -0.04042 0.06966
-0.12077 0.12207 -0.05500
-0.39692 -0.03890 -0.09896
0.19681 0.01994 0.05376
0.38614 -0.03058 -0.08231
-0.26422 -0.17118 -0.14233
0.03777 -0.07437 -0.05859
-0.23638 0.01275 0.05430
0.08511 0.08001 -0.11390
0.28541 -0.14138 -0.11976
-0.41772 -0.08298 -0.07854
-0.41738 -0.08646 -0.08662
-0.22804 -0.08017 0.06413
-0.23363 -0.06105 0.08257
-0.14985 -0.05901 -0.05861
-0.24687 -0.04750 -0.09751
0.30993 -0.00804 -0.14799
-0.10032 0.04713 0.14730
-0.08483 0.06545 0.13721
-0.21886 -0.10128 -0.08383
0.18615 -0.13277 0.12184
0.34825 -0.11256 0.15442
-0.06600 0.12042 0.07383
0.40574 -0.09497 -0.08361
0.29197 -0.04260 -0.16385
-0.41238 -0.05214 0.03945
-0.07169 -0.01870 0.05923
0.28245 -0.10977 -0.14921
-0.40901 -0.12926 0.04166
0.11688 0.01996 -0.03185
-0.35871 -0.12851 0.09567
-0.27910 -0.05123 -0.14263
-0.02165 0.01429 -0.15810
0.39764 -0.04844 -0.11823
-0.31304 0.06677 0.12975
-0.35862 0.07402 0.01811
-0.23648 -0.04854 -0.10887
-0.04174 -0.03188 0.05264
0.19217 -0.02037 0.02295
-0.22023 -0.05877 0.08016
0.19441 -0.04301 -0.07270
0.21800 -0.03087 0.16940
-0.04882 -0.12372 0.08614
-0.02878 -0.12369 0.09037
-0.16596 -0.12388 0.08944
0.04385 -0.12360 0.08853
-0.06928 -0.12375 0.09052
0.06755 -0.12357 0.08988
0.38285 -0.02320 0.12065
-0.30348 -0.07449 0.15282
0.41886 -0.06867 -0.09308
0.22895 -0.05591 0.14393
-0.05597 -0.12591 -0.07861
-0.02314 -0.12602 -0.08031
0.36003 -0.02726 0.11673
-0.23922 -0.09831 0.15709
-0.03660 -0.08354 0.11862
-0.23769 -0.01669 -0.07097
-0.01555 -0.04482 0.11930
0.41080 -0.11377 0.10554
0.10643 0.01302 -0.17106
-0.05545 0.03094 0.05213
0.15077 0.03981 0.10633
-0.03670 0.12081 -0.00986
0.22870 -0.05828 -0.14718
-0.40332 -0.05666 0.14286
0.07778 0.09499 0.03643
-0.16667 0.12214 0.03099
-0.24844 0.03623 0.07223
-0.39824 0.01140 -0.06206
-0.31114 -0.08772 0.16547
0.40840 -0.03552 -0.04129
-0.05017 -0.06267 -0.06402
-0.30533 -0.09647 -0.13659
0.08237 0.06024 0.13352
-0.36997 0.14692 0.09431
-0.37079 0.14713 0.08451
-0.07098 -0.00616 0.09160
-0.40039 0.01022 0.02300
-0.34725 -0.13207 0.08831
0.40633 -0.04932 0.09946
-0.37252 -0.13401 -0.02538
-0.38333 -0.13312 -0.05811
-0.37507 -0.13386 -0.04990
-0.38485 -0.13289 -0.02999
-0.39014 -0.13245 -0.04418
-0.39057 -0.13261 -0.10679
-0.15158 -0.12011 -0.17380
0.09993 -0.10254 0.11232
0.10803 0.01792 -0.09396
0.37810 -0.02430 -0.10488
-0.31011 -0.12766 -0.15378
-0.32090 -0.13516 0.13160
-0.27107 -0.04407 -0.15108
-0.41553 -0.06772 0.06008
-0.32442 0.09999 -0.09974
0.26859 -0.04248 -0.15949
0.27857 -0.03134 -0.00513
-0.04047 -0.03599 -0.09201
0.10888 -0.00590 0.07736
-0.05476 -0.08530 -0.16593
-0.17585 -0.09654 0.07727
-0.41048 -0.05877 0.10164
0.06935 -0.09411 -0.03876
-0.26620 -0.04869 0.15022
0.28975 -0.07308 0.14337
-0.23212 -0.01538 -0.16538
0.22306 0.01489 -0.08540
0.21594 0.01568 -0.04905
0.21880 0.01536 -0.10429
0.22214 0.01500 -0.07576
0.19036 -0.10142 -0.13844
-0.21364 -0.09405 -0.08262
-0.30939 -0.11754 0.13912
-0.08206 -0.06863 0.16804
0.31667 -0.10886 0.11667
-0.11953 -0.12512 0.00545
-0.11020 -0.12512 0.00682
-0.04392 -0.03396 -0.02967
-0.06726 0.06088 0.06914
-0.22775 -0.02844 0.06114
-0.33020 0.09179 0.10593
-0.25151 -0.08260 -0.14377
-0.28114 -0.10148 0.08908
-0.02115 -0.06723 0.05421
0.39937 -0.12172 -0.02946
-0.33681 0.09750 0.05542
-0.06683 -0.01740 0.08680
-0.28503 -0.15681 0.13160
-0.21808 -0.13028 0.17162
0.10396 0.02972 0.18587
-0.11681 -0.07430 -0.04086
-0.32058 -0.13248 0.15841
-0.01765 -0.08023 0.03326
0.35345 -0.08522 0.15431
-0.03564 -0.05311 -0.08072
-0.39365 -0.12797 -0.15283
-0.06752 -0.10319 -0.00463
-0.05083 -0.10319 0.03060
0.20978 -0.05863 0.12184
-0.23569 -0.08512 0.08849
0.38789 -0.01058 -0.04770
-0.02885 0.11767 0.08116
-0.36723 0.16592 -0.12127
-0.32072 -0.09035 0.14471
0.24044 -0.04843 0.01805
-0.38314 0.02987 -0.11480
0.06172 0.03757 -0.14629
-0.34493 0.15182 -0.06385
-0.33851 0.15190 -0.05662
-0.11974 0.11955 -0.09207
0.10212 -0.10254 -0.04273
0.10872 -0.10254 -0.04412
-0.05417 0.11990 0.07293
0.05700 0.02172 0.15294
-0.03269 -0.06273 0.09835
-0.12434 -0.06506 -0.04558
-0.21389 -0.10636 0.14828
-0.23370 -0.08780 0.14573
0.06070 -0.07437 -0.05496
-0.38762 0.03762 0.03937
-0.32045 0.06238 -0.13074
0.23034 -0.10602 0.11131
0.01868 0.06161 0.13635
-0.23897 0.00240 -0.09622
-0.04729 -0.06462 0.09448
-0.24087 -0.00888 -0.07376
-0.41461 -0.09057 0.06202
0.00372 -0.12884 0.16353
0.20414 -0.00276 -0.15567
-0.25337 -0.06968 -0.15238
0.16440 -0.01709 -0.16134
-0.20477 -0.08043 0.16076
-0.28652 -0.04574 0.17303
-0.06737 -0.11465 0.00434
-0.25066 0.00549 -0.16074
-0.09781 -0.01202 0.16696
0.29853 -0.10047 0.02469
-0.07319 0.01151 -0.03561
0.09370 -0.01262 0.16426
-0.20337 -0.07461 0.04304
0.21185 -0.06183 -0.13044
-0.25197 0.03828 -0.06484
-0.27174 -0.11674 -0.13659
-0.06425 -0.04024 -0.00172
-0.39901 -0.07897 -0.15620
-0.17553 0.10299 0.11621
0.10816 -0.12731 -0.16782
0.22026 -0.11191 -0.14926
-0.09629 0.00581 0.16293
-0.35680 -0.01928 -0.15525
-0.15745 -0.11885 -0.16638
-0.41353 -0.05173 0.00183
-0.24247 -0.04374 0.08229
-0.20264 -0.06723 0.07019
-0.31235 -0.13533 -0.16351
0.20049 0.01999 -0.03556
-0.25523 -0.11427 0.03936
-0.28351 0.08941 0.11745
-0.27282 -0.16981 0.15562
0.32364 -0.00095 0.10159
-0.23903 -0.02488 0.04921
-0.02318 -0.10319 0.08499
-0.04689 -0.10319 0.11044
-0.04261 -0.10319 0.08217
-0.03902 -0.10319 0.10614
0.02900 -0.10319 0.04443
-0.01022 -0.10319 0.06141
-0.01756 -0.10319 0.09242
0.00732 -0.10319 0.07064
-0.03680 -0.10319 0.05770
-0.03870 -0.13210 0.17104
0.33224 0.01009 -0.01493
0.14570 -0.02937 0.16503
-0.24749 -0.03261 0.11562
0.20776 -0.04822 0.00513
-0.37630 -0.10280 0.17097
-0.34234 0.08891 0.07530
0.34188 -0.09114 -0.03448
0.08184 0.02449 -0.15120
0.00280 -0.03163 0.01053
-0.06496 -0.02193 -0.07554
0.30823 -0.13297 0.12184
-0.41245 -0.07722 0.08580
-0.09925 -0.11899 0.16837
0.31442 -0.10240 0.13712
-0.26469 0.11399 0.09207
0.42386 -0.05925 0.00644
0.10678 -0.00686 -0.09782
-0.15930 -0.12639 0.17182
0.05950 -0.06189 0.03880
-0.03604 0.12047 -0.03478
-0.20378 -0.05146 0.05429
-0.12240 -0.06931 -0.06682
0.20037 -0.13796 -0.16201
0.39567 -0.09676 0.07416
0.30756 -0.08581 -0.16229
-0.12749 -0.07997 -0.11814
-0.31986 -0.14182 -0.15016
-0.21726 0.11982 0.03702
0.30312 -0.02814 -0.15449
0.16419 -0.11143 0.02529
0.02600 -0.07437 0.09794
-0.25926 -0.08073 -0.13659
0.20235 -0.04718 0.01377
0.29413 -0.13424 -0.15193
0.06112 -0.07003 -0.08247
0.18495 -0.11377 -0.14086
-0.00002 -0.12405 0.16612
-0.32579 0.10332 -0.00705
-0.21002 -0.12840 -0.14748
-0.05849 0.01936 0.09426
-0.38400 0.11228 -0.12284
-0.22186 -0.07239 -0.09284
0.10374 -0.01809 -0.08597
-0.35490 0.07708 -0.04874
-0.18527 -0.08480 0.03628
0.19198 -0.11619 0.03802
-0.19575 0.05442 0.14171
-0.04906 0.12149 0.00657
0.10991 0.00921 0.09835
0.05735 -0.03355 0.16755
0.07687 0.07932 -0.01688
0.16153 0.01718 0.01712
0.19311 -0.01288 -0.05759
-0.22433 -0.15712 -0.14036
-0.06523 -0.03423 0.06661
-0.00088 -0.09628 0.11689
-0.41513 -0.11925 0.02652
-0.06938 -0.02926 -0.07661
0.27471 0.00985 -0.02834
0.13498 -0.11679 0.16446
-0.01561 0.11593 0.08594
-0.16230 -0.09654 0.05343
0.11871 0.01382 -0.15746
0.00740 -0.09633 -0.03263
-0.13572 0.07315 -0.13436
-0.32484 0.10189 0.09467
-0.22709 0.08719 -0.12248
0.09027 0.07891 0.10408
0.22970 -0.06529 0.02714
0.06437 -0.05583 -0.04993
-0.12610 0.00417 -0.16211
-0.23024 -0.01599 -0.10780
0.39487 -0.01786 0.04197
-0.40510 -0.05013 0.08428
-0.41176 -0.07907 -0.13682
-0.29401 0.04051 -0.14431
0.26933 0.01090 -0.13484
0.42526 -0.13373 -0.00063
-0.04130 -0.06885 -0.06632
0.05165 -0.05460 -0.03615
-0.32513 -0.10320 -0.14917
0.30223 -0.08557 0.05166
0.22609 -0.11671 0.09718
-0.21455 -0.05921 -0.11190
0.24368 -0.09003 -0.08369
-0.37250 0.01671 -0.13801
0.41056 -0.11034 -0.10660
-0.41436 -0.08333 -0.11988
-0.02790 0.10232 0.11654
0.18790 -0.01333 0.16101
-0.16758 -0.09656 0.11375
0.40887 -0.03939 0.07449
-0.30166 -0.14345 -0.12416
0.19244 -0.03896 -0.04065
0.08390 -0.01011 0.09143
0.39097 -0.09412 -0.13749
-0.07858 -0.12990 -0.17216
0.17603 -0.13151 0.16889
0.10553 -0.10106 -0.16225
-0.22717 -0.09065 0.05509
0.00667 0.11604 -0.01627
-0.30110 0.11419 -0.00186
-0.41010 -0.12905 0.01034
0.33406 -0.00137 0.12854
-0.37184 -0.06706 -0.16701
0.19240 -0.03556 -0.16461
-0.03787 -0.06840 0.11376
-0.13530 -0.05176 -0.16662
0.29521 -0.14297 0.16029
-0.02234 -0.12971 -0.16240
0.37753 -0.04622 0.12046
-0.35269 -0.10296 -0.16782
-0.06781 0.10276 0.11750
0.34031 -0.11769 -0.15449
0.37364 -0.03786 -0.10347
-0.06532 -0.01979 -0.03575
0.06372 0.00558 0.16019
0.38513 -0.04060 -0.09685
0.02300 -0.08501 0.02701
-0.39593 0.16099 -0.12258
0.03501 -0.09631 0.06174
-0.24335 -0.10068 0.14728
-0.34179 -0.09754 -0.16923
0.28532 -0.05136 0.16185
0.04518 -0.08499 0.16561
-0.05115 0.02380 0.04576
-0.10911 0.05311 -0.14318
0.33420 -0.09067 -0.15858
-0.22196 -0.12126 -0.15082
0.07490 0.09770 0.00093
-0.37031 0.02978 -0.13696
-0.09328 -0.01968 0.16842
-0.05818 0.01249 -0.06951
-0.20387 -0.07594 -0.12091
-0.24732 -0.13426 -0.15249
0.19162 0.01231 0.08167
-0.34928 0.08472 -0.02519
0.40040 -0.02702 -0.08236
0.28225 -0.15132 -0.13609
-0.26403 -0.01411 0.08393
-0.23121 -0.10134 -0.11379
-0.25848 -0.02886 0.02116
-0.23897 -0.08072 0.10340
-0.24398 -0.06740 -0.01320
-0.23927 -0.07993 0.11290
-0.23103 -0.10184 0.10460
-0.24811 -0.05644 0.06839
-0.23832 -0.08245 0.01685
-0.23271 -0.09737 0.00062
-0.23266 -0.09750 0.13413
-0.25346 -0.04222 0.04486
-0.23533 -0.09040 0.05919
-0.24441 -0.06626 0.12890
-0.24757 -0.05787 0.08884
-0.23736 -0.08501 -0.00485
-0.25578 -0.03603 0.09053
-0.24975 -0.05206 0.09978
-0.23925 -0.07998 -0.01511
-0.24283 -0.07046 0.04664
-0.23458 -0.09241 0.12397
-0.24640 -0.06099 0.06445
-0.27191 0.00683 0.09139
-0.26164 -0.02047 0.07565
-0.23880 -0.08116 0.07179
-0.23926 -0.07995 0.03340
-0.25159 -0.04719 0.12096
-0.26200 -0.01951 0.10700
-0.25119 -0.04825 0.10640
-0.21993 -0.13892 0.15987
-0.16732 -0.12662 0.09657
0.14158 -0.13055 0.10904
-0.02406 -0.13023 0.10243
-0.01788 -0.09630 0.06945
-0.30477 -0.12254 0.10257
0.23207 -0.11950 0.09771
0.07939 0.09244 0.05524
0.21828 -0.04608 0.00563
-0.05698 0.05864 -0.06570
-0.16523 0.11617 0.10430
0.17257 -0.08686 0.16462
-0.20087 0.12016 -0.04596
-0.26959 -0.08433 -0.13659
0.29456 -0.04903 -0.16417
-0.38868 0.03443 0.06326
-0.00569 -0.09630 0.09553
-0.23122 -0.04671 0.16606
0.25794 -0.04044 -0.16172
-0.24537 -0.10182 -0.10378
0.02465 -0.07437 0.08716
0.32152 0.01046 0.02211
-0.33425 0.09503 0.09115
0.31431 -0.11699 0.09238
0.24669 -0.03927 0.12637
-0.32486 -0.13869 0.15976
-0.15339 0.12208 -0.04138
0.05578 0.04155 0.14464
0.28544 -0.09981 -0.13858
-0.28491 0.11604 -0.00329
-0.03884 -0.04449 0.07733
-0.37564 -0.12634 -0.09101
-0.22784 0.02367 -0.15543
0.41113 -0.08552 -0.11229
0.09589 -0.12817 -0.08631
0.18364 -0.12476 -0.09080
-0.40952 -0.13140 0.11668
0.39516 -0.03781 -0.09006
-0.04738 -0.06700 0.06419
0.38455 -0.02444 -0.10551
-0.13604 0.09085 0.12491
-0.02759 -0.07437 0.11597
0.31640 -0.05955 0.16341
-0.38359 -0.13842 0.14619
0.23329 -0.12236 -0.02489
-0.02987 -0.06903 0.06423
-0.24387 -0.16000 -0.14529
0.26020 -0.03484 -0.16813
0.21851 -0.11606 0.06606
0.35818 -0.12678 -0.14592
-0.06935 -0.05339 0.16933
0.42412 -0.13390 -0.09645
-0.06828 -0.03037 -0.04700
0.39549 -0.10591 0.03737
-0.18646 -0.07461 0.07547
0.02189 -0.10247 0.16511
-0.24958 -0.10118 0.13048
-0.38802 0.03706 -0.04167
-0.06123 0.03657 0.06756
0.37671 -0.03570 -0.13603
0.20166 -0.06238 0.02633
-0.21646 0.11670 0.08919
0.04124 -0.04993 0.00497
0.24509 -0.05092 0.03213
-0.07542 0.04607 0.06332
-0.24736 -0.04637 -0.09146
0.28288 -0.15908 -0.11892
0.07004 0.09728 0.05065
-0.35954 0.05092 0.12459
0.04701 -0.01981 -0.16538
-0.13367 0.11971 -0.08877
0.04459 0.10689 -0.03676
0.29395 -0.13482 0.14171
0.29321 -0.12259 0.02932
0.27919 -0.12316 0.02774
0.20445 -0.12462 0.02370
-0.23010 -0.15276 -0.13898
0.13162 -0.09637 -0.16185
-0.25254 -0.04264 -0.16600
-0.21935 -0.06107 -0.03786
0.18830 0.03036 0.01685
0.20424 -0.13410 -0.00400
-0.38670 -0.03342 -0.13390
-0.04112 -0.06283 0.03914
-0.40050 0.00136 0.06466
-0.05193 -0.06761 0.16845
-0.35561 0.11746 0.11897
0.21727 -0.04274 -0.00105
-0.24684 0.06167 -0.08101
0.30710 -0.05599 -0.16304
-0.32750 0.06856 0.12746
-0.26062 -0.14302 0.14573
-0.29943 -0.10301 0.15226
-0.00728 -0.06616 -0.09955
0.31399 -0.07793 -0.12412
-0.04031 -0.03001 0.16926
0.16020 -0.09304 0.16191
-0.19488 -0.01128 -0.16447
-0.03574 -0.05190 0.11835
0.26499 -0.15583 -0.11744
0.26112 -0.02673 0.16614
0.22463 -0.14764 -0.11859
0.23526 -0.11362 0.09858
0.09499 0.00285 0.16019
-0.23210 -0.03090 -0.16964
-0.25891 -0.01762 -0.05035
0.27511 -0.06231 0.03019
-0.24256 -0.05565 0.09953
-0.37778 -0.07788 0.17158
-0.30208 -0.12551 -0.13503
0.00690 0.03734 -0.14810
-0.36093 -0.06038 0.17602
-0.03885 -0.07781 -0.09070
-0.07744 -0.03515 -0.16843
-0.40018 -0.00525 -0.07518
0.01117 -0.12069 0.00254
-0.38431 0.14072 0.11841
-0.34435 0.15998 0.11734
-0.32431 -0.11051 -0.15635
-0.04150 -0.04754 -0.10956
0.18831 0.03128 -0.02196
-0.11899 0.12284 -0.03509
0.02655 -0.07312 0.12683
-0.24328 -0.04087 -0.07186
0.03317 0.06653 0.13324
0.00815 -0.06365 0.04882
0.01806 -0.05373 -0.00430
-0.30676 -0.10148 -0.13659
-0.12519 0.12230 0.04871
-0.41861 -0.10722 -0.05872
-0.01447 -0.09256 0.16633
-0.24233 -0.05548 0.07821
-0.21424 0.02088 0.15669
0.21108 -0.12654 0.14350
-0.01128 0.06811 0.13441
0.02993 -0.07089 -0.11841
0.09726 -0.05858 0.00703
-0.25310 -0.04440 0.14794
-0.14979 -0.09340 -0.12379
-0.41399 -0.09461 0.01892
0.24576 -0.12033 0.07845
-0.40836 -0.13671 -0.12808
0.00302 -0.10464 0.16538
0.19263 -0.01925 -0.16134
-0.36925 -0.00271 0.14404
0.40702 -0.03932 -0.04614
-0.19911 -0.08915 -0.14799
-0.24608 -0.06167 -0.15088
0.27185 -0.09746 -0.13501
0.06360 -0.07614 -0.04525
-0.22084 -0.03874 0.04511
-0.06446 -0.00386 0.11249
-0.24730 -0.15497 -0.13477
-0.36075 -0.02432 -0.15480
0.28577 -0.06462 0.07403
-0.37943 0.04561 -0.06716
-0.07727 -0.10319 -0.11316
0.00099 -0.09630 -0.06984
0.07179 -0.09341 0.00843
-0.18238 -0.10303 -0.17837
-0.32461 -0.12472 0.09998
0.36310 -0.03864 0.13539
0.11971 -0.00434 0.11899
-0.22720 -0.09238 -0.10918
-0.07562 0.02809 0.09169
0.09779 0.08780 0.00225
0.17124 0.01965 -0.12326
0.11861 0.00789 0.00559
-0.24503 -0.01440 -0.10701
-0.01848 -0.06711 0.09015
-0.30460 0.08311 0.11997
-0.23438 0.11329 0.10205
-0.04039 -0.09085 0.08652
0.18516 -0.13123 0.12813
-0.07474 -0.12252 -0.17421
-0.26954 -0.07917 -0.07023
0.34016 -0.10787 -0.08200
-0.22847 -0.08151 -0.05181
0.38016 -0.03073 0.09137
0.12467 -0.00172 0.16038
-0.08023 -0.06149 -0.16767
-0.07315 -0.00478 0.04364
-0.05119 -0.01701 0.04132
0.28187 -0.09220 -0.13157
0.01834 -0.07437 0.06125
0.08062 0.04168 0.14349
0.28000 -0.05607 0.15294
0.10766 -0.00254 0.09725
0.19034 0.02921 0.02709
-0.10220 -0.10225 0.09553
-0.09433 -0.10225 0.06772
-0.09315 -0.10225 0.09267
-0.06797 -0.10225 0.11425
-0.11363 -0.00572 0.16565
-0.36657 -0.12770 0.07580
0.35301 -0.10069 0.00204
0.35301 -0.07228 0.04957
0.35301 -0.08996 0.01369
0.35301 -0.08383 0.05866
0.35301 -0.08843 0.00595
0.10307 0.02016 0.18954
-0.19448 -0.05935 0.04815
0.15861 0.05136 0.02199
0.19779 -0.11217 -0.14341
-0.03563 0.11241 0.11087
0.12123 0.02001 0.09006
-0.38967 0.03138 -0.05834
-0.26499 -0.11841 0.03361
-0.06787 -0.01495 -0.07049
0.41511 -0.09093 -0.09740
-0.04916 -0.00776 0.04152
0.05739 -0.09584 -0.16365
0.19991 -0.05256 0.07664
-0.21665 -0.12032 0.15052
0.29298 -0.07730 0.04922
-0.24628 0.09602 -0.11583
-0.00065 -0.05205 -0.16792
0.36557 -0.00238 -0.06788
-0.17804 -0.08916 -0.12216
0.25627 -0.13591 0.13752
-0.31678 -0.13438 -0.14516
0.20097 0.02236 -0.00605
-0.15372 -0.05635 -0.02454
0.19796 -0.12549 -0.03118
0.20445 -0.12549 -0.04292
0.20018 -0.12549 -0.08710
-0.32119 -0.12432 -0.07024
-0.23395 0.02774 -0.15351
-0.18267 0.08824 -0.12416
-0.04730 -0.03165 -0.10606
0.39466 -0.03627 0.08222
0.04535 -0.07437 -0.10433
0.32042 -0.08383 -0.09982
-0.26868 -0.15767 -0.12170
-0.07483 -0.03986 0.01682
-0.18068 -0.07305 0.16449
-0.17963 -0.04444 -0.01545
-0.20993 -0.08620 0.16808
-0.33251 0.10067 0.07073
0.07063 -0.07437 0.08367
-0.25990 0.03685 0.10166
0.13735 0.01729 0.15550
-0.39701 -0.03747 0.11486
0.16931 0.03820 0.06420
0.42215 -0.06510 -0.06718
0.08720 -0.11167 0.16557
-0.32777 -0.09816 0.15557
-0.24534 -0.00379 -0.03578
-0.14828 -0.01135 -0.16500
-0.38498 0.01868 0.12413
0.34378 -0.00341 0.12264
-0.31504 0.05025 -0.13817
-0.38875 -0.10977 -0.15970
0.22384 -0.05252 0.00933
-0.05923 0.12100 -0.05351
0.06862 0.07588 0.12750
0.39110 -0.01454 0.02880
0.39108 -0.04945 -0.13845
-0.08480 -0.04708 -0.16827
0.42529 -0.07343 -0.01785
-0.29707 0.09148 0.11496
-0.21419 -0.06516 -0.04594
0.12145 0.00759 0.04136
-0.32064 -0.06665 -0.15970
-0.19154 -0.09412 -0.03616
-0.18753 -0.09410 -0.04332
-0.06244 -0.02818 0.10054
-0.38349 -0.11440 -0.16256
0.13922 0.04115 -0.13018
0.18390 0.01333 0.02997
-0.40671 -0.08836 0.12955
-0.28500 -0.07805 0.14525
0.28429 0.00128 0.14716
0.04665 -0.06657 -0.09917
-0.27344 -0.04573 -0.12091
-0.01342 -0.06547 -0.03977
-0.02054 -0.05030 0.16933
0.32993 -0.07713 0.16197
0.23700 -0.04758 0.14937
-0.17417 -0.09405 -0.10863
-0.14611 -0.05823 -0.05215
0.09934 -0.10254 0.06345
0.09476 -0.10254 0.04486
-0.39903 -0.04134 -0.08172
0.10298 -0.00698 0.03594
-0.26023 -0.16241 0.16270
0.38849 -0.03337 0.11057
-0.22284 0.06207 0.13692
0.16283 0.03000 -0.11270
-0.23531 -0.01459 0.12394
-0.31295 -0.10763 0.14538
-0.09415 0.11893 0.10031
-0.07098 0.11933 0.09208
-0.23540 -0.00965 0.11358
0.17468 -0.12341 0.16295
0.22565 -0.13237 -0.13312
0.26655 -0.00910 -0.15416
-0.23891 -0.08088 0.14728
-0.17304 -0.01304 0.16599
-0.12857 0.11905 0.09655
-0.37257 -0.06663 0.17423
-0.33689 -0.12219 -0.04370
-0.33113 -0.12219 -0.07642
0.18746 -0.10297 0.15257
0.23314 -0.11605 -0.13053
0.37849 -0.03306 0.10839
0.34847 0.00517 -0.01987
0.22258 -0.05344 -0.13404
0.05154 -0.06836 -0.04523
0.26232 -0.11207 0.14327
-0.24933 0.03645 -0.05076
-0.08094 -0.10307 -0.02420
0.28370 0.00866 0.12834
0.20237 -0.06345 -0.08447
0.36898 -0.03450 -0.09617
-0.02643 -0.02705 0.16894
0.05728 -0.10319 0.12885
-0.20230 -0.10319 0.13832
-0.13659 -0.10319 0.13817
-0.00185 -0.10319 0.13100
0.08901 -0.10319 0.13585
-0.24935 -0.03808 0.09756
-0.38516 -0.11837 0.08555
-0.39999 0.00085 -0.07077
-0.23506 -0.14904 -0.13935
-0.38731 0.03002 -0.10268
0.10273 0.08281 0.04014
0.08846 0.09125 -0.01735
-0.03592 0.11890 -0.07196
-0.13364 -0.05383 0.04722
-0.33055 -0.08725 0.13160
0.06148 -0.06956 -0.05489
-0.00479 -0.07896 -0.02727
0.09700 -0.08722 -0.16325
-0.23835 -0.11762 0.14573
-0.26116 0.01116 -0.04014
-0.07582 0.04191 0.08586
-0.15080 -0.09655 0.10128
-0.31096 0.02299 0.15236
-0.39128 0.03836 -0.05211
-0.11447 0.05017 -0.14605
0.34639 -0.09091 0.15562
-0.20903 0.12079 -0.00626
-0.22704 -0.09405 -0.04569
0.14803 -0.13235 -0.16681
-0.41269 -0.12979 -0.11235
-0.11623 -0.09654 0.09026
0.14975 -0.08678 -0.16174
-0.14759 -0.05699 0.16692
0.02039 0.11097 0.07151
0.03354 -0.06203 0.06520
0.40631 -0.03344 -0.04799
0.05858 -0.07742 0.12592
-0.22146 -0.03234 -0.02893
0.36360 -0.04174 0.09608
-0.30995 0.07004 -0.12697
0.40962 -0.09128 -0.11444
-0.22923 -0.05536 -0.15633
-0.04794 -0.03246 0.03765
-0.18598 -0.02621 0.16679
0.01884 -0.05897 -0.10359
-0.00621 0.11347 -0.09527
0.16486 0.01671 -0.01151
-0.06951 0.02565 0.15442
0.20922 -0.03935 0.17125
-0.20989 0.11890 -0.06417
-0.03450 0.00312 0.16341
-0.22512 -0.04972 -0.15201
0.01708 0.04561 -0.14411
-0.00321 -0.04165 -0.16824
-0.25582 -0.01146 -0.07093
-0.16935 -0.04794 0.16654
-0.22265 -0.12451 -0.12970
0.19219 -0.02197 -0.02149
-0.21704 -0.13046 -0.15019
0.29062 -0.04625 -0.14864
0.36938 -0.02703 0.13821
-0.05797 -0.04090 -0.02996
0.06760 -0.09630 0.10358
-0.05886 0.05236 0.14323
-0.22529 -0.08357 0.11595
-0.13261 -0.09019 0.16502
-0.25522 0.11804 0.03295
0.24849 -0.05419 -0.01299
-0.13994 0.12144 -0.06392
0.39265 -0.02803 0.12067
0.37562 -0.04456 -0.11455
0.12312 0.00406 -0.08614
0.14123 -0.03132 0.16534
-0.26109 -0.11020 0.15399
-0.15172 -0.07213 -0.04033
-0.30823 -0.12894 -0.08680
-0.37394 0.04747 -0.09784
0.27499 -0.12478 -0.13312
-0.35919 0.07005 0.07295
0.08783 -0.02805 0.16660
0.29797 -0.07305 -0.12118
0.02822 -0.06304 -0.09236
-0.03576 -0.06807 -0.08913
-0.14151 -0.09404 -0.05189
-0.33011 0.10405 0.06481
0.21604 -0.05094 -0.15761
-0.03908 -0.07212 0.10955
0.17706 0.04069 -0.00718
0.05257 -0.06762 0.10836
0.10973 0.00185 0.08838
0.21925 -0.12364 -0.06901
0.32952 -0.06386 0.16232
0.41288 -0.08701 -0.06154
0.14092 -0.06295 -0.16413
-0.20974 -0.12716 -0.16576
-0.24572 0.02655 0.09771
0.10526 0.03700 0.18399
-0.02317 -0.05414 0.11851
-0.10773 -0.12816 0.01312
-0.36862 -0.11404 -0.16679
-0.32251 -0.11942 -0.12091
-0.04460 -0.04013 -0.10708
0.08401 0.07872 0.02047
-0.39160 0.01802 0.10025
0.24025 -0.10440 0.05976
0.21883 -0.11018 0.05418
0.28724 -0.10455 0.05962
0.37990 -0.01295 -0.09329
0.30002 -0.05485 0.02622
-0.24411 -0.03979 0.12195
0.05558 -0.12904 0.16228
0.19445 0.02469 -0.03928
-0.22925 0.01216 -0.15882
0.39452 -0.07058 0.14099
-0.24515 -0.04975 -0.06895
-0.15400 0.01406 -0.15846
0.15446 0.03071 -0.12963
0.30250 -0.10768 -0.03382
0.34149 -0.09769 0.01387
0.26470 -0.05722 0.01948
-0.41706 -0.10958 0.01789
0.30991 -0.10935 -0.14325
0.13375 0.01974 0.01810
-0.03031 -0.01012 0.16670
0.35009 -0.00772 0.13618
0.19669 -0.02747 -0.09361
-0.23994 -0.05633 0.13734
0.16517 -0.07505 -0.16210
-0.39583 0.02789 -0.01632
-0.19142 -0.03039 -0.01288
0.02992 -0.12894 0.17028
-0.22807 -0.07623 0.10430
0.04407 -0.07867 0.12505
-0.39286 0.02915 0.06394
-0.18427 -0.04668 0.02736
-0.24053 -0.02579 -0.03252
-0.37552 0.05339 0.01209
0.09014 -0.11845 -0.00439
-0.04756 -0.02538 -0.06880
-0.24029 -0.06585 0.00415
0.21223 0.01828 0.00311
0.05309 -0.03828 0.16787
-0.17889 -0.07213 -0.06567
-0.21670 -0.07213 -0.03289
0.27916 -0.08219 0.10070
-0.11170 -0.13482 0.17407
-0.25275 -0.16264 -0.15797
-0.01095 -0.07437 0.04552
-0.13064 -0.05667 0.11285
0.21310 -0.08735 0.08672
-0.20291 -0.05561 -0.11096
0.18486 0.02294 -0.07897
0.25403 -0.06098 -0.01592
-0.15609 0.09904 0.11931
0.10052 -0.13211 -0.16791
-0.20120 -0.09677 0.17250
0.24584 -0.02927 0.00294
-0.19812 -0.11499 -0.16468
0.29812 -0.15064 0.14252
-0.03131 -0.03587 0.01994
0.41837 -0.08651 0.01833
-0.16357 -0.07213 -0.10686
0.18380 -0.08400 -0.00780
-0.40337 -0.01286 0.03344
0.21920 -0.12222 -0.09271
0.02303 -0.06397 0.08715
-0.22963 -0.08325 -0.14250
-0.13903 -0.09080 0.13563
-0.01419 -0.12494 -0.17170
-0.21912 0.11320 -0.10271
-0.08561 -0.12048 -0.17350
0.12213 -0.10254 -0.08816
0.12399 -0.10254 -0.07144
0.14169 -0.10254 -0.09115
0.13616 0.05800 0.07251
-0.39157 -0.07559 0.16434
-0.25466 -0.02614 0.12236
0.36567 -0.00241 0.03411
0.19843 -0.04143 0.10636
0.18672 -0.09975 -0.01389
-0.25553 -0.08883 0.14705
0.06416 -0.07437 0.04930
-0.15461 -0.06462 0.01297
0.11684 0.06680 -0.08742
0.04212 -0.07103 -0.11759
-0.21090 -0.13677 0.17451
-0.22414 -0.04794 -0.08682
-0.33373 -0.01463 0.15995
0.05497 -0.05661 -0.09211
0.10860 -0.12861 -0.16026
0.13036 -0.03892 -0.12098
0.13711 -0.04068 -0.07846
0.13242 -0.03946 -0.09485
0.13997 -0.04143 -0.08971
-0.37485 -0.14316 -0.13925
-0.23728 -0.05448 0.10686
0.19761 0.02221 0.05899
0.18835 -0.06617 0.16523
0.29813 -0.08674 0.12918
-0.12615 -0.07461 0.07704
0.33265 -0.10523 -0.09664
0.30397 -0.04979 0.03241
-0.20483 -0.06923 -0.11472
0.01328 -0.08171 -0.12124
-0.32997 -0.10931 0.13160
-0.04400 0.07438 -0.13238
-0.07115 0.05357 0.06636
0.25571 -0.06668 0.03359
-0.08751 0.12224 0.04537
-0.34455 0.12486 0.11944
0.03152 -0.05876 -0.16695
0.19997 -0.04862 -0.05376
-0.24275 -0.11597 0.01768
0.30656 -0.08480 0.12184
0.10053 0.07516 0.09333
-0.05426 -0.01540 -0.03339
0.23206 0.01523 -0.13078
-0.32095 -0.03941 -0.16694
0.18988 -0.10195 0.09034
0.21611 -0.09356 0.15688
-0.41561 -0.09054 -0.01336
-0.27473 -0.13817 0.14728
0.25148 -0.17324 0.12184
0.01442 -0.06368 0.16814
0.01811 0.11383 -0.01999
0.03595 -0.09212 -0.12216
0.10533 0.03283 -0.18119
-0.14400 0.03964 0.14991
-0.19185 -0.10058 0.17536
-0.40284 -0.01450 0.05261
-0.24364 0.00778 0.12420
0.02310 -0.06396 -0.05139
0.02346 -0.12085 -0.16918
-0.24142 0.02296 0.11150
-0.26135 0.03580 -0.08826
-0.00950 -0.09107 0.03251
0.29608 -0.07154 0.15288
0.25352 -0.04265 0.01147
-0.15465 0.06329 0.13861
0.28552 -0.16187 0.13439
-0.25711 -0.00776 -0.08704
-0.15049 -0.04973 -0.02979
-0.05990 -0.03407 0.10513
0.30397 -0.11764 0.01136
-0.25871 0.11802 0.01933
-0.11770 -0.06089 0.09793
-0.20395 -0.08981 0.04023
-0.07622 0.03922 -0.05101
-0.22816 -0.07307 -0.09883
-0.25011 -0.10103 0.14469
-0.24539 -0.04263 -0.10933
-0.14891 0.12226 0.04076
-0.18694 -0.06199 -0.04220
0.06890 -0.12675 -0.16987
-0.37642 0.04241 0.10684
-0.41038 -0.05115 -0.07472
-0.22199 0.11301 0.10377
0.35475 -0.11092 0.00661
0.30991 -0.11524 0.01564
0.19378 -0.02128 -0.06676
0.24068 -0.15914 -0.14977
-0.38270 -0.07269 -0.16432
0.01050 -0.09630 0.08887
-0.12901 0.07425 -0.13397
0.03578 -0.09630 -0.02516
-0.16261 -0.06401 0.08295
0.03485 -0.00216 -0.16220
-0.07083 0.12264 -0.00085
0.14614 0.05779 0.03849
0.16342 0.02249 0.13502
0.42550 -0.07232 0.01422
0.27634 -0.15964 0.12661
0.06577 -0.06755 -0.05866
-0.15129 0.07044 -0.13521
0.38111 -0.03209 -0.12171
0.10219 -0.08525 0.16431
0.23335 -0.06779 0.03042
0.28301 -0.10674 0.10684
0.12850 0.06199 -0.07705
-0.23547 0.11747 -0.06781
-0.00051 -0.07437 -0.04967
0.25488 -0.13090 0.15327
0.25658 -0.05737 0.07780
-0.38501 -0.02606 -0.11683
0.24899 -0.01684 0.16059
0.23876 -0.12186 -0.02796
-0.10238 -0.04552 0.00647
0.19674 -0.11961 0.03332
-0.12553 0.04286 -0.14899
0.22910 -0.03246 0.00064
-0.25138 -0.11145 0.00777
0.41654 -0.08561 -0.09350
-0.26284 -0.12468 0.14728
0.23732 0.01235 -0.11180
-0.21991 -0.15036 0.15164
0.17592 0.01520 -0.06844
-0.21744 -0.05834 0.04589
0.06169 -0.14279 0.16103
-0.39060 -0.00365 -0.12227
-0.05231 0.02860 -0.03251
-0.04787 0.03367 -0.15100
0.15830 0.04929 0.04536
-0.16259 0.04349 0.14779
-0.35525 -0.07587 -0.16781
0.24041 -0.13611 -0.13312
-0.06088 -0.04071 0.08218
-0.25868 0.05771 0.13821
0.01885 -0.07176 0.12663
-0.00945 0.02948 0.15174
-0.05090 -0.01734 -0.07331
-0.01098 0.11677 0.06506
-0.19602 -0.07213 -0.11293
0.39990 -0.12193 -0.07996
-0.06278 -0.04422 0.07826
0.40907 -0.03346 0.03048
0.24405 -0.15452 -0.11744
-0.25862 0.05032 -0.14229
-0.20912 0.11935 -0.05652
0.10983 -0.02598 0.06824
0.06465 -0.04531 -0.16685
0.41715 -0.07069 -0.10410
-0.41103 -0.05088 0.01342
0.10679 0.02152 -0.17746
0.05450 -0.03446 -0.16659
-0.14048 0.12323 -0.00440
0.02653 -0.05325 -0.02444
0.29761 -0.10932 -0.12624
0.18870 -0.02675 0.16397
-0.25492 0.04826 0.06535
-0.05689 -0.00643 0.11246
-0.18985 -0.07213 -0.08987
-0.17683 0.10903 -0.11002
0.21121 0.01592 -0.12189
0.33212 -0.00806 -0.14389
-0.34257 0.15296 -0.12396
-0.07610 0.00739 -0.09849
-0.40478 -0.09740 0.14547
0.11117 -0.04613 -0.16578
-0.10333 -0.10225 -0.07694
-0.10582 -0.10225 -0.09061
-0.09404 -0.10225 -0.03270
-0.08277 -0.10225 -0.02978
-0.25789 0.05620 -0.06636
-0.22976 -0.03499 -0.08919
-0.29415 -0.08778 0.16284
-0.23610 -0.01551 0.11082
-0.25627 -0.01022 -0.04483
0.03757 -0.07914 -0.11768
-0.35787 0.16362 -0.12357
-0.22369 -0.07461 0.12456
-0.19079 0.12029 -0.05363
-0.15552 -0.07461 0.10412
-0.01502 0.11232 0.10800
0.36430 -0.03240 0.11177
-0.22889 -0.03365 0.04654
-0.23326 -0.10189 -0.13212
0.19251 -0.04539 0.04260
-0.16395 -0.10925 0.16885
0.04438 -0.06842 -0.05225
-0.20559 -0.04454 0.04314
-0.13406 -0.06814 0.16649
-0.28814 0.11563 0.01281
0.06301 -0.07235 0.04314
-0.41487 -0.12304 -0.05453
0.33859 0.00494 -0.05082
-0.04826 -0.02488 0.11381
-0.37922 0.15706 0.04985
0.08372 -0.10254 -0.05558
-0.18501 -0.04189 0.02105
0.19940 -0.03555 -0.11157
-0.14601 -0.10319 0.13166
-0.41598 -0.08275 0.00355
-0.23207 -0.06551 -0.08887
-0.03040 -0.05341 -0.16825
0.10977 -0.12061 0.16522
-0.35173 -0.08123 0.17409
0.10791 0.07342 -0.08166
-0.01545 -0.06697 -0.07388
-0.21353 0.01478 -0.15765
-0.34685 0.03785 -0.14114
0.19287 0.00409 0.05635
-0.18994 0.04780 -0.14517
-0.06557 0.12209 0.02771
0.20362 -0.04884 0.06843
0.29546 -0.07636 -0.14634
-0.28577 0.10000 0.10984
0.41519 -0.04111 0.00244
0.21692 0.01913 -0.00803
-0.24805 -0.00700 0.05289
-0.03242 0.03632 -0.14963
0.09437 -0.00513 0.07207
-0.01693 0.04511 0.14564
-0.29280 -0.11536 -0.08301
-0.05882 -0.01665 -0.16292
0.24108 -0.12465 -0.01915
0.09683 0.00888 0.15676
-0.13978 0.12240 0.04346
0.20870 -0.08283 0.14243
0.06935 -0.10485 -0.00586
-0.20976 -0.07423 -0.03138
0.09343 0.02996 -0.14808
-0.08432 0.12208 -0.04726
0.19449 0.01063 0.14804
-0.24689 -0.03865 -0.15224
0.09883 0.08673 -0.01166
-0.14672 -0.07213 -0.05432
-0.39159 -0.02945 0.12112
0.07276 0.09764 -0.02494
-0.25860 0.08680 0.12073
-0.23211 -0.04709 -0.12091
-0.06650 -0.01561 0.11022
0.06274 -0.00660 -0.16276
-0.21226 -0.07257 0.07056
-0.41697 -0.06137 -0.08664
-0.07692 0.11923 0.09507
-0.20080 0.11985 0.05459
-0.12877 -0.07213 -0.10826
-0.41494 -0.13140 0.09496
-0.38959 0.02985 -0.07563
-0.07083 0.09855 0.11996
0.08765 -0.01558 0.07203
-0.20001 -0.10319 -0.04371
-0.22146 -0.10319 0.10326
-0.20730 -0.10319 -0.07755
-0.19809 -0.10319 -0.10086
-0.15318 -0.10319 -0.09542
-0.21638 -0.10319 0.10782
-0.21316 -0.10319 0.06068
-0.22110 -0.10319 -0.06890
-0.15321 -0.10319 -0.06652
-0.17236 -0.10319 -0.02578
-0.12477 -0.10319 -0.11322
-0.21125 -0.10319 0.00651
-0.21077 -0.10319 0.03016
-0.20967 -0.10319 -0.02007
-0.19133 -0.10319 -0.02250
-0.18997 -0.10319 -0.01375
-0.20381 -0.10319 0.00087
-0.22210 -0.10319 -0.09135
-0.22811 -0.10319 -0.09722
-0.16320 -0.10319 -0.07108
-0.18599 -0.10319 -0.05856
-0.20171 -0.10319 0.03963
-0.22315 -0.10319 0.08023
-0.15796 -0.10319 -0.08865
-0.21661 -0.10319 -0.04357
0.38393 -0.04765 0.08915
0.11094 0.00825 0.06742
0.41665 -0.12761 -0.04057
0.41615 -0.12739 -0.03368
-0.15696 -0.09405 -0.08515
-0.12862 -0.09405 -0.10359
-0.17557 -0.10319 0.07467
-0.11528 -0.10319 -0.00170
-0.08744 -0.10319 0.00110
-0.14774 -0.10319 0.03836
-0.10193 -0.10319 -0.01373
-0.16428 -0.10319 0.05858
-0.10960 -0.10319 0.02692
-0.11104 -0.10319 0.01804
0.22237 -0.15316 -0.13774
-0.26281 0.04010 0.08871
-0.31323 0.11145 0.05057
-0.25253 0.03615 0.07929
-0.19267 0.09389 -0.12041
0.28554 0.01801 0.00934
0.29518 -0.13066 -0.13138
-0.34793 0.08357 0.06801
0.05832 -0.07867 -0.11727
-0.22747 -0.11342 -0.02083
-0.02031 -0.03623 -0.02565
0.04714 0.10083 0.09174
0.01455 -0.07437 -0.03396
-0.15127 -0.13770 0.17566
0.19606 -0.04598 -0.03607
0.23529 -0.09991 -0.10704
0.18779 -0.10206 0.08406
-0.16907 0.08592 -0.12609
-0.07225 -0.01602 -0.07642
-0.26593 -0.08695 0.14728
-0.15089 -0.08364 0.13809
-0.27201 0.11483 0.07995
-0.34636 0.08789 -0.03527
-0.14357 0.02694 -0.15519
0.42427 -0.07885 -0.01182
-0.01773 -0.06707 0.07052
0.17297 0.03951 0.04685
0.12247 0.00684 0.06374
0.27358 -0.04027 -0.16412
-0.16100 -0.09652 0.12381
-0.40484 -0.04834 -0.02475
-0.37632 0.01660 0.12702
-0.24002 -0.01148 0.09899
-0.14846 -0.05300 0.04611
-0.41794 -0.07935 -0.02713
-0.40753 -0.13107 0.13232
-0.20378 -0.04481 -0.03306
-0.38832 0.03399 -0.07282
0.05903 -0.01188 0.16486
-0.27291 -0.08506 -0.15531
-0.22422 -0.06723 -0.12091
-0.17264 -0.07461 0.11389
0.21617 -0.09361 -0.13312
0.11837 0.02255 0.15652
-0.26938 -0.00115 0.16311
-0.20754 -0.09768 -0.08679
0.21014 0.01790 0.02350
0.30743 0.00110 -0.14085
0.28631 0.00729 -0.08929
0.32179 -0.02134 -0.15022
-0.01504 -0.07437 -0.06848
-0.16832 0.12096 0.05893
-0.15287 -0.05971 0.03686
-0.25934 -0.13452 0.00052
-0.00982 -0.04424 0.01744
0.26163 -0.06161 0.01269
0.38856 -0.02682 0.09228
0.18464 -0.07669 -0.00778
0.15461 -0.06958 0.16395
0.12084 0.04634 0.13761
0.12230 -0.08639 -0.16268
0.13534 0.01424 -0.15757
-0.33514 -0.10516 0.13724
0.39561 -0.10017 -0.03806
-0.03403 -0.03587 -0.01147
-0.21717 -0.01020 0.16542
0.38592 -0.03519 -0.09326
0.05134 -0.13805 -0.16318
-0.17591 0.05383 0.14262
-0.06497 -0.13579 -0.16625
-0.21410 -0.03662 -0.11357
0.39591 -0.02624 0.10595
0.09734 -0.00752 0.16302
0.32083 0.00184 -0.11501
0.08128 0.09304 -0.04105
0.23113 -0.04315 -0.15403
0.06406 -0.07732 -0.07961
-0.03889 -0.03742 -0.02863
0.26631 -0.04959 0.13890
-0.15294 -0.07461 0.03504
0.01640 -0.06083 -0.16717
-0.06444 0.03319 -0.03855
0.42058 -0.05306 0.00324
0.27805 -0.09054 0.10090
-0.20488 -0.13727 0.17749
-0.16557 -0.05462 0.13179
-0.15146 -0.09654 0.12828
-0.34347 -0.12587 0.00347
0.23492 -0.04319 -0.02298
-0.24560 0.02522 0.09218
0.13018 0.04597 0.13246
0.24274 -0.12361 0.13752
-0.16767 -0.07926 0.13705
0.10271 -0.02376 0.16564
0.27419 -0.07836 0.10536
0.37519 -0.04617 0.09914
0.11520 0.02372 -0.16095
-0.39348 -0.12803 -0.14778
-0.00978 -0.12008 -0.00032
-0.02238 -0.07437 -0.10373
-0.34439 0.07192 -0.11843
0.23953 -0.05754 -0.08164
0.04709 -0.13178 0.16961
-0.21395 -0.12407 0.17645
-0.08388 0.12276 0.01894
-0.37092 -0.04299 -0.15832
0.41488 -0.05727 0.09796
0.40623 -0.03955 0.09427
0.06760 -0.08323 -0.03407
0.11534 0.03547 0.16439
-0.16259 0.01532 0.15898
0.28675 -0.08603 0.13985
0.29839 -0.08853 0.14671
-0.07375 0.11471 -0.10934
-0.20768 -0.10101 0.14456
-0.02224 -0.05016 0.04635
0.39416 -0.03798 -0.12625
-0.27959 0.03114 -0.15097
-0.39382 0.02596 -0.04798
-0.00263 -0.06636 -0.08971
0.05019 0.09855 -0.09988
0.29456 -0.09392 0.05350
0.25873 -0.11490 -0.13312
0.32415 -0.13309 0.15838
-0.17204 0.12220 -0.01305
0.27993 -0.05420 -0.01075
-0.16758 0.12096 -0.05852
-0.35550 -0.02646 0.15620
-0.30457 0.11372 -0.01183
-0.04313 0.03676 0.14972
0.19497 -0.08316 0.12184
-0.05508 -0.04480 0.04974
0.02295 -0.09630 -0.07633
-0.23381 -0.10496 0.01787
0.14803 0.03708 -0.12299
0.30453 -0.05538 0.02795
-0.41695 -0.10218 0.03415
0.16479 -0.01346 0.16162
0.39557 -0.10182 -0.06549
0.17607 -0.11916 0.16086
-0.16329 -0.07990 0.16429
-0.03428 -0.13550 -0.16601
-0.03338 -0.02227 0.16868
0.27260 0.01337 -0.02056
-0.04033 -0.09404 0.05548
-0.32129 -0.08362 -0.16215
0.40346 -0.12258 0.07967
-0.07226 0.04931 0.09832
-0.30948 -0.11756 0.07481
-0.04612 -0.06183 0.09990
0.41762 -0.05485 0.06159
-0.34631 0.07834 0.10171
0.27817 -0.03986 -0.16626
-0.20683 -0.06436 0.12770
0.10770 -0.10254 0.09636
-0.01507 -0.05630 -0.11046
0.07737 0.00350 -0.15940
-0.41794 -0.10922 -0.00732
0.19017 -0.02120 0.16273
0.04443 -0.05897 0.04815
-0.22130 -0.08970 0.12741
-0.25507 -0.03170 0.06901
-0.07160 0.00040 -0.03572
0.15791 0.02729 0.13304
-0.00662 -0.07437 -0.02449
0.22312 -0.04751 -0.02585
-0.26341 0.00892 -0.04460
-0.21642 -0.07297 0.06734
0.07845 -0.10254 0.07652
-0.28545 -0.11169 -0.15547
0.04672 -0.05888 -0.03957
-0.14253 -0.06164 -0.04719
-0.18364 -0.00383 0.16396
-0.35572 0.12629 -0.12154
-0.35505 0.14828 -0.12158
0.40572 -0.08690 0.12489
-0.21962 0.03147 0.15187
-0.30128 -0.12972 0.14728
0.19352 0.02251 -0.05452
0.26338 -0.07056 0.08347
0.03863 -0.09630 -0.03489
0.30443 -0.01225 0.15070
0.41530 -0.10438 0.08992
-0.23744 0.03479 0.15015
-0.40367 -0.01673 0.02318
-0.13671 0.11917 0.09446
-0.36773 -0.05055 -0.16343
0.06432 -0.06708 -0.10547
0.22459 -0.11630 0.10240
0.23573 -0.12439 0.02481
0.12868 0.01997 -0.04297
-0.22195 0.08962 0.12134
-0.27934 0.11554 -0.05486
0.27003 -0.03553 -0.14919
-0.12627 0.02393 0.15710
-0.15334 -0.05125 -0.02563
0.30785 -0.13540 -0.14790
0.36138 -0.09393 -0.14922
-0.15587 -0.00004 -0.16270
-0.25955 0.11813 -0.00557
-0.06155 0.03372 0.09803
-0.36575 -0.07128 0.17475
-0.17239 -0.07461 0.08447
0.19956 -0.08121 0.14443
-0.36750 0.05997 -0.07133
-0.35318 -0.11290 0.11796
-0.25411 0.06294 -0.06169
0.21501 -0.14820 -0.14331
0.10931 -0.00353 0.06839
-0.42074 -0.07478 -0.01546
0.39582 -0.08943 0.00674
-0.27422 0.09001 -0.11663
0.21277 -0.11170 0.13752
-0.05668 -0.01557 -0.10499
-0.21869 -0.13247 -0.12682
-0.23958 -0.01281 0.07140
0.09107 -0.02060 0.07239
-0.39497 -0.13914 -0.12867
-0.18996 0.05613 -0.14097
0.21114 -0.04591 -0.15215
-0.38186 0.00252 0.13791
0.33521 -0.00737 0.14316
-0.06195 0.03281 0.10757
0.25235 -0.05892 -0.13157
0.01470 -0.06509 0.07881
-0.08096 0.07448 -0.13288
-0.20296 -0.09405 -0.08770
-0.02961 -0.10149 0.16603
-0.26446 0.11522 0.08128
-0.19967 -0.12163 -0.16020
0.17883 -0.03236 -0.16303
0.00635 -0.07415 0.12474
-0.28013 -0.10089 0.15407
0.39528 -0.11668 -0.01290
-0.10926 -0.04995 -0.16761
-0.02019 0.05787 -0.13961
-0.39185 -0.00958 -0.12044
-0.13703 -0.05443 0.16749
0.37683 -0.02098 -0.13239
-0.38423 -0.13296 0.05097
-0.38669 -0.13276 0.03920
-0.40031 -0.13163 0.02313
-0.37783 -0.13350 0.00667
-0.23974 -0.06175 0.11615
-0.01976 0.00285 0.16316
-0.27487 -0.09803 -0.13659
0.17411 0.04084 0.02796
0.15635 0.04399 0.07721
-0.18779 0.06551 -0.13623
-0.32138 -0.06265 0.14777
-0.16474 -0.07462 -0.16352
-0.34790 0.08459 0.05564
-0.08674 0.07554 0.13581
-0.05919 -0.00904 -0.16622
-0.07113 0.01362 0.05791
-0.35983 0.06837 0.07881
-0.05453 -0.01096 0.04003
-0.03904 -0.09191 0.16662
0.04738 -0.05904 0.06519
-0.21797 -0.12786 0.00378
-0.05587 0.01924 0.05352
0.32102 -0.08418 0.09428
0.17113 -0.02225 0.16301
0.22055 -0.12138 0.10242
0.20990 -0.04211 -0.17015
-0.27031 -0.08140 0.14903
-0.24999 -0.10969 -0.15420
-0.03740 0.11601 -0.10570
0.29796 -0.14570 0.16594
-0.18535 0.11770 -0.09201
0.20241 -0.04651 0.12876
-0.11849 -0.06460 0.09372
0.20535 -0.03455 0.16878
-0.21954 -0.04845 -0.02990
0.20382 -0.07766 0.10355
-0.07435 0.01430 -0.07039
0.20580 0.00863 -0.14802
0.21684 0.01524 0.11970
0.24970 0.01151 0.09379
0.16664 0.01660 0.06210
0.01253 -0.05910 -0.11760
-0.03312 -0.04438 -0.09513
0.26639 -0.11555 -0.14354
-0.12682 -0.02199 -0.16686
0.36668 -0.09393 0.14837
0.27931 -0.05478 0.04711
-0.22671 -0.06799 -0.05140
-0.23339 -0.08797 -0.12970
-0.23478 -0.06383 -0.05295
-0.32597 0.10062 -0.01204
0.29793 -0.08475 -0.10849
0.39192 -0.08636 0.13911
-0.36997 0.05973 -0.03396
0.07020 -0.06043 0.16708
-0.20788 -0.08566 0.12990
-0.06801 -0.00680 0.04217
-0.02337 0.09375 -0.12125
0.36343 -0.04524 0.11220
-0.30213 -0.12424 0.14602
-0.30497 -0.11018 -0.07768
0.01405 -0.07437 -0.07248
-0.03676 -0.06800 0.16845
-0.02525 -0.08439 -0.11421
0.13311 0.06727 0.01826
0.04064 0.10453 0.07993
0.23167 -0.12306 0.11049
-0.10832 0.11592 0.10879
-0.27057 -0.08844 -0.07753
-0.40229 -0.01946 -0.05603
0.09454 0.08537 -0.05359
-0.19325 -0.06680 0.07624
-0.36874 0.06197 0.00281
-0.23439 -0.15620 0.13160
0.23557 -0.07834 0.08412
0.15177 0.04979 0.06358
0.29619 -0.13017 0.14231
0.23619 -0.09228 -0.13373
-0.13778 0.10569 0.11667
0.34643 -0.06033 -0.01048
0.29412 -0.15462 0.16439
0.19411 0.00120 0.07258
-0.31203 -0.15347 0.14047
0.30356 -0.11529 -0.14895
-0.15134 -0.06799 -0.16468
0.12898 0.04910 -0.12811
0.31983 0.01376 0.00300
-0.04905 -0.02192 -0.06513
-0.35208 -0.13211 0.10946
-0.39028 -0.13211 0.09430
-0.18498 -0.07602 0.04026
-0.00159 -0.06630 -0.05932
0.33687 -0.02280 -0.14849
-0.05701 0.00184 -0.05107
0.28083 -0.11793 0.15700
0.00791 0.11505 -0.04235
-0.04989 -0.13054 0.00614
0.37541 -0.02124 -0.11818
-0.19003 -0.05376 0.02474
0.41483 -0.05266 -0.06722
-0.14688 -0.06099 0.07892
-0.27933 0.11455 0.07668
-0.22393 -0.04148 0.01928
-0.24389 -0.02972 0.05158
0.40044 -0.08738 0.07558
0.06782 -0.05848 0.09731
-0.13227 -0.06800 0.09936
0.18778 -0.12574 -0.10667
0.12737 -0.12512 -0.10416
0.10342 -0.12652 -0.10310
0.39837 -0.09061 -0.13232
0.08130 0.08276 0.11135
-0.04458 -0.01918 -0.16734
0.23021 -0.04893 0.13370
0.24283 -0.05564 -0.00947
-0.17963 -0.13897 0.17691
-0.20500 -0.10960 -0.15725
-0.31550 -0.07671 0.14485
-0.05573 -0.12845 0.08332
0.28514 -0.05832 -0.02042
-0.19735 -0.10495 -0.13131
0.19093 -0.12315 0.12184
0.04135 -0.05821 0.03172
0.26691 -0.06699 0.15225
-0.12265 -0.13099 0.04548
-0.12801 -0.13099 0.05714
0.09027 0.08965 0.03566
0.29234 -0.05154 0.05186
-0.05303 -0.12718 -0.01500
0.01199 -0.09633 0.04513
-0.24423 -0.07760 0.08163
0.26421 -0.04622 -0.15054
0.07037 -0.01655 0.16538
-0.30798 -0.01104 -0.16152
-0.01145 -0.04900 0.02105
0.03059 -0.08114 -0.01725
0.36989 -0.03683 0.09202
0.11159 -0.13816 -0.16154
0.36252 -0.03078 -0.09942
-0.36748 0.15487 0.00392
-0.35716 0.15631 0.04447
-0.35868 0.15641 -0.06863
-0.36353 0.15532 0.05163
-0.35982 0.15602 0.00816
-0.31142 0.11077 -0.07468
-0.27855 -0.16942 -0.15360
-0.03548 -0.07437 0.05727
0.01599 -0.06494 -0.07703
-0.37793 -0.01190 0.13497
0.38250 -0.03602 -0.09911
0.09435 0.08280 0.07211
-0.21536 -0.05807 -0.14436
0.23005 -0.02072 0.16394
0.06662 0.10039 0.01643
0.16080 -0.12202 0.14891
-0.13098 -0.03915 0.02105
0.06980 -0.09630 -0.07043
0.28080 0.00700 0.11747
-0.07134 -0.11949 0.16813
-0.01512 -0.12663 -0.16416
-0.23974 -0.04976 0.10511
0.15348 0.04427 0.08411
0.28326 -0.10322 -0.08167
-0.20397 0.06658 0.13513
-0.18287 -0.06366 -0.08777
0.08826 0.09090 0.02640
-0.10765 0.08257 -0.12879
0.00531 -0.09630 0.07634
-0.18706 -0.06763 0.01059
0.18628 -0.11577 0.16711
-0.16836 -0.11995 -0.16595
-0.07228 -0.01576 0.10750
-0.09091 0.06523 -0.13778
-0.25260 -0.01239 0.05171
-0.02548 -0.09630 -0.03954
-0.12680 -0.07520 0.04041
0.27868 -0.06476 -0.09035
0.25706 -0.07865 -0.13312
-0.04527 -0.03053 0.08093
-0.39751 0.01730 0.03960
0.16140 -0.12786 0.10986
-0.15580 -0.12419 0.09694
-0.02211 0.08197 0.12756
-0.33522 0.10166 -0.01032
0.21207 -0.04246 0.16860
-0.31334 -0.12745 -0.14607
0.35033 -0.06651 0.07367
0.03268 0.10328 0.10752
