0.30989 -0.09321 0.15482
0.23864 -0.03033 0.14237
-0.15857 -0.07776 0.15081
0.11789 0.00976 0.16010
-0.01992 0.01040 0.16183
0.02255 0.01539 0.16104
0.01694 0.00393 0.16167
-0.02787 -0.00975 0.16291
0.36717 -0.09439 0.14166
-0.17796 0.16055 0.08410
0.19070 0.05199 -0.02357
-0.23574 -0.16069 0.11159
0.41541 -0.09699 0.09427
0.38858 -0.00906 -0.03245
-0.31149 -0.08124 0.14625
-0.20242 -0.01960 0.16846
-0.27282 -0.15009 0.11159
0.39816 -0.12132 -0.08794
-0.39239 -0.09423 0.12650
0.35174 -0.09361 0.13996
0.38729 -0.01012 0.06413
-0.28650 -0.14075 0.11159
-0.21854 0.16069 0.09287
0.08999 0.02070 0.15933
0.04059 0.02482 0.15942
0.10972 0.01997 0.15911
-0.17730 0.03503 -0.14366
-0.07146 0.02561 -0.14363
0.29067 -0.14315 -0.15220
-0.36738 -0.02005 0.13317
-0.18013 0.05036 -0.14976
0.15310 -0.01168 0.16094
0.12568 -0.02435 0.16118
0.14138 -0.02282 0.16107
-0.06914 0.08560 -0.06981
-0.28515 -0.06997 -0.15767
0.39280 -0.03448 -0.06830
0.23568 -0.14693 -0.16931
0.31064 -0.12353 0.16970
0.24554 -0.09547 -0.15393
-0.04775 0.14888 0.11952
-0.05740 0.03290 -0.11735
-0.26390 -0.14282 0.11159
-0.41193 -0.08049 -0.03464
-0.18678 0.08003 -0.14358
-0.41453 -0.04889 0.03820
-0.41440 -0.08734 -0.11676
0.24331 -0.10864 -0.14764
-0.34603 0.07897 -0.03171
0.37499 -0.05528 -0.13935
-0.40183 0.07431 0.05528
-0.39678 0.09401 0.05696
-0.39377 0.11106 0.03662
-0.39546 0.10078 0.05092
-0.39352 0.10842 0.05120
0.10188 0.05039 0.16321
-0.22056 -0.16053 0.13205
-0.29275 -0.11259 0.16257
0.31600 -0.10568 -0.10069
0.32430 -0.02289 -0.16011
-0.34381 -0.09871 -0.06955
-0.34925 -0.09877 -0.04525
-0.33090 -0.09856 -0.03611
-0.33190 -0.09857 -0.01740
-0.36978 -0.09901 -0.02879
-0.34899 -0.09877 -0.02045
-0.35501 -0.09884 -0.07416
-0.31637 -0.09840 -0.02371
-0.33327 -0.09859 -0.06705
-0.40880 0.03764 -0.03447
0.11155 -0.11139 0.17304
-0.37140 0.05952 -0.14132
-0.20567 0.09272 0.13057
-0.22689 0.06036 0.14197
-0.20504 0.10649 0.12605
-0.22324 -0.08619 0.16160
0.32854 -0.09981 0.10496
0.34210 -0.09288 0.10492
0.32059 -0.10457 0.10499
0.31715 -0.09449 0.10494
0.30817 -0.06866 0.10481
0.24192 -0.06230 0.10481
0.33348 -0.10412 0.10498
0.34047 -0.10909 0.10501
-0.21653 -0.02553 -0.16387
0.41125 -0.08569 -0.04722
-0.26944 0.02823 -0.15171
-0.21894 -0.14173 -0.15598
-0.28248 -0.07620 -0.10689
-0.30087 -0.08400 -0.10706
-0.23677 -0.09742 -0.10720
-0.28763 -0.12913 0.16684
0.21698 -0.06881 -0.12723
-0.31008 -0.01819 0.15299
-0.40425 -0.09339 0.10574
-0.40373 -0.08294 0.10974
-0.21042 0.07897 -0.09176
-0.20552 0.07897 -0.01209
-0.20587 0.07897 -0.07146
-0.20627 0.07897 -0.05142
-0.39213 -0.02977 0.13534
0.19104 0.03367 0.15182
-0.26684 0.05622 -0.14887
-0.32998 0.05734 -0.14491
-0.28515 -0.11479 -0.12699
0.09731 0.06038 -0.17889
-0.24269 -0.07658 -0.16266
-0.33147 0.15879 0.10507
-0.33901 0.14833 0.11594
0.32397 0.03337 -0.08642
0.31411 0.03438 -0.08791
0.42094 -0.09107 0.08739
0.28009 -0.14567 0.16295
-0.25535 -0.07741 0.14671
0.30938 -0.11670 0.15997
-0.26342 -0.03847 0.11159
0.26873 -0.10085 -0.16280
-0.13201 0.13603 -0.11781
-0.14638 0.14081 -0.11361
-0.33505 -0.09589 0.13110
-0.10848 0.02670 -0.11320
-0.13647 0.02793 -0.12259
-0.09822 0.02625 -0.11229
-0.13600 0.02791 -0.10935
-0.16946 0.02938 -0.04159
-0.13498 0.02786 -0.07353
-0.18027 0.02985 -0.10580
-0.18458 0.03004 -0.10921
-0.08118 0.02550 -0.13826
-0.14900 0.02848 -0.11508
-0.10820 0.02669 -0.12853
-0.11211 0.02686 -0.13784
-0.14564 0.02833 -0.07156
-0.10240 0.02643 -0.10071
-0.11879 0.02715 -0.12896
-0.12210 0.02730 -0.09304
-0.11053 0.02679 -0.09675
0.37550 0.01355 -0.10900
0.15716 -0.08170 -0.15434
-0.22434 -0.01740 0.14494
0.22127 -0.04565 -0.14868
0.40724 -0.05490 -0.01095
-0.22190 0.00039 0.16223
0.42062 -0.08892 0.07988
-0.06325 0.05187 -0.05333
-0.05701 0.02508 -0.10486
-0.06266 0.04933 -0.06014
0.29787 -0.02308 0.13994
0.23157 -0.11925 0.01946
0.32184 -0.12657 0.02596
0.37665 -0.13095 0.01473
0.27162 -0.12242 0.00423
0.36995 -0.13035 0.00119
0.32218 -0.12657 0.01803
0.30434 -0.12518 0.03108
0.35425 -0.12918 0.02331
0.36565 -0.13021 0.04653
0.35001 -0.12882 0.01871
0.21213 -0.11764 0.01145
0.31352 -0.12592 0.03063
-0.27010 -0.15440 -0.12349
-0.28356 -0.14498 -0.15519
0.36458 -0.12925 0.10250
-0.26489 -0.09684 -0.14506
-0.05108 -0.02143 0.16222
-0.09280 -0.02290 0.16149
-0.40488 -0.09499 -0.12033
-0.18928 -0.11367 -0.14228
-0.36217 0.07152 0.13895
0.25839 -0.05676 -0.15249
0.11782 -0.10462 0.16390
0.01120 -0.10292 0.14978
0.02006 -0.10306 0.14969
-0.25551 -0.11322 -0.14506
-0.33351 -0.10458 0.13676
-0.06980 -0.10083 -0.14702
-0.39719 0.01192 -0.11489
0.02393 -0.11103 0.12441
-0.09778 -0.10954 0.12390
0.03494 -0.11116 0.12537
-0.05872 -0.11002 0.12211
-0.21092 0.07897 0.07301
-0.21660 0.07897 -0.00991
-0.20895 0.07897 0.10256
-0.21159 0.07897 -0.00254
0.39841 -0.10420 0.10262
-0.33637 0.00282 0.15107
0.02993 0.14804 0.08134
-0.36831 0.08218 0.13519
0.29373 -0.15448 -0.10666
-0.42899 -0.06485 0.05685
0.27275 -0.05336 -0.16152
-0.23880 -0.16258 0.12329
0.29908 -0.07491 0.15618
-0.35725 0.04599 0.13129
-0.15793 -0.10525 0.10736
-0.22149 -0.09886 0.10722
-0.29893 -0.04764 -0.15851
0.24582 -0.11634 -0.15586
-0.33027 0.02277 -0.15036
-0.35491 0.02402 -0.14851
-0.21765 0.04672 0.15350
0.39089 -0.03689 -0.07908
0.38041 -0.08421 -0.08899
-0.31670 0.03586 -0.13731
-0.22492 0.03126 -0.13855
-0.31349 0.05012 -0.13851
-0.34423 0.04410 -0.13749
-0.10855 -0.10100 0.15920
-0.07033 -0.10162 0.15263
-0.02296 -0.02007 -0.16254
0.06830 -0.01764 -0.16163
0.04305 -0.01456 -0.16202
-0.20209 0.04476 -0.15431
0.31274 -0.11736 0.10503
0.21295 -0.08929 0.10483
0.25547 -0.09054 0.10491
0.27228 -0.09856 0.10495
0.20762 -0.08249 0.10482
0.33197 -0.12825 0.15322
0.05596 -0.10204 0.14712
-0.41610 0.04006 0.10381
-0.38117 0.11384 0.11786
-0.05078 0.15369 -0.04765
-0.05094 0.15593 -0.00148
0.32757 -0.07281 0.18240
0.10682 0.07545 -0.14213
0.33597 -0.11352 0.16280
-0.03756 -0.08898 -0.15766
0.27026 -0.02488 0.10984
-0.05088 0.04322 0.11589
0.27837 -0.08451 -0.16237
0.34049 0.01220 -0.10248
0.25031 0.01632 -0.07887
0.33879 0.01241 -0.09430
0.34389 -0.04542 0.15834
0.31542 -0.08177 0.15266
0.23327 -0.09628 -0.16374
-0.21063 -0.02375 -0.10703
-0.18303 -0.04073 -0.13769
-0.27095 -0.07044 -0.14829
0.23650 0.04273 -0.07178
0.26738 0.04109 -0.05932
0.25648 0.04140 -0.06828
0.24970 -0.06381 -0.15282
-0.40521 0.05128 0.07529
-0.03771 0.04712 -0.15137
0.27825 -0.05299 0.14835
-0.06198 0.15187 -0.11667
0.22313 -0.11364 0.13964
-0.26231 -0.13864 0.15430
-0.38103 0.12522 -0.10155
-0.38278 0.08000 -0.10639
-0.41350 0.03094 0.05052
-0.39894 -0.09934 0.01482
-0.34890 -0.09877 0.00968
0.41804 -0.03545 -0.08302
-0.28852 -0.01635 -0.16045
0.38835 -0.06723 -0.06034
0.38598 -0.07831 -0.06178
0.39041 -0.05643 -0.06046
-0.35368 0.15058 -0.00679
-0.35478 0.10334 0.06459
-0.38039 -0.05744 0.12956
-0.25278 -0.04195 -0.15638
-0.39483 0.07137 0.12178
-0.38235 0.07614 0.13123
-0.39774 0.07264 -0.11753
-0.08105 -0.08062 0.15913
-0.27115 -0.05179 -0.15260
-0.21744 0.09992 0.01128
0.41774 -0.04903 0.05343
-0.35840 0.08868 0.07332
-0.26137 -0.02674 -0.15852
0.36903 -0.04728 -0.14104
-0.27700 -0.07909 -0.14168
0.32295 -0.05161 0.12396
-0.15337 0.14408 -0.12324
0.33610 -0.11762 0.12748
-0.02374 0.02316 0.13752
-0.02597 0.02326 0.14385
-0.03427 0.02362 0.13186
-0.34115 -0.03294 0.14939
-0.36894 0.02188 -0.06212
-0.36931 0.01373 -0.07927
-0.18754 -0.10946 -0.13407
-0.34357 -0.10250 -0.11707
-0.34340 -0.11020 -0.12998
-0.35554 0.15972 0.07556
-0.19017 -0.13270 0.11159
-0.19923 -0.04353 -0.11316
0.34848 -0.13834 -0.09791
0.31389 -0.11182 0.15447
-0.23173 -0.03460 -0.11316
0.38342 -0.03902 -0.13278
-0.27310 -0.11650 -0.13970
0.25155 -0.00550 0.16119
-0.06942 0.10320 -0.06210
-0.37439 0.00650 0.11755
0.31268 -0.09657 0.16400
-0.16106 0.16074 -0.06208
-0.16936 0.16061 -0.07349
-0.17239 0.16185 -0.02020
0.23661 -0.12208 0.10779
-0.10273 -0.01263 0.16150
-0.15577 -0.01201 0.16043
0.40000 -0.10598 0.08946
0.28731 -0.10943 0.14743
-0.04478 0.14502 0.10514
-0.00813 0.14062 0.05758
-0.00191 0.13988 0.06234
-0.04523 0.14508 0.05316
0.01586 0.13775 0.08729
0.01758 0.13754 0.07544
0.04236 0.13457 0.10396
0.05210 0.13340 0.10797
-0.02112 0.14218 0.10700
0.00200 0.13941 0.09278
-0.00566 0.14033 0.05104
-0.19481 0.16072 -0.08882
0.21017 -0.05327 0.15043
-0.35396 0.05624 -0.13260
-0.30632 -0.10411 0.16142
0.25407 -0.16091 0.15637
-0.23257 -0.07019 0.14671
-0.20376 -0.05400 0.10661
-0.20951 -0.05575 0.10662
-0.27109 -0.03282 0.10656
-0.24653 -0.05366 0.10666
-0.25572 -0.05314 0.10667
-0.34746 -0.10003 0.13602
0.03080 -0.07992 0.15769
0.22622 -0.07381 0.12377
-0.40784 0.03862 -0.06491
-0.05686 0.10120 0.08936
-0.23125 0.00436 -0.15867
-0.21144 -0.13811 -0.15885
0.31512 -0.03955 0.12186
0.35270 -0.10002 -0.13800
-0.03352 0.03878 0.14083
-0.05428 0.10465 0.12665
-0.25037 -0.03337 0.16142
0.07087 0.14002 0.03108
0.07955 0.13516 0.01898
-0.08585 -0.09164 0.15512
-0.06250 0.07897 -0.10888
-0.20717 -0.10205 0.14671
0.10586 -0.04696 0.15912
0.08565 -0.04988 0.15889
0.08953 -0.04037 0.16000
0.09842 -0.05609 0.15807
-0.10884 -0.04942 -0.15905
-0.13400 -0.05528 -0.15815
0.33601 0.01284 0.06350
0.37240 0.01125 0.07065
0.32840 0.01314 0.06563
0.22548 -0.11083 -0.15392
0.13794 0.03445 -0.13650
0.13428 0.02928 -0.07464
0.13017 0.02821 -0.14259
0.14564 0.03795 -0.05268
0.18735 0.02636 0.12575
0.22435 -0.04213 0.10492
0.21422 -0.04919 0.11168
0.21799 -0.04577 0.11463
0.20808 -0.05380 0.11359
0.22492 -0.08711 0.11659
0.42438 -0.10122 -0.02590
0.21640 -0.06634 -0.17936
-0.22471 -0.02606 0.10651
-0.25766 -0.03200 0.10654
-0.25388 -0.07527 -0.14506
0.22370 -0.11058 -0.17897
-0.40862 0.00599 -0.00922
0.21066 0.01805 0.07320
0.36328 0.01140 0.09401
0.28796 0.01454 0.09215
0.28165 0.01472 0.09705
0.20773 0.01752 0.11272
0.24604 0.01616 0.09940
0.22555 0.01734 0.07921
0.33032 0.01287 0.08733
0.15776 0.04147 0.14963
-0.05969 0.03658 0.06248
-0.06165 0.04500 0.09616
-0.06200 0.04650 0.11275
-0.06644 0.06559 0.10794
0.25426 -0.10442 -0.15026
-0.18932 -0.04139 -0.12199
-0.39655 0.10368 0.00759
-0.40270 0.07956 0.00324
-0.27904 -0.11492 -0.15280
0.38892 -0.08462 0.12860
-0.27496 -0.10156 -0.14829
-0.28156 0.05998 -0.14702
-0.22004 -0.08267 -0.14506
0.16792 0.04221 0.05609
0.17562 0.04297 0.07072
0.18979 0.04402 0.07527
0.24219 -0.07564 -0.14776
0.27450 -0.08394 -0.14818
-0.05286 0.08668 -0.09167
-0.40656 -0.04963 -0.12667
0.37514 -0.06144 0.11480
0.38427 -0.02933 -0.09600
-0.42496 -0.05055 -0.05699
-0.31627 -0.07130 0.15709
0.40363 -0.10927 -0.08290
0.20993 -0.04663 -0.15753
-0.37719 0.00309 -0.13587
0.35844 -0.13032 0.09162
0.28228 -0.12383 0.05820
0.29290 -0.12499 0.06712
0.39236 0.01301 -0.01453
-0.20688 0.08647 0.01676
0.12200 -0.03016 -0.16105
0.01131 -0.03322 -0.16145
0.07418 -0.03958 -0.16021
0.04861 -0.03895 -0.16047
0.05814 -0.03587 -0.16079
-0.23912 -0.06209 -0.10679
-0.26840 -0.07810 -0.10691
-0.27749 -0.04890 -0.10669
-0.28416 -0.06878 -0.10683
-0.27182 -0.03018 -0.10655
-0.21686 -0.07796 -0.10691
-0.17868 -0.10674 0.16532
0.33630 0.02706 -0.12246
-0.33023 -0.10837 -0.13068
0.32000 -0.03561 -0.13491
0.33788 -0.05504 -0.13384
0.34093 -0.06149 -0.11495
-0.24918 -0.12279 -0.14829
0.25584 -0.02412 0.14148
0.22761 -0.03706 -0.11978
0.21305 -0.04514 -0.14072
0.24649 -0.02370 -0.10991
0.35866 -0.02925 0.13259
-0.23362 -0.05853 0.14671
-0.20728 -0.07741 0.14478
-0.40397 -0.00142 0.11413
-0.04058 0.13463 0.11961
-0.14276 0.16000 -0.08101
0.41129 -0.04937 0.06176
-0.20678 0.12232 -0.12132
-0.18450 0.11795 -0.12419
-0.35292 -0.05973 -0.13999
-0.27881 -0.00158 -0.15557
0.16044 -0.10335 0.14372
0.31370 -0.08720 -0.13767
-0.22299 0.15646 -0.10463
-0.18124 -0.11408 0.16684
0.20459 -0.08272 0.12812
-0.26475 -0.03261 0.11159
-0.00177 0.02225 0.02889
0.09290 0.01824 0.06614
0.09507 0.01815 0.04278
0.03985 0.02049 0.01893
0.10006 0.01794 0.06822
0.09788 0.01803 0.08008
0.09591 0.01811 0.01227
0.11684 0.01723 0.10198
0.07142 0.01915 0.06903
0.06824 0.01929 0.05482
0.07368 0.01906 0.07725
0.02975 0.02092 0.04619
0.05722 0.01975 0.06375
0.08883 0.01841 0.05383
0.04271 0.02037 0.06783
0.02791 0.02099 0.03583
0.01172 0.02168 0.02151
-0.25899 -0.03981 -0.16841
-0.34814 0.07306 -0.13933
-0.34234 0.10381 -0.13041
-0.27517 0.08231 -0.14077
-0.30975 0.09132 -0.13606
-0.26858 0.07245 -0.14411
-0.34400 0.08543 -0.13585
-0.32083 0.07109 -0.14150
-0.35330 0.08236 -0.13623
-0.24006 -0.01978 0.13164
-0.24694 -0.02010 0.13602
-0.24212 -0.01885 0.14112
0.41017 -0.07517 -0.09104
-0.17132 -0.10296 -0.11316
0.07784 -0.10135 -0.14761
0.14263 -0.10062 -0.14819
0.23839 -0.03192 -0.12149
0.20162 -0.09410 -0.14510
-0.41972 -0.05900 0.12510
0.30602 -0.13081 0.15588
-0.36716 0.04034 -0.13990
-0.36504 -0.09804 0.12548
0.40987 -0.05684 -0.09562
0.29038 -0.02363 -0.12766
0.27282 -0.01766 -0.16183
0.28373 -0.02176 -0.13740
-0.41147 -0.04909 0.08990
-0.35630 0.05761 -0.04109
-0.35376 0.03099 -0.02787
-0.35585 0.05290 -0.02256
-0.35776 0.07283 -0.02710
-0.30658 -0.10219 -0.15277
0.32996 -0.00891 0.14963
-0.24086 -0.07724 -0.14609
-0.35535 0.04764 0.02482
-0.35667 0.06150 0.04592
-0.35788 0.07416 0.06883
0.28728 -0.12419 -0.14275
-0.29996 -0.03147 0.16250
0.07750 0.10629 0.13404
0.31460 -0.03109 0.13735
0.33818 -0.06346 -0.13815
-0.07968 -0.09325 0.15325
-0.20535 -0.06537 -0.16037
-0.05923 0.11432 0.13209
-0.19337 -0.12899 -0.11316
-0.04018 0.15212 -0.07057
-0.26599 -0.08920 0.14671
-0.26686 0.16082 0.06439
-0.29930 0.16088 0.04397
-0.31244 0.16096 0.03289
-0.31123 0.16072 0.04610
-0.31323 0.16049 0.05733
-0.22287 -0.07089 -0.14764
0.33291 -0.10694 0.12662
0.05835 0.02362 -0.15933
0.01922 0.02204 -0.16039
-0.36231 0.16030 0.04445
-0.36030 0.14902 -0.05224
-0.36575 0.14726 -0.03369
0.19715 0.03713 0.10803
0.12190 0.02302 -0.14311
0.38657 0.01772 0.04549
-0.34710 0.08753 -0.05910
0.28986 0.02160 -0.15099
0.27309 -0.10006 0.16003
0.35203 0.00124 -0.13697
0.27903 -0.16057 0.16939
-0.24633 -0.11434 -0.16819
0.25427 0.01537 0.13250
0.27154 0.01468 0.13091
0.32731 0.01246 0.12111
0.25833 -0.12146 -0.02899
0.27904 -0.12317 -0.03529
0.28918 -0.12416 -0.05189
0.27097 -0.12267 -0.04726
0.29772 -0.12493 -0.06064
0.24402 -0.12040 -0.03518
-0.17384 -0.11802 0.11159
0.20280 -0.05889 0.12466
-0.22024 -0.02427 -0.11742
-0.01796 -0.07921 -0.15827
-0.18073 0.13208 -0.12260
-0.18679 -0.04382 0.16404
-0.29567 -0.13117 -0.15775
0.31299 -0.12641 -0.13397
-0.34492 -0.06031 -0.14695
0.22368 0.00833 0.15696
0.18536 0.03238 0.13024
-0.34219 0.04988 0.01544
0.24169 -0.13241 -0.15643
-0.18799 0.13509 -0.11892
0.38921 -0.00355 0.00478
0.08701 0.11806 -0.10675
0.15572 0.06529 -0.10880
0.09690 0.10846 -0.11706
0.11695 0.09337 -0.11616
0.07813 0.12449 -0.10841
0.16131 0.06021 -0.11288
0.16756 0.05491 -0.11558
-0.27746 -0.05792 0.15496
0.34170 -0.09139 -0.12539
0.11581 -0.10656 0.17301
0.34671 -0.08646 0.13032
0.03319 0.13775 0.03063
0.06114 0.13517 0.03651
0.00928 0.13992 0.02763
0.07029 0.13445 0.03249
0.04692 0.13660 0.02790
0.05708 0.13519 0.05411
0.05518 0.13569 0.03686
-0.25410 -0.15693 -0.16841
0.39004 -0.01880 -0.05193
0.25970 -0.12376 0.14137
-0.34492 -0.07270 -0.14484
-0.18794 0.02250 0.16225
-0.41212 0.04531 0.03756
-0.36241 0.15588 -0.07306
0.36348 -0.10497 -0.13443
0.18705 0.05023 -0.06158
-0.24866 -0.05277 -0.16088
0.37972 -0.07876 -0.13647
0.29051 -0.00108 0.15562
0.30033 0.03814 0.04681
0.30473 0.03608 0.07370
0.29044 0.03746 0.07722
0.28075 0.04000 0.05231
-0.38077 -0.04826 0.12963
-0.34510 0.02971 0.14622
-0.26493 -0.02253 -0.13767
-0.39439 -0.02119 0.12696
-0.21371 -0.09492 -0.14518
-0.09311 0.15997 -0.05101
0.31984 -0.02065 0.16155
0.32254 -0.03599 -0.16057
-0.15792 0.14024 0.11406
-0.09583 0.13524 0.11864
-0.14651 0.14027 0.11408
0.04274 0.14902 0.03737
0.34346 -0.12950 -0.09295
-0.25123 0.16212 0.00822
-0.24428 0.16159 0.03792
-0.23561 0.16135 0.05469
-0.25265 0.16126 0.04949
-0.24327 0.16135 0.05038
-0.40404 0.07417 -0.00359
-0.39673 0.10322 -0.00311
-0.39071 0.12719 -0.00234
-0.37012 -0.08345 -0.13952
-0.33695 0.15973 -0.08131
0.19323 -0.08159 0.16118
0.35750 0.01212 -0.13738
0.36883 0.02778 0.04261
-0.06885 0.15576 0.10313
0.39083 -0.02736 -0.00462
0.35982 -0.09122 0.14544
-0.40919 0.03094 0.10687
-0.21795 -0.00713 -0.16813
0.11083 0.04521 0.18381
-0.28973 -0.08552 -0.15167
-0.20475 -0.03114 -0.16841
-0.11741 -0.01544 -0.16122
-0.40553 -0.03936 -0.11339
0.28711 -0.02699 -0.16564
0.31134 -0.04074 -0.10194
-0.00465 0.14788 -0.11730
0.32110 -0.14373 0.14456
0.27620 0.02780 -0.15032
0.20713 -0.11016 0.12277
-0.17651 -0.04434 -0.14444
-0.36168 -0.04835 0.14651
0.27030 -0.03990 0.13537
0.30885 -0.00377 -0.15272
-0.03625 0.12870 -0.12563
-0.04959 -0.09309 -0.15436
-0.21118 0.05090 0.01616
-0.21252 0.05696 0.03808
-0.20960 0.04374 0.04800
-0.21668 0.07571 0.09879
-0.20625 0.02864 0.03103
-0.20804 0.03671 -0.06138
-0.21141 0.05194 0.08637
-0.20842 0.03844 0.10380
-0.20890 0.04061 0.00565
-0.21429 -0.01908 0.15923
-0.37693 -0.09352 0.13208
0.37583 -0.03029 0.11702
-0.22534 -0.08631 0.14671
0.33181 0.02716 -0.13038
0.33309 -0.12407 -0.12361
-0.09970 0.16085 -0.01899
0.05289 0.02953 -0.15827
0.08984 0.03306 -0.15722
0.29841 -0.10833 -0.14177
0.30117 -0.11761 -0.13903
-0.37124 0.03388 0.11402
-0.28971 0.15419 0.10047
-0.31475 -0.04199 0.15528
-0.09540 0.04059 0.15100
-0.10753 0.03758 0.14920
-0.25753 -0.14111 -0.13148
0.36129 0.00154 0.11983
0.37318 -0.04677 0.12547
0.21416 0.03129 -0.02052
0.10544 0.04194 0.17133
-0.36088 0.05363 -0.13071
0.23991 -0.04310 0.10171
-0.41102 0.01724 0.00762
0.06681 0.13102 0.11855
-0.28630 -0.10013 -0.04299
-0.30383 -0.09898 -0.05807
-0.23623 -0.10343 -0.04303
-0.28188 -0.10042 -0.05480
-0.26211 -0.10173 -0.04788
-0.25341 -0.10230 -0.01261
-0.31201 -0.09844 -0.00590
-0.27950 -0.10058 -0.01418
-0.18430 -0.10686 -0.01424
-0.25449 -0.10223 -0.04636
-0.29195 -0.09976 -0.07506
-0.22393 -0.10425 -0.03459
-0.31289 -0.09838 -0.06256
-0.26581 -0.10149 -0.02230
-0.36739 0.00280 -0.12767
0.00717 0.02207 -0.10554
-0.00824 0.02253 -0.02742
0.02642 0.02121 -0.10693
-0.00596 0.02261 -0.08565
0.04744 0.02022 -0.09509
0.02810 0.02123 -0.13821
0.05210 0.02008 -0.11911
0.04065 0.02059 -0.11515
-0.01643 0.02310 -0.09279
0.04667 0.02036 -0.13044
0.02017 0.02135 -0.06100
0.02467 0.02122 -0.08421
0.06047 0.01965 -0.10217
0.06205 0.01967 -0.13016
-0.01078 0.02298 -0.13430
-0.20554 -0.02263 -0.14864
-0.33976 0.05436 0.01979
-0.33526 0.03195 0.02721
-0.33613 0.03626 0.05245
-0.34015 0.05631 0.04454
0.25694 -0.07996 -0.15413
-0.08195 0.15729 -0.11136
-0.31063 -0.07152 -0.13453
-0.26252 -0.00502 0.16243
0.25223 -0.02041 0.15135
-0.16873 -0.09745 -0.16841
-0.01476 -0.10583 0.17305
-0.11109 -0.10423 0.17305
0.12042 0.08693 0.12735
0.14464 0.06567 0.13466
0.41896 -0.04750 -0.08216
0.32850 -0.05646 -0.11424
-0.02974 0.03351 -0.14197
-0.04243 0.04255 -0.13997
-0.05155 0.09499 -0.12871
0.41501 -0.10146 -0.01419
0.38485 0.00088 -0.09376
-0.39439 0.03048 -0.12149
0.41385 -0.04833 -0.02868
-0.34647 0.08343 0.04506
-0.22072 -0.04234 -0.11693
-0.39598 0.09337 -0.07589
-0.39617 0.09108 -0.08153
-0.38905 0.11482 -0.10079
-0.39233 0.10576 -0.08482
-0.40125 0.07761 -0.05465
-0.22609 0.08210 0.13530
0.28669 -0.08236 0.16535
0.08846 0.01248 -0.16034
0.00676 0.00873 -0.16157
0.06912 0.00693 -0.16086
0.07803 0.01159 -0.16052
0.02581 0.00780 -0.16137
0.17937 -0.01872 0.15993
-0.01361 0.15017 0.08280
0.23804 0.01720 0.01515
0.23441 0.01738 0.00910
0.28149 0.01516 0.05912
0.35343 0.01221 0.04637
0.25254 0.01649 0.03595
0.26692 0.01579 0.05687
0.25099 0.01643 0.06200
0.23446 0.01719 0.04831
0.28869 0.01506 0.01942
0.24821 0.01681 0.00856
0.22989 0.01732 0.06020
-0.21117 -0.13778 -0.14129
0.04269 0.13453 -0.11225
-0.01759 0.14176 -0.08365
-0.01535 0.14149 -0.08975
-0.02058 0.14212 -0.04765
-0.04853 0.14547 -0.04630
0.02713 0.13639 -0.09953
0.01620 0.13771 -0.09946
-0.02918 0.14315 -0.09449
-0.00772 0.14058 -0.08588
0.38118 -0.04429 -0.13978
0.13917 0.01484 0.15948
-0.31987 -0.11149 0.13373
-0.30911 -0.03784 -0.15848
0.25260 0.00128 -0.15664
-0.00239 -0.01270 0.16258
0.13082 -0.01188 0.16115
-0.02066 -0.02452 0.16236
0.25600 -0.03629 -0.11677
0.17187 0.03704 -0.14736
-0.19585 0.16081 0.08670
0.14276 -0.00186 -0.16055
0.01229 -0.00583 -0.16222
0.08110 0.00066 -0.16106
0.07927 -0.00789 -0.16162
0.33767 -0.12884 -0.08755
0.30326 -0.12563 -0.06766
0.27616 -0.12346 -0.05804
0.27695 -0.12386 0.06295
-0.39940 0.04861 0.11387
-0.14689 0.15012 0.11876
-0.20516 0.15239 0.11617
0.12745 0.04599 -0.15748
0.13967 -0.08432 0.15814
0.24543 -0.10078 0.13699
-0.24968 0.00607 0.15703
0.33043 0.03433 -0.05576
0.27563 0.03989 -0.06661
0.28066 0.04003 -0.05452
-0.02462 0.02346 -0.11243
-0.04611 0.02406 -0.11763
-0.03968 0.02388 -0.12491
-0.02865 0.02355 -0.09052
-0.04792 0.02413 -0.14177
0.24371 0.04276 0.06043
0.23001 0.04312 0.07262
0.26761 -0.06872 0.14616
-0.32650 0.03596 0.14871
-0.30978 0.04100 0.14911
0.26566 -0.02023 0.13395
0.24684 0.03833 -0.10139
-0.19411 0.06586 -0.14863
-0.38762 0.03094 0.02352
-0.36973 0.03094 0.09913
-0.38891 0.03094 0.04914
-0.38874 0.03094 0.07009
0.42371 -0.04821 -0.02972
-0.24842 -0.13106 0.14478
0.17299 -0.00037 -0.15682
-0.14042 0.15960 -0.09109
-0.20898 0.13297 -0.12661
-0.05302 0.09215 0.08523
-0.36277 0.15871 0.09915
0.21980 -0.12519 -0.18121
-0.14515 0.15971 0.09072
0.26768 -0.01759 0.16422
0.38282 -0.05246 0.09827
0.37354 -0.11716 0.09300
-0.27735 -0.02810 -0.12972
0.39444 -0.10341 0.11656
0.22722 0.03912 0.10425
-0.39754 -0.02221 -0.12467
-0.00584 -0.05896 0.15837
0.13945 -0.05799 0.15760
0.10446 -0.05980 0.15759
0.36017 0.00599 0.13610
-0.09735 0.00090 0.16108
-0.05611 0.01609 0.16120
-0.09745 -0.00717 0.16145
-0.09246 -0.00492 0.16145
-0.05399 -0.00241 0.16211
0.37928 -0.10958 0.06643
0.37755 -0.12052 0.06394
-0.23505 -0.07825 -0.15974
-0.32636 -0.09849 -0.13701
-0.32147 0.14619 0.11812
-0.32732 0.14167 0.11946
-0.28710 0.13545 0.12283
-0.27402 0.10021 0.13517
-0.26350 0.14343 0.12088
-0.22687 0.12904 0.12691
-0.22210 0.13204 0.12604
-0.26432 0.13724 0.12295
-0.24455 0.11271 0.13187
-0.21608 -0.01970 -0.10902
0.27310 -0.08673 -0.16378
0.11043 0.07164 0.13659
0.09538 0.10665 0.12455
0.09919 0.08357 0.13319
-0.21722 0.07977 -0.08577
0.37846 0.02550 -0.01187
0.27189 -0.03113 -0.11251
-0.07614 -0.09670 0.15007
-0.31966 0.15951 0.09403
0.21545 -0.10810 0.14637
0.37701 0.01760 0.09626
0.35645 -0.11047 0.12489
-0.19916 0.16240 0.01431
-0.19074 0.16180 0.03716
-0.09255 0.15831 0.10442
0.24424 -0.02448 -0.11691
-0.36740 0.02066 0.13910
-0.12520 -0.04168 -0.15987
-0.11260 -0.04135 -0.16002
0.21380 0.03718 0.02088
-0.09696 0.15908 -0.08580
0.19206 -0.09034 -0.14434
-0.06814 0.07897 0.07581
0.38699 0.01357 -0.06858
-0.35207 0.13909 -0.11461
-0.17991 -0.01401 0.16111
0.19832 0.03414 0.10354
0.07109 0.13965 -0.03487
0.06353 0.14379 -0.04674
-0.26030 0.03095 0.02547
-0.31801 0.03126 0.10015
-0.33914 0.03139 0.06011
-0.30190 0.03119 0.02767
-0.34273 0.03140 0.10937
-0.20862 0.03066 0.00649
-0.29400 0.03114 0.03902
-0.26990 0.03101 0.00791
-0.25715 0.03093 0.03564
-0.25587 0.03092 0.03036
-0.31611 0.03126 0.05316
-0.33186 0.03136 0.03670
-0.33853 0.03138 0.09751
-0.31541 0.03127 0.00042
-0.33290 0.03137 0.00486
-0.35872 0.03150 0.06717
-0.35221 0.03147 0.03208
-0.27617 0.03104 0.00759
-0.35155 0.03147 0.04037
0.23855 -0.14762 0.15855
-0.27091 -0.02187 0.16715
0.15568 -0.11252 0.02222
0.16285 -0.11246 0.11235
0.16248 -0.11247 0.09972
0.16072 -0.11248 0.13206
0.35227 -0.13544 0.06137
-0.36952 -0.03323 0.13637
0.38739 0.01812 0.02569
0.37764 -0.12791 -0.04551
0.37923 -0.12949 -0.01131
0.38039 -0.12042 -0.02428
0.39222 -0.05929 -0.03973
0.21750 -0.13659 0.13822
0.36188 -0.13508 -0.09837
-0.07554 0.13163 0.12802
-0.06530 0.06492 0.14644
-0.08608 0.11614 0.13226
-0.14305 0.12446 0.12976
-0.09242 0.11408 0.13280
-0.11646 0.12654 0.12928
-0.05763 0.09356 0.13858
0.39781 -0.08635 -0.11489
0.22841 0.03187 -0.15027
-0.24024 -0.12912 0.14478
0.03673 0.14891 -0.03826
-0.38697 0.15689 -0.04336
-0.11356 -0.09308 -0.15244
-0.33798 -0.02370 0.15040
-0.28788 -0.10175 0.15731
0.32397 -0.04839 0.15902
-0.05347 0.04353 -0.14832
0.31684 -0.05264 -0.15168
-0.35074 -0.06036 0.13705
-0.33979 -0.07207 0.13624
0.20120 -0.06344 -0.11910
-0.25525 -0.03085 -0.16841
0.28589 0.01579 -0.15254
-0.41780 -0.09187 -0.05508
-0.42293 -0.08417 -0.08170
-0.28668 -0.13734 -0.11316
0.19509 0.01739 -0.14002
0.20621 0.01670 -0.14489
0.32328 0.01250 -0.13434
-0.41688 -0.05017 -0.11641
0.12278 0.06142 -0.16312
0.19477 -0.03782 -0.15898
0.41077 -0.08701 0.06687
0.26497 0.01552 -0.15455
-0.20626 -0.15497 0.13143
0.11684 0.07332 0.14231
-0.09682 0.14806 0.00023
-0.20867 0.15363 0.05053
-0.20184 0.15329 0.08043
-0.14858 0.15064 0.04258
-0.16071 0.15124 0.01953
-0.17415 0.15191 0.05626
-0.20010 0.15321 0.04033
-0.15229 0.15082 0.04825
-0.14518 0.15047 0.05358
-0.16337 0.15138 0.00333
-0.10852 0.14864 0.02417
-0.15086 0.15075 0.05440
-0.16677 0.15154 0.03529
-0.34744 0.08974 -0.04353
-0.00492 -0.10310 -0.17305
-0.04233 -0.10307 -0.17305
-0.16714 -0.09257 0.16616
-0.37344 0.04232 0.11387
-0.41006 0.02015 0.03695
0.23126 -0.09203 -0.15087
0.05784 0.14698 0.02059
0.42121 -0.10593 -0.05386
0.21325 0.03719 -0.03018
0.39764 -0.03699 0.04336
-0.25978 0.16060 -0.07889
-0.39915 -0.06859 -0.13350
0.39399 -0.04298 -0.12271
0.27908 -0.07857 -0.14695
-0.06671 0.15926 0.03974
0.34960 -0.02390 0.13993
0.21326 0.02015 -0.02029
-0.37696 -0.09911 -0.08795
-0.41041 -0.09949 -0.05607
-0.38239 -0.09917 -0.08107
-0.38987 -0.09924 -0.06120
-0.34811 0.09416 0.05638
0.12986 -0.01919 -0.16113
0.11481 -0.02675 -0.16127
0.12269 -0.01489 -0.16117
-0.10366 0.15886 0.09309
-0.33819 0.03112 0.10577
0.40276 -0.10188 -0.09568
0.01082 0.03434 0.15810
0.14534 0.02774 0.15729
-0.02842 0.15313 0.01419
-0.14728 -0.04960 0.15873
-0.09070 -0.05769 0.15819
0.23999 -0.01227 0.16447
-0.40698 -0.03811 -0.09758
-0.35893 0.15894 0.03684
-0.36529 0.15479 0.04469
-0.31895 -0.11351 -0.13193
0.38075 0.02281 -0.05426
-0.41833 0.03695 0.08920
0.40751 -0.08159 -0.02504
-0.20153 -0.15273 -0.14147
-0.34229 0.02805 -0.14771
-0.42663 -0.07554 -0.07600
-0.42878 -0.07572 -0.05238
0.40394 -0.05348 0.06985
-0.02974 0.15223 -0.04893
0.40529 -0.11780 -0.09033
-0.36809 0.15136 0.08528
0.22283 -0.02892 -0.16716
-0.21078 0.06239 0.11354
-0.29127 0.15670 -0.10331
0.28776 -0.01864 -0.16482
-0.08297 0.14398 0.11208
-0.20635 0.08478 0.14242
-0.20042 0.09929 0.13769
0.26430 -0.11389 -0.14895
0.33485 0.01787 0.14613
-0.09680 0.15985 -0.05866
-0.02013 -0.03228 0.16179
0.03191 -0.04833 0.15941
0.14699 -0.02881 0.16104
0.01604 -0.03307 0.16144
0.10282 -0.03314 0.16082
-0.37672 0.14737 -0.04522
-0.35986 0.15805 -0.05409
0.21294 0.01818 -0.02954
0.29766 0.01453 -0.04928
0.23572 0.01718 -0.03898
0.24783 0.01668 -0.03750
0.22353 0.01761 -0.05585
0.31484 0.01382 -0.04733
0.34213 0.01270 -0.04341
0.24860 0.01670 -0.02754
0.27363 0.01569 -0.01909
0.30897 0.01410 -0.04024
0.22688 0.01765 -0.02003
0.34769 -0.13381 0.08875
-0.27019 -0.02353 0.15257
-0.12920 0.10531 0.13506
-0.13198 0.09668 0.13739
-0.08201 0.04750 0.15110
-0.06660 0.05223 0.14992
-0.13906 0.09650 0.13739
-0.02692 0.13301 -0.12586
-0.05875 0.07897 0.04141
-0.05167 0.07897 0.07947
-0.26524 -0.12614 0.15856
0.38362 -0.10400 0.02738
0.38359 -0.10003 0.04272
0.38571 -0.08827 0.04848
0.38849 -0.07754 0.03867
0.38052 -0.11602 0.03820
0.07903 0.12008 -0.12115
0.11324 0.08328 -0.13168
-0.35238 0.05889 -0.01682
-0.36881 0.02690 -0.14223
-0.03902 0.15311 0.03117
0.24061 -0.12086 -0.16187
0.18765 -0.10844 0.13749
0.13895 0.08476 0.07122
0.18386 0.04802 0.08191
0.15290 0.06792 0.10629
0.14217 0.08083 0.07957
0.10227 0.11378 0.06825
-0.16348 -0.06218 -0.15769
-0.38520 0.02745 0.14047
-0.28563 0.16110 -0.03928
-0.27098 0.16108 -0.04847
-0.24725 0.16084 -0.07367
-0.25988 0.16096 -0.06065
-0.23125 -0.05720 -0.16701
0.17724 -0.09426 0.15279
0.09688 0.10649 -0.12297
0.12564 0.03369 0.14214
0.11675 0.03881 0.14112
-0.16144 0.11750 0.13156
0.07243 -0.08902 -0.15713
0.00946 -0.09048 -0.15712
-0.42873 -0.05217 -0.06975
-0.42413 -0.07125 -0.10764
0.41945 -0.09526 0.03525
0.26636 -0.07119 -0.15140
-0.16197 0.14892 -0.10680
-0.15091 0.14872 -0.10717
-0.07223 0.14465 -0.11180
-0.26842 -0.11305 -0.14635
-0.29236 -0.08981 -0.16219
0.34534 -0.06520 0.14658
-0.20664 0.16114 0.07513
-0.21607 0.16170 0.04477
0.39548 -0.05302 0.10996
-0.17720 -0.08357 -0.11316
-0.06936 0.09957 0.08996
0.18889 0.04291 -0.09334
-0.14850 0.00051 0.16003
-0.16784 0.02023 0.15853
-0.13254 0.00676 0.16004
-0.15692 0.01320 0.15915
-0.16008 -0.00501 0.16008
0.34818 -0.07565 -0.10964
0.34895 -0.07562 -0.12795
0.08954 0.12785 -0.01628
0.13629 0.09007 -0.03202
0.15883 0.07325 -0.02176
0.09665 0.12342 -0.00207
0.14900 0.08263 -0.00037
0.10869 0.11098 -0.04039
0.13056 0.09635 -0.00909
0.11469 0.10844 -0.01315
-0.22187 0.11050 -0.12847
-0.21492 -0.00366 0.16459
-0.16759 0.03394 0.15681
-0.15745 0.04028 0.15604
0.25966 -0.02868 -0.17299
0.20816 0.01676 0.15282
0.17648 0.01760 0.15418
0.22459 0.01650 0.14750
-0.35856 0.10310 -0.04893
-0.35341 -0.09963 -0.13480
0.29414 -0.04266 0.12923
0.41334 -0.06087 0.06876
0.28265 0.03083 -0.14164
0.15046 0.04168 -0.14186
0.35784 0.03159 0.03041
-0.04815 0.04928 0.02865
0.17706 -0.11256 -0.11003
0.15740 -0.11256 -0.10093
0.18143 -0.11256 -0.12585
0.16933 -0.11256 -0.08743
0.41335 -0.08932 -0.01779
0.32825 0.02788 0.12299
-0.42743 -0.08135 0.06275
-0.42154 -0.08931 0.04170
0.31293 -0.03655 0.15257
-0.39895 0.06193 0.11832
0.29245 -0.15962 -0.13582
-0.35442 -0.06616 -0.14498
0.05518 0.03640 0.15595
0.22437 -0.14191 -0.12524
-0.02794 0.14196 0.12452
0.27503 -0.05568 -0.14603
-0.20475 -0.13367 -0.15535
0.38735 -0.07573 0.13121
0.42315 -0.09663 -0.07511
0.21441 0.03338 0.01627
0.39426 -0.01182 0.03833
0.28594 0.01460 0.15272
-0.40752 0.01415 -0.07951
0.28065 -0.03757 0.11262
0.20500 0.03028 -0.08216
-0.27821 -0.08555 -0.13970
0.33423 -0.11308 -0.15301
0.27759 0.03361 -0.11972
0.29520 0.03205 -0.11583
0.30644 -0.03071 -0.13595
-0.21279 0.03068 0.01972
-0.22063 0.03072 0.08453
-0.22640 0.03075 0.03000
-0.30795 0.03121 0.13366
-0.19863 0.03060 0.13685
-0.29764 0.03115 0.12887
-0.29900 0.03116 0.09530
-0.22982 0.03077 0.13674
-0.28472 0.03108 0.11822
-0.29793 0.03115 0.11613
-0.21821 0.03071 0.03785
-0.28992 0.03111 0.13074
-0.26036 0.03094 0.06939
-0.20663 0.03064 0.05305
-0.25639 0.03092 0.12636
-0.28256 0.03107 0.12962
-0.21300 0.03068 0.12798
-0.21561 0.03069 0.05800
0.37805 0.01121 -0.03437
0.34477 0.01268 -0.00913
0.37676 0.01131 -0.01437
0.22713 0.01772 -0.00188
0.28941 0.01506 -0.00420
0.33499 0.01311 -0.00357
0.36496 0.01177 -0.03566
0.37123 -0.02296 -0.12257
-0.25050 -0.11159 0.16293
-0.23158 -0.01319 -0.16854
0.17322 0.04302 -0.08529
0.17122 0.04228 -0.04581
-0.09650 0.15905 0.08749
0.40795 -0.03875 -0.03100
-0.28002 -0.09587 -0.15248
-0.31106 -0.07982 -0.11064
0.16586 -0.11246 0.05026
-0.42069 -0.04970 -0.02985
0.40951 -0.05089 -0.07562
0.36138 -0.10311 0.13241
-0.18979 0.00757 -0.15890
-0.39847 0.09567 0.01253
-0.39136 0.12183 0.03060
-0.14057 -0.09669 -0.14868
-0.01306 0.13715 -0.11740
-0.24269 -0.14484 0.14493
0.21917 -0.02491 -0.16527
-0.27035 -0.09213 -0.15475
-0.26660 -0.13617 -0.12138
-0.16024 0.13326 -0.12113
-0.40562 0.01229 0.10731
0.39534 -0.03934 0.11668
-0.28939 -0.04049 0.13263
-0.28911 -0.04327 0.11743
-0.04788 0.05534 0.11425
0.25469 -0.02002 -0.14561
-0.21471 0.01657 0.15782
0.23503 -0.11236 -0.16478
-0.08537 -0.10971 0.16264
-0.11815 -0.10930 0.16051
0.00678 -0.11086 0.15345
-0.05277 -0.11012 0.15058
-0.14809 -0.10893 0.15297
-0.14530 -0.10897 0.14637
-0.06834 -0.10992 0.14684
-0.12405 -0.10923 0.14948
-0.09532 -0.10959 0.15148
-0.06489 -0.10997 0.16518
0.30030 -0.03983 -0.10490
0.19882 -0.07042 -0.12703
0.22303 -0.10251 -0.17688
0.18292 -0.00935 -0.15697
0.25227 -0.02036 -0.15305
-0.17016 -0.07258 -0.16644
0.18635 0.04332 -0.02968
0.17704 0.04243 -0.01372
0.09059 -0.11184 0.06617
0.04348 -0.11127 0.06668
0.04000 -0.11122 0.05770
0.06560 -0.11153 0.02436
-0.02893 -0.11038 0.01742
0.05397 -0.11139 0.02907
0.14479 -0.11250 0.10284
-0.12204 -0.10925 0.01286
0.09180 -0.11185 0.05311
0.01368 -0.11090 0.04039
0.00642 -0.11081 0.05382
0.07102 -0.11160 0.03758
0.04650 -0.11130 0.08352
0.08243 -0.11174 0.07099
0.13204 -0.11235 0.08886
0.00521 -0.11080 0.01520
0.10037 -0.11196 0.09399
0.14556 -0.11251 0.06247
0.06884 -0.11157 0.00156
0.12632 -0.11227 0.09156
0.14364 -0.11249 0.11586
0.05007 -0.11134 0.03709
0.01947 -0.11097 0.07183
0.02814 -0.11108 0.01626
0.08531 -0.11177 0.06051
0.10162 -0.11197 0.07489
-0.04262 -0.11021 0.00753
-0.03279 -0.11034 0.04866
0.07993 -0.11171 0.02049
0.06951 -0.11158 0.04990
-0.06001 -0.11000 0.01045
0.31710 -0.03490 -0.15159
-0.41005 0.04137 -0.01180
0.22574 -0.06425 0.14483
0.41326 -0.05162 0.04296
-0.00484 0.14994 0.07834
0.00885 0.14976 0.05964
0.02607 0.14943 0.03986
-0.06799 0.09059 0.09157
0.05268 -0.00773 0.16190
0.13315 0.00570 0.16018
0.13537 -0.00695 0.16095
0.18677 0.03530 -0.12840
0.42350 -0.08002 -0.08837
-0.06455 -0.09825 -0.14915
-0.42689 -0.08449 0.01591
0.32497 -0.04373 0.13014
0.07997 0.09906 -0.12927
-0.42800 -0.05068 0.00442
-0.30271 -0.05177 0.16228
0.26037 -0.05204 -0.10480
0.28330 -0.05456 -0.10480
0.24256 -0.06092 -0.10480
0.21758 -0.05527 -0.10481
-0.27868 0.03652 0.15154
-0.23403 0.02943 0.15524
0.29395 0.03040 0.13596
-0.05134 0.15339 0.05779
-0.06016 0.15833 0.01225
-0.41184 -0.09771 0.06008
-0.18436 -0.00260 0.15947
-0.10390 0.16124 0.00605
0.31435 0.03675 0.03632
0.32725 0.03546 0.01904
0.29402 0.03902 0.03427
0.41921 -0.10577 0.08707
-0.34229 0.05913 -0.14044
-0.19346 0.05311 0.11489
0.24383 -0.13421 0.10276
-0.37609 0.05928 0.12109
-0.35550 0.10370 0.04504
-0.02665 0.08175 -0.13952
0.40898 -0.07466 0.07890
0.14225 0.08486 -0.03919
0.19108 0.04594 -0.04985
0.14682 0.08065 -0.04754
0.19213 0.04428 -0.06079
0.11246 0.10694 -0.05444
0.12731 0.09520 -0.05637
0.15130 0.07716 -0.04750
0.16541 0.06536 -0.05780
0.09250 0.12195 -0.06181
-0.32764 -0.04234 -0.14993
0.41242 -0.09094 0.04018
-0.15914 -0.08233 0.11207
0.22799 -0.03589 0.15572
-0.15324 0.16144 -0.02596
-0.12657 0.15997 -0.07243
-0.13868 0.16105 -0.03391
-0.12536 0.16060 -0.04519
0.20269 -0.05806 -0.14471
0.34219 -0.06115 -0.13013
-0.25837 -0.04289 0.16438
0.20596 0.01224 0.15751
-0.30100 -0.07237 0.16684
-0.24288 0.05692 0.15014
0.42383 -0.04024 0.06917
0.23297 -0.03785 -0.15932
-0.20235 -0.04522 -0.10656
-0.20141 -0.03749 -0.10654
-0.16267 0.10533 -0.13486
-0.16498 0.12802 -0.12868
-0.34038 0.16007 -0.06891
-0.33985 0.16036 -0.05100
0.00249 -0.10278 -0.14826
0.09764 -0.10430 -0.16085
0.10047 -0.10434 -0.15128
0.05012 -0.10354 -0.15435
-0.00978 -0.11062 0.09322
-0.02965 -0.11037 0.05864
-0.09087 -0.10963 0.07618
-0.14640 -0.10895 0.10620
0.00542 -0.11080 0.09092
0.01891 -0.11097 0.10493
-0.00042 -0.11073 0.11966
-0.13950 -0.10903 0.07602
0.03729 -0.11119 0.10067
0.02022 -0.11098 0.11161
0.01219 -0.11088 0.09137
-0.10826 -0.10941 0.05863
-0.14958 -0.10891 0.06712
-0.11750 -0.10930 0.10436
-0.03803 -0.11027 0.08327
-0.04183 -0.11023 0.06996
0.06270 -0.11150 0.09941
-0.13899 -0.10904 0.02836
-0.03392 -0.11032 0.05423
-0.09236 -0.10961 0.04756
-0.15119 -0.10889 0.08838
0.03600 -0.11117 0.10961
-0.13234 -0.10912 0.04048
-0.05839 -0.11002 0.07702
0.06141 -0.11148 0.12257
-0.14931 -0.10891 0.04983
0.05416 0.14480 0.08008
-0.22245 0.09535 0.13844
0.16373 -0.11256 -0.03933
0.22665 -0.09992 -0.16897
-0.38307 -0.06155 0.13904
-0.19578 0.03786 0.15559
-0.19544 0.07353 -0.06443
-0.18373 0.04170 0.07836
-0.19735 0.07874 0.02034
-0.19517 0.07281 0.02934
-0.18982 0.05825 0.04818
-0.18097 0.03420 0.10533
-0.19461 0.07129 0.00935
-0.18416 0.04288 0.05793
-0.18505 0.04529 0.10559
-0.19203 0.06426 0.00681
-0.41919 -0.07939 -0.12095
-0.04202 0.10370 -0.12691
-0.02813 0.07731 -0.13263
0.04695 0.13590 0.12584
0.36892 0.00283 0.11081
0.26646 -0.12406 -0.16413
-0.40866 0.00316 0.06832
0.13206 -0.09888 0.14952
-0.29991 -0.12240 0.11159
0.25538 0.02302 -0.15363
0.23173 -0.06589 -0.16146
-0.21791 -0.09911 -0.10722
0.11746 0.06505 0.16807
0.38720 -0.11473 -0.10065
0.26958 -0.02238 -0.13897
0.39003 -0.12163 0.00645
0.40233 -0.11007 0.02538
0.12529 -0.09379 -0.15438
0.31180 -0.02348 -0.16458
0.35212 -0.10482 0.11824
-0.40377 0.00860 0.12070
-0.16317 -0.06540 -0.13249
-0.37659 0.15882 0.08096
0.18924 0.05180 0.02956
-0.06167 -0.07350 0.15620
-0.04030 -0.06239 0.15791
0.32357 0.02804 0.12985
0.40665 -0.07333 -0.02150
-0.42260 -0.05646 -0.12171
-0.19734 0.04764 -0.14073
-0.40520 0.05620 -0.06234
-0.40370 0.04467 -0.10385
0.24543 -0.02979 0.10481
-0.37541 0.14694 -0.07319
-0.38507 0.14094 -0.05843
-0.33561 0.03368 -0.02650
-0.34089 0.05997 -0.02352
-0.33772 0.04416 -0.06064
-0.33633 0.03725 -0.07180
-0.18560 -0.13937 -0.16161
0.18585 -0.08642 -0.16030
-0.32475 0.16009 0.07205
0.34775 -0.06666 0.15703
-0.34763 0.07467 -0.09909
-0.13159 0.14979 -0.06378
-0.13019 0.14972 -0.09393
-0.07370 0.14690 -0.04842
-0.11815 0.14912 -0.05364
-0.15191 0.15080 -0.07259
-0.08412 0.14742 -0.04601
-0.07999 0.14722 -0.07087
-0.06567 0.14650 -0.01130
-0.09292 0.14786 -0.10493
-0.17624 0.15202 -0.09386
-0.09790 0.14811 -0.05866
-0.16471 0.15144 -0.09882
-0.07054 0.14674 -0.07240
-0.11068 0.14875 -0.09610
-0.28908 -0.08140 0.14553
0.23599 -0.08546 -0.16493
0.13900 0.03232 0.00216
0.12071 0.01982 0.02401
0.12190 0.02064 0.06967
0.12287 0.02130 0.00434
0.12098 0.02001 0.12204
-0.42619 -0.08541 -0.00304
0.00393 0.14893 0.08783
-0.26541 0.05743 0.14544
-0.23937 -0.02225 -0.15911
-0.03309 0.04988 -0.15060
-0.14024 -0.06646 -0.15617
-0.14877 -0.02878 -0.16034
-0.15832 -0.02760 -0.16023
-0.21988 -0.08373 0.14349
-0.17594 -0.04287 0.15652
-0.02239 0.13451 0.11912
0.41740 -0.06192 -0.01056
-0.21741 0.09680 0.07369
-0.14813 -0.10043 -0.15746
-0.41887 -0.05031 -0.10834
0.39033 0.01607 0.00247
0.20394 -0.11575 -0.06683
0.33202 -0.12893 -0.09682
0.21054 -0.11669 -0.06237
0.30735 -0.12664 -0.08540
0.24931 -0.11941 -0.10032
0.20256 -0.11405 -0.10207
0.32078 -0.12747 -0.10099
0.20077 -0.11482 -0.07980
0.21347 -0.11808 -0.03826
0.15808 -0.11328 -0.00473
0.26309 -0.12089 -0.10233
0.27585 -0.12326 -0.08114
0.25352 -0.12059 -0.08440
0.34336 -0.13004 -0.10069
0.23970 -0.12048 -0.05112
-0.38273 0.03223 -0.14236
0.32432 0.00918 -0.14856
-0.41114 -0.03536 -0.04859
-0.40996 -0.02314 -0.06282
-0.40600 -0.08499 -0.10197
0.20427 0.00091 0.15830
0.36068 0.01413 0.13200
0.30647 0.01334 0.11897
0.22810 0.01644 0.12704
0.34633 -0.10323 -0.14771
0.40369 -0.07444 0.09828
-0.39577 -0.03865 -0.13044
-0.29386 -0.13354 0.15494
0.38775 -0.02003 0.04711
0.20356 -0.00226 -0.15534
0.21609 -0.04339 0.14046
-0.39040 0.00603 -0.06199
-0.37337 0.00615 -0.07526
-0.38828 0.00607 -0.08700
0.05721 0.13531 0.12290
-0.16948 -0.10833 0.16684
0.38269 -0.00504 -0.10010
0.33931 -0.08403 0.16001
0.33278 0.03492 0.01128
0.27855 0.04123 0.00741
-0.32210 -0.08958 -0.14529
-0.33014 -0.06746 0.14169
-0.04769 0.07368 -0.09762
-0.03984 0.05192 -0.07587
-0.04454 0.06495 -0.08058
0.38824 -0.10582 0.12207
-0.19808 -0.10132 0.14671
-0.38475 0.08312 -0.12639
-0.38436 0.13147 -0.10828
0.42266 -0.03673 0.06207
0.36155 0.02487 0.11265
0.16518 0.03274 0.14787
-0.20522 0.08116 0.06276
0.29474 -0.09320 -0.15735
-0.26430 -0.14154 -0.16263
-0.40595 -0.05882 -0.10753
-0.41093 -0.05391 -0.05132
-0.40756 -0.05787 -0.08948
-0.40901 -0.06412 -0.07409
-0.30777 -0.06193 0.14815
-0.41204 -0.09392 0.02861
0.39105 -0.10593 -0.11739
0.40591 -0.09249 0.08676
-0.23519 -0.01711 -0.14962
-0.26357 -0.02464 -0.11692
-0.28997 -0.09217 -0.14970
-0.36738 -0.00719 0.14456
0.19230 -0.08836 0.15586
-0.37818 0.02214 -0.11693
0.00632 0.13928 -0.04918
0.04228 0.13484 -0.08823
0.01254 0.13926 -0.03910
-0.00754 0.14090 -0.03614
0.03579 0.13676 -0.05604
0.01311 0.13868 -0.05115
0.24043 0.03773 -0.10985
0.01452 0.14928 -0.06235
0.01334 0.15052 -0.02499
0.02046 0.14929 -0.05170
0.17951 0.04981 0.10747
0.10710 -0.09210 0.15587
-0.00504 -0.09023 0.15726
-0.30341 -0.09040 0.10719
-0.26346 -0.09715 0.10724
-0.22608 -0.09549 0.10715
-0.04618 0.04148 0.14251
0.24897 -0.09401 0.13722
-0.10798 -0.05990 0.15770
-0.16379 -0.06715 -0.11515
-0.38669 0.14159 0.01400
0.24317 -0.08225 -0.17540
0.19156 -0.09637 0.10640
-0.15778 0.16160 0.02263
-0.13051 0.16171 0.00132
-0.15784 0.16206 0.00225
-0.12579 0.16040 0.05599
-0.19736 0.16120 0.07015
-0.18970 0.16133 0.05807
0.25575 0.01472 0.15353
0.40679 -0.04256 0.08139
0.06497 -0.07652 -0.15574
0.12728 -0.07306 -0.15573
0.12007 -0.06911 -0.15630
-0.29228 -0.04373 -0.13823
-0.29518 -0.04882 -0.12959
-0.29303 -0.04792 -0.11993
-0.40897 -0.08679 -0.07724
-0.40937 -0.09105 -0.07167
0.07702 0.13365 -0.06560
0.23162 -0.05656 0.14486
-0.21100 -0.11237 0.14658
-0.36266 -0.06985 0.14327
0.25774 -0.14228 0.13032
-0.19000 0.12655 -0.12915
0.24630 0.03592 -0.12224
-0.34055 0.03202 0.01270
-0.40689 0.05948 0.02976
-0.07552 0.15936 0.07256
-0.36740 0.04838 0.13136
-0.18463 -0.06799 -0.16841
0.39284 -0.05091 0.05179
0.38152 -0.10468 0.05785
-0.19697 0.08946 0.14093
-0.19533 0.08317 0.14299
-0.38497 -0.03735 0.14166
-0.18563 -0.12108 0.11159
-0.40246 -0.10028 0.10776
-0.33483 -0.09890 0.10877
0.15906 0.06124 0.11634
0.13637 0.08142 0.10182
0.13227 0.08179 0.11565
0.11876 0.09418 0.10514
0.14779 0.07072 0.11188
0.07527 0.12922 0.09567
0.07721 0.12338 0.11752
0.34255 -0.14064 0.01816
0.20415 0.04081 -0.02992
-0.40647 -0.00002 -0.10027
0.33411 0.01219 -0.12089
0.24875 0.01558 -0.12851
0.29012 0.01394 -0.12853
0.35547 -0.03002 -0.13519
0.39604 -0.03907 0.11046
-0.36673 -0.03343 -0.14707
0.28131 -0.14486 0.12429
-0.10411 -0.08545 0.15729
-0.19665 0.05168 0.14111
-0.25828 -0.08748 0.14349
0.02017 -0.09270 0.15564
-0.33875 -0.09018 -0.13219
-0.35672 -0.06405 -0.13514
-0.36920 0.03049 0.13140
-0.17571 0.12413 0.12970
-0.17416 0.07592 0.14276
0.05118 0.14811 -0.03335
0.42390 -0.05030 -0.05570
0.27850 -0.02484 0.10781
0.27326 -0.02093 0.13428
0.28612 -0.02170 0.13858
-0.14910 0.02764 -0.15799
-0.10752 0.03910 -0.15693
0.13631 0.01361 -0.15958
-0.25367 -0.08962 -0.16862
0.36658 0.01364 0.12457
-0.38472 -0.09918 0.02917
-0.40694 -0.09948 0.08647
-0.33957 -0.09867 0.02348
-0.38529 -0.09921 0.05021
-0.38567 -0.09922 0.06148
-0.21393 -0.10175 0.14778
0.42525 -0.05287 0.06674
-0.07141 -0.07508 -0.15583
0.19750 0.03178 -0.10368
0.15711 0.04191 0.14143
-0.06913 0.08486 0.05701
-0.22095 -0.01924 0.11684
-0.25849 0.16048 -0.08470
-0.37940 0.06023 -0.13228
-0.21699 -0.01305 -0.16882
0.40783 -0.03915 -0.05817
-0.33753 0.04391 0.13616
-0.26684 0.03938 0.13751
-0.28500 0.04169 0.13712
-0.32916 0.04134 0.13639
-0.37457 0.04906 0.11670
-0.26429 -0.10002 0.14349
-0.15724 0.14102 0.12445
-0.02627 0.15101 0.08025
-0.37258 0.11774 -0.12254
0.17803 0.00138 -0.15501
-0.40841 0.03626 -0.04562
-0.40262 0.03358 0.12119
-0.40238 0.07698 -0.03856
-0.40568 0.06746 -0.00539
-0.39442 0.10885 -0.03914
-0.05341 0.09436 0.05576
-0.20406 -0.11393 -0.14635
0.23155 -0.15017 0.14264
0.19007 0.05299 -0.01117
0.41986 -0.08212 0.10171
0.27469 -0.12187 0.14739
0.38932 -0.00982 0.07745
0.38630 -0.08056 -0.13174
-0.37726 0.14778 -0.00627
0.08205 -0.07652 0.15561
0.07477 -0.07462 0.15591
-0.00764 -0.07739 0.15617
0.00921 -0.07704 0.15609
0.38625 -0.00478 -0.07278
0.10111 0.09727 0.13265
-0.24078 -0.07908 0.10690
-0.19792 -0.08357 0.10692
-0.16956 -0.08149 0.10687
-0.21248 -0.08478 0.10695
-0.24064 0.05686 -0.14422
-0.24060 -0.03990 0.12628
-0.33985 0.05479 -0.09406
-0.34275 0.06925 -0.04717
-0.34447 0.07782 -0.04600
-0.20070 -0.02463 0.14934
-0.29215 0.06370 0.14537
0.32139 0.03196 -0.09568
0.23939 -0.11999 0.03107
0.36828 -0.13083 0.08850
0.26086 -0.12180 0.04137
0.31054 -0.12579 0.04664
0.22027 -0.11836 0.02123
0.39017 -0.00027 -0.06569
-0.22605 -0.09451 -0.14829
0.23858 0.03399 -0.14153
0.22532 0.03479 -0.14206
-0.40973 0.02859 -0.03106
0.40163 -0.06879 0.10721
-0.15180 -0.10633 0.13790
-0.41735 0.04221 0.07606
0.30344 -0.05320 0.16268
0.14882 0.04008 0.03777
0.13254 0.02944 0.12115
0.12835 0.02515 0.09758
0.14695 0.03812 0.02608
0.35969 -0.14214 -0.08583
0.02643 0.14744 0.09464
0.38955 -0.12187 -0.01118
-0.21810 -0.07879 0.14671
-0.35105 0.05933 0.14099
-0.12135 -0.03548 0.16048
-0.09819 -0.03063 0.16109
0.19821 0.04284 0.03503
0.19838 0.04208 0.05402
0.35090 0.01024 -0.14182
-0.34900 0.08972 0.07885
0.38713 -0.11983 -0.07337
0.37711 -0.12724 -0.08370
-0.06602 0.06377 -0.09006
-0.06755 0.07035 -0.07148
-0.06665 0.06647 -0.06128
-0.06705 0.06821 -0.07867
-0.36765 -0.09723 -0.13215
-0.21395 0.10343 -0.07524
-0.24569 0.02014 0.15617
0.29171 -0.10338 0.14861
-0.39218 -0.00275 0.11538
-0.29340 -0.02883 0.16562
0.22979 -0.10251 0.15316
-0.12196 0.02745 0.14150
-0.12085 0.03317 0.14591
-0.39809 -0.01025 0.11477
0.27431 -0.14486 -0.14688
-0.06974 0.14882 -0.12024
0.17263 -0.03756 0.15954
0.06147 0.11295 0.13306
-0.24923 -0.01069 -0.16790
0.23258 -0.07783 -0.16037
0.29018 -0.08153 -0.14729
-0.31684 -0.01845 -0.15240
-0.31155 -0.01539 -0.15294
-0.27149 -0.03093 0.13267
-0.37212 0.00824 -0.10593
-0.30251 -0.11774 0.16460
-0.29466 0.05092 0.14832
-0.33025 0.04632 0.14724
0.36732 -0.01185 0.13023
0.24664 0.04376 -0.02804
0.26539 0.04237 -0.02139
0.25441 0.04299 -0.04062
0.34802 -0.14466 -0.09808
0.42064 -0.04243 0.04838
0.02153 -0.10309 -0.15849
-0.10796 -0.10101 -0.16512
-0.01110 -0.10257 -0.15640
-0.02226 -0.10239 -0.16260
0.03760 -0.10335 -0.16807
-0.10218 -0.10110 -0.17298
0.33703 -0.10335 -0.15047
-0.15630 0.12727 -0.12892
-0.25950 -0.15879 0.16384
-0.09162 0.04169 -0.15163
-0.14257 0.04066 -0.14983
-0.06739 0.15620 0.09351
0.31655 -0.05778 0.13133
0.28646 -0.15250 0.17139
0.41595 -0.04937 -0.03905
0.41335 -0.09392 -0.00253
0.23131 -0.04681 -0.12338
-0.21690 0.15917 -0.10905
-0.24706 0.15226 -0.11502
-0.01839 0.03929 0.14958
0.31599 -0.12537 0.17468
-0.18403 0.03085 -0.11814
-0.37837 0.15967 -0.05244
-0.30732 -0.08819 0.15193
0.40129 -0.05048 0.10680
-0.20090 -0.07980 -0.16661
-0.28793 -0.04349 -0.14647
0.04663 0.14896 -0.03022
-0.09607 -0.10956 -0.03112
-0.08654 -0.10968 -0.04015
-0.14794 -0.10893 -0.06684
-0.08648 -0.10968 -0.02944
-0.02853 -0.11039 -0.00500
-0.10520 -0.10945 -0.06718
-0.02618 -0.11042 -0.04915
-0.04465 -0.11019 -0.03754
0.03619 -0.11118 -0.00690
-0.06353 -0.10996 -0.00584
-0.14199 -0.10900 -0.10051
-0.11039 -0.10939 -0.01127
-0.04061 -0.11024 -0.06189
-0.10976 -0.10940 -0.07036
0.06532 -0.11153 -0.00269
-0.15405 -0.10886 -0.00005
-0.03525 -0.11031 -0.01323
-0.10494 -0.10946 -0.04814
0.08361 -0.11175 -0.00363
-0.05327 -0.11009 -0.07038
0.04261 -0.11125 -0.02874
-0.06813 -0.10990 -0.03060
-0.11142 -0.10938 -0.03145
0.10961 -0.11207 -0.01340
-0.08435 -0.10971 -0.01510
0.38435 0.01690 0.06543
0.15617 0.04803 0.14594
0.41485 -0.09837 0.04592
0.16606 0.04237 -0.10219
0.15100 0.04064 -0.09296
0.17505 0.04338 -0.10141
0.15290 0.04050 -0.01836
0.20841 0.02092 0.06276
0.22749 -0.06518 -0.17874
-0.20793 0.09904 0.07749
-0.36578 0.07403 -0.13789
-0.34438 0.06686 0.10029
-0.16085 -0.06744 0.16343
0.27920 -0.01537 -0.16634
-0.05296 0.05107 -0.02887
0.12745 0.04124 -0.15485
0.21043 -0.04615 0.15565
-0.10191 0.14538 0.12308
-0.23789 0.04133 -0.15341
-0.35973 0.03035 -0.14739
0.23597 -0.13827 -0.12213
0.24378 -0.06622 -0.10483
0.33172 -0.11786 -0.10506
0.31237 -0.08357 -0.10488
0.31258 -0.10159 -0.10498
0.30022 -0.07957 -0.10487
0.32264 -0.11495 -0.10505
0.32387 -0.10577 -0.10500
0.21856 0.01425 -0.15529
-0.08744 0.02830 0.15903
-0.12939 0.02731 0.15841
0.38840 -0.01331 0.08271
-0.37067 -0.07439 -0.13038
-0.35169 -0.09134 -0.12969
-0.37536 -0.07816 -0.12873
0.39898 -0.10154 0.10818
-0.09324 -0.09720 0.14925
-0.23148 -0.16197 -0.14208
-0.00967 -0.06805 -0.15731
0.07576 -0.06092 -0.15764
0.02950 -0.06859 -0.15700
0.26385 -0.08259 -0.15103
0.37607 0.02528 0.05522
-0.21386 0.03068 -0.13059
-0.29552 0.03114 -0.13504
-0.26756 0.03098 -0.13362
-0.29030 0.03111 -0.08975
-0.22483 0.03074 -0.05745
-0.25171 0.03089 -0.07335
-0.23260 0.03079 -0.09312
-0.32024 0.03128 -0.12736
-0.23306 0.03079 -0.03774
-0.22005 0.03072 -0.11592
-0.26877 0.03099 -0.06394
-0.27546 0.03103 -0.08762
-0.20599 0.03064 -0.13045
-0.20437 0.03063 -0.04229
-0.24251 0.03084 -0.06239
-0.19953 0.03060 -0.00670
-0.21085 0.03067 -0.06606
-0.24036 0.03083 -0.10759
-0.24364 0.03085 -0.08344
-0.43055 -0.07324 -0.00679
0.02622 -0.10316 0.16711
0.03794 -0.10335 0.17288
0.01740 -0.10302 0.16300
0.03220 -0.10326 0.15976
0.03996 -0.10338 0.16782
-0.03805 0.09687 0.13768
-0.22659 0.07628 -0.13676
-0.21350 0.06799 -0.13895
-0.28665 -0.05410 -0.16841
0.23940 -0.10831 0.13593
-0.18608 -0.14000 0.16353
0.28574 -0.16138 -0.14772
-0.09142 0.13889 0.12550
0.40959 -0.05330 0.00383
-0.35196 0.07897 -0.06072
-0.35164 0.09766 -0.07858
-0.36754 0.05406 0.14307
-0.41082 0.00715 -0.03203
0.37098 -0.06079 0.14252
0.24163 -0.02459 0.13670
-0.40248 0.05717 0.10345
0.33782 0.00608 -0.14676
0.02696 0.09083 0.13926
0.04062 0.05652 0.14854
0.04201 0.06472 0.14630
0.05014 0.09350 0.13843
0.09102 0.06957 0.14475
-0.00176 0.05689 0.14863
0.03291 0.05882 0.14795
0.03257 0.11557 0.13251
0.33598 -0.10185 0.17189
-0.10244 0.16017 0.05244
0.09677 0.04493 -0.18046
-0.36129 0.14750 0.06349
-0.34783 0.15269 0.06505
-0.34563 0.15301 0.02103
0.06122 0.01958 -0.06852
-0.00515 0.02239 -0.00911
0.09655 0.01809 -0.00041
0.03438 0.02072 -0.01012
0.03953 0.02050 -0.06535
0.06193 0.01955 -0.00333
0.09862 0.01800 -0.09837
0.08853 0.01843 -0.01925
0.07017 0.01920 -0.03065
0.09131 0.01831 -0.09573
0.07317 0.01908 -0.05751
0.06439 0.01945 -0.02735
0.01154 0.02169 -0.01789
0.02584 0.02108 -0.01895
0.10853 0.01758 -0.04915
0.10713 0.01764 -0.11223
0.07639 0.01894 -0.06774
-0.01693 0.02289 -0.00962
0.20753 -0.08283 -0.16318
-0.38680 0.14913 -0.05682
-0.39628 -0.05305 -0.13674
-0.05962 0.11860 -0.12923
-0.37551 0.16048 0.01397
-0.41279 -0.08747 -0.00181
0.19583 -0.07957 0.11208
0.20313 -0.07022 0.14906
-0.42932 -0.05090 -0.02549
0.20569 -0.06207 0.14771
0.22005 0.03388 0.14807
0.11932 0.05947 0.15382
0.07963 0.03865 0.15239
0.01341 0.04835 0.15087
0.08457 0.05109 0.14934
-0.19641 -0.09331 0.13770
0.27378 -0.02575 -0.10481
0.29064 -0.03312 -0.10480
0.37832 -0.03752 -0.12798
0.30300 -0.11349 -0.10501
0.20520 -0.06853 -0.10481
0.24930 -0.08950 -0.10490
0.28964 -0.11113 -0.10499
0.20553 0.03848 0.06414
-0.20787 0.09865 -0.07822
0.30869 -0.02757 0.12997
0.08897 0.08872 -0.13950
-0.27569 -0.09978 0.14478
0.38849 -0.00067 0.07850
-0.40342 0.07370 0.03065
0.37966 -0.01645 0.08801
0.25715 0.03505 0.12256
0.24317 0.03626 0.12126
0.00731 0.10906 -0.13425
-0.02620 0.10960 -0.13423
0.00021 0.08433 -0.14106
-0.00107 0.10729 -0.13477
0.02645 0.10269 -0.13591
0.01227 0.04938 -0.15061
-0.00436 0.06317 -0.14689
-0.02244 0.08848 -0.14002
0.02278 0.09631 -0.13768
-0.01354 0.08579 -0.14072
-0.00736 0.08668 -0.14045
-0.15834 -0.04374 -0.16298
0.36812 -0.00993 0.10391
-0.43064 -0.06487 0.03334
0.26407 -0.04075 -0.14894
-0.24638 -0.08880 0.16143
-0.15256 -0.10695 0.13214
0.31737 0.01353 -0.07659
0.37844 0.01083 -0.08956
0.30416 0.01409 -0.07553
-0.25991 0.04452 -0.15169
-0.22830 0.04308 -0.15377
-0.15416 -0.04837 -0.16183
0.25623 -0.02560 -0.15945
-0.35850 0.09797 0.06030
0.38873 -0.02743 0.04852
-0.27679 0.05616 -0.14115
-0.24342 0.04083 -0.13922
0.07074 -0.09485 -0.15329
-0.27268 -0.05308 -0.13945
0.35736 -0.01912 -0.14111
-0.10986 0.06260 -0.14680
-0.13024 0.07427 -0.14349
-0.14917 0.08009 -0.14178
-0.13546 0.05344 -0.14911
-0.12606 0.10528 -0.13510
-0.10979 0.07154 -0.14438
-0.36147 0.11192 -0.12691
-0.22534 0.01487 -0.15759
0.36935 -0.06853 0.14088
-0.05258 0.15240 -0.08424
-0.21618 0.11645 0.13156
0.33151 0.02922 -0.10536
0.42641 -0.05373 -0.03216
-0.40974 -0.00194 0.09463
-0.11482 0.04201 -0.15440
0.32189 -0.11575 -0.09911
-0.23993 0.15962 -0.10728
-0.35516 0.11978 0.11404
0.32296 0.03452 0.06587
0.29472 0.03657 0.08481
0.34212 0.03297 0.05616
-0.18829 0.16210 -0.01982
-0.17660 0.16084 -0.06839
0.36629 -0.08128 0.14011
0.26873 -0.00761 -0.16461
-0.21987 0.16131 -0.06224
-0.20663 0.16233 -0.01863
-0.35378 -0.01536 -0.14923
-0.34724 -0.01519 -0.14982
0.30495 -0.10329 0.16836
-0.18070 0.13314 0.12724
-0.04554 0.15190 -0.08478
0.18708 -0.11520 0.03576
0.18107 -0.11318 0.06644
0.23032 -0.11710 0.10406
0.30429 -0.12648 0.08103
0.26292 -0.12272 0.06009
0.23280 -0.11993 0.04577
0.24953 -0.11936 0.10206
0.24763 -0.11972 0.08909
0.23624 -0.11822 0.09379
0.32181 -0.12805 0.09048
0.19879 -0.11468 0.07796
0.17342 -0.11291 0.05263
0.24465 -0.12084 0.05570
0.29734 -0.12470 0.10368
-0.15340 -0.09430 -0.15023
0.21944 -0.10138 -0.10484
0.23905 -0.11664 -0.10487
0.20688 -0.09805 -0.10482
-0.36739 -0.01401 -0.13129
0.26368 -0.16129 -0.14856
0.24456 -0.00096 -0.15720
-0.18261 -0.10697 -0.09700
-0.19899 -0.10589 -0.05525
-0.19194 -0.10636 -0.08732
-0.25677 -0.10208 -0.09383
-0.26941 -0.10124 -0.09757
-0.19285 -0.10630 -0.03561
-0.22060 -0.10447 -0.05025
-0.19450 -0.10619 -0.06535
-0.15748 -0.10863 -0.02403
-0.21738 -0.10468 -0.05526
-0.20578 -0.10544 -0.09712
-0.17097 -0.10774 -0.03025
-0.27207 -0.10107 -0.08821
-0.24065 -0.10314 -0.09403
-0.17661 -0.10737 -0.04632
0.38144 -0.04134 -0.10648
-0.17465 -0.12301 -0.13158
0.19847 0.03965 -0.08531
-0.30707 -0.05007 -0.16308
0.00512 0.15159 0.00555
-0.00076 0.15168 0.01305
-0.00376 0.15213 0.00375
0.03322 0.14917 0.04296
0.03535 0.14839 0.06957
-0.05437 0.02840 -0.15965
-0.12487 0.02613 -0.15873
-0.36827 0.02301 -0.14753
0.25574 -0.15924 0.12346
-0.24064 -0.03083 -0.11316
-0.32730 -0.09852 -0.00311
-0.37742 -0.09909 -0.01488
-0.39517 -0.09930 -0.02785
0.33955 -0.05870 0.14086
0.33949 -0.06134 0.10833
0.31578 -0.12613 -0.03691
0.16366 -0.11368 -0.00320
0.30234 -0.12500 -0.02747
0.29685 -0.12460 -0.03730
0.36957 -0.13034 -0.00636
0.28534 -0.12364 -0.02996
0.29819 -0.12469 -0.03182
0.37265 -0.13067 -0.02313
0.22415 -0.11864 -0.01848
0.22267 -0.11844 -0.00109
-0.08819 0.13347 0.12569
-0.03826 0.04752 0.10915
-0.04720 0.07232 0.09112
-0.04344 0.06190 0.08254
-0.04564 0.06800 0.11167
0.40681 -0.05939 0.01971
0.00370 0.14807 -0.10923
-0.02929 0.15064 -0.09410
0.11662 0.05100 0.15199
0.38151 -0.12801 -0.02856
0.39901 -0.11208 -0.04467
-0.20285 -0.10553 0.14514
-0.32980 0.16112 -0.01466
-0.33886 0.16087 -0.02262
-0.35510 0.04506 0.08456
-0.35558 0.05002 0.04688
-0.35428 0.03646 0.04050
-0.35495 0.04346 0.06277
0.06627 -0.08042 0.15671
-0.27175 -0.13250 -0.12784
0.21670 0.03720 0.12858
0.22658 0.03639 0.12903
-0.04927 0.03522 0.02672
0.34438 0.01268 0.01741
0.34037 0.01288 0.00210
0.29778 0.01470 0.00310
0.25773 -0.06922 0.16338
-0.39983 0.00601 -0.05709
-0.40871 0.00598 -0.05003
0.39470 -0.06276 0.12396
-0.01366 -0.11059 -0.16747
-0.11120 -0.10939 -0.17092
0.11561 -0.11215 -0.13930
0.06680 -0.11159 -0.16465
-0.03981 -0.11026 -0.16012
0.13593 -0.11240 -0.13886
0.04382 -0.11129 -0.15888
0.09390 0.12390 0.02339
0.08559 0.12723 0.06333
0.13930 0.08605 0.05419
0.09994 0.11677 0.05405
0.14394 0.08138 0.06750
0.08985 0.12728 0.02061
0.15474 0.07350 0.06056
0.08760 0.12740 0.04130
-0.25187 -0.10182 -0.14506
0.30324 -0.06541 0.14784
0.19127 -0.05991 -0.16253
0.08454 0.01912 -0.15974
0.18913 -0.11235 -0.13364
0.33540 0.01292 -0.05446
0.24260 0.01675 -0.06786
0.35913 0.01193 -0.05246
0.34776 0.01238 -0.05691
0.14318 0.04724 -0.14929
0.30724 -0.09128 -0.13740
-0.06007 0.03821 0.03941
-0.06480 0.05855 0.03864
-0.06948 0.07861 0.08708
-0.36118 0.03152 -0.05485
-0.24852 0.03089 -0.00198
-0.35566 0.03147 -0.13085
-0.30698 0.03122 -0.01561
-0.28803 0.03110 -0.03841
-0.27089 0.03100 -0.05008
-0.32330 0.03129 -0.10505
-0.30201 0.03118 -0.04139
-0.32550 0.03131 -0.08026
-0.30761 0.03122 -0.03311
-0.34091 0.03141 -0.01011
-0.30485 0.03120 -0.05132
-0.33954 0.03139 -0.09695
-0.24414 0.03086 -0.01585
-0.32083 0.03128 -0.08809
-0.28397 0.03109 -0.01291
-0.31695 0.03127 -0.04952
-0.33353 0.03136 -0.06185
-0.32170 0.03129 -0.09489
0.20688 0.02563 0.07279
-0.21232 -0.15748 -0.14114
-0.35795 0.13222 0.11037
-0.35276 0.14546 0.10531
-0.20343 0.15337 -0.00689
-0.11544 0.14899 -0.02139
-0.18274 0.15234 -0.06686
-0.20000 0.15320 -0.07195
-0.16731 0.15157 -0.00678
-0.21451 0.15393 -0.02549
-0.16769 0.15159 -0.06206
-0.09566 0.14800 -0.00507
-0.11698 0.14906 -0.03155
-0.19103 0.15275 -0.07776
-0.16576 0.15149 -0.03225
-0.19805 0.15310 -0.05323
-0.12045 0.14923 -0.01154
-0.20763 -0.02922 0.15882
-0.01082 0.10199 0.13631
-0.02113 0.10508 0.13548
0.00341 0.10533 0.13537
-0.02108 0.09983 0.13691
-0.02863 0.09989 0.13691
-0.00471 0.07451 0.14383
-0.27958 -0.02933 0.13876
0.15887 0.07254 0.03137
0.12140 0.10311 0.01466
0.18604 0.04916 0.05921
0.15726 0.07525 0.01243
0.17344 0.05974 0.04977
0.10869 0.11350 0.00874
0.17412 0.06247 0.00724
0.11613 0.10718 0.01520
-0.40798 0.02164 0.06814
-0.40946 0.02803 0.04036
-0.22119 -0.14254 0.14338
0.26616 -0.13074 -0.15041
0.06824 0.14102 0.04179
-0.11061 0.15718 -0.11152
-0.12129 0.15538 -0.11340
-0.38366 0.15282 -0.07208
0.14473 0.08056 -0.06947
0.14645 0.07840 -0.07432
0.16838 0.05992 -0.08268
0.15198 0.06990 -0.09888
0.17946 0.05040 -0.08798
0.08941 0.12344 -0.07021
-0.23797 0.05333 0.14190
-0.29958 0.05428 0.13778
-0.27460 0.05753 0.14038
-0.37881 0.14636 0.03003
0.10925 0.06142 0.13959
-0.24776 0.14886 0.11843
-0.11670 0.02711 -0.03364
-0.05857 0.02462 -0.04356
-0.16760 0.02930 -0.02760
-0.06669 0.02498 -0.02419
-0.09518 0.02614 -0.08490
-0.17917 0.02981 -0.01233
-0.07094 0.02508 -0.09984
-0.07747 0.02540 -0.06312
-0.13155 0.02772 -0.06379
-0.12724 0.02758 -0.02276
-0.13837 0.02806 -0.01344
-0.10615 0.02662 -0.07139
-0.08069 0.02555 -0.05110
-0.07664 0.02544 -0.00243
-0.10898 0.02677 -0.04861
-0.12578 0.02747 -0.06014
-0.15220 0.02866 -0.01049
-0.12288 0.02733 -0.07368
-0.21793 0.02516 -0.15577
-0.40928 -0.08982 0.07007
-0.40819 -0.08604 0.08388
-0.40662 -0.06786 0.10057
0.32845 -0.06110 0.17464
0.35181 -0.10398 -0.11424
0.35192 -0.10064 -0.12409
0.29305 -0.09431 0.14897
-0.32695 -0.08642 -0.14669
-0.22282 0.06524 -0.14861
0.18792 0.05065 -0.03180
0.26751 -0.15913 -0.17089
0.22374 0.04333 -0.07827
0.23225 0.04455 -0.04738
-0.39566 -0.04905 0.13213
-0.11370 0.02703 0.05332
-0.08463 0.02578 0.01935
-0.07498 0.02537 0.09436
-0.06573 0.02497 0.11180
-0.04518 0.02409 0.03348
-0.09451 0.02620 0.02334
-0.04727 0.02418 0.09699
-0.16084 0.02904 0.00631
-0.12321 0.02743 0.04776
-0.13247 0.02783 0.04708
-0.06147 0.02479 0.08890
-0.12790 0.02763 0.00918
-0.09235 0.02611 0.05047
-0.15595 0.02883 0.03697
-0.10407 0.02661 0.00808
-0.04847 0.02423 0.05498
-0.13367 0.02788 0.02764
-0.12307 0.02743 0.01318
-0.09826 0.02636 0.02744
0.26220 0.04264 0.01724
0.26225 0.04290 0.00064
-0.02445 0.04368 0.15230
-0.37136 -0.09072 -0.13554
-0.02169 0.14936 0.11043
0.40514 -0.10471 0.06777
-0.09128 0.16008 0.04998
0.08810 0.08861 0.13682
-0.34323 0.01910 0.14966
-0.34954 0.08013 -0.07926
0.34301 -0.13714 -0.00608
0.23139 -0.04235 0.10418
-0.15149 -0.00305 -0.16016
-0.16499 0.00303 -0.15954
-0.10590 0.01151 -0.16036
-0.17594 0.01327 -0.15873
-0.06564 0.01949 -0.16081
-0.24477 -0.00164 -0.16320
0.17677 -0.03074 -0.15951
-0.41063 0.02362 0.06020
-0.41110 0.01284 0.06227
0.11571 -0.11214 -0.08403
0.14574 -0.11251 -0.13107
0.06164 -0.11149 -0.10222
-0.11396 -0.10935 -0.10871
0.12633 -0.11227 -0.08005
0.11607 -0.11215 -0.04808
-0.01423 -0.11056 -0.07177
0.05644 -0.11142 -0.03625
0.13281 -0.11235 -0.02103
0.05128 -0.11136 -0.11786
-0.05067 -0.11012 -0.09721
0.07526 -0.11165 -0.07937
0.07735 -0.11168 -0.10706
0.06047 -0.11147 -0.04518
0.07089 -0.11160 -0.03330
-0.04978 -0.11013 -0.08796
0.14014 -0.11244 -0.08839
-0.02238 -0.11046 -0.09561
-0.04263 -0.11021 -0.09199
0.08330 -0.11175 -0.04071
0.09946 -0.11195 -0.07832
0.07396 -0.11164 -0.04727
0.09039 -0.11184 -0.05554
0.04651 -0.11130 -0.04042
0.01291 -0.11089 -0.08016
-0.00541 -0.11067 -0.10764
0.08494 -0.11177 -0.02503
0.03177 -0.11112 -0.12090
-0.07748 -0.10979 -0.09675
0.03286 -0.11114 -0.10905
0.04558 -0.11129 -0.06608
0.08372 -0.11176 -0.09301
0.37160 -0.10806 -0.10433
-0.40860 0.01315 0.01176
0.05264 0.14730 0.04265
0.28824 -0.09792 -0.14151
-0.13095 0.14884 -0.12013
-0.14786 0.14807 -0.12083
0.27445 -0.10694 0.15463
0.10634 -0.10782 -0.17305
-0.21742 0.09823 -0.08139
-0.40136 -0.07338 0.11679
-0.21610 0.10454 -0.00781
0.30169 0.03233 0.10478
-0.07954 0.12262 -0.13049
-0.05921 0.11178 -0.13355
-0.10618 0.11614 -0.13218
-0.12893 0.13270 -0.12754
-0.06299 0.07330 -0.14414
-0.05727 0.07517 -0.14364
-0.06793 0.09536 -0.13804
-0.07438 0.07550 -0.14350
0.22373 0.04538 0.04112
0.22891 0.04507 0.03416
0.32901 -0.01855 0.15224
-0.21077 0.05331 -0.15207
-0.24518 -0.02301 0.15632
-0.38162 0.14161 -0.07014
-0.21516 -0.05785 -0.10674
-0.18512 -0.06748 -0.10677
-0.25297 -0.03649 -0.10658
0.36322 -0.03724 -0.13562
0.36527 -0.00214 0.10601
-0.37293 0.01243 -0.01133
-0.37002 0.02205 -0.01816
-0.40862 0.01756 -0.06137
0.41511 -0.04334 -0.04677
0.06767 0.13912 0.07022
0.11465 0.03139 -0.14630
-0.30037 0.16012 -0.08103
0.12710 0.05070 0.15789
0.07247 0.05799 -0.14783
0.10576 0.07016 -0.14450
-0.00549 0.04368 -0.15223
0.07981 0.06459 -0.14616
-0.01296 0.02271 0.07177
0.01957 0.02133 0.12343
-0.01075 0.02261 0.14327
0.00483 0.02195 0.11924
-0.01219 0.02267 0.12609
0.09479 0.01816 0.12333
0.02154 0.02125 0.10398
-0.02047 0.02303 0.09230
0.03981 0.02048 0.11086
0.05323 0.01992 0.12010
-0.01317 0.02272 0.05982
-0.01809 0.02293 0.05364
0.05668 0.01977 0.10543
0.02622 0.02107 0.05910
0.17124 0.03230 -0.15570
-0.02279 -0.09897 -0.14947
-0.37747 0.02516 0.00399
-0.01778 0.15109 -0.06610
0.00859 0.14965 -0.06128
-0.16819 -0.08418 -0.14410
-0.29135 0.16017 0.08373
-0.27162 -0.07561 -0.13952
-0.06909 0.08592 -0.05174
0.01309 0.13946 0.03358
0.05067 0.13385 0.09610
0.05997 0.13260 0.10867
0.01902 0.13829 0.04993
-0.03481 0.14398 0.01292
0.04464 0.13505 0.07947
-0.36023 -0.09892 0.04670
-0.34741 -0.09877 0.04235
-0.31728 -0.09840 0.09325
-0.36561 -0.09899 0.07013
-0.35060 -0.09881 0.05700
-0.32924 -0.09855 0.07010
-0.33630 -0.09863 0.05728
-0.32461 -0.09849 0.08248
0.11291 0.05390 0.14836
-0.25727 -0.02040 -0.14455
-0.31029 0.01906 0.15202
-0.28627 0.02225 0.15354
-0.39185 0.06164 -0.12536
-0.15138 0.16032 0.07673
-0.14916 0.16103 0.04255
-0.17124 0.16061 0.07714
0.21681 -0.12910 -0.16166
-0.23343 0.06053 0.14971
0.12596 0.07075 -0.14198
-0.33442 0.04993 -0.14623
-0.21125 0.15750 -0.11086
0.26288 -0.03540 0.15908
0.41661 -0.02775 -0.07512
0.37927 -0.01850 -0.09828
0.28505 -0.16087 0.15035
-0.19840 -0.03080 0.12186
-0.17515 -0.04775 0.13115
-0.18657 -0.03640 0.14283
-0.05084 -0.01786 -0.16236
-0.13632 -0.02478 -0.16072
0.31278 -0.06063 -0.12641
0.31572 -0.01948 -0.16285
0.41453 -0.05180 -0.00235
-0.35677 -0.09904 -0.10349
-0.36241 -0.09960 -0.11060
-0.22883 0.16245 -0.00366
-0.22555 0.16221 -0.01713
-0.23429 0.02740 -0.15485
-0.36730 -0.10478 -0.12687
0.40059 -0.10999 -0.05459
-0.04331 -0.00511 -0.16245
-0.05034 -0.00704 -0.16240
-0.10626 -0.00199 -0.16103
0.30803 -0.08816 0.14579
-0.41417 -0.09782 0.00946
-0.37883 -0.02059 -0.13683
-0.39291 -0.02001 -0.13574
-0.18798 -0.13858 -0.16841
0.37949 -0.01497 0.10962
0.39213 -0.06453 0.01969
0.39600 -0.04420 0.02519
0.39487 -0.04652 0.03964
0.38683 -0.09507 0.00018
0.11855 0.05907 -0.17140
-0.36118 -0.06981 0.13302
-0.18444 0.04363 -0.01202
-0.19579 0.07449 -0.10110
-0.18134 0.03519 0.05988
-0.18142 0.03543 -0.04436
-0.18724 0.05125 -0.02914
-0.18474 0.04445 -0.10816
-0.18058 0.03315 -0.08667
-0.18495 0.04502 -0.00025
-0.18858 0.05488 -0.01242
-0.17946 0.03009 0.05863
0.28460 -0.02670 -0.10910
0.37560 -0.01589 -0.10347
-0.38518 0.13953 0.06169
-0.38496 0.13825 0.07102
-0.39469 0.09621 0.08182
-0.39227 0.10176 0.10017
-0.39433 0.09203 0.10595
-0.40760 -0.01932 -0.09213
-0.32458 -0.07454 0.15369
0.04437 0.11618 -0.13224
0.06830 0.10629 -0.13486
0.04452 0.10708 -0.13469
0.06749 0.09646 -0.13750
-0.40062 0.03094 0.06854
-0.37596 0.03094 0.09999
-0.37763 0.03094 0.10629
0.36711 -0.02117 -0.13117
0.30648 -0.02595 -0.14429
0.38193 -0.08996 -0.07395
0.37295 -0.12682 -0.08738
0.37863 -0.11065 -0.06947
-0.07301 0.14687 0.09762
-0.09037 0.14773 0.07562
-0.12343 0.14938 0.07858
-0.12433 0.14943 0.09898
-0.11015 0.14872 0.05281
-0.08420 0.14743 0.03184
-0.05448 0.14594 0.07051
-0.12711 0.14957 0.05918
-0.08609 0.14752 0.02299
-0.05320 0.14588 0.01733
-0.06014 0.14623 0.08859
-0.09975 0.14820 0.06103
-0.05808 0.14612 0.05627
-0.05102 0.14577 0.04707
-0.42523 -0.05353 0.10984
-0.42564 -0.06857 0.09215
-0.03736 -0.11028 -0.12183
0.06828 -0.11157 -0.12921
-0.14111 -0.10902 -0.11935
0.31834 -0.06473 -0.10007
-0.25111 -0.09661 -0.14829
0.26136 -0.06930 0.14509
0.25065 0.01557 0.13792
0.25821 0.01528 0.13868
0.27165 0.01489 0.15258
0.39012 -0.12432 -0.09582
-0.33826 0.04689 0.07979
-0.34143 0.06265 0.05797
-0.34467 0.07883 0.06544
-0.34400 0.07550 0.07643
0.07993 -0.08081 -0.15958
-0.35984 0.09597 0.11243
-0.36141 0.10240 0.11203
-0.10205 -0.07069 -0.15585
-0.10118 -0.05846 -0.15800
0.01265 -0.09293 0.15537
-0.43069 -0.07044 0.00663
0.17484 -0.03048 0.15970
-0.06144 -0.11001 0.13802
0.09117 -0.11185 0.13680
-0.09667 -0.10956 0.12961
0.11712 -0.11220 0.15326
0.06774 -0.11158 0.14121
0.14777 -0.11254 0.13513
0.00945 -0.11086 0.13766
0.10033 -0.11202 0.16787
-0.10401 -0.10947 0.12867
0.12688 0.05759 -0.15467
0.29179 -0.04534 0.10480
0.31140 -0.03710 0.10480
0.32405 -0.05407 0.10480
0.29795 -0.03968 0.10480
0.27430 -0.06142 0.10480
-0.35837 0.08632 -0.04322
0.11183 0.08733 -0.13585
-0.38092 -0.02059 0.13160
0.36863 -0.01430 -0.12866
0.41821 -0.10536 0.02587
-0.20137 -0.14136 -0.16841
0.19201 -0.04602 0.16009
0.29936 -0.10513 0.15761
0.11049 0.05407 -0.15441
-0.13372 0.13341 0.12188
-0.29816 -0.05682 0.14158
-0.41856 0.03284 0.08234
-0.35115 0.08807 -0.03920
-0.35688 0.11034 -0.11636
-0.35823 0.10251 -0.10908
-0.17486 -0.06124 0.14915
0.25719 0.04052 0.08021
0.26308 0.03963 0.08745
0.26956 0.04148 0.04698
0.23752 0.03420 0.14022
0.26881 0.03266 0.13597
0.39127 -0.01401 -0.06917
0.11851 -0.11218 -0.13409
-0.06613 -0.10993 -0.12596
0.04901 -0.11133 -0.14642
-0.12746 -0.10918 -0.12610
-0.04703 -0.11016 -0.15776
0.07776 -0.11168 -0.13762
0.00794 -0.11083 -0.13627
-0.04738 -0.11016 -0.15188
-0.01073 -0.11060 -0.14200
-0.04800 -0.11015 -0.14598
-0.11643 -0.10932 -0.13157
-0.07918 -0.10977 -0.13588
-0.19016 -0.06940 -0.14895
-0.42340 -0.08784 -0.03105
0.20592 -0.11652 0.13701
-0.34563 0.07897 0.05533
0.38722 -0.09169 -0.00664
0.39523 -0.04744 -0.02758
0.38566 -0.09779 -0.01372
0.38984 -0.07805 -0.00981
0.37217 -0.03967 0.13985
0.06196 0.13498 0.11614
-0.19134 -0.02967 0.16169
0.23339 0.01646 -0.11304
0.25360 0.01605 -0.08737
0.31620 0.01307 -0.11114
0.35998 0.01116 -0.11691
0.24949 0.01571 -0.11818
0.21159 0.01776 -0.08841
0.34380 0.01182 -0.11777
0.34694 0.01178 -0.11206
0.23134 0.01666 -0.10586
0.21300 0.04562 -0.04045
0.25024 -0.15728 -0.15457
-0.35489 0.13830 -0.10908
0.29801 0.03905 -0.00474
0.32359 0.03612 -0.00322
0.29000 0.03977 -0.02145
0.08997 0.01699 0.04060
0.40291 -0.03896 0.08253
0.22160 0.04592 -0.01853
0.21623 0.04662 -0.00298
0.22608 0.04576 -0.00649
-0.05639 0.07897 -0.04893
-0.06803 0.07897 -0.09116
-0.21734 0.09072 0.08797
0.17025 0.04294 0.12312
0.15145 0.04086 0.13050
0.15852 0.04130 0.05253
0.16374 0.04209 0.09735
0.36642 -0.08056 -0.13938
-0.25502 -0.06095 -0.14829
-0.43026 -0.07395 -0.02408
-0.21383 0.09253 -0.05203
0.17824 0.02407 0.15681
-0.15907 -0.07897 -0.14052
-0.06857 0.15819 -0.07214
0.28411 0.04018 -0.04517
0.31425 0.03683 -0.03812
0.32637 0.03555 -0.02728
0.33401 0.03460 -0.03697
0.34820 -0.00731 0.14554
-0.17348 0.11853 -0.13123
-0.17738 0.08002 -0.14163
-0.17548 0.09783 -0.13682
0.30661 -0.15180 -0.12223
-0.04133 0.05603 -0.03826
-0.03526 0.03922 -0.04534
-0.03130 0.02821 -0.07279
-0.04040 0.05346 -0.05527
-0.03846 0.04809 -0.04064
0.37920 0.01786 -0.08909
-0.19125 0.04206 0.14383
0.18693 0.04322 0.01148
0.17289 0.04210 0.01451
0.19597 0.04394 0.00785
0.36811 0.02695 0.06362
-0.18718 0.05808 0.14491
-0.36537 -0.08154 0.14112
0.38335 -0.07260 0.08485
0.38706 -0.05220 0.08444
-0.31109 0.15782 -0.10689
0.31134 -0.13201 -0.14890
-0.33965 0.16069 0.03182
-0.32238 0.16071 0.04066
-0.23210 -0.02271 0.14914
0.08372 0.10170 0.12783
0.06080 0.11837 0.12385
-0.20514 -0.08061 0.16558
-0.25140 0.16021 0.09771
-0.27815 0.15992 0.09682
-0.08253 0.14972 0.11939
-0.36901 0.15158 0.07080
-0.37461 0.14854 0.05094
-0.35998 0.03710 -0.12687
-0.36913 0.14612 0.02262
-0.37456 0.14287 0.07130
-0.36829 0.14598 0.03159
-0.19364 -0.03807 0.15813
0.37315 -0.02732 0.12322
0.33248 0.00662 -0.14792
-0.19848 -0.10593 0.03893
-0.16973 -0.10782 0.09434
-0.19505 -0.10615 0.02277
-0.16333 -0.10824 0.03205
-0.19935 -0.10587 0.01116
-0.18782 -0.10663 0.00046
-0.23233 -0.10370 0.00965
-0.17597 -0.10741 0.03402
-0.21839 -0.10462 0.05247
-0.17104 -0.10774 0.05455
-0.21516 -0.10483 0.05918
-0.25098 -0.10247 0.00681
-0.16083 -0.10841 0.04047
-0.15929 -0.10851 0.08587
-0.32088 0.08030 0.13873
-0.32366 0.08543 0.13702
-0.27234 0.08426 0.14034
-0.28557 0.06784 0.14452
-0.30640 0.10797 0.13124
-0.31325 0.08990 0.13628
-0.25724 0.06845 0.14597
-0.34777 0.13705 0.12009
-0.26087 0.08097 0.14200
0.14877 -0.05737 -0.15761
0.12663 -0.04334 -0.15942
0.11213 -0.04690 -0.15909
0.15999 -0.03738 -0.15993
0.02501 -0.05222 -0.15899
0.08725 0.03167 0.14967
0.06464 0.02915 0.14832
0.39791 -0.03593 -0.01497
-0.33637 -0.06088 0.14755
0.04695 0.13638 -0.03899
-0.03464 0.14417 -0.00820
0.06178 0.13554 -0.01454
-0.01153 0.14206 -0.01166
0.04007 0.13721 -0.02723
0.05152 0.13669 -0.00216
0.32434 0.02260 0.14677
0.23851 -0.02528 -0.15387
0.29318 0.01382 -0.14647
0.27104 0.01422 -0.14442
-0.03560 0.09056 0.12971
-0.03893 0.10094 0.12749
0.02739 0.02825 0.14741
0.05539 0.02631 0.14690
-0.18582 0.16115 -0.06112
-0.20097 0.16215 -0.02662
0.21114 -0.12886 0.15120
0.22075 -0.10250 0.10485
-0.17797 -0.08731 0.16445
-0.35501 0.04405 -0.09085
-0.35690 0.06383 -0.08585
-0.18960 -0.14358 0.14619
-0.29048 0.15921 0.10609
-0.24935 0.11018 -0.13258
-0.24317 0.07283 -0.14541
-0.28074 0.14343 -0.12034
-0.27044 0.09401 -0.13738
-0.22535 0.11430 -0.13194
-0.23549 0.11708 -0.13068
-0.29020 0.12434 -0.12650
-0.26109 0.10877 -0.13268
-0.27178 0.14059 -0.12158
-0.30746 0.11790 -0.12813
-0.16243 0.02911 0.11157
-0.16235 0.02911 0.08954
-0.14330 0.02829 0.06659
-0.12305 0.02743 0.11794
-0.09103 0.02606 0.12627
-0.13531 0.02795 0.07806
-0.12875 0.02767 0.06906
-0.15817 0.02893 0.04698
-0.19517 0.03051 0.00412
-0.16602 0.02926 0.11881
-0.17056 0.02946 0.13361
-0.13769 0.02805 0.10263
-0.14992 0.02858 0.12233
-0.15116 0.02863 0.08570
-0.19611 0.03055 0.07315
-0.41006 0.04571 0.06968
0.18734 -0.02186 -0.15954
0.40716 -0.06664 0.01120
0.11680 0.05499 0.17551
-0.41870 0.03605 0.03529
-0.19417 0.15983 0.10734
0.37993 -0.03182 -0.11096
-0.38930 0.15039 0.00876
0.18917 0.02846 -0.12236
-0.10823 -0.04546 0.15954
-0.13298 -0.04206 0.15976
-0.09890 -0.04600 0.15955
0.30944 -0.09386 0.14635
-0.04919 0.04019 0.15549
-0.18811 -0.05062 0.11159
0.19155 0.05225 0.00373
-0.09334 0.14324 -0.12392
-0.20600 0.16156 0.05535
-0.20365 0.16196 0.03753
-0.38619 -0.00985 -0.11602
0.23717 -0.15472 -0.12181
0.41527 -0.09147 0.07073
-0.04087 0.12336 -0.13045
-0.21728 0.07844 0.04234
-0.21600 0.07265 -0.03511
-0.21467 0.06663 -0.01238
-0.21321 0.06007 -0.04200
-0.21616 0.07337 -0.00465
-0.21523 0.06918 0.04660
-0.21166 0.05307 -0.02123
-0.21607 0.07295 -0.11039
-0.21737 0.07881 -0.06431
-0.21146 0.05217 -0.05268
-0.36813 0.05835 -0.13254
-0.38190 -0.05067 0.14224
-0.01077 0.14993 -0.08712
0.35295 0.01196 0.08392
0.29625 0.01443 0.07574
0.36782 0.01135 0.08198
0.13574 0.04852 0.14094
-0.39613 0.10071 -0.04455
-0.39147 0.11970 -0.04332
-0.39483 0.10484 -0.04891
-0.39259 0.11364 -0.04949
0.26000 -0.13753 -0.16933
-0.18255 -0.10060 -0.16841
-0.23481 -0.06968 0.16090
0.34384 -0.13570 -0.01776
-0.38789 0.04527 0.13513
-0.37862 -0.04243 0.14487
0.19694 0.03959 -0.12308
-0.03515 0.03890 0.08665
-0.03516 0.03894 0.06508
-0.03426 0.03643 0.07595
-0.03316 0.03338 0.08860
-0.03192 0.02994 0.04479
0.26218 -0.09001 0.14404
-0.40770 0.05536 -0.00625
-0.04490 -0.10203 -0.14731
0.13499 0.02958 -0.04965
0.12775 0.02464 -0.08998
0.14177 0.03421 -0.03274
0.12291 0.02133 -0.03882
0.14129 0.03388 -0.01263
0.27728 -0.14460 -0.12931
-0.20810 -0.10529 0.10264
-0.26200 -0.10174 0.03625
-0.24463 -0.10289 0.05517
-0.25542 -0.10217 0.08311
-0.21445 -0.10487 0.09886
-0.30588 -0.09885 0.02379
-0.24521 -0.10284 0.07315
-0.26938 -0.10125 0.09742
-0.28180 -0.10043 0.02160
-0.31177 -0.09845 0.09960
-0.29104 -0.09982 0.02756
-0.30413 -0.09896 0.00848
-0.27940 -0.10059 0.07775
-0.30369 -0.09898 0.10147
-0.41788 -0.05018 0.10886
-0.26467 0.16210 -0.00142
-0.25367 0.16181 -0.02222
-0.25505 0.16138 -0.04224
-0.23767 0.16096 -0.07266
-0.25628 0.16113 -0.05399
-0.24107 0.16185 -0.02694
-0.09435 -0.07818 0.15876
-0.29653 0.15974 -0.09473
-0.23533 0.16056 -0.09129
-0.20424 0.11572 0.12339
-0.18885 0.10677 0.12708
-0.19738 0.09421 0.13006
0.38793 -0.00820 0.04451
0.33110 -0.09357 0.12614
0.38322 -0.12755 0.00763
0.39006 -0.11984 0.04450
-0.05691 -0.08081 -0.15962
0.37563 -0.04888 0.13904
