-0.32904 -0.11999 -0.12786
-0.33442 -0.02007 0.02872
-0.32249 0.00249 0.01810
-0.34070 -0.03195 0.04045
-0.32377 -0.00008 -0.03537
-0.10006 0.03337 0.08656
-0.07331 0.03322 0.08082
-0.18578 -0.15344 0.09987
0.14618 -0.10125 0.01373
0.12750 -0.12872 -0.12623
-0.18655 -0.15336 -0.10519
0.42052 -0.06340 -0.00127
0.09725 -0.13168 0.10811
0.07745 -0.11832 0.00548
-0.40104 -0.07311 -0.09790
0.05683 -0.05596 -0.01789
0.03191 -0.04527 -0.05008
-0.11359 -0.13671 0.10861
0.06590 -0.06833 -0.00448
-0.32638 -0.04120 0.10204
-0.19812 -0.10614 -0.10155
-0.18188 -0.11507 -0.12728
-0.12710 -0.06368 -0.11162
-0.23954 -0.13374 -0.12741
0.31876 -0.17549 0.10840
-0.26033 -0.06913 0.06367
-0.32267 -0.10386 0.13188
-0.39396 -0.10584 -0.10957
-0.32444 -0.02925 -0.11754
-0.16073 -0.04366 -0.11334
-0.13408 -0.04571 -0.11417
-0.17881 -0.04066 -0.11262
0.42326 -0.12535 -0.01641
-0.18163 -0.10547 -0.11747
0.11121 -0.08383 0.13251
-0.18399 -0.10453 0.12137
0.16905 -0.05096 -0.08329
0.01614 -0.12951 -0.11979
0.29898 -0.07487 0.09720
0.05847 -0.06348 -0.13307
0.34269 -0.14098 0.07319
0.33226 -0.12705 0.07319
0.30486 -0.12575 0.07319
0.31356 -0.13142 0.07319
0.40868 -0.14680 -0.11891
0.02075 -0.12186 0.00253
0.43602 -0.12645 0.11814
0.16673 -0.00993 -0.02856
-0.24304 -0.10536 0.05989
-0.08367 0.02274 -0.04631
-0.03623 0.02115 -0.04833
-0.06247 0.02203 -0.04707
-0.27133 -0.11672 0.00206
0.27773 -0.06095 -0.12579
0.22008 -0.04551 0.01404
0.12794 0.00931 0.02252
-0.14909 -0.05534 -0.12454
0.05803 -0.05803 -0.08033
-0.29118 -0.11885 -0.06137
-0.31230 -0.12019 -0.06520
0.36811 -0.12393 0.03357
0.31183 -0.14869 -0.10568
0.08044 -0.12255 -0.04785
-0.35835 -0.08590 -0.13512
0.01617 -0.13026 -0.12677
0.12029 -0.04525 -0.11622
-0.23721 -0.13234 0.11517
0.07637 -0.11138 0.02385
-0.21278 -0.07955 0.07776
-0.25126 -0.05647 -0.14508
-0.25154 0.02900 0.02551
0.17651 -0.07584 0.09509
0.24634 -0.13888 0.09293
0.06147 -0.13450 0.05155
0.42877 -0.11029 -0.08909
0.39882 -0.07012 -0.09277
-0.09335 -0.08830 0.13325
0.26623 -0.04891 -0.06560
0.12803 -0.10254 0.05761
0.02214 -0.11157 -0.06625
0.11109 -0.13221 0.00875
0.13449 -0.13222 -0.01877
0.09430 -0.13220 0.03158
0.07840 -0.13220 0.07320
0.09715 -0.13220 0.04059
0.09831 -0.13220 0.07551
0.14655 -0.13222 -0.03413
0.09794 -0.13220 0.06220
0.14209 -0.13222 0.07671
0.14199 -0.13222 -0.00997
0.26278 -0.13893 -0.12213
-0.40181 -0.08613 -0.13322
-0.06750 0.02925 0.10731
-0.22401 -0.04758 -0.11318
-0.40196 -0.07505 0.11937
-0.40685 -0.13137 -0.06873
0.35700 -0.12435 0.05394
0.12299 -0.12786 -0.09540
0.13668 -0.12849 -0.09739
-0.13827 -0.13477 0.02114
-0.15513 -0.03125 0.10921
-0.18254 -0.04391 0.11018
-0.16652 -0.02481 0.10836
-0.19637 -0.02700 0.10817
-0.15772 -0.03927 0.11003
0.33816 -0.16097 -0.10860
-0.09752 0.06152 0.03538
0.16802 -0.05669 0.12189
0.26603 -0.10160 0.00109
-0.24184 -0.11557 0.00642
0.04240 -0.06895 -0.13519
0.03193 -0.00127 -0.03958
-0.26708 0.06333 0.05728
-0.01264 -0.12975 0.10920
-0.17185 -0.11632 -0.11358
0.32306 -0.15338 0.11763
0.40945 -0.07868 0.09763
0.03196 -0.00832 -0.07126
-0.33304 -0.02803 -0.08515
-0.19189 -0.13021 0.10462
0.22197 -0.08822 0.13147
0.36862 -0.10618 -0.00114
-0.41526 -0.11141 0.09696
-0.41412 -0.10664 -0.11549
0.29317 -0.15785 -0.10822
0.24352 -0.12934 -0.04631
-0.14310 0.03557 -0.05510
0.16940 -0.11415 0.12709
0.21446 -0.11643 0.01833
-0.15285 -0.07565 0.13346
0.27502 -0.10428 -0.11421
0.13653 -0.10043 -0.08698
-0.18163 -0.13002 0.11804
0.40293 -0.06636 0.11713
-0.25066 0.02395 0.05681
-0.19917 -0.11744 -0.13241
0.28398 -0.11396 -0.04656
-0.42924 -0.08138 0.09194
0.43425 -0.12490 0.10604
-0.27204 0.02978 0.02947
0.14797 -0.11579 -0.09555
0.24314 -0.11430 0.06169
0.24281 -0.10454 0.05590
-0.34498 -0.03044 -0.12031
0.14016 -0.00796 -0.00518
0.40897 -0.14665 -0.10097
-0.21761 0.03494 0.08402
0.39018 -0.12713 0.11293
0.10096 -0.05407 -0.12583
-0.41291 -0.10456 -0.06090
0.05920 -0.05894 -0.08995
0.09060 -0.02289 0.10773
0.09481 -0.13170 -0.04203
-0.16065 0.03936 -0.05120
0.36502 -0.10127 -0.00111
0.28493 -0.09112 -0.12250
-0.21049 -0.11932 -0.10097
0.24286 -0.08091 -0.04678
0.42928 -0.07541 0.10437
0.19342 -0.04712 0.10418
-0.27001 0.01062 0.09837
0.02829 -0.04792 -0.11381
0.01784 -0.08110 0.11062
0.03071 0.02059 -0.02145
-0.00170 0.02198 -0.02057
-0.32831 -0.00220 0.06485
0.43139 -0.08065 0.02087
0.24387 -0.14297 -0.05230
0.18526 -0.14268 -0.04696
0.11202 -0.13170 -0.05220
-0.17936 -0.04606 -0.11039
-0.19444 -0.16727 0.09709
-0.27379 0.04658 0.05920
0.19744 -0.04604 -0.10419
-0.10117 0.05428 0.01186
0.40480 -0.11951 0.12540
-0.23653 -0.12767 -0.10200
0.30411 -0.13709 0.07469
0.30474 -0.13905 0.09068
0.06469 -0.08479 -0.04453
-0.24349 -0.06019 0.09707
0.43412 -0.13303 0.08661
0.29648 -0.14308 -0.05055
0.38214 -0.11969 -0.10586
-0.25526 -0.09904 0.09444
-0.16255 0.00761 0.10399
-0.39720 -0.04241 0.11313
-0.12050 0.02565 -0.00470
-0.12121 0.02719 -0.01142
-0.08463 0.02530 -0.00772
0.20141 -0.14690 -0.04837
0.25636 -0.14998 -0.05013
0.16723 -0.12183 0.12478
-0.03635 0.05095 -0.00645
0.22133 -0.14543 0.11524
0.33977 -0.05347 0.06885
0.22603 -0.09835 0.05714
-0.11434 0.04443 0.03121
0.17045 -0.10460 -0.12063
0.29955 -0.05700 0.09935
-0.24058 -0.16873 0.11483
-0.21862 -0.17163 0.09732
0.21229 -0.12838 -0.07707
0.07015 -0.13137 -0.03878
0.40007 -0.14562 -0.12661
0.07332 -0.09794 -0.01338
0.21170 -0.04713 -0.03891
-0.28070 0.04849 0.00543
0.22213 -0.04037 -0.05578
0.29808 -0.06744 -0.00755
-0.06671 -0.11608 -0.13275
0.18158 -0.11103 0.12757
0.11323 -0.10653 -0.02435
-0.41441 -0.04760 -0.11127
-0.35822 -0.04394 -0.00074
-0.29390 0.01787 0.07005
0.28899 -0.04979 0.06300
0.02331 -0.12001 -0.13086
-0.30244 0.03162 -0.01371
-0.17224 -0.12313 0.00518
-0.10930 -0.12425 0.00865
-0.12577 0.03355 -0.00825
0.09333 -0.09074 0.13241
-0.21220 -0.11584 -0.07781
-0.10046 0.02985 -0.08759
-0.19625 -0.16263 -0.10491
0.19080 -0.02280 0.01165
0.29719 -0.11363 0.04358
-0.18079 -0.10479 0.11771
0.30287 -0.09245 0.10105
-0.33382 -0.04430 0.10937
0.04250 0.00008 0.10458
0.07101 -0.12697 0.07557
0.35403 -0.10200 -0.00604
-0.18115 -0.10144 0.10160
-0.19154 -0.12860 0.09993
-0.16730 -0.11546 0.10262
-0.14264 -0.12917 0.10471
-0.21778 -0.09490 0.09816
-0.18626 -0.09744 0.10119
-0.14250 -0.11312 0.10511
-0.21998 -0.11524 0.09746
-0.23497 -0.09306 0.09652
-0.21070 -0.07155 0.09941
0.37643 -0.11628 0.12634
0.00053 -0.13510 -0.07937
-0.02483 -0.13694 -0.06795
-0.11131 -0.13680 -0.06901
0.02258 -0.13497 -0.08009
0.03079 -0.13568 -0.07571
0.03232 -0.13829 -0.05945
-0.02981 0.06536 0.03918
0.19350 -0.06300 -0.12970
-0.33041 -0.04046 0.09199
0.41995 -0.07358 0.06960
-0.22638 -0.11078 0.05599
-0.26997 -0.11861 0.08090
-0.26040 -0.11647 0.06358
0.19877 -0.04332 0.09475
-0.06267 0.05699 0.01215
0.05983 -0.07471 -0.13629
-0.11161 0.03371 0.03390
-0.03145 0.06434 0.04420
0.15512 -0.06031 0.12570
-0.00667 0.07859 -0.04229
-0.29246 -0.09495 0.11393
-0.29604 -0.10145 0.11475
-0.30236 -0.10585 0.11530
-0.28708 -0.06351 0.10996
0.38685 -0.07891 0.12739
0.35498 -0.09626 -0.04268
0.02025 -0.07775 -0.13575
-0.25431 -0.04132 0.11216
0.07257 -0.10906 -0.08960
0.19521 -0.02706 -0.03871
0.13593 -0.04239 0.13303
-0.19349 -0.09825 -0.11313
0.20757 -0.05051 0.10345
0.11595 -0.11830 -0.13044
-0.09094 0.02376 0.00346
-0.08013 0.02376 -0.01094
-0.07543 0.02376 -0.03823
-0.01790 0.07524 -0.06814
0.11210 -0.04091 0.11153
0.07711 -0.10805 -0.00237
-0.05073 -0.13379 0.08126
-0.09721 0.04625 0.03146
0.36792 -0.10572 -0.02473
0.31921 -0.05345 -0.08680
0.13983 -0.10012 0.09016
0.28437 -0.15494 0.09691
0.16762 -0.04588 0.06187
-0.37774 -0.05832 -0.02393
0.31972 -0.09536 0.11246
-0.09695 0.02331 0.05642
-0.10180 0.02317 0.05761
-0.13227 0.02388 0.05828
0.11949 0.01950 -0.05918
-0.19137 -0.12590 -0.01689
-0.14752 -0.13042 -0.02184
-0.25222 -0.13880 0.11699
-0.07963 -0.06441 -0.14088
0.31518 -0.12059 0.09561
0.34598 -0.13876 -0.10431
-0.38670 -0.04362 -0.12886
-0.32728 -0.11989 0.02885
-0.19417 0.02691 0.04256
-0.17924 0.04744 -0.03240
0.28419 -0.11070 -0.12399
-0.36823 -0.04276 0.11064
0.39671 -0.06144 0.10103
0.24221 -0.07509 0.05233
0.32084 -0.08320 -0.13264
-0.04178 0.02311 -0.03122
0.01444 0.02095 -0.02859
0.26151 -0.09570 0.01845
0.25272 -0.12227 -0.12414
-0.36213 -0.06232 0.06033
0.35904 -0.12387 0.09396
0.35904 -0.14259 0.12548
0.21417 -0.14420 0.05394
-0.00263 0.03399 -0.08102
-0.21734 0.02610 0.03291
0.23628 -0.04383 -0.01536
-0.27508 -0.08426 -0.11604
-0.32005 -0.12210 0.12782
0.11522 0.00814 -0.08544
-0.05338 -0.12864 0.01408
-0.15129 -0.12982 0.01549
0.26932 -0.14729 -0.04422
0.41886 -0.06882 -0.04574
-0.34107 -0.09685 0.11356
0.26241 -0.14509 -0.09993
0.23596 -0.05504 0.07876
-0.12799 0.03774 -0.06114
0.36463 -0.05702 0.09051
-0.42466 -0.10224 0.12701
-0.22939 0.02236 -0.12100
0.40418 -0.14542 0.12313
0.15822 -0.00762 0.06600
-0.02441 -0.12423 0.12765
0.06749 -0.12966 -0.04975
-0.22281 -0.09798 0.11282
0.35886 -0.11251 -0.11562
0.06243 0.01723 -0.06407
0.22368 -0.07734 0.10177
-0.23305 -0.12212 0.10535
-0.00754 0.05528 0.07326
-0.16579 -0.13609 -0.10970
0.17341 -0.07276 0.10599
-0.19626 0.08378 0.07789
-0.15584 0.04633 0.07789
-0.16791 0.07441 0.07788
-0.16795 0.08401 0.07788
0.24560 -0.14108 -0.11404
0.22635 -0.04378 0.01050
-0.38625 -0.07804 -0.06521
0.32612 -0.08110 -0.02428
0.07384 -0.10039 -0.08720
-0.11130 0.09650 -0.00555
0.16783 -0.13148 0.10877
-0.35149 -0.09619 -0.11631
0.34549 -0.05304 0.05885
0.06741 -0.08292 -0.00734
0.11872 -0.00785 -0.10711
0.42465 -0.10660 0.00582
0.17277 -0.12680 -0.01097
0.01476 -0.08305 0.13337
0.02040 0.02942 -0.01685
-0.04353 -0.06491 0.13044
0.17554 -0.07501 0.04637
0.34117 -0.08603 0.12898
0.20175 -0.13132 0.01251
0.29797 -0.12818 -0.11820
-0.33210 -0.01609 -0.05300
0.21521 -0.07701 -0.13452
-0.11212 0.04543 -0.08084
0.19832 -0.03952 -0.08937
0.25781 -0.05282 0.09980
0.05975 0.02581 0.03195
-0.22854 0.02375 0.06384
0.35687 -0.05591 -0.08665
0.23155 -0.05423 0.09958
-0.31864 -0.04915 0.11967
-0.19173 0.02356 0.06510
-0.10445 -0.11521 0.11707
0.13936 -0.13701 -0.12229
0.11605 -0.00280 -0.10445
-0.02660 0.07661 -0.01189
0.07232 -0.13215 0.07389
-0.10600 0.11153 -0.02650
-0.06630 -0.02098 -0.11031
-0.04717 -0.02990 -0.11159
-0.01969 -0.03479 -0.11228
0.01072 -0.04678 -0.11400
0.41411 -0.09141 0.05695
-0.35986 -0.04110 0.11926
-0.27839 -0.04155 0.10815
0.33332 -0.16645 0.10267
-0.27409 -0.01110 -0.10820
0.20628 -0.08477 -0.13510
-0.31970 0.00686 -0.03941
-0.06604 0.02026 0.08274
-0.03260 -0.07635 -0.11228
-0.03102 -0.04831 -0.11982
0.25040 -0.14077 -0.02951
0.25030 -0.05858 0.11735
0.20906 -0.04045 0.06422
0.07908 -0.12665 -0.02380
-0.03550 -0.07639 0.10897
0.01875 -0.07314 0.13241
-0.18223 0.03224 0.03118
-0.17473 -0.09321 0.13296
0.40982 -0.14499 -0.06219
0.16456 -0.05134 -0.06865
0.28638 -0.04770 -0.04739
-0.19287 -0.14963 -0.10942
0.01771 0.04985 -0.05958
0.14487 0.00178 0.01654
-0.08797 -0.11686 0.12932
0.13801 0.00554 -0.01240
0.21046 -0.04568 0.08556
0.18119 -0.14268 0.04905
0.41344 -0.12698 -0.07268
0.42219 -0.14340 0.03646
-0.24764 -0.05871 -0.12498
-0.12234 0.01694 0.08431
-0.11997 0.01571 0.09144
-0.04873 0.02376 0.04398
-0.32264 0.00589 0.06193
0.42459 -0.07826 0.07845
0.42618 -0.07787 -0.04150
0.29739 -0.13870 -0.04422
0.10720 -0.13170 -0.03309
-0.41189 -0.10199 -0.13123
0.32202 -0.13736 -0.10648
-0.06373 0.02488 -0.01029
-0.03438 0.02371 -0.00755
0.43030 -0.13588 -0.05345
0.26247 -0.05849 0.09779
-0.12273 -0.11317 -0.10251
-0.26186 -0.11042 -0.10251
0.30448 -0.12767 0.11407
-0.39230 -0.11895 -0.03343
0.29329 -0.05073 -0.07292
0.42521 -0.14801 -0.00224
-0.14787 -0.12444 -0.13083
-0.36014 -0.07642 -0.04695
0.26850 -0.04575 -0.03513
-0.25580 -0.08023 -0.11607
-0.27821 -0.08001 0.04160
-0.23599 -0.06754 -0.07968
0.24336 -0.04416 0.01723
0.27360 -0.14289 0.09320
-0.14959 0.08944 0.07700
0.07042 0.03577 -0.00424
0.31665 -0.17703 -0.11766
-0.01699 0.05592 0.02511
-0.35485 -0.04342 -0.04269
-0.31804 0.00873 0.05764
-0.23283 -0.11442 0.11659
0.17007 -0.08256 -0.12178
0.10057 0.01216 -0.07929
-0.14643 0.00745 -0.10370
-0.24918 0.02971 -0.00131
-0.23589 -0.14750 -0.11833
0.39736 -0.13814 -0.13243
0.24399 -0.13920 0.01918
0.35046 -0.09145 0.01105
-0.33942 -0.05746 -0.10805
0.34300 -0.05536 0.08957
-0.16666 -0.14863 0.10687
-0.21592 -0.11724 0.04585
-0.41909 -0.08240 -0.12784
-0.01840 0.05479 0.06469
-0.22164 0.02703 -0.00565
0.36191 -0.05507 0.06498
0.13419 -0.02708 -0.13003
0.34823 -0.13419 0.03502
-0.41446 -0.09432 0.09051
-0.16678 -0.08409 -0.11158
0.28854 -0.04440 -0.01114
-0.18127 0.02617 0.03593
-0.23761 -0.05898 0.11109
0.18338 -0.02047 0.04330
-0.04259 -0.13893 0.04322
0.02873 -0.13726 0.03659
-0.03341 -0.13765 0.02942
-0.03938 -0.13759 0.02756
0.01077 -0.13858 0.04915
-0.06223 -0.13850 0.03413
0.19934 -0.03021 -0.04385
0.13698 -0.10021 -0.07967
-0.19958 -0.16483 0.10849
-0.07863 -0.05276 -0.12221
-0.15382 0.02724 0.00896
-0.23488 -0.02022 -0.11138
-0.16661 -0.14768 -0.11442
0.39789 -0.07851 0.12659
0.42785 -0.11089 0.02460
-0.30472 0.01922 0.01290
0.42303 -0.09998 -0.01553
0.33682 -0.05402 -0.08125
-0.24627 -0.09468 0.09781
-0.33710 -0.01785 0.06224
0.42620 -0.10198 -0.09057
0.14221 -0.04545 0.12237
0.35904 -0.12893 -0.11078
0.35904 -0.12086 -0.11332
0.31445 -0.05415 0.01261
0.36351 -0.12137 0.09674
-0.15540 0.02704 0.01425
-0.37182 -0.10865 0.13121
0.07470 -0.12715 0.02331
0.23759 -0.05865 0.07429
0.34528 -0.05307 -0.06271
0.12133 0.01105 0.04353
0.07162 -0.12747 0.04105
0.26921 -0.09047 0.09693
-0.16648 0.02058 -0.10828
-0.16649 0.02664 0.02327
-0.25711 0.03858 -0.05900
-0.10859 0.03890 -0.06188
0.34055 -0.08574 0.03601
0.27835 -0.07677 0.02639
-0.21154 -0.12917 -0.05612
0.35017 -0.08590 0.09701
-0.29172 0.02027 -0.05692
0.13406 -0.13169 -0.07841
0.31205 -0.07286 0.00771
0.17176 -0.05954 0.02763
0.19864 -0.03671 0.07774
-0.27702 0.02484 0.00033
0.41228 -0.14491 0.03519
0.32152 -0.08411 -0.02062
-0.32014 0.00627 0.04014
-0.33625 -0.04435 -0.11329
0.06740 -0.13609 0.12072
-0.25237 -0.12606 0.12708
-0.21427 -0.14626 0.09504
0.34006 -0.13020 0.04379
0.14007 -0.03550 -0.11594
0.09998 -0.13170 -0.04848
0.02083 -0.11713 0.10861
-0.19848 -0.15959 -0.10944
0.07261 0.01265 -0.08659
0.04194 -0.05038 0.01549
0.04110 -0.04735 -0.06043
0.41974 -0.12590 -0.00789
0.38446 -0.05727 -0.05947
-0.13453 0.04902 0.06957
0.06632 0.03729 -0.02149
0.36735 -0.14105 0.09834
-0.21379 -0.09615 -0.10752
0.17866 -0.03542 0.09915
-0.35110 -0.05837 -0.03478
-0.21029 -0.06193 0.08860
0.37650 -0.12691 -0.08977
0.38183 -0.12682 -0.08245
0.38521 -0.12678 -0.07111
-0.26022 -0.08477 -0.13613
-0.34134 -0.04268 -0.11069
-0.23858 0.01258 0.09566
0.38221 -0.14130 -0.13126
0.40653 -0.05830 0.02011
0.00986 -0.14307 0.11835
-0.38070 -0.08764 -0.06406
-0.34543 -0.03889 0.05678
0.24804 -0.11829 -0.03692
-0.11448 0.01792 -0.08634
-0.05487 0.01614 -0.08671
-0.28124 0.05099 0.03421
0.16776 -0.04614 0.07543
-0.20021 -0.09719 -0.11231
-0.22571 -0.07847 0.07780
0.28230 -0.14800 0.10810
0.06923 -0.12645 0.01827
-0.20967 -0.11687 0.10577
-0.23415 0.02684 0.00737
-0.21955 -0.11769 0.08298
-0.14258 0.02015 -0.08163
-0.07127 0.01928 -0.07616
-0.12830 0.02096 -0.07504
0.18670 -0.14103 0.01224
-0.24970 -0.15247 0.11704
0.18079 -0.05066 -0.08317
-0.16900 -0.06405 -0.11164
0.02744 -0.04122 -0.11268
0.41742 -0.09856 -0.03518
-0.24584 -0.16004 -0.10390
0.43145 -0.07632 -0.01283
0.29233 -0.08561 0.01852
-0.26068 0.02245 -0.06971
0.15800 -0.13162 0.07469
0.27811 -0.13024 -0.04587
-0.25407 0.06977 0.02575
-0.35319 -0.06267 0.00195
0.16953 -0.06620 -0.01578
0.21714 -0.11737 -0.13072
-0.22764 -0.14026 0.10503
-0.11914 -0.10700 0.13082
-0.28752 -0.03664 0.11209
0.21637 -0.11190 -0.13198
-0.07431 -0.12902 0.12651
-0.02430 0.06870 0.04930
-0.31437 0.01156 -0.07297
-0.23777 -0.09866 -0.09857
-0.22937 -0.06682 -0.10021
-0.21918 -0.08312 -0.10096
-0.20064 -0.09414 -0.10275
-0.22278 -0.12207 -0.09968
-0.23744 -0.05949 -0.09950
-0.23804 -0.10462 -0.09840
-0.22344 -0.06319 -0.10095
-0.19210 -0.08686 -0.10385
-0.23649 -0.05474 -0.09971
-0.06020 -0.05516 -0.12445
-0.13375 -0.12134 -0.11155
0.20405 -0.11610 0.02473
-0.38469 -0.12265 -0.02916
-0.34920 -0.11182 0.13080
-0.05609 -0.12013 0.12875
0.14522 -0.13066 0.09430
0.08565 0.01632 -0.06435
0.34998 -0.05567 -0.09084
0.17904 -0.13140 -0.08246
0.40960 -0.08996 -0.07647
0.40960 -0.12147 -0.09884
0.33465 -0.07216 0.12920
0.09423 -0.00457 0.10443
0.28905 -0.16068 0.10653
-0.15384 -0.07962 -0.11159
-0.18001 -0.13914 0.12244
-0.20960 -0.16522 0.11406
-0.12819 -0.12259 -0.01051
0.00018 -0.09194 0.13300
0.34238 -0.13855 -0.04858
-0.20754 -0.11399 0.10921
0.07045 0.02133 0.04488
0.17843 -0.01563 0.00520
0.33779 -0.10018 -0.04471
-0.41296 -0.07908 -0.11632
0.01115 -0.05555 -0.12520
-0.32214 -0.12078 -0.07744
0.41948 -0.14630 0.11538
-0.33949 -0.12063 0.00536
0.29190 -0.07581 -0.03334
0.08104 0.03579 -0.01461
0.16864 -0.05322 -0.08861
0.01405 -0.00715 -0.10759
-0.13852 -0.07571 -0.13639
0.02787 0.03823 0.06266
0.33740 -0.14211 -0.01267
-0.30663 -0.01067 -0.10097
0.02315 -0.08939 -0.13601
-0.24580 -0.04517 0.11035
-0.04829 -0.07897 -0.11196
0.03190 -0.00478 -0.00327
-0.24472 0.02667 0.00175
-0.10622 0.04802 0.03134
0.38982 -0.07955 -0.13059
0.25757 -0.10462 -0.13311
0.08174 -0.11203 0.02335
0.02360 0.04974 0.00443
-0.00677 0.05597 -0.02521
0.03415 0.01971 0.03685
0.05965 0.01833 0.04324
0.05873 -0.06941 0.05599
-0.18098 -0.15858 0.12310
-0.13909 -0.13648 0.12387
0.31060 -0.12626 0.11354
-0.33198 -0.10909 0.11561
0.23183 -0.04921 0.07633
0.13241 -0.14243 -0.04903
0.10120 -0.13170 -0.08468
0.42569 -0.07964 0.05348
-0.39277 -0.12189 0.03374
0.11110 0.01317 -0.05570
-0.22868 -0.02663 0.10880
-0.21927 -0.02251 0.10784
0.06361 -0.07290 -0.01166
0.26073 -0.13898 0.06416
0.26860 -0.13898 -0.04226
0.31434 -0.13899 -0.07869
0.31045 -0.13899 -0.06963
0.27210 -0.13898 -0.09435
0.28634 -0.13899 0.01307
0.27153 -0.13898 -0.02399
0.32883 -0.13900 -0.05315
0.29518 -0.13899 -0.07817
0.27454 -0.13898 0.04926
0.27450 -0.13898 -0.07763
0.26853 -0.13898 0.00737
0.25319 -0.13898 -0.05857
0.28255 -0.13899 -0.03315
0.28759 -0.13899 -0.01783
0.26371 -0.13898 0.08378
0.30127 -0.13899 -0.05922
0.35712 -0.04803 -0.00578
0.08204 0.02381 0.03676
-0.33829 -0.11071 -0.11853
-0.40290 -0.12515 0.12197
0.05322 -0.13500 0.02295
-0.28904 -0.01462 -0.10633
0.22856 -0.12589 -0.01596
0.26024 -0.13135 0.10504
0.14605 -0.09873 0.07436
0.14071 -0.00590 0.10158
0.24391 -0.11290 -0.01937
-0.11171 -0.11077 0.13012
0.30857 -0.04679 -0.02452
0.34624 -0.14756 -0.01778
-0.28169 0.05479 -0.02651
-0.11987 -0.11014 0.10834
0.31852 -0.05491 0.09645
0.39695 -0.11637 0.09684
0.02329 -0.04632 0.09362
0.20331 -0.14494 0.05394
0.04892 -0.14099 0.11915
0.32054 -0.05406 0.02004
0.17635 -0.14563 0.05047
0.30173 -0.11851 -0.08632
0.42834 -0.13632 0.05880
0.09480 0.01763 -0.01098
-0.09183 -0.13797 0.12171
0.17968 -0.01632 -0.00762
-0.42461 -0.08664 0.12626
-0.02621 0.06189 -0.01032
0.28117 -0.09271 0.13098
0.27828 -0.07014 -0.03912
0.01782 -0.11798 -0.13102
-0.36416 -0.05345 -0.12653
0.30682 -0.07833 -0.13270
0.29597 -0.11271 -0.11448
0.22631 -0.09303 0.03368
0.22652 -0.08073 -0.03309
0.22627 -0.09526 0.00282
0.22651 -0.08102 -0.08800
0.22665 -0.07320 -0.06046
0.22655 -0.07880 -0.04602
0.14404 0.00218 -0.01502
0.23996 -0.05340 0.06183
0.06713 0.01911 0.01771
0.17407 -0.14263 0.04593
-0.39358 -0.10138 -0.00714
-0.29494 0.02183 0.05212
0.24793 -0.10152 -0.13346
-0.10480 -0.06129 0.12332
-0.23285 0.03491 -0.01726
-0.24619 0.05840 0.05575
0.14153 -0.04000 -0.11672
0.36086 -0.14783 0.00271
0.41728 -0.07744 0.01139
-0.02531 0.05264 -0.06873
0.41159 -0.08034 -0.10766
0.34214 -0.11844 0.11461
-0.24762 -0.03699 0.14393
0.42028 -0.07764 -0.11202
0.07735 -0.13170 -0.05486
-0.29236 -0.01435 0.10035
-0.23328 -0.13477 0.10506
0.41187 -0.08004 0.04982
0.41535 -0.08004 0.00406
-0.39002 -0.12191 -0.04318
-0.39040 -0.12186 -0.00823
0.15185 -0.05248 -0.12147
0.36280 -0.10806 -0.10016
-0.04984 -0.07887 -0.13643
0.03131 0.03980 0.05693
-0.08258 -0.13848 -0.05218
-0.19107 -0.13848 -0.04333
-0.05267 -0.13848 -0.05147
-0.09522 -0.13848 -0.05274
-0.09432 -0.13848 -0.04522
-0.18329 -0.13848 -0.04528
0.42898 -0.07830 -0.01753
0.18040 -0.09688 0.13005
0.37565 -0.05055 0.00500
0.00169 0.03009 0.03781
0.35885 -0.12314 0.12510
-0.30279 -0.11569 -0.11933
-0.30164 -0.06326 -0.11272
-0.31837 -0.09922 -0.11726
0.06804 -0.09344 0.04637
0.42648 -0.09472 -0.07794
0.27488 -0.06419 -0.12902
0.08021 -0.12171 -0.00925
0.40804 -0.09885 0.07350
0.40804 -0.10093 0.07966
-0.15033 0.04648 -0.05790
0.36536 -0.12926 0.04994
0.05008 -0.03270 -0.11263
0.05803 -0.00727 -0.10855
0.17100 -0.06018 -0.04885
-0.24159 -0.07589 -0.07813
0.23942 -0.15269 0.00555
0.36262 -0.12741 -0.00058
-0.19898 -0.12484 -0.01534
-0.18320 -0.12359 -0.01282
-0.10759 -0.02638 -0.11184
-0.22581 0.00371 -0.10719
-0.14950 -0.00597 -0.10872
-0.12906 -0.00098 -0.10798
-0.14370 -0.02794 -0.11205
-0.10025 0.07237 0.02536
-0.29058 -0.04012 0.10603
0.14276 0.00337 0.02973
-0.04720 -0.12664 0.01167
-0.13580 -0.12479 0.00962
-0.01487 -0.12779 0.01302
0.01399 -0.06880 0.10917
-0.04663 0.01787 -0.08915
0.22073 -0.04082 -0.02782
-0.02539 -0.12168 0.00014
0.37013 -0.11952 0.01062
0.35445 -0.11998 -0.03103
0.16772 -0.01000 0.00778
-0.14109 -0.10626 0.10830
-0.07931 0.00312 -0.10580
0.01938 0.00175 -0.10311
0.07955 -0.13170 -0.07021
-0.22222 -0.11375 0.11364
0.00551 -0.08928 -0.13647
0.07989 -0.12067 -0.00465
0.41612 -0.10540 -0.09015
-0.36975 -0.06021 0.07831
0.42262 -0.07008 0.03085
-0.37365 -0.06078 0.10816
0.20479 -0.09157 0.13152
0.12554 0.00984 -0.04512
0.36541 -0.07209 0.12921
0.03759 -0.13848 -0.07384
-0.31769 0.00747 0.00309
0.13122 -0.10480 -0.07463
-0.10353 -0.07553 -0.13601
0.42826 -0.08594 0.06108
0.04534 -0.06102 -0.04446
0.04721 -0.06097 0.05180
-0.19878 0.09486 0.03583
-0.32077 -0.03833 -0.10778
0.10050 -0.11108 0.04785
-0.02652 -0.05920 -0.13054
0.24564 -0.10668 -0.13279
0.42934 -0.12145 -0.01489
0.26872 -0.07642 -0.03820
0.29343 -0.17345 -0.12293
0.15243 -0.11122 0.07919
-0.09017 -0.12239 -0.00972
0.35962 -0.12524 0.02493
0.14464 -0.11171 -0.09788
-0.18558 -0.15559 -0.11184
-0.30553 0.01000 -0.09222
-0.09451 -0.03384 -0.11263
-0.08744 -0.02740 -0.11143
0.35710 -0.10274 0.01939
0.22429 -0.04468 0.02874
0.09640 0.01442 -0.07047
-0.15401 0.00407 0.10448
0.23873 -0.04683 -0.03116
0.02553 -0.03644 -0.07604
0.02861 -0.03644 0.00158
-0.18396 0.05399 0.01584
-0.16769 -0.08689 0.13354
-0.16681 -0.13775 0.07279
-0.20407 -0.13845 0.07503
-0.17040 -0.13782 0.06670
-0.07263 -0.13596 0.07585
-0.06858 -0.13589 0.06966
-0.18613 -0.07212 -0.13642
0.33438 -0.13168 0.09360
0.32156 -0.08373 -0.09991
-0.05757 0.02147 -0.05542
-0.06831 0.02185 -0.05459
-0.11961 0.02344 -0.05506
-0.42552 -0.11517 -0.00907
0.26528 -0.15714 0.10757
-0.15747 0.03196 0.10702
-0.19507 -0.08786 -0.11750
-0.20027 -0.10815 -0.11906
0.19185 -0.02428 0.02627
-0.09514 0.10052 -0.01560
-0.12425 0.00650 0.10276
0.17117 -0.06937 -0.04931
0.30193 -0.09349 -0.10289
-0.39770 -0.11253 -0.12958
0.24348 -0.13780 0.11009
0.24375 -0.14089 0.07636
0.24300 -0.13135 0.08996
0.24184 -0.11639 0.08453
-0.23472 -0.11222 0.07768
0.21385 -0.12661 0.07669
0.28681 -0.08629 -0.01891
0.34609 -0.08629 0.01681
0.29165 -0.08629 -0.01150
-0.34967 -0.05533 0.04550
-0.10031 -0.13635 0.11326
0.10828 -0.13221 -0.00798
0.09730 -0.13220 -0.00893
0.09030 -0.13220 0.00283
0.08112 -0.13220 0.01794
0.11984 -0.13221 -0.05581
0.09819 -0.13220 -0.06204
0.07869 -0.13220 -0.02603
0.12316 -0.13221 -0.07587
0.07409 -0.13220 -0.05032
0.08351 -0.13220 -0.05962
-0.16965 0.01885 0.08046
-0.04660 0.01637 0.07968
-0.07540 0.01651 0.08122
0.27427 -0.05356 -0.09839
0.06010 -0.13119 -0.09714
0.30237 -0.15452 -0.10325
0.01903 -0.13616 0.02391
0.10425 -0.06919 -0.13455
0.21834 -0.10229 -0.01690
-0.00701 -0.07893 0.13314
-0.10335 -0.11001 -0.13378
0.17250 -0.13154 -0.05287
0.07940 -0.09905 -0.13477
0.10116 -0.11695 0.12779
-0.13143 0.02679 -0.02476
0.00005 0.02667 -0.09361
-0.22904 -0.07160 0.13303
-0.08592 0.03503 -0.05724
0.37416 -0.12079 0.12254
0.41246 -0.05986 -0.01607
-0.41924 -0.08883 0.12091
0.41894 -0.12619 -0.04900
0.32125 -0.15099 -0.10572
-0.34214 -0.05147 0.12216
0.18520 -0.13115 0.10589
-0.35626 -0.10155 0.11416
0.24061 -0.12668 0.12459
0.14935 -0.13169 -0.05170
0.39927 -0.12217 0.07327
-0.18105 -0.14296 0.11180
0.37225 -0.08048 0.09748
0.17534 -0.02063 0.07725
0.28976 -0.10862 0.09410
0.40603 -0.12632 0.02527
-0.30946 0.03085 -0.02969
0.05358 -0.13192 -0.02242
-0.25671 -0.04942 -0.10983
-0.17678 -0.06240 0.10240
-0.21631 -0.05792 0.09913
-0.15593 -0.06255 0.10412
-0.12372 -0.06910 0.10680
-0.11779 -0.08052 0.10732
-0.14778 -0.06683 0.10480
-0.09925 -0.08755 0.10886
-0.11930 -0.06194 0.10714
-0.13803 -0.08681 0.10566
0.41815 -0.14543 -0.12374
-0.34547 -0.04405 0.08099
0.38510 -0.14232 -0.02677
0.13879 -0.01036 -0.10743
0.18726 -0.04396 -0.10515
0.27408 -0.13432 0.09564
-0.32806 -0.04755 0.10938
0.41272 -0.11034 -0.06557
-0.16894 0.03738 -0.09556
0.31818 -0.15102 -0.01840
0.40804 -0.10990 -0.09881
0.40804 -0.10885 -0.11874
0.03351 -0.04752 0.11519
0.03190 -0.04264 -0.07640
0.02641 0.04561 -0.05758
0.08148 -0.00222 -0.10479
0.13227 -0.05241 0.11907
-0.41567 -0.13157 0.01916
0.13907 -0.10144 -0.09766
0.18648 -0.02066 0.02065
0.06125 -0.07591 -0.04102
0.15685 -0.13161 -0.10648
0.00874 -0.13346 0.08167
0.10039 -0.08161 -0.13606
-0.16370 -0.05692 0.10839
0.17052 -0.02016 0.08434
-0.12950 -0.13648 -0.02963
0.18769 -0.02414 0.05247
0.24866 -0.04422 -0.02148
0.34455 -0.12391 0.11328
-0.16131 0.06703 0.02397
-0.18009 0.06618 0.02397
-0.16308 0.04934 0.02397
-0.37710 -0.06542 -0.10883
0.38680 -0.05266 0.00983
0.31841 -0.13149 -0.05556
-0.37911 -0.08494 -0.11387
-0.42014 -0.10526 -0.05649
-0.25561 -0.07582 0.13260
-0.38836 -0.11307 0.09348
-0.41613 -0.11840 0.01505
-0.13672 -0.07098 0.10836
-0.08569 -0.07259 0.10918
-0.23385 0.03331 0.00124
-0.41714 -0.10457 0.03498
0.42783 -0.12142 -0.00505
-0.09459 0.02356 -0.03934
-0.00087 0.02086 -0.03802
-0.11595 0.02486 -0.03556
-0.17614 -0.05357 -0.12325
0.36252 -0.12521 0.02040
0.28549 -0.13268 0.04074
0.07193 -0.12463 0.01238
0.31475 -0.12640 0.04118
0.18485 -0.14565 -0.00304
0.11356 -0.00701 -0.10812
-0.38577 -0.10686 -0.08341
0.19357 -0.10028 -0.13366
0.42038 -0.09681 -0.01976
0.35998 -0.04878 0.00808
-0.35946 -0.05249 -0.08243
0.07175 -0.13195 0.04792
-0.14029 0.03523 0.03999
0.18776 -0.11248 -0.12062
0.39169 -0.07847 0.00223
-0.09356 -0.13116 0.01710
-0.12925 -0.13141 0.01739
-0.08206 -0.13028 0.01593
0.06729 0.02203 0.00187
0.21762 -0.11773 0.09669
0.29799 -0.04680 -0.03121
0.17244 -0.06848 0.12126
0.12024 -0.13170 -0.06578
-0.13170 0.02373 -0.08415
0.20081 -0.04259 -0.09306
0.09036 -0.13170 0.04202
-0.24156 -0.10965 0.10875
-0.25681 -0.11630 0.07498
0.40375 -0.05998 0.04033
-0.00722 0.05726 0.08163
0.34771 -0.08427 -0.00270
0.05111 -0.13298 0.08184
0.26457 -0.10446 -0.12243
0.25519 -0.10041 -0.02683
-0.02422 -0.13794 -0.12190
0.31257 -0.12727 -0.10325
-0.05134 -0.07023 -0.11238
-0.17552 -0.11960 0.12856
0.25527 -0.11736 -0.12305
-0.03077 0.00219 0.10276
0.02219 -0.12398 -0.12248
-0.12376 -0.04610 0.11265
0.04479 -0.02297 0.10767
0.05586 -0.01672 0.10663
-0.00025 0.05734 -0.06256
0.42355 -0.07220 -0.10737
-0.22473 0.01654 0.08881
0.30496 -0.08740 -0.09712
0.02979 -0.13980 0.11997
-0.27274 -0.11772 -0.05910
-0.11613 0.03642 -0.06068
0.08813 -0.13168 -0.10193
-0.42867 -0.09824 -0.13042
0.16981 -0.14682 0.00235
-0.22273 -0.06263 -0.08680
-0.29724 -0.12202 -0.13064
-0.13309 -0.13533 -0.12771
0.30029 -0.10820 -0.10245
-0.05694 -0.10185 -0.13507
-0.34029 -0.03101 -0.06976
0.06484 -0.12477 -0.01730
-0.19022 -0.09760 0.07759
-0.08675 0.11283 -0.04175
0.08931 -0.12355 0.01373
0.28054 -0.14628 0.04987
0.08150 -0.12237 0.00074
-0.40283 -0.10458 0.03349
-0.41247 -0.10451 0.00180
-0.27295 0.05862 0.05744
0.02479 -0.07488 0.12572
0.31028 -0.10983 -0.11824
-0.12995 -0.05636 -0.11129
-0.22168 0.09039 0.03409
0.19016 -0.11485 0.01889
0.16259 -0.06466 0.04675
0.08788 -0.13118 -0.12565
0.16619 -0.13158 0.08776
-0.33501 -0.08202 0.13209
0.43108 -0.13695 -0.01376
-0.37488 -0.12186 0.08162
0.06695 -0.09489 -0.13556
0.17170 -0.11531 -0.12130
0.11488 -0.04883 0.11383
-0.29172 0.05083 -0.02537
-0.33989 -0.07557 -0.13404
-0.28220 -0.05137 0.10636
-0.41609 -0.12677 -0.04640
0.11478 -0.07127 0.13163
-0.24214 -0.11480 0.08408
0.40197 -0.14681 -0.08461
0.08504 0.02643 0.06301
-0.29266 -0.03912 -0.12082
0.23894 -0.05705 -0.07140
0.43681 -0.13989 -0.09623
-0.32193 0.00084 -0.08082
-0.08025 -0.13128 -0.12859
0.32109 -0.11360 0.10370
0.28965 -0.08981 0.09773
0.15469 -0.13167 0.04974
0.28623 -0.04508 0.01659
0.10794 -0.00056 0.10334
0.30293 -0.14178 -0.05185
0.35840 -0.13065 -0.04935
-0.11312 0.04650 -0.05866
-0.12324 0.04103 0.05944
0.19585 -0.13878 -0.09535
0.20417 -0.13842 -0.06899
0.20116 -0.13854 -0.04306
0.00546 0.01970 0.05769
-0.08561 0.02376 0.05110
-0.35001 -0.03957 0.00355
0.01975 -0.12805 -0.07746
0.33361 -0.08620 0.12915
-0.40041 -0.03437 0.11873
0.33708 -0.12774 0.04763
0.35742 -0.12366 0.04878
0.38647 -0.08015 -0.01845
0.34157 -0.14443 -0.09919
0.41653 -0.14441 0.03761
0.32187 -0.08777 -0.12485
0.42080 -0.07741 -0.06111
0.39163 -0.14581 -0.07796
-0.26474 -0.09821 -0.11764
-0.27323 0.00562 0.10154
-0.03715 0.06997 -0.06707
0.43359 -0.10897 -0.00537
-0.27389 -0.06502 0.11070
0.09412 -0.10892 -0.03527
-0.01720 0.01445 -0.10000
-0.36726 -0.12194 -0.04218
-0.35646 -0.12147 -0.04916
0.10922 -0.02776 -0.11215
0.27537 -0.04949 0.06468
0.32069 -0.07866 0.09706
-0.13117 0.01425 -0.09853
0.10560 0.01208 0.07402
0.13742 0.00471 -0.07290
-0.34560 -0.06655 0.12156
0.38916 -0.11662 -0.08719
0.08318 -0.02836 -0.11206
-0.22525 -0.06642 0.07862
-0.10473 0.04207 -0.02491
0.08053 -0.12891 -0.12704
-0.20049 -0.17920 0.12087
-0.34217 -0.12073 -0.03238
-0.02555 -0.00810 -0.10821
-0.03289 -0.00661 -0.10802
0.01287 -0.03151 -0.11165
-0.01968 -0.02920 -0.11144
-0.02325 -0.02085 -0.11017
0.18902 -0.05576 0.11840
0.12102 -0.10473 -0.01152
0.18179 -0.04716 0.07205
-0.35673 -0.06971 -0.02124
0.28483 -0.12396 0.02047
-0.16445 -0.13067 -0.08858
0.27645 -0.04389 -0.00964
0.35068 -0.10560 -0.01164
-0.38321 -0.12187 0.03615
0.33325 -0.14361 -0.03116
0.35233 -0.04885 -0.01907
-0.24637 -0.07702 -0.11587
0.26012 -0.13045 -0.03607
0.41709 -0.14379 -0.06213
0.32881 -0.05284 -0.07409
-0.18491 -0.10162 0.10824
0.26175 -0.12356 0.10504
0.09710 -0.12573 -0.02195
0.21720 -0.12005 -0.08606
0.15301 -0.10340 -0.06697
0.15288 -0.10573 -0.01760
0.15268 -0.10949 0.00441
-0.18674 -0.12614 -0.12198
-0.02679 0.07398 0.04580
0.24894 -0.13163 0.02864
-0.14229 -0.11437 -0.11154
0.18933 -0.06965 0.12992
0.28832 -0.11039 -0.09888
0.36928 -0.12847 -0.04540
-0.21005 0.01786 0.08570
-0.33680 -0.12144 0.12823
-0.25186 -0.09399 -0.13585
0.37038 -0.11771 0.00568
0.05916 -0.06619 0.04472
0.40963 -0.14098 -0.11497
-0.26747 -0.12488 -0.06785
-0.26681 -0.12489 -0.07796
0.33220 -0.04855 0.02509
0.02329 -0.00614 -0.07728
-0.23409 -0.03449 -0.11472
-0.16784 0.04064 -0.04627
0.14149 -0.11514 0.09491
0.13520 -0.11594 0.09398
0.20567 -0.03447 0.04099
0.38014 -0.06002 0.10599
-0.12486 0.04805 0.02251
0.05056 -0.07691 -0.07715
0.30565 -0.05093 -0.06944
0.08983 -0.13167 0.10697
-0.08481 -0.13794 0.11673
-0.39674 -0.07393 -0.12485
0.23605 -0.05730 -0.08205
-0.43024 -0.07803 0.10954
-0.27183 0.02151 0.06838
-0.25869 0.07054 0.00334
0.06724 0.02203 0.03519
0.23504 -0.11062 -0.11301
0.23685 -0.13290 -0.12048
0.32102 -0.12064 0.02169
0.29586 -0.11808 0.02440
-0.10226 -0.00085 0.10578
0.24336 -0.04661 0.04657
-0.24332 -0.11344 -0.10411
-0.19593 -0.09223 -0.07791
0.39430 -0.13724 -0.07145
0.24306 -0.04865 -0.01858
0.02329 -0.04239 -0.07597
0.02329 -0.03976 0.01228
0.14865 -0.14407 -0.05393
0.19051 -0.13115 0.09223
0.37666 -0.11404 0.06719
-0.30778 0.02737 0.01735
-0.24155 0.02461 -0.05512
-0.24678 -0.11583 0.10267
0.01526 -0.13738 0.11844
-0.30671 -0.11885 -0.02784
-0.29992 -0.11844 -0.02511
0.08856 -0.07670 -0.13622
-0.24311 -0.11246 -0.01657
0.43624 -0.13506 -0.10121
0.12303 -0.12148 -0.00983
0.29878 -0.09544 -0.12203
0.22606 -0.13302 0.01165
0.37620 -0.13433 0.06713
0.39105 -0.12690 -0.11814
0.30184 -0.09873 0.04500
-0.27834 0.03875 -0.01198
-0.39871 -0.12766 0.10336
0.07345 -0.11873 0.08570
-0.27762 -0.06149 -0.11328
-0.01528 0.03160 0.08552
0.41106 -0.07695 -0.04918
0.12153 -0.13170 0.03017
0.27681 -0.05479 -0.11002
0.08201 -0.12483 0.06318
-0.02323 0.03362 0.01751
-0.04056 0.03362 0.04330
-0.06417 0.03362 0.01300
-0.01868 0.03362 0.01438
0.36128 -0.12323 -0.04422
0.40639 -0.12510 -0.13076
-0.05892 0.00145 0.10356
0.07169 -0.12746 -0.04485
-0.37644 -0.08468 0.11086
-0.26202 -0.11955 0.07783
0.19243 -0.14273 0.05118
0.38453 -0.13475 0.06855
-0.23648 -0.13252 -0.11074
0.22506 -0.10086 0.04471
-0.10424 -0.10117 -0.12913
0.02330 -0.00095 0.04204
-0.16566 -0.12335 -0.01237
0.05693 -0.00124 0.10123
0.15072 -0.12965 0.02791
0.30092 -0.14150 -0.08351
-0.14980 -0.11273 0.12992
0.07128 -0.13178 -0.05898
-0.19422 -0.14464 -0.10940
0.24253 -0.04795 0.00191
0.24396 -0.13428 0.00600
0.05141 -0.13060 0.01447
0.02769 -0.01736 -0.08698
0.02769 -0.02853 -0.04296
0.02769 -0.02490 0.00149
0.02769 -0.03278 -0.00272
-0.11506 -0.07352 0.10836
-0.12903 -0.04475 -0.11351
0.38611 -0.05235 -0.01081
-0.14298 0.04372 -0.05704
0.17710 -0.05075 -0.05517
0.17183 -0.05091 -0.04558
0.18789 -0.05071 -0.01694
0.27582 -0.12595 -0.04127
0.32374 -0.04768 0.02171
-0.25259 -0.00282 0.10286
-0.37182 -0.13530 -0.04352
0.20764 -0.07499 0.13096
0.19795 -0.13053 0.08804
0.17163 -0.14373 0.11577
0.33343 -0.11148 -0.04209
0.05610 -0.05218 0.08150
-0.00925 -0.12053 0.12857
0.07151 -0.08785 0.00585
0.07690 -0.10158 0.00362
-0.15668 -0.09248 -0.11156
-0.28405 0.02593 -0.03327
-0.40868 -0.13761 -0.04807
0.11555 -0.13170 -0.03032
-0.25195 -0.13328 0.11370
0.23275 -0.14293 0.01742
0.09304 -0.05469 0.12302
0.39125 -0.05964 -0.07458
0.26888 -0.14143 0.05275
0.34217 -0.09944 -0.03482
0.31395 -0.08910 -0.02383
-0.28128 -0.08956 0.06422
0.12346 -0.00301 0.10214
-0.22026 0.00250 0.10463
-0.14977 -0.02153 0.10802
-0.10648 -0.00335 0.10554
-0.12830 0.00249 0.10471
-0.13819 -0.02923 0.10910
0.06828 -0.11422 -0.13201
-0.23320 -0.09876 0.07771
-0.28607 0.02461 -0.01127
0.22374 -0.04166 -0.02063
-0.17898 -0.13939 0.04045
-0.17219 -0.13850 0.05292
-0.19754 -0.14019 0.02931
-0.17945 -0.13892 0.04707
-0.07815 -0.13900 0.04561
-0.21548 -0.17234 -0.10154
0.40428 -0.14563 -0.04200
-0.10319 -0.11818 -0.12565
0.20588 -0.04485 0.08897
0.33807 -0.11064 -0.03365
0.28570 -0.10729 -0.03720
0.41206 -0.11216 0.06693
0.39232 -0.07979 0.12725
0.18253 -0.04709 0.03606
0.41191 -0.07747 -0.04327
-0.29860 -0.04750 0.10947
0.23856 -0.09544 -0.10012
0.23980 -0.10660 -0.09565
-0.37840 -0.11330 -0.05895
0.02329 -0.00514 0.05795
0.05595 0.01368 -0.08448
0.36756 -0.13020 0.06892
-0.40159 -0.10459 -0.08985
0.41216 -0.13178 -0.01597
0.26398 -0.12585 0.03550
0.19354 -0.15214 -0.01376
0.24380 -0.06404 -0.02941
-0.26775 -0.09956 0.07836
-0.06013 0.04758 -0.04241
0.25463 -0.05891 -0.12177
-0.24546 -0.08408 0.11908
-0.31996 0.00617 0.02681
-0.18295 -0.12454 0.12741
0.07024 -0.12234 0.00186
-0.22679 -0.11485 -0.10222
0.21609 -0.04641 -0.00245
0.21706 -0.11619 0.04050
0.33669 -0.05431 0.08151
0.26145 -0.12341 0.11545
0.14272 -0.12499 -0.02266
-0.32471 -0.00766 -0.08795
0.33324 -0.13956 -0.04928
0.25987 -0.10966 0.07573
0.05853 -0.10172 0.13130
-0.09661 0.02376 -0.04961
0.07047 -0.09060 0.02539
0.42430 -0.08959 -0.10863
-0.20697 -0.16502 0.11900
0.29990 -0.07761 0.03014
0.43053 -0.13806 0.04003
0.30135 -0.13732 -0.03077
-0.26079 -0.08307 -0.11618
-0.15263 -0.13326 -0.06975
-0.15180 -0.13448 -0.00568
0.29520 -0.16326 0.10499
0.30202 -0.17967 -0.10364
-0.42883 -0.07802 0.12195
-0.08916 0.03611 0.03936
-0.21011 -0.07694 0.11334
-0.24182 -0.12000 0.11714
-0.25122 -0.10317 0.11543
0.02554 -0.09999 0.11306
-0.35195 -0.09770 0.13244
0.39030 -0.10201 -0.13073
-0.00753 0.07518 -0.01316
0.17053 -0.14263 -0.05584
-0.35499 -0.06664 -0.01506
-0.18152 0.02710 -0.01030
0.03190 -0.03879 0.10724
0.32392 -0.11660 -0.11174
0.13277 -0.13942 0.11799
0.28046 -0.11871 0.03011
0.08288 -0.14548 -0.11890
0.10572 -0.12222 0.12612
0.23432 -0.05808 -0.11912
-0.35523 -0.08526 0.13184
-0.30944 -0.04491 -0.11046
-0.16408 0.02592 0.04235
0.03190 -0.03932 -0.00534
-0.23400 -0.00081 0.10574
-0.25037 -0.15211 -0.11782
0.22334 -0.05984 0.09481
0.37302 -0.12701 0.07145
0.36270 -0.12715 0.06826
0.36747 -0.12708 -0.08958
0.36135 -0.12717 -0.00875
0.38079 -0.12690 0.02406
0.39242 -0.12674 0.00595
0.37174 -0.12702 -0.07014
0.36688 -0.12709 0.02219
-0.41225 -0.11819 0.00743
0.15883 -0.13164 -0.05263
0.40457 -0.12653 0.10238
0.40621 -0.12653 0.12340
0.33592 -0.05968 -0.11973
0.06265 -0.07071 0.08066
-0.26939 -0.04108 -0.11312
0.29698 -0.07379 0.00669
0.19092 -0.04815 0.03360
-0.26002 0.05766 0.06286
0.41457 -0.06572 -0.10440
0.07945 -0.12246 -0.05841
0.13465 -0.13170 0.03020
0.25047 -0.14981 -0.00899
-0.33213 -0.03478 0.08560
-0.42862 -0.10280 -0.09572
0.28090 -0.06424 -0.00677
-0.16755 -0.04730 0.11489
-0.01183 -0.14442 -0.12099
0.30951 -0.11863 0.02339
0.07038 -0.11483 0.01843
0.30632 -0.09425 0.09556
-0.33114 -0.08160 0.11145
-0.33872 -0.02585 0.06761
0.32799 -0.12183 -0.10602
0.19831 -0.02701 0.00262
-0.16707 0.02552 0.04925
-0.34731 -0.04385 -0.07936
0.42516 -0.09846 0.09311
0.24302 -0.12500 -0.06962
0.35211 -0.10030 0.00296
-0.13508 -0.06016 -0.13083
0.07821 -0.11467 -0.00977
-0.02188 -0.08220 0.10915
-0.18576 -0.08563 -0.11765
-0.37331 -0.12187 -0.02964
0.24371 -0.09845 -0.03172
0.24387 -0.13055 -0.02872
0.33593 -0.14283 -0.06296
0.36439 -0.12226 0.05207
0.36136 -0.12445 -0.05597
0.26526 -0.13700 -0.01778
-0.25663 -0.10969 0.13077
-0.22142 -0.07233 -0.13655
0.09228 -0.11820 -0.13079
-0.22010 -0.11718 -0.08987
-0.23745 -0.04188 0.11016
-0.20445 -0.09588 -0.13597
0.04976 -0.05858 -0.01104
-0.36975 -0.12189 0.01303
-0.04782 0.01510 -0.09685
-0.12995 0.03467 -0.03415
0.02742 -0.12561 -0.12935
0.32465 -0.06380 0.02845
0.22126 -0.12152 0.11722
0.38843 -0.08015 -0.07128
0.16518 -0.06049 0.12543
-0.22882 -0.12221 -0.12338
0.39222 -0.05851 0.05641
0.18190 -0.14564 -0.05599
-0.34493 -0.04318 -0.12257
0.42079 -0.10621 0.02966
0.42205 -0.10621 -0.04306
-0.35536 -0.11775 -0.13260
-0.10898 -0.07005 -0.13530
-0.26441 0.02586 -0.00872
-0.10852 0.02603 0.00567
-0.11840 0.02620 0.00507
-0.12495 0.02737 0.01020
0.06835 -0.11967 -0.02821
-0.20794 -0.10929 0.10900
0.16870 -0.03443 -0.10531
0.29263 -0.05234 -0.08648
-0.18947 -0.06167 0.10544
0.39064 -0.10711 0.01208
0.39050 -0.08663 0.00587
0.39053 -0.08409 -0.02838
0.39059 -0.10228 0.02959
-0.10100 -0.06285 -0.13311
-0.18886 -0.10968 -0.10183
0.01842 -0.10467 0.13071
-0.13188 0.05018 -0.06132
-0.24336 -0.11264 -0.03532
0.18399 -0.13537 -0.00911
0.06966 -0.12681 0.05868
-0.20649 -0.04549 -0.11540
0.26792 -0.13001 -0.04673
0.06222 -0.13402 -0.07089
-0.17845 -0.08943 0.10829
-0.04630 -0.14194 -0.12231
-0.36056 -0.07919 0.11057
-0.02895 -0.07311 0.10900
-0.15869 -0.08999 0.10831
-0.15167 -0.06077 0.10838
0.40952 -0.07831 -0.06891
0.08610 -0.11279 0.07034
-0.39028 -0.08932 -0.05279
-0.00760 0.01823 0.06847
0.03259 0.01694 0.06991
0.05772 0.01713 0.06402
-0.27409 -0.10634 0.08729
-0.06540 -0.04591 -0.11750
-0.40452 -0.03488 -0.11909
-0.38429 -0.07982 0.10959
-0.38197 -0.09719 0.08554
0.40942 -0.08294 -0.09171
0.24398 -0.11762 0.00190
-0.41049 -0.09358 0.09304
0.20675 -0.03327 -0.02660
-0.38453 -0.08113 -0.11299
-0.19005 -0.15520 -0.11783
0.30312 -0.09525 0.02909
0.33757 -0.10339 0.03774
-0.11079 0.04354 0.02779
-0.10802 0.03203 -0.08768
-0.23665 -0.02912 -0.11313
0.03196 -0.03701 -0.01744
-0.24657 -0.08606 -0.07809
-0.23316 0.02864 -0.06892
0.36990 -0.13276 -0.13379
-0.29218 0.03871 -0.01669
-0.18700 -0.06643 -0.13531
0.43300 -0.12144 0.00747
0.42242 -0.07517 0.05553
-0.27602 -0.04134 0.11756
-0.07043 0.00495 0.10052
-0.16942 0.05317 0.07789
0.28836 -0.14471 0.04934
-0.16371 0.05169 -0.04907
-0.31150 -0.05207 0.11990
0.32981 -0.14123 -0.07302
-0.20477 -0.13029 -0.12201
0.18672 -0.09138 0.11426
-0.28439 0.02553 0.02412
0.13410 -0.10379 0.02113
0.12718 -0.04782 0.11362
-0.02288 0.05746 -0.08010
-0.39564 -0.11531 -0.06996
-0.20863 -0.13158 -0.02337
-0.08111 -0.13497 -0.02779
-0.18106 -0.05892 -0.12890
0.02050 -0.12282 -0.04976
0.39877 -0.06081 0.06665
0.40985 -0.08334 0.11950
0.40966 -0.09051 0.08271
-0.35951 -0.02979 0.11696
-0.25885 -0.11413 0.13026
0.01204 0.02148 0.01587
0.02782 0.02098 0.01115
-0.03302 0.02348 0.01257
0.41201 -0.14495 -0.03727
-0.00624 0.07305 -0.03852
0.03192 0.00102 -0.02648
0.03193 0.00088 0.01874
-0.40585 -0.03148 0.11754
0.19338 -0.04959 -0.11029
-0.25042 0.04424 0.07879
-0.34823 -0.05120 -0.12756
0.17818 -0.08028 -0.13078
-0.21575 -0.05525 -0.10836
-0.17489 0.00565 -0.10822
0.01410 0.02170 0.00387
-0.09552 0.02620 0.00934
0.07422 -0.11413 0.03282
-0.27111 -0.11182 0.13050
-0.35109 -0.12114 -0.03882
-0.31005 -0.11911 -0.04090
0.12368 -0.10637 -0.06025
0.41140 -0.09083 0.09899
0.08605 0.02971 -0.07450
0.02328 0.02244 -0.01689
0.06972 -0.07632 0.00006
0.10691 -0.01239 0.10578
0.42534 -0.14307 -0.07813
0.12884 -0.12136 0.12597
-0.41771 -0.12130 -0.04126
-0.04294 0.02050 -0.06282
0.02590 0.01831 -0.06517
-0.04814 0.01977 -0.06875
-0.02860 0.01974 -0.06540
-0.17997 0.02529 -0.05513
0.08298 -0.11464 0.05632
0.21875 -0.12432 0.00898
0.38094 -0.09974 0.01282
0.39112 -0.07583 -0.03841
0.26952 -0.11027 -0.10519
0.22861 -0.05398 -0.09298
0.02191 -0.01126 -0.10992
-0.33634 -0.05583 -0.11135
-0.37381 -0.05282 0.01146
0.14645 -0.12168 -0.09771
-0.33597 -0.02331 -0.00784
-0.33784 -0.02705 -0.01530
-0.32695 -0.00611 -0.03244
-0.33475 -0.02085 0.00109
-0.04904 -0.13431 -0.11245
0.01429 -0.13791 0.11275
-0.34289 -0.11331 0.10367
-0.23834 -0.11299 0.10367
-0.30188 -0.11247 0.10367
0.24398 -0.14486 -0.00710
0.24400 -0.11250 -0.00219
-0.19461 -0.10521 0.11601
-0.19675 -0.09078 0.11488
-0.18862 -0.11724 0.11696
-0.14758 -0.09960 0.11557
-0.20281 -0.06592 0.11292
-0.15719 -0.09555 0.11525
-0.39402 -0.12121 -0.10628
0.13941 -0.04329 -0.12384
-0.13742 -0.04991 0.10889
-0.19097 0.05181 0.02163
0.17886 -0.01634 -0.02290
-0.00945 -0.09685 -0.13575
-0.39649 -0.07813 -0.12821
-0.25026 -0.07047 0.07595
-0.31346 -0.06629 -0.12717
-0.19135 0.00647 0.10298
0.40820 -0.08440 0.11430
0.40810 -0.08871 0.10276
0.02162 -0.13584 -0.11753
-0.28398 0.02151 -0.05767
-0.35872 -0.09344 -0.13565
-0.20691 -0.17078 0.09709
0.08847 -0.13220 0.05992
0.13910 -0.13222 -0.05655
0.10200 -0.13221 0.03914
0.13517 -0.13222 0.05685
0.13450 -0.13222 -0.04780
0.12952 -0.13221 0.02826
0.08322 -0.13220 0.05540
0.13844 -0.13222 0.03685
0.22637 -0.09745 -0.11561
-0.18812 -0.17614 -0.12433
0.30889 -0.07401 -0.00982
-0.38508 -0.07989 0.06092
-0.28050 0.05529 0.01453
0.23653 -0.10108 0.10409
-0.41901 -0.10400 0.12962
-0.13750 -0.12150 0.10829
-0.34590 -0.05177 -0.12344
0.33699 -0.16045 0.11701
-0.31691 -0.12063 -0.07033
0.27078 -0.12420 0.09341
-0.34408 -0.04866 -0.09711
0.41717 -0.07745 -0.10393
0.32304 -0.04566 0.00634
-0.17624 -0.11060 -0.11788
-0.40279 -0.09524 0.13082
-0.42248 -0.11150 -0.10200
-0.21548 -0.11003 0.10151
-0.31876 -0.02985 0.11447
-0.25766 -0.04040 0.13922
-0.05490 -0.05888 0.12671
-0.10434 -0.03723 0.11128
0.03379 -0.13616 -0.02988
-0.12233 -0.13816 -0.03832
-0.11592 -0.13788 -0.03560
-0.11151 -0.13822 -0.04017
0.00427 -0.13748 -0.04298
-0.02215 -0.13758 -0.04153
0.01893 -0.06470 0.10907
-0.27128 -0.03196 -0.11182
-0.27184 -0.01985 -0.10961
-0.13613 -0.13814 0.05519
-0.02176 -0.13808 0.05531
-0.01303 -0.13521 0.07315
-0.09340 -0.13687 0.06301
-0.02820 -0.13744 0.05934
-0.26934 -0.11569 -0.13283
-0.30454 -0.02889 0.10098
-0.12910 -0.05864 0.12528
-0.11681 -0.11080 -0.13339
-0.34452 -0.04075 -0.01875
-0.12548 -0.14134 0.12070
0.39750 -0.09134 -0.13164
0.23532 -0.14884 0.04838
0.29413 -0.07879 0.03184
0.15762 -0.02381 -0.10322
0.12236 -0.13170 0.06144
-0.28921 -0.05694 0.12023
0.41904 -0.14625 0.08875
-0.10392 -0.10498 -0.11835
-0.16786 -0.09152 -0.10637
-0.13385 -0.07811 -0.10899
-0.11365 -0.08643 -0.11084
-0.16474 -0.07706 -0.10637
-0.12079 -0.05380 -0.10966
-0.18501 -0.04885 -0.10417
-0.11513 -0.12047 -0.11131
-0.13909 -0.08832 -0.10873
-0.12213 -0.10884 -0.11052
-0.20336 -0.05215 -0.10268
0.20040 -0.04990 -0.07029
-0.16346 -0.07065 0.13289
0.01820 -0.09903 -0.12476
0.08002 -0.12029 -0.02621
0.40141 -0.11223 -0.12350
-0.18706 -0.17527 -0.10802
0.01462 -0.04423 -0.11325
-0.35404 -0.03143 -0.11529
-0.05749 -0.03123 0.10908
-0.05666 -0.03964 0.11034
-0.05645 -0.02055 0.10747
-0.07292 -0.03421 0.10954
-0.08700 -0.11699 0.02427
-0.04895 -0.11699 0.00977
-0.10920 -0.11699 -0.04677
0.01983 -0.11699 -0.00471
0.01780 -0.11699 -0.04973
0.03881 -0.11699 0.04235
-0.24058 -0.11699 -0.07098
-0.18880 -0.11699 -0.08194
0.03884 -0.11699 -0.01215
-0.32031 -0.11699 -0.08620
-0.07696 -0.11699 0.00427
0.04350 -0.11699 0.08776
-0.01056 -0.11699 0.01334
-0.12653 -0.11699 -0.09597
-0.07565 -0.11699 -0.08517
-0.01221 -0.11699 -0.08972
0.01953 -0.11699 0.06786
-0.00277 -0.11699 0.03013
-0.04742 -0.11699 -0.04252
-0.04292 -0.11699 -0.06934
0.03959 -0.11699 0.07452
-0.03725 -0.11699 0.04850
-0.04437 -0.11699 -0.01253
-0.12250 -0.11699 0.00240
-0.05175 -0.11699 -0.09139
0.00438 -0.11699 -0.01458
-0.04275 -0.11699 -0.04025
-0.22718 -0.11699 -0.08279
0.02438 -0.11699 0.07042
-0.17963 -0.11699 -0.07352
0.00469 -0.11699 0.07090
-0.28791 -0.11699 -0.06993
-0.23305 -0.11699 -0.06033
-0.12666 -0.11699 -0.05674
0.02087 -0.11699 -0.03397
0.04433 -0.11699 -0.00892
-0.01843 -0.11699 -0.04729
-0.10888 -0.11699 -0.08533
-0.16248 -0.11699 -0.07351
-0.01987 -0.11699 -0.09926
0.04342 -0.11699 0.05173
-0.01858 -0.11699 -0.01842
-0.07173 -0.11699 -0.01333
0.03632 -0.11699 -0.09910
-0.03324 -0.11699 -0.06709
-0.22271 -0.11699 -0.05786
-0.06267 -0.11699 -0.07872
-0.02195 -0.11699 0.02137
0.01278 -0.11699 0.01238
0.03201 -0.11699 -0.00370
-0.23400 -0.11699 -0.05058
-0.28235 -0.11699 -0.09248
-0.09501 -0.11699 -0.06428
-0.10914 -0.11699 -0.09620
0.00733 -0.11699 -0.00210
-0.26661 -0.11699 -0.09372
-0.20402 -0.11699 -0.05110
-0.18019 -0.11699 -0.03519
-0.21373 -0.11699 -0.06457
-0.02706 -0.11699 0.05549
-0.16790 -0.11699 -0.08131
-0.02819 -0.11699 0.00035
0.00540 -0.11699 0.04765
-0.22817 -0.11699 -0.05485
-0.02473 -0.11699 -0.05317
-0.12478 -0.11699 -0.02918
-0.19924 -0.11699 -0.06339
-0.29518 -0.11699 -0.08676
0.00796 -0.11699 0.07996
0.29032 -0.13428 0.01956
0.19464 -0.14658 0.04690
0.39365 -0.07934 0.09754
-0.20443 -0.06168 -0.09895
-0.32041 0.00803 -0.06557
-0.25156 -0.10470 0.09594
0.13265 -0.08207 0.13207
0.28516 -0.09024 -0.04215
0.23675 -0.10905 -0.01141
-0.37425 -0.08287 -0.09821
-0.03103 0.01459 -0.09827
0.26584 -0.14204 -0.04787
0.05237 -0.06214 -0.13244
0.27536 -0.14487 -0.05598
0.32375 -0.07910 -0.13211
-0.25018 -0.04959 -0.12137
0.41877 -0.07734 0.05273
0.42092 -0.07718 0.00258
0.31768 -0.15561 0.10008
-0.23581 -0.06725 -0.13519
-0.19227 -0.11244 0.13003
-0.19539 -0.16404 -0.11324
0.40674 -0.10621 0.12188
0.07987 0.01689 0.05928
0.09202 0.00037 -0.10221
-0.16919 -0.15325 0.10279
-0.16020 -0.07243 -0.11161
0.27259 -0.08630 0.03658
-0.04608 -0.14185 0.11922
-0.22315 -0.17785 0.10793
-0.32820 -0.09362 -0.11635
0.41953 -0.08848 -0.09972
-0.00748 0.02189 0.02344
0.01691 0.02077 0.02739
0.31850 -0.11573 0.11358
0.13797 -0.03246 0.12859
-0.22365 -0.10995 0.04314
0.05341 -0.07304 -0.00838
-0.39246 -0.09235 0.11171
0.36973 -0.11192 -0.13345
-0.32857 -0.11177 -0.13404
-0.19216 0.02297 -0.07299
-0.35154 -0.05925 0.03836
0.39496 -0.11968 0.11247
0.07868 -0.11206 -0.01604
0.09840 -0.10805 -0.00076
0.11364 -0.10495 -0.04994
0.09208 -0.10934 -0.04132
0.07641 -0.11252 -0.02301
0.09570 -0.10860 -0.02891
0.09042 -0.10967 -0.02366
-0.23447 -0.10722 -0.07795
-0.40558 -0.10379 -0.13305
0.33030 -0.10082 0.03501
0.34145 -0.08918 0.02264
-0.14703 -0.07154 -0.13595
-0.02518 -0.10297 0.13165
0.42338 -0.07766 -0.10655
0.16960 -0.05385 -0.07851
0.41504 -0.07729 0.06854
-0.19311 -0.11704 -0.12384
-0.27494 -0.11632 -0.13226
-0.37797 -0.12186 -0.04591
0.38536 -0.14678 -0.09512
-0.35580 -0.07183 -0.12876
0.36352 -0.14682 0.01675
0.21785 -0.06357 0.12546
-0.23209 -0.12558 -0.00587
-0.25065 -0.12519 -0.06037
-0.22509 -0.12573 0.00110
-0.25019 -0.12520 -0.00040
-0.25963 -0.12500 0.06110
-0.24676 -0.12527 -0.02237
-0.21094 -0.12602 -0.07633
-0.21810 -0.12587 -0.02530
-0.25647 -0.12507 -0.07689
-0.23023 -0.12562 -0.04202
-0.20874 -0.12607 -0.00647
-0.19528 -0.12635 -0.07198
-0.25417 -0.12512 0.04375
-0.18418 -0.12658 -0.06093
-0.22673 -0.12569 -0.02874
0.03276 -0.03033 0.10802
0.41849 -0.12045 0.11846
0.41098 -0.05988 0.01876
0.38749 -0.07280 0.09762
0.42443 -0.09800 -0.10903
0.28063 -0.16365 0.09389
0.07783 -0.11288 0.05927
0.00732 -0.13791 -0.11738
0.36539 -0.12658 -0.12663
0.34631 -0.13575 0.03948
0.13592 -0.06601 0.12959
0.22046 -0.06417 -0.10915
0.25671 -0.14280 -0.00718
-0.28136 -0.11745 0.02469
-0.27235 -0.11689 0.02001
-0.37591 -0.06644 -0.07847
-0.04227 -0.05982 0.10797
-0.21315 -0.12541 -0.06853
-0.10456 0.09486 0.00731
0.31575 -0.05502 -0.10134
-0.26208 0.02744 -0.03082
0.35377 -0.12440 -0.05560
-0.06736 0.02780 -0.05060
-0.14951 0.02780 -0.02825
-0.19615 0.02780 -0.06608
-0.15400 0.02780 -0.04298
-0.07783 0.02780 -0.03419
-0.13901 0.02780 -0.06830
-0.02655 0.02780 -0.06202
-0.18926 0.02780 -0.05664
-0.16784 0.02780 -0.06645
-0.03224 0.02780 0.02138
-0.06457 0.02780 -0.06776
-0.07157 0.02780 -0.07514
-0.00240 0.02780 -0.04572
-0.18743 0.02780 -0.08207
-0.00725 0.02780 -0.01317
-0.03681 0.02780 -0.04239
-0.00600 0.02780 0.06762
-0.19291 0.02780 -0.07922
-0.05591 0.02780 -0.06460
-0.02510 0.02780 -0.03364
-0.00976 0.02780 0.06422
-0.10606 0.02780 -0.07943
0.00003 0.02780 -0.05858
-0.17269 0.02780 -0.05704
-0.12683 0.02780 -0.01029
-0.03192 0.02780 -0.01467
-0.18137 0.02780 -0.07334
-0.00773 0.02780 0.03022
-0.06992 0.02780 0.00276
-0.10435 0.02780 -0.04647
-0.10040 0.02780 -0.02561
-0.11365 0.02780 -0.00067
-0.04289 0.02780 0.00035
-0.15386 0.02780 -0.07151
-0.04369 -0.07210 -0.11232
0.16921 -0.03052 -0.10231
-0.43254 -0.10451 -0.01353
0.42440 -0.09941 0.08358
-0.39500 -0.08489 0.09538
0.06197 -0.04408 0.11108
-0.12780 0.05271 -0.06104
-0.28262 0.04765 0.02951
0.14375 -0.04621 -0.11423
0.30789 -0.15149 -0.01521
-0.21590 -0.10952 -0.00965
0.14707 0.00063 -0.03823
0.14178 -0.01814 -0.10906
0.18799 -0.15280 -0.00740
0.11454 0.01317 -0.03231
0.17856 -0.13133 -0.10740
-0.33560 -0.06707 -0.12608
0.17410 -0.13950 0.01060
0.16966 -0.13953 -0.01618
0.14598 -0.13969 0.03967
0.14482 -0.13970 0.09621
0.23795 -0.13907 -0.11578
0.17582 -0.13949 -0.02512
0.14475 -0.13970 0.01255
0.16839 -0.13954 0.05508
0.14813 -0.13967 -0.08666
0.14428 -0.13970 -0.07485
0.14454 -0.13970 0.06225
0.21696 -0.13921 -0.09885
0.15027 -0.13966 0.07353
0.14846 -0.13967 0.05332
0.18135 -0.13945 -0.10999
0.14885 -0.13967 -0.06188
0.14312 -0.13971 -0.04800
0.23594 -0.13909 -0.09111
0.15072 -0.13966 -0.02961
0.16944 -0.13953 0.02107
0.42009 -0.07928 -0.08204
-0.26538 0.06772 0.05106
0.18638 -0.12689 -0.11762
-0.05111 -0.05173 0.11840
0.36316 -0.11231 0.13024
0.08776 -0.13021 -0.08979
0.40825 -0.06529 -0.11214
-0.10392 -0.09226 -0.11851
-0.39472 -0.13110 -0.09553
0.27065 -0.08186 0.02487
0.22378 -0.05694 0.11404
0.06734 -0.08291 -0.03950
-0.34413 -0.04646 -0.12927
-0.22773 0.02650 -0.02372
0.35954 -0.12524 -0.05033
0.06558 0.03701 0.07134
-0.11957 0.02519 0.05001
-0.08163 0.02389 0.04508
0.16812 -0.01047 -0.02242
-0.28483 0.05217 -0.03049
0.35651 -0.05362 -0.05805
-0.23439 -0.11870 -0.11982
0.27375 -0.08288 0.03291
-0.21846 -0.14133 0.09494
0.31200 -0.09442 -0.10863
-0.39399 -0.08612 0.10526
-0.18353 0.03476 -0.08511
-0.21581 -0.11292 0.01324
-0.32093 -0.08439 -0.13579
-0.27654 -0.09438 0.09174
-0.24938 -0.08867 0.13310
0.24407 -0.05398 0.01214
-0.05225 0.03437 0.09103
0.29270 -0.14355 0.09886
0.01886 -0.13339 -0.01964
-0.34951 -0.05324 -0.06276
0.13704 -0.13168 -0.08997
0.28656 -0.06166 -0.10096
0.28073 -0.05907 0.11922
0.09457 -0.12607 0.01687
0.02330 0.00420 0.02771
0.02331 0.00198 -0.05361
0.14718 -0.00469 -0.08792
-0.25144 0.02539 0.03302
-0.28906 -0.07373 -0.13499
0.27992 -0.09311 -0.12537
0.33970 -0.05234 0.05612
0.35673 -0.05026 -0.02779
-0.11881 0.04786 -0.01805
0.02697 -0.09584 -0.11383
-0.19302 -0.09779 0.10825
-0.23224 0.07396 0.08437
-0.32123 -0.03850 0.10177
0.19589 -0.02655 -0.02752
-0.27959 -0.05391 -0.12285
0.16996 -0.04927 -0.00125
0.06746 -0.12759 -0.00288
0.06537 -0.13221 0.07836
-0.17396 0.02376 0.01668
-0.13637 0.02376 0.03973
-0.09771 0.02376 -0.00132
-0.10509 0.02376 0.03213
-0.18360 0.02376 0.02437
-0.11269 0.02376 0.00953
-0.17549 0.02376 0.04183
0.42290 -0.12035 0.11435
-0.23259 -0.11139 -0.00181
0.31605 -0.10812 -0.12367
-0.39391 -0.10399 -0.05046
-0.08379 -0.09398 -0.13606
0.34966 -0.08874 -0.13265
-0.20139 -0.12173 -0.00021
-0.37673 -0.07179 -0.12659
0.42085 -0.11031 0.12923
0.17117 -0.01579 -0.07180
0.39818 -0.06196 -0.09870
-0.07134 -0.05432 0.11994
0.36826 -0.11975 0.09491
-0.23482 -0.10282 0.11618
-0.34516 -0.05983 -0.11104
-0.15788 0.02111 0.07262
-0.12088 0.01930 0.07570
-0.18915 0.02247 0.07054
-0.10511 -0.09074 0.12609
0.42329 -0.06746 0.01184
-0.32625 -0.05197 0.09376
0.28553 -0.04617 -0.03218
0.06223 -0.06701 -0.13670
-0.22796 0.00738 -0.12848
-0.26825 -0.11747 -0.07779
-0.15041 -0.10024 -0.13514
0.10973 -0.04951 0.11512
-0.22408 -0.08494 -0.07801
-0.25400 -0.11553 -0.08386
0.01645 -0.05699 -0.12562
0.11930 -0.14339 0.11607
0.10323 -0.13170 0.02832
0.29779 -0.13127 0.07282
-0.24970 0.02612 0.01663
0.42806 -0.13165 0.06885
0.33284 -0.12196 0.04460
-0.16827 0.04365 -0.05051
0.26629 -0.09329 -0.00138
0.07221 0.01794 -0.04770
-0.18404 0.03602 -0.01288
0.29864 -0.08595 -0.01596
-0.25126 0.01615 -0.12379
0.32178 -0.08949 -0.04132
-0.34552 -0.05748 -0.12380
-0.26138 0.01302 0.10529
-0.10287 -0.00497 -0.10841
0.29347 -0.06064 -0.10101
-0.38561 -0.07097 0.12215
0.23398 -0.05538 -0.08765
-0.39296 -0.10218 0.13120
-0.00309 0.00386 -0.10163
-0.01022 0.00423 -0.10152
0.20131 -0.13009 0.09791
0.20810 -0.12884 0.10902
-0.25285 0.02742 0.10793
-0.20809 -0.06248 -0.08276
0.07519 -0.10444 0.08504
0.39679 -0.14390 0.05890
-0.19120 0.03224 0.05939
-0.19006 0.03224 0.07545
-0.29579 0.03901 0.00012
0.23390 -0.13267 -0.12549
0.14399 -0.13217 0.08361
0.03189 0.00822 -0.01579
0.31665 -0.05601 0.02595
0.15102 -0.04506 -0.11723
0.28624 -0.09465 -0.02984
0.28203 -0.08979 -0.02468
0.25542 -0.09464 0.00946
-0.39984 -0.05446 -0.12916
0.02195 -0.11254 -0.10550
-0.38000 -0.06035 0.12062
-0.23218 -0.14312 -0.11443
0.41607 -0.09268 0.09887
0.24862 -0.13714 -0.12334
0.12459 -0.00302 -0.10415
0.24945 -0.13015 0.08030
0.13320 -0.02913 0.13663
0.10102 -0.11097 -0.02496
-0.27574 0.02485 0.01767
-0.20522 0.02440 0.10660
0.19333 -0.13084 0.06792
-0.12293 0.02690 -0.01978
-0.12085 0.02647 -0.02617
-0.06435 0.06429 0.01648
-0.39067 -0.07390 -0.11147
-0.26933 0.01836 -0.08331
-0.09639 0.03350 -0.08871
-0.13530 -0.14006 0.12160
-0.05451 0.00925 -0.09823
-0.06069 0.00975 -0.09798
0.08502 -0.12218 -0.08986
-0.09385 0.05558 0.02563
0.28212 -0.12855 -0.10572
-0.29244 -0.11793 -0.00477
-0.30072 0.01577 0.07589
-0.07417 0.01651 -0.09156
-0.25353 -0.02679 0.14082
0.09036 -0.12345 -0.01919
0.21328 -0.03676 0.01727
0.00554 -0.11427 0.12984
0.03074 -0.05480 -0.09610
0.03080 -0.05439 0.03845
-0.31208 0.01370 -0.05965
0.01417 -0.13235 -0.02468
-0.11041 -0.13223 -0.02434
-0.27223 0.02281 0.05547
-0.11908 0.03772 -0.09738
-0.15282 -0.06490 0.13155
0.36555 -0.12518 -0.04839
-0.18771 -0.15479 0.11981
-0.00854 0.08678 -0.06186
0.22881 -0.05193 -0.10421
-0.09240 -0.12987 0.12616
-0.40231 -0.11478 -0.09520
-0.31316 -0.06705 0.12439
0.24229 -0.10946 -0.06276
-0.08475 0.05110 0.01286
0.06832 -0.11993 0.01767
0.08100 -0.12159 0.02153
-0.24905 -0.11349 -0.00430
-0.40558 -0.11107 0.12714
0.25433 -0.14492 0.04388
0.41513 -0.11827 -0.05787
0.41774 -0.09936 -0.12750
-0.32199 -0.02496 0.09304
-0.13240 0.03284 -0.08761
0.08697 0.01814 -0.01752
-0.25185 -0.14103 0.09927
-0.18901 0.04692 0.00122
-0.02924 -0.07151 -0.11223
-0.40967 -0.10454 -0.02049
-0.10122 -0.12287 -0.12212
0.25232 -0.04333 -0.00465
-0.34681 -0.03410 -0.06617
0.24611 -0.15092 0.01295
-0.02580 -0.13332 -0.12714
0.39861 -0.14308 0.12662
0.03378 -0.12448 -0.01463
-0.23064 -0.10101 0.10875
-0.10039 0.05096 0.02786
-0.06803 -0.08480 0.13334
0.39821 -0.11968 -0.11614
0.28726 -0.05165 -0.08226
-0.27501 0.06410 -0.00335
-0.05628 -0.10768 0.13093
-0.04642 -0.11568 -0.13284
-0.38342 -0.10505 0.08488
-0.18925 0.03550 0.02172
0.42631 -0.07539 0.09865
0.18315 -0.02097 -0.05306
0.34079 -0.14211 -0.04317
0.12864 -0.10457 0.04570
-0.16507 -0.05000 -0.11149
-0.35382 -0.12147 -0.00546
-0.35341 -0.12144 -0.01093
0.21059 -0.11536 -0.03272
-0.31719 0.01035 0.02150
0.28151 -0.12439 0.10135
0.28220 -0.11748 -0.11348
0.07310 -0.12733 0.03331
-0.20818 -0.06345 -0.13410
0.30057 -0.17891 0.11587
0.18580 -0.07249 0.11720
0.16148 -0.12236 0.12479
0.33334 -0.13828 -0.00149
-0.07101 0.02600 -0.08619
-0.25391 -0.06236 -0.09918
0.38277 -0.10494 -0.08892
0.19301 -0.14642 -0.04792
0.40801 -0.06408 0.07817
0.10441 -0.12917 0.01973
-0.41534 -0.10484 -0.06938
0.32659 -0.10748 -0.09871
-0.23037 0.01967 -0.08482
-0.09947 0.09390 -0.02027
-0.08563 0.04678 0.02155
0.40578 -0.14300 0.07261
-0.43024 -0.10888 0.12033
-0.16091 -0.11569 -0.13194
0.06291 -0.08015 -0.07637
0.07613 -0.12699 0.00962
-0.30085 -0.10074 0.13206
0.34390 -0.05110 0.04079
0.42644 -0.06796 0.00540
-0.12775 -0.10857 -0.13382
-0.01634 0.01284 0.09020
-0.31365 -0.03355 -0.10513
0.24359 -0.11442 -0.04009
-0.10420 -0.08639 -0.12986
-0.41777 -0.11160 0.12351
-0.21152 -0.06683 0.11246
0.02778 -0.07996 -0.11831
0.08428 -0.12332 0.01041
0.24446 -0.11643 -0.13087
-0.21638 -0.12189 0.08115
0.29841 -0.14258 0.04379
0.20774 -0.04254 -0.08039
-0.08378 -0.12796 -0.13012
0.42501 -0.07979 0.06869
0.24397 -0.14427 0.05418
0.20156 -0.04886 0.10236
0.33891 -0.13226 -0.07154
0.30213 -0.13508 -0.07154
-0.10473 -0.08844 0.11181
0.19310 -0.13870 0.01528
-0.25470 -0.11441 -0.00743
0.00847 -0.11041 -0.04239
-0.05563 -0.11041 -0.08190
0.01080 -0.11041 -0.05087
-0.28940 -0.11041 -0.07234
-0.09470 -0.11041 0.02820
-0.10994 -0.11041 -0.08006
-0.18985 -0.11041 -0.08373
0.03628 -0.11041 -0.03492
-0.04872 -0.11041 -0.07520
-0.01965 -0.11041 -0.03320
-0.15246 -0.11041 -0.00099
0.00023 -0.11041 -0.08652
-0.08384 -0.11041 -0.09562
-0.01895 -0.11041 -0.03932
-0.26493 -0.11041 -0.06888
-0.02005 -0.11041 -0.07643
-0.10192 -0.11041 -0.08409
-0.15492 -0.11041 -0.06541
-0.06930 -0.11041 -0.05930
-0.03050 -0.11041 0.02858
-0.09334 -0.11041 -0.04056
-0.05798 -0.11041 -0.02083
0.01971 -0.11041 -0.05849
0.00154 -0.11041 -0.02121
-0.16262 -0.11041 -0.04996
-0.08133 -0.11041 -0.02875
-0.20408 -0.11041 -0.07838
-0.30008 -0.11041 -0.07809
-0.12734 -0.11041 -0.02193
-0.12243 -0.11041 -0.07681
-0.02246 -0.11041 0.03722
-0.16700 -0.11041 -0.02841
-0.23247 -0.11041 -0.05403
-0.29213 -0.11041 -0.09153
-0.00224 -0.11041 -0.03314
-0.27934 -0.11041 -0.09506
-0.17721 -0.11041 -0.01400
0.02467 -0.11041 -0.00301
-0.13843 -0.11041 -0.01868
-0.22849 -0.11041 -0.09156
-0.20736 -0.11041 -0.04836
-0.00357 -0.11041 0.03584
-0.10601 -0.11041 -0.03903
-0.17340 -0.11041 -0.09708
0.01395 -0.11041 -0.09375
-0.12202 -0.11041 0.00139
-0.10605 -0.11041 0.01413
-0.01441 -0.11041 -0.01249
-0.22247 -0.11041 -0.05422
0.01483 -0.11041 0.04366
-0.01988 -0.11041 -0.06497
0.02639 -0.11041 -0.01879
0.02995 -0.11041 0.01514
-0.01267 -0.11041 -0.09928
-0.07779 -0.11041 -0.06884
-0.26023 -0.11041 -0.06025
0.02341 -0.11041 0.05755
-0.00345 -0.11041 -0.00313
0.00985 -0.11041 0.02256
-0.18336 -0.11041 -0.06222
0.02643 -0.11041 0.07903
-0.27545 -0.11041 -0.08770
0.03422 -0.11041 0.03484
-0.19022 -0.11041 -0.05013
-0.11276 -0.11041 -0.08757
-0.12043 -0.11041 0.01403
-0.15706 -0.11041 -0.05925
-0.14880 -0.11041 -0.09801
0.02115 -0.11041 0.03047
0.06125 -0.06865 0.01125
-0.01791 0.08884 -0.04393
0.09385 -0.07968 -0.13621
0.02488 -0.02644 0.09481
0.37817 -0.05180 -0.01832
-0.06399 -0.13789 0.11205
-0.01012 -0.13792 0.11701
0.30762 -0.12451 -0.02095
0.42556 -0.09162 -0.00327
-0.26370 0.03684 0.08019
-0.18657 0.01834 0.08369
0.42283 -0.07797 -0.07559
0.39857 -0.11463 -0.00559
0.39851 -0.10396 -0.00497
0.39862 -0.12550 -0.02820
0.39861 -0.12229 0.01170
-0.42392 -0.10457 0.00355
0.16985 -0.13154 0.09701
-0.30648 -0.08956 -0.13614
-0.39110 -0.05916 0.10849
-0.18123 0.03761 0.02405
0.32322 -0.09833 -0.10893
0.12093 0.01530 -0.06543
0.15237 -0.06428 -0.13159
-0.23539 -0.11135 0.02382
0.15693 -0.06265 0.04071
-0.07078 -0.12175 -0.00662
0.11466 -0.10475 0.00319
0.32062 -0.07957 0.02429
0.07377 -0.10193 -0.07074
-0.25285 0.03271 0.07958
0.42183 -0.10972 -0.05814
0.08019 -0.13170 0.05912
-0.29227 -0.11844 0.04072
-0.28829 -0.11812 0.03765
-0.32131 -0.12027 0.04946
0.17312 -0.01349 0.02836
-0.34374 -0.12487 -0.11370
-0.35911 -0.12482 -0.01455
-0.36432 -0.12480 -0.11161
-0.38370 -0.12473 -0.02022
-0.36074 -0.12481 -0.02615
-0.35259 -0.12484 -0.04795
-0.36894 -0.12478 -0.06303
-0.36939 -0.12478 -0.00763
-0.05705 0.02422 0.01792
-0.02072 0.02265 0.01965
-0.20744 -0.10100 -0.12673
0.30583 -0.13416 -0.05596
-0.12421 -0.10447 0.11654
-0.16698 -0.07330 0.11381
-0.13637 -0.06390 0.11444
-0.13620 -0.05601 0.11412
-0.12417 -0.11465 0.11697
0.06088 -0.05252 0.11885
0.18283 -0.12510 0.11724
-0.02671 -0.01633 0.10670
-0.00616 -0.01965 0.10713
0.00476 -0.01369 0.10613
0.00516 -0.00407 0.10459
0.00007 -0.02663 0.10822
0.13768 -0.02593 -0.11299
0.17122 -0.09008 0.11883
-0.22416 -0.16885 0.12332
0.04872 -0.13956 -0.05229
-0.08809 -0.13931 -0.06337
-0.02757 -0.13942 -0.01828
-0.09327 -0.13930 0.01485
-0.10460 -0.13928 -0.03077
-0.12911 -0.13923 -0.08688
-0.04314 -0.13939 -0.10923
0.00458 -0.13947 -0.10641
-0.14686 -0.13920 0.08931
0.06563 -0.13958 -0.07905
-0.11167 -0.13926 0.02103
0.06977 -0.13959 -0.08696
-0.12184 -0.13925 0.00779
-0.10192 -0.13928 -0.09373
-0.13506 -0.13922 -0.01019
-0.10241 -0.13928 -0.05178
-0.13029 -0.13923 -0.10645
-0.00383 -0.13946 -0.00854
0.03010 -0.13952 -0.09893
-0.01332 -0.13944 -0.09217
-0.02335 -0.13942 -0.03725
-0.02502 -0.13942 -0.07711
0.07237 -0.13960 -0.07371
0.07282 -0.13960 -0.08303
0.04181 -0.13954 -0.06325
-0.02064 -0.13943 -0.00637
-0.10179 -0.13928 0.07685
-0.08873 -0.13931 0.04418
-0.05233 -0.13937 -0.07124
-0.04608 -0.13938 0.02428
-0.06353 -0.13935 -0.03993
-0.12674 -0.13924 0.04710
-0.11258 -0.13926 -0.10047
-0.01841 -0.13943 -0.05793
-0.09127 -0.13930 -0.10674
-0.11843 -0.13925 -0.02058
-0.09018 -0.13930 -0.03584
-0.03511 -0.13940 -0.04884
0.04324 -0.13955 -0.08903
0.00301 -0.13947 -0.06323
0.01966 -0.13950 -0.11202
-0.10868 -0.13927 0.05755
0.02294 -0.13951 -0.09080
-0.00632 -0.13945 -0.02266
-0.09610 -0.13929 -0.06345
-0.14478 -0.13920 -0.03038
-0.07229 -0.13933 -0.09511
-0.12428 -0.13924 -0.02388
-0.06770 -0.13934 0.02435
-0.00376 -0.13946 -0.04393
-0.05893 -0.13936 -0.04352
-0.02623 -0.13942 -0.09102
-0.12874 -0.13923 -0.03923
-0.07637 -0.13933 -0.11333
0.01455 -0.05115 -0.11237
-0.07696 -0.13604 -0.07830
-0.09146 -0.13631 -0.08435
-0.15502 -0.13752 -0.07717
-0.03541 -0.13525 -0.08429
-0.20050 -0.13839 -0.07119
-0.25319 -0.08761 -0.09864
-0.25172 -0.11016 -0.09809
0.43097 -0.13255 -0.05696
0.21276 -0.11668 -0.12059
-0.06091 0.02371 0.03174
-0.02047 0.02191 0.03647
-0.09853 0.02544 0.02585
0.38907 -0.08256 -0.07855
0.36583 -0.09505 0.00255
-0.21552 -0.08927 0.13343
0.43434 -0.13735 0.07406
0.41340 -0.08310 -0.11948
-0.04952 0.06145 0.07350
0.02076 -0.12119 0.06002
0.02387 -0.09992 0.00908
0.02404 -0.09875 -0.01106
0.02517 -0.09107 -0.01317
0.02182 -0.11396 0.02695
0.02439 -0.09640 -0.02258
-0.22883 -0.11848 -0.10722
-0.14630 0.03870 0.04584
-0.14632 0.04799 0.03451
-0.14635 0.05752 0.05681
-0.17526 -0.04651 -0.11712
-0.24583 -0.11299 -0.02814
-0.27313 -0.07429 0.04121
-0.19442 -0.04640 -0.10936
-0.28320 -0.10054 -0.11757
-0.29768 -0.11804 -0.11965
-0.01916 -0.06625 -0.11232
-0.26137 0.02495 -0.04377
0.20774 -0.14730 0.04610
-0.11830 -0.08747 -0.11161
-0.10370 -0.06442 -0.11457
0.17320 -0.13217 -0.12109
0.25081 -0.10248 -0.10004
0.34725 -0.09378 0.08231
-0.24871 -0.09393 0.10541
-0.17074 -0.05402 0.11298
-0.14195 -0.07856 0.11491
-0.12848 -0.10195 0.11631
0.14131 -0.10229 0.02691
0.23529 -0.07532 0.09308
-0.29562 -0.09203 0.13277
0.28807 -0.14318 0.10770
0.37495 -0.13530 -0.13359
0.27963 -0.08404 0.00443
0.04573 -0.11161 -0.06111
0.04573 -0.11048 -0.04721
-0.29881 -0.11272 0.13042
-0.08560 0.01154 0.09473
-0.00780 0.00510 0.09746
-0.32622 -0.06716 0.10940
-0.22862 0.02921 -0.08674
-0.29993 0.03693 -0.03969
-0.04635 0.02923 -0.08662
-0.28962 0.02321 0.00999
0.37237 -0.09632 0.00301
0.09105 -0.02882 -0.11230
0.04614 -0.06484 -0.14055
-0.39718 -0.12870 0.08201
0.05851 -0.11786 -0.13122
0.17367 -0.05086 -0.02099
-0.31195 -0.07788 0.11151
-0.38068 -0.05070 -0.13036
0.05122 -0.10628 -0.13374
0.28454 -0.07797 -0.02668
0.37396 -0.13917 -0.00098
0.06067 -0.10344 0.08133
-0.04480 0.00213 0.10155
0.06294 0.02348 -0.01735
-0.18061 -0.13658 0.11298
0.38916 -0.09560 0.06427
0.38916 -0.12049 0.06553
0.38916 -0.10896 0.05125
0.06663 -0.08419 -0.01445
0.08362 0.03402 0.05420
0.14851 -0.09995 0.07931
0.26147 -0.12652 -0.10467
0.24699 -0.11829 0.04892
0.27268 -0.10991 0.05368
-0.00649 0.04752 -0.05234
0.07070 -0.02457 -0.11131
0.27157 -0.10139 0.13039
-0.13888 0.05734 0.04437
0.25675 -0.14369 0.01468
-0.26450 0.02783 0.04137
0.28430 -0.08655 0.01285
0.24390 -0.10909 0.03089
0.24395 -0.13095 0.03455
-0.18537 -0.11638 -0.10159
-0.20721 0.02682 -0.01937
0.02267 -0.10683 0.12074
-0.19166 -0.12884 -0.09915
-0.04178 0.02376 0.01287
-0.04422 0.02376 -0.04507
-0.05019 0.02376 0.00623
-0.42597 -0.10454 -0.02215
-0.35965 -0.05604 0.08421
-0.11432 0.03924 0.03082
-0.37072 -0.06112 -0.12406
-0.02791 0.03954 0.07459
-0.04156 0.03974 0.07459
0.31902 -0.14205 0.07923
-0.15907 -0.09908 0.13214
-0.34188 -0.04215 0.10803
-0.20741 -0.15687 -0.11127
0.42262 -0.10264 0.01567
-0.20501 -0.12122 -0.12005
0.24286 -0.12497 -0.09991
-0.24210 -0.11666 -0.07798
0.16660 -0.14498 -0.05158
0.23372 -0.04291 0.00031
0.05576 -0.04953 -0.02741
0.32157 -0.11711 0.09714
0.18525 -0.13127 -0.08148
-0.35415 -0.06451 -0.04388
0.42134 -0.07744 -0.09520
0.43004 -0.13759 -0.02160
-0.38274 -0.12213 0.01381
0.28052 -0.09276 0.09656
-0.07764 -0.08069 -0.11240
0.19053 -0.06619 -0.13193
0.18803 -0.11919 -0.02914
0.29831 -0.11120 0.03966
-0.05531 0.07911 -0.06723
-0.05392 0.06664 -0.06735
-0.22713 -0.11078 -0.05922
-0.20992 -0.15418 0.11252
-0.06549 0.01469 -0.09653
-0.24014 -0.07306 -0.11555
0.39129 -0.05708 0.10098
0.37383 -0.12506 -0.12776
-0.10498 -0.05858 0.10887
0.21054 -0.03712 -0.04086
-0.29316 -0.10728 -0.13441
-0.17379 -0.16216 0.10625
0.13573 -0.13169 0.06646
-0.29676 0.02251 -0.07657
-0.23556 -0.14763 -0.10410
0.30773 -0.05260 -0.00260
-0.32532 -0.05557 -0.10871
-0.17885 0.03816 -0.02985
-0.23055 -0.04716 0.10366
0.35184 -0.10416 0.01726
-0.27871 0.03889 0.00332
-0.00597 -0.09111 -0.11244
0.22615 -0.10049 -0.13379
-0.29685 -0.13073 -0.12616
-0.04446 -0.09079 0.10909
-0.33220 -0.03894 -0.09789
-0.11152 -0.06263 0.13033
-0.11016 0.03340 0.06409
-0.19877 0.03340 0.03897
-0.16593 0.03340 0.00577
-0.10060 0.03340 0.07761
-0.10734 0.03340 0.02344
-0.21854 0.03340 -0.04423
-0.04943 0.03340 0.04825
-0.21015 0.03340 0.02211
-0.20742 0.03340 -0.01813
-0.18004 0.03340 0.01304
-0.22403 0.03340 0.08087
-0.06660 0.03340 0.04290
-0.08312 0.03340 0.05324
-0.21998 0.03340 0.00368
-0.16638 0.03340 -0.02485
-0.14703 0.03340 0.00902
-0.13694 0.03340 0.02843
-0.18588 0.03340 0.05830
-0.20480 0.03340 -0.03728
-0.19605 0.03340 0.05335
-0.22950 0.03340 0.02880
-0.20801 0.03340 -0.02400
-0.17779 0.03340 0.05051
-0.17978 0.03340 -0.03300
-0.22335 0.03340 0.03803
-0.21707 0.03340 -0.05383
-0.03748 0.03340 0.07692
-0.16739 0.03340 0.02991
-0.19221 0.03340 -0.02810
-0.17483 0.03340 0.06796
-0.06687 0.03340 0.07446
0.17551 -0.04687 0.04808
0.12486 -0.10267 -0.03191
0.27232 -0.05005 0.07000
0.07996 -0.12354 0.08590
-0.40840 -0.05344 -0.12416
0.24404 -0.08224 -0.01275
0.35819 -0.10463 -0.11375
0.24362 -0.07879 0.03517
-0.40418 -0.13874 0.04523
-0.26253 -0.09283 -0.13577
0.33357 -0.07646 -0.10032
-0.23988 0.04016 0.01466
0.03072 -0.05633 -0.11179
-0.08099 0.02389 0.10662
-0.21418 -0.16510 0.12194
0.17779 -0.12198 0.02418
-0.41108 -0.10630 -0.07545
0.37015 -0.13769 -0.07155
0.40260 -0.12003 -0.07992
-0.42171 -0.08238 0.09350
0.04767 0.05792 -0.07381
0.42167 -0.07742 0.02012
-0.13690 -0.13451 -0.08605
-0.09828 -0.04347 0.11162
-0.42589 -0.10629 -0.01479
-0.19293 -0.16171 0.09949
-0.30131 -0.05127 0.10010
0.22028 -0.06308 -0.12820
-0.08216 -0.04933 -0.12046
0.41569 -0.09407 0.04916
0.40941 -0.07700 -0.02304
0.08567 0.01174 0.08291
0.17372 -0.10213 -0.13278
0.41364 -0.11231 -0.12218
0.36969 -0.14232 0.11661
-0.16464 -0.10711 -0.11151
-0.31534 -0.05081 -0.12310
0.25468 -0.12661 -0.12827
0.35878 -0.10586 0.10394
-0.32425 -0.12488 0.04584
-0.31105 -0.12486 -0.11244
-0.32198 -0.12488 0.03794
-0.32979 -0.12488 -0.10315
-0.33096 -0.12489 0.06446
-0.31947 -0.12487 0.01116
-0.29236 -0.12484 -0.07598
-0.31338 -0.12487 -0.07146
-0.33143 -0.12489 -0.00514
-0.28661 -0.12483 -0.12117
-0.29169 -0.12484 -0.05768
-0.29353 -0.12484 -0.05022
-0.33085 -0.12489 -0.11969
0.19776 -0.13039 -0.06952
0.32664 -0.05398 0.01476
0.16028 -0.00683 0.03997
-0.23045 -0.03266 0.11047
0.12728 0.00839 -0.07060
-0.18718 -0.09717 0.13246
0.15559 -0.08875 0.13145
-0.04329 -0.05764 -0.12817
0.09451 -0.05407 -0.12556
-0.40899 -0.07628 0.09514
-0.12940 0.03492 -0.10487
0.08757 -0.11191 -0.07463
-0.07718 -0.08056 -0.13651
0.18581 -0.07639 0.13094
0.30337 -0.12705 0.08769
0.16622 -0.05208 -0.04075
-0.32742 -0.07460 0.13107
-0.16249 0.09488 0.03486
0.32111 -0.13814 -0.04552
0.31475 -0.11384 0.03966
0.39446 -0.12829 -0.07357
0.08484 0.01834 0.01663
-0.31738 -0.12047 0.06617
-0.12712 -0.06857 0.13231
0.35890 -0.12066 -0.11973
0.30639 -0.08740 0.09315
-0.22643 -0.01119 -0.10929
-0.02204 0.01103 0.09331
0.25224 -0.14301 0.05244
0.38521 -0.13047 -0.13333
-0.25610 -0.05043 0.10977
-0.24677 0.03120 -0.02060
-0.15018 -0.07421 0.10835
-0.17582 0.02656 0.02505
-0.36938 -0.04792 -0.04560
-0.07094 0.02257 -0.04236
0.23082 -0.15518 0.06126
-0.31621 -0.03807 -0.12130
-0.34490 -0.04559 0.04701
-0.26331 -0.08484 0.09613
-0.03969 -0.08645 -0.10978
-0.37483 -0.05408 -0.00819
0.11898 -0.10719 -0.05400
0.02321 -0.01711 0.08993
0.29377 -0.05469 0.01203
0.15192 -0.13167 0.05773
-0.32786 -0.04919 0.11984
-0.29413 0.02273 0.03756
-0.07971 0.03404 -0.08577
0.02594 -0.08537 -0.11222
0.02144 -0.09682 -0.13107
0.07756 0.01870 -0.02647
-0.16559 -0.14750 -0.10768
0.19399 -0.02887 -0.06029
0.10790 -0.00777 -0.10835
0.05890 -0.13598 -0.05857
0.25047 -0.11459 -0.01798
0.03110 0.03730 -0.01292
-0.11393 0.05723 -0.02069
-0.03822 0.03301 0.10483
0.31996 -0.05277 0.07645
0.17614 -0.11210 0.11396
-0.26065 -0.07356 -0.09847
-0.05172 -0.07221 0.13230
-0.10425 0.09716 -0.01491
-0.35933 -0.05269 0.11965
0.07255 -0.11109 -0.13265
-0.09595 0.06621 0.02190
0.40975 -0.10167 0.10280
0.40962 -0.12423 0.11658
0.40979 -0.09620 0.12264
-0.36676 -0.11302 -0.11875
0.21587 -0.04882 -0.08990
-0.05001 -0.08220 0.10894
0.21702 -0.10482 0.12999
-0.10126 0.06234 0.02687
-0.20801 -0.13468 -0.06613
-0.27737 -0.11521 0.11658
-0.04424 -0.12159 -0.00377
0.06497 0.03121 0.02099
0.19904 -0.04988 -0.00413
0.29754 -0.12402 -0.04252
-0.21278 -0.13286 -0.12229
-0.32355 -0.02936 0.11463
0.23794 -0.11223 0.01093
0.06183 -0.06657 0.08898
0.13162 0.00769 -0.05024
-0.23394 -0.01524 -0.11014
0.10736 -0.13221 -0.07722
0.08407 -0.13220 -0.07474
0.08942 -0.13220 -0.06512
0.08622 -0.13220 0.00781
0.08845 -0.13220 -0.05394
0.10186 -0.13221 -0.04382
0.13023 -0.13221 -0.05238
0.07804 -0.13220 0.03313
0.10620 -0.13221 -0.06357
0.39108 -0.11972 -0.09524
0.29035 -0.05446 -0.02044
0.18579 -0.11830 0.01077
0.05522 -0.13562 0.07974
-0.37721 -0.05459 0.03176
0.28014 -0.09786 -0.13398
-0.05990 0.04787 -0.04850
0.24410 -0.08717 0.09729
-0.35635 -0.11123 0.05861
0.24843 -0.06286 0.12459
0.05857 -0.08403 -0.13687
-0.21733 -0.11229 -0.03898
0.02329 -0.03856 -0.03479
0.39054 -0.08419 -0.04146
0.39069 -0.11466 0.00820
0.39066 -0.10647 -0.04019
0.39073 -0.12021 -0.01793
0.15287 -0.06119 0.05875
0.07040 -0.09131 -0.06343
-0.29224 0.03428 -0.01277
0.37187 -0.09968 0.12861
-0.12720 -0.12644 -0.01727
0.01357 -0.12801 -0.01850
0.27674 -0.11261 -0.09829
-0.38100 -0.03782 0.11124
0.39935 -0.12655 0.04944
0.39477 -0.12660 0.06365
0.39979 -0.12661 0.02413
0.38322 -0.12669 0.11376
-0.27320 -0.10229 0.09786
0.24389 -0.09544 0.02586
-0.11902 0.02119 -0.07204
-0.04250 0.01927 -0.07113
-0.14123 0.02161 -0.07319
0.11520 0.01352 0.01283
0.04140 -0.13848 0.06681
0.11757 0.01983 0.05793
-0.30103 0.03834 -0.00121
0.03708 0.04844 -0.07165
0.41649 -0.07726 -0.01840
0.18383 -0.11691 -0.12063
0.38277 -0.10012 0.06413
0.38277 -0.12060 0.07669
0.38277 -0.12633 0.05450
0.39505 -0.14681 0.08251
-0.04674 0.06059 -0.01207
0.07790 0.01860 0.02633
0.33521 -0.10719 0.10911
-0.37575 -0.02886 0.11680
-0.14728 -0.12878 0.12605
0.08235 -0.12274 0.03267
-0.06610 0.05458 -0.06078
0.02329 -0.03874 -0.10823
-0.11375 -0.11674 -0.13230
0.21649 -0.12252 -0.07076
0.08136 0.00749 0.09272
0.27968 -0.09852 0.11195
