-0.11343 0.01543 0.05052
0.43248 -0.06868 0.11633
0.02463 -0.04740 -0.10087
-0.08668 -0.04732 -0.04458
-0.12475 0.02735 0.06813
0.08772 -0.02401 -0.15756
0.30262 0.02628 -0.11600
0.29632 0.02896 -0.10600
-0.41485 0.03524 0.06057
-0.00252 0.11465 -0.05815
-0.14200 0.00517 0.05922
-0.01893 0.04820 -0.12185
0.19301 -0.08828 -0.09719
-0.35259 -0.08711 0.03120
-0.41414 -0.07892 0.03929
-0.38537 -0.08253 0.03793
-0.38661 -0.08292 0.03198
-0.39376 -0.08151 0.03797
-0.04372 0.00937 0.09011
-0.08681 -0.03190 0.13106
0.31720 -0.07316 0.10010
0.28098 -0.09484 -0.06299
0.33068 -0.09484 -0.00515
0.31615 -0.09484 -0.03463
0.27102 -0.09484 -0.08868
0.33282 -0.09484 -0.07635
0.22711 -0.09484 -0.07448
0.28534 -0.09484 -0.04584
0.31524 -0.09484 -0.07547
0.33158 -0.09484 -0.09154
0.30827 -0.09484 -0.05401
0.25299 -0.09484 -0.07160
0.33219 -0.09484 -0.01874
0.30983 -0.09484 -0.02375
-0.05530 0.04710 0.10777
-0.42290 -0.01787 0.12725
-0.18236 0.02923 -0.00862
0.18440 -0.03642 0.15705
-0.13357 0.11995 0.03247
-0.10214 0.12134 0.02043
-0.06911 -0.06199 -0.12731
-0.11101 -0.06506 -0.12731
-0.04034 -0.01969 0.12731
0.30815 0.02044 -0.14013
-0.24696 0.08303 0.02051
0.03719 0.11753 0.06733
0.32910 -0.03396 0.12145
0.33099 -0.03747 0.10530
-0.13918 0.04256 -0.12566
-0.03589 0.04468 -0.13837
0.08947 -0.08662 0.14265
0.08365 -0.08892 0.14135
0.12916 -0.08968 0.14092
0.25549 -0.05170 -0.10397
-0.20847 0.04711 -0.11207
-0.18071 -0.02508 -0.14971
0.29633 -0.00268 0.10987
-0.01358 0.01585 -0.15168
-0.06449 0.02111 -0.15039
-0.04613 0.02440 -0.14946
-0.40996 0.02270 0.14077
-0.00166 0.02690 0.14849
0.00435 -0.03449 0.07801
-0.06100 0.04132 0.06706
0.12817 -0.00754 0.00591
-0.17869 -0.04067 -0.10945
-0.41175 0.04528 0.00680
0.07418 0.11310 0.05527
-0.06384 0.11427 0.06650
-0.02496 0.11516 0.04693
-0.06278 0.11404 0.07137
0.03696 0.10861 -0.09447
-0.11728 0.11192 -0.08389
0.05022 -0.03813 -0.09462
0.08949 0.10917 0.00573
-0.22910 0.01056 -0.12797
-0.10996 0.00596 -0.13339
0.14260 0.03995 0.06896
0.23297 0.01755 0.15011
0.04187 -0.01376 0.15713
0.11257 -0.01270 0.15687
0.16568 -0.00246 0.15531
0.18090 0.01425 0.14813
0.32138 -0.02262 0.11513
0.31365 -0.01512 0.10843
-0.26681 0.03599 0.14563
-0.02198 0.02448 -0.04973
0.00900 -0.04652 0.11503
-0.11610 -0.03877 0.09302
-0.13563 -0.03914 0.08857
-0.05241 0.12127 -0.02709
-0.09707 0.12130 -0.02511
-0.08941 0.12113 -0.03392
0.00368 0.12146 0.01730
0.00313 -0.04888 -0.10378
0.02045 0.11227 0.10378
0.21916 0.04237 -0.00291
0.22175 0.04187 -0.01745
0.24143 0.03985 -0.01198
-0.27426 -0.00331 -0.11450
0.31340 -0.08268 0.12480
0.41836 -0.09081 0.12397
-0.41429 -0.06219 0.12105
0.14355 0.04488 0.13918
0.42260 -0.09056 0.12176
0.32183 -0.03962 0.13475
0.18497 -0.03038 -0.13654
0.22579 0.00023 -0.15614
0.12543 0.03729 0.14347
0.42563 -0.02628 -0.09251
-0.08819 -0.02072 -0.13704
-0.17513 -0.02674 -0.04406
0.32437 -0.02527 0.10759
0.31353 -0.04864 0.11198
-0.24443 0.00444 0.11059
0.41606 0.00991 0.03433
-0.39348 0.02166 0.12878
0.39227 0.01578 -0.05449
-0.20841 -0.00725 0.13315
0.27256 0.00971 0.15304
-0.18479 -0.02121 0.13273
-0.18551 -0.02053 0.12208
-0.01889 0.02153 -0.03156
-0.22382 0.01257 0.15362
-0.13737 0.02354 0.06809
-0.00829 -0.00178 0.02321
-0.24829 0.01243 -0.12907
0.20740 -0.07778 0.11052
-0.12723 -0.00017 0.04052
0.28020 0.00422 0.10563
-0.15327 0.11381 0.09868
0.28160 0.00695 0.15383
0.01695 0.11242 -0.08189
0.41798 -0.00727 0.09136
0.36736 0.01278 -0.13406
0.26409 -0.07433 -0.09685
0.44340 -0.04819 0.05190
0.25975 0.02604 -0.13165
-0.09055 0.04320 0.13037
-0.05049 0.04154 0.12645
0.05427 0.09390 0.11611
0.02231 0.09486 0.11559
-0.44446 -0.02073 -0.01537
-0.29097 -0.06159 -0.10746
0.33651 -0.02355 -0.15419
0.31196 -0.09838 -0.12824
-0.40240 0.03729 -0.13883
-0.41768 0.01130 -0.11710
-0.10219 0.10667 -0.10833
-0.01005 -0.02488 0.02434
0.25117 0.02673 0.14263
0.05639 0.11620 0.04776
0.06148 0.11594 0.04043
-0.04607 0.01152 0.03105
-0.02854 -0.02928 -0.12548
-0.38973 0.00701 -0.12903
0.05545 -0.00002 -0.12803
0.04521 0.11906 -0.01895
0.27135 -0.01071 -0.09801
-0.43173 -0.06555 0.11088
-0.01529 0.03475 -0.13115
-0.24896 0.00389 0.14765
0.24194 -0.11094 -0.10802
-0.03058 0.09350 -0.11632
0.10162 -0.01784 0.13618
0.26770 0.01089 -0.15283
0.30553 -0.00860 0.14779
0.30774 -0.00969 0.11706
0.03501 -0.05790 -0.12874
0.02418 -0.05790 -0.13054
-0.11078 0.02336 -0.13102
0.04259 0.11159 0.06478
0.34586 -0.09378 0.10638
0.41357 0.00861 0.06152
-0.32100 -0.06187 0.15538
0.38372 -0.03356 0.15290
-0.12388 -0.07782 -0.13110
0.25988 0.01296 0.11262
-0.08479 -0.04796 0.11120
-0.24488 0.00921 0.12901
-0.41489 -0.07100 -0.12320
0.34165 0.02641 -0.02408
0.34599 0.02562 -0.03356
0.31441 0.03065 -0.00283
-0.44397 -0.05518 -0.07314
-0.17857 0.07780 0.11710
-0.25971 0.00251 -0.09925
-0.25490 -0.04492 -0.10587
0.37348 -0.01322 -0.11420
-0.42002 0.01306 0.09986
-0.18848 0.01247 0.15299
-0.11113 -0.03865 -0.05939
0.41877 0.00235 -0.05845
-0.22223 -0.04139 -0.10628
-0.14063 0.00506 0.03846
0.14940 0.00028 0.15495
0.07227 -0.00848 0.15633
-0.00529 -0.01026 0.15671
0.02249 -0.05022 -0.12373
-0.13893 0.02074 0.06231
-0.09004 0.02514 0.00254
0.30544 -0.09025 0.10010
0.26459 0.03603 -0.06185
0.22424 0.04097 -0.04534
0.24032 0.03825 -0.06927
-0.41958 -0.07328 -0.10100
0.43406 -0.05591 0.11106
-0.18766 0.11375 -0.03341
-0.28662 -0.01630 -0.12129
0.07639 0.10909 0.01780
0.22327 -0.09933 0.10461
0.35204 0.01610 -0.12121
-0.27396 -0.07343 -0.11114
-0.10477 0.11595 0.01600
-0.14854 0.11409 0.02927
0.04310 0.11220 -0.05480
0.05534 0.11025 -0.05797
-0.36159 0.04279 -0.14073
-0.18672 0.11152 -0.06979
-0.01611 0.01672 -0.11198
-0.23284 -0.09125 0.10601
0.05081 -0.07296 0.03136
-0.17487 -0.00467 -0.12074
-0.04426 0.02584 0.12514
-0.17707 -0.02391 -0.12898
-0.17229 -0.07153 -0.13123
-0.24658 0.04757 -0.00725
-0.22531 -0.01979 0.09047
-0.13681 0.09417 0.11596
-0.44662 -0.06289 0.04635
0.29576 -0.09943 0.11898
0.17583 -0.07482 0.13227
0.36392 -0.06782 0.15092
-0.22515 -0.04822 0.10375
0.13819 0.06981 0.11191
-0.20931 -0.06561 0.10729
-0.42312 0.00264 0.10156
-0.35639 -0.06182 -0.15365
-0.35072 -0.05642 -0.15520
0.10149 0.09036 -0.10901
0.12372 0.06664 0.12634
0.18434 -0.03694 0.13756
-0.21054 -0.05416 -0.11114
0.42111 -0.00620 -0.07266
-0.24187 -0.07243 0.10909
-0.02917 0.00993 -0.12966
-0.14756 0.11804 -0.06310
-0.16181 0.11828 -0.04729
-0.18428 0.10203 0.09854
-0.26140 0.06993 0.09790
-0.12954 0.00464 0.12638
0.30864 0.01122 -0.14855
-0.08536 -0.06148 -0.12523
0.06249 -0.03213 0.07540
-0.34641 0.05150 -0.08349
-0.35066 0.05120 -0.08863
-0.31506 0.05294 -0.07744
0.00426 -0.04061 -0.09281
-0.01360 0.01892 0.14337
0.44246 -0.08509 -0.04131
-0.23008 -0.06883 -0.10740
0.13073 0.02059 0.02839
-0.01166 -0.02179 0.14513
-0.15810 -0.06821 0.13194
-0.31830 -0.09350 0.04229
-0.37162 -0.08320 0.08086
-0.32582 -0.09217 0.02369
-0.32158 -0.09269 0.08040
-0.34935 -0.08743 0.07868
-0.37439 -0.08274 0.06863
-0.33872 -0.08954 0.06074
-0.31151 -0.09455 0.08997
-0.37755 -0.08206 0.08318
-0.35029 -0.08744 0.04142
0.24045 -0.00145 -0.09913
0.06544 -0.02838 0.02944
-0.22879 0.00054 0.11084
-0.23031 0.00077 0.10060
-0.02461 0.05773 -0.12370
0.12186 -0.00431 -0.01380
-0.28947 0.06028 0.00050
-0.26603 0.07318 0.00546
-0.31082 -0.03655 -0.15967
-0.34690 -0.03075 -0.15934
0.39295 0.00233 0.13812
-0.24370 -0.02608 -0.08975
-0.18872 -0.00765 0.15855
-0.01452 0.00808 0.13021
-0.01073 0.07820 -0.11816
-0.43735 -0.01676 -0.00847
0.29584 0.00599 0.12971
0.36175 0.02254 -0.04220
-0.10958 0.03249 -0.06459
-0.18193 -0.09057 -0.12492
0.05718 0.10913 -0.10535
-0.22865 0.04435 -0.12953
-0.21191 0.02863 -0.13543
0.11801 -0.03776 0.00887
-0.20189 0.06699 -0.12997
0.25262 0.03290 -0.11895
0.20568 0.03898 -0.12267
0.31705 -0.05647 0.11583
-0.21932 0.00668 0.14765
-0.25713 0.05259 -0.12670
-0.44047 -0.06026 0.09369
-0.19729 0.10488 0.04540
0.28972 -0.10448 -0.09773
0.34805 0.01618 -0.12958
-0.16671 0.02547 0.00886
-0.20204 0.08548 0.11998
0.12905 0.07779 -0.09908
0.13734 0.07089 -0.10907
0.43226 -0.01562 -0.02255
0.12441 0.00386 0.01535
0.43690 -0.08584 0.07882
-0.02884 -0.08693 -0.14266
-0.03283 -0.08364 -0.14465
-0.34529 -0.05090 -0.15676
-0.18027 0.01969 -0.01635
0.24553 -0.11073 0.10010
0.04284 0.11380 0.02438
0.24533 -0.04572 -0.09966
0.09095 -0.04461 -0.08373
0.31411 -0.06878 -0.10397
-0.26741 0.06859 0.07848
-0.27258 0.06548 0.08253
0.32079 -0.03953 0.14656
0.40753 0.00549 -0.10477
0.43543 -0.08823 -0.08387
-0.17327 0.06477 -0.13108
0.31519 -0.02260 0.11285
-0.03110 -0.01667 -0.12691
-0.22949 -0.02178 0.08203
-0.23324 -0.02348 0.01835
-0.22648 -0.02043 0.04971
0.13074 0.03531 0.12730
-0.44031 -0.04142 -0.10337
0.20289 0.04288 0.00631
0.23549 0.03836 0.07971
0.21494 0.03991 0.10003
0.22866 0.03949 0.06976
0.21310 0.04034 0.09402
0.20816 0.04077 0.09728
-0.15928 0.02763 -0.14886
0.18969 -0.02174 0.15733
-0.07184 0.03717 -0.14508
-0.18415 0.10426 -0.10718
-0.03179 0.01197 -0.02550
0.01686 0.11930 0.06850
0.27697 -0.11410 0.11124
-0.17405 -0.01110 -0.06668
-0.17255 -0.01951 -0.06286
0.41102 -0.03138 0.12527
0.39838 -0.03067 0.12401
-0.41545 0.00826 0.14417
-0.04412 0.11417 0.10167
0.09598 0.03774 -0.14331
-0.30609 0.02224 -0.15020
-0.17529 -0.00220 -0.11564
-0.18544 0.04392 -0.12876
-0.28562 -0.04548 -0.09925
0.22638 -0.01183 -0.09978
0.17076 -0.06123 0.15278
0.07832 -0.06442 0.15208
0.17655 -0.06349 0.15215
0.01493 -0.06816 0.15117
0.17649 -0.05132 0.15551
-0.04083 0.07646 0.08222
0.39039 0.01316 0.09614
-0.12735 -0.03212 0.15809
-0.29281 -0.07649 0.10035
-0.14032 -0.01312 0.06429
0.16965 0.00311 0.13402
0.23371 -0.02773 -0.09707
-0.08192 -0.05134 0.15522
-0.04123 -0.06012 0.15314
-0.14556 -0.04813 0.15590
-0.08757 0.00439 0.15452
-0.16577 0.00320 0.15488
0.17301 -0.01926 -0.05784
0.18257 -0.02103 -0.12823
0.18271 -0.02105 -0.11345
0.06329 0.00695 -0.12405
-0.25996 -0.00321 -0.14572
-0.18935 -0.05552 -0.11100
-0.12351 0.02824 -0.07719
0.07926 -0.03031 -0.10532
-0.34783 -0.06357 0.15367
0.31344 -0.02214 -0.09209
-0.41778 0.03430 0.01443
-0.23443 0.09060 -0.00743
-0.23125 0.09206 -0.01410
0.17782 0.03076 0.13609
0.13677 0.04984 0.14359
-0.29725 -0.08437 0.11093
0.01314 0.11914 -0.07618
0.03199 -0.02886 0.00090
-0.40687 0.03554 0.12205
0.03761 0.11938 -0.03573
-0.27281 0.04926 -0.11746
-0.25233 0.04783 -0.12514
-0.21936 -0.11193 -0.14572
0.06549 -0.07588 -0.14827
0.03085 -0.07448 -0.14886
0.08950 -0.07941 0.14157
0.11366 -0.07941 0.14089
0.17183 -0.07941 0.13645
-0.04667 0.08587 0.08506
0.20919 -0.04190 0.10329
0.36516 -0.09334 0.09736
0.40251 -0.09134 0.10353
0.07691 0.11442 0.01593
-0.27004 -0.01789 -0.09027
0.27971 0.00415 -0.09209
0.11235 -0.04877 -0.12287
-0.18707 -0.00986 -0.13682
0.44749 -0.07450 -0.01380
-0.12580 -0.00166 0.03505
0.34880 0.02548 0.01967
0.33751 0.02707 0.01997
0.29048 0.03408 0.00044
0.34164 0.02668 0.00925
-0.42980 -0.07547 -0.04551
0.41950 -0.03315 0.13581
-0.04225 -0.07941 0.14417
-0.09010 -0.07941 0.14062
-0.04020 -0.07941 0.13402
-0.05879 -0.07916 0.14739
0.41010 -0.01519 -0.11391
-0.19581 0.05207 0.10650
0.19224 0.04159 -0.11045
-0.04795 0.05230 -0.07540
-0.33691 0.03196 0.14682
-0.04126 0.06955 0.06248
-0.02199 0.02625 0.11046
0.11483 0.03371 0.14548
-0.03717 -0.02347 -0.05556
0.13439 0.06935 -0.12365
0.02253 -0.03874 0.11619
-0.19486 0.07655 0.12533
-0.44183 -0.03035 0.09266
-0.33884 -0.08675 -0.14355
0.29076 0.02704 0.11911
-0.23945 0.01406 0.12613
0.16756 0.05337 0.10008
0.16531 0.05930 0.06119
-0.43777 -0.04024 0.11622
0.32275 -0.08082 0.12667
-0.17166 -0.05097 0.09874
-0.02518 0.11977 0.06447
-0.03992 0.11940 0.07287
-0.05079 0.05899 -0.05237
0.42776 -0.06261 0.13410
-0.12398 -0.03892 0.10459
-0.12684 -0.03896 0.13178
-0.10310 0.02555 -0.00853
-0.28873 -0.01952 -0.14061
0.32197 -0.03636 -0.09742
0.04525 -0.04596 0.12272
-0.02353 -0.01792 0.15777
0.11264 0.00813 0.12527
-0.31525 -0.09293 0.11089
-0.32693 -0.09129 0.11527
0.41936 0.00667 -0.03196
-0.28435 -0.01279 0.09060
0.18802 -0.08400 0.14409
-0.11909 0.02507 -0.04479
0.07167 -0.06392 -0.03131
0.02245 0.11479 0.04546
-0.02524 0.02900 -0.10165
-0.08767 -0.07302 0.14968
-0.07340 0.11292 0.09562
-0.04451 0.06463 0.05312
-0.42796 0.00248 0.05341
-0.01792 0.05105 -0.13236
0.26732 -0.03534 0.10774
-0.19776 0.04711 -0.02762
-0.21075 0.04711 0.00025
-0.18587 -0.01118 -0.11517
-0.22072 0.09397 0.07654
-0.24140 0.08332 0.07334
-0.22553 0.09188 0.06723
-0.19116 -0.01436 0.13628
-0.22903 -0.03431 0.11125
-0.19130 0.10576 -0.04804
0.37522 -0.00262 -0.13700
-0.11128 0.00592 0.12880
-0.23643 -0.03842 -0.11114
0.07200 0.10926 0.08742
0.34961 -0.09416 0.05294
0.34242 -0.09455 0.07720
0.43370 -0.08961 0.03721
0.39586 -0.09166 0.04936
0.35558 -0.09383 0.01169
0.39028 -0.09196 0.04577
0.40956 -0.09092 0.05013
0.35519 -0.09386 0.05363
0.37838 -0.09260 0.04354
-0.08707 0.12112 0.03466
-0.08878 0.12126 0.02716
-0.08088 0.12156 0.01254
-0.21908 -0.05377 0.11005
0.36055 0.02124 -0.07848
0.17654 0.05472 0.00353
-0.18415 0.04100 -0.10234
-0.23269 0.00113 -0.11473
-0.23026 0.00076 -0.14981
0.01454 0.10469 0.10990
-0.11231 -0.05978 0.13328
0.31939 -0.08613 0.10291
0.12865 0.01354 -0.12719
0.18424 0.04089 0.02052
-0.09715 -0.04592 -0.15645
-0.08245 -0.04043 -0.15723
0.08217 -0.07630 -0.11672
-0.01752 0.07872 0.11140
-0.14402 -0.03930 0.07896
-0.13139 -0.03906 0.07418
0.32953 -0.05660 0.10215
0.15593 -0.02067 -0.15740
0.37555 -0.08368 0.14727
-0.25039 0.02951 -0.14847
-0.00332 0.11146 -0.09255
0.23552 0.02820 0.13736
-0.17308 -0.03620 -0.14572
0.24577 -0.09907 -0.10759
-0.01436 0.12117 -0.03202
-0.16316 -0.03967 -0.13327
-0.03541 0.04276 -0.08120
0.09538 0.09492 -0.10237
0.36452 -0.03376 0.15518
0.25372 -0.06063 0.10981
-0.28606 0.03044 0.12976
-0.30895 0.03208 0.13014
-0.29036 0.02627 0.12974
-0.30638 0.02258 0.12991
-0.31716 0.01247 0.12988
0.20965 0.03077 0.13856
-0.17759 0.09824 -0.10597
0.26811 -0.06709 0.10839
-0.13681 -0.09286 0.11854
-0.13838 -0.09354 0.10949
-0.07232 -0.09136 0.13873
-0.11201 -0.09291 0.11793
-0.07677 -0.09203 0.12970
-0.09357 -0.09253 0.12306
-0.12260 -0.09166 0.13467
-0.28578 -0.00046 -0.15512
0.38532 0.01058 0.11325
0.31888 -0.05089 -0.11671
-0.29413 0.05432 -0.06931
-0.08536 0.02357 0.01039
-0.09456 0.02357 0.03161
-0.04166 0.05037 -0.13791
-0.04396 0.07492 -0.12616
-0.05845 0.06387 -0.13145
-0.07697 0.06358 -0.13159
-0.02812 -0.04131 -0.09950
0.09133 -0.05184 0.12201
0.07230 0.10820 0.05177
0.07472 0.10888 0.03611
0.43727 -0.02727 0.00764
-0.35701 0.05197 0.04491
-0.33969 0.05236 0.05895
-0.33114 0.05306 0.04517
-0.30057 0.05391 0.06317
-0.03935 -0.01723 0.08721
-0.01807 0.01953 -0.12512
-0.20455 0.00596 0.12208
-0.39342 -0.08242 -0.01862
-0.40165 -0.08115 -0.02234
-0.38973 -0.08295 -0.02390
-0.38472 -0.08378 -0.01144
-0.41006 -0.07990 -0.01592
-0.38191 0.05105 0.02289
-0.00904 0.02533 0.13380
-0.18808 -0.10107 0.13260
-0.05327 0.08605 0.06551
0.00420 -0.01176 0.03832
-0.12913 0.03929 0.14435
-0.01921 0.03553 0.14560
-0.07473 -0.07941 -0.13096
-0.09383 -0.07941 -0.13582
-0.18354 0.03792 0.07998
0.23219 0.00643 -0.15409
-0.19778 0.00712 -0.08429
-0.19844 0.01354 -0.06868
-0.19861 -0.00671 -0.06450
-0.20342 -0.01919 0.05011
-0.20123 -0.01263 -0.00207
-0.19815 0.01214 -0.07554
-0.20086 -0.02337 -0.01080
-0.20461 -0.02368 0.07848
0.18377 -0.04186 -0.15687
-0.17564 0.00046 -0.09623
-0.03778 0.01035 -0.02691
0.21560 -0.02657 -0.12140
-0.19303 0.06164 0.09616
0.05062 -0.03037 0.03363
-0.05202 0.11648 -0.09648
-0.12698 -0.05174 0.14029
-0.05290 0.05870 -0.10230
-0.01846 0.05449 0.13373
-0.14117 0.03580 -0.12836
0.11227 -0.02926 -0.15749
-0.26132 -0.04537 -0.10727
-0.44403 -0.05665 -0.01585
-0.43077 -0.00202 -0.02890
-0.24093 -0.11727 -0.12136
0.05383 -0.02960 0.12730
0.39744 -0.03060 -0.12079
-0.02879 -0.00487 -0.12373
0.31123 -0.00388 0.15464
-0.44814 -0.05539 -0.04580
-0.17020 -0.03803 0.09063
-0.01490 0.12130 0.02516
-0.05984 0.03462 0.04627
0.15953 -0.00852 -0.11941
-0.30540 -0.04281 -0.15730
-0.29989 -0.03290 -0.15191
0.24395 -0.10149 -0.13856
0.38959 -0.09113 -0.13607
-0.29410 0.05686 0.02008
0.21447 -0.07673 0.10670
-0.17962 0.07639 -0.11801
-0.24361 0.00456 -0.11749
-0.03298 0.06416 0.11785
-0.18814 0.08822 -0.11901
0.06930 0.10784 -0.06394
0.21700 -0.06871 0.10807
0.27740 -0.10720 -0.09209
-0.29771 0.01001 -0.15310
-0.23443 -0.07247 -0.10827
-0.15144 -0.04403 0.12731
0.12488 -0.00246 0.07429
-0.17069 0.04183 0.14311
0.16049 0.05643 -0.11170
0.26460 -0.11221 -0.13856
0.02073 0.11412 -0.05891
-0.18176 0.02384 0.04933
-0.40185 0.00423 -0.12834
0.37496 0.01869 -0.07014
0.40106 0.00515 -0.07579
0.11584 0.00933 0.10999
0.20728 -0.07519 -0.09663
0.10965 0.09870 -0.00515
0.07049 -0.03173 0.10312
-0.27158 -0.05499 0.10813
-0.43763 -0.04752 -0.11735
-0.22861 -0.05552 0.11125
-0.06581 0.06059 -0.08790
0.40707 -0.03129 0.10870
0.18391 -0.04076 -0.13690
-0.03455 -0.00035 0.02645
-0.40200 0.01834 -0.12820
0.19088 -0.00186 -0.15528
0.01139 -0.04894 -0.05382
0.01141 0.00571 0.12603
-0.17688 0.00196 0.05987
-0.17378 -0.01483 0.05463
-0.25288 -0.11982 0.13480
-0.16497 0.10906 0.08517
-0.25229 -0.10762 -0.10669
0.17897 -0.06304 -0.14853
-0.05018 -0.08998 0.14082
-0.03869 -0.08458 0.14408
-0.08815 -0.04040 0.07534
0.05388 0.11246 -0.01739
-0.25771 0.06504 -0.12124
0.40203 -0.03041 0.14136
-0.03413 -0.01728 0.02924
0.06058 0.03699 -0.12719
-0.13356 0.01149 -0.05057
0.26459 -0.09867 -0.10397
-0.33227 -0.09098 -0.10398
0.25049 0.00267 -0.13856
-0.14451 -0.03931 -0.08033
-0.15670 -0.03955 -0.07312
-0.16300 0.10654 0.10537
-0.13384 -0.07058 0.13152
0.23090 -0.00415 -0.13856
-0.27702 0.06287 -0.08508
-0.25006 0.07792 -0.08719
0.14036 -0.00821 0.00538
-0.08328 -0.07437 -0.13054
0.30493 -0.10163 0.11248
0.37336 0.02044 -0.03662
0.36876 -0.01586 0.14556
-0.01255 0.01474 0.11793
-0.08887 0.11105 0.09526
0.42619 -0.08998 -0.05674
0.36919 -0.09307 -0.08467
0.43769 -0.08938 -0.04330
0.43147 -0.08969 -0.05510
-0.14600 -0.02212 0.05944
0.30849 -0.09128 -0.12240
0.24086 0.02767 -0.14157
0.01048 -0.03430 -0.12064
-0.01160 -0.00049 0.14311
-0.11741 0.11826 -0.07719
-0.27733 0.05737 -0.12332
-0.41228 0.03669 -0.08249
-0.32368 0.02913 -0.14792
-0.13096 0.00893 0.06178
-0.03056 0.03835 0.10451
-0.07129 0.04763 -0.13926
-0.10724 0.05728 -0.13464
-0.08325 0.05630 -0.13509
0.06504 0.11249 0.08030
-0.18654 0.04639 -0.08721
0.32158 -0.06233 0.10562
-0.42771 -0.07216 -0.10166
-0.11339 0.11597 -0.09464
-0.11250 0.11731 -0.08554
0.01623 -0.05580 0.02866
0.09108 -0.05903 0.02866
0.15927 -0.05843 0.02866
-0.03882 0.10371 0.11006
0.18963 -0.00930 0.15632
-0.18208 -0.01677 0.14731
0.29731 0.02824 0.10925
0.26905 0.03264 0.10717
0.06072 0.11598 -0.04148
0.07102 0.11236 -0.07404
-0.39689 -0.06531 -0.09195
-0.21369 -0.04211 -0.10790
0.41950 -0.09032 0.06815
0.37316 -0.09287 0.07725
0.41448 -0.09063 0.05756
0.43315 -0.08959 0.05657
0.24444 0.00044 0.13541
0.24763 0.00094 0.11407
-0.05433 -0.02420 -0.12731
-0.12053 0.11340 0.06619
-0.10867 0.11469 0.04909
-0.09806 0.11392 0.07097
-0.04407 0.00403 0.12493
0.18594 -0.08613 -0.14290
0.34968 -0.00251 0.15002
0.30960 -0.09484 0.04709
0.29601 -0.09484 0.03670
0.29904 -0.09484 0.09050
0.32063 -0.09484 0.02429
0.25562 -0.09484 0.05282
0.21838 -0.09484 0.08402
0.22445 -0.09484 0.08739
0.31818 -0.09484 0.04994
0.32886 -0.09484 0.04842
0.23457 -0.09484 0.08686
0.32375 -0.09484 0.01818
0.26125 -0.09484 0.06550
-0.04654 0.12014 -0.05645
-0.06959 0.11971 -0.06585
-0.02005 -0.03644 -0.00419
0.35621 0.01570 -0.11796
-0.03790 0.04736 -0.06313
-0.23509 0.01099 -0.10008
-0.01449 -0.05597 0.02939
-0.33653 -0.04225 0.15872
-0.21359 0.03430 -0.13695
-0.20792 0.05081 -0.05125
0.12977 0.01559 0.05975
0.09621 -0.05261 -0.12191
0.14873 0.06081 0.12514
0.27376 -0.01196 0.10442
-0.00541 -0.02811 -0.00897
0.15528 0.06267 -0.09639
0.12528 0.08526 -0.05765
0.13232 0.07978 -0.06829
-0.43788 -0.01742 -0.02747
-0.15311 0.11699 0.07759
-0.15600 0.11612 0.08358
-0.08807 -0.06668 -0.13749
0.15803 -0.04946 -0.12061
0.02736 0.11568 -0.00722
0.18912 -0.04010 0.15708
-0.22000 0.06952 0.11925
0.21950 -0.06779 0.11198
-0.17639 0.10845 -0.07405
0.10846 -0.06573 -0.13222
0.14578 -0.06513 -0.13228
0.06612 0.11582 0.02685
0.06781 0.11547 0.03116
-0.22428 0.09465 -0.03670
-0.23383 0.08960 -0.03265
-0.03150 0.03633 -0.12256
-0.36584 -0.08388 -0.14394
-0.27098 0.04883 0.12597
-0.28029 0.05000 0.10863
0.31469 -0.02348 0.10010
0.05744 -0.05454 -0.15467
0.10061 -0.05269 -0.15519
0.00839 -0.06294 -0.15253
0.08263 -0.05441 -0.15474
0.04127 -0.05512 -0.15450
0.03585 -0.03628 -0.15729
0.11952 -0.03210 -0.15744
0.00243 -0.03647 -0.15737
-0.18275 0.11026 -0.08931
0.37420 0.01725 -0.09331
-0.14062 0.11484 -0.00567
-0.11471 0.11575 -0.00776
-0.18058 -0.01658 0.15939
-0.01029 0.07845 -0.12441
-0.42644 -0.00861 -0.10232
0.16775 0.01136 0.15235
0.16232 0.00609 0.15363
-0.44339 -0.04550 0.01039
-0.40895 0.00286 -0.15176
-0.07316 0.11539 0.04193
-0.06248 0.11495 0.05151
-0.04335 0.11562 0.03697
-0.04494 0.00194 0.03150
-0.26990 -0.06981 -0.11114
-0.38375 0.04891 0.10115
0.26991 0.02056 -0.14734
-0.18955 0.04864 -0.11846
0.19832 0.04230 -0.01957
-0.17182 0.11574 0.05817
-0.17175 -0.02101 0.12146
-0.05380 0.06038 0.10300
0.13063 0.01716 -0.10776
-0.01422 -0.05218 0.14956
-0.07749 0.07087 0.12810
-0.03621 0.05022 0.13799
-0.04449 0.06606 0.13040
0.02436 0.11091 0.09750
0.40630 -0.03710 0.02828
-0.19246 0.04874 -0.01246
0.07787 0.11398 -0.02653
-0.16811 -0.03997 0.06649
0.39988 -0.01157 0.12838
-0.14654 -0.06432 -0.15229
-0.15138 -0.05780 -0.15375
-0.10037 -0.06672 -0.15167
-0.44473 -0.05110 -0.06744
0.39941 -0.03780 -0.01299
0.42795 -0.03801 -0.00819
0.19328 0.04309 -0.04742
-0.11596 0.11180 0.08499
0.13136 0.03575 0.11303
-0.06002 -0.01363 0.15731
-0.11735 -0.01117 0.15714
-0.11186 -0.01414 0.15761
-0.36368 -0.08507 0.11443
-0.41090 -0.07620 0.13029
0.20829 -0.02626 -0.10436
-0.44401 -0.06106 0.08037
0.13044 0.07799 0.09347
0.14674 0.06786 0.09603
0.12982 0.08129 0.06823
-0.11651 -0.04013 -0.13598
-0.10696 -0.04167 -0.13585
-0.03382 -0.05724 -0.12731
-0.00992 0.07341 0.11855
0.05299 0.01417 -0.15191
0.40410 -0.06546 0.14762
-0.29729 -0.02824 0.10691
-0.30967 0.05224 0.10239
-0.32442 0.05206 0.09477
0.24069 -0.00164 0.10010
-0.41719 -0.07331 0.12059
0.00145 -0.02434 0.08108
-0.39609 0.02237 0.14866
-0.02167 -0.03698 -0.12738
0.19338 -0.05499 0.10291
0.19473 -0.04779 0.11693
0.34591 -0.01949 0.15328
0.33740 -0.08875 0.11767
-0.41577 0.00873 -0.12730
0.29768 -0.01035 0.11110
0.19645 0.03136 0.14371
-0.05426 0.08300 0.05941
0.02148 0.11048 0.09191
-0.29442 0.05720 0.00751
0.11573 -0.08143 -0.14564
0.02012 -0.08770 -0.14209
-0.02180 -0.02773 0.13867
-0.18165 0.11378 -0.05798
0.20251 -0.05012 -0.12960
-0.19833 0.10803 -0.03131
0.34837 0.01561 -0.13965
-0.40598 0.03750 -0.11976
-0.44223 -0.07245 0.01840
0.06706 -0.03149 0.06279
-0.36004 0.01011 0.15292
-0.02488 -0.02413 -0.12731
-0.05502 0.01458 0.01981
-0.05558 0.01083 0.03320
0.12396 0.00096 0.10099
-0.02032 -0.05582 -0.11377
-0.02418 0.11811 0.08432
-0.30343 -0.00064 0.15501
-0.35396 -0.00759 0.15588
-0.00114 -0.02030 0.08440
0.26303 -0.10815 0.12512
0.20974 -0.01872 0.10082
-0.24227 -0.06201 -0.11041
-0.04127 0.05064 0.08713
-0.00451 -0.04266 0.13573
-0.44054 -0.07281 -0.02800
0.10416 0.10124 0.01254
0.36500 -0.00279 0.13760
-0.16399 -0.07722 0.11705
0.08203 -0.04175 -0.03364
-0.02501 -0.04771 0.10384
0.03795 -0.04676 0.12314
-0.00025 -0.01779 0.12393
-0.32414 -0.01029 -0.12954
-0.31646 -0.01273 -0.12929
-0.17361 -0.02787 0.15925
0.36859 -0.09326 -0.10522
0.19764 0.02029 -0.14986
-0.14847 -0.03938 -0.12809
-0.11184 -0.03867 -0.11304
-0.10843 -0.03862 -0.09039
-0.20840 -0.06116 -0.11072
0.05197 0.10812 -0.08549
-0.27119 -0.02249 0.11047
0.03029 0.11489 0.09490
0.00092 -0.04436 0.12744
-0.07546 0.00703 -0.12925
0.22249 0.03442 0.13106
-0.04426 0.11224 -0.08683
-0.19667 -0.10293 0.09874
0.36200 -0.00797 0.15038
-0.04575 -0.00732 0.13575
-0.04032 -0.00673 0.13563
-0.06001 -0.00779 0.13596
0.16663 0.03906 0.14283
0.14210 -0.07081 -0.14998
0.06744 -0.07127 -0.14996
-0.30401 -0.06152 0.10045
-0.11399 -0.06121 0.13835
0.06979 0.03731 0.14380
-0.32869 0.01915 0.15102
-0.10019 0.11577 0.03252
-0.09975 0.11617 0.01303
-0.07555 0.11622 0.01046
-0.14442 0.02370 0.04138
0.11856 -0.03069 0.01066
0.12026 -0.01579 0.00894
0.29403 0.03015 -0.10002
0.16786 -0.00572 -0.11786
0.18494 -0.01781 0.15482
0.18255 -0.02096 0.13875
-0.14638 0.02636 0.05508
-0.28991 -0.08234 0.13078
0.12282 0.02247 -0.14955
-0.00498 0.03094 -0.14760
0.01364 0.02928 -0.14800
0.02121 -0.06797 -0.03160
-0.17824 -0.02482 -0.08243
-0.14667 -0.02482 -0.08824
-0.07168 -0.02482 0.03349
-0.16903 -0.02482 -0.08993
-0.10753 -0.02482 -0.04641
-0.08244 -0.02482 0.04228
-0.12728 -0.02482 -0.07233
-0.10285 -0.02482 0.02485
-0.08725 -0.02482 0.02812
-0.05756 -0.02482 -0.00010
-0.08763 -0.02482 0.00449
-0.08646 -0.02482 -0.06212
-0.10190 -0.02482 0.03137
-0.08540 -0.02482 -0.03266
-0.05992 -0.02482 -0.08031
-0.07360 -0.02482 -0.04418
-0.05690 -0.02482 0.02039
-0.06186 -0.02482 -0.05550
-0.07031 -0.02482 0.03931
-0.09246 -0.02482 -0.03135
-0.09669 -0.02482 -0.05672
-0.07699 -0.02482 -0.00402
-0.08563 -0.02482 -0.01332
-0.07608 -0.02482 0.02634
-0.14273 -0.02482 -0.07144
-0.08842 -0.02482 -0.07354
0.22048 -0.01077 -0.15779
0.28403 -0.01280 0.10442
0.31853 -0.01379 -0.10157
-0.09424 -0.02286 -0.09117
-0.12132 -0.01413 -0.09231
-0.05360 -0.00256 -0.08947
-0.05229 0.00368 -0.08941
-0.07715 0.01379 -0.09046
-0.09515 -0.00100 -0.09121
0.25234 -0.03784 0.11192
0.02581 0.11933 -0.05489
0.05263 0.11827 -0.00687
-0.22493 -0.05525 -0.10358
0.38742 -0.06158 0.15073
-0.25730 0.04838 0.01117
-0.20576 0.04921 -0.02362
-0.39151 -0.02090 0.15589
-0.21690 0.05076 -0.02210
0.44389 -0.08392 0.03101
0.28508 -0.09056 -0.09641
0.13237 0.08403 -0.02157
0.13964 0.07888 -0.02822
-0.12116 0.00713 -0.13385
0.16504 -0.09484 0.01439
0.14877 -0.09484 0.07341
0.00740 -0.09484 0.03141
0.17572 -0.09484 0.06041
0.04532 -0.09484 0.01594
-0.00433 -0.09484 0.02047
0.15991 -0.09484 0.02507
0.14855 -0.09484 0.02669
0.09862 -0.09484 0.05406
-0.00187 -0.09484 0.01553
0.15263 -0.09484 0.02455
0.03609 -0.09484 0.05127
-0.14377 -0.09484 0.00263
0.09431 -0.09484 0.00375
0.18292 -0.09484 0.07348
0.02941 -0.09484 0.04819
0.17626 -0.09484 0.03356
-0.03961 -0.09484 0.00105
0.17696 -0.09484 0.06591
0.12827 -0.09484 0.02501
0.17019 -0.09484 0.06565
-0.05302 -0.09484 0.01070
0.15685 -0.09484 0.00121
0.16665 -0.09484 0.08048
-0.03482 -0.09484 0.02085
0.13581 -0.09484 0.01409
0.10077 -0.09484 0.04628
0.15843 -0.09484 0.06179
0.01827 -0.09484 0.04139
-0.08322 -0.09484 0.01781
0.05753 -0.09484 0.03375
0.18980 -0.09484 0.05919
-0.43299 -0.02576 -0.00269
0.02118 0.11552 -0.03542
-0.11270 -0.01449 -0.06400
0.33769 -0.05394 0.12379
0.00938 -0.06756 -0.13200
-0.40409 0.04680 0.08795
0.07714 0.11376 -0.03720
-0.42524 0.00122 0.09111
0.40507 -0.01697 -0.13601
-0.01426 0.02493 -0.13950
-0.19057 0.09291 -0.11619
-0.10128 -0.09172 -0.13384
-0.12214 -0.09369 -0.10744
-0.15650 -0.09261 -0.12190
-0.06560 -0.09174 -0.13354
-0.15166 -0.09447 -0.09700
-0.05196 -0.09139 -0.13831
-0.14916 -0.09294 -0.11753
-0.05881 0.00686 0.12926
-0.03847 0.02908 0.14818
-0.04671 0.02823 0.14843
-0.44291 -0.05166 0.03690
-0.25512 -0.11120 0.12460
0.05259 0.11303 -0.00071
-0.01454 0.11634 0.00469
-0.00849 0.11622 0.01049
-0.08023 0.11357 0.07712
-0.08257 0.11224 0.08689
0.16808 -0.04285 -0.12328
0.32471 -0.01828 -0.15565
-0.39332 0.04775 -0.11056
0.39829 -0.02098 -0.10691
0.00753 -0.04090 0.02965
-0.17944 0.00380 0.13501
0.00988 -0.03636 0.11780
0.26501 -0.02528 0.11052
0.39461 0.01624 0.02940
0.42692 -0.00741 -0.00581
-0.04443 0.03164 0.03007
0.40664 -0.04884 -0.14982
-0.03022 0.05444 0.12096
-0.14081 -0.00409 -0.04037
-0.36382 0.04939 0.11876
-0.40010 -0.04690 -0.15432
0.02598 -0.05096 0.12326
0.43367 -0.04652 0.10767
0.39140 -0.02406 -0.14976
0.40937 -0.02399 -0.10398
-0.23880 -0.04815 -0.10686
0.11131 0.09413 0.05079
0.09353 0.10131 0.07068
0.12171 -0.03203 -0.02881
-0.30017 -0.02932 0.16004
0.05014 0.11317 0.09069
-0.21746 0.05465 0.00280
0.13555 0.04913 -0.13844
0.00917 -0.04690 0.07302
-0.44137 -0.01974 0.04293
-0.12681 0.02920 0.03936
0.07288 -0.03078 0.09331
0.40388 -0.00136 0.11066
0.11024 0.09717 0.02531
0.22894 -0.07536 0.10442
0.39396 -0.03560 0.06196
0.41777 -0.03622 0.04791
0.06754 -0.09319 -0.11414
-0.06259 -0.09465 -0.09460
-0.07343 -0.09319 -0.11421
0.08642 -0.09406 -0.10254
0.03833 -0.09299 -0.11692
0.17459 -0.09479 -0.09276
0.15663 -0.09471 -0.09385
-0.01462 -0.09280 -0.11937
-0.03969 -0.09255 -0.12268
-0.13157 -0.09473 -0.09350
-0.00176 -0.09434 -0.09880
-0.05882 -0.09392 -0.10441
-0.12336 -0.09452 -0.09638
-0.01064 -0.09144 -0.13755
0.13231 -0.09444 -0.09745
-0.11860 -0.09457 -0.09572
-0.04020 -0.09335 -0.11206
-0.14306 -0.00472 -0.06090
-0.21611 0.10058 0.00257
0.11067 0.00743 0.15343
-0.42127 0.02628 0.01256
-0.15770 -0.07316 0.14854
0.33689 0.00369 -0.14907
-0.30011 -0.04714 0.09874
0.03118 0.12041 0.01939
-0.15785 0.11006 0.10527
-0.17449 0.11669 0.02905
-0.08774 -0.06987 -0.09018
-0.42787 -0.07369 -0.09317
0.03690 -0.05790 0.12364
0.02586 0.00300 0.13479
-0.13009 -0.02296 0.03602
-0.30327 0.00453 -0.15409
-0.35661 -0.08601 -0.10626
-0.38878 -0.07993 -0.10866
-0.35671 -0.08599 -0.10163
-0.36575 -0.08429 -0.10376
0.00368 -0.03224 -0.07424
0.38983 -0.07264 0.14767
-0.13563 0.11335 -0.10139
-0.07860 -0.06420 -0.00386
0.00218 -0.00826 0.12551
0.17501 -0.02527 0.15735
0.16605 -0.02761 0.15737
-0.00725 0.11435 0.06482
-0.00690 0.11478 0.05538
-0.28433 0.06313 -0.00126
-0.26993 0.07060 -0.01209
0.35709 -0.02779 -0.15426
-0.11446 -0.00206 -0.03711
-0.42089 -0.07246 0.10077
-0.13927 -0.05997 -0.13807
0.07935 -0.06992 0.11966
0.40306 -0.03804 -0.15008
-0.25696 -0.10808 -0.14572
0.13378 0.08061 -0.05189
0.12490 0.08756 -0.03825
0.15923 0.06222 -0.07394
0.16446 0.06067 -0.05421
0.27002 0.00296 -0.12674
0.35759 0.00867 -0.14353
0.38132 -0.00840 0.13566
0.12802 0.06579 -0.12109
-0.09028 -0.03946 -0.07743
-0.00310 0.11324 -0.07951
-0.29718 -0.06745 -0.11731
-0.03672 -0.02345 -0.03516
0.25779 0.01919 -0.14857
0.13979 0.04299 0.16628
-0.01982 0.01795 -0.08673
0.00204 0.11625 -0.00903
-0.00257 0.11606 -0.01839
-0.43092 -0.00107 0.01612
-0.44338 -0.05479 -0.00044
0.39569 0.00092 0.13264
0.40778 -0.07110 -0.14542
0.23931 -0.10159 0.11180
0.33034 -0.03441 -0.15772
-0.43272 -0.05746 0.13822
-0.07446 0.00707 0.13666
0.38086 0.01819 0.05340
-0.11574 0.00423 0.05646
-0.17094 -0.03887 0.10241
-0.19771 0.10724 -0.06231
-0.26856 -0.00269 0.09908
0.13785 0.06311 0.16023
-0.01730 -0.06711 -0.02866
-0.00786 -0.06961 -0.02866
0.10226 -0.07808 -0.02866
0.00255 -0.07023 -0.02866
0.25689 -0.04706 -0.10115
-0.17324 0.11618 0.04550
-0.16409 0.03507 -0.14636
-0.12446 0.03607 -0.14580
-0.21962 -0.11627 -0.12136
-0.08898 -0.07128 -0.07397
-0.28652 -0.01407 -0.10430
-0.34965 0.05053 -0.10492
-0.35610 0.05062 -0.09749
-0.32228 0.05058 -0.12674
0.03940 -0.09189 0.13162
0.00290 -0.09149 0.13690
0.12102 -0.09126 0.13999
0.13794 -0.09314 0.11482
0.10994 -0.09326 0.11326
0.16490 -0.09201 0.12999
0.12737 -0.09321 0.11392
0.12783 -0.09168 0.13444
0.12198 -0.09220 0.12742
-0.20496 -0.10111 -0.14572
-0.29395 0.05560 0.05004
-0.04445 0.04586 0.11839
-0.10569 -0.00409 0.15600
-0.01509 -0.01019 0.15671
-0.03236 0.00056 0.15521
-0.39845 0.04876 -0.07155
-0.08957 0.04479 0.13601
-0.19630 0.05228 0.07975
-0.34100 0.05072 0.10750
-0.33374 0.05039 0.12170
-0.31708 0.05065 0.12921
-0.25143 -0.00022 -0.13701
0.23463 -0.00116 0.10010
0.18221 0.04060 0.10773
0.39015 0.00098 -0.11070
-0.33615 -0.07723 0.14943
0.33004 0.02383 0.10775
0.28021 0.03191 0.10204
-0.24418 -0.08919 0.10329
-0.11345 -0.04839 0.14040
-0.20433 -0.11052 -0.12740
-0.00272 -0.02642 0.12398
-0.17381 0.04423 0.12977
0.05828 -0.07871 0.14726
0.09286 -0.07729 0.14768
0.00060 0.02061 -0.15022
0.25280 -0.10656 0.10018
-0.10775 -0.06319 -0.13276
0.16197 -0.03669 -0.12053
-0.44293 -0.02677 0.00091
0.43614 -0.08281 -0.09069
0.25823 -0.11544 -0.10937
0.17426 0.04566 0.11475
0.21049 -0.08455 0.11453
-0.08776 0.11350 -0.09582
-0.19645 -0.00515 0.15617
0.33043 0.02711 0.05894
0.28593 0.03369 0.05120
0.34313 0.02489 0.07094
0.34137 0.02544 0.06226
0.11123 -0.03625 0.15710
0.06157 -0.03532 0.15731
0.02266 -0.04124 0.15689
0.37810 -0.02774 -0.12480
-0.17516 -0.02323 -0.14563
-0.42671 0.01147 -0.02020
0.43353 -0.04546 -0.10701
-0.15897 0.02678 0.00561
-0.17472 0.11182 -0.00779
0.37180 -0.05503 0.15320
0.40076 0.00531 0.06740
0.07092 -0.04103 0.15684
0.10812 -0.04554 0.15680
0.16872 -0.04210 0.15701
0.04854 -0.01935 0.12291
-0.25739 -0.05302 -0.10771
-0.16306 -0.04898 -0.15306
-0.32633 0.05362 -0.02504
-0.34429 0.05273 -0.03308
-0.31549 0.05387 -0.03799
-0.16073 -0.06188 -0.14122
0.25284 -0.03200 0.11198
-0.18358 0.02936 0.02626
-0.02603 0.09931 0.10859
-0.40639 -0.07221 -0.14742
0.08932 -0.07801 0.09195
0.28545 -0.10458 0.11227
0.40864 -0.00861 0.09143
0.14627 -0.03079 -0.12086
0.35398 -0.07340 0.14985
-0.43598 -0.06518 -0.12232
-0.14517 -0.02180 0.03818
-0.04224 0.03875 0.12329
0.43979 -0.04664 -0.07409
-0.10333 -0.03861 0.02348
-0.11750 0.11318 -0.07246
-0.10685 0.11392 -0.06530
-0.11234 0.11476 -0.04541
-0.19583 -0.09560 -0.10883
-0.09094 0.11606 -0.01842
-0.07839 0.11619 -0.01199
-0.06027 0.11580 -0.03141
-0.13944 -0.08179 0.14600
-0.15301 -0.08415 0.14453
0.28394 0.00079 0.10779
0.17855 -0.06515 -0.13667
-0.27714 -0.00878 0.13654
-0.13835 0.02241 -0.03830
0.22097 -0.06792 0.10502
-0.20112 0.08456 0.11140
0.05894 -0.05150 -0.02841
-0.01036 0.12038 -0.05113
-0.14467 0.05916 -0.13376
-0.14020 0.07383 -0.12669
-0.18720 -0.07745 -0.14572
0.11993 -0.00216 -0.15535
0.05558 -0.00199 -0.15543
0.14637 0.00088 -0.15487
0.19372 -0.05317 -0.14453
0.19348 -0.05448 -0.13127
-0.04909 0.10056 -0.11253
-0.07094 0.09561 -0.11519
0.09503 0.09306 -0.11056
-0.06873 0.10486 -0.10984
0.24639 -0.06049 -0.09963
-0.28218 -0.09038 -0.14572
-0.13104 0.03852 0.12751
-0.06031 0.00389 -0.15458
-0.09903 0.00348 -0.15473
-0.17421 -0.02056 0.13654
0.30734 -0.01586 0.14656
0.13850 0.08005 0.02220
0.14245 0.07717 0.02688
-0.10918 -0.03492 0.12731
-0.26942 -0.10739 -0.13509
0.12248 0.00014 0.00359
0.36796 -0.04975 -0.15424
0.13013 0.03206 0.04933
0.18738 0.03880 0.13583
0.03465 -0.03744 -0.12995
-0.24787 0.07355 -0.11893
-0.20205 0.00546 0.15509
0.00841 0.11992 0.06121
0.01605 0.12104 0.03644
0.25898 0.03746 0.04037
0.23824 0.03983 0.03310
0.24430 0.03936 0.02250
-0.17856 -0.03937 0.12710
0.26311 0.00080 -0.13856
-0.27620 0.03927 0.12856
-0.24761 0.03560 0.12936
-0.44853 -0.03553 -0.03997
-0.28779 -0.09826 0.10566
-0.05828 0.02384 0.02332
-0.05594 0.02384 -0.01725
0.03080 0.11060 0.08590
-0.14526 -0.03009 -0.13676
-0.08485 -0.05373 0.03411
0.19090 -0.06899 -0.13330
-0.21104 0.07554 -0.11769
-0.24330 0.06700 0.11961
0.33630 -0.00529 0.15120
-0.18653 0.02384 0.03760
-0.16453 0.02384 -0.06849
-0.13513 0.02384 -0.01403
-0.19819 0.02384 0.01861
-0.14826 0.02384 -0.03715
-0.20460 0.02384 0.08124
-0.15457 0.02384 -0.00079
-0.14562 0.02384 0.01027
-0.18092 0.02384 0.01561
-0.14876 0.02384 -0.01792
-0.19641 0.02384 -0.08105
-0.20096 0.02384 0.00366
-0.18717 0.02384 -0.05919
-0.16397 0.02384 -0.03285
-0.26986 0.06939 -0.03969
-0.27647 0.06585 -0.03768
-0.15994 0.00624 -0.00787
-0.25574 0.00005 0.14765
-0.15183 -0.03599 0.15771
-0.11840 -0.04058 0.15714
0.40213 -0.03199 -0.07798
0.04906 0.03326 -0.14626
0.03538 0.03427 -0.14587
0.40264 0.00546 -0.00388
0.40979 0.01149 0.04909
0.29575 -0.06110 -0.10397
-0.28215 -0.00408 -0.15705
0.37788 0.01960 -0.03363
0.23309 -0.00463 0.11633
0.22729 -0.00752 0.11294
-0.04035 0.05051 0.09884
0.38853 0.00906 -0.11782
-0.20720 0.00130 -0.13877
-0.10258 0.00677 -0.15405
0.41096 -0.07879 -0.14336
0.43910 -0.03886 -0.06178
-0.43540 -0.04388 -0.12935
0.29345 -0.00119 -0.09961
0.01792 -0.04742 0.05569
-0.08742 -0.06943 0.08610
-0.39554 0.04870 0.09061
-0.37788 0.05071 0.05243
0.04443 -0.03377 0.03985
0.40072 -0.09162 -0.11256
-0.19106 -0.09003 -0.14572
-0.22447 0.04625 0.01151
-0.19857 0.10536 0.02576
0.00777 0.11473 -0.05636
0.22111 -0.08836 0.14656
-0.17304 -0.03161 0.11679
-0.35731 -0.01990 -0.15761
0.03182 -0.07866 0.03154
0.18799 -0.07376 -0.09304
0.18799 -0.07460 -0.10436
-0.15759 0.11054 -0.10475
-0.00954 0.00351 -0.12937
-0.42763 -0.01736 0.12227
-0.18418 0.00915 -0.15370
-0.20925 0.05162 0.13007
-0.17928 0.00897 0.13546
-0.21359 0.03189 0.14614
0.10183 0.04599 -0.13983
0.11825 0.04829 -0.13875
0.02268 0.04586 -0.14003
0.37685 -0.00140 -0.14713
-0.23059 0.08818 0.08637
0.42900 -0.00751 0.01318
0.37782 -0.02480 0.14546
-0.20319 0.00799 0.04472
-0.08708 0.12062 -0.04568
-0.05118 0.12080 -0.04180
0.06890 -0.01005 -0.12048
0.32646 -0.06462 -0.13856
-0.21879 -0.01598 0.00753
-0.35002 -0.03879 -0.15855
-0.12472 0.11936 0.05291
-0.13363 0.11840 0.06566
-0.12915 0.11908 0.05548
-0.30543 0.05396 -0.05271
-0.30242 0.05334 -0.08293
-0.31184 0.05344 -0.06288
0.37099 -0.00485 0.14630
-0.25343 0.00068 -0.11252
-0.03016 -0.03735 -0.05621
-0.28916 -0.01089 0.13061
-0.19822 -0.00991 -0.11896
-0.14101 -0.01544 -0.06334
0.01030 0.11649 -0.09413
-0.06777 0.02384 0.04909
-0.08084 0.02384 0.05249
0.21375 -0.05027 0.12427
-0.31144 -0.07590 0.14766
-0.31212 -0.06905 0.12152
-0.17688 -0.08526 0.11087
-0.01174 -0.09484 0.05917
-0.10044 -0.09484 0.07761
0.06241 -0.09484 0.08388
-0.04908 -0.09484 0.07040
0.08087 -0.09484 0.06453
-0.00492 -0.09484 0.08546
-0.08615 -0.09484 0.02401
-0.11424 -0.09484 0.02000
-0.07719 -0.09484 0.03973
-0.14953 -0.09484 0.05686
-0.15999 -0.09484 0.06444
-0.05847 -0.09484 0.07836
-0.14278 -0.09484 0.03927
-0.15184 -0.09484 0.02028
-0.03094 -0.09484 0.05233
-0.00387 -0.09484 0.04822
0.09876 -0.09484 0.06791
-0.14228 -0.09484 0.07442
-0.06725 -0.09484 0.06527
0.02655 -0.09484 0.06432
0.04496 -0.09484 0.05533
0.01286 -0.09484 0.06779
0.05839 -0.09484 0.07145
-0.11468 -0.09484 0.03968
-0.13704 -0.09484 0.06265
0.03875 -0.09484 0.08311
-0.12867 -0.09484 0.07573
-0.09539 -0.09484 0.04883
0.14362 -0.09484 0.08837
0.00133 -0.09484 0.04538
-0.24110 -0.02444 -0.10923
-0.18230 -0.05378 -0.10264
0.32967 0.02778 0.04174
0.29098 0.03328 0.04040
0.31435 0.03020 0.02770
0.30887 -0.01327 0.13848
0.18187 0.04664 0.06135
-0.17548 -0.01224 -0.04821
-0.36402 0.03813 -0.14341
-0.20537 -0.09484 0.05469
-0.25804 -0.09484 0.08316
-0.25215 -0.09484 0.05608
-0.18653 -0.09484 0.07639
-0.16844 -0.09484 0.01712
-0.18888 -0.09484 0.09048
-0.18739 -0.09484 0.08530
-0.22087 -0.09484 0.09092
-0.22266 -0.09484 0.06575
-0.20752 -0.09484 0.08338
-0.27361 -0.09484 0.09076
-0.22175 -0.09484 0.06014
-0.24793 -0.09484 0.08712
0.44168 -0.05974 -0.04432
-0.04612 0.12156 -0.01228
-0.03644 0.12133 -0.02383
-0.12409 0.02854 0.05073
-0.02966 -0.09426 0.09984
0.00406 -0.09387 0.10512
-0.04296 -0.09449 0.09676
-0.05426 -0.09376 0.10648
-0.12225 -0.09394 0.10419
0.04071 -0.09324 0.11355
-0.07955 -0.09288 0.11830
0.03644 -0.09420 0.10059
0.02274 -0.09233 0.12569
0.03632 -0.09299 0.11679
0.11644 -0.09478 0.09288
0.01585 -0.09366 0.10784
0.06184 -0.09419 0.10073
0.07679 -0.09340 0.11133
-0.01948 -0.09409 0.10207
0.03142 -0.09332 0.11243
-0.04389 -0.04126 0.13588
-0.06648 -0.03265 0.13644
-0.02497 -0.06314 0.13141
0.23164 -0.09727 0.10245
-0.41919 0.01971 0.08824
-0.11258 0.02841 0.05873
0.41486 -0.06140 0.14616
-0.11865 0.02476 -0.03932
-0.25871 0.00581 -0.11920
-0.07081 0.03097 0.12956
0.17641 -0.00656 0.13508
0.14617 0.05518 -0.12183
0.12873 -0.00674 0.03573
0.27259 0.01202 -0.09443
-0.13482 0.08040 0.12336
-0.17070 -0.03034 -0.08058
0.18604 0.04080 -0.06460
0.12407 0.01812 0.10585
0.11726 0.09293 -0.03129
-0.06535 0.04463 -0.14068
-0.08117 -0.03395 0.13268
-0.12787 0.02384 0.05920
-0.12730 0.02384 0.05354
-0.14367 0.02384 0.07924
-0.09450 0.02384 0.07576
-0.07920 0.02384 0.07747
-0.10912 0.02384 0.04087
-0.10711 0.02384 0.08195
-0.14086 0.02791 0.00562
0.01335 0.02719 -0.13008
0.08310 0.11188 -0.01318
0.31921 -0.04705 -0.13856
0.42000 0.00744 0.02085
-0.03379 0.11615 0.01372
-0.03154 0.11640 0.00174
-0.06742 0.11627 0.00797
-0.12633 -0.02200 -0.06108
0.18087 0.05046 0.02952
0.05503 0.11482 0.07130
0.04600 0.11837 0.03770
0.15205 0.07179 -0.00607
0.15857 0.06696 -0.02016
0.14848 -0.02012 0.15741
-0.01223 0.00421 -0.07599
0.23961 0.03721 -0.09838
0.20903 0.04157 -0.07296
0.21278 0.04079 -0.08292
0.23905 0.03787 -0.08212
-0.19485 0.10468 0.07559
-0.18088 0.01503 0.02079
-0.22821 -0.00935 -0.09063
-0.06189 0.05334 -0.07516
0.38200 0.01618 0.08708
-0.08920 -0.04039 0.02662
-0.22600 0.08699 -0.10741
0.35441 0.02359 0.05082
-0.28575 -0.05848 -0.11476
-0.09992 -0.07933 0.13089
-0.01748 -0.05401 -0.13295
-0.22595 0.01470 -0.12909
-0.25030 0.07580 -0.09928
0.00675 0.11575 -0.09802
0.03404 0.10389 -0.11043
-0.11347 -0.01056 0.03970
-0.15092 0.11443 0.00742
-0.15132 0.11453 0.00126
-0.33927 -0.08925 -0.12377
-0.35553 -0.08689 -0.12269
-0.28659 -0.02223 -0.14572
0.08732 0.03852 0.13107
0.02193 0.03976 0.12688
-0.40779 0.04846 -0.00632
-0.42376 -0.07395 0.13725
-0.16414 0.01209 0.01413
-0.22737 0.00566 0.10090
0.32145 0.01028 0.14819
-0.16272 -0.06664 -0.15180
-0.44468 -0.03208 0.06311
0.39316 -0.09177 -0.09816
0.41974 -0.09053 -0.11247
-0.08883 -0.06988 0.05945
0.38159 -0.00424 0.11231
0.38989 -0.02219 0.14965
-0.19359 0.04538 -0.13276
0.11516 0.00919 -0.13307
0.01829 0.02020 -0.13134
-0.14419 -0.03931 -0.09329
-0.13623 -0.03915 -0.09605
-0.15260 -0.03947 -0.09402
0.29030 0.01155 -0.15012
0.28043 -0.10740 -0.10123
-0.11456 0.02384 -0.07302
-0.08120 0.02384 -0.07538
-0.13632 0.02384 -0.08130
-0.15042 0.02384 -0.08793
-0.15957 0.02384 -0.08164
-0.09699 0.02384 -0.04300
-0.06102 0.02384 -0.05720
-0.10408 0.02384 -0.07994
-0.07716 0.02384 -0.04518
0.17508 -0.07733 0.14526
-0.14617 0.01872 0.04208
-0.08429 -0.04563 0.08577
0.35384 -0.09280 -0.11957
0.04148 -0.03905 0.09726
0.38939 -0.08835 0.14437
0.23643 0.00624 0.10632
0.07233 -0.07083 0.15011
0.16860 -0.07304 0.14910
-0.24985 0.03234 0.14772
0.11052 -0.03511 -0.13597
-0.13379 -0.03206 -0.15811
-0.30996 -0.09099 0.13665
-0.15920 -0.06534 0.14638
-0.37953 -0.08284 0.13510
-0.34948 -0.08757 0.12812
-0.07214 0.11351 -0.07757
-0.07765 0.11236 -0.08595
-0.17507 -0.00731 0.08716
-0.06388 -0.02463 0.09182
-0.15486 0.00422 0.08800
-0.12058 -0.00807 0.08944
-0.18132 -0.00975 0.08689
-0.20061 -0.00962 0.08609
-0.16123 -0.00526 0.08774
0.17168 -0.03549 0.02947
-0.26398 -0.00349 0.09926
-0.24702 0.06308 -0.13053
-0.24318 -0.03796 -0.10897
-0.23544 0.00349 -0.14572
-0.08969 -0.02521 0.13701
-0.15661 -0.02907 0.13696
-0.10531 0.01120 -0.04333
-0.18167 0.03122 -0.09288
-0.11136 0.00173 0.13542
-0.41284 -0.01831 -0.15429
-0.13860 -0.01418 -0.05412
0.06449 0.01472 -0.15174
0.16300 0.00761 -0.15327
0.00276 -0.02167 -0.13007
0.24338 -0.07064 -0.09668
-0.08916 -0.02347 -0.15803
-0.00427 -0.00719 -0.02362
-0.17572 0.02994 -0.02485
-0.16863 -0.03649 0.14902
-0.24038 -0.11397 0.11903
-0.24183 0.08242 -0.08685
0.26504 0.00521 -0.11474
-0.29783 -0.04495 -0.12065
0.37032 -0.05033 0.15393
0.05314 -0.01343 -0.12281
0.23688 -0.00274 -0.10892
-0.08614 0.00626 -0.12676
-0.12834 0.11589 0.09229
0.38892 -0.01340 0.12010
-0.27946 0.05954 0.10144
0.21084 -0.06222 -0.09941
-0.26370 0.04906 0.10091
-0.24616 0.04761 0.09367
-0.24931 0.04787 0.04655
-0.26470 0.04914 0.07814
-0.25151 0.04805 0.10373
-0.24213 0.04727 0.04421
-0.27371 0.04988 0.09398
-0.16928 -0.00857 -0.15692
-0.15393 -0.01308 -0.15761
-0.16105 -0.00361 -0.15605
0.24078 0.00660 -0.10998
-0.08394 0.11717 0.09133
-0.07498 0.11922 0.07612
-0.12710 -0.02242 0.04742
0.03607 -0.02483 0.12490
-0.21154 -0.03807 0.10913
0.02438 -0.01965 0.13628
0.10823 -0.02279 0.13617
-0.01070 -0.00704 0.13387
0.12944 0.01498 -0.08046
0.10843 -0.00761 0.08313
-0.03879 0.04958 0.05504
0.27411 -0.10491 0.14656
0.14078 0.07613 0.05155
0.15979 0.06100 0.08331
0.14426 0.07471 0.04270
0.12749 0.01470 -0.02850
0.43010 -0.03191 -0.07254
0.43199 -0.01634 0.03106
-0.17046 -0.05992 -0.10549
-0.43380 -0.07386 0.07028
-0.18032 0.00575 0.04583
0.05950 0.04203 0.14169
-0.00806 -0.00117 -0.08971
-0.16050 0.04220 0.12585
-0.20631 -0.07192 -0.11114
0.27743 0.02370 0.14309
-0.28204 -0.10430 0.11018
0.06189 0.05475 0.13584
0.09010 0.05812 0.13426
0.10998 0.05998 0.13338
0.03682 0.05434 0.13602
0.00727 0.05259 0.13683
-0.02133 -0.05351 -0.04077
0.44150 -0.05335 0.06994
0.22414 -0.00396 -0.09700
-0.12836 0.12046 -0.01627
-0.13148 0.12023 -0.02216
-0.14542 0.11948 -0.03413
-0.27726 -0.01166 -0.14572
0.27525 -0.04211 -0.10397
-0.44820 -0.04788 0.04884
-0.04146 0.07841 0.08923
-0.19072 0.04945 0.09569
-0.39593 -0.07366 0.11264
0.25704 0.03803 -0.02005
0.25182 0.03861 -0.01878
-0.21042 -0.10981 0.14765
-0.34119 0.03248 -0.14659
-0.00623 -0.00290 0.14054
-0.11972 -0.03882 -0.01035
-0.13896 -0.03919 -0.01060
-0.12139 -0.00828 -0.12502
-0.20820 0.04711 0.07326
-0.19772 0.04711 0.06180
0.41447 -0.04406 -0.14755
-0.01579 -0.03571 -0.12857
0.37112 -0.08331 -0.14760
0.11318 0.09239 -0.05857
0.10654 0.09371 -0.07956
-0.16410 0.10997 -0.07987
-0.01611 -0.03810 0.15727
-0.06581 -0.03348 0.15781
-0.14574 0.00920 0.05142
-0.09741 0.04860 0.13881
-0.08210 0.05105 0.13762
-0.06891 0.05675 0.13486
-0.07722 0.04657 0.13977
-0.15506 -0.01066 0.00843
0.01282 -0.06894 0.13172
0.06434 0.10627 -0.10382
-0.13589 -0.00452 -0.05031
-0.27186 0.06780 -0.04839
-0.26869 0.06911 -0.05563
-0.12010 0.00274 -0.13642
-0.27037 -0.10401 0.13480
-0.25166 -0.08115 0.10870
0.41045 -0.01805 -0.11771
0.01916 -0.04616 -0.09107
0.05939 0.11170 0.01566
-0.01823 0.01113 0.09904
-0.14604 -0.03990 -0.13662
0.01436 0.11354 -0.10226
0.15213 0.03814 0.13875
0.27949 0.03245 -0.09774
0.30753 0.02889 -0.09299
0.30053 0.03112 -0.06518
0.27230 0.03541 -0.05490
0.29568 0.03070 -0.08846
-0.17702 -0.04947 0.10477
-0.42095 -0.07803 -0.03800
0.11599 -0.09484 -0.06062
-0.05344 -0.09484 -0.01718
0.06657 -0.09484 -0.02406
0.05545 -0.09484 -0.05406
-0.03228 -0.09484 -0.01902
0.01247 -0.09484 -0.00970
0.03085 -0.09484 -0.00156
0.11644 -0.09484 -0.01891
0.15577 -0.09484 -0.07945
-0.05857 -0.09484 -0.01700
0.11904 -0.09484 -0.02383
-0.00290 -0.09484 -0.01244
-0.05649 -0.09484 -0.02623
0.05456 -0.09484 -0.00412
0.10323 -0.09484 -0.03873
0.11015 -0.09484 -0.05629
0.00653 -0.09484 -0.02172
0.18453 -0.09484 -0.06291
0.09162 -0.09484 -0.03046
0.19272 -0.09484 -0.05887
0.19240 -0.09484 -0.04864
0.16715 -0.09484 -0.02217
0.08255 -0.09484 -0.05760
0.12830 -0.09484 -0.06996
0.18405 -0.09484 -0.08830
-0.01717 -0.09484 -0.00532
0.01462 -0.09484 -0.03416
0.10503 -0.09484 -0.01695
-0.11884 -0.09484 -0.00105
0.14972 -0.09484 -0.03380
-0.03991 -0.09484 -0.01875
-0.10904 -0.09484 -0.01139
0.29787 -0.00478 -0.13325
0.29555 -0.00362 -0.15160
-0.40223 -0.03312 -0.15595
-0.44297 -0.03762 -0.08444
0.31501 -0.01644 -0.15056
0.32133 -0.02257 -0.10899
-0.18467 -0.08171 -0.11861
0.38191 0.01891 0.02732
0.05885 -0.05036 -0.01253
-0.21517 -0.11783 0.10902
-0.04636 0.00173 0.04657
0.24005 -0.09484 -0.05418
0.19952 -0.09484 -0.08304
0.21234 -0.09484 -0.07781
0.27757 -0.09484 -0.01304
0.28400 -0.09484 -0.00783
0.25250 -0.09484 -0.00871
0.24553 -0.09484 -0.05549
0.23623 -0.09484 -0.02507
0.20874 -0.09484 -0.05601
0.19838 -0.09484 -0.01273
0.24046 -0.09484 -0.04572
0.22411 -0.09484 -0.03226
0.21921 -0.09484 -0.02844
-0.02560 0.10639 0.10490
0.05112 -0.03068 -0.11960
0.19365 -0.09250 -0.12340
0.37122 -0.00812 0.11457
-0.16521 0.02410 -0.04745
-0.42498 -0.06462 0.14689
0.06962 -0.03112 0.08884
0.02446 -0.04504 0.10728
0.25402 -0.07800 0.10527
-0.04453 -0.00046 0.10608
0.27010 0.02486 0.13385
-0.05720 0.03783 0.03891
0.03443 -0.03136 -0.02448
-0.02774 -0.06420 0.01539
0.27470 -0.06493 -0.10272
0.21800 -0.07315 -0.09209
-0.22359 0.01261 0.11031
-0.19309 0.04745 -0.10379
-0.17686 -0.03049 0.09874
0.13505 0.02450 -0.11050
0.06206 -0.03427 -0.10334
-0.42709 -0.06489 -0.11016
0.40062 0.00989 -0.09789
0.39815 -0.08436 -0.14457
-0.16725 -0.03990 0.11636
-0.13591 0.06409 0.13138
-0.26438 -0.11135 0.09874
0.19104 -0.07007 0.09903
-0.08927 0.03467 0.03078
-0.41971 0.01839 -0.08792
-0.16363 -0.01325 0.12731
-0.17734 -0.02943 -0.14630
0.43014 -0.01075 -0.00182
-0.17516 -0.03335 0.14751
0.27859 0.01204 0.11468
-0.26871 0.06127 0.12606
0.01767 -0.07150 0.12211
-0.09163 -0.07393 -0.13066
-0.13424 -0.06983 -0.13171
-0.22578 0.09146 -0.07371
-0.23613 0.08587 -0.07785
-0.10026 0.03453 -0.05454
-0.04848 0.08647 -0.07022
-0.15212 -0.03561 -0.12731
-0.20799 0.00220 -0.15529
0.43507 -0.01776 0.00675
-0.16920 0.06820 0.12942
-0.12068 -0.03884 0.03545
-0.12249 -0.03887 0.04204
-0.14772 -0.03937 0.02961
0.08179 -0.01430 -0.15715
0.11912 -0.01273 -0.15686
0.06737 -0.01015 -0.15657
-0.25221 -0.10208 -0.10625
-0.17757 0.08862 0.11003
0.38727 -0.09173 -0.12683
0.02594 0.11579 0.00833
0.32279 -0.05274 0.12459
0.44366 -0.08607 -0.02615
-0.42569 -0.07180 0.10234
0.42222 -0.01311 -0.06017
-0.20288 -0.06487 -0.10358
0.15412 0.03754 -0.13745
0.13634 0.02360 0.07687
0.01336 -0.04348 -0.03738
-0.21545 0.04938 0.13847
-0.17004 -0.03319 0.14257
0.23977 0.02789 -0.13416
-0.13074 0.02811 -0.04867
0.07257 -0.02836 0.03652
0.36490 -0.00069 -0.12784
-0.18655 -0.08687 0.12397
0.13668 -0.00885 0.01298
-0.14824 0.11988 0.00841
-0.12558 0.12076 0.00614
0.02876 -0.04055 0.12880
0.32342 -0.05651 -0.09209
-0.23836 0.01983 -0.15116
0.30556 -0.00360 0.10010
0.44163 -0.06680 -0.01896
0.43680 -0.07354 -0.06032
-0.11440 0.00930 -0.03952
-0.23231 0.00650 0.10107
0.06767 -0.09484 -0.06768
-0.09541 -0.09484 -0.08452
0.09565 -0.09484 -0.08767
-0.01397 -0.09484 -0.04241
-0.12620 -0.09484 -0.02173
-0.14118 -0.09484 -0.02110
0.01122 -0.09484 -0.06177
-0.07907 -0.09484 -0.04007
-0.01290 -0.09484 -0.07691
-0.10834 -0.09484 -0.05247
-0.14988 -0.09484 -0.08949
-0.04488 -0.09484 -0.09112
0.07368 -0.09484 -0.08503
-0.15590 -0.09484 -0.07796
0.04525 -0.09484 -0.09066
0.17871 -0.09484 -0.08832
0.05468 -0.09484 -0.07657
-0.03642 -0.09484 -0.06500
-0.13263 -0.09484 -0.08248
-0.13640 -0.09484 -0.04098
0.02790 -0.09484 -0.06539
-0.06394 -0.09484 -0.05446
-0.03986 -0.09484 -0.03724
-0.15544 -0.09484 -0.03148
-0.15968 -0.09484 -0.01963
0.00244 -0.09484 -0.07623
-0.10372 -0.09484 -0.01814
-0.14545 -0.09484 -0.04249
0.01483 -0.09484 -0.09115
0.30299 -0.02578 0.10442
-0.15915 -0.03983 0.04442
0.01878 -0.00198 -0.13481
0.00203 -0.00280 -0.13491
-0.14634 0.11999 -0.00657
-0.15934 0.11950 -0.00712
-0.08482 -0.04869 0.06605
0.09715 0.02614 0.14863
0.10070 0.02304 0.14946
-0.19573 0.05204 -0.09982
-0.29549 -0.04029 0.11433
-0.10808 -0.03891 0.04751
-0.17609 0.00304 0.08528
-0.17671 0.00500 0.07948
0.04321 0.10950 0.08393
-0.16315 0.11533 -0.08193
-0.28934 0.05893 -0.03405
0.01281 -0.05290 -0.12125
-0.29105 -0.02756 0.10677
-0.22693 0.05410 0.12576
0.32998 -0.06440 -0.09704
-0.14196 0.05122 0.13759
-0.14957 0.07142 0.12786
-0.18042 0.02460 0.10610
-0.17995 0.02209 0.11029
-0.28551 -0.09201 -0.10419
-0.36213 -0.05425 -0.15513
-0.36120 -0.04800 -0.15665
-0.10541 -0.03229 -0.12731
-0.03078 -0.03716 0.11883
0.25433 -0.04973 -0.09695
0.40829 -0.09037 0.14017
-0.31037 -0.08681 -0.12869
-0.01548 0.11975 0.06507
-0.01072 0.11998 0.05987
0.33946 -0.09168 0.13898
0.44480 -0.08487 0.01228
-0.00639 -0.00358 -0.06968
-0.22648 -0.11335 0.13695
-0.01427 0.06994 -0.12853
0.30755 -0.00227 0.12060
-0.18182 0.02031 -0.02239
-0.21561 -0.06772 -0.10615
-0.23233 0.06547 -0.12988
0.44795 -0.05446 -0.01348
-0.19165 -0.10162 -0.10301
-0.00962 0.01090 0.11764
0.20066 0.01138 0.15235
-0.18029 0.01494 -0.00966
0.35580 0.02071 0.09679
-0.37360 0.05183 -0.00539
-0.14793 0.01098 0.00827
-0.05352 -0.03960 -0.13600
-0.06292 -0.03309 -0.13640
0.19042 0.04121 0.11790
-0.03961 -0.00340 -0.08632
0.02606 -0.04107 -0.12338
-0.00647 -0.00319 0.08186
-0.22291 0.00322 -0.09787
-0.15560 0.11196 -0.07078
-0.13398 0.11439 -0.03688
-0.03374 0.11259 0.08427
-0.20633 -0.09883 0.10468
0.29573 0.00537 -0.09209
-0.33214 0.00081 -0.15484
-0.41549 -0.05058 0.15212
0.41102 0.00616 -0.08721
0.40879 0.00540 0.02887
-0.13984 0.03157 0.07435
-0.41901 -0.07772 -0.04596
-0.20643 0.00433 -0.10277
0.14424 -0.05596 0.12190
0.08873 -0.03917 -0.13579
0.14488 -0.04513 -0.13576
0.25668 -0.10844 -0.11722
0.00139 -0.03129 -0.05395
-0.05353 0.11445 -0.06262
-0.06618 0.11403 -0.07161
-0.03019 0.11424 -0.06699
0.26430 0.00734 0.14656
-0.22147 0.09507 0.05187
-0.21479 0.09885 0.05055
-0.04470 0.00904 -0.07835
0.37394 -0.00916 -0.14299
0.20416 -0.06624 -0.09733
-0.42214 -0.02352 0.12679
-0.18145 0.02808 -0.07360
-0.15615 0.08084 -0.12312
0.42551 -0.02452 -0.07046
-0.03675 -0.02458 -0.08519
-0.09553 -0.03884 -0.12422
-0.37729 0.03604 0.14427
0.05079 0.11327 -0.08957
0.20303 0.03993 -0.11630
0.21689 0.03933 -0.10508
0.36153 0.00317 0.14758
0.38545 -0.09130 0.13477
-0.32502 -0.09231 -0.02530
-0.32167 -0.09278 -0.05820
-0.31476 -0.09418 -0.04127
-0.34112 -0.08916 -0.04583
-0.33396 -0.09046 -0.05777
-0.34460 -0.08837 -0.07135
-0.32990 -0.09141 -0.02021
-0.33939 -0.08945 -0.05357
-0.32886 -0.09163 -0.01554
-0.32187 -0.09287 -0.03375
-0.17353 0.01842 0.00584
-0.38653 0.04931 -0.08775
0.39520 -0.03048 -0.11369
-0.19663 -0.01069 0.10709
-0.20496 -0.00661 0.10945
-0.21024 0.04923 0.02318
-0.42449 0.00607 -0.08229
0.19142 -0.09396 0.10382
-0.01400 0.02260 -0.14425
-0.18726 0.04658 0.07203
0.32159 -0.08627 -0.10959
-0.21282 0.01541 0.13690
-0.09178 -0.07315 -0.04756
-0.19547 -0.10697 0.11570
0.20551 -0.03672 0.10010
0.37865 0.01735 0.08160
0.23020 -0.01103 0.14656
0.10754 0.08906 0.10272
0.19140 0.03975 0.12987
0.24458 0.03427 0.11770
-0.05732 0.03975 0.14378
-0.27587 0.04977 -0.00712
-0.02200 -0.01311 0.12843
0.01066 0.11860 0.08069
0.30941 -0.09262 -0.09209
0.44504 -0.06853 0.04527
-0.39258 -0.01299 -0.12862
-0.42586 -0.07374 -0.12995
0.03283 0.11301 0.05913
-0.00278 -0.01980 0.10691
-0.01072 0.12155 -0.01274
-0.00799 0.12142 -0.01921
0.16624 0.03451 -0.13996
0.29449 -0.10835 0.10533
-0.44863 -0.04259 0.04331
0.36438 -0.02313 -0.15292
0.00386 -0.04383 -0.08904
-0.22139 -0.07461 0.10329
0.17114 0.05886 -0.00239
-0.23396 0.06751 0.12871
-0.10560 -0.03861 -0.00056
-0.16404 -0.01275 -0.01919
-0.44317 -0.04313 -0.02262
-0.14755 0.11035 -0.08843
-0.15798 0.10938 -0.09344
0.08466 0.10516 -0.07834
0.09508 0.10180 -0.05942
-0.33169 0.00780 0.15344
-0.03380 0.00766 0.15363
-0.12820 0.01312 0.15264
-0.03817 0.01260 0.15251
-0.00685 0.11291 0.08193
0.23851 -0.00066 0.12001
0.13283 0.02115 0.04293
0.08994 -0.04748 0.07235
-0.22213 -0.07316 0.10782
0.05765 0.11430 -0.07337
0.04712 0.11666 -0.06066
-0.24087 -0.01909 0.10419
-0.40991 0.03121 -0.11874
0.35816 0.02394 0.00928
-0.01916 0.01724 0.10373
0.41822 -0.03094 0.10940
0.36495 0.01356 0.12854
-0.09323 0.11001 0.10219
0.01046 -0.06542 0.12158
0.03515 -0.03325 0.12546
0.20210 -0.05942 0.11096
-0.03396 -0.02969 -0.05372
-0.18623 -0.02234 -0.11804
0.42951 -0.03542 -0.06617
0.41618 -0.03594 -0.05434
0.20449 0.04315 -0.04296
-0.44573 -0.05419 0.05610
0.25123 0.00427 0.12437
-0.06746 0.02384 0.03204
-0.21847 0.04651 0.10054
0.18348 -0.06478 0.13771
-0.28046 -0.00809 -0.11990
0.22462 -0.09656 -0.13856
-0.29237 0.05264 -0.08790
-0.39210 -0.02227 -0.15602
-0.05324 0.02117 0.05473
0.01319 0.10997 0.10274
-0.26345 0.00830 0.10293
-0.09696 0.11560 -0.09815
-0.15430 0.03848 0.14484
-0.20201 0.03801 0.14519
-0.08993 0.02357 0.03574
0.14110 0.07918 0.00554
0.14996 0.07282 0.01818
-0.23229 -0.04164 -0.10358
0.13706 0.06949 -0.11653
0.39576 0.00542 -0.05372
-0.29984 -0.02512 -0.12893
-0.37925 0.04976 0.08764
-0.16050 0.00377 -0.01267
0.31936 -0.07584 -0.11649
0.12662 0.00987 0.05375
0.07827 -0.04069 0.13574
0.09354 -0.04339 0.13572
0.16788 -0.03325 0.13600
-0.28841 0.05290 -0.11294
0.34914 0.02079 0.10734
0.35849 -0.03598 -0.15579
-0.40037 -0.08139 0.01335
-0.38301 -0.08404 0.01110
-0.40574 -0.08057 0.01310
-0.42065 -0.07830 0.01427
-0.12698 -0.05828 0.12731
-0.19459 0.05123 -0.06327
0.32932 -0.04345 0.12727
-0.21052 0.00020 0.11196
-0.18985 -0.09129 0.10826
0.01985 -0.02253 0.12351
-0.04292 -0.01902 -0.15784
-0.01281 -0.02501 -0.15777
0.00506 -0.01302 0.03023
0.29328 0.02217 0.13789
-0.13504 0.04523 -0.13521
-0.21359 0.02378 -0.14856
0.38027 -0.04197 0.15345
-0.27187 -0.09682 -0.11984
-0.05750 -0.01155 -0.13630
-0.09905 -0.00629 -0.13626
-0.03563 -0.00705 -0.13561
-0.15777 -0.02255 -0.12731
-0.29141 -0.05429 -0.10850
-0.21078 -0.10821 0.13354
0.07836 0.07711 0.12511
0.02870 0.07457 0.12634
0.09015 0.02543 0.13030
0.04531 -0.06900 0.03151
-0.05523 0.07184 0.10136
0.17985 0.05136 -0.02616
-0.31934 -0.02475 0.12893
0.13162 0.07056 0.12464
0.11057 -0.00539 0.13504
-0.03427 -0.03089 -0.08781
0.08542 -0.03580 0.03910
-0.17467 -0.03879 0.09874
-0.04232 -0.00903 -0.12030
0.16622 -0.02636 -0.03190
-0.14437 0.02092 -0.15063
0.13331 0.05258 0.13682
0.13568 0.04220 0.15723
-0.10836 0.02384 0.02366
-0.11418 0.02384 -0.01274
-0.17133 0.02384 0.05856
-0.15370 0.02384 0.05373
-0.15762 0.02384 0.03416
-0.02868 -0.00752 -0.02477
-0.03680 -0.07253 -0.14974
-0.07932 -0.07920 -0.14743
-0.09259 0.03272 0.01531
0.24570 0.03952 0.00359
0.26234 0.03778 0.00113
-0.28250 -0.01003 0.12833
0.20622 0.04333 -0.01744
0.24781 0.00604 0.14656
0.15679 -0.03321 0.02970
0.20042 -0.03606 -0.14026
0.02501 0.01194 -0.15072
-0.08828 0.03272 0.01711
-0.43363 -0.01518 -0.05157
-0.21647 -0.06696 -0.11114
0.40369 0.00540 0.03283
0.36009 -0.08765 -0.14665
0.02533 -0.04103 0.02731
0.36865 0.02045 -0.05999
-0.42467 -0.02288 -0.11309
-0.02221 -0.05322 0.11130
-0.17935 -0.00444 0.00732
-0.18003 0.01122 -0.03583
0.13785 0.05924 0.12342
0.03128 0.10937 0.10248
-0.05616 0.03160 -0.07316
-0.11664 -0.03876 0.06111
-0.15602 -0.03953 0.05693
-0.17185 -0.01791 -0.12923
0.13045 -0.00802 -0.13431
-0.14051 0.00435 -0.12645
-0.08060 0.08459 0.12110
-0.12009 0.09548 0.11526
-0.12707 0.08422 0.12130
-0.27890 -0.08446 -0.09925
0.13075 -0.05829 -0.15367
0.10158 -0.05737 -0.15398
0.06219 -0.06189 -0.15281
0.07801 -0.06060 -0.15313
0.09266 -0.05740 -0.15399
-0.00922 0.11545 0.04060
0.00569 0.11445 0.06252
-0.15084 -0.06705 -0.13223
-0.34950 0.05298 -0.00387
-0.31504 0.05433 -0.01203
-0.29952 0.05467 -0.03082
-0.01166 -0.02219 0.15326
-0.03412 0.06749 -0.11954
0.39636 -0.01387 0.10798
0.20211 0.04287 0.05717
0.44405 -0.04092 0.02373
-0.29727 -0.02283 0.13088
-0.17023 -0.04935 -0.11085
-0.01637 0.01236 -0.02589
-0.18070 0.08155 -0.12274
0.37480 -0.04162 0.15404
-0.14616 0.00019 0.01145
-0.29750 0.05252 -0.10643
-0.34710 0.05109 -0.09539
-0.31374 0.05169 -0.10927
0.35175 0.02513 0.01110
0.15026 -0.02356 0.03194
-0.20468 -0.00469 -0.10501
-0.13688 0.01634 -0.05848
-0.15845 -0.07347 -0.14156
-0.03786 -0.00944 -0.08460
0.17041 0.05664 -0.04993
-0.19179 -0.01719 -0.09925
-0.00901 -0.01452 -0.02320
-0.21577 -0.00200 -0.09925
-0.08896 0.00661 0.13012
-0.09432 -0.07472 0.13047
-0.31190 -0.07125 -0.14761
0.09950 0.08284 -0.11502
-0.03225 0.11722 0.09099
-0.04368 0.11745 0.08926
0.13035 0.03669 -0.13034
0.09009 0.03865 -0.13188
0.01207 0.04369 -0.13913
-0.42820 0.00778 -0.01364
-0.26219 0.01810 0.15153
0.44724 -0.05837 0.03081
-0.29655 -0.00874 0.12916
-0.42178 -0.01407 -0.14644
0.15098 0.03632 -0.13195
0.13283 0.03915 -0.13971
0.00919 0.11968 -0.06658
0.03586 0.11429 -0.03162
-0.16115 -0.05953 0.14420
0.22900 -0.06242 0.11074
0.10949 -0.08801 -0.14187
0.15835 -0.08716 -0.14234
0.07746 -0.04988 -0.00043
-0.21041 0.05177 -0.06520
-0.24821 -0.09484 -0.06065
-0.26076 -0.09484 -0.06925
-0.17158 -0.09484 -0.01880
-0.22063 -0.09484 -0.07194
-0.23458 -0.09484 -0.06964
-0.27311 -0.09484 -0.07982
-0.24983 -0.09484 -0.07687
-0.24910 -0.09484 -0.06891
-0.16617 -0.09484 -0.01241
-0.16906 -0.09484 -0.06838
-0.26026 -0.09484 -0.08326
-0.22954 -0.09484 -0.06534
-0.01913 0.01672 -0.05423
0.28277 0.03491 -0.01484
0.27351 0.03574 -0.04141
0.31785 0.02950 -0.03901
-0.11530 0.02643 -0.06314
-0.01550 -0.06196 0.07760
-0.15288 0.10966 0.09256
0.21114 -0.06210 0.10010
-0.26816 -0.00554 -0.10415
-0.26289 -0.00296 -0.09679
-0.01058 0.06313 -0.11780
-0.01394 -0.05042 0.14051
-0.14202 0.04536 -0.13531
-0.21876 -0.01405 0.07444
-0.21505 0.05062 0.09272
-0.16588 0.11376 0.00370
-0.39245 0.05006 -0.04435
-0.39815 0.04969 -0.04580
-0.09053 -0.03941 -0.15735
-0.10598 -0.03296 -0.15796
-0.05782 -0.03643 -0.15753
-0.22242 0.00315 0.12023
0.06552 0.10621 0.09553
-0.17380 0.02384 -0.07918
-0.14846 0.02384 -0.06515
-0.27808 -0.00682 0.11417
-0.27077 0.06467 -0.09882
0.02823 0.12082 -0.01388
0.17730 0.05013 0.06146
0.31954 -0.02919 -0.10027
0.21952 -0.07921 -0.09209
0.42972 -0.08970 0.08635
0.39641 -0.09156 0.08364
0.39863 -0.02269 -0.12224
0.05487 -0.02372 0.15762
0.02784 -0.02010 0.15766
0.42848 -0.05517 -0.13106
0.08848 -0.07081 0.05170
0.17403 0.05046 -0.08155
0.25324 0.00289 0.14656
-0.03719 0.11600 -0.02159
-0.06880 0.11631 -0.00630
0.03975 -0.04133 0.05211
-0.29573 -0.02413 0.10319
0.12798 0.03864 0.13713
0.15560 0.03583 0.13080
0.03414 0.08761 -0.11948
0.00043 0.07849 -0.12438
0.08261 0.07814 -0.12457
-0.01452 -0.01744 -0.13090
0.32411 -0.05172 -0.10570
-0.16537 -0.09409 -0.09835
-0.43527 -0.07422 0.02881
-0.14704 0.02339 0.03397
0.24259 -0.03498 -0.09641
-0.02610 -0.02770 -0.15784
0.41743 -0.05591 0.14629
-0.19054 0.11164 -0.04622
-0.43371 -0.05845 0.13290
0.43229 -0.02451 0.05402
-0.21047 0.00603 -0.14572
-0.15198 0.02752 0.04094
0.25176 -0.11388 0.11102
0.32759 -0.03077 -0.09347
-0.33646 0.05211 0.07506
-0.35814 0.05126 0.07306
-0.32727 0.05263 0.06909
-0.30004 0.05328 0.08933
-0.17144 -0.02904 0.06284
0.39155 0.01715 -0.01453
0.20609 0.02451 -0.14832
0.28617 -0.05464 -0.10209
-0.23287 0.04662 -0.05980
-0.23178 0.04657 -0.05440
-0.37400 -0.02158 -0.12881
-0.43556 -0.06298 0.12766
-0.39395 0.05052 0.01261
-0.19591 0.06478 -0.08227
0.04871 0.01667 0.15126
-0.14057 0.00146 -0.04775
-0.22557 -0.06533 0.11050
-0.27171 -0.06447 0.10889
0.20882 0.00930 -0.15290
0.22195 -0.00380 0.10536
0.33643 -0.04917 -0.14203
-0.35967 -0.08523 0.14357
-0.03086 0.10634 0.10883
-0.00106 -0.02893 -0.04828
-0.16586 0.10407 -0.10807
0.12095 -0.00627 0.00902
-0.06962 -0.04246 -0.13268
0.26982 0.00111 0.14656
-0.05927 0.03651 -0.09320
-0.04233 0.12176 0.00222
-0.07154 0.12162 0.00925
-0.05830 0.12153 0.01362
0.25070 0.03087 -0.12661
-0.28554 0.05968 0.05914
-0.27366 0.06547 0.07138
0.25550 -0.04467 0.10594
-0.08825 0.11770 -0.08741
-0.08379 0.11732 -0.09021
0.31228 -0.02537 0.14656
0.04457 -0.03263 -0.02545
-0.11721 0.03157 0.04154
-0.28842 0.06037 0.01208
0.24257 -0.09872 -0.09209
0.15646 -0.01620 0.06277
0.15507 -0.01595 0.08189
0.16972 -0.01865 0.03836
-0.05268 0.12109 0.03533
-0.05919 0.12029 0.05302
-0.08016 0.12045 0.04945
0.08957 -0.03533 -0.07529
0.00177 0.11580 -0.03108
0.14524 0.03134 0.08694
0.00453 -0.03456 0.13619
-0.03511 0.07326 0.12010
-0.17277 0.00282 -0.13580
-0.18092 0.00033 -0.13647
-0.29265 0.05200 0.07655
0.17031 0.04284 -0.13278
-0.03187 0.05208 0.13710
-0.43182 -0.00272 0.00474
-0.25239 -0.07807 -0.10358
0.39544 -0.01149 -0.14646
0.32152 0.02842 -0.05755
0.32046 0.02896 -0.04653
0.30983 0.03028 -0.05182
0.28286 0.03409 -0.05221
-0.21727 -0.05881 -0.11114
-0.42462 0.01657 0.02474
-0.22720 0.05417 -0.13598
0.10787 -0.05600 0.12166
0.04525 0.07031 -0.12840
-0.00139 0.07161 -0.12774
0.01227 0.06992 -0.12856
0.04851 0.05075 -0.13774
0.00969 0.06167 -0.13250
-0.29446 0.04991 0.13431
-0.00598 -0.04310 -0.12405
-0.42156 -0.02178 0.15315
-0.21984 0.06325 -0.12173
-0.01580 0.00981 0.10753
-0.03483 -0.02764 0.10347
-0.37372 0.01206 0.12961
0.42929 -0.02354 0.06945
0.02697 0.03864 -0.14343
0.43691 -0.02636 0.02438
0.19123 0.03141 0.14509
-0.30795 -0.04853 -0.13456
-0.30835 -0.05047 -0.10933
-0.22408 -0.12007 0.10523
0.44361 -0.07226 0.00209
0.43862 -0.06704 0.04468
0.38854 -0.00986 0.13764
0.12614 -0.09184 -0.13223
0.15833 -0.09242 -0.12442
0.13804 -0.09200 -0.13013
0.06326 -0.09248 -0.12369
0.13747 -0.09325 -0.11332
0.16155 -0.09365 -0.10800
0.09092 -0.09139 -0.13822
0.00946 -0.09159 -0.13560
0.07334 -0.09157 -0.13587
0.02185 -0.09181 -0.13268
-0.16701 -0.05017 -0.11872
-0.16593 -0.04049 0.14839
0.00590 -0.03739 0.04418
-0.24058 0.02817 -0.14894
0.07634 0.10262 -0.10705
-0.30702 0.05479 0.00522
-0.32307 0.05380 0.02221
-0.30531 0.05461 0.02011
0.35365 0.02345 0.05752
0.36007 0.02163 0.07112
-0.00370 -0.00881 -0.08408
-0.03937 -0.03427 -0.13067
-0.38351 0.05080 -0.03228
-0.37601 0.05137 -0.02461
-0.44322 -0.05519 -0.01124
0.38272 -0.09230 -0.09168
0.36582 -0.09323 -0.09286
0.01301 -0.03077 0.02304
0.19414 -0.09484 0.00173
0.23618 -0.09484 0.04831
0.32055 -0.09484 0.00935
0.19411 -0.09484 0.05027
0.22217 -0.09484 0.05992
0.19956 -0.09484 0.05921
0.26894 -0.09484 0.03631
0.21164 -0.09484 0.04696
0.26629 -0.09484 0.01088
0.24841 -0.09484 0.01610
0.21377 -0.09484 0.04233
0.23353 -0.09484 0.00360
0.27583 -0.09484 0.01507
-0.00848 0.02566 -0.14900
-0.20750 -0.11116 0.09874
-0.24673 0.07030 0.11804
-0.20130 0.02836 0.14877
-0.33060 -0.07637 -0.15025
0.19482 0.04183 0.01489
-0.31970 0.04179 -0.13015
-0.32909 0.03570 -0.13014
-0.35321 0.03104 -0.13013
-0.23053 0.00519 0.12894
-0.17094 -0.02731 -0.11447
-0.36085 0.05195 0.03786
-0.35517 0.05246 0.02095
-0.36378 0.05238 0.00323
-0.29318 0.03300 0.14690
-0.05348 0.00578 -0.15412
-0.36964 -0.01301 -0.15599
-0.08843 -0.06853 -0.12548
-0.34349 0.04014 -0.14261
-0.20333 -0.00311 -0.14572
-0.14856 -0.07204 -0.15015
-0.00141 -0.01733 -0.09156
-0.16925 0.11446 -0.08072
-0.19294 0.10675 0.01418
0.03266 -0.06099 -0.13316
0.04850 -0.05058 -0.13490
0.07922 -0.05545 -0.13413
-0.12498 0.00549 -0.13047
0.21601 -0.08569 0.14656
-0.27187 0.00464 0.11301
0.18901 0.04131 0.00092
-0.13112 -0.06668 0.12940
-0.11557 -0.06668 0.13257
-0.24247 0.03898 -0.12946
-0.27280 0.04005 -0.12864
-0.27063 0.03425 -0.12876
-0.17075 -0.06838 0.13123
-0.14458 -0.03957 0.04464
-0.30871 0.03790 0.13015
-0.34998 0.02745 0.13013
-0.34624 0.01552 0.13013
-0.34294 0.04161 0.13013
0.43119 -0.02894 -0.05607
-0.42037 0.02806 -0.01928
-0.43172 -0.07447 -0.06826
0.19517 0.04187 -0.04164
-0.22481 0.00551 -0.15745
0.13970 -0.04862 0.12100
-0.42583 -0.07650 0.04814
0.14322 0.03398 0.12715
-0.18606 0.10858 -0.03859
-0.43641 -0.06248 0.08878
0.37403 -0.02099 -0.14636
0.39955 -0.09147 -0.01189
0.42029 -0.09036 -0.00359
0.44097 -0.08925 -0.00526
0.17900 0.02697 0.14139
-0.29414 -0.02264 -0.15983
0.43375 -0.01609 0.00255
0.10089 -0.02003 -0.15751
-0.00417 -0.02505 -0.15776
0.03179 0.00372 0.12117
-0.17304 0.01607 0.15006
-0.23422 0.05225 -0.12683
-0.13080 0.10746 0.10567
-0.02362 -0.01506 -0.12731
-0.17268 0.11466 -0.07304
-0.44246 -0.02620 -0.03055
0.19341 -0.01650 -0.15708
-0.22413 -0.10966 -0.10299
-0.15954 0.11626 0.08027
0.05984 -0.03544 -0.04790
-0.05658 0.04445 0.14074
0.06528 -0.05229 0.15523
0.08239 -0.04681 0.15660
0.04851 -0.05595 0.15431
0.13785 -0.05096 0.15567
0.02249 -0.04871 0.15603
0.08792 0.10856 0.03604
0.22913 0.03475 0.12763
-0.14515 0.01442 -0.01202
-0.18731 0.00446 0.13557
-0.43028 -0.00961 -0.07050
-0.10810 0.03263 0.04664
0.10497 0.07892 -0.12415
0.05019 0.10275 -0.11124
-0.41415 -0.05410 -0.15158
0.26839 0.00940 0.10010
-0.04453 -0.00152 0.11491
-0.07110 0.11572 -0.03467
-0.06482 0.11568 -0.03551
0.13857 -0.01134 0.05179
0.14477 -0.01315 0.07378
0.09975 0.07948 0.12363
-0.05633 0.01233 0.00731
-0.16876 0.04343 -0.12723
-0.01592 -0.03133 -0.13639
0.12898 0.01741 0.00077
-0.05395 -0.00674 -0.00888
-0.28665 -0.02959 -0.14400
-0.16952 -0.03398 -0.15246
0.07559 0.05085 0.13765
0.09143 0.04752 0.13915
-0.25143 -0.04752 -0.10358
-0.18402 -0.01499 0.14214
0.08294 -0.03082 -0.11135
-0.01335 0.11470 -0.09789
-0.37080 -0.01249 0.15587
0.01214 -0.02819 0.15773
0.37922 -0.01429 0.14976
0.06634 -0.07772 -0.12390
0.33878 -0.09474 -0.04263
0.35906 -0.09365 -0.07746
0.35798 -0.09370 -0.03745
0.36210 -0.09348 -0.05200
0.37870 -0.09258 -0.01704
0.34180 -0.09458 -0.07233
0.40591 -0.09111 -0.02921
0.35602 -0.09381 -0.03306
0.35846 -0.09368 -0.00940
0.34208 -0.09456 -0.00954
0.13348 0.02233 -0.09662
0.00423 -0.03857 0.12383
-0.13057 0.02657 0.03456
0.25147 0.00302 -0.10733
0.28403 -0.03649 -0.09641
-0.33886 0.01591 0.15186
0.00050 0.00183 0.12943
-0.14908 0.03508 0.06352
-0.27932 -0.06975 0.11125
0.37581 0.00798 -0.12719
0.21198 -0.07494 -0.13856
-0.23291 0.08096 0.11733
-0.38483 0.04754 -0.12657
-0.04484 0.08527 0.07697
0.08604 0.10857 -0.04393
0.10086 -0.07591 0.12985
0.13312 -0.07941 -0.13111
0.09567 -0.07941 -0.13419
0.04351 -0.07941 -0.13231
0.08556 -0.07941 -0.13687
-0.00723 -0.01024 0.13181
-0.13447 -0.04402 0.13975
-0.31083 -0.09172 -0.13422
-0.20042 0.00146 -0.11195
0.26245 0.01206 -0.09720
-0.09470 -0.03899 -0.01451
0.27924 -0.11504 -0.11476
-0.35915 -0.08553 0.10302
-0.41069 -0.07579 0.09205
-0.40388 -0.07708 0.11785
-0.37892 -0.08180 0.09523
-0.38890 -0.07991 0.09798
-0.01260 0.00987 0.14961
-0.24525 -0.11374 -0.14572
-0.20922 -0.10096 0.11922
-0.09880 0.02575 0.14922
-0.17286 0.10623 0.10754
-0.26258 -0.02698 0.02427
-0.24648 -0.02698 0.01536
-0.24857 -0.02698 -0.02606
-0.29233 -0.02698 0.07643
-0.25703 -0.02698 -0.00168
-0.26834 -0.02698 0.00876
-0.26378 -0.02698 0.08364
-0.27639 -0.02698 0.02692
-0.27264 -0.02698 0.08541
-0.25770 -0.02698 -0.03272
0.30333 0.00105 -0.10317
-0.43712 -0.02928 -0.11648
0.37357 -0.09246 0.11930
0.31576 0.01818 0.14585
0.14160 0.04440 0.08607
-0.24823 0.04778 -0.05492
-0.25499 0.04834 -0.04577
-0.24059 0.04715 -0.03392
-0.25538 0.04837 -0.05528
-0.28265 0.05062 -0.08194
-0.11128 0.11995 -0.05031
-0.10959 0.11897 -0.07071
0.18799 -0.04416 -0.04002
0.18799 -0.05689 -0.11848
-0.14316 -0.05296 -0.13997
-0.03310 0.04131 -0.09998
-0.03558 0.07293 -0.12572
-0.29149 -0.05204 0.12872
-0.37823 -0.04603 0.15596
0.39027 -0.03030 -0.14362
-0.00405 0.00226 -0.03852
-0.00390 -0.04582 0.02718
-0.36688 -0.05883 0.15381
-0.11855 -0.00444 -0.07240
-0.37888 0.04944 -0.09662
-0.42770 -0.02468 0.09139
0.33465 -0.04429 -0.14430
0.33085 -0.03721 -0.10002
0.12363 0.00736 -0.02940
0.00513 0.11604 0.01960
-0.05650 -0.02014 0.04208
0.33801 -0.08303 0.13639
-0.23948 0.08582 -0.04248
-0.20289 0.10490 -0.05744
-0.35072 -0.08647 0.14325
-0.28875 -0.03646 -0.11020
-0.17963 -0.06978 -0.10340
0.35568 0.01323 -0.14417
0.15250 -0.01540 -0.10803
-0.13136 0.01919 0.06848
-0.02725 0.01558 0.15179
0.25834 0.00260 -0.10879
-0.17453 -0.01101 0.00329
-0.20802 0.08977 0.11671
-0.24918 -0.04769 -0.11114
-0.00541 0.05458 0.12731
-0.21619 0.04931 0.06037
0.11805 0.00826 0.12293
-0.00914 -0.08375 0.14455
0.02922 -0.08167 0.14571
0.01394 -0.08338 0.14472
-0.43410 -0.01726 0.07640
0.13842 0.05111 0.08479
0.20147 -0.04785 0.10042
0.05324 -0.01216 0.12185
-0.44021 -0.06395 -0.08720
-0.30393 0.00780 -0.12959
-0.34722 -0.00328 -0.13002
-0.31500 -0.00585 -0.12949
-0.29150 0.02838 -0.12980
0.26703 0.00616 0.11935
-0.19138 -0.01583 -0.10594
-0.41584 0.02510 0.09819
-0.09110 -0.00732 0.12433
-0.17877 -0.06869 0.10934
-0.42933 -0.01174 0.08933
-0.12330 0.02540 0.05928
-0.28266 -0.09326 0.14105
-0.18350 0.11539 -0.00577
0.11003 0.08098 0.12181
0.07892 -0.05564 -0.12227
0.09029 -0.04955 0.02363
-0.21876 0.02395 0.05991
-0.21876 0.02297 0.07950
-0.21876 0.04585 -0.08254
-0.21876 0.04028 -0.04853
-0.21876 0.01411 0.11804
-0.21876 0.01637 0.04910
-0.21876 0.02878 0.02022
-0.21876 0.04529 -0.00328
-0.21876 0.04219 -0.07363
-0.21876 0.03579 0.07919
-0.21876 0.01082 0.10815
-0.41444 0.03772 -0.04749
-0.05515 -0.02047 -0.01962
-0.18727 -0.02240 -0.14572
0.34234 0.01724 -0.12587
-0.11858 -0.04742 -0.15612
-0.06981 -0.05863 -0.15346
-0.02766 -0.06700 -0.15148
-0.01563 -0.05865 -0.15354
-0.33001 -0.01422 0.15704
0.17756 0.04029 0.04312
-0.41718 0.00175 0.12735
0.42520 -0.02129 0.08552
0.18896 0.04438 -0.02016
0.17815 0.04119 0.11916
-0.25810 0.01088 -0.12908
0.37535 -0.02140 0.13685
-0.10928 0.11595 -0.00808
-0.10843 0.11585 -0.01454
-0.21010 -0.00061 -0.14572
-0.15838 -0.07587 0.14161
-0.04775 0.01576 -0.08586
-0.02453 0.09027 -0.11197
0.25215 -0.04102 0.10472
-0.16203 -0.03500 0.13308
0.03106 0.00966 0.15305
0.12744 0.00403 0.15420
0.09267 0.00118 0.15491
0.34818 -0.04367 -0.15632
0.20157 -0.03393 0.12876
0.20481 -0.02789 0.12825
0.14892 0.04105 0.10664
-0.06419 0.05494 0.07413
0.27663 -0.05395 -0.10198
-0.13537 0.11932 0.04566
-0.14294 0.11843 0.05862
0.23809 -0.10343 -0.09209
0.04698 -0.03380 0.02062
0.02831 -0.04456 0.04778
-0.30789 -0.04827 0.10695
0.31117 0.02066 0.12558
0.12252 0.00250 -0.00064
0.01999 0.03433 0.14593
0.04636 0.03392 0.14596
-0.17022 0.11825 0.00263
-0.03908 -0.01748 -0.10590
-0.19422 -0.10124 0.14765
0.18766 -0.03992 -0.02866
-0.16373 -0.06599 0.14849
-0.16876 0.11295 -0.01148
0.24089 0.03885 0.05409
0.25913 0.03671 0.05950
0.26264 0.03520 0.08571
0.22649 0.04037 0.05381
-0.18638 0.06471 0.12970
-0.10228 -0.06419 -0.13328
-0.05586 -0.01623 0.00918
-0.05520 -0.01963 -0.00650
-0.05552 -0.01362 0.00107
-0.05873 0.00037 0.07776
-0.05824 -0.01645 0.06607
-0.05715 -0.01009 0.04003
-0.05916 0.00574 0.08803
-0.05771 -0.02296 0.05352
0.43583 -0.03692 0.07817
0.17685 -0.04026 -0.15707
0.06416 -0.04334 -0.15677
0.16021 -0.04348 -0.15696
-0.10506 -0.02044 -0.12731
-0.11027 -0.02235 -0.12731
0.38132 -0.09245 0.00936
0.41004 -0.09090 0.01145
0.39663 -0.09163 0.00750
0.43962 -0.08930 0.02515
0.36495 -0.00869 0.12736
-0.43707 -0.07100 -0.10830
-0.25293 -0.00044 0.11709
-0.10413 -0.06752 0.15150
-0.12900 -0.05981 0.15326
0.13978 0.02939 -0.11116
0.18384 0.02337 0.14912
-0.26132 -0.00921 -0.11094
-0.11843 -0.02372 0.12731
-0.06649 -0.02119 0.12731
0.18090 0.04553 0.08189
0.09790 0.10257 0.04068
0.12150 -0.00494 -0.01966
0.40702 -0.00584 -0.10910
0.00780 -0.03727 -0.04128
-0.02294 0.07207 0.12752
-0.16574 -0.00083 -0.15563
-0.08020 -0.00060 -0.15546
-0.03537 -0.00894 -0.15657
-0.15111 -0.00011 -0.15550
-0.17573 0.02773 0.14887
-0.18385 0.10871 0.04414
-0.26256 -0.00387 -0.10629
-0.12706 -0.01548 0.06246
0.10265 0.03308 -0.14597
-0.05394 0.03625 0.11872
-0.15853 0.00306 -0.13309
0.37913 -0.04491 -0.15360
0.20842 -0.04706 0.10302
-0.00642 0.04844 -0.13882
-0.02858 -0.02597 0.15784
0.03241 -0.01710 -0.12324
-0.15815 0.11338 0.03960
-0.13143 0.11449 0.03686
0.05791 -0.03178 0.02435
-0.05167 0.08500 0.09268
-0.43078 -0.00415 -0.04465
0.14523 0.04281 0.07379
0.03679 0.11984 -0.02104
-0.22831 0.03467 0.14672
0.28999 0.03141 0.08962
0.27832 0.03409 0.06591
0.32684 0.02667 0.08465
0.02330 -0.05767 0.12344
-0.39342 -0.08156 -0.03783
-0.34791 -0.08798 -0.02788
-0.37509 -0.08361 -0.03970
-0.40668 -0.07797 -0.05941
-0.37833 -0.08446 -0.02614
-0.29532 -0.06669 -0.14572
0.40451 -0.00913 -0.12533
-0.16639 0.11074 0.06802
