0.27523 0.08317 0.02381
-0.20873 -0.07041 -0.08703
0.28553 0.02312 -0.04621
0.28258 -0.04111 -0.04130
-0.40224 0.04346 -0.01375
0.25568 -0.08217 0.12547
0.22465 0.08199 0.02984
0.30224 0.03689 0.00019
0.40050 0.00059 0.00004
-0.34897 0.01440 -0.14273
-0.21891 -0.00286 0.07040
0.29367 -0.03309 -0.11726
-0.17930 0.03562 -0.07565
0.31744 -0.03500 -0.15381
-0.43342 0.06522 -0.04331
0.06145 -0.01027 -0.03929
0.39012 -0.04976 0.04637
0.11387 -0.04052 -0.03504
-0.37561 -0.00879 0.03782
-0.42002 -0.02415 -0.05911
0.19944 -0.09828 -0.15627
-0.21297 -0.14826 0.11822
0.15345 0.02399 -0.01409
-0.19446 -0.05689 0.16644
0.27195 0.03390 -0.01686
0.27881 -0.15536 -0.16556
0.31563 -0.05665 -0.11673
0.26690 -0.03201 0.09506
0.18907 -0.03287 -0.07429
0.25599 -0.01191 -0.07429
-0.13768 0.00774 0.13769
0.20184 0.07232 -0.06440
0.21224 0.06881 -0.05737
0.21544 0.06773 -0.10086
0.19407 0.07495 -0.10218
0.14536 0.07860 -0.16808
0.29305 -0.06687 0.13667
-0.21870 -0.15791 0.17110
0.31541 -0.04910 0.01023
0.00651 0.07134 -0.05632
0.03225 0.03926 0.12273
0.20133 -0.05300 0.04857
-0.16677 0.09432 0.07033
0.13298 0.03569 0.11831
0.13443 0.03269 0.09985
-0.40564 -0.04187 0.02588
-0.15618 -0.04429 -0.13205
-0.25389 -0.14236 0.13656
0.21185 -0.12367 0.15783
0.14238 -0.00945 -0.14098
0.06149 -0.04637 -0.03732
0.10335 -0.05382 -0.07532
0.13315 -0.05352 -0.06950
0.09446 -0.05391 -0.07108
0.12578 -0.05360 -0.04858
0.13542 0.08071 0.04044
-0.32585 0.15840 -0.03163
0.22145 -0.12110 0.11824
0.25544 0.08472 -0.07256
-0.26842 -0.04697 0.13321
-0.36349 0.05582 0.12881
0.40035 0.00194 -0.01317
-0.12584 0.03645 -0.01746
-0.23278 -0.09224 -0.14284
-0.42913 -0.03965 -0.03074
-0.19540 -0.14909 0.17256
0.30714 0.00070 -0.03360
-0.16812 0.08539 0.08952
-0.24396 -0.05035 -0.17246
0.30319 -0.01462 0.05530
0.27482 -0.08157 0.00444
0.27077 -0.08747 0.02545
-0.22326 -0.06968 0.12898
-0.17635 0.02720 0.07012
0.40420 -0.01837 -0.07896
0.22524 -0.02941 0.13339
0.30052 -0.10013 -0.12118
0.40949 0.00113 -0.00072
-0.14139 -0.10447 0.14358
0.22145 -0.08936 0.09015
-0.43278 0.07815 -0.02594
0.00116 0.00917 -0.01929
0.06307 -0.06554 -0.04577
0.14654 0.00765 -0.00217
-0.27692 -0.06147 0.15158
-0.18646 -0.01953 0.14935
0.04635 0.01458 -0.12419
-0.19606 -0.03384 -0.17229
-0.14733 -0.00451 -0.11676
-0.13842 -0.04570 -0.10075
0.28660 0.04830 -0.01280
0.07016 -0.01395 -0.12578
0.10611 0.15000 0.08608
-0.16987 0.07998 -0.07303
-0.36399 -0.02196 0.13178
-0.26812 0.02085 -0.10005
0.40129 0.00731 -0.05447
-0.37842 -0.00079 -0.01998
0.29321 -0.05689 0.17147
-0.22960 -0.11021 -0.15774
-0.12810 0.02323 0.07572
-0.37901 0.08800 -0.01189
-0.15402 -0.05184 -0.15975
0.26378 -0.06319 0.10043
-0.21240 -0.03933 -0.17187
-0.31064 0.03123 0.13401
-0.14647 -0.09628 0.12048
0.25130 -0.15176 0.16927
0.28149 -0.11749 0.16738
0.27385 -0.10393 -0.14471
0.15273 0.01457 0.09086
0.06003 -0.03376 0.11879
-0.39595 0.09184 -0.01784
-0.06446 -0.06905 -0.00863
0.38380 0.05940 -0.05227
0.11672 -0.05359 -0.11475
-0.22365 -0.02111 0.16105
-0.38189 0.00984 0.02276
-0.18840 -0.02991 -0.11921
0.33596 0.07371 -0.02545
0.24771 -0.05082 0.17216
0.11471 0.14805 -0.08009
0.27797 0.00833 -0.02607
0.25155 -0.07283 -0.10134
-0.16916 -0.11609 -0.17291
-0.17828 0.13731 0.07666
-0.19941 -0.01158 0.15257
-0.14563 -0.10633 0.12695
-0.24964 -0.03385 0.09489
-0.16094 -0.03457 0.09489
-0.16533 -0.02887 0.09489
-0.20699 -0.02710 0.09489
-0.18583 -0.02705 0.09489
-0.27740 -0.03386 0.09489
-0.37879 0.05073 0.02568
0.04448 -0.06297 -0.07197
0.03950 -0.07032 -0.07197
0.04786 -0.07364 -0.07197
-0.02571 -0.05819 -0.07197
0.23105 -0.03138 0.14874
0.31945 -0.08385 -0.11662
-0.14437 -0.09349 -0.14145
0.13555 0.08497 -0.02957
0.28501 -0.01085 0.02903
0.27313 -0.05274 -0.16305
0.27160 -0.02980 -0.17521
0.29202 -0.08949 0.12653
-0.27801 -0.07348 0.16606
-0.19197 -0.15368 0.16164
0.22573 -0.02561 -0.13458
0.32038 0.00621 0.02522
-0.20204 0.03811 -0.01459
-0.28323 0.03100 -0.14697
-0.16500 -0.13938 -0.14239
0.05290 -0.04797 -0.11627
0.36700 0.06713 0.01833
-0.17139 -0.01387 0.06150
-0.09362 -0.03864 0.06150
-0.16579 0.09258 -0.11456
-0.12551 0.04517 0.11597
-0.19751 -0.14837 0.12871
-0.17555 0.10728 -0.08276
-0.16763 0.11576 -0.08315
0.36682 0.01117 -0.13126
-0.19442 -0.08443 0.03987
-0.42011 0.05650 -0.06645
0.13673 0.09038 0.00653
-0.28306 -0.07605 0.12164
0.24911 -0.08165 -0.04514
0.24328 0.08532 0.04184
-0.16402 0.11380 0.06818
0.35235 0.00059 0.12761
-0.35062 0.10384 0.11865
-0.39539 0.01921 -0.00160
-0.19985 -0.06732 0.08761
0.25670 0.06864 0.12301
-0.03749 -0.00126 0.02682
0.38623 0.00209 0.11240
0.34016 0.06729 0.10559
0.27487 -0.09527 -0.09898
0.27576 -0.01560 -0.07231
-0.05763 0.01319 -0.08537
-0.17374 -0.14558 -0.14025
0.00698 0.06981 -0.07224
-0.20523 -0.10991 0.00786
0.36444 0.04006 0.10264
0.37530 -0.04988 -0.11403
-0.09713 -0.01454 -0.10617
-0.28443 0.01783 -0.12716
0.14890 0.11392 -0.11834
0.07082 0.04185 0.13840
-0.18790 -0.02779 0.11658
-0.13418 0.00078 0.03266
0.33544 -0.04703 0.01410
0.31242 -0.03107 -0.14242
0.10925 -0.02761 -0.11471
0.27410 -0.01649 0.15279
-0.15935 -0.13215 0.13605
0.29873 -0.03085 -0.02094
0.32796 -0.06152 -0.17540
0.08438 0.15409 -0.10073
0.04474 0.15817 -0.08119
0.31916 -0.03544 -0.13217
-0.38061 0.07952 0.00806
0.05582 -0.01501 -0.02933
0.10340 0.02812 0.01566
-0.19743 -0.07176 -0.14802
-0.23594 -0.10019 -0.14284
-0.13602 0.10434 0.11875
-0.26239 -0.03281 0.16301
0.23733 -0.03085 0.01005
0.13255 0.08800 0.08961
-0.38084 0.06793 -0.00767
0.25287 -0.04810 0.09578
-0.22517 -0.15488 0.12359
-0.08361 -0.00106 -0.11377
0.03436 0.05341 -0.13947
-0.28778 -0.03144 0.13417
-0.28905 -0.04245 0.13021
-0.24710 -0.03581 -0.06956
0.29753 -0.09527 -0.13565
0.25705 -0.12432 0.17094
-0.26808 -0.06723 0.11797
0.13462 0.09419 0.01229
0.36593 0.00042 0.12363
0.09066 0.01969 0.01568
-0.20061 -0.02808 -0.08011
-0.36502 -0.04859 -0.08224
-0.37601 0.08494 -0.07726
-0.03509 -0.00337 -0.03745
-0.39843 -0.05189 -0.01041
-0.18528 -0.07160 0.15877
0.23716 -0.02382 0.15676
0.12489 -0.00907 0.00053
0.12726 0.05988 -0.04191
0.12543 -0.02661 -0.07592
0.19586 0.09192 -0.11847
0.09346 -0.04401 -0.07197
0.10571 -0.03837 -0.07197
0.07187 -0.03423 -0.07197
0.01346 -0.02729 -0.07197
0.11412 -0.05693 0.05524
0.05981 -0.03057 -0.05677
0.20968 -0.12962 -0.13318
-0.17452 -0.05548 0.17503
0.30443 -0.15208 0.13510
-0.18098 -0.00783 -0.07429
-0.27853 -0.10398 0.15703
-0.15197 -0.12443 0.15699
0.25550 0.03250 0.13811
-0.08168 -0.01446 -0.03476
0.04395 0.00161 0.06356
-0.24079 -0.15415 0.16558
-0.19273 0.03811 0.08218
-0.13711 0.05942 -0.11552
-0.03823 -0.04149 0.13543
-0.04766 -0.03970 0.13591
-0.08903 -0.03323 0.13763
0.19864 -0.10296 -0.14150
-0.36837 0.09909 0.09626
-0.05488 0.05172 0.13725
0.39965 0.00396 0.02440
0.04430 0.15962 -0.07061
-0.36660 0.10495 0.07886
0.25267 -0.06832 0.12730
0.29695 -0.07348 0.14541
-0.28378 -0.07346 0.16562
0.26255 0.02903 0.01588
0.31636 -0.13245 0.11726
0.05039 -0.02372 -0.03288
-0.41887 0.05066 -0.02345
-0.08792 0.00601 -0.09697
0.18044 -0.03251 -0.07588
0.23642 -0.01315 -0.07575
0.29304 0.07978 -0.06229
0.11193 0.03690 0.01553
0.00324 0.09739 -0.07804
0.07805 -0.05445 -0.13384
0.04849 -0.05443 -0.13385
-0.41918 -0.00211 0.01612
-0.04236 -0.06641 0.00456
-0.20864 -0.15343 -0.16845
-0.27856 -0.08266 -0.12415
-0.26640 -0.13689 -0.15500
-0.38122 0.04668 -0.08287
-0.14952 0.02564 -0.09856
0.29419 0.03517 0.13548
-0.40077 0.02657 -0.03189
0.29968 0.01288 -0.02568
0.17147 0.11655 -0.02143
-0.15305 0.07927 0.01873
-0.19387 -0.10074 0.02770
0.19460 -0.08088 -0.13681
0.00666 0.07765 -0.07469
-0.37834 0.00238 0.02927
0.23248 0.07341 -0.13373
-0.19063 -0.05384 -0.09151
0.30541 0.07533 0.08800
0.29705 -0.15637 -0.14386
-0.21409 -0.10057 -0.04310
0.24880 -0.03122 0.11771
0.02158 0.15760 0.08625
0.02847 0.15896 0.06985
-0.37868 -0.02318 0.00625
0.25998 -0.15595 -0.16088
0.25288 -0.04217 -0.09903
0.39633 0.00967 -0.00730
0.00166 0.07898 0.06973
-0.16552 0.11011 0.10193
-0.20268 -0.09755 0.10291
-0.41783 0.03498 -0.00775
0.24931 -0.09777 0.09737
-0.42473 -0.04043 0.02679
0.24916 -0.08217 -0.05621
0.19910 -0.09915 -0.12993
-0.38304 -0.00732 0.09668
-0.22519 -0.14027 0.11699
0.21716 -0.08753 0.11814
-0.23850 -0.13679 0.11727
0.25696 -0.08901 0.13435
-0.10315 0.00582 0.01842
-0.18763 0.01041 0.03115
0.18110 0.02830 0.12554
0.18847 0.02014 0.12554
0.31202 0.07328 -0.10726
-0.17687 -0.08132 -0.16811
0.21316 -0.04429 -0.14148
0.36465 0.02186 -0.11323
0.42852 0.05549 0.02452
-0.21669 -0.06770 0.08475
-0.08784 -0.06729 0.06352
0.32426 -0.12293 0.16775
-0.21766 -0.01418 0.13477
0.34033 -0.07203 -0.13581
-0.16320 -0.06984 0.17469
0.21587 0.02570 -0.14918
0.29001 0.01042 -0.02664
-0.27927 -0.11588 -0.13504
0.18190 0.10358 -0.10905
0.19104 0.09891 -0.10293
0.24366 0.08303 -0.09910
-0.13719 0.06034 -0.11005
-0.23836 -0.14798 -0.16852
0.25891 -0.15305 -0.13230
-0.37985 0.05189 0.03485
-0.21541 0.01742 0.06171
-0.13573 -0.00783 -0.08241
-0.09800 -0.00230 -0.04464
-0.12656 -0.00646 -0.08020
-0.21465 -0.08225 0.02601
0.25375 -0.00017 0.08017
-0.16794 0.10995 0.05760
-0.11171 -0.00854 0.02146
-0.40399 0.02782 -0.02400
-0.11900 0.00815 0.02245
0.10604 0.15489 0.03723
0.17894 -0.01866 -0.14074
-0.16590 0.10598 -0.02634
-0.18678 -0.09295 0.08462
-0.19920 -0.15779 -0.12753
-0.24042 -0.06635 -0.11973
0.26379 0.02848 0.13126
0.22936 0.02848 0.13542
0.25781 0.02848 0.13524
0.30980 0.00216 0.03164
0.25392 -0.02634 -0.17426
0.25754 -0.01091 0.00596
0.39617 -0.02951 0.06296
0.09389 0.15498 0.06714
-0.19270 -0.11253 -0.12210
-0.16018 -0.03081 0.13695
-0.07089 -0.07717 0.05530
0.33264 0.04377 0.12246
0.00877 0.05833 0.11208
-0.03765 0.01052 -0.08008
-0.18285 -0.02593 0.16091
-0.37631 0.00649 0.04291
-0.17281 0.16058 0.06200
-0.29221 0.15783 0.06285
-0.31093 0.15826 0.04356
-0.27213 0.15865 0.05475
-0.20542 0.16043 0.04871
-0.14480 0.16156 0.05429
-0.28025 0.15865 0.05058
-0.13281 0.16182 0.05462
-0.25780 0.15955 0.04168
-0.39674 0.01656 0.01333
0.20011 -0.03348 -0.06479
0.12815 -0.04157 -0.06479
0.30168 -0.06660 0.11889
0.29292 -0.10072 0.15590
-0.40814 0.00795 -0.02277
0.05352 -0.03808 -0.10829
-0.05670 -0.04861 0.06716
-0.38377 0.02392 0.04932
0.23607 -0.07145 0.15732
0.02814 0.04196 0.06140
0.28578 -0.01529 -0.17346
-0.21164 -0.14753 -0.17084
0.38420 0.00720 0.04673
0.24646 -0.09614 -0.04333
-0.16014 -0.04820 0.17494
0.15031 -0.03249 0.07505
-0.16534 0.10592 0.10577
-0.08064 0.01506 0.01817
-0.11970 0.02161 0.10146
0.38075 0.01096 0.02461
0.25945 -0.15901 0.12766
-0.12830 -0.08650 0.07674
0.33679 -0.00628 -0.03072
-0.27419 -0.05952 -0.15853
0.22857 0.08268 0.02235
-0.22934 -0.03077 -0.09195
-0.24368 0.01996 -0.09195
-0.24075 -0.02932 -0.09195
-0.18651 -0.03361 -0.09195
-0.20223 -0.02310 -0.09195
0.38276 0.01209 -0.05209
-0.16473 0.10928 -0.09878
0.25150 -0.15622 -0.14985
-0.14554 -0.09692 -0.12680
0.12161 0.04969 0.02773
-0.41623 -0.04459 0.01848
-0.08108 0.14358 -0.11335
0.25625 -0.13897 -0.11690
0.25463 -0.00445 0.02801
-0.41990 0.03333 0.05337
-0.12839 -0.06033 0.12588
0.31105 -0.13222 0.17260
-0.21209 -0.02438 -0.08900
-0.14829 0.07241 0.09619
-0.23012 -0.02149 0.12402
0.38553 0.02827 0.09448
0.29925 -0.15671 -0.14850
0.12955 -0.02462 0.07305
0.29329 -0.04341 0.17470
0.14235 -0.04967 0.08765
0.29705 -0.09326 0.14212
-0.02612 -0.05592 0.12358
-0.04313 -0.05512 0.12227
-0.22677 -0.01328 0.04950
0.34799 0.00847 -0.03675
-0.21366 0.01672 -0.05581
-0.17434 -0.12079 -0.11649
0.22948 -0.11939 -0.17471
0.39232 -0.00328 -0.11322
-0.21347 -0.03408 -0.17292
-0.26329 -0.11673 0.16732
0.28167 -0.01872 -0.13485
0.06754 0.14677 -0.10976
0.06586 0.15962 -0.02863
-0.14609 -0.11271 0.11757
-0.16294 -0.05820 -0.11669
0.19945 -0.04921 0.00047
-0.38120 0.04007 -0.09488
-0.41461 0.01513 -0.04022
-0.24289 -0.07343 -0.15657
-0.20681 -0.07850 -0.13226
0.22062 0.03445 -0.02415
0.25134 -0.05926 -0.15381
0.31630 -0.10027 -0.11971
-0.24276 -0.02970 -0.03514
-0.24305 -0.02970 0.01726
-0.23084 -0.02442 -0.07952
-0.41935 0.00730 -0.02249
-0.25277 -0.05490 0.11714
0.21813 -0.13460 -0.14494
0.29879 -0.01175 0.02616
0.15932 0.08084 0.10356
0.15255 0.08135 0.07977
0.15311 0.08130 0.04298
-0.18825 -0.00610 -0.08157
0.42734 0.06806 -0.03158
0.32221 -0.09962 -0.11669
0.24643 -0.05561 0.10034
-0.25848 -0.14075 -0.12501
0.21433 0.01360 -0.11733
0.21166 0.00905 -0.12348
0.24263 -0.08121 0.14429
0.26325 0.01737 -0.04962
0.29012 -0.12714 -0.11732
-0.16906 0.11348 -0.06227
0.22412 -0.02446 0.09114
0.28750 -0.01913 0.01523
-0.38437 -0.03391 0.05615
-0.27621 -0.06380 -0.13621
0.26808 -0.09025 -0.04320
-0.41295 0.05032 0.05807
0.03047 0.15857 -0.08379
0.04123 0.15790 -0.08498
0.24959 0.03680 0.01726
0.31428 -0.10048 0.17383
0.33419 -0.09470 -0.17014
-0.22356 -0.10713 0.00492
-0.24491 -0.09729 -0.16631
0.35360 -0.02810 -0.01247
-0.24362 -0.07394 0.13977
-0.24435 0.01633 -0.07868
-0.32742 -0.01122 -0.14745
-0.29795 -0.01717 -0.14733
0.27266 -0.10316 -0.01943
-0.26701 -0.03688 0.14799
-0.18026 0.11268 -0.04025
0.12196 0.06690 0.06909
0.26405 -0.07912 0.14452
0.25275 -0.09777 -0.05995
0.25494 -0.09777 -0.10150
0.28367 -0.13207 -0.17517
-0.40533 0.03064 0.06421
0.02450 0.02070 -0.04775
0.01894 0.03378 -0.07108
-0.37929 0.04751 -0.12213
0.24157 -0.00028 0.08043
-0.06729 0.15818 0.09225
-0.25919 -0.12248 -0.17345
0.07392 -0.03643 -0.10721
0.06046 -0.03818 -0.08792
0.30236 0.06084 0.12118
0.41189 0.00718 -0.11638
-0.20637 -0.05762 -0.16322
-0.22429 -0.00709 -0.06784
-0.20956 0.02341 0.02492
-0.43167 0.06602 -0.01721
0.25519 -0.09919 -0.04559
-0.04252 -0.07424 -0.05521
-0.18268 0.03811 0.05686
-0.13593 -0.07130 -0.07691
-0.15167 -0.05002 0.13292
-0.34489 0.15381 0.00650
0.25709 -0.06464 -0.14354
-0.05561 -0.00103 -0.11328
0.37011 0.02564 0.08789
0.03701 0.02291 -0.10913
-0.40547 0.01703 0.02306
-0.21727 -0.01824 -0.15346
-0.04028 -0.00545 -0.03348
-0.00057 0.08632 0.09014
-0.38572 0.08803 0.00196
0.28371 0.07787 -0.10633
0.27483 -0.02794 -0.11601
0.10056 -0.05622 0.05703
0.43181 0.04056 -0.00116
-0.20642 0.02798 0.02432
-0.34437 0.13835 0.09856
-0.19813 -0.06089 -0.08442
0.27785 -0.07793 -0.09904
0.38808 0.05739 0.02300
-0.00016 0.09430 0.07900
0.14658 0.04998 -0.07085
0.14983 0.04998 -0.07694
0.04209 0.00765 -0.14370
-0.20822 -0.08405 -0.07584
0.04894 -0.07884 0.06150
0.18774 -0.03557 0.06150
-0.13260 0.00139 -0.03040
0.32468 -0.01519 0.01410
0.15450 -0.04328 0.05200
0.01028 0.09437 0.08095
0.24849 -0.08217 0.12934
0.29679 -0.10108 0.13779
0.00333 0.08027 0.07450
-0.21681 -0.04398 -0.08563
0.05900 -0.04472 0.08724
0.08541 -0.04077 0.09416
0.05391 -0.04541 0.06928
-0.28475 0.09261 0.12216
-0.13359 0.03953 0.13471
-0.00167 0.09173 0.06357
-0.24781 -0.06336 0.17384
-0.06162 -0.00083 0.01916
0.20422 0.05939 -0.14282
-0.39884 -0.00413 -0.07269
-0.30005 0.15344 0.09602
0.24001 0.00962 0.02325
-0.02365 -0.06373 0.01252
-0.01015 -0.06891 -0.02142
-0.01514 -0.06700 -0.02538
-0.04878 -0.05409 0.04019
-0.00011 -0.07277 -0.05081
-0.04167 -0.05682 -0.04458
-0.01756 -0.06607 -0.04849
-0.04179 -0.05677 -0.00876
-0.04381 -0.05600 0.02552
0.01116 -0.07709 -0.03678
0.21575 -0.04751 0.11779
-0.21914 -0.02605 -0.08061
0.23441 -0.09884 0.13715
0.37654 0.06387 -0.02212
0.24902 -0.08385 0.14613
0.00152 -0.05328 0.12372
0.10423 -0.05418 0.12294
0.15144 -0.04844 0.12793
0.30793 -0.12602 -0.11659
0.33642 0.01274 -0.14266
0.29962 0.07255 -0.11998
0.12243 0.14786 0.00617
-0.37611 -0.01437 -0.04841
-0.21956 -0.01963 0.07534
-0.37666 0.05387 -0.04773
-0.25125 -0.04471 0.05744
-0.06443 0.01132 0.09073
0.21122 -0.10689 -0.11776
-0.42834 0.01093 0.04834
-0.22004 -0.00264 0.06344
-0.21927 -0.00941 0.02544
0.30966 -0.02967 -0.15858
0.09517 -0.04299 -0.13743
0.17088 -0.03611 -0.13927
0.10509 -0.00522 -0.14559
0.03600 0.01806 0.07712
-0.13895 -0.07549 0.14687
0.20320 -0.05314 0.16096
-0.23190 0.05135 -0.14459
-0.19007 -0.05526 -0.08552
-0.04303 -0.01333 0.05439
-0.24615 -0.02638 -0.15447
0.27909 -0.01927 -0.11833
0.38439 0.04217 -0.09254
0.02740 0.00971 -0.08346
0.03703 -0.01743 -0.08247
0.27373 -0.03489 -0.11668
-0.43315 -0.01570 -0.06652
-0.02243 -0.07121 0.04331
-0.18614 -0.02074 -0.14789
0.39653 0.00029 -0.07142
0.19536 -0.01195 -0.14677
-0.19151 -0.10189 -0.01217
0.36049 -0.05220 -0.12348
-0.41379 0.08715 0.02324
0.40060 -0.00633 0.08079
-0.27537 -0.10280 0.16198
0.07148 -0.02259 -0.11855
0.31296 -0.03111 0.16245
0.07405 -0.06735 0.04865
-0.20069 -0.01581 0.07292
0.20274 -0.06090 -0.12173
0.32033 -0.13869 -0.12755
-0.14288 0.06913 0.10135
-0.22093 -0.09299 0.08462
-0.14283 0.15897 -0.09516
-0.28588 0.15634 -0.10375
-0.11421 0.16118 -0.07521
-0.22475 0.15801 -0.09418
-0.14394 0.16051 -0.07831
-0.18873 0.15884 -0.09023
-0.23625 0.15710 -0.10242
-0.20799 -0.06895 0.14477
-0.07056 -0.07499 -0.00078
0.35024 0.06817 0.08280
-0.24299 -0.04929 0.05285
-0.21685 -0.04948 0.05411
-0.07739 -0.00957 -0.11230
-0.18424 -0.07951 0.08725
0.02969 0.00680 -0.04099
0.39720 -0.01378 0.08978
0.22299 -0.00193 -0.01033
0.34280 -0.08014 -0.15457
-0.25055 0.12112 0.11386
-0.31773 0.12875 0.11161
-0.31407 0.11883 0.11454
-0.23122 -0.11180 0.13460
0.27005 -0.10840 0.14452
0.26467 -0.02351 0.05200
-0.16428 -0.06515 0.11678
0.31567 -0.03199 0.15361
0.00342 0.07802 0.05008
0.17693 -0.06846 -0.08400
0.11946 -0.05996 -0.06902
0.24634 -0.08742 0.03653
-0.21684 -0.15628 0.12932
0.06937 -0.00873 0.12688
-0.19449 -0.09900 -0.10539
0.02891 -0.05509 0.05912
-0.15517 -0.04894 0.05904
0.01086 0.09407 -0.06016
-0.17899 -0.01391 0.08348
0.25229 -0.02758 -0.12398
0.14595 -0.04976 -0.09774
-0.11434 -0.05046 -0.13731
0.03641 -0.05123 -0.13664
-0.05534 -0.05250 -0.13553
-0.02956 -0.06229 -0.00749
-0.38044 0.04105 0.10496
0.23655 -0.02669 -0.08930
-0.38200 0.00771 0.06142
0.25829 -0.10448 -0.02881
-0.37086 0.09593 -0.08388
0.31821 0.04691 -0.13553
-0.19759 -0.07947 0.00194
-0.08360 0.01208 0.10813
-0.26639 -0.04443 -0.05167
-0.41410 -0.04749 -0.01014
-0.21615 0.15381 0.10295
0.12621 -0.05705 0.01825
0.11149 -0.06273 -0.00961
0.07938 -0.07510 0.01468
0.13347 -0.05425 -0.03193
0.12019 -0.05937 0.02379
0.07063 -0.07848 0.03856
0.11625 -0.06089 0.04754
0.13712 -0.05284 0.02871
0.11585 -0.06104 0.01359
0.31425 -0.11765 -0.17647
0.23865 -0.02175 0.12310
0.33391 0.06937 0.10212
0.28402 -0.08156 -0.13701
-0.38022 -0.01349 -0.02022
0.32525 -0.08840 -0.12229
-0.42799 -0.01036 0.05509
-0.12512 0.04942 0.10919
0.40688 0.01578 -0.00217
-0.19829 -0.03937 0.17399
0.29581 -0.02057 0.14464
0.33908 0.05335 0.11921
-0.12357 0.05518 -0.13926
-0.14377 0.00867 0.13952
0.14855 0.09294 0.17064
0.23650 -0.07885 0.12314
-0.15717 0.09486 0.08557
-0.38022 0.02959 -0.10285
-0.38058 0.03140 -0.09448
0.29329 -0.00606 -0.00951
0.26189 -0.11609 -0.16050
-0.43295 0.08670 0.01667
-0.14010 -0.11103 0.14258
0.04098 0.00703 0.07446
-0.16882 -0.14345 -0.13216
0.23279 -0.08830 -0.16863
-0.22787 -0.02820 0.07364
-0.14154 -0.06226 0.15637
-0.21814 -0.01539 0.14892
0.29749 -0.05445 0.01000
-0.21422 -0.10826 0.14477
-0.27667 -0.05976 0.13682
0.14710 -0.04460 0.07374
0.39837 0.00931 0.01102
0.24438 -0.13677 -0.11595
0.19381 -0.07359 -0.13723
-0.18945 -0.12702 -0.11653
0.04147 0.00351 -0.03052
0.24269 0.00303 -0.03587
-0.16592 -0.11825 0.11870
-0.14645 -0.11507 -0.11914
-0.42162 0.08333 0.02781
0.10328 0.07289 -0.13045
-0.23202 -0.04298 -0.05972
-0.25388 -0.04298 0.01310
-0.25046 -0.04298 -0.10777
-0.24097 -0.04298 -0.08885
-0.26290 -0.04298 -0.01321
-0.23117 -0.04298 -0.06930
-0.28708 -0.04298 -0.09692
-0.24954 -0.04298 -0.02351
-0.21893 -0.04298 -0.07949
-0.25178 -0.04298 -0.04397
-0.28228 -0.04298 -0.04326
-0.27465 -0.04298 0.04686
-0.25115 -0.04298 -0.08127
0.19245 -0.09493 0.15431
0.20852 -0.07290 -0.17424
-0.18984 -0.13322 0.11684
-0.37721 -0.00923 0.03269
0.10630 0.15026 -0.09464
0.34558 0.01057 0.12967
0.04611 0.15899 0.05558
0.28472 -0.01037 0.05814
0.32805 -0.06047 0.12368
0.22096 0.08160 -0.09203
-0.01080 -0.04988 0.05200
-0.37978 0.03440 0.10883
-0.21890 -0.09721 0.14640
-0.28390 -0.07757 -0.13102
0.19942 -0.06252 -0.14117
0.25722 0.02659 0.05419
0.31717 -0.01453 0.01609
-0.32664 0.05792 0.13068
-0.30333 0.05817 -0.14218
-0.32667 0.05836 -0.14173
-0.23085 -0.05723 0.12155
-0.14582 0.07274 0.02954
-0.33474 -0.03551 -0.14222
-0.20296 0.03703 0.07774
-0.13105 0.01569 -0.02257
-0.03542 0.01169 0.06376
-0.00320 0.07449 -0.13006
0.29259 -0.02312 -0.11714
0.07055 -0.04412 -0.06558
0.05265 -0.04688 -0.05231
0.21311 0.08246 0.10838
-0.08143 0.16331 0.01142
-0.04092 0.16276 0.01612
-0.05285 0.16323 0.00212
-0.01252 0.16269 0.00670
-0.03687 0.16282 0.01187
0.26668 -0.06872 -0.10770
-0.37843 0.03738 -0.05383
0.09781 -0.06296 -0.07429
-0.15413 -0.05035 0.16207
-0.22570 -0.03123 0.09174
-0.21374 -0.01777 0.09174
-0.20594 -0.01986 0.09174
-0.24241 -0.00017 0.09174
-0.38933 -0.02646 0.00205
-0.24816 -0.02926 -0.14040
-0.42506 0.04872 0.00719
0.19921 -0.06954 -0.15348
0.22446 -0.11853 -0.16967
0.21526 -0.13804 -0.16859
-0.16392 -0.13242 -0.11621
-0.22316 -0.14980 0.17264
-0.22200 -0.14986 -0.11786
-0.15029 0.02607 -0.08373
-0.16032 -0.13974 -0.15843
-0.26204 -0.11211 -0.17291
-0.25964 -0.07881 0.17539
0.33566 -0.07438 0.15832
-0.21787 -0.16064 -0.12132
0.37756 0.01519 0.07882
-0.21457 0.01403 -0.02018
0.26772 -0.02680 0.17387
-0.16106 0.01892 0.14127
0.27470 0.08345 -0.00889
-0.24566 -0.02918 -0.13508
-0.20069 -0.03724 -0.08957
0.23935 -0.06948 -0.16731
-0.16153 -0.13042 0.16702
-0.43204 -0.02132 -0.00434
-0.14116 -0.09075 0.15893
0.24979 -0.04169 -0.11710
-0.41622 -0.04414 -0.02296
-0.16512 -0.11954 0.17108
0.03811 0.04894 -0.02653
-0.23964 -0.11955 0.11840
0.22706 -0.12654 -0.17374
0.31713 -0.10886 -0.11612
-0.19008 -0.15704 -0.13187
-0.42769 0.08219 0.01519
-0.20237 0.03506 0.14199
-0.37802 0.00454 0.08724
-0.38385 0.02428 -0.01502
0.27379 -0.09341 0.13500
0.00361 0.09827 0.06896
-0.18657 -0.07809 -0.10105
0.12206 0.06321 0.08278
-0.17300 -0.09705 -0.11773
0.13684 -0.02475 0.08776
0.31812 -0.03508 -0.16015
0.30821 -0.05208 0.17579
0.23517 -0.07213 -0.12148
0.36984 0.02896 -0.11144
0.31837 -0.11409 0.17434
-0.20704 -0.15786 -0.12483
-0.37654 0.01751 -0.06085
0.30361 -0.12993 -0.17520
-0.16893 -0.04005 -0.12111
-0.14431 0.08752 -0.02103
0.25044 -0.02707 0.05904
0.04649 -0.05575 0.05774
0.10329 -0.02318 0.03128
-0.34429 -0.04576 0.04536
-0.33499 -0.04720 -0.11722
-0.34397 -0.04581 -0.09790
-0.33287 -0.04753 -0.08780
-0.36446 -0.04264 -0.09534
-0.33260 -0.04757 -0.12349
-0.35060 -0.04478 -0.08600
-0.33994 -0.04643 0.00478
-0.30480 -0.05187 -0.13231
-0.31999 -0.04952 -0.10285
-0.34881 -0.04506 -0.09952
-0.35917 -0.04346 0.00757
-0.30692 -0.05154 -0.12287
-0.34552 -0.04557 -0.08518
-0.29716 -0.05305 -0.12825
-0.36347 -0.04279 -0.04389
0.29000 -0.10944 -0.13451
-0.22083 -0.14077 0.17616
-0.23538 0.09582 -0.13235
-0.15404 0.11306 -0.12735
-0.29003 0.09587 -0.13234
0.28308 -0.11653 0.14714
0.32970 0.02247 0.03959
-0.18613 -0.03187 -0.17035
0.04908 -0.00403 -0.10796
-0.37291 -0.04483 -0.05095
0.33843 -0.10811 -0.13429
0.33399 -0.10314 -0.16903
-0.42147 0.03780 -0.02642
0.34019 0.03125 0.01124
0.24900 -0.15376 0.16169
0.20022 -0.10920 -0.14263
0.32685 -0.01613 0.05943
0.37216 -0.00058 -0.01265
0.40063 0.00523 -0.06668
-0.26060 -0.13591 0.11778
0.28631 -0.01648 0.13642
0.32699 -0.01592 -0.02424
0.35235 -0.03278 -0.10700
-0.14690 -0.07555 -0.16657
0.19892 -0.07867 -0.17120
-0.42479 0.01216 -0.07526
0.15076 -0.04508 -0.08002
-0.14377 0.04745 -0.09895
0.29593 -0.02377 0.13144
0.24710 -0.04132 -0.17381
-0.05193 -0.07495 0.05524
0.20060 0.09783 0.01325
0.21671 0.08677 0.04152
0.21366 0.08862 0.04528
0.23612 -0.07734 -0.10300
-0.13552 0.01440 0.10396
-0.04082 -0.06665 -0.00857
-0.11368 -0.04932 0.12717
-0.25434 -0.04236 0.11836
0.35827 -0.00715 -0.04464
-0.14437 -0.07125 -0.15990
0.40179 -0.01315 -0.01152
0.40174 -0.01343 -0.00052
0.18156 -0.07152 0.07867
0.24228 -0.03520 0.12201
0.26547 -0.12707 0.11936
-0.15887 -0.04530 -0.14138
-0.13043 -0.00508 -0.02859
-0.40377 0.02748 0.00772
0.14591 -0.06568 0.07146
0.28062 -0.01855 0.15496
-0.20516 0.02116 0.01780
-0.38999 -0.04106 0.02014
0.23729 -0.03085 0.00175
0.30770 -0.00545 -0.02537
0.20158 -0.09893 0.16027
0.02542 0.05045 0.09454
0.03858 -0.00624 -0.03185
-0.13816 -0.05735 -0.13725
-0.43188 -0.03234 -0.01571
-0.38035 0.05212 -0.02751
0.30793 0.02904 -0.02293
0.12435 0.03219 0.13951
0.10727 0.03703 0.13895
0.09975 0.03830 0.13881
0.11888 0.03908 0.13872
-0.43239 0.05172 0.02180
0.32561 0.03059 0.00697
0.11813 -0.02114 -0.04266
0.39518 0.00312 -0.08036
-0.27330 0.02403 -0.15132
-0.13473 0.03649 0.09235
0.26158 -0.04066 -0.11746
-0.21569 -0.07245 -0.12970
0.07292 -0.04084 -0.12293
-0.24416 -0.04298 -0.03397
-0.24250 -0.04298 -0.04531
-0.17289 -0.04298 -0.08337
-0.23287 -0.04298 0.00766
-0.23007 -0.04298 0.03547
-0.23550 -0.04298 0.05352
-0.20674 -0.04298 -0.01391
-0.24304 -0.04298 0.03612
-0.23306 -0.04298 -0.00415
-0.23536 -0.04298 0.02326
-0.32049 -0.02718 0.13408
-0.38205 0.06784 -0.06035
0.26751 -0.05379 -0.13451
-0.43220 0.00649 -0.05336
0.25354 -0.03875 -0.09190
0.19794 -0.01540 0.02039
-0.18413 0.02698 -0.10352
-0.26196 0.02698 -0.10648
-0.23080 0.02698 -0.12598
0.31923 -0.13211 -0.16136
0.24268 -0.02373 0.16999
0.13836 -0.03337 0.03485
0.13836 -0.02805 -0.01796
-0.18181 -0.02651 0.17116
-0.11812 -0.05547 -0.13550
-0.37850 0.03005 -0.02280
-0.18723 0.16035 -0.07088
-0.24288 0.15963 -0.05865
-0.30153 0.15844 -0.05552
-0.25211 0.15826 -0.08472
-0.31311 0.15640 -0.09546
-0.31462 0.15795 -0.05996
-0.22806 0.15896 -0.08124
-0.21998 0.15969 -0.06898
-0.30851 0.15681 -0.08849
-0.25927 0.15956 -0.05188
-0.24552 -0.11120 0.17335
0.40837 -0.00307 -0.02699
0.40752 -0.00788 -0.02947
0.23075 -0.04706 0.17588
-0.25553 -0.04048 -0.12086
-0.18044 -0.15549 0.14457
0.20410 -0.02957 0.01523
0.29124 -0.07867 0.14336
0.12761 0.14144 -0.08417
0.16077 0.12105 -0.07775
0.17864 0.10916 -0.08414
0.20250 0.09348 -0.09038
0.05434 0.14189 0.11060
-0.38345 -0.00169 0.03963
-0.11800 0.00642 0.10978
0.40359 -0.00422 0.01475
-0.03057 -0.05945 -0.13891
0.31543 -0.13799 0.15514
-0.27412 -0.04616 0.14238
-0.06403 0.01002 -0.11434
0.33159 0.00186 0.01213
-0.16894 -0.06763 0.17295
0.40643 -0.00470 -0.03913
0.37243 0.02322 -0.02571
0.24861 -0.01798 -0.15487
0.26791 -0.03253 -0.11648
0.12991 -0.02197 0.12136
0.23716 -0.08289 -0.10223
0.31371 -0.13841 -0.13466
-0.39544 -0.04292 0.02595
-0.25841 0.07620 0.12710
-0.30250 0.07782 0.12661
-0.20894 -0.02215 -0.07789
0.30555 0.07860 -0.03112
0.40732 -0.00897 0.07140
0.04079 0.01853 0.04118
0.33353 -0.11808 -0.14720
-0.18242 -0.02142 0.08369
0.31642 -0.13563 0.12869
-0.16761 0.16202 -0.03251
-0.14095 0.16248 -0.03669
-0.27524 0.15946 -0.04343
-0.13143 0.16320 -0.01522
-0.19716 0.16104 -0.04685
-0.19847 0.16118 -0.04023
-0.20010 0.16138 -0.03009
-0.12234 0.16274 -0.04272
-0.32034 0.15811 -0.05604
0.09811 -0.03878 -0.12389
0.33645 0.02051 0.00234
-0.14286 -0.09960 0.13055
-0.17417 -0.14722 0.13530
-0.19455 -0.03633 -0.09225
-0.23521 -0.02537 -0.08259
0.18818 0.10575 -0.02552
0.17780 0.11237 -0.02628
-0.41854 0.00766 0.01540
0.11012 -0.03091 -0.07035
-0.19443 -0.00053 -0.07713
-0.06467 -0.04545 -0.07915
0.27623 -0.01037 0.06278
-0.05325 -0.04763 0.05919
0.02888 -0.03803 0.05919
0.07550 -0.05062 0.05919
-0.04720 -0.03756 0.05919
0.32006 0.03579 0.01442
-0.21750 -0.08002 -0.01132
-0.26329 -0.13496 0.13505
0.11795 0.05289 -0.15021
-0.25774 -0.13571 0.12330
-0.12790 0.00095 0.04782
-0.10016 0.00455 0.04929
-0.37786 -0.04792 -0.01904
-0.21728 -0.10238 -0.03307
-0.22669 -0.11018 -0.12492
0.15956 0.01447 -0.11557
0.15442 0.01447 -0.10154
-0.14495 -0.08036 -0.11801
-0.20874 0.02545 0.04382
0.13301 0.04123 0.07616
0.13271 0.03966 0.09119
0.13522 0.05280 0.12522
0.24948 0.00192 0.03003
-0.10962 -0.00574 -0.02592
0.02901 0.00077 0.10030
-0.17332 0.10113 0.03356
0.27057 0.02752 -0.04225
0.28635 -0.01974 0.08156
0.20967 -0.05360 0.13458
-0.21853 -0.12002 0.16895
-0.20478 -0.09965 0.11476
0.21531 -0.06102 0.11951
-0.19320 -0.09998 -0.01742
0.27076 -0.04065 0.09339
0.12294 -0.02809 0.03148
-0.17387 -0.01898 0.07505
0.26765 0.05973 -0.13732
-0.26165 -0.13664 0.14080
-0.06934 0.00990 0.05230
0.20775 -0.05721 -0.12141
-0.37027 0.09998 -0.01250
-0.36595 0.10917 -0.03983
-0.26664 -0.05046 -0.16343
-0.39409 0.05333 -0.00008
-0.11988 -0.04164 -0.14142
-0.42298 0.01469 0.02129
0.17305 0.08775 0.12544
0.26525 -0.02942 -0.02018
-0.19754 -0.10005 -0.13559
0.27712 -0.11667 0.13677
-0.22426 -0.02485 -0.04866
-0.40451 -0.02737 0.04028
0.19840 -0.08098 -0.16651
0.30544 -0.01014 -0.02779
0.38468 0.02774 -0.08549
-0.23539 -0.03483 -0.06809
-0.14664 0.05360 -0.05432
0.13388 -0.05116 0.03828
-0.40399 0.04506 -0.00541
-0.16559 -0.12788 -0.12404
-0.43231 -0.02282 -0.05009
-0.20464 -0.08701 -0.14664
-0.18985 0.03239 0.07601
-0.29763 -0.01852 0.13601
-0.29090 -0.00817 0.13766
0.31672 -0.14196 -0.15654
0.24993 0.03127 -0.02663
-0.22740 -0.02698 -0.00212
-0.29469 0.06808 -0.14071
-0.22579 0.06452 -0.14183
-0.17978 -0.15378 -0.13053
-0.33538 0.00189 0.13587
0.36267 0.02646 -0.12473
-0.37767 0.07219 -0.02368
0.20346 -0.01410 -0.02582
0.37238 0.03043 0.00100
-0.27056 -0.12773 0.14237
0.07914 -0.03575 -0.08514
0.08964 -0.03439 -0.07296
-0.17770 -0.08610 0.15934
0.12726 0.06875 -0.03782
0.09820 -0.05762 -0.05900
-0.15454 0.08693 0.04427
0.04206 -0.03564 0.08248
0.25680 -0.08209 0.04551
0.02840 0.16035 -0.06055
0.25188 0.01402 -0.02106
0.28586 -0.03749 -0.04685
0.16536 0.07483 0.13102
-0.11720 0.01988 0.01752
0.39692 -0.00906 0.04284
0.39636 -0.01223 0.05757
0.39840 -0.00080 0.02601
-0.39176 0.01270 -0.07446
-0.28349 -0.09500 -0.15476
0.08945 -0.05319 0.08261
0.13068 -0.05277 0.09946
0.08575 -0.05323 0.10099
0.10103 -0.05307 0.09052
-0.40312 -0.04652 -0.02492
0.33753 -0.06530 0.15476
0.32468 -0.01431 -0.05181
0.26657 -0.09548 -0.15917
-0.08392 0.01108 -0.02440
0.15947 0.08832 0.15183
0.12206 0.05525 -0.13925
0.08365 0.01548 0.02289
-0.27625 -0.12303 0.15390
0.21977 -0.03512 0.15288
0.28242 -0.10275 0.12839
-0.15299 0.04074 0.06094
-0.28606 -0.09170 0.14243
0.06368 -0.02007 0.03087
-0.19340 0.03811 -0.03037
-0.14003 0.04161 -0.03517
-0.05259 -0.07251 -0.05587
-0.02879 -0.01057 0.01873
-0.06290 0.01202 -0.10230
0.28735 0.08105 -0.07978
0.34615 -0.02175 0.12591
-0.22289 -0.10908 -0.13778
0.06185 0.15985 0.01086
0.33758 -0.01133 -0.02686
-0.22342 -0.04104 0.11903
0.43013 0.06171 0.02206
0.24532 0.00915 -0.01388
-0.21176 -0.09977 0.10176
-0.22065 -0.09360 -0.10734
0.05907 0.06478 0.13411
0.09453 0.06048 0.13546
-0.24593 -0.14840 0.14437
-0.14856 0.05903 -0.05199
-0.12497 -0.01469 0.09770
-0.23081 -0.15208 -0.15554
-0.23227 -0.02133 -0.15667
-0.16071 -0.06129 -0.16873
0.33518 -0.11374 0.15760
-0.25902 -0.07136 0.17552
-0.20139 -0.07785 0.09919
0.16000 -0.00442 0.14082
0.06797 -0.01290 0.14014
0.05592 -0.01337 0.14010
0.29570 -0.02372 0.11772
-0.22115 -0.01314 -0.03449
-0.11572 -0.01386 -0.03151
0.25329 -0.01656 0.16048
-0.16724 -0.03446 -0.11916
-0.37676 0.04660 -0.05286
0.33786 0.01335 -0.10726
-0.28461 -0.08174 0.16170
-0.37853 -0.01330 0.02176
-0.21452 -0.08468 0.08467
-0.14923 -0.11353 -0.14691
-0.38055 0.01503 -0.05525
0.34137 -0.10201 -0.14445
0.32359 -0.01563 0.02012
0.34159 -0.02272 -0.00082
-0.20717 -0.09965 0.08659
-0.22244 -0.05986 0.16066
0.01624 0.06316 -0.03583
0.13861 0.10923 0.12014
0.39980 0.02758 0.01166
-0.09476 0.15143 -0.11007
0.01316 0.15360 -0.10403
-0.14330 0.05293 0.01898
-0.25423 -0.13604 0.12750
-0.21743 -0.15808 0.14283
-0.14810 0.06041 -0.03604
0.29098 -0.09847 -0.14354
0.33204 0.01302 -0.00090
-0.38317 -0.03311 -0.04269
-0.00623 0.16055 -0.09936
0.23449 -0.09560 0.10179
-0.26518 -0.10641 0.17658
0.25601 -0.01672 0.11796
0.40036 -0.02700 -0.04835
-0.10127 -0.01140 0.10417
-0.20948 -0.09779 0.13413
0.36992 -0.00312 -0.13365
-0.23566 -0.07186 0.14454
0.25675 0.08468 -0.02086
0.05976 -0.02220 0.11751
0.26848 -0.06398 -0.10470
-0.18377 -0.11839 -0.17030
-0.04078 0.06085 0.13534
-0.38104 0.00413 0.05740
0.30937 -0.07837 0.17284
-0.03326 -0.05514 -0.07750
-0.01501 -0.06170 -0.07820
0.32035 -0.04249 0.15615
0.22328 -0.04477 0.17113
0.04292 0.16052 -0.03018
-0.10363 -0.00292 0.05304
-0.08806 -0.00064 0.07744
-0.11390 -0.00442 0.03640
0.28807 0.00257 -0.03725
0.29791 -0.02470 -0.17449
-0.34308 0.14308 -0.05937
-0.35701 0.12313 -0.07167
-0.05195 0.01425 -0.05267
0.15351 0.10140 0.14877
-0.15164 0.06899 -0.03780
-0.07536 -0.06605 -0.06335
0.35815 -0.00585 -0.00424
-0.14271 0.01452 0.09088
-0.14685 0.02468 0.07672
-0.01329 -0.00289 -0.02952
-0.24867 -0.02676 0.12080
-0.25650 -0.11427 0.17574
-0.23494 -0.02458 -0.14128
-0.13195 0.15728 -0.10866
0.27248 -0.03922 0.11901
-0.18462 -0.04812 -0.11715
-0.20289 -0.14894 0.11875
-0.19298 -0.07700 0.09343
-0.14042 -0.06937 0.12075
-0.36212 0.11650 -0.05797
-0.35152 0.13131 -0.05962
-0.20320 -0.03672 -0.12225
0.12243 0.06461 0.06295
-0.30774 0.15602 -0.10414
-0.20772 -0.05171 0.08115
0.08707 -0.04048 0.06904
0.09943 -0.03867 0.07733
0.29838 -0.01948 -0.12483
-0.05769 -0.05138 -0.07055
-0.26821 -0.04318 -0.06844
0.27948 -0.03271 -0.17540
-0.18360 -0.06749 0.13546
0.00451 0.04422 -0.14053
-0.01834 0.05584 -0.13918
-0.06242 0.05098 -0.13975
0.31738 -0.06542 0.11664
-0.15189 -0.08201 -0.00034
-0.13275 -0.08077 0.00165
-0.14508 -0.07748 0.07666
-0.35435 0.12492 0.08924
-0.36009 0.11786 0.07592
-0.15419 -0.06299 0.11855
-0.43265 0.00351 -0.06521
-0.38906 -0.00809 0.03563
-0.07180 -0.01065 0.10431
-0.15904 0.15793 0.09290
0.30233 0.02067 0.05467
-0.40557 -0.01267 -0.07200
-0.14477 -0.05990 -0.15189
-0.23792 -0.15258 -0.14071
-0.21341 -0.07346 -0.09935
0.15469 0.12710 -0.02896
-0.23589 -0.01920 0.07755
-0.22798 -0.01589 -0.13750
0.24042 -0.02407 0.16360
0.02990 -0.00051 0.11070
0.28674 -0.12546 0.11834
0.40307 -0.00441 -0.01369
0.23267 -0.09010 -0.10302
0.12331 0.07270 0.04581
0.08826 0.15445 -0.09303
0.33131 -0.05006 -0.12236
0.26392 -0.09777 0.10316
-0.35913 -0.04357 -0.13424
0.20300 -0.10947 -0.13320
-0.43177 0.04563 -0.04282
-0.14926 -0.11458 -0.13769
-0.14095 -0.02376 -0.07668
-0.11557 -0.03323 -0.07504
0.25656 0.04034 -0.02286
0.40320 -0.01691 -0.05116
-0.24596 -0.08384 0.13557
-0.27769 -0.07882 0.12311
0.02824 0.01116 -0.01664
0.20728 -0.08355 0.00390
0.39272 0.01068 0.00561
-0.18116 -0.10892 -0.16868
0.24328 -0.07756 -0.10699
0.04032 0.04210 -0.12399
0.11251 0.15349 -0.00905
-0.04588 0.01352 -0.09361
-0.16075 0.02391 0.12914
0.29859 -0.08285 -0.16343
-0.22163 -0.07196 -0.13559
0.32714 -0.05167 0.12528
-0.03693 0.01301 0.09466
0.14440 -0.05213 0.06155
0.21899 -0.02639 0.06159
-0.14531 -0.07193 -0.14352
0.00899 0.05538 0.07283
-0.21643 0.00177 0.07111
-0.23114 -0.07290 0.14684
0.24872 -0.02927 -0.17457
-0.13484 0.03062 -0.07600
0.28083 -0.09098 -0.10403
0.34829 0.00015 -0.03001
0.15935 -0.04175 0.06659
0.26923 0.08080 -0.09806
0.14959 0.09394 -0.17239
0.21785 -0.08960 -0.17546
-0.41854 -0.04097 -0.03721
-0.43057 0.06134 0.03985
0.11879 -0.02850 -0.09284
-0.38699 0.05802 0.04700
-0.27979 -0.07417 -0.14119
0.25199 0.02557 0.04099
0.24612 -0.01985 0.14076
-0.32776 -0.04066 0.12931
-0.20336 -0.14350 -0.11689
0.26343 -0.15580 0.16479
-0.20859 -0.08405 0.08368
0.26166 -0.08809 -0.11665
0.27419 0.02563 0.03902
0.26670 -0.13945 -0.11678
0.28602 -0.11994 0.17044
-0.16404 -0.13714 0.12687
0.24858 -0.02619 -0.09844
0.27957 0.04015 -0.01847
0.25304 -0.07888 0.09118
0.34601 0.07136 -0.08128
0.23376 -0.03691 -0.01531
-0.00205 -0.05046 -0.02205
-0.08343 -0.05046 -0.11029
-0.09786 -0.05046 -0.06954
0.12165 -0.05046 -0.12917
-0.11948 -0.05046 -0.11828
-0.09549 -0.05046 0.02181
0.01932 -0.05046 -0.07952
-0.04940 -0.05046 -0.12324
0.04588 -0.05046 -0.02591
-0.03495 -0.05046 -0.10574
-0.08525 -0.05046 -0.08246
0.09881 -0.05046 -0.11009
-0.04862 -0.05046 -0.08430
-0.08241 -0.05046 0.06969
0.01277 -0.05046 -0.08619
-0.11882 -0.05046 0.01017
0.02450 -0.05046 -0.09716
0.05681 -0.05046 -0.04841
-0.12714 -0.05046 -0.03849
0.02930 -0.05046 -0.05791
-0.03448 -0.05046 -0.12565
-0.12436 -0.05046 -0.11265
0.02094 -0.05046 -0.02857
-0.09337 -0.05046 0.05205
-0.12516 -0.05046 0.06171
-0.01442 -0.05046 0.02646
0.01149 -0.05046 -0.09256
0.09090 -0.05046 -0.05710
-0.03912 -0.05046 0.02304
-0.06959 -0.05046 -0.05437
-0.11112 -0.05046 -0.11652
-0.02471 -0.05046 -0.02750
-0.02784 -0.05046 -0.10466
-0.09381 -0.05046 -0.11272
0.05464 -0.05046 -0.09315
-0.12325 -0.05046 -0.08690
0.09153 -0.05046 -0.08860
0.11431 -0.05046 -0.10465
0.07120 -0.05046 -0.10945
0.08843 -0.05046 -0.08034
-0.04839 -0.05046 0.04424
-0.10765 -0.05046 -0.12265
-0.09193 -0.05046 0.05909
-0.02480 -0.05046 -0.04647
-0.07247 -0.05046 -0.01944
0.00586 -0.05046 -0.04498
-0.03294 -0.05046 0.04256
-0.01587 -0.05046 -0.08506
-0.05597 -0.05046 -0.08238
0.02942 -0.05046 -0.12087
-0.11500 -0.05046 -0.10957
0.02454 -0.05046 -0.11820
-0.10919 -0.05046 -0.03470
0.09734 -0.05046 -0.07463
0.00870 -0.05046 -0.09723
-0.02978 -0.05046 -0.02282
-0.07061 -0.05046 0.03514
-0.11786 -0.05046 0.11590
-0.06512 -0.05046 0.04941
0.01174 -0.05046 -0.06479
-0.19988 -0.08531 -0.14465
-0.37662 0.06720 -0.03741
0.31718 0.07678 0.01224
-0.24454 -0.07605 0.12159
-0.15849 0.05863 0.08897
-0.16479 0.07495 0.07654
-0.27187 -0.06488 0.17183
0.02572 0.01901 -0.04119
0.14875 0.01095 0.02869
0.29538 -0.10756 0.16926
0.04031 -0.02617 -0.08657
0.26962 -0.10246 0.14452
-0.38270 0.07586 0.01643
0.41163 0.02306 -0.10885
0.37756 0.02222 0.11430
0.28197 -0.09167 0.13691
0.03892 -0.02819 0.06415
0.03633 -0.02098 0.06485
0.02713 -0.08322 0.02598
0.03147 -0.08488 -0.01989
0.00158 -0.07342 -0.00878
-0.01143 -0.06842 0.01069
0.03117 -0.08477 -0.05138
0.00419 -0.07442 0.00972
-0.01815 -0.06585 0.03688
0.00133 -0.07332 0.00407
0.22029 -0.14013 0.15259
0.32374 -0.04405 -0.15760
0.28301 -0.00231 -0.02493
-0.26768 -0.07915 0.11726
0.25065 -0.10232 -0.13864
-0.18466 -0.09601 -0.09037
-0.23643 -0.14641 -0.12632
-0.15228 0.00926 -0.15145
0.22520 -0.11952 0.17492
-0.39563 -0.02661 0.04078
0.30717 0.07786 0.06895
0.33532 -0.07364 -0.12928
-0.18675 0.16238 -0.00822
-0.25469 0.16101 -0.01131
-0.21292 0.16181 -0.01048
-0.24877 0.16040 -0.02965
-0.20106 0.16182 -0.01596
-0.27806 0.16063 -0.01011
0.33567 0.00993 0.02290
0.01663 0.03441 0.08996
0.03757 -0.02534 0.08033
-0.25160 -0.14103 0.14422
0.03358 0.04255 0.11381
-0.39397 0.02202 0.06125
0.27907 -0.00646 0.08916
-0.40387 0.03392 -0.03600
0.19943 -0.07531 -0.14508
0.38350 0.01047 -0.02749
-0.17797 -0.01999 0.16147
0.40308 -0.02688 0.01450
-0.13700 0.04975 0.10042
-0.07472 0.07339 -0.13033
-0.37098 0.03274 0.12655
-0.06938 0.16300 -0.02967
-0.08051 0.16317 -0.02780
-0.04382 0.16328 -0.00757
-0.09606 0.16308 -0.03813
-0.02546 0.16313 -0.00561
-0.41254 -0.03778 0.02731
-0.09027 -0.00103 -0.14353
-0.16913 -0.14158 -0.15507
-0.20860 0.02886 -0.13198
-0.16169 0.02886 -0.12919
-0.17486 0.02886 -0.11380
-0.08379 -0.01410 0.06916
-0.05691 -0.01383 0.05525
-0.06231 -0.01388 0.05104
0.19802 -0.01200 0.13567
-0.37673 0.08266 -0.01535
0.13366 0.09138 0.07771
0.20353 -0.08274 0.16444
-0.16287 0.10167 -0.02223
0.30284 -0.00517 -0.04010
-0.18540 -0.13250 -0.11572
-0.28096 0.04676 -0.14477
0.28241 -0.03196 -0.11669
-0.07902 -0.04540 -0.07429
0.01238 0.05205 -0.07952
-0.39059 -0.03066 0.02774
-0.35802 0.12033 -0.09306
-0.35738 0.12041 -0.10503
0.15233 0.10133 -0.15557
-0.16188 -0.13835 0.14575
-0.40045 0.05190 -0.00188
-0.20425 -0.01716 0.14559
0.26676 -0.09734 -0.11749
-0.20287 -0.09965 -0.05758
-0.19932 -0.09965 -0.04934
-0.24377 -0.03891 -0.11520
0.26676 -0.08313 0.12768
0.05597 -0.03457 0.10548
0.30116 -0.06227 0.17258
-0.42647 0.02722 0.06200
0.30424 0.01286 0.01960
0.03558 -0.01190 -0.06173
0.26236 -0.02590 0.17541
0.14580 0.08025 -0.11911
0.39932 0.00484 -0.03695
0.14624 0.09380 -0.12704
-0.23844 -0.06955 0.12306
0.32024 -0.08581 -0.17517
-0.14590 0.01477 -0.04406
-0.37936 0.06540 0.03414
-0.22079 -0.00768 0.07734
0.36326 0.03526 -0.10891
-0.37695 0.02387 0.04364
-0.08492 0.15168 0.10728
-0.27669 -0.10450 0.11991
-0.34257 0.15779 -0.00995
-0.22431 -0.02645 0.04525
0.24968 0.08501 0.03610
-0.31498 0.04188 -0.14436
-0.40383 0.04043 0.01402
0.22440 -0.05738 0.11732
0.27653 -0.16213 0.14486
0.21260 0.08872 -0.06839
0.20474 0.09283 -0.08055
0.24018 -0.15491 0.11797
-0.25434 -0.07669 0.17420
0.31090 -0.03808 0.11716
-0.34095 0.12390 -0.12403
0.34226 -0.08390 -0.13987
0.26163 -0.09886 -0.11053
-0.36686 0.10337 -0.10033
0.39321 0.05155 -0.01615
-0.16583 -0.05779 -0.12318
-0.11874 0.04036 0.01880
0.42787 0.04406 -0.01836
0.01332 0.05485 0.12043
0.06013 0.14680 0.10775
0.29914 0.03674 -0.01531
-0.43143 0.02240 0.03190
-0.20225 -0.01808 -0.07163
-0.41639 0.08041 0.02715
-0.29112 -0.04516 -0.12804
-0.29069 -0.04216 -0.10113
-0.18885 -0.07155 -0.15965
-0.21452 -0.09021 -0.10180
-0.03651 -0.00604 -0.09061
0.35792 0.00069 -0.04846
-0.24831 -0.14547 -0.12771
-0.16997 0.09150 0.10222
-0.15219 -0.04427 0.13384
0.10504 0.15507 -0.05035
-0.14166 0.05979 0.13218
0.33865 -0.09197 -0.14569
-0.11065 -0.04697 0.05294
-0.03250 -0.05129 0.05604
-0.16903 -0.05643 -0.11806
0.32078 -0.02796 -0.02070
-0.38075 0.04391 0.01904
-0.38126 -0.00628 0.01066
0.26181 -0.10213 0.13157
-0.22911 -0.15550 0.14966
0.37239 -0.01331 -0.00306
-0.15243 -0.04698 0.14132
0.28727 0.02123 0.04764
0.20229 -0.05936 -0.13506
-0.42249 0.08701 -0.02428
-0.16005 -0.04271 0.16665
-0.16381 -0.07593 0.11704
0.35912 0.00195 -0.03926
0.19698 -0.10079 0.17073
-0.22115 -0.02332 0.17286
-0.17755 -0.09940 -0.16835
-0.15660 -0.05216 0.05200
-0.13625 -0.05039 0.05200
-0.43360 0.04399 -0.07017
0.31642 -0.14111 0.17317
0.00784 0.07042 -0.04754
0.22214 -0.09162 -0.00416
0.03776 0.03759 0.03786
-0.11353 -0.07124 -0.07232
0.25220 -0.07173 0.09855
-0.13523 -0.00248 -0.05921
0.12985 0.14351 -0.00932
-0.17936 -0.04116 0.11757
0.01096 0.06925 0.09163
0.25684 -0.05447 0.15456
-0.26459 -0.05355 0.16634
-0.21440 -0.02417 0.16812
-0.22842 -0.09014 0.13663
0.35150 0.01064 0.00092
0.18920 0.07659 0.05950
0.18622 0.07760 0.04858
0.18491 0.07804 0.02436
0.02435 0.05614 -0.06473
-0.03003 0.00509 0.05021
-0.15463 0.07745 -0.08726
0.02269 0.05477 0.13690
0.24898 -0.00998 0.06150
0.25231 -0.06515 -0.10354
0.14066 -0.04658 0.11613
0.31267 -0.13700 -0.12363
0.24077 0.08300 0.09045
-0.39652 0.02231 -0.01930
-0.17651 -0.13803 0.11861
0.30108 0.04875 -0.00338
-0.23010 -0.09737 0.13663
0.26187 0.03465 -0.01630
-0.21956 0.16055 0.03661
-0.24685 0.16015 0.02888
-0.15350 0.16177 0.04439
-0.16767 0.16223 0.01263
-0.15898 0.16165 0.04440
-0.15118 0.16211 0.03198
-0.12634 0.16235 0.04398
-0.20624 0.16099 0.02990
0.09661 -0.03228 0.04318
0.21274 -0.12305 -0.12040
0.27883 -0.14917 0.17282
0.33899 0.07293 0.03617
-0.15365 0.03420 -0.06613
-0.16178 0.05822 -0.05469
-0.20549 0.03042 0.03751
-0.20479 0.03223 0.01992
0.05482 -0.03756 -0.05710
0.30108 -0.08664 -0.15424
-0.38073 0.05597 -0.07509
-0.26462 -0.07439 0.17635
-0.37916 -0.03615 -0.10548
-0.24770 -0.04643 -0.06479
-0.10617 -0.04834 -0.06479
-0.12442 0.01259 -0.02295
0.21422 -0.11830 -0.11636
0.28307 -0.15664 -0.15205
0.28654 -0.07647 -0.13701
0.40464 0.00072 -0.04484
0.23635 -0.07770 -0.11449
0.04860 -0.03955 -0.09156
0.21535 -0.03823 -0.13825
0.40631 0.01859 0.01254
-0.42876 -0.01001 -0.02573
-0.37874 0.01037 -0.10855
-0.31206 0.15172 0.09975
0.38483 0.05376 -0.09233
0.20042 -0.04777 -0.14049
0.36746 0.06655 0.03981
-0.12643 0.02458 -0.10376
0.07262 -0.04940 0.03551
-0.42085 0.03896 -0.07744
-0.14853 -0.10664 -0.12474
0.26067 -0.09305 0.13691
0.32994 -0.10483 -0.17432
-0.38038 0.06869 -0.03422
0.37462 0.01135 -0.12342
0.33717 -0.01890 -0.01513
-0.26885 -0.04702 0.03789
0.02188 0.02380 0.11270
-0.38192 0.02823 -0.06047
0.19333 -0.09222 0.13797
0.21935 -0.07052 0.17505
0.13350 -0.00420 0.03103
-0.08001 0.00755 -0.03692
0.09458 0.14491 0.10713
-0.17647 0.10169 -0.10053
0.08751 -0.03358 0.07722
0.07681 -0.03497 0.09302
0.19390 -0.07435 0.15452
0.30932 -0.14296 0.14762
0.23776 -0.02684 0.16847
-0.33908 0.15114 0.07158
0.29674 0.07941 0.04617
0.26618 -0.15966 -0.13519
-0.30447 0.15999 0.00275
-0.19613 0.16201 0.00210
-0.26577 0.16052 0.00742
-0.29068 0.16019 0.00431
-0.26179 0.16072 0.00416
-0.29907 0.15965 0.01414
-0.26466 -0.12187 0.12016
-0.13531 0.05919 0.13234
0.32565 -0.12190 0.12458
0.13221 -0.02535 -0.05473
-0.34350 0.01155 0.13216
0.16839 0.08017 -0.07454
0.17371 0.07977 -0.07329
0.16376 0.08051 -0.09777
-0.15245 0.07028 -0.05014
-0.24236 -0.12910 -0.17218
-0.14370 -0.12173 0.14463
-0.14135 0.00530 -0.03549
0.15417 0.07583 -0.14158
0.22998 -0.14675 0.17421
-0.34186 0.03055 -0.13494
-0.33528 -0.02625 -0.13494
-0.31926 0.00595 -0.13494
-0.33030 -0.01856 -0.13494
-0.14987 0.02037 -0.12869
0.21631 -0.02428 0.02326
-0.37553 -0.04432 -0.01048
-0.21947 -0.02113 0.11950
0.23251 -0.03423 -0.17316
-0.16131 -0.07337 -0.17290
-0.07016 0.00992 -0.05908
-0.23669 -0.12404 -0.11716
0.03112 0.03301 0.10788
0.20424 0.09566 0.00749
-0.37767 0.00080 -0.08629
0.30254 -0.04147 -0.17513
0.22246 -0.14044 0.15790
0.23687 -0.14986 0.14690
0.25416 -0.10464 -0.14290
0.20616 -0.04860 0.14331
0.01183 0.05579 -0.04979
0.20931 0.08440 0.10466
0.17222 0.00554 0.14182
0.31776 -0.01578 0.05171
-0.27757 -0.08133 -0.14591
0.32195 -0.04069 -0.15025
0.30404 -0.14561 -0.13824
0.12748 -0.01594 0.11708
-0.01466 -0.05585 -0.04476
0.26935 -0.00378 -0.09229
0.22206 -0.10260 -0.11875
0.25218 -0.01754 -0.08410
0.31010 -0.06175 0.11685
-0.13407 0.06313 -0.14226
-0.14809 0.03870 0.10924
-0.00522 -0.06871 -0.07829
-0.09938 -0.03560 -0.08065
0.38037 0.04294 -0.10680
0.33216 -0.06830 0.13462
-0.31836 0.15453 -0.11185
0.01974 0.03352 -0.05247
0.22949 -0.02625 -0.14329
0.26741 0.08324 -0.08772
0.20667 -0.12113 -0.15830
-0.40051 -0.00646 0.05461
0.37375 0.02326 0.02795
-0.39018 -0.02679 -0.05894
0.20177 -0.06362 0.15797
-0.16797 -0.09070 -0.00736
-0.17976 -0.09328 -0.00703
-0.12673 -0.01506 -0.03682
-0.10777 -0.01487 -0.04084
-0.10032 -0.01479 -0.05430
-0.04750 -0.01426 -0.03946
0.35320 -0.00440 -0.00748
0.04879 -0.00775 0.10069
0.13497 -0.07593 0.06842
0.13540 0.05365 -0.13944
-0.42204 -0.04648 -0.00319
0.19992 -0.05730 -0.16469
-0.16542 0.10935 -0.08688
0.21065 -0.07345 -0.11746
0.29177 0.04380 -0.13925
0.20946 -0.08512 0.12341
-0.16173 0.05802 -0.08225
-0.16567 0.06854 -0.07766
-0.43142 -0.01741 0.00519
-0.25524 -0.11945 0.17059
0.23466 -0.08486 -0.14063
0.24363 -0.02358 0.12517
-0.19911 -0.15581 0.16323
0.40357 0.00323 0.04101
0.31991 -0.02092 -0.02333
0.37219 0.01110 0.01152
-0.03710 -0.00976 0.07715
-0.03427 -0.05475 0.06462
-0.38706 0.02565 -0.07730
0.31733 0.03011 0.01785
-0.28327 -0.10000 -0.13470
0.32805 0.05857 -0.13002
-0.18177 0.03811 -0.04496
0.28571 -0.13098 -0.11696
-0.27988 -0.10374 -0.15516
0.22265 -0.14236 0.14853
-0.28829 0.00456 -0.14972
-0.09296 0.05398 -0.13898
0.21619 -0.13860 -0.17414
0.26408 -0.15408 -0.16928
0.29275 0.04525 0.12687
0.01453 0.04240 -0.14074
0.07071 -0.03396 -0.11806
-0.39643 -0.02634 -0.05880
0.31630 -0.03637 0.14223
0.20263 -0.12152 -0.12627
-0.22273 -0.02141 -0.14525
0.22046 -0.07832 0.09804
0.01212 -0.05699 -0.06712
0.24674 -0.09094 0.12973
0.24674 -0.08875 0.13615
-0.18239 -0.02570 -0.12940
0.04982 -0.03778 0.10094
0.31537 -0.06080 -0.17534
-0.41351 0.01086 -0.07720
0.24235 -0.01970 -0.14422
-0.14035 -0.07896 -0.13690
-0.38016 0.06102 0.06790
0.26749 -0.08102 -0.03912
0.32987 -0.06390 0.16737
0.24525 -0.12493 0.17329
-0.32664 0.15754 0.04818
0.39419 0.00460 -0.10625
0.20787 -0.06160 0.11696
0.20024 -0.04864 -0.01838
-0.09448 -0.05381 -0.06640
-0.22401 -0.04737 -0.07040
0.33602 0.05516 -0.13011
0.21785 -0.08730 -0.11709
-0.21278 -0.03508 0.17484
0.18657 0.08434 -0.12765
-0.21998 -0.12100 -0.15556
0.28260 -0.11867 -0.12136
-0.43307 -0.02414 -0.04447
0.13717 -0.07211 -0.00846
0.20761 -0.12318 0.13383
-0.19908 -0.09981 -0.09109
-0.42248 -0.00403 0.05313
0.10870 -0.02992 0.07050
0.20459 -0.05982 -0.16588
0.38908 0.00529 0.10624
-0.31810 0.08368 -0.13598
-0.34766 0.08553 -0.13542
-0.20842 -0.06472 0.08873
0.35675 0.06955 0.00972
-0.14228 0.15995 0.07347
-0.26857 0.15673 0.09078
-0.14166 0.16044 0.06831
-0.15469 0.16065 0.06420
-0.20705 0.15863 0.07875
-0.13715 0.15900 0.08451
-0.28954 0.15564 0.09674
0.26315 -0.08442 -0.13711
-0.21559 0.04268 0.13628
-0.25234 -0.08372 -0.11802
-0.11999 0.05020 0.13743
-0.14444 0.05588 0.04404
-0.13033 0.00094 0.06022
-0.21537 -0.01763 0.16549
-0.17602 0.10859 0.07499
0.12802 0.09333 0.08289
-0.34457 0.15311 -0.05331
-0.02684 -0.00800 -0.01841
-0.22602 0.02707 -0.15301
0.01835 0.15319 -0.10499
0.32511 -0.01955 0.04650
-0.35453 -0.04890 -0.07853
0.22881 0.02848 -0.13236
0.30984 0.02848 -0.10532
0.26422 0.02848 -0.12290
-0.24469 -0.04528 -0.17315
0.42923 0.05511 0.01819
-0.21247 -0.14780 -0.11499
-0.22101 -0.00506 0.01520
0.20993 -0.03207 -0.09930
0.28020 -0.04058 -0.09930
0.20271 -0.02531 -0.09930
0.20504 -0.01599 -0.09930
0.33772 -0.05396 -0.09930
0.31491 -0.08114 -0.17212
0.26841 -0.00415 0.02621
-0.08293 -0.00001 -0.09356
-0.09478 -0.00175 -0.09380
-0.11682 -0.00499 -0.08109
0.32592 0.03783 0.12698
-0.17229 -0.04890 0.12210
-0.03972 0.16245 0.03103
-0.00375 0.16229 0.02477
-0.06998 0.16250 0.04121
-0.02690 0.16208 0.04562
0.29800 -0.01837 -0.00774
0.29196 0.07821 0.08281
0.24674 -0.09768 0.12252
0.13836 -0.04846 -0.03677
0.13836 -0.03507 -0.04118
0.13836 -0.04383 -0.05849
0.06256 -0.00288 0.12172
0.40528 0.01285 -0.02296
-0.23994 -0.10868 -0.16769
-0.07537 -0.07652 -0.06104
0.26254 -0.16198 -0.15113
0.30256 -0.14610 0.12870
0.23651 0.01538 0.02589
0.24239 -0.13522 -0.12255
0.30356 0.02623 0.05447
-0.25335 -0.03671 0.05364
0.19829 -0.04428 -0.10229
0.19953 -0.03738 -0.10296
0.07354 0.05776 0.13053
0.27776 -0.08146 0.11088
0.06252 -0.02025 0.04086
0.19026 0.05924 -0.13826
-0.14612 -0.10444 0.17173
-0.18044 -0.04588 0.17458
-0.22233 -0.08961 0.00458
0.32136 -0.12442 0.17478
-0.22945 -0.01605 -0.03768
0.36044 0.01412 0.12125
-0.26737 -0.04200 0.00403
0.01390 0.04428 0.04358
-0.37387 0.09018 0.05787
-0.37189 0.09462 0.06093
0.25948 -0.09190 0.11304
-0.43296 0.00366 -0.01208
-0.24489 -0.02833 -0.02152
-0.24489 -0.00287 -0.04431
-0.24489 0.00595 -0.04934
-0.24489 -0.00780 0.00346
-0.24489 -0.02848 -0.04856
-0.24489 -0.01535 -0.03393
-0.24489 -0.02242 -0.01253
-0.24489 -0.00288 0.01150
0.02812 0.06258 -0.11691
-0.27466 -0.12354 -0.12253
0.33502 -0.06034 0.13411
-0.37646 -0.02739 0.01159
0.03237 0.02834 0.09045
-0.18267 -0.01561 0.07197
0.15696 0.09320 -0.16055
0.28549 -0.08494 -0.15124
-0.18134 -0.09159 0.16183
-0.04273 -0.01207 -0.08979
0.02408 0.15129 0.10673
0.31031 -0.05661 -0.17122
0.25667 -0.11669 -0.14257
0.21553 -0.04017 0.13503
-0.33394 0.04940 0.13173
-0.38037 -0.01273 0.00608
0.09207 0.15849 -0.03859
0.32420 -0.03066 0.00416
-0.21452 -0.09818 -0.09406
0.39103 0.02843 0.00293
0.03110 -0.06240 0.12777
0.33311 -0.01034 -0.00198
-0.18221 -0.00040 0.07829
-0.09006 0.00567 -0.07579
-0.09548 0.00497 -0.05908
-0.25431 -0.13556 -0.11905
0.09817 0.03998 -0.14579
-0.41188 0.06475 -0.06530
0.24980 0.08474 -0.05408
-0.05328 -0.03841 -0.03999
-0.05328 -0.03088 -0.06961
0.19434 -0.07758 0.12768
0.22269 -0.09061 0.00162
-0.38930 -0.04588 -0.03469
0.04924 0.01363 0.11864
-0.18890 -0.04781 0.17388
-0.11748 -0.00976 0.02204
-0.19478 -0.14012 0.17339
-0.23982 -0.01770 0.15403
0.26160 -0.15329 0.17044
-0.03284 0.00431 -0.09592
-0.37711 0.03074 -0.13158
-0.00012 0.09417 0.08818
-0.17945 -0.04084 -0.16812
0.38773 -0.05080 -0.05101
-0.39100 0.03451 -0.01685
-0.24906 -0.13322 -0.17228
0.26815 -0.14621 -0.17319
-0.24631 -0.03752 0.06043
-0.15803 -0.04308 -0.17184
-0.13133 -0.02415 0.13473
-0.37850 0.03937 0.00935
0.05411 -0.01885 0.05318
0.12330 -0.05201 0.11457
-0.38126 -0.02852 -0.04930
-0.12824 0.00071 -0.06447
-0.13171 0.00026 -0.05268
0.26676 -0.08575 -0.08302
-0.18185 0.05121 -0.14433
0.00729 0.09758 -0.06478
-0.15400 -0.04855 -0.13932
0.03244 -0.01067 0.07012
0.02513 0.00970 0.07124
0.21573 -0.13484 -0.15019
-0.13812 0.04504 -0.10369
0.33965 0.07220 -0.06411
0.33839 -0.07936 -0.12198
0.05283 -0.05047 -0.08835
0.40262 -0.01492 0.06929
-0.38687 -0.02738 0.10321
0.20906 0.08229 0.11640
-0.17617 -0.14880 0.14773
0.34043 0.01698 0.04746
-0.24489 0.01368 0.04543
-0.24489 0.01324 0.03214
-0.24489 0.03517 -0.01758
-0.24489 0.01190 0.06067
-0.24489 0.02333 -0.01299
-0.24489 0.02498 0.03941
-0.24489 -0.00048 0.03159
-0.41806 0.02488 -0.01593
0.10974 -0.02230 -0.14178
0.04639 -0.01176 -0.14264
0.07017 -0.02585 -0.14150
-0.34144 0.15701 0.02349
0.24914 -0.01992 0.13374
0.27141 -0.00076 0.00341
0.24405 -0.02164 0.14957
-0.00263 0.02245 -0.14276
-0.00026 0.01415 -0.14302
-0.40154 0.01220 -0.08183
-0.11050 -0.07803 0.00361
-0.02074 -0.05927 -0.00121
-0.37822 0.05420 -0.12535
-0.18930 -0.06735 0.08450
-0.16433 0.08866 0.01853
0.33340 -0.11754 -0.17076
-0.10196 -0.03694 0.06391
0.13135 0.04683 -0.14674
0.24674 -0.08249 -0.10420
-0.21849 -0.07396 0.13709
-0.07065 -0.00618 -0.02612
0.14281 0.12196 -0.11294
-0.09327 0.01123 0.10258
0.25824 -0.08217 -0.12528
-0.27070 -0.11951 0.13154
-0.16616 0.08269 -0.11226
-0.11882 0.04241 -0.14074
-0.17502 -0.03100 0.17004
0.24441 -0.06362 0.16818
-0.05084 -0.01185 0.10256
-0.09463 0.14673 0.10994
0.07969 0.07198 0.12826
0.13050 0.07682 0.04174
-0.14443 0.00230 -0.13318
-0.40099 0.02558 0.05967
0.36713 0.00883 -0.00512
-0.11408 0.02445 0.10645
-0.21331 -0.04423 -0.09930
-0.20024 -0.03746 -0.09930
-0.28262 -0.02484 -0.09930
-0.23752 -0.03910 -0.09930
-0.19462 -0.02994 -0.07893
0.35081 0.00761 -0.04236
-0.18313 -0.04435 -0.06532
-0.03347 -0.05105 -0.06846
-0.36638 0.08270 -0.13353
0.36132 -0.04228 -0.12790
0.09210 -0.05885 -0.00277
0.00073 0.09514 -0.08795
-0.15056 0.02886 -0.03186
0.27603 0.08214 -0.08932
-0.19670 -0.11747 -0.13739
0.24200 -0.03690 -0.09724
-0.21327 -0.09289 -0.14909
-0.10629 -0.06700 0.06489
-0.20946 -0.16171 0.14841
-0.20887 0.01629 -0.03059
0.21387 -0.08263 -0.17579
-0.40028 0.03295 0.06388
-0.08892 0.16300 0.09655
-0.09716 0.00494 0.08325
-0.08736 0.00621 0.03714
-0.38152 -0.00640 -0.05634
0.06222 0.00557 0.12795
0.32239 -0.03216 -0.00272
0.27902 -0.02090 -0.17149
-0.38069 -0.01477 0.12277
0.29578 -0.00113 0.00813
-0.43327 -0.01166 -0.05197
-0.38925 0.03136 0.06297
-0.14767 0.02823 0.03967
-0.14790 0.02803 0.04709
0.25729 0.01761 0.05195
-0.15272 -0.12109 -0.15338
-0.22684 -0.01343 -0.01526
-0.27877 -0.10665 0.14439
0.00574 0.08107 -0.09188
0.36211 0.03568 0.11059
0.21340 -0.13209 -0.12843
0.21246 -0.07622 -0.12403
-0.15894 0.02031 -0.12492
-0.05328 -0.04474 0.02263
-0.05328 -0.03419 0.05273
-0.20318 -0.03581 0.17089
-0.43321 -0.02695 0.00353
-0.18523 -0.14118 0.11774
0.09442 -0.03655 0.03137
-0.12950 0.03613 0.01555
-0.37889 -0.00148 0.12589
-0.22546 -0.08450 -0.15344
0.17864 0.00063 -0.02569
-0.09631 -0.01411 0.09844
-0.38257 0.05765 -0.00710
-0.20795 0.16205 -0.10092
0.00745 0.06598 0.05978
-0.28206 0.00023 0.10989
-0.39067 -0.03571 -0.03982
0.26058 -0.09771 0.11378
0.38116 0.06038 -0.06969
0.33584 -0.10223 0.15033
-0.20280 -0.11998 -0.14376
-0.40398 -0.05098 0.00538
0.05379 -0.02356 0.03238
0.28177 -0.05729 -0.13451
0.09177 0.15882 0.00841
-0.24550 -0.07968 -0.15853
-0.19054 -0.03577 -0.11636
-0.42096 0.07303 0.03441
0.19024 -0.03721 -0.14266
-0.39282 -0.04170 -0.03050
-0.14855 -0.06458 -0.17177
0.01152 0.04797 0.07172
-0.02325 -0.06247 0.05919
0.02334 -0.07592 0.05919
0.05470 -0.07930 0.05919
0.00216 -0.06981 0.05919
-0.04741 -0.05359 0.05919
-0.10955 -0.01288 -0.03554
0.01641 0.07671 0.09831
-0.23610 0.04129 -0.14840
0.28577 -0.13912 -0.16862
0.22003 -0.05886 -0.11681
-0.22275 -0.02583 0.11645
0.26189 -0.07598 0.09805
0.30845 -0.13027 -0.12284
-0.24421 -0.02145 -0.14458
-0.13704 0.00147 0.06482
-0.21452 -0.09093 0.10912
-0.18016 0.11134 -0.07004
-0.25253 -0.08651 -0.17037
0.32200 -0.12864 -0.16539
-0.42402 -0.03359 0.02933
-0.21342 -0.02073 -0.12963
-0.14488 0.02082 -0.02436
-0.21116 -0.14295 0.17228
-0.19196 0.07051 0.12881
-0.22917 0.07011 0.12894
-0.14069 -0.10962 0.13556
-0.15860 -0.05339 0.17379
0.24480 -0.15537 0.14916
-0.26639 -0.04491 -0.00646
0.05455 0.03619 -0.14145
0.31578 0.01591 0.03940
-0.38305 -0.02647 0.02951
0.38389 -0.05332 0.03600
0.05980 -0.03051 -0.08941
-0.13971 -0.10175 0.17425
-0.33878 0.14626 0.09252
-0.34210 0.14309 0.06973
0.33733 -0.05554 -0.15141
0.40738 -0.01974 0.03356
0.27171 -0.05597 -0.15371
0.26759 -0.05583 0.12333
-0.14041 -0.08199 0.14241
0.28096 -0.08369 0.13210
-0.23036 -0.10525 -0.13581
0.40963 0.01340 0.06204
0.32949 0.01931 -0.05116
0.19917 -0.10479 0.14562
-0.18428 -0.15252 0.14953
0.21957 -0.03456 0.05208
0.30325 -0.02055 0.05743
0.13916 0.13575 0.05541
0.15434 0.12501 0.06784
0.15164 0.12485 0.08820
0.14971 0.12834 0.06352
0.29035 -0.07237 -0.14419
-0.10756 0.05492 0.13689
-0.32754 0.15662 0.08540
0.19799 -0.05681 0.14178
0.27438 -0.01701 -0.12761
0.30413 -0.00365 0.03534
0.28164 -0.01960 0.16179
0.28312 -0.01720 -0.02957
-0.41480 -0.02117 -0.06236
-0.37543 0.04560 0.12323
0.28735 0.08105 0.06859
-0.39928 0.02895 -0.07715
0.19332 -0.09203 0.17351
0.42910 0.04775 -0.04054
0.08807 0.04789 -0.14010
0.12726 0.06014 0.05565
-0.23766 -0.03685 0.05856
-0.41552 -0.04757 0.00105
0.30435 -0.14161 -0.11906
0.20681 -0.10826 -0.17186
0.12559 -0.05777 -0.07592
0.31157 -0.01712 -0.01905
-0.13323 -0.00377 -0.04031
0.26169 -0.04722 0.09287
0.20455 -0.07599 -0.11966
0.27690 -0.14036 0.11621
-0.38019 0.01858 -0.07122
0.25777 -0.00819 -0.05660
-0.42613 0.03591 0.04838
0.30403 -0.07381 -0.11951
-0.35729 0.06916 -0.13996
0.30186 0.04209 0.12882
-0.28417 -0.07863 -0.15885
0.21911 0.04633 -0.14332
0.20524 -0.12116 -0.14611
0.31910 0.01228 0.02166
0.32316 -0.11419 0.17065
0.23809 -0.08778 -0.00733
0.22056 -0.08467 -0.00754
-0.21789 -0.07079 -0.08802
-0.17641 -0.03557 -0.17243
-0.22133 0.15220 -0.11551
-0.16648 -0.06244 -0.11522
0.28465 -0.03341 0.11573
0.36477 0.06773 -0.02259
0.40724 -0.01373 0.02184
-0.40995 0.08186 0.02559
-0.14389 -0.09997 0.16237
-0.21602 -0.11801 0.13483
0.33707 -0.04094 -0.00930
0.07343 -0.03541 0.05981
0.05447 -0.03787 0.04541
0.34689 0.02484 -0.13425
0.05035 -0.04109 -0.08563
-0.11627 0.07070 0.13230
-0.19912 -0.14980 -0.11850
0.17948 -0.08584 -0.08765
0.21761 -0.10119 0.17415
-0.26329 -0.04935 -0.12081
-0.37813 0.07363 0.08917
0.00510 0.08790 0.10498
0.29625 -0.02987 -0.00092
0.24739 -0.15825 -0.14284
-0.39018 0.00361 -0.00923
-0.16616 -0.08341 -0.11612
-0.16348 0.09220 -0.02024
0.15687 -0.03676 -0.06679
-0.39602 0.08860 0.01834
-0.10067 0.02873 -0.14232
0.22661 -0.03241 -0.00244
-0.21520 -0.09623 -0.13271
-0.22589 -0.06820 0.14477
0.25708 -0.00732 0.00229
-0.11790 0.03490 0.01509
-0.13744 0.03960 -0.14587
-0.21328 -0.02034 0.17247
0.22091 0.07573 -0.06411
0.22031 0.07557 -0.00601
0.21122 0.07321 -0.00569
-0.38639 -0.00790 -0.08434
-0.24351 -0.02255 0.14943
-0.23081 -0.15437 0.15599
0.26786 -0.04808 0.17113
-0.38053 0.02123 0.06621
-0.21944 -0.15736 0.14747
0.17379 -0.03944 -0.07903
-0.18304 -0.01985 0.14260
0.25461 -0.07902 0.15747
0.37380 -0.00837 -0.13245
-0.09323 -0.03034 -0.14081
-0.10040 -0.03532 -0.13948
-0.39652 0.02359 -0.02780
-0.19513 -0.08405 -0.10590
0.30320 0.07906 -0.02352
0.18103 -0.08235 0.07860
0.26683 -0.09979 0.03990
0.22416 -0.02979 -0.09716
0.35831 0.03512 -0.13051
-0.21905 0.03811 0.08527
0.12550 -0.01925 -0.03423
-0.18638 -0.14863 0.12223
0.40685 -0.01016 -0.04190
-0.42070 0.02933 -0.03618
0.31243 -0.09952 -0.17327
0.32645 0.02857 0.13245
-0.42650 -0.04506 -0.03650
-0.35385 0.03296 0.13093
-0.19037 0.03519 0.06192
0.14281 0.07693 0.12707
-0.25161 -0.07782 -0.17060
0.24855 -0.10760 0.01518
-0.22353 -0.05548 0.16864
0.23711 -0.12813 -0.17054
0.27925 0.05254 -0.01566
-0.22198 -0.01474 0.03882
-0.20058 -0.02784 0.12177
0.19647 -0.07434 0.11997
-0.25677 -0.03747 -0.13021
0.25729 -0.07799 0.00654
-0.27552 -0.09996 0.12961
-0.37929 0.07454 0.05582
0.28172 -0.01794 0.14648
-0.33132 0.15697 -0.06837
-0.33796 0.15662 -0.05553
0.06197 -0.01184 -0.11618
-0.23574 -0.15255 -0.14725
0.00351 0.05927 -0.13825
0.14170 0.02077 -0.05908
0.14478 0.01904 -0.08504
-0.12089 0.04340 -0.11583
-0.37837 0.07725 0.00023
-0.18782 0.03449 -0.06075
-0.21468 0.07276 -0.13926
-0.34389 0.07374 -0.13897
0.07051 -0.03494 0.04160
0.28175 -0.02522 -0.11867
-0.25457 -0.02952 0.15122
-0.14095 -0.07583 0.13761
-0.16163 -0.08002 -0.11740
0.07734 -0.05034 -0.07197
-0.02567 -0.03593 -0.07197
0.04654 -0.04487 -0.07197
0.43511 0.05867 0.03304
-0.20263 -0.01912 -0.14167
0.28083 -0.09118 -0.11714
0.33474 -0.08123 0.17439
0.35032 0.07049 0.06538
-0.34286 0.14419 -0.02296
-0.34821 0.13618 -0.03691
-0.41754 0.05996 -0.06291
0.03261 0.05362 0.11869
0.20657 -0.08595 0.17336
0.28165 -0.13405 0.17477
0.33934 0.02729 -0.03675
0.14810 0.02710 -0.14251
0.03507 0.02613 -0.14262
0.07891 0.02692 -0.14253
0.16990 0.04992 -0.13987
0.17193 0.02973 -0.14220
0.14440 -0.06694 -0.07248
0.29030 -0.14009 0.17592
-0.37835 0.04360 0.03841
-0.15324 -0.12554 0.13376
0.32362 -0.09555 0.17112
0.13254 0.12301 0.11407
0.33839 -0.10746 -0.15310
-0.26965 -0.13298 0.14013
0.08499 -0.04192 -0.07662
0.07885 -0.04281 -0.09794
-0.21684 -0.09833 -0.10823
0.11911 0.05361 0.00630
-0.40255 -0.02371 0.04640
-0.20664 -0.08405 0.06818
-0.20568 -0.08405 0.07825
-0.40399 0.04011 -0.02048
-0.41396 0.00206 -0.07378
-0.20688 0.01690 0.06389
-0.40186 0.06723 -0.06001
0.11949 0.14879 -0.04685
0.25894 -0.07554 0.15418
0.29207 -0.01034 0.05815
0.26195 -0.00483 -0.08162
-0.25861 -0.06064 -0.11607
-0.37639 -0.03425 0.01533
0.13840 0.02751 0.14773
0.13034 -0.02830 0.05919
0.11656 -0.03001 0.05919
-0.27493 -0.05624 -0.12004
-0.20024 -0.13017 -0.17140
0.30089 -0.13130 -0.17033
0.25773 -0.00545 0.04118
-0.22333 0.12690 0.11220
-0.11366 -0.07022 -0.07782
-0.17429 -0.02623 0.15601
0.25354 -0.15151 0.16363
-0.38170 0.03248 0.05480
0.14168 0.09465 0.02686
0.24375 0.06432 -0.13785
0.01071 0.05947 -0.11043
-0.14022 0.02843 -0.11562
0.10691 -0.05004 0.03537
0.21566 -0.01084 0.01884
0.27225 -0.03460 -0.09256
-0.18844 0.02376 -0.01511
-0.16072 0.09942 -0.03406
0.13281 -0.00468 0.02051
-0.16738 -0.04139 -0.02718
-0.16738 -0.03933 0.00729
-0.16738 -0.00899 0.00356
-0.16738 -0.03326 0.00531
-0.16738 -0.03795 0.05805
-0.16738 -0.04136 -0.04357
-0.16738 -0.01503 0.05366
-0.16738 -0.02366 -0.00678
-0.16738 -0.03036 0.08726
-0.16738 -0.00743 0.03072
-0.16738 -0.04230 -0.01634
-0.21804 -0.06412 0.14311
-0.14099 0.04805 0.04459
0.32458 0.07358 -0.09118
-0.08158 0.00725 0.04690
-0.43367 0.04657 -0.05250
0.32488 -0.06829 0.17560
-0.16487 0.07704 0.03297
-0.37682 0.07170 0.02650
0.25098 -0.01937 0.12322
0.03084 0.05716 0.12774
0.26648 0.08384 -0.03367
-0.21801 -0.08640 -0.02958
0.00858 0.05869 0.10547
0.30742 -0.02816 0.15200
0.28777 -0.01215 0.08336
-0.26022 0.06131 0.13140
0.23116 -0.05256 -0.11783
-0.43215 0.01961 0.05284
-0.20641 -0.01906 -0.13793
0.05448 -0.04065 -0.03843
-0.23220 -0.09831 -0.00105
0.14414 0.07911 0.10637
-0.28025 -0.05938 0.15514
-0.18672 -0.02655 -0.16302
0.43156 0.05208 -0.02707
-0.42815 0.00466 -0.07414
0.14699 0.00634 -0.14420
-0.03462 -0.00722 0.03269
-0.18813 0.03811 -0.00798
0.35816 0.06889 -0.07045
-0.37929 0.07916 -0.03203
0.31141 0.01171 -0.05021
0.26007 0.04501 0.12976
0.27247 -0.03574 0.08896
0.11419 0.00424 0.13855
0.20370 0.08974 0.09657
0.17432 0.11029 0.08908
0.13946 -0.06474 0.06510
-0.17794 0.02970 -0.02827
-0.06177 -0.07697 -0.05849
0.08454 -0.01533 0.00222
0.07568 -0.01533 -0.01686
0.07911 -0.01533 -0.02680
0.08731 -0.01533 -0.02413
0.04785 -0.01533 -0.01247
0.30376 -0.00747 -0.00843
0.18551 0.09123 -0.12222
0.27806 -0.05948 0.16634
-0.27529 -0.12290 -0.12878
0.14842 -0.04770 -0.04807
0.25352 -0.06430 -0.12618
0.25719 -0.07614 0.10653
-0.01797 0.04045 0.13856
0.00471 0.04135 0.13845
-0.01977 0.04785 0.13770
-0.19650 -0.09117 0.13709
-0.24195 -0.09711 0.13498
-0.09457 0.00591 -0.11442
0.06561 -0.03319 0.11594
0.25922 -0.11788 0.16475
0.27844 0.00429 -0.03352
-0.41800 0.06472 0.04347
-0.28472 0.04636 0.13363
0.10393 0.14402 -0.10855
0.19865 -0.03376 0.05863
0.31004 -0.01830 0.05838
0.18582 -0.08582 -0.08468
0.20329 -0.08657 -0.08897
0.26792 0.00395 0.03683
0.24674 -0.09033 -0.12104
0.24674 -0.09501 -0.11426
0.20207 -0.09578 0.13140
0.00240 0.07653 0.07930
0.22569 -0.11177 0.11820
-0.01249 -0.06052 0.06150
0.04478 0.01321 -0.04197
0.37654 0.06367 0.02075
0.25177 -0.00741 -0.00810
0.22770 -0.15011 0.13672
0.07991 0.15915 0.00317
0.37938 -0.05439 -0.08412
0.02776 0.05232 0.04209
0.39106 0.05557 0.00068
-0.16720 0.08391 0.03090
-0.15958 -0.07609 0.08139
-0.12660 -0.07237 0.07638
0.12044 0.06112 0.06809
-0.38921 -0.00868 0.08209
-0.40399 0.03853 0.00325
0.30240 -0.02444 -0.13688
-0.43359 0.05741 -0.05011
0.15064 -0.03087 -0.09100
0.24046 -0.06767 -0.10160
0.19680 -0.02729 -0.02398
0.23028 -0.03956 0.00632
-0.19243 -0.09241 -0.12767
-0.11622 -0.02499 -0.14157
-0.12149 -0.00526 -0.14316
-0.08876 -0.01491 -0.14238
-0.20652 -0.05673 0.08611
0.11044 -0.04496 0.05714
0.15369 -0.03698 0.05359
-0.40375 -0.00366 0.01066
-0.36611 0.10862 0.04300
-0.23407 -0.13322 0.12168
-0.15403 -0.09934 -0.11708
-0.21340 -0.09965 -0.06413
0.23216 -0.02268 -0.11794
-0.40286 0.01926 0.01492
-0.21935 -0.00588 0.00901
-0.20741 -0.02477 0.17407
0.11956 -0.02679 0.10236
-0.12164 0.11881 -0.12567
0.19887 -0.05106 -0.03844
-0.16761 0.03811 0.07690
0.22625 0.08146 -0.03816
0.40716 -0.01435 -0.02550
0.40674 -0.01671 0.01372
0.22006 -0.14209 -0.11793
-0.25989 -0.11368 -0.16799
-0.37729 -0.01941 0.02173
0.30606 -0.05554 -0.17511
0.37563 0.02006 -0.11875
0.17384 -0.03432 0.06222
0.08343 -0.06778 0.06642
-0.21060 0.12672 -0.12334
-0.23728 0.11903 -0.12561
-0.15170 0.12488 -0.12388
0.31938 -0.08830 0.11719
-0.15804 0.05599 0.05133
-0.39652 0.00229 -0.02523
0.34645 -0.00061 0.12890
-0.21839 -0.00338 -0.00589
0.06631 -0.03034 -0.03275
0.17131 -0.03742 -0.06479
-0.19542 -0.01336 0.14160
0.13662 -0.02493 -0.07800
-0.16933 -0.08165 0.17261
-0.21984 -0.08317 -0.15717
0.19026 -0.00607 -0.00782
0.31875 -0.06894 -0.11682
-0.24352 -0.02324 -0.12904
0.33908 0.02627 0.12771
-0.22088 -0.01845 0.13593
0.29100 -0.01798 0.02279
-0.33998 0.15164 -0.02350
0.37549 0.05986 -0.09532
0.26230 -0.10976 -0.14261
0.20754 -0.12526 -0.11809
-0.39066 0.08914 -0.00763
-0.14733 -0.07130 0.12078
-0.17178 -0.05007 0.17592
0.23084 -0.09356 -0.10670
-0.26795 0.01701 -0.15222
-0.19449 -0.09608 0.11178
0.05114 -0.08338 0.06312
0.07623 -0.07391 0.06460
-0.10225 0.16120 0.06426
-0.06075 0.15950 0.07722
-0.05470 0.15959 0.07543
-0.00606 0.15759 0.09065
0.00318 0.09063 -0.08046
0.28879 -0.08977 -0.14471
-0.39330 0.02868 -0.00010
0.24613 -0.10025 0.03157
0.24590 -0.09239 0.02591
0.21068 -0.09834 -0.11736
-0.11399 -0.00455 0.08086
-0.10820 -0.00367 0.07875
-0.20702 0.09951 0.12015
-0.33698 0.10559 0.11838
-0.27618 0.10723 0.11791
-0.32570 0.11478 0.11572
0.27621 -0.02572 -0.09722
0.14087 0.13570 0.02914
-0.26344 0.15653 -0.10469
0.23225 -0.06240 -0.11843
-0.00798 0.15723 -0.10511
0.19459 0.07556 0.12619
-0.20281 0.02646 0.07841
-0.14041 -0.07517 0.15366
-0.01352 0.16247 -0.03001
-0.07536 0.16251 -0.05407
-0.10403 0.16264 -0.05942
0.01284 0.16230 -0.02812
-0.07243 0.16264 -0.04579
-0.42724 0.04249 0.01710
-0.33892 0.15056 0.04642
0.25911 -0.09875 -0.15367
-0.15086 -0.12751 -0.13700
0.37063 0.02377 0.02115
0.38925 -0.01818 -0.11860
-0.27659 -0.06971 0.17037
-0.12496 0.15427 -0.11416
-0.05171 -0.01375 0.09633
0.22227 -0.03938 0.12085
-0.18026 -0.09894 0.14668
-0.17056 0.12573 -0.08771
-0.21518 -0.01384 0.17443
0.28208 -0.05576 -0.14592
-0.26864 -0.04719 -0.01289
-0.18911 -0.14620 0.17012
-0.17856 -0.02493 0.14511
0.10686 -0.07063 -0.06183
-0.20377 -0.03122 -0.11754
0.26676 -0.08972 0.12359
0.29280 -0.09421 -0.12589
0.06880 -0.05901 0.00492
-0.20056 -0.02921 0.07495
0.13928 0.07397 -0.12146
0.13698 0.06200 -0.07580
0.13874 0.07118 -0.06889
0.14559 -0.04566 -0.04288
-0.37876 0.00712 0.07054
-0.20789 -0.15706 -0.15354
0.32395 0.01117 0.04894
-0.23687 -0.03282 -0.08890
-0.22062 -0.11873 -0.13461
-0.04026 -0.05817 -0.13840
0.20474 -0.10594 0.12129
-0.28426 0.16088 0.09860
0.33119 -0.00389 0.02457
-0.19449 -0.08824 -0.06714
0.10365 0.01912 -0.14082
0.19606 -0.08890 0.15311
-0.41011 0.00610 0.00568
0.01679 0.07543 0.05669
-0.20141 -0.09956 0.14477
-0.37842 0.02821 -0.04944
0.27455 0.00763 0.02361
-0.35754 0.11708 0.10651
-0.16545 -0.04436 -0.12029
0.33197 -0.10116 -0.12157
-0.34785 0.13646 0.04744
-0.35009 0.13347 0.03187
0.19280 -0.08589 0.14321
-0.13327 -0.00580 -0.06873
-0.39652 0.00421 -0.01144
-0.27713 0.15762 -0.10011
0.15965 -0.07375 0.00203
0.27060 -0.06853 -0.10290
-0.22020 -0.01525 -0.09730
-0.23748 -0.01582 -0.09730
-0.20711 -0.01797 -0.09730
-0.26735 -0.01380 -0.09730
-0.27969 -0.01181 -0.09730
-0.39916 0.07587 0.02828
0.20412 -0.10174 -0.11677
-0.36614 -0.01561 -0.14366
0.19574 -0.09543 0.13131
0.25538 -0.08718 -0.09730
-0.19363 0.03014 -0.06997
-0.37808 -0.03268 0.11675
-0.28570 -0.08236 -0.13656
-0.41379 -0.04631 -0.03201
-0.39652 0.02866 0.00554
0.39661 0.00962 -0.02235
-0.08776 0.00781 0.01810
0.26200 -0.01555 0.15673
0.03861 0.03554 -0.11504
0.05592 -0.03691 -0.03521
0.27817 -0.08967 -0.13701
0.34567 0.07200 0.01578
0.11678 -0.05122 -0.11940
0.36909 0.06552 0.05494
0.07231 -0.07783 -0.05942
0.11144 -0.06274 -0.05621
0.07436 -0.07704 -0.00066
0.05409 -0.08485 0.01896
0.06482 -0.08072 0.00142
0.05791 -0.08338 -0.01744
0.04349 -0.08894 0.00551
0.09474 -0.06918 -0.04930
0.07924 -0.07516 -0.05091
0.21376 -0.03791 0.12770
-0.21651 -0.11318 -0.14193
-0.22830 -0.15999 -0.14242
-0.12416 0.03605 0.02440
-0.03214 0.00486 0.09655
0.21495 -0.08846 0.17469
-0.39766 0.05348 -0.07392
-0.17950 -0.02296 0.13467
-0.09579 -0.08036 -0.07090
-0.37833 0.05779 -0.02871
-0.38701 -0.04476 -0.02328
-0.41481 -0.01915 0.04620
0.30647 -0.05298 -0.00167
-0.22524 0.03648 0.07841
-0.23265 0.00562 0.07841
0.02034 0.07235 -0.10701
0.38579 0.01155 -0.01809
-0.04398 -0.05473 -0.06479
-0.16622 -0.03591 -0.15921
0.16896 -0.08370 -0.08459
-0.18619 -0.09420 0.00173
-0.41349 -0.03675 -0.04605
0.37818 -0.02208 0.11705
-0.37998 0.04607 -0.11626
0.38450 0.05802 0.06404
-0.03964 0.15949 -0.08565
-0.04626 0.15904 -0.09141
-0.09500 0.15926 -0.09541
-0.00931 0.15818 -0.09590
0.12149 0.05771 0.02708
0.22074 0.00910 -0.02370
-0.17988 -0.02864 -0.15874
-0.40576 0.06368 -0.06278
-0.24569 -0.02092 0.12766
0.05126 -0.04234 0.03369
0.35449 0.07002 -0.02378
0.27238 -0.11772 -0.13520
-0.21631 0.03811 -0.04232
-0.22170 0.03811 -0.02973
-0.22866 0.03811 -0.06504
-0.24275 0.03811 0.01629
0.10076 -0.03272 -0.09840
-0.33760 0.06362 -0.14092
0.01540 0.15978 0.06719
-0.01243 0.15929 0.07410
-0.07979 0.16153 0.05787
-0.18006 0.03482 -0.01588
-0.32097 -0.02523 -0.14551
-0.37850 0.02535 -0.01663
0.35402 0.07032 -0.01064
-0.09692 -0.00070 0.10721
0.03078 0.03325 0.09176
0.33581 -0.09202 0.13820
-0.22836 -0.02965 0.03020
-0.21192 -0.02965 0.06179
0.30855 0.01857 0.00271
-0.14704 0.06326 0.08246
0.13088 0.07728 -0.10656
0.23629 -0.10006 0.09557
-0.42162 -0.01026 -0.01779
0.13376 -0.02412 0.09787
-0.24129 -0.15186 0.14894
-0.41529 0.00099 0.05621
0.03094 0.04034 -0.08268
0.19808 -0.00604 -0.00005
-0.19449 -0.09194 0.07936
0.26094 0.01291 0.01759
-0.13628 0.04251 0.03075
-0.06046 0.01892 0.01810
-0.21052 -0.07873 -0.09717
-0.12463 0.01537 0.07750
0.38762 0.00754 -0.06872
0.24889 -0.00336 -0.04168
0.33761 -0.09924 0.11811
0.33009 -0.01299 0.01864
0.27092 0.08067 0.08665
-0.23644 -0.15055 0.16686
0.14774 0.13044 0.05386
0.17816 0.11070 0.05785
0.18915 0.10381 0.05598
0.36629 0.03083 0.08924
-0.18042 -0.09331 0.09138
-0.42022 0.05056 -0.01194
-0.08556 -0.01171 0.02287
0.34623 0.06695 -0.11393
0.19797 -0.09291 0.14376
-0.15654 0.04221 -0.14574
-0.19807 -0.11115 -0.00842
0.37008 0.06599 0.06205
0.29540 -0.01718 -0.15227
-0.20187 -0.15466 -0.12292
0.13012 -0.04039 -0.03543
0.22714 -0.14348 0.13197
0.28219 -0.00324 0.04677
-0.24642 -0.02706 0.15742
-0.25801 0.15605 0.09658
0.26853 -0.10040 -0.10025
-0.15656 0.09276 0.07900
0.25941 0.08432 0.06324
0.40825 0.01347 -0.10654
0.25522 -0.13226 0.17282
-0.15546 0.07066 -0.10762
-0.38551 0.05122 0.04298
-0.22858 -0.09804 -0.10032
0.05107 -0.01222 0.09103
0.22473 -0.00471 0.08361
-0.17243 -0.15070 0.15623
-0.15060 -0.10762 0.11761
-0.28883 0.00469 -0.11450
-0.00588 0.00747 -0.00569
-0.20505 -0.03820 0.17506
0.30025 -0.01550 0.01084
0.32506 -0.04791 0.14400
-0.21349 0.00046 0.00988
0.33630 0.07333 -0.07625
0.29308 -0.10735 0.13672
0.34251 0.02598 0.03411
-0.04031 -0.01056 -0.06018
-0.27146 -0.12984 -0.15515
-0.27316 -0.11102 -0.17080
0.33984 -0.06520 -0.15039
-0.12341 0.03214 -0.14192
-0.42552 -0.00288 -0.03054
0.00880 -0.07476 0.06320
-0.41670 0.02940 0.02470
0.26103 -0.04595 -0.09048
-0.19375 -0.10659 0.01875
-0.19602 -0.07013 0.09041
-0.27350 -0.05348 0.15983
-0.34536 0.14039 0.02055
-0.35395 0.12849 0.00399
0.27535 -0.08135 0.14817
-0.15646 0.15435 0.10268
0.34235 -0.03784 -0.00292
0.37324 0.03030 -0.09494
-0.18523 -0.07927 -0.15786
0.02482 -0.03087 0.13826
0.08677 -0.04033 0.13574
-0.16066 -0.13874 0.16024
0.40923 -0.00507 0.06432
-0.24749 -0.15393 -0.14894
