-0.36344 0.02825 0.13919
0.17616 0.04584 -0.09376
0.05364 0.04566 -0.13159
0.00429 0.04234 -0.13285
0.07869 0.05108 -0.12953
0.05442 -0.03194 0.03845
0.05040 -0.03194 0.05909
0.01796 -0.03194 0.08413
0.05806 -0.03194 0.10774
0.05755 -0.03194 0.04577
0.06349 -0.03194 0.10529
0.05131 -0.03194 0.08986
0.03433 -0.03194 0.05663
-0.15754 0.03070 -0.08411
-0.15178 0.02013 -0.07660
-0.15184 0.02024 -0.09975
-0.14554 0.00869 -0.09800
0.14754 0.01757 -0.12599
-0.28503 -0.07301 0.12347
-0.19349 0.03837 -0.13436
-0.02648 0.02652 0.10393
0.23560 -0.11514 -0.14080
-0.11103 -0.00567 0.04278
0.15233 0.01240 0.12279
0.37153 -0.06827 0.08710
0.40378 -0.06881 0.04007
0.39751 -0.06865 0.04588
0.40459 -0.06873 0.03335
-0.04080 0.04629 -0.10522
0.25669 0.04072 -0.03921
0.23136 0.04225 -0.04304
0.24662 0.04207 -0.01366
-0.32114 -0.07278 -0.11222
0.41716 -0.00707 0.05413
-0.05793 -0.01135 0.04388
-0.06298 -0.02558 0.09994
-0.06027 -0.01792 0.05583
-0.05801 -0.01158 0.02893
0.04319 0.09134 -0.10703
-0.05370 0.03269 -0.06939
-0.03709 0.00526 -0.11335
-0.04183 0.01310 -0.08617
-0.06114 0.04499 -0.08488
-0.06262 0.04744 -0.07432
-0.04876 0.02455 -0.08136
-0.05956 0.04237 -0.09010
-0.04396 0.01661 -0.06897
-0.05377 0.03282 -0.09352
-0.06492 0.05123 -0.05460
-0.04939 0.02559 -0.09940
0.35724 -0.06787 0.09330
0.29250 -0.08887 -0.12526
-0.36382 0.06252 -0.09523
-0.24019 -0.03980 -0.12336
-0.15591 -0.06067 0.15666
0.28335 -0.03292 0.13156
0.03506 0.11013 -0.02596
0.03246 0.11038 -0.03113
0.03389 0.10976 -0.04825
0.23443 0.01836 -0.14946
0.25481 0.01697 -0.14994
-0.41686 0.00563 0.03602
-0.17287 0.07521 -0.09676
-0.06251 0.05333 -0.10710
-0.04913 0.05492 -0.07847
0.19620 0.00373 0.05767
-0.38453 0.02723 0.12159
-0.16739 -0.00949 0.15508
-0.15101 -0.05624 -0.15751
-0.14300 0.00465 0.07254
-0.13532 -0.00702 0.08551
-0.13981 -0.00058 0.07287
-0.13334 -0.00948 0.09576
-0.35489 -0.02629 0.15297
-0.22609 -0.02288 0.12160
-0.12745 -0.00871 0.09514
0.30445 -0.03288 -0.16254
0.15448 -0.01528 0.12359
0.15950 -0.02794 0.12071
-0.28372 -0.07287 0.09310
-0.29839 -0.07309 0.08238
0.12620 0.05113 -0.01799
0.15737 0.02504 -0.12922
-0.05131 0.01296 -0.15505
-0.07438 0.00272 -0.05808
0.24039 -0.11392 -0.15997
-0.17535 0.06268 -0.10530
0.34046 -0.06399 -0.15290
-0.15081 -0.02170 -0.14901
-0.02033 0.11052 -0.09008
-0.32827 -0.07261 0.09813
-0.31767 -0.07356 0.09701
-0.10420 -0.00462 -0.06225
-0.37127 -0.05033 0.13889
0.27073 -0.00582 0.12449
0.28868 -0.01615 0.12449
0.44207 -0.03057 0.08166
0.10045 0.02859 0.04541
-0.32954 0.04763 0.05165
-0.32265 0.04719 0.05806
-0.26076 0.04526 0.02605
-0.29694 0.04735 0.00251
-0.28998 0.04635 0.03348
-0.29717 0.04617 0.05479
-0.35289 0.04756 0.09885
-0.25620 0.04528 0.01683
-0.26615 0.04569 0.01754
-0.31969 0.04750 0.03896
-0.30934 0.04671 0.05424
-0.30092 0.04700 0.02557
-0.36028 0.04777 0.10355
-0.33512 0.04762 0.06283
-0.14900 0.02137 -0.07114
0.41158 -0.04754 -0.05937
-0.14817 0.01978 0.10097
-0.22133 -0.02478 0.12530
-0.30003 -0.07073 0.14109
0.27065 -0.01635 0.14403
0.03577 -0.01942 -0.01420
-0.19937 -0.02410 -0.12993
-0.13017 -0.00884 0.04348
0.01780 -0.00655 -0.09920
-0.23098 -0.11247 -0.13425
-0.07280 -0.01534 -0.01056
0.14660 -0.01470 -0.11867
0.37837 0.00505 0.12745
0.24431 -0.01739 0.13124
0.41968 -0.01568 0.07825
0.16050 -0.01958 0.06460
0.16638 -0.00234 0.05275
0.15564 -0.01956 0.01958
0.15718 -0.02263 0.04558
0.16077 -0.00168 -0.00167
0.15582 -0.00418 -0.03786
0.16424 -0.00323 0.03638
0.16482 -0.00435 0.04604
-0.18329 -0.02396 0.12347
0.01699 -0.00453 -0.06191
0.41741 -0.04509 -0.03264
0.03098 -0.00390 0.04914
-0.30337 0.04458 0.13001
-0.33894 0.04404 0.12965
-0.31286 0.04069 0.13132
0.02785 0.10865 0.07160
0.02611 0.10819 0.07871
-0.18749 -0.01545 -0.15727
-0.18538 -0.01556 -0.11686
-0.22045 -0.09379 -0.13586
-0.07355 -0.00060 -0.06478
-0.17671 0.06253 0.08278
0.33380 -0.05925 0.15036
-0.31258 0.10498 0.08208
-0.01434 0.00629 -0.06830
-0.18208 0.05062 0.03918
-0.17363 0.03167 -0.01228
-0.16871 0.02063 -0.02735
-0.17055 0.02475 0.04515
-0.18117 0.04857 0.07265
-0.17785 0.04113 0.09601
-0.16198 0.00552 -0.00851
-0.17547 0.03578 0.08192
-0.18271 0.05204 0.10016
-0.16696 0.01670 0.02080
-0.16995 0.02341 0.06126
-0.17367 0.03174 -0.02120
-0.17998 0.04590 0.00288
-0.16481 0.01188 0.02213
-0.18212 0.05070 0.10811
-0.16828 0.01966 0.05645
-0.17424 0.03302 0.06189
-0.08917 -0.00019 -0.10935
-0.16976 -0.01750 0.07856
0.39589 -0.04957 0.11546
-0.31880 0.08341 0.10908
0.03435 0.09853 -0.10238
-0.33636 0.08868 -0.08186
-0.36242 0.07044 -0.07196
-0.19868 -0.10021 -0.14038
0.39752 -0.00138 0.10777
0.27669 0.00859 -0.12395
0.26595 0.01000 -0.13468
-0.19090 -0.08843 0.13250
-0.16974 0.06243 0.01923
-0.41311 -0.00644 0.09487
-0.14567 0.00933 0.10291
-0.18628 -0.09738 -0.12945
-0.04594 -0.02732 -0.11538
-0.19379 -0.02506 -0.11556
-0.15383 -0.01548 -0.11630
-0.15135 -0.01064 -0.11668
-0.11415 -0.02300 -0.11572
0.00726 -0.02290 -0.11573
-0.13268 -0.02704 -0.11540
-0.11770 -0.01689 -0.11619
-0.01811 -0.01968 -0.11598
0.12382 -0.03149 -0.11506
0.05039 -0.02435 -0.11561
0.29428 -0.08104 -0.12743
-0.31071 0.03133 -0.13845
-0.32345 0.02945 -0.14302
0.21411 0.03945 0.13942
0.10221 0.08429 -0.08496
0.11600 0.07872 -0.08691
0.11542 0.07955 -0.07885
0.05356 0.03912 -0.12431
0.21439 0.04208 0.00374
-0.21161 -0.09804 -0.13002
-0.12350 -0.07160 0.14292
-0.09501 0.10830 0.09380
-0.12171 0.10396 0.09798
-0.20790 0.10552 0.09548
0.40118 -0.04958 0.12771
-0.40606 0.02899 -0.04732
-0.03776 0.04024 -0.02607
0.05356 0.10561 -0.04491
0.04436 0.10869 -0.03318
0.26552 0.00708 -0.16068
-0.14475 -0.03671 -0.15279
0.36945 0.02877 0.00544
0.36795 0.02866 0.01522
0.37911 0.02546 -0.03104
0.37296 0.02812 -0.00260
-0.28929 -0.06100 0.15322
0.03867 0.10431 -0.09382
-0.44048 -0.00612 0.03490
-0.43651 -0.00601 0.02651
-0.38515 -0.06898 -0.06120
-0.37250 -0.06992 -0.05882
-0.32061 -0.07367 -0.08327
-0.06952 0.00187 -0.06554
0.04343 -0.00214 -0.04670
-0.30402 0.10729 0.08618
0.40873 -0.06653 0.05039
0.18133 0.01639 0.15316
-0.31892 0.00425 0.15534
-0.04687 0.04644 -0.04216
0.14569 0.04903 0.10708
-0.10782 -0.00219 0.03835
-0.09451 -0.00044 0.01037
-0.09834 -0.00094 0.02965
-0.09054 0.00009 0.03380
-0.10013 -0.00118 0.00845
-0.10402 -0.00169 0.02355
-0.41473 -0.05719 0.08021
-0.00000 -0.00585 -0.06999
0.13644 0.03354 0.11966
0.15765 0.00454 -0.03554
0.15642 0.00404 -0.05836
0.16609 0.00457 0.04323
0.16897 0.00415 0.06032
-0.34771 -0.06038 0.07771
0.44642 -0.02362 0.05808
0.12280 0.03044 -0.09698
0.28858 -0.00829 0.16139
0.05608 0.10280 0.07400
-0.38555 0.05347 0.06612
0.24009 -0.02737 0.12965
-0.13814 0.08793 -0.10904
-0.28478 -0.07305 0.10215
-0.29676 -0.07225 0.12585
0.40868 -0.04216 0.09746
0.22856 -0.10760 0.16081
-0.06511 0.05633 0.06588
-0.02914 0.02217 0.08454
0.02139 -0.00438 -0.06682
0.12687 0.04462 -0.06815
0.36846 0.02692 0.05143
0.35278 0.03109 0.03695
0.37102 0.02708 0.03470
-0.34534 -0.05958 0.14673
0.04920 0.10441 -0.07835
-0.28004 0.09376 -0.10624
0.07265 -0.00312 -0.02816
-0.23161 -0.09940 -0.11947
0.15768 0.05682 0.06131
-0.15954 0.03896 0.07279
-0.33390 0.04036 -0.13406
0.18435 0.04735 -0.06511
0.16082 0.05821 -0.07885
0.05956 -0.00060 0.07078
-0.16354 0.05919 0.11875
-0.01376 0.00912 -0.03684
0.07065 0.01489 0.06752
-0.05841 -0.00257 -0.07017
-0.20722 -0.01222 -0.15669
-0.15763 0.04529 0.00697
-0.01405 0.01140 0.03083
-0.39846 0.04574 0.03760
-0.21724 -0.10043 0.15667
-0.03835 0.03130 0.09120
0.33545 0.00206 -0.15393
-0.33593 0.04783 -0.05508
0.06725 -0.02693 0.09091
0.07200 -0.01356 0.09369
0.06890 -0.02229 0.07622
0.16170 0.01089 0.04579
-0.14345 -0.02506 0.11815
-0.14033 -0.02700 0.12155
0.14526 0.05186 -0.11207
0.16752 -0.02993 -0.15819
0.15991 0.01568 0.05196
-0.31594 0.10920 0.00539
-0.03527 0.02606 0.06180
0.12469 0.00937 0.11376
-0.05465 0.06230 -0.10307
-0.16004 0.04614 -0.03252
-0.25885 -0.02767 0.10950
-0.25592 -0.02585 0.10155
0.00866 0.11421 -0.00887
0.02564 0.11198 -0.00357
0.02083 0.11262 -0.00479
0.44007 -0.03766 0.08033
-0.37135 0.02732 -0.13150
-0.18278 0.05426 -0.02523
-0.14051 0.00511 0.08141
0.28736 0.00504 0.09125
0.29135 0.00339 0.08338
-0.29247 0.03836 0.13309
-0.34943 0.06165 -0.11146
-0.34087 0.07004 -0.10818
0.28666 -0.08557 0.13651
-0.11216 -0.00541 0.10538
0.15676 0.05061 -0.00414
0.15958 0.05128 -0.06501
0.15303 0.05197 -0.05772
0.34997 0.02697 0.09665
0.38477 0.02101 0.07281
-0.42350 -0.00436 0.04513
-0.20095 0.04222 -0.02388
-0.17938 0.03960 -0.02053
-0.20769 0.04304 0.00762
-0.18083 0.03978 -0.00339
-0.18606 0.04041 -0.06359
-0.20147 0.04228 -0.01109
-0.19960 0.04206 -0.00545
-0.17589 0.03918 -0.08995
-0.39247 -0.06839 -0.08618
0.39278 0.02065 0.03246
-0.29106 -0.06675 -0.14649
-0.12559 -0.00841 -0.04669
-0.19768 -0.02120 0.12290
-0.26729 -0.04046 -0.08089
-0.26615 -0.03636 -0.09156
-0.26485 -0.03168 -0.08493
-0.16650 0.06087 0.00033
0.42766 -0.01805 0.06048
-0.42238 0.00952 -0.00358
0.39959 0.01405 0.06848
-0.20937 -0.02420 0.12798
-0.30518 0.10947 -0.06873
0.10509 0.03808 0.14230
0.06811 0.10229 0.00261
0.11130 0.08488 0.01378
0.10494 0.08723 0.01877
0.09018 0.09359 0.00223
0.07491 0.09940 0.00901
-0.01433 0.00606 0.08554
0.00248 0.00733 0.15795
0.13096 0.00994 0.15800
0.38232 -0.06927 -0.10094
0.10739 -0.04576 -0.15819
0.05008 -0.05751 -0.15819
0.10517 -0.05484 -0.15819
0.08850 -0.04544 -0.15819
0.03422 -0.05479 -0.15819
0.18573 0.04371 -0.08811
0.17430 0.04259 -0.05114
0.16522 0.04186 -0.03419
0.17524 0.04301 -0.07852
0.16020 0.04243 -0.09613
0.15860 0.04208 -0.07697
0.17646 0.04284 -0.06079
0.15780 0.04144 -0.03277
0.16758 0.04186 -0.02455
0.25706 -0.02792 -0.14112
0.36367 -0.06873 0.11835
-0.16177 0.04210 -0.07450
-0.16924 0.04917 -0.12338
-0.29832 0.09925 0.09860
0.18454 -0.06924 -0.14682
0.38229 0.01818 -0.09599
-0.40063 -0.05789 -0.07910
0.40532 -0.04240 0.10590
-0.09850 -0.00193 0.06014
-0.34340 -0.02199 -0.15602
-0.27791 0.01393 -0.15421
-0.31547 0.03001 0.13676
-0.14002 0.11628 0.08856
0.33264 0.03270 -0.06929
0.31559 0.03454 -0.05986
0.27186 0.03875 -0.05820
0.32145 0.03403 -0.05793
0.28769 -0.02607 -0.14436
-0.04846 0.06060 0.05368
-0.37245 0.06440 0.06061
-0.35501 0.07837 0.06039
-0.36590 0.06820 0.06910
-0.19043 0.10873 0.08698
-0.09164 0.11002 0.08677
-0.22343 0.01622 0.15249
-0.18389 0.00597 0.15695
0.40788 -0.05663 -0.02682
0.18491 -0.06041 -0.15009
0.37014 0.02296 0.09434
-0.07198 0.00266 -0.04806
-0.42940 -0.02673 -0.09057
0.16751 0.02851 0.11540
-0.00284 -0.00970 -0.05587
-0.41145 0.03618 0.01218
0.22000 0.03697 0.10815
0.23800 -0.07022 0.14472
-0.16230 0.05693 -0.02075
-0.36925 -0.02865 -0.14601
0.40943 -0.01849 -0.10759
-0.29268 0.04711 0.13195
-0.24168 -0.07184 -0.12998
0.04131 -0.00246 0.04611
0.03996 -0.00275 0.06074
0.03618 -0.00349 0.06368
0.03785 -0.00319 0.08074
-0.13395 -0.03014 0.11096
-0.14115 -0.02629 0.13638
-0.31755 0.10880 -0.00186
-0.14395 0.01848 -0.10953
-0.36102 -0.02876 0.14493
0.34674 -0.06797 -0.10676
0.37533 -0.07030 -0.12137
-0.16078 0.05465 0.02546
0.30390 -0.09854 0.13019
0.27676 -0.08957 -0.13112
0.00313 0.03834 0.12089
-0.15967 -0.01916 0.15688
0.16046 0.05079 -0.09658
0.36970 0.00627 0.13279
-0.38216 -0.06824 0.08433
0.20304 -0.07644 0.16034
-0.17571 -0.03798 -0.13311
0.40648 0.01119 0.04061
-0.04514 0.06450 -0.05214
-0.33040 0.10119 0.00996
0.39801 0.01151 0.08661
-0.20917 -0.10265 -0.12028
0.14964 0.00610 0.06186
0.27636 -0.03558 -0.14264
-0.35597 -0.05402 -0.07929
-0.04351 0.04591 -0.06866
-0.18298 -0.02779 0.14839
-0.19696 -0.09995 -0.13080
0.12284 0.03731 -0.02626
-0.39608 -0.05748 -0.08914
-0.23163 -0.06398 0.13788
-0.29582 0.10115 -0.09697
-0.24577 -0.08248 0.11947
0.26371 0.04080 0.01473
0.31532 0.03511 0.04058
0.28282 0.03816 0.04192
0.26876 0.03985 0.03031
0.30501 0.03599 0.04380
0.26758 0.03963 0.04121
0.37884 -0.05426 -0.13669
-0.42916 -0.02621 0.07420
0.40759 -0.05230 0.02953
-0.37036 -0.07003 0.05739
-0.34175 -0.07244 0.05698
-0.03506 0.02596 0.07846
-0.04111 0.03320 0.07859
-0.03269 0.02312 0.07373
-0.03072 0.02077 0.06850
0.41790 -0.01153 -0.06426
-0.39688 -0.02416 0.13509
0.16989 0.04092 0.11403
0.12483 0.04405 -0.13802
-0.12319 -0.06980 -0.11878
0.22240 -0.06894 0.15633
0.22851 -0.06279 0.14288
0.28476 -0.10262 -0.16254
0.28915 -0.06532 0.15603
-0.17091 -0.06056 -0.15125
-0.35263 -0.04824 0.14879
0.24294 -0.00967 -0.12449
0.02192 0.11247 0.00471
0.01507 0.11335 0.00758
0.01599 0.11280 0.02660
0.43574 -0.02409 -0.10030
0.27029 -0.05576 0.14162
-0.35657 -0.07143 -0.06197
0.44790 -0.03871 0.01952
-0.18557 -0.01872 0.12586
-0.44199 -0.02532 0.04825
-0.18221 0.05660 0.09889
0.31279 0.02722 -0.10763
0.24454 0.00562 -0.16159
-0.37771 -0.06720 0.07979
0.11695 0.06801 -0.11222
0.08751 0.07878 -0.11164
-0.37066 -0.05388 0.08540
-0.31255 -0.06654 -0.14566
0.37112 0.02398 -0.08961
0.29553 -0.01526 -0.12494
-0.19012 0.01142 -0.15458
-0.17586 0.01403 -0.15344
-0.19889 -0.00819 0.15751
0.27476 -0.11799 0.14562
-0.13596 0.09735 -0.10561
-0.37872 -0.06627 -0.09414
0.15260 -0.00249 -0.10241
-0.04670 0.05942 0.06731
0.44464 -0.02002 0.02572
-0.05363 -0.01805 -0.15819
-0.03669 0.00209 -0.15819
-0.05661 -0.00906 -0.15819
-0.15794 0.01619 0.12221
-0.12902 -0.02129 0.12221
-0.10318 -0.01653 0.12221
-0.14764 0.00207 0.12221
-0.14590 0.01731 0.12221
-0.14415 -0.00730 0.12221
-0.15277 0.01248 0.12221
-0.17528 0.04453 0.12221
0.30123 -0.08135 -0.12462
-0.20610 -0.00687 0.11947
-0.13076 -0.04220 -0.16203
0.30047 -0.04879 0.15146
0.05409 -0.00022 0.08637
0.25144 -0.11575 -0.16031
-0.16911 0.06235 0.06238
-0.35379 0.08323 0.03668
-0.35862 0.08191 0.00551
-0.34762 0.08837 0.02517
-0.37030 0.07388 0.00199
-0.34170 0.09417 0.00119
-0.25126 -0.05573 -0.11947
0.01544 -0.00410 0.08434
-0.19585 0.05590 -0.12770
-0.25041 0.05244 -0.12901
0.09007 -0.03194 0.01812
0.09498 -0.03194 0.02113
0.10788 -0.03194 0.03453
0.14980 -0.03194 0.02468
0.12013 -0.03194 0.03899
0.07318 -0.03194 0.02035
0.15212 -0.03194 0.06041
0.05582 -0.03194 0.01518
0.16809 0.05405 -0.03568
-0.42451 0.00447 -0.03306
0.03229 -0.00095 0.02844
-0.34525 -0.07157 0.09495
0.24742 0.03769 -0.09928
0.38766 -0.05228 -0.12484
0.12763 0.04778 0.03857
-0.34607 0.03970 -0.13411
-0.27448 0.04122 -0.13454
-0.31117 0.04319 -0.13323
-0.22805 -0.01746 0.10280
-0.21993 -0.01609 0.09851
-0.35611 0.04892 -0.12751
-0.10844 -0.00340 0.07202
0.38364 -0.00415 0.13347
-0.13960 0.00334 -0.08592
0.41046 -0.04347 -0.08784
0.17780 0.04677 0.05168
0.18213 0.04560 0.07892
0.18480 0.04488 0.04606
0.18779 0.04407 -0.07802
0.18742 0.04417 -0.05327
0.05059 0.00146 -0.10876
-0.01546 0.00963 0.07592
0.15891 -0.00951 0.12105
-0.14982 0.01763 -0.05573
-0.13577 -0.00600 -0.06148
-0.15000 0.01721 -0.06501
-0.14062 0.00047 -0.08113
0.12553 0.04189 -0.09384
0.30231 -0.05601 -0.16116
-0.06269 0.05099 0.12956
-0.08705 0.03993 0.13377
-0.06272 0.04112 0.13332
-0.04910 0.06118 -0.04530
-0.10383 0.11062 -0.08853
-0.34557 0.04678 0.03232
-0.38009 0.04828 0.04940
-0.37690 0.04824 0.04013
-0.40161 0.04997 0.00378
-0.32986 0.04593 0.03673
-0.37912 0.04873 0.01229
-0.35565 0.04699 0.05401
-0.43509 -0.01520 0.09277
-0.23444 -0.07894 -0.12960
0.26902 -0.01956 0.12683
-0.14445 0.10968 0.08577
-0.17239 0.11073 0.07235
-0.29463 0.10959 0.06870
-0.28289 0.10872 0.07847
-0.26450 0.10993 0.06907
-0.13707 0.11011 0.08257
-0.17941 0.10966 0.08180
-0.16055 0.11008 0.08003
0.12634 0.05496 -0.03669
0.13045 0.05586 -0.03239
-0.04255 0.03848 0.09272
0.00716 0.11311 -0.06598
0.02385 0.11071 -0.06614
-0.17102 -0.01564 0.11629
0.03601 -0.01093 0.11666
-0.11967 -0.01891 0.11604
-0.14935 -0.02505 0.11556
-0.10958 -0.01856 0.11606
-0.07340 -0.00841 0.11685
0.00449 -0.01145 0.11662
-0.02721 -0.00738 0.11693
-0.08225 -0.00716 0.11695
0.02932 -0.00775 0.11690
-0.16946 -0.02192 0.11580
0.21616 -0.05424 0.12615
-0.18599 -0.00349 -0.15819
-0.20775 0.00097 -0.15819
0.05510 0.08502 0.11383
-0.01057 0.10176 0.09806
-0.16526 0.03516 -0.11657
0.23261 -0.02130 0.16089
-0.23871 -0.02596 0.15746
-0.13824 0.09238 -0.10615
0.11636 0.06853 0.11158
-0.09725 -0.00268 -0.08956
-0.23167 -0.03817 -0.14988
0.43535 -0.03884 -0.00923
-0.23490 0.01424 -0.15335
-0.19831 0.00617 -0.15686
-0.05919 0.06262 -0.06518
0.22293 0.04389 -0.00512
0.23727 0.04252 -0.01951
0.30255 0.00436 0.15727
0.01821 -0.02049 0.00774
-0.00473 -0.02064 0.00774
-0.04212 -0.02425 0.00774
0.01956 -0.02731 0.15902
-0.27288 -0.05993 0.07907
-0.33085 0.03318 0.13331
-0.08427 0.03117 0.11500
-0.12752 0.02145 0.11500
0.21645 -0.02369 -0.12449
0.31933 -0.07141 0.15414
0.40228 -0.04062 -0.12234
0.27703 0.00438 0.16258
0.42925 -0.02931 -0.11569
0.32971 -0.10732 -0.08068
-0.12704 -0.10732 0.11334
0.07858 -0.10732 0.06669
0.22182 -0.10732 0.02876
-0.05735 -0.10732 0.12489
0.22487 -0.10732 0.02243
0.22260 -0.10732 -0.00446
-0.04381 -0.10732 0.14467
0.19151 -0.10732 -0.01843
-0.21113 -0.10732 0.14365
0.16973 -0.10732 -0.04824
0.27754 -0.10732 -0.02296
-0.13673 -0.10732 0.08934
0.23182 -0.10732 0.09885
-0.16625 -0.10732 0.10562
0.17604 -0.10732 0.10741
0.24321 -0.10732 -0.06834
0.39631 -0.10732 0.02465
0.02460 -0.10732 0.10182
0.39494 -0.10732 -0.04587
-0.00405 -0.10732 0.13734
0.02293 -0.10732 0.13698
0.16068 -0.10732 0.04550
-0.25273 -0.10732 0.10905
0.32425 -0.10732 -0.09790
0.37805 -0.10732 0.04832
0.28448 -0.10732 0.03248
-0.01264 -0.10732 0.03369
-0.02279 -0.10732 0.01702
-0.18534 -0.10732 0.09905
0.10154 -0.10732 0.07677
0.12402 -0.10732 0.05874
0.01963 -0.10732 0.12505
0.33629 -0.10732 -0.05229
0.13517 -0.10732 0.12797
0.10331 -0.10732 0.10210
0.33654 -0.10732 -0.04132
0.39768 -0.10732 -0.07146
0.12350 -0.10732 0.10185
0.15128 -0.10732 -0.02253
0.17542 -0.10732 0.08200
0.12754 -0.10732 0.02756
0.29250 -0.10732 -0.10006
-0.12291 -0.10732 0.08099
0.33710 -0.10732 -0.02611
0.22981 -0.10732 -0.04952
0.25721 -0.10732 0.11263
0.30663 -0.10732 -0.06671
0.27597 -0.10732 -0.05169
-0.18913 -0.10732 0.10677
-0.23466 -0.10732 0.12204
-0.02221 -0.10732 0.12942
0.04344 -0.10732 0.13599
0.24424 -0.10732 0.10752
0.34381 -0.10732 0.13154
0.28448 -0.10732 0.13203
0.40074 -0.10732 0.07302
0.06995 -0.10732 -0.00044
0.26967 -0.10732 0.01437
0.33981 -0.10732 -0.01298
0.07663 -0.10732 0.07752
0.39886 -0.10732 0.11984
0.11346 -0.10732 0.01373
0.33255 -0.10732 -0.06936
0.25653 -0.10732 -0.02446
0.37944 -0.10732 -0.10746
0.19765 -0.10732 -0.03701
0.33666 -0.10732 0.13847
-0.11191 -0.10732 0.13964
0.09391 -0.10732 0.07402
0.00906 -0.10732 0.06461
0.37086 -0.10732 -0.03611
0.38849 -0.10732 -0.04108
0.32196 -0.10732 0.00579
-0.15408 -0.10732 0.12957
0.04838 -0.10732 0.04842
0.01222 -0.10732 0.13819
0.33947 -0.10732 0.03577
-0.17203 -0.10732 0.07023
0.27035 -0.10732 -0.00713
0.07431 -0.10732 0.09424
-0.02792 -0.10732 0.04101
0.18829 -0.10732 0.11113
0.11813 -0.10732 0.02444
0.37549 -0.10732 0.14705
0.00766 -0.10732 0.11091
0.20411 -0.10732 0.09475
0.18580 -0.10732 0.02803
0.20060 -0.10732 0.13616
0.32985 -0.10732 0.14570
0.31722 -0.10732 -0.10895
0.03728 -0.10732 0.06954
0.01050 -0.10732 0.01501
0.39396 -0.10732 0.01731
0.38659 -0.10732 0.10295
0.00000 -0.10732 0.04431
0.13661 -0.10732 -0.04670
0.03355 -0.10732 0.14298
0.37324 -0.10732 -0.06809
0.39089 -0.10732 -0.13463
-0.27124 -0.10732 0.14811
0.19963 -0.10732 -0.06314
-0.24113 -0.10732 0.14098
0.04147 -0.10732 0.12657
0.08756 -0.10732 0.00041
-0.04201 -0.10732 0.05849
-0.08779 -0.10732 0.08540
-0.26363 -0.10732 0.12950
-0.21116 -0.10732 0.11017
0.38263 -0.10732 -0.00800
0.11624 -0.10732 0.00691
0.38229 -0.10732 0.09674
0.05656 -0.10732 0.09941
-0.00270 -0.10732 0.01065
0.22769 -0.10732 0.01611
-0.23610 -0.10732 0.11510
0.07131 -0.10732 0.01171
-0.01758 -0.10732 0.10305
0.32972 -0.10732 -0.04021
-0.05868 -0.10732 0.11349
0.23875 -0.10732 0.01943
0.19773 -0.10732 0.12389
-0.07185 -0.10732 0.12386
0.11623 -0.10732 0.05386
0.18827 -0.10732 -0.06317
0.04197 -0.10732 0.08952
0.27058 -0.10732 0.07022
0.16054 -0.10732 -0.03848
0.21640 -0.10732 0.07013
0.40314 -0.10732 0.01703
-0.13096 -0.10732 0.10047
0.06068 -0.10732 0.00076
-0.00438 -0.10732 0.06302
-0.06515 -0.10732 0.10634
0.20022 -0.10732 0.01094
-0.31410 -0.10732 0.12663
0.11634 -0.10732 0.11338
0.27368 -0.10732 -0.03540
0.30172 -0.10732 0.12633
0.40063 -0.10732 -0.02874
0.35746 -0.10732 -0.05681
-0.09887 -0.10732 0.07369
0.00043 -0.10732 0.09107
-0.19968 -0.10732 0.11703
0.35816 -0.10732 0.11844
-0.14733 -0.10732 0.08890
-0.17406 -0.10732 0.13204
-0.20616 -0.10732 0.08815
-0.08325 -0.10732 0.05646
0.19408 -0.10732 -0.03388
0.27576 -0.10732 0.01387
0.13608 -0.10732 0.14699
0.18123 -0.10732 0.06859
0.00012 -0.10732 0.08458
0.12730 -0.10732 -0.01430
0.36220 -0.10732 0.08259
0.26351 -0.10732 -0.07696
0.20630 -0.10732 0.03547
-0.12025 -0.10732 0.06405
-0.33103 -0.10732 0.14402
-0.24489 -0.10732 0.13772
0.32752 -0.10732 0.05145
-0.01119 -0.10732 0.11268
0.40288 -0.10732 0.05893
0.08878 -0.10732 0.06817
0.27399 -0.10732 -0.01846
0.09387 -0.10732 0.13397
0.40548 -0.10732 0.10546
0.18632 -0.10732 0.07437
0.25553 -0.10732 -0.04776
0.24382 -0.10732 -0.03307
0.31985 -0.10732 -0.01523
0.24777 -0.10732 0.07361
0.17142 -0.10732 0.07346
0.37102 -0.10732 0.00338
0.33467 -0.10732 0.00220
0.35713 -0.10732 -0.06884
0.09788 -0.10732 0.06338
-0.01493 -0.10732 0.07119
0.32521 -0.10732 -0.08724
0.34047 -0.10732 0.09813
0.20610 -0.10732 0.14748
-0.03232 -0.10732 0.10854
0.09404 -0.10732 0.00168
0.24888 -0.10732 -0.03431
0.03181 -0.10732 0.05101
0.25058 -0.10732 0.03061
0.24681 -0.10732 0.05408
0.12791 -0.10732 0.02010
0.34341 -0.10732 0.14561
0.21688 -0.10732 -0.01550
0.23411 -0.10732 0.06449
0.15340 -0.10732 0.05605
0.38110 -0.10732 0.05620
-0.08445 -0.10732 0.13733
0.18034 -0.10732 -0.00659
0.34904 -0.10732 0.14541
0.36255 -0.10732 0.10044
0.16138 -0.10732 0.14190
0.16299 -0.10732 0.11400
0.16845 -0.10732 -0.00148
0.39862 -0.10732 0.00688
0.06018 -0.10732 0.02277
0.34361 -0.10732 0.06912
0.08663 -0.10732 -0.00675
-0.05089 -0.10732 0.14703
0.27886 -0.10732 0.00147
0.23805 -0.10732 -0.04614
0.15468 -0.10732 0.01846
0.39115 -0.10732 0.14226
0.24713 -0.10732 0.11928
0.26076 -0.10732 -0.06188
0.38770 -0.10732 -0.14389
0.37571 -0.10732 0.11284
-0.22167 -0.10732 0.11889
0.22345 -0.10732 0.10727
0.07481 -0.10732 0.14323
0.22480 -0.10732 -0.03158
0.31454 -0.10732 0.06273
0.38446 -0.10732 -0.07785
0.30386 -0.10732 -0.01830
0.15988 -0.10732 0.07150
-0.29251 -0.10732 0.13885
0.36482 -0.10732 -0.03787
0.21478 -0.10732 0.08943
0.03469 -0.10732 0.13376
0.36830 -0.10732 -0.05096
0.24128 -0.10732 -0.02277
0.39336 -0.10732 -0.01181
-0.08718 -0.10732 0.14301
0.39788 -0.10732 -0.07870
0.26480 -0.10732 -0.09615
0.17928 -0.10732 0.01396
0.25998 -0.10732 0.02402
0.07862 -0.10732 0.00050
0.06262 -0.10732 0.11931
0.20175 -0.10732 -0.07136
0.16339 -0.10732 0.03020
0.23039 -0.10732 0.10500
0.09050 -0.10732 0.05111
0.37457 -0.10732 -0.12512
0.37065 -0.10732 0.03802
0.07141 -0.10732 0.13728
0.12369 -0.10732 -0.02804
0.27054 -0.10732 0.08358
0.27760 -0.10732 0.05938
0.39391 -0.10732 -0.12573
-0.18402 -0.10732 0.11679
0.09237 -0.10732 0.03003
0.23148 -0.10732 0.13226
0.35116 -0.10732 0.11688
0.02391 -0.10732 0.08035
0.02718 -0.10732 0.03329
0.26358 -0.10732 0.08313
-0.19840 -0.10732 0.10092
0.25903 -0.10732 0.00996
0.05136 -0.10732 0.05720
0.10559 -0.10732 0.08586
0.06767 -0.10732 0.12115
0.29211 -0.10732 0.01655
0.25660 -0.10732 0.03092
0.25832 -0.10732 -0.00588
0.35666 -0.10732 -0.02742
0.16884 -0.10732 0.12166
-0.03220 -0.10732 0.04913
0.07128 -0.10732 0.06855
0.10275 -0.10732 -0.00267
0.24992 -0.10732 0.01151
0.20898 -0.10732 0.00938
0.24324 -0.10732 0.02991
0.18021 -0.10732 0.09873
-0.36092 -0.10732 0.14308
0.27298 -0.10732 0.05078
-0.25553 -0.10732 0.10408
0.25534 -0.10732 -0.03290
0.07849 -0.10732 0.05078
0.24015 -0.10732 0.12891
0.39501 -0.10732 -0.14067
0.30084 -0.10732 0.00810
0.21164 -0.10732 -0.05868
-0.08544 -0.10732 0.12655
0.19981 -0.10732 0.06511
0.39137 -0.10732 0.02974
0.40145 -0.10732 -0.10353
-0.11207 -0.10732 0.08574
0.29947 -0.10732 -0.08654
-0.09585 -0.10732 0.13878
0.37510 0.00087 -0.13476
-0.30949 0.10872 -0.05815
0.11484 0.03821 -0.13470
-0.44330 -0.02429 -0.05479
-0.33366 0.06989 -0.11877
0.33350 -0.05130 -0.12895
0.33348 -0.04979 -0.13502
-0.42845 -0.05195 0.00311
-0.06380 0.05894 -0.10308
-0.19632 -0.06011 0.15645
-0.03805 0.11373 -0.06517
-0.01060 0.11369 -0.06553
0.40142 -0.05395 -0.12021
-0.16092 -0.07108 0.13392
-0.14021 0.00206 0.09776
-0.15443 0.09816 -0.10361
-0.04414 0.05592 -0.09183
0.28487 -0.02951 0.15568
-0.21820 -0.07605 0.15340
0.14106 0.05286 -0.06924
0.13580 0.05255 0.02543
0.14169 0.05290 -0.09212
0.13386 0.05244 0.01041
0.13234 0.05235 0.05761
-0.38291 -0.04779 0.12921
0.00443 0.08597 0.11184
0.41835 -0.00451 0.04724
-0.14228 0.02832 -0.03300
-0.09641 0.00742 -0.03300
-0.13823 0.00886 -0.03300
-0.01798 0.01226 -0.05587
-0.06157 0.06800 0.12166
-0.09977 0.07992 0.11489
-0.12700 0.08713 0.11080
-0.12739 0.07609 0.11707
-0.04589 0.06325 0.12436
0.13067 0.05539 0.12241
-0.00178 -0.00598 0.09479
-0.28038 0.11037 -0.06296
-0.21862 0.11009 -0.07300
-0.07973 0.11047 -0.08591
-0.27673 0.10878 -0.07866
-0.16118 0.10996 -0.08107
-0.28261 0.10892 -0.07654
-0.26424 0.10948 -0.07338
-0.20125 0.11060 -0.07015
-0.30247 0.11064 -0.05767
0.30162 -0.05730 -0.13876
-0.12554 -0.03194 0.05727
-0.08499 -0.03194 0.10511
-0.08896 -0.03194 0.09768
-0.14347 -0.03194 0.06762
-0.12232 -0.03194 0.06444
-0.09598 -0.03194 0.09173
-0.10062 -0.03194 0.08633
-0.13165 -0.03194 0.01490
-0.08125 -0.03194 0.12030
-0.14069 -0.03194 0.07184
-0.09462 -0.03194 0.11935
-0.10775 -0.03194 0.05981
-0.10131 -0.03194 0.11066
-0.12191 -0.03194 0.01883
-0.13491 -0.03194 0.08142
-0.34227 0.07603 -0.10119
-0.01032 0.00199 -0.05258
-0.44097 -0.00588 -0.01601
-0.30001 0.10905 0.08212
-0.29645 0.10944 0.07876
-0.28841 0.10966 0.07764
-0.21059 0.11155 0.06854
-0.20327 0.11133 0.07149
-0.27909 0.11019 0.07361
-0.25298 0.10963 0.08211
-0.26412 0.11140 0.06369
-0.18859 0.11158 0.07085
-0.06012 0.10866 0.09107
-0.33938 0.04663 0.12036
-0.30221 0.04492 0.12272
-0.20019 0.04030 0.13320
-0.14373 0.01196 0.06364
0.23074 -0.04197 -0.15606
-0.39129 0.02494 -0.11577
0.13818 0.05097 -0.10710
-0.02759 0.09625 -0.10356
0.00651 -0.00788 0.08914
-0.42270 -0.04594 -0.05808
-0.07962 -0.00056 0.05328
-0.08785 -0.00216 0.05281
-0.08100 -0.00086 0.07518
-0.11400 -0.00730 0.09741
-0.06325 0.03206 -0.13676
-0.06879 0.03047 -0.13737
0.24878 -0.11366 0.12532
-0.03502 0.10934 0.08933
-0.12563 -0.00453 0.11580
-0.26649 -0.03759 0.10559
-0.26851 -0.04483 0.09835
-0.26631 -0.03692 0.13844
0.07026 0.01280 0.04911
0.25335 0.04040 0.06282
0.23540 0.04147 0.06708
0.14072 0.05250 0.01211
0.13476 0.05209 0.08772
0.13343 0.05208 0.09973
0.14503 0.05042 0.09817
-0.42038 -0.00426 0.05879
0.15508 0.02482 0.12298
0.36783 0.01701 0.10965
-0.34280 0.03314 0.13259
-0.25019 0.03232 0.13781
-0.33431 0.03182 0.13637
0.04478 -0.00192 0.07866
0.42152 -0.01369 0.05368
0.18700 0.02612 -0.13959
-0.43569 -0.02523 -0.00862
-0.02288 0.00007 -0.12665
-0.17960 -0.00654 -0.12539
-0.06806 0.03829 -0.13389
-0.15102 -0.01550 -0.12369
-0.10185 -0.00485 -0.12571
-0.02760 0.00856 -0.12826
-0.10073 0.03324 -0.13293
-0.12264 -0.00567 -0.12556
-0.12641 -0.03951 -0.11914
0.06701 0.03162 -0.13263
-0.10391 0.01492 -0.12946
-0.13190 0.03443 -0.13316
0.03622 0.02084 -0.13058
-0.15237 0.02883 -0.13210
-0.15924 0.02968 -0.13226
-0.15459 -0.04085 -0.11889
0.08919 0.03386 -0.13305
-0.12604 0.02046 -0.13051
-0.15595 0.02022 -0.13047
-0.11212 0.01848 -0.13014
0.02556 0.02411 -0.13120
0.02405 0.00832 -0.12821
-0.08146 0.00308 -0.12722
-0.03806 0.02280 -0.13095
-0.10237 -0.01619 -0.12356
-0.06716 0.01643 -0.12975
-0.02513 -0.00791 -0.12513
-0.04362 0.01078 -0.12868
-0.02210 0.00735 -0.12803
-0.06740 0.02640 -0.13164
-0.05571 -0.00232 -0.12619
0.02569 0.01583 -0.12963
-0.02618 0.03216 -0.13273
-0.11733 -0.02183 -0.12249
0.00426 0.01888 -0.13021
-0.03576 0.00256 -0.12712
-0.16465 -0.03699 -0.11962
-0.12339 0.01308 -0.12911
-0.08198 0.01211 -0.12893
-0.13990 -0.03868 -0.11930
0.15417 0.01014 0.06928
-0.14259 0.01313 0.15328
0.20441 -0.06035 -0.12449
0.22636 0.02179 0.14425
0.03259 0.11081 0.01263
0.12221 0.04351 0.04763
0.11779 0.02800 -0.13831
0.07304 0.03225 -0.13670
0.13539 0.03382 -0.13610
-0.06736 0.00113 0.03885
0.29761 0.00080 -0.12278
-0.24775 -0.01599 -0.13745
-0.06658 -0.05421 -0.11500
-0.15612 -0.05253 -0.11500
-0.09036 -0.05040 -0.11500
-0.17068 -0.04757 -0.11500
-0.04343 -0.04587 -0.11500
-0.19176 -0.03559 -0.11500
-0.16935 -0.03735 -0.11500
-0.16707 -0.06021 -0.11500
-0.11706 -0.05865 -0.11500
-0.08035 -0.04490 -0.11500
-0.02221 -0.04921 -0.11500
-0.15262 -0.03723 -0.11500
-0.03632 0.02885 0.03418
-0.02901 0.06451 0.12525
-0.37064 0.05218 0.03780
-0.32627 0.05230 -0.00321
-0.37583 0.05204 0.01845
-0.38281 0.05212 0.04402
-0.37288 0.05220 0.04716
-0.39550 0.05184 0.00627
-0.35711 0.05210 0.00233
-0.34730 0.05226 0.01985
-0.39436 0.05182 0.00077
0.35648 -0.07007 0.13806
0.20940 0.04088 -0.09423
-0.14767 0.01592 -0.05156
0.12020 0.03982 -0.16095
0.18652 -0.06513 -0.15655
0.11494 0.02208 -0.11500
0.12979 0.02236 -0.11500
-0.04800 0.11110 -0.08154
-0.04105 0.11095 -0.08282
0.00166 0.11250 -0.06732
-0.38942 0.02290 -0.12106
-0.24090 0.09382 -0.10626
0.41167 -0.06519 -0.03823
0.38716 0.00246 0.11404
0.36361 -0.01544 -0.15425
0.31859 0.01398 0.14501
0.29281 0.01794 0.14034
-0.16126 0.05585 0.06023
-0.04363 0.11503 0.00646
-0.01350 0.11490 0.01235
-0.05649 0.11509 0.00369
-0.03773 0.11480 0.01668
-0.04571 0.11493 0.01073
0.00918 -0.00804 0.08444
0.12210 0.04512 0.10258
0.30509 0.03251 -0.09858
0.31587 0.03141 -0.09886
-0.21290 -0.08140 0.15143
0.04184 0.00104 -0.07984
0.29262 0.01703 -0.14444
0.28057 0.01920 -0.14086
0.28307 -0.06392 -0.14421
-0.20231 0.09589 -0.10610
-0.07354 -0.00060 0.09843
0.39300 0.02216 -0.00865
-0.32747 0.02241 -0.14799
-0.18194 0.02488 0.14507
-0.16960 0.02466 0.14404
-0.02521 0.09923 0.10146
-0.35904 0.06849 0.09025
0.28884 -0.06903 0.13836
-0.07721 -0.05449 -0.15819
-0.04561 0.05143 0.04360
-0.32416 0.08867 0.09766
-0.02980 0.09958 0.09960
-0.05091 0.03917 -0.13225
-0.16375 0.03917 -0.12547
-0.15859 0.03917 -0.12622
-0.14147 0.03917 -0.12718
-0.18106 -0.11440 0.15289
0.01449 -0.00772 -0.05672
0.04881 -0.00100 -0.08865
0.02973 -0.00477 -0.04770
0.03816 -0.00309 -0.07970
-0.11762 0.02758 0.13847
0.02575 0.01749 -0.15339
-0.37022 -0.05466 -0.08859
0.30997 -0.02437 -0.13034
-0.03250 0.11542 -0.02946
-0.02265 0.11573 -0.01528
-0.23195 -0.08780 0.12704
-0.12374 -0.06094 0.15570
-0.24796 -0.01716 -0.12664
0.04870 -0.01373 0.01012
0.08904 0.01323 0.00505
-0.44839 -0.02078 0.04536
0.40068 -0.05296 0.12341
-0.22252 -0.09411 -0.12706
0.23547 -0.11493 -0.15438
-0.35068 -0.07056 -0.10161
-0.32713 -0.07287 -0.09205
0.17777 0.04655 0.08468
0.16239 0.05024 0.08128
-0.23697 -0.08214 -0.12094
0.21670 -0.05007 -0.12683
-0.32992 0.03055 -0.13692
0.08070 0.03301 0.03807
0.02886 0.03230 0.13667
0.06903 0.02961 0.13770
0.41328 -0.00850 0.08080
-0.20970 -0.00692 -0.09311
-0.20939 -0.00661 -0.07555
-0.21587 -0.01307 -0.12897
0.22774 0.01226 -0.15491
-0.27673 0.10887 -0.08663
-0.24126 0.10978 -0.08204
-0.21649 0.10994 -0.08340
-0.18475 0.11135 -0.07352
-0.28713 0.11164 -0.05859
-0.29720 0.11121 -0.06161
-0.13929 0.11051 -0.08703
-0.22031 0.11028 -0.07971
0.31175 -0.01576 -0.16242
-0.04734 0.06012 -0.07797
0.21832 0.04105 -0.04029
-0.40713 -0.02533 -0.12741
-0.42374 0.00652 -0.00919
-0.21405 -0.03939 -0.15398
0.29271 -0.07357 -0.15541
-0.15923 -0.10018 0.12278
-0.35434 0.05680 0.11340
-0.33159 0.08320 0.09862
0.16310 0.02434 -0.14362
-0.09191 -0.00010 -0.03961
-0.03314 0.06071 -0.12687
0.25483 -0.09393 0.12792
0.18705 -0.04534 0.11454
0.19410 -0.04045 0.08283
0.19298 -0.04122 0.10573
0.20239 -0.03470 0.08489
-0.31762 -0.03519 -0.15734
0.31131 -0.04460 -0.16254
-0.06991 0.11951 0.08607
-0.12981 -0.04176 -0.12632
-0.13062 -0.03804 -0.13923
0.35192 0.01086 0.13306
0.39984 0.01796 0.02836
0.39808 0.02043 0.00260
0.12084 0.07790 0.07241
0.06903 0.09722 0.08689
0.12429 0.07719 0.06370
-0.23215 -0.07509 0.15045
-0.09122 0.00031 0.09985
-0.17080 -0.07903 0.12363
0.35358 0.02948 0.06873
0.34853 0.03080 0.06480
-0.30359 0.10767 0.07867
0.37599 -0.02722 -0.15549
0.30640 -0.00579 0.10958
0.31138 -0.00960 0.09135
-0.15592 0.02673 0.09302
-0.40849 -0.06463 -0.07669
0.15636 0.00613 -0.12330
-0.33054 0.06047 -0.12326
-0.38697 0.04665 0.08543
-0.16668 0.10866 0.09180
-0.28848 0.10766 0.09054
0.41125 -0.04521 0.07228
-0.15076 -0.07099 -0.15751
0.19333 -0.04098 -0.09626
0.19352 -0.04085 -0.08412
0.19995 -0.03639 -0.08940
0.28808 -0.05440 0.15459
-0.41278 -0.04849 -0.09693
-0.23663 -0.02661 -0.15539
-0.32737 -0.01271 0.15468
0.39665 -0.05401 0.12663
-0.21786 -0.04805 0.15471
-0.16820 -0.00303 0.11708
-0.10381 -0.00293 0.11708
-0.01697 -0.00210 0.11708
0.43591 -0.03702 -0.09710
0.33547 -0.06855 0.08852
0.41864 -0.04641 0.00360
0.35163 -0.06818 0.14647
0.02515 0.09235 -0.10729
0.23240 -0.09120 0.14943
0.20747 -0.06176 0.16254
0.28403 -0.03265 -0.16018
0.23890 -0.04608 0.15889
-0.42413 -0.02733 -0.04824
-0.27594 -0.07310 -0.10892
0.31047 -0.00891 -0.12376
0.31097 -0.00929 -0.09622
0.34932 0.02963 -0.08648
0.29642 -0.01013 -0.12963
-0.40644 -0.06137 0.08828
0.23997 -0.01665 0.16152
-0.24353 0.01346 0.15370
-0.38109 -0.04734 -0.13022
-0.23580 -0.04725 -0.15066
-0.03679 0.11560 0.02120
-0.38457 -0.06889 -0.03358
-0.39869 -0.06808 -0.00445
-0.34236 -0.07279 -0.00284
-0.37181 -0.06997 -0.03207
-0.37697 -0.06982 -0.01009
-0.35416 -0.07177 -0.00592
-0.07830 0.00133 -0.06719
0.01301 0.01603 -0.15327
-0.25516 -0.05990 0.11947
0.33390 -0.05242 -0.08858
0.33454 -0.05733 -0.07564
0.33391 -0.05709 -0.12317
0.20610 -0.06833 0.12449
0.19250 0.05101 0.10161
-0.37643 -0.02451 0.14593
0.27915 -0.04227 0.15839
-0.04274 0.11205 0.07235
-0.02221 0.11393 0.05399
-0.05841 0.11284 0.06461
-0.12227 -0.00422 -0.04059
0.26632 -0.04697 0.16114
0.33972 -0.06175 0.15492
0.40009 -0.01904 0.12383
0.21399 0.03018 -0.12786
0.29506 0.03141 -0.10678
-0.08267 -0.07312 0.13973
-0.11787 -0.07152 0.14244
0.11303 -0.07333 0.13939
-0.03957 -0.07046 0.14425
0.05062 -0.07352 0.13906
-0.15728 0.02866 -0.06824
-0.41545 -0.06056 -0.06752
-0.04681 0.05981 -0.03623
0.30459 0.03667 -0.02266
0.32067 0.03479 -0.03420
0.31789 0.03517 -0.03036
0.34362 0.03284 -0.02647
0.33224 0.03388 -0.02781
0.28265 0.03911 -0.01115
0.40669 -0.04978 0.06984
-0.21015 0.10705 -0.09094
-0.42301 -0.04801 -0.06477
-0.27993 0.08572 0.11094
-0.01531 0.00048 0.10782
0.00454 -0.02860 0.10782
-0.03648 0.03135 0.10782
-0.01468 -0.02426 0.10782
0.01328 -0.03174 0.10782
-0.00627 -0.00567 0.10782
-0.02071 -0.00169 0.10782
-0.01983 0.00904 0.10782
0.21828 0.01153 0.15569
-0.41939 -0.05628 0.08094
0.08340 0.02178 -0.11100
0.04751 -0.01873 -0.15819
0.01764 -0.02017 -0.15819
0.08490 -0.02074 -0.15819
0.11359 -0.02253 -0.15819
0.10453 -0.00393 -0.15819
0.11208 -0.00803 -0.15819
-0.20476 -0.08895 0.15016
0.26786 0.01311 0.15275
0.27769 0.01277 0.15259
-0.02403 0.01494 -0.09279
0.04354 0.00113 0.08760
0.06042 0.10454 0.01111
0.39258 -0.04084 0.14928
-0.14812 0.02648 -0.11679
-0.41513 -0.05907 -0.09029
0.17444 0.04313 -0.10435
-0.40949 -0.03915 0.09456
-0.32582 0.09659 -0.08050
0.41746 -0.04677 -0.01200
0.41925 -0.04610 -0.00146
0.03518 -0.02969 -0.01561
0.13036 0.04851 -0.11975
-0.26099 0.03340 0.13198
0.16491 0.01397 0.15523
0.40463 -0.02257 0.13646
0.41525 -0.01794 -0.10268
-0.23505 0.10119 0.09750
0.21666 -0.04269 -0.16141
-0.06880 -0.00119 0.06202
-0.25473 -0.07337 -0.07376
0.12737 0.05094 0.10887
0.42299 -0.02425 -0.12409
-0.34469 -0.04038 0.15078
-0.37992 0.03013 0.12404
0.38562 0.01999 -0.08103
0.12741 0.01322 0.15589
0.10800 0.01697 0.15318
-0.13270 0.01565 0.15254
-0.05152 0.06203 -0.09554
-0.31131 0.07492 -0.11743
-0.42956 -0.02573 -0.05751
0.40317 -0.00941 0.10085
-0.18159 0.05806 -0.04453
-0.20507 -0.11964 0.13885
-0.31852 0.10859 -0.01771
0.12729 0.01327 0.09086
-0.07331 0.00182 -0.04163
0.15724 0.05064 0.00613
0.15872 0.05082 0.02259
0.15712 0.05063 0.08719
-0.06630 0.11159 -0.07676
-0.20865 0.11098 -0.06567
-0.21931 0.11186 -0.05596
-0.22168 0.11139 -0.06016
-0.15661 0.11148 -0.06707
-0.07787 0.11226 -0.06901
-0.10477 0.11250 -0.06351
-0.11076 0.11117 -0.07554
-0.40588 -0.06543 0.05288
0.23173 0.00454 0.14640
0.22598 0.00216 0.14982
0.12524 0.05646 0.00913
0.12864 0.05803 0.03487
-0.12587 -0.04653 0.15007
-0.37839 -0.04961 0.13367
-0.26490 0.05444 0.12825
-0.32107 0.10558 -0.03941
0.06094 0.00151 -0.03276
0.27701 0.00883 -0.15565
-0.36926 -0.06827 0.12076
-0.34154 -0.07024 0.12524
0.20782 -0.04228 0.12449
0.02931 0.11156 0.03638
0.03015 0.11111 0.04980
0.11899 0.04826 0.09549
-0.08619 -0.00196 0.06844
-0.31090 0.07101 0.12098
0.13511 0.05457 -0.05983
0.14326 0.05458 -0.03125
0.14404 0.05525 -0.01041
0.16206 0.05521 0.05129
0.13851 0.05823 0.05081
0.15092 0.05537 0.01692
0.14817 0.05608 0.02646
0.13688 0.05752 0.02597
-0.38263 0.03820 -0.11532
-0.19543 -0.01254 0.15820
-0.03371 0.02703 -0.06943
-0.01551 0.01778 0.15260
-0.17906 0.06118 0.07418
-0.16355 -0.04194 0.12617
0.10214 0.02332 -0.01954
0.25302 -0.01534 -0.13156
0.10972 0.02479 0.06903
0.23802 -0.06596 -0.14032
-0.35665 0.07757 -0.05738
-0.33901 0.09207 -0.05503
0.03060 -0.00220 -0.10101
-0.23409 -0.07703 -0.15198
0.15544 -0.02742 -0.00662
0.15527 -0.02549 -0.03269
0.15568 -0.03009 -0.09618
0.15425 -0.01392 -0.01860
0.15409 -0.01210 -0.06120
0.15288 0.00166 -0.09076
0.15341 -0.00428 -0.07356
0.19205 0.05318 -0.07331
-0.15213 -0.08234 0.11960
0.15539 0.04722 -0.11170
-0.40994 -0.00338 -0.09278
-0.06115 0.05347 0.10726
-0.08339 -0.00151 -0.06963
-0.04659 0.08744 -0.11092
-0.08132 0.09633 -0.10477
0.10800 -0.03194 0.00849
0.14837 -0.03194 0.01854
0.08578 -0.03194 -0.00436
0.15495 -0.03194 0.01686
0.11662 -0.03194 0.01179
0.09286 -0.03194 0.00064
0.10684 -0.03194 -0.00356
0.23204 -0.09933 -0.12449
-0.37751 -0.06760 0.09097
-0.16965 0.06197 -0.10271
-0.38718 -0.00123 -0.13172
-0.35039 0.04684 0.06368
-0.37955 0.04827 0.06060
-0.35665 0.04718 0.06558
-0.38940 0.04869 0.05497
-0.04348 0.05424 -0.02961
0.42050 -0.00473 0.01313
0.35633 -0.00396 0.15393
-0.13774 0.00715 0.03216
-0.14406 0.01892 0.02382
-0.15587 0.04090 0.00423
-0.14209 0.01525 0.02910
-0.15050 0.03091 0.01615
0.24678 0.01400 0.15300
-0.05609 0.11192 -0.07367
-0.05332 0.11233 -0.06965
-0.04966 0.11338 -0.05936
-0.12951 0.02353 0.14510
-0.15185 0.02292 0.14620
0.22682 -0.07294 -0.15532
-0.20880 0.11256 -0.05931
-0.20077 0.11210 -0.06451
-0.18572 0.11338 -0.05451
-0.11521 0.11389 -0.05811
-0.15413 0.11153 -0.07540
-0.14154 0.11314 -0.06200
-0.10281 0.11191 -0.07800
-0.09756 0.11172 -0.08042
-0.07369 0.11473 -0.05531
-0.14405 0.11165 -0.07547
0.16417 0.04430 -0.11627
-0.00898 -0.00506 0.05136
-0.16312 0.05858 -0.04080
0.39302 -0.05196 0.11865
0.10209 0.08733 -0.04437
0.11507 0.08332 -0.01581
0.12115 0.08109 -0.01047
0.10058 0.08754 -0.05359
0.10127 0.08814 -0.03312
-0.22452 -0.05531 -0.13604
-0.15955 0.01007 0.11500
-0.17386 0.00637 0.15678
-0.00184 0.11372 0.05599
-0.01679 0.11284 0.06460
-0.04196 0.11073 0.08488
0.27522 -0.08843 -0.15888
0.32293 -0.02337 0.12301
-0.23935 0.06342 0.12415
-0.27719 0.07658 0.11616
-0.29612 0.08146 0.11321
-0.29891 0.06194 0.12505
-0.29708 0.07310 0.11827
-0.26493 0.10789 -0.08678
-0.18520 0.10906 -0.08629
-0.25653 0.09239 0.10710
-0.21468 0.08859 0.10949
-0.19230 0.07088 0.11985
-0.23448 0.09388 0.10634
-0.19590 0.07952 0.11483
-0.22717 0.08420 0.11197
-0.18955 0.07646 0.11663
0.24831 -0.11512 0.16049
-0.18309 -0.07866 0.15061
-0.27190 -0.04982 0.12497
-0.27029 -0.04219 0.15475
0.24491 -0.11561 -0.12750
0.39666 -0.05737 0.09557
-0.38099 0.02970 -0.12197
-0.40656 0.04818 0.00009
0.23684 -0.02058 -0.13490
0.28079 -0.07215 -0.14461
-0.13720 -0.02892 -0.10171
-0.23673 -0.07623 0.13180
-0.33983 0.03235 -0.13706
0.06836 0.08443 -0.11016
-0.39919 0.01173 0.10746
-0.17199 0.06197 0.05112
-0.12540 -0.05664 -0.10459
0.33660 0.00559 0.15131
-0.15432 -0.02107 0.14198
-0.32922 0.09933 0.05230
-0.31800 0.10684 0.05295
0.37477 -0.06877 0.10076
0.39469 -0.06921 0.07747
-0.30452 0.09902 -0.09978
-0.03668 0.03356 -0.05231
-0.13305 -0.03238 0.07472
-0.13205 -0.03476 0.12440
-0.25466 -0.02802 0.16374
-0.16853 -0.01771 -0.11621
-0.17327 -0.01692 -0.15188
-0.40970 0.00136 -0.08745
-0.22821 0.11288 -0.05274
-0.23959 0.11296 -0.04232
-0.26011 0.11294 -0.03190
-0.25841 0.11306 -0.02730
-0.29596 0.11230 -0.03980
-0.18495 0.11373 -0.03933
-0.22051 0.11352 -0.02845
-0.25281 0.11333 -0.01871
-0.25102 0.11284 -0.04154
-0.24864 0.11259 -0.05365
-0.30538 0.11282 -0.01105
-0.12987 0.11427 -0.04678
-0.29069 0.11274 -0.02317
-0.29264 0.11247 -0.03393
-0.29848 0.11236 -0.03572
-0.29052 0.11238 -0.03906
0.21225 0.04087 0.06363
0.29684 -0.03829 0.14454
-0.14728 0.10779 0.09091
-0.40802 0.04412 0.01397
0.29871 -0.02294 -0.16254
-0.16161 0.06676 0.09480
-0.22043 -0.01618 -0.14993
-0.22228 -0.01649 -0.13613
-0.17809 0.06198 -0.03360
0.21277 0.04103 0.04913
-0.41404 -0.03054 0.08219
-0.16304 -0.07609 -0.15006
0.22392 -0.03440 0.15619
-0.00748 -0.00547 -0.06571
-0.00865 -0.00525 -0.08438
-0.02376 0.01248 -0.06835
-0.03489 0.02581 -0.05190
-0.01011 -0.00315 -0.07630
-0.29126 0.09676 -0.10405
-0.06079 -0.01578 0.00612
-0.09548 -0.01748 0.00677
-0.26924 -0.04497 -0.12422
-0.27032 -0.04481 -0.13827
-0.07535 -0.01218 -0.00130
-0.11505 -0.00415 -0.05655
0.39356 -0.06560 -0.10290
-0.32501 -0.07241 0.11317
0.15719 0.01313 0.12335
0.40771 -0.05179 -0.04108
0.22125 -0.05094 -0.15971
-0.20247 -0.03709 -0.15426
0.16571 0.01075 -0.15749
0.25277 0.03836 -0.09429
0.27741 0.03582 -0.09542
0.12752 0.05186 0.02466
-0.18955 -0.10544 -0.11947
-0.15971 -0.04929 0.11500
-0.09148 -0.03618 0.11500
0.14727 -0.03228 0.11500
-0.07193 -0.04306 0.11500
-0.12316 -0.04860 0.11500
-0.04881 -0.04698 0.11500
-0.11790 -0.03817 0.11500
-0.01886 -0.03686 0.11500
0.00952 -0.03823 0.11500
-0.16485 -0.04421 0.11500
-0.14352 -0.05383 0.11500
-0.08708 -0.03401 0.11500
0.29362 -0.07910 0.13993
0.20976 -0.02101 -0.13061
-0.20169 -0.03838 0.13562
0.34777 -0.06836 0.09617
0.34113 -0.06848 0.10279
0.37534 -0.06987 0.01868
0.40658 -0.06860 0.00447
0.40114 -0.06902 0.00201
0.38379 -0.06996 0.00404
0.37222 -0.06871 0.05198
-0.38621 0.03933 0.10953
0.12692 0.04730 -0.10206
-0.12319 -0.06697 0.07510
-0.34352 -0.07253 0.06782
0.10068 0.06831 -0.12161
-0.17808 -0.07802 0.13708
-0.32888 -0.07317 0.08500
0.23189 -0.06858 0.14133
-0.03785 0.04035 -0.11164
0.26689 -0.01997 0.15622
0.33736 0.01242 -0.13819
0.08991 0.05878 0.07901
0.12826 0.04383 0.15741
0.00790 -0.00656 0.03252
0.38583 0.02243 -0.04926
0.39167 0.02132 -0.02940
-0.32281 0.09704 -0.08808
-0.23905 -0.01960 -0.15600
-0.05705 -0.00512 0.06459
0.18862 0.04409 0.08374
0.43953 -0.03368 -0.09122
-0.30621 0.00682 0.15774
-0.07732 0.03623 0.11751
0.43504 -0.02057 0.09382
-0.08886 -0.06574 0.15149
-0.14719 -0.02653 -0.14899
0.22570 -0.08464 0.13878
-0.20918 -0.11623 -0.12219
-0.27614 0.01342 0.15439
0.40184 0.00087 -0.09303
0.33347 -0.04862 0.14829
-0.27568 0.08273 0.11255
0.19690 0.03032 -0.12924
-0.30187 -0.07338 0.09439
0.22822 -0.02806 0.14880
0.39841 -0.01837 -0.11828
0.25005 -0.09944 0.12608
-0.14236 0.01062 -0.05019
0.19638 -0.05532 0.14735
-0.31124 -0.07354 -0.08749
0.07221 -0.02386 -0.15888
-0.34356 -0.03039 0.15144
-0.16342 0.04986 -0.07778
-0.31379 0.09682 -0.09783
-0.25188 0.11375 0.00032
-0.07691 0.11493 0.04789
-0.11154 0.11514 0.01826
-0.18078 0.11440 0.01205
-0.17525 0.11458 0.00705
-0.07923 0.11507 0.03992
-0.08876 0.11488 0.04337
-0.21678 0.11378 0.01919
-0.22017 0.11401 0.00671
-0.16633 0.11446 0.01751
-0.27227 0.11345 0.00210
-0.13466 0.11512 0.00631
-0.23465 0.11388 0.00431
-0.01435 0.00254 -0.04571
-0.04488 0.06989 0.09159
-0.23865 -0.03055 0.12023
0.21844 0.04107 -0.09197
-0.41695 0.02273 0.00728
0.37039 -0.05401 0.14294
-0.05737 0.07118 -0.08413
0.12261 -0.05954 0.15705
-0.27166 -0.05404 0.16096
0.25220 0.04106 0.03747
0.24746 0.04192 0.01704
-0.32163 0.06163 -0.12675
0.05043 -0.05245 0.15820
-0.01724 -0.05017 0.15820
0.04262 -0.05073 0.15820
0.03689 -0.04481 0.15820
0.01586 -0.05058 0.15820
0.09234 -0.05363 0.15820
-0.19746 0.11248 0.05017
-0.29632 0.11166 0.03193
-0.16732 0.11308 0.04023
-0.08406 0.11386 0.05126
-0.25825 0.11188 0.04303
-0.22255 0.11230 0.04442
-0.23622 0.11212 0.04445
-0.29842 0.11174 0.02725
-0.19432 0.11302 0.02802
-0.27064 0.11203 0.02954
-0.23524 0.11235 0.03519
-0.29081 0.11167 0.03459
-0.23031 0.11264 0.02509
-0.15371 0.11311 0.04617
-0.20767 0.11266 0.03634
0.29170 -0.03936 0.12799
0.37679 -0.02994 0.15746
-0.24207 -0.04432 0.12430
-0.41167 -0.06493 -0.02652
-0.27511 -0.07269 0.12993
-0.14478 -0.06263 0.12026
0.27637 0.03366 0.10524
0.26196 0.03515 0.10455
0.32083 -0.02063 -0.14034
0.32392 -0.02465 -0.14628
0.40177 -0.05384 -0.12723
-0.15850 0.04341 -0.04733
-0.00081 0.01045 0.11343
0.40235 -0.06705 0.07586
-0.09720 -0.00079 -0.11744
0.42268 -0.03913 0.08678
-0.10074 -0.00119 0.09574
-0.19761 0.00094 -0.07975
-0.18900 -0.01098 -0.09484
-0.18755 -0.01345 -0.09949
0.29249 -0.07792 -0.13519
0.05983 -0.00094 -0.07267
0.20583 -0.01403 -0.15945
-0.42668 -0.02598 0.04066
-0.04177 0.03555 -0.07049
-0.15576 -0.00842 -0.11832
-0.17995 0.04585 -0.09982
-0.15798 -0.00343 -0.11587
-0.17152 0.02693 -0.06872
-0.17553 0.03593 -0.04748
-0.18302 0.05272 -0.09734
-0.16042 0.00204 -0.12075
-0.17774 0.04087 -0.12185
-0.16748 0.01787 -0.07620
-0.16412 0.01033 -0.11318
-0.16856 0.02028 -0.08311
0.32985 0.03409 0.02852
0.34226 0.03366 0.00365
0.30475 0.03685 0.01608
0.32465 0.03518 0.00868
0.33091 0.03420 0.02147
0.31237 0.03643 0.00615
-0.30001 -0.02210 0.15820
0.15743 -0.00771 -0.12189
0.15127 -0.00476 -0.12543
-0.40612 -0.05567 0.08414
0.25020 -0.02407 -0.15505
-0.01667 0.00538 0.04903
0.05312 -0.01071 -0.01200
-0.36764 0.05212 -0.06969
-0.35364 0.05232 -0.04550
0.03381 -0.00344 -0.09082
-0.03517 0.09267 0.10706
0.28497 -0.04976 0.14253
0.06030 -0.00060 -0.04192
-0.05903 0.01907 -0.15166
-0.10407 0.11421 -0.02467
-0.14364 0.11362 -0.02934
-0.19601 0.11327 -0.01593
-0.12230 0.11436 -0.00806
-0.21660 0.11320 -0.00787
-0.11645 0.11438 -0.01052
-0.08323 0.11457 -0.02031
-0.15717 0.11408 -0.00141
-0.15782 0.11341 -0.03071
-0.12050 0.11371 -0.03792
-0.22374 0.11315 -0.00591
-0.13416 0.11378 -0.02757
-0.11477 0.11401 -0.02792
-0.23538 0.11300 -0.00633
0.08112 0.03648 -0.13562
0.10560 0.04557 0.13598
-0.41792 -0.04488 0.07075
0.34355 0.03180 0.06342
0.28637 0.03722 0.06447
0.33269 0.03285 0.06259
0.33923 0.03237 0.05655
0.12291 0.05232 -0.09705
-0.20183 -0.10052 0.13470
-0.21778 -0.01498 0.14372
-0.21782 -0.01502 0.08731
-0.21529 -0.01250 0.07776
0.02591 -0.01225 -0.00805
-0.39476 0.04061 -0.08310
0.22117 0.04393 0.00021
0.07664 0.02875 0.07133
0.08297 -0.01951 0.15820
0.03587 -0.01717 0.15820
0.02854 -0.01615 0.15820
0.01507 -0.01385 0.15820
0.02400 -0.01470 0.15820
0.05949 -0.01325 0.15820
0.09542 -0.01612 0.15820
0.13414 0.04114 0.09475
0.14799 0.04221 -0.10919
0.14406 0.04211 -0.12817
-0.00336 -0.06607 -0.15119
0.05234 0.10587 0.04896
-0.22204 -0.09510 0.12215
-0.32697 -0.02730 0.15666
-0.27944 0.11252 0.00309
-0.19462 0.11363 0.00054
-0.25236 0.11274 0.00863
-0.26649 0.11268 0.00346
-0.15664 0.11371 0.01820
-0.17658 0.11384 0.00143
-0.16521 0.11374 0.01206
-0.09994 0.11399 0.03688
-0.15423 0.11388 0.01172
-0.10638 0.11465 0.00410
-0.07506 0.11467 0.02041
-0.07676 0.11486 0.01089
-0.09855 0.11456 0.01248
-0.02523 0.11597 0.00402
0.21500 -0.10225 -0.15265
-0.37661 0.06599 0.03319
-0.38430 0.05668 0.05050
-0.37806 0.06208 0.04825
-0.36967 0.07013 0.04090
0.00054 0.01498 0.15462
0.33004 -0.03730 0.08784
0.33033 -0.03799 0.07932
0.36578 -0.06861 0.11287
0.15026 0.00894 0.04669
-0.36437 -0.06056 -0.07832
-0.16469 -0.03554 -0.12539
0.20400 0.03559 0.11535
-0.38411 0.03375 0.12073
-0.12879 0.11235 0.07087
-0.11613 0.11236 0.07225
-0.06900 0.11291 0.07279
-0.19681 0.11310 0.05575
-0.16613 0.11171 0.07235
-0.09335 0.11209 0.07750
-0.08761 0.11280 0.07153
-0.21992 0.11242 0.05932
-0.12668 0.11338 0.06147
-0.17258 -0.08444 0.15527
-0.31286 0.10903 -0.03551
0.01676 0.10534 -0.09561
-0.31805 0.09012 -0.10051
-0.36457 -0.01471 -0.15092
-0.37709 -0.05684 -0.13101
-0.31904 0.05220 -0.00522
0.31877 -0.02379 -0.16171
0.26596 -0.09952 0.12694
-0.36411 0.05737 0.10594
-0.24529 0.07475 -0.11727
-0.30079 0.06095 -0.12564
-0.21671 0.06835 -0.12116
-0.30475 0.07625 -0.11636
-0.17464 0.06241 0.11788
-0.15604 0.02795 0.06872
-0.14611 0.00974 0.04957
-0.14211 0.00238 0.04891
-0.14615 0.00980 0.05819
-0.27548 0.09395 0.10616
-0.15428 -0.00987 -0.15819
-0.14829 0.01433 0.08333
0.27995 -0.09322 -0.13664
-0.16201 0.05543 -0.04969
-0.17602 0.05376 -0.11351
-0.20511 -0.00353 -0.10520
-0.14128 0.00896 0.05098
-0.27491 -0.07375 0.11281
-0.09837 -0.00423 -0.07861
-0.11863 -0.00820 -0.05138
-0.09187 -0.00297 -0.07519
-0.38796 -0.04731 -0.12554
0.44175 -0.02154 -0.07491
-0.42536 -0.04060 -0.03249
-0.37933 -0.06333 0.12507
0.40643 -0.05931 0.02282
-0.20515 0.10176 0.09739
-0.06931 0.09959 0.09956
0.21774 -0.00595 0.10142
-0.22479 -0.01815 0.16175
0.33383 -0.05731 0.13110
0.33493 -0.06242 0.08310
-0.42209 -0.00644 -0.09145
-0.40134 -0.06752 -0.07226
-0.36790 -0.06862 0.11509
-0.39730 -0.01050 -0.13394
-0.15240 0.02422 0.08599
-0.42781 -0.04244 0.01825
0.35841 -0.06890 0.12801
-0.30473 -0.07372 0.11871
-0.02597 0.02314 0.04735
0.41452 -0.03909 -0.10040
-0.15545 0.04011 -0.03585
0.09433 0.09014 0.05177
0.13342 0.07645 0.00347
0.07745 0.09691 0.05267
0.08728 0.09333 0.04361
0.07178 0.09920 0.05237
-0.40006 -0.00384 0.12113
0.01194 -0.00420 -0.05348
-0.10810 0.11983 -0.08728
-0.19707 0.02416 -0.14686
0.24409 0.03121 -0.11956
0.15510 0.03996 0.11437
0.19997 0.03999 0.09287
0.29071 -0.06056 0.13865
0.22146 0.00002 0.12455
0.21409 -0.00564 0.14126
0.22155 0.00009 0.09946
-0.42511 -0.04852 -0.05371
-0.03183 0.10038 -0.09905
-0.40815 -0.02451 0.12707
-0.13724 -0.00214 -0.07090
-0.38857 0.04940 -0.07311
0.14670 0.02445 0.14342
0.15744 0.05395 -0.03860
0.14711 0.05387 -0.06181
0.15543 0.05394 -0.04635
-0.25316 0.02371 -0.14760
-0.28087 0.02983 -0.14188
0.41343 -0.00776 0.09263
0.14515 0.04137 -0.04116
0.13780 0.03971 0.11297
0.14507 0.03979 0.06438
0.22460 -0.10833 0.13055
0.30695 -0.01863 0.14711
0.23409 -0.02350 0.13094
-0.39126 -0.05951 -0.07881
-0.22538 -0.09811 0.12003
-0.15422 0.02272 -0.05376
0.44714 -0.01998 -0.02118
-0.25496 -0.05915 -0.15751
0.22079 -0.02186 -0.16254
0.23200 -0.08062 -0.15871
-0.28047 0.10573 0.09186
-0.11125 0.10626 0.09302
-0.12776 0.10735 0.09174
0.33609 -0.06777 0.14172
-0.36785 0.07293 -0.03358
-0.37393 0.06580 -0.04593
-0.35128 0.08359 -0.04769
-0.38414 0.05731 -0.04775
0.06547 -0.00090 0.04772
0.30668 0.02627 0.11261
-0.17728 -0.11386 0.12618
-0.11062 0.00760 0.15681
-0.13583 0.00831 0.15625
-0.07729 0.01024 0.15598
-0.24638 -0.06893 0.15677
0.33562 -0.07114 -0.10456
-0.17296 -0.02844 0.15577
0.36867 0.02693 -0.05017
0.36548 0.02813 -0.03927
0.21579 -0.05625 0.14570
-0.17135 -0.04514 -0.13245
-0.07959 -0.03194 -0.06781
-0.09858 -0.03194 -0.04248
-0.08124 -0.03194 -0.02823
-0.08423 -0.03194 -0.09220
-0.08472 -0.03194 -0.06156
-0.11647 -0.03194 -0.03807
-0.08757 -0.03194 -0.04211
-0.11654 -0.03194 -0.06046
-0.11343 -0.03194 -0.04425
-0.11421 -0.00434 -0.04790
-0.04423 0.07021 0.05135
-0.04158 0.04857 -0.02538
0.35693 0.02396 -0.10214
-0.02942 -0.03032 -0.01319
-0.08788 -0.02931 -0.01319
0.00241 -0.03161 -0.01319
0.25903 0.01062 -0.14190
0.25656 0.01029 -0.15103
0.41500 0.00657 0.00544
-0.00731 -0.00189 -0.05359
-0.16845 0.10280 -0.09643
-0.43032 -0.02663 -0.01477
-0.43498 -0.02552 0.04083
-0.36941 0.04441 0.11594
-0.36750 0.03858 0.12732
-0.22922 -0.05118 0.13674
0.32999 0.01794 0.12855
0.32422 0.02160 0.12060
-0.09745 0.11220 0.06726
-0.22845 0.11184 0.05509
-0.19564 0.11154 0.06186
-0.09103 0.11328 0.05760
-0.08812 0.11288 0.06184
-0.13316 0.11196 0.06531
0.07624 0.03917 0.13305
0.06295 0.03917 0.12677
0.12081 0.03917 0.13095
0.07066 0.03917 0.13107
0.39500 0.00657 0.10082
0.39264 -0.05230 -0.12911
0.16303 0.04449 0.11177
-0.05020 0.06171 0.09599
-0.17017 -0.02830 0.14194
-0.05805 -0.01170 -0.04303
-0.05899 -0.01434 -0.04730
-0.05862 -0.01329 -0.07077
0.19829 0.03346 0.11587
0.13922 0.03319 -0.12476
-0.20265 -0.00351 0.10562
-0.33852 0.04623 -0.13314
0.27874 0.00832 0.14627
0.26507 0.01012 0.09203
0.12662 0.01544 -0.01770
0.33306 -0.04458 -0.11562
0.33300 -0.04443 -0.09517
0.03082 -0.00115 0.09715
-0.33508 0.05042 -0.03573
-0.33859 0.05043 -0.04182
-0.04657 0.11466 -0.02301
-0.05484 0.11494 -0.01041
-0.06978 0.11423 -0.04262
-0.04201 0.11453 -0.02875
0.28529 -0.10656 0.12476
-0.30279 0.03006 0.13478
-0.26674 0.03289 0.13371
-0.01180 0.00419 -0.03847
-0.00852 0.10789 -0.09456
0.07162 0.10094 -0.00154
0.09732 0.09017 -0.02100
0.11634 0.08309 -0.00756
0.09634 0.09114 -0.00274
0.24122 -0.05428 -0.16013
0.26866 0.03900 0.06051
0.29185 0.03646 0.07615
0.25323 0.03999 0.08608
0.27641 0.03816 0.06556
-0.16300 0.04828 0.10635
-0.22401 -0.01685 0.15682
-0.13635 0.00190 0.04156
0.29803 -0.03950 0.12592
-0.38575 -0.03306 0.12723
-0.04413 0.04143 -0.06661
0.20049 0.04235 -0.01249
-0.04662 0.04574 0.05573
-0.20644 -0.02303 0.14860
-0.33435 0.09908 -0.00233
0.13730 -0.02930 -0.11640
-0.19853 -0.09489 -0.15158
-0.41631 -0.05870 0.05828
-0.20214 0.10922 0.08908
-0.21859 -0.09110 0.12308
0.21846 0.04231 0.07980
-0.22765 0.03024 0.14063
-0.17946 0.02134 0.14977
-0.39937 0.02044 0.09584
0.19195 -0.03825 -0.14880
0.27845 -0.01965 -0.15324
0.23147 -0.02519 -0.15151
0.40373 -0.01226 0.11754
-0.32844 0.09514 0.07888
0.07446 0.09716 0.06385
0.09126 0.09067 0.06082
0.08036 0.09387 0.07356
0.30622 -0.07542 -0.12449
-0.33337 0.00662 -0.15185
-0.38819 -0.05999 -0.12137
-0.18144 0.05827 0.07035
0.27383 -0.10484 -0.12449
0.16024 -0.00995 0.10592
0.03713 -0.03194 -0.04042
0.05041 -0.03194 -0.02779
0.05143 -0.03194 -0.06205
0.06136 -0.03194 -0.04888
0.02218 -0.03194 -0.02903
0.00334 -0.03194 -0.04445
0.04596 -0.03194 -0.08680
0.03258 -0.03194 -0.03424
0.39207 -0.00742 -0.12166
0.34339 0.01924 -0.12027
0.01781 -0.00486 0.06725
-0.21525 -0.02610 0.12730
-0.29734 0.01494 0.15394
0.38768 -0.04199 -0.11956
-0.24366 0.00873 -0.15576
-0.02288 0.04851 -0.12923
0.29925 -0.07074 -0.12676
0.29331 0.03632 -0.07593
0.33358 0.03225 -0.08528
0.25638 0.04010 -0.06506
-0.40629 -0.05348 -0.10165
0.13611 0.07012 0.08512
-0.14857 0.01372 -0.04609
0.13506 0.01299 0.10637
0.24751 0.02372 0.13791
0.26701 0.02221 0.13617
-0.19922 -0.10086 -0.12091
-0.17792 -0.02434 0.13569
-0.30432 0.02324 -0.14843
-0.45257 -0.01885 0.02378
-0.16158 0.05425 -0.02888
0.21377 0.04111 0.09262
-0.29304 0.04448 -0.12241
-0.34756 0.04715 -0.12776
-0.27027 -0.02122 0.15820
-0.09969 -0.00389 0.07663
-0.39574 0.03159 0.08172
-0.10127 0.09227 -0.10799
-0.07254 0.08786 -0.11060
-0.04465 0.07730 -0.11659
-0.10745 -0.00259 0.09172
0.08171 0.03751 0.07506
-0.31288 0.10658 -0.07093
0.37977 -0.01145 0.14218
-0.23231 -0.06797 -0.13278
-0.41421 -0.04408 -0.08156
-0.32835 -0.06486 -0.14641
0.14298 0.04115 0.01121
0.14164 0.04119 0.02254
0.13784 0.04079 0.08784
0.14788 0.04067 -0.00903
0.00480 0.11524 -0.02661
0.00758 0.11502 -0.01921
-0.40740 -0.06242 -0.08780
0.34749 -0.06878 -0.13882
0.17072 0.03683 0.12442
-0.40948 0.04224 -0.01031
0.35021 0.01566 -0.12399
-0.44940 -0.01657 -0.04123
-0.16232 0.04165 0.08546
-0.15454 0.03048 0.07841
-0.29692 -0.07300 0.07591
-0.31731 -0.07368 0.08162
0.30099 -0.06268 0.14622
-0.15873 0.03474 -0.05488
0.24458 0.00146 0.15787
0.20819 -0.08334 0.16193
0.37955 -0.04166 0.12011
-0.22029 -0.09592 -0.14598
0.01915 -0.00569 0.05935
-0.16218 0.02748 -0.11500
-0.16751 0.02689 -0.11500
-0.22258 0.00083 0.13894
0.22773 -0.04881 -0.13945
-0.12527 -0.05930 0.08335
0.10801 -0.02688 -0.15902
-0.38272 0.04857 -0.07221
-0.38030 0.04852 -0.07894
-0.36838 0.04767 -0.05773
-0.38001 0.04833 -0.06425
0.14030 0.00883 0.05665
-0.08815 0.00493 -0.15816
-0.03634 0.00773 -0.15743
0.13180 0.05037 -0.05160
0.13202 0.04930 -0.02896
0.29048 0.02503 -0.12194
0.28407 0.02622 -0.12075
0.24316 0.04251 0.00651
0.22407 0.04354 0.01466
-0.44530 -0.00917 0.05899
0.02048 -0.07099 -0.14335
0.00982 -0.07244 -0.14089
0.07770 -0.07114 -0.14309
0.04394 -0.07089 -0.14352
0.12493 -0.07078 -0.14370
0.36884 -0.01647 0.15234
0.42625 -0.01323 0.00201
-0.41740 -0.06070 -0.08038
-0.11207 -0.00651 -0.09287
0.33541 -0.06919 0.11687
-0.31028 0.11108 0.02454
0.38253 0.02181 -0.07441
-0.10518 0.10547 -0.09660
-0.14801 0.10530 -0.09632
-0.07625 0.10484 -0.09754
0.19735 0.04141 -0.05776
0.19124 0.03546 -0.11101
0.27923 -0.07087 0.14488
0.19603 0.05223 -0.03120
-0.21621 -0.01752 -0.13227
0.06802 0.10036 -0.05730
0.09329 0.09038 -0.05517
0.06648 0.09970 -0.07099
-0.01073 0.10945 -0.08897
-0.23132 -0.04364 0.13151
0.12477 0.05339 -0.11257
-0.23620 -0.06495 0.15018
-0.16152 0.07087 0.08995
-0.15587 0.10109 -0.09810
-0.11149 0.09970 -0.09927
-0.14007 -0.02716 -0.11200
0.05711 0.10160 0.08342
-0.20947 -0.01558 -0.13965
-0.31043 -0.07324 -0.12183
-0.32079 -0.07200 -0.12551
0.37322 -0.06920 -0.03830
0.37768 -0.06907 -0.03509
0.37496 -0.06957 -0.02652
0.37534 -0.06865 -0.04882
0.36730 -0.06914 -0.04835
0.40973 -0.06854 -0.00146
0.40258 -0.05850 0.04657
-0.06428 0.11519 -0.03991
-0.07118 0.11598 -0.00346
-0.16422 0.05965 -0.10677
-0.19630 -0.04277 -0.15582
-0.22685 -0.06067 -0.13843
0.18730 -0.04815 -0.15915
-0.36408 -0.07049 0.04560
-0.35965 -0.07083 0.04984
-0.38219 -0.06899 0.04169
-0.33407 -0.07298 0.05161
-0.36000 -0.07091 0.03846
0.39825 -0.00424 0.11632
-0.16140 0.05536 0.00706
-0.17235 0.05413 -0.01352
0.13342 0.01111 -0.10690
-0.30121 0.11299 0.00623
-0.12772 0.11423 0.04977
-0.26164 0.11309 0.02443
-0.24450 0.11292 0.04145
-0.17659 0.11366 0.04736
-0.23732 0.11335 0.02662
-0.24560 0.11317 0.03003
-0.17235 0.11398 0.03541
-0.27923 0.11313 0.01254
-0.20769 0.11374 0.02606
-0.25091 0.11292 0.03783
-0.20856 0.11316 0.05137
-0.21893 0.11346 0.03190
-0.25596 0.11290 0.03595
0.40145 0.00769 0.07085
0.01200 -0.02921 0.15880
0.24834 0.03169 0.11691
0.26922 0.02854 0.11904
0.42040 -0.04388 0.01877
-0.40637 -0.06688 -0.02275
0.03580 0.10929 0.06359
-0.05461 0.03420 0.08143
-0.05355 0.03246 0.06653
-0.03193 -0.00325 0.04344
-0.04009 0.01023 0.03851
-0.05114 0.02847 0.06114
-0.04010 0.01024 0.05260
-0.03761 0.00612 0.01772
-0.05218 0.03019 0.07315
-0.05503 0.03489 0.01989
-0.06429 0.05019 0.04376
-0.03103 -0.00475 0.03069
0.38922 -0.04130 -0.14019
-0.40350 -0.01923 0.13083
0.00934 -0.00525 0.07338
0.18207 0.02260 0.14587
0.25332 -0.08065 -0.15861
-0.32779 -0.02770 -0.15548
-0.15748 0.03881 -0.07786
0.29861 -0.02475 0.16254
0.40723 -0.06186 0.04137
-0.22974 -0.03141 0.12629
0.42290 -0.00966 -0.04417
-0.37143 0.06112 0.08322
-0.16800 0.06194 -0.05874
-0.05599 0.06589 -0.09830
0.15877 -0.02423 0.07206
0.01766 0.11071 -0.06523
0.19534 0.01759 -0.15189
0.09597 0.08505 -0.09177
-0.40240 0.03372 0.05440
0.22781 -0.02330 0.12525
-0.00012 -0.00926 0.08652
0.16624 0.02317 0.11508
0.14187 0.04662 0.11112
-0.22866 -0.00602 0.15578
-0.35972 -0.06947 -0.11144
0.12761 0.01454 0.04995
-0.05591 0.07505 0.04537
-0.39532 0.05185 -0.00812
-0.36212 0.05217 -0.02353
-0.33533 0.05230 -0.00891
-0.38035 0.05212 -0.04139
-0.35870 0.05230 -0.04485
-0.37646 0.05229 -0.06966
-0.38231 0.05218 -0.05698
-0.39282 0.05195 -0.02603
-0.23911 -0.03858 0.12531
-0.02111 0.00927 0.05967
-0.01332 0.00037 0.05559
-0.02296 0.01170 0.06606
-0.37793 0.05024 0.09927
0.40210 -0.01260 -0.10298
0.24179 -0.03678 0.14295
0.01981 0.11287 -0.03823
-0.08334 0.05059 -0.12972
-0.09069 0.05673 -0.12738
-0.04040 0.04057 -0.13353
-0.39569 0.02729 0.09185
0.30492 0.03436 0.08994
0.27505 0.03746 0.08894
0.13432 0.07183 0.07532
0.13694 0.07162 0.06180
0.15541 0.06280 0.05483
-0.35115 -0.07187 -0.01904
-0.33288 -0.07349 -0.01251
-0.38534 -0.06866 -0.04799
-0.35811 -0.07113 -0.03269
-0.39366 -0.06790 -0.05313
-0.18801 -0.01707 -0.12110
-0.35879 0.06897 -0.08975
-0.21336 -0.09881 0.13939
-0.39910 -0.02835 -0.12991
-0.10770 0.09291 0.10761
-0.03791 0.07290 0.11906
-0.06419 0.07880 0.11565
-0.08738 0.08852 0.11015
-0.12864 0.01432 -0.11445
0.25448 -0.03913 0.14067
0.41095 -0.01252 0.10512
0.04981 0.09606 0.10331
0.39010 -0.01527 -0.13301
0.23484 -0.09122 0.13717
0.41447 -0.00434 -0.05429
-0.24878 -0.02263 0.09381
-0.24113 -0.02025 0.12455
-0.07879 0.07522 -0.11756
-0.08136 0.06048 -0.12593
-0.11462 0.08466 -0.11220
-0.09800 0.06344 -0.12425
-0.11937 0.06263 -0.12471
-0.11177 0.06352 -0.12421
-0.32425 0.09245 -0.09765
0.09495 0.03715 0.04878
0.15477 -0.01600 0.10359
0.14891 -0.02909 0.10364
-0.00616 -0.00924 0.08681
-0.06218 -0.01368 0.12404
-0.07174 -0.02297 0.12228
-0.16900 0.01438 0.12936
0.01417 -0.05609 0.11600
-0.05552 -0.00369 0.12593
-0.00021 -0.03866 0.11930
-0.10570 -0.04440 0.11821
-0.10569 0.00705 0.12797
-0.03602 -0.05461 0.11628
-0.14516 -0.04271 0.11853
-0.07081 -0.01032 0.12467
-0.08913 -0.00739 0.12523
-0.04900 -0.00749 0.12521
-0.09158 -0.02875 0.12118
-0.16097 -0.01419 0.12394
-0.17560 0.01032 0.12859
-0.13821 -0.02146 0.12256
-0.18355 -0.05732 0.11577
-0.10975 -0.01710 0.12339
-0.00982 -0.05111 0.11694
-0.17151 -0.01724 0.12336
-0.15541 -0.01194 0.12437
0.05467 -0.05106 0.11695
-0.14063 0.01693 0.12984
-0.04291 -0.04804 0.11753
-0.06913 -0.04782 0.11757
-0.17875 0.02017 0.13046
-0.06849 -0.02901 0.12113
-0.05755 -0.01982 0.12287
-0.17525 -0.05970 0.11532
-0.05053 -0.01290 0.12419
-0.10616 -0.05733 0.11576
0.05965 -0.03239 0.12049
-0.09352 -0.00569 0.12555
0.14420 -0.05956 0.11534
-0.07528 -0.05297 0.11659
-0.14968 -0.02486 0.12192
0.01355 -0.04157 0.11875
0.02538 -0.04476 0.11815
-0.02966 -0.03972 0.11910
0.08737 -0.04968 0.11721
0.11259 -0.04609 0.11789
-0.23767 0.02774 -0.13565
0.15501 0.02740 -0.13854
-0.39660 -0.00943 0.13125
0.24997 -0.07277 0.07376
-0.18453 -0.08707 0.13101
-0.30839 -0.07374 -0.11411
-0.08389 0.03757 -0.11943
0.00781 0.00551 0.11451
0.31503 -0.08192 -0.15548
0.13373 0.04563 -0.06824
0.13354 0.04262 0.06760
0.13301 0.04543 0.00789
-0.40257 -0.06659 0.05617
0.25892 0.01060 0.08813
0.25456 0.01003 0.10282
-0.14921 0.06751 -0.12190
-0.14164 0.08551 -0.11158
0.27638 0.02032 -0.13831
0.24764 0.02951 -0.12318
0.30478 0.01737 -0.13769
0.25551 -0.10763 -0.16254
0.02857 -0.00104 -0.07632
-0.30983 0.11115 -0.02661
0.22888 -0.02687 0.14350
-0.06523 0.05584 -0.06877
-0.41134 -0.00698 0.11569
0.37425 -0.02073 -0.15144
-0.25417 0.11346 -0.01178
-0.07252 0.11540 -0.02921
-0.08775 0.11568 -0.00794
-0.14899 0.11491 -0.00716
-0.13100 0.11497 -0.01488
-0.19126 0.11432 -0.00963
-0.09087 0.11526 -0.02504
-0.21779 0.11378 -0.01865
-0.15660 0.11444 -0.02404
-0.17307 0.11439 -0.01705
-0.20217 0.11433 -0.00291
-0.09726 0.11572 -0.00073
-0.08055 0.11494 -0.04539
-0.23925 0.11362 -0.01355
-0.13768 0.11512 -0.00422
-0.41827 0.00112 -0.03760
-0.33753 -0.06926 -0.13658
0.39774 -0.05283 -0.09107
0.17831 0.00383 0.06927
-0.42474 -0.00636 -0.05815
0.14316 0.04837 -0.12451
-0.01549 0.00372 -0.07953
0.40539 -0.06382 0.06343
0.22385 0.04276 -0.04201
0.33384 0.02268 -0.11366
0.28948 0.02880 -0.11112
-0.19685 -0.11817 -0.12477
-0.26955 0.04022 -0.13558
0.01778 -0.00665 -0.04047
-0.33118 -0.06765 0.14213
0.40726 0.01616 -0.00532
0.16740 0.04239 -0.10879
-0.13219 -0.03530 -0.08267
-0.13271 -0.03309 -0.09564
-0.04029 0.03533 0.07133
0.30116 -0.01742 0.12634
-0.03827 0.02980 -0.09721
-0.03942 0.03118 -0.06165
-0.04105 0.03312 -0.07893
-0.02861 0.01824 -0.08343
0.21652 0.04075 -0.05696
-0.28741 -0.07303 -0.09772
0.41879 -0.01341 0.06737
-0.16661 0.04535 -0.13171
-0.18459 -0.11567 -0.15317
0.13174 0.06979 -0.09440
-0.15656 0.06314 0.12441
-0.20244 0.02829 -0.14142
-0.22753 0.03093 -0.13965
0.24765 0.03816 0.09708
0.29722 -0.07589 -0.14499
-0.09205 0.09678 0.10459
0.16494 0.04328 0.11749
-0.16378 0.04572 -0.08740
-0.45163 -0.02243 0.01909
0.28641 -0.08301 0.15708
-0.27385 -0.05752 -0.15370
-0.27032 0.03731 0.13652
-0.23338 -0.08590 0.15422
0.01042 0.11139 0.06862
0.01913 0.11086 0.06173
-0.16177 0.05646 0.03410
0.38189 -0.05134 -0.11745
-0.18240 0.03997 0.07264
-0.17848 0.03949 0.03682
-0.19739 0.04179 0.03170
-0.18133 0.03984 0.02008
-0.18935 0.04081 -0.00742
-0.35162 -0.05437 -0.14608
0.40157 -0.06619 0.08261
-0.05828 -0.02851 -0.15902
0.15298 0.03951 0.10487
0.15995 0.04036 0.07485
0.17031 0.04163 0.01554
0.18283 0.04316 0.05803
0.18333 0.04322 0.07069
0.16025 0.04040 0.08104
0.18802 0.04380 0.05181
0.17928 0.04273 -0.03024
0.18004 0.04282 0.01770
-0.00043 0.10540 -0.09440
-0.19042 -0.09380 -0.12420
-0.36587 -0.02007 0.15082
-0.17319 0.04859 0.13048
0.14777 -0.02232 0.11571
-0.40389 0.03995 0.04406
0.21252 -0.01128 -0.13096
-0.19185 -0.09750 0.13500
-0.10297 -0.00156 0.11022
-0.31451 -0.00759 -0.15736
-0.23823 -0.03441 0.15560
0.37911 -0.00869 -0.14425
0.20902 0.03930 0.10035
-0.29656 0.02713 0.14494
-0.31614 0.02888 0.14352
-0.25134 0.02765 0.14354
-0.31432 0.10997 0.01881
0.05091 0.04634 0.13134
0.05635 0.04813 0.13065
0.01929 0.04096 0.13338
-0.02793 0.08393 -0.11194
-0.30074 -0.07315 -0.08089
-0.27883 -0.07241 -0.07344
-0.41387 0.01681 0.02623
-0.42006 -0.00636 0.07696
-0.14391 0.05910 -0.12528
-0.06560 0.05432 0.05400
0.22436 -0.02606 0.15748
-0.41825 -0.06255 -0.01360
-0.28530 -0.05566 -0.15783
-0.27700 -0.05826 0.15613
0.14868 0.04002 0.13103
-0.19885 -0.07648 -0.15431
-0.42233 -0.05604 -0.02733
-0.00947 0.11088 0.08910
0.11544 0.04248 -0.16084
0.14394 -0.02495 -0.10974
0.20398 0.02746 0.13513
0.43491 -0.01689 0.00222
-0.19690 -0.01516 0.14400
-0.37329 -0.06998 0.02144
-0.39987 -0.06781 0.01781
-0.39605 -0.06782 0.04265
0.28605 0.00379 -0.16000
-0.34664 0.06182 0.11776
-0.27234 -0.04961 -0.13200
-0.27262 -0.05596 -0.10472
-0.36539 -0.04578 0.14057
0.06362 0.09955 -0.08473
-0.20040 0.10824 -0.09187
-0.24319 0.10848 -0.08976
-0.13326 0.09813 0.10574
0.23376 0.03087 0.12240
-0.34514 -0.05647 -0.09199
0.42944 -0.03836 0.10689
-0.26794 0.09321 -0.10656
-0.18383 0.09017 -0.10872
-0.21041 0.08639 -0.11079
-0.23366 0.08628 -0.11074
-0.17442 0.08481 -0.11187
-0.16579 0.07331 -0.11857
-0.21474 0.07327 -0.11835
0.12955 -0.02305 -0.15828
-0.27292 -0.05010 0.15715
-0.40618 -0.00567 0.10818
-0.18705 0.10584 -0.09268
-0.26653 0.10572 -0.09201
-0.24563 0.10514 -0.09281
0.35455 0.00342 0.14698
0.14799 0.06351 0.08948
0.11627 0.04634 0.10426
0.12697 0.01430 0.08005
0.02794 -0.02578 -0.02470
-0.04902 0.03590 -0.02470
-0.00658 -0.03018 -0.02470
-0.00565 0.00009 -0.02470
-0.01885 -0.01506 -0.02470
0.02420 -0.00831 -0.02470
0.01234 -0.00665 -0.02470
-0.03856 0.01657 -0.02470
-0.00786 0.00585 -0.02470
0.26201 -0.05475 0.14211
-0.06572 -0.00111 0.06642
0.40469 -0.04107 -0.11429
0.25900 0.04065 -0.03462
0.26597 0.04063 -0.01318
0.32102 0.03429 -0.04979
0.28095 0.03862 -0.03261
0.31560 0.03508 -0.04061
0.26403 0.04102 -0.00647
0.22630 0.00229 -0.09536
0.22337 0.00108 -0.08456
-0.05123 0.07557 -0.05264
0.43380 -0.03889 0.01655
0.22223 -0.10082 -0.16193
0.12312 0.03093 0.02924
-0.26795 0.11159 -0.05055
-0.27806 0.11236 -0.01131
-0.30161 0.11199 -0.01435
-0.24834 0.11193 -0.04626
-0.14759 0.11329 -0.04185
-0.15764 0.11319 -0.04060
-0.27258 0.11215 -0.02339
-0.27730 0.11146 -0.05123
-0.15296 0.11331 -0.03776
-0.14268 0.11337 -0.04066
-0.29452 0.11215 -0.01128
-0.20007 0.11291 -0.02988
-0.13512 0.11327 -0.04925
0.28928 -0.08405 -0.13998
0.06024 0.10470 -0.00763
0.35431 -0.04475 -0.15579
0.37875 -0.06872 -0.09147
0.38357 -0.06870 -0.08159
0.11829 0.07468 0.09671
0.11388 0.07561 0.09901
-0.35365 0.03513 0.13104
-0.16759 -0.07403 -0.15034
0.29748 0.00423 -0.15803
-0.32908 0.04999 0.02845
-0.16662 -0.00631 -0.14936
0.19556 0.05332 0.00664
0.12326 0.05380 0.03447
-0.32945 0.04612 -0.12902
-0.28268 0.04111 -0.13164
0.28414 -0.03555 -0.13442
-0.41630 -0.02718 -0.08160
-0.01114 0.01037 -0.11500
0.24310 -0.09172 0.15399
0.39286 0.01006 -0.10090
-0.15949 -0.01946 -0.15404
0.08536 -0.00411 -0.11708
-0.12811 -0.00407 -0.11708
-0.33483 0.07401 -0.11208
-0.35527 0.06036 -0.11082
0.06875 0.09514 -0.09340
0.19678 0.02052 -0.14849
0.15257 0.05406 0.08921
-0.16572 -0.04464 0.15273
-0.18058 -0.04572 -0.13830
-0.06409 0.05858 -0.05282
0.11404 0.04483 -0.13629
-0.36569 -0.01247 -0.14505
-0.29264 -0.07282 -0.13418
-0.15626 -0.01460 0.14105
-0.02392 0.11281 0.07382
-0.02964 0.11145 0.08674
0.09188 0.08120 -0.10398
0.03022 0.00192 -0.11638
-0.08235 0.00293 -0.11588
0.21687 -0.00351 -0.13136
0.21834 -0.00238 -0.14067
0.21512 -0.00485 -0.15808
-0.04784 0.05370 -0.11340
0.40291 -0.06747 -0.07147
0.25920 -0.11427 -0.16199
0.01030 0.10504 -0.09399
-0.23142 -0.02683 -0.13858
0.21901 0.03166 -0.12300
-0.34547 -0.07231 -0.07746
0.34874 -0.06813 -0.14687
-0.23719 0.03812 0.13595
0.25981 0.02999 -0.11800
0.24838 0.03217 -0.11548
-0.19392 0.09809 -0.10387
0.41638 -0.01245 -0.07463
-0.39433 0.04909 -0.04219
-0.39665 0.04936 -0.03069
-0.37496 0.04836 -0.02403
-0.35274 0.04695 -0.04615
-0.32093 0.04530 -0.05014
-0.37908 0.04828 -0.04508
-0.38150 0.04867 -0.02545
-0.06137 0.06146 -0.07383
0.40656 -0.05183 -0.04793
0.40604 -0.00341 -0.09588
0.28023 -0.00240 -0.12728
-0.21527 -0.08439 -0.14962
-0.12475 -0.05614 0.13983
-0.12565 -0.05577 0.09785
-0.20489 0.09355 0.10646
0.12195 0.05187 0.00442
0.24488 0.00750 0.15921
0.23802 0.04110 -0.08078
-0.12827 -0.00595 -0.07201
0.05667 0.00274 -0.05558
-0.16301 0.05531 0.05440
-0.11875 0.00695 -0.10984
-0.16698 -0.09425 0.15751
-0.32941 0.09321 -0.08575
-0.02428 0.03360 0.11566
0.03238 -0.00202 -0.06550
0.40803 -0.04352 -0.09429
0.24316 -0.01951 -0.13037
0.43010 -0.03975 -0.00572
-0.39460 0.04565 0.05516
-0.41761 -0.04933 -0.08079
-0.13299 -0.00065 -0.02814
-0.09426 -0.01397 -0.02814
-0.12523 -0.00122 -0.02814
-0.13534 -0.03090 -0.02814
-0.13001 -0.02703 -0.02814
-0.11855 0.00634 -0.02814
-0.11060 -0.02619 -0.02814
-0.10034 -0.01192 -0.02814
0.35041 0.03077 -0.05615
0.16956 0.05406 -0.05579
0.24596 0.04066 -0.07685
0.23198 0.04187 -0.05459
-0.16322 -0.07644 -0.12264
0.24222 -0.10501 -0.12449
-0.02625 0.02217 -0.14758
-0.08617 0.02116 -0.14942
-0.04251 0.02277 -0.14648
0.12749 0.01460 -0.06220
0.35266 -0.06304 -0.14956
-0.24984 0.10282 0.09844
-0.27459 0.10140 0.10002
0.01268 -0.00405 0.09133
-0.14572 -0.05346 -0.11985
-0.18789 0.03201 -0.13684
0.06625 0.09698 0.09115
0.41655 -0.03910 0.09545
0.05218 0.06579 0.12301
-0.00099 0.07119 0.12002
-0.02357 0.07733 0.11663
0.03674 0.06564 0.12309
0.37523 0.02439 0.07304
0.36426 0.02711 0.06759
0.42747 -0.03913 -0.05567
-0.18277 -0.01486 0.08428
-0.19570 -0.00345 0.09099
-0.18791 -0.00960 0.08364
-0.34057 -0.06484 0.14427
-0.23677 0.10467 -0.09624
-0.25537 0.10192 -0.09951
-0.14598 0.10250 -0.09958
-0.12319 -0.07251 0.08248
-0.12489 0.02140 -0.12373
-0.13718 0.01094 -0.12373
-0.12677 0.01577 -0.12373
-0.16910 -0.03716 0.14957
0.40296 0.01082 -0.06440
-0.01319 0.00770 -0.10061
-0.16429 -0.10576 0.12521
0.15859 0.05064 -0.10510
0.16039 0.04637 -0.11195
-0.33183 -0.01456 0.15487
0.35643 -0.06782 -0.09674
0.38068 -0.06843 -0.07428
0.40902 -0.06858 -0.01208
0.37917 -0.06813 -0.05910
0.39655 -0.02454 0.14705
0.22960 0.04234 0.04393
0.20545 0.03595 -0.11415
0.01430 0.06340 -0.12432
0.02347 0.07066 -0.12031
0.07642 0.07204 -0.11955
-0.05921 -0.00141 0.05061
