0.24501 -0.16933 0.18445
-0.02182 0.00540 -0.03353
-0.17780 0.09224 -0.11082
-0.36388 0.00137 0.16950
-0.27157 -0.07064 0.03494
-0.27423 -0.07430 0.11908
-0.08629 0.05346 0.17345
-0.21465 -0.10658 0.18424
0.06189 0.17882 0.07088
0.11024 0.17791 0.02028
0.24257 0.08855 -0.11523
-0.26339 0.19040 0.07941
-0.33597 0.01738 0.13326
-0.34046 0.01742 0.10630
-0.32959 0.01732 -0.14678
-0.36246 0.01762 0.12164
-0.34530 0.01746 0.09714
-0.33829 0.01740 0.09091
-0.33316 0.01735 0.01150
-0.34926 0.01750 0.07485
0.12164 0.06617 0.03770
0.40225 0.03499 -0.04433
0.13321 0.05659 0.10968
0.01759 0.03661 -0.17367
0.24600 -0.09908 0.15714
-0.24276 0.18673 -0.00011
0.07270 0.02550 0.17344
-0.29419 0.18709 0.10557
0.32193 -0.06654 -0.19243
-0.20277 -0.06549 -0.19856
-0.11265 0.12838 0.06118
0.03082 -0.00051 0.11024
0.06287 0.00095 0.06628
0.06357 0.00098 0.07973
0.20455 -0.09059 0.12712
-0.14362 -0.06646 -0.10850
-0.18048 -0.08479 -0.10758
0.26885 -0.04809 -0.01542
-0.39499 -0.02541 0.02904
-0.22900 0.06406 -0.01823
-0.16121 0.09771 -0.12114
-0.26103 0.10144 0.03079
-0.29304 0.16132 -0.02369
-0.25496 -0.08029 -0.00512
-0.01598 0.15572 0.14619
0.09678 0.07662 0.10464
0.01705 0.16647 -0.02106
-0.15280 0.10024 0.15874
0.17083 0.01922 0.09734
-0.05391 0.13720 -0.09031
-0.01037 0.02516 -0.15182
-0.05773 -0.03462 -0.15349
-0.18650 0.14759 0.13747
0.31883 0.03725 -0.02327
-0.35965 0.13886 0.15534
0.19819 0.05504 0.10379
0.33115 -0.15873 -0.13892
-0.12208 0.19021 0.04350
0.03467 -0.03037 -0.14311
0.11431 0.00998 0.01834
-0.24266 0.08271 -0.02325
-0.16953 0.08541 0.17114
-0.01367 0.16662 -0.04133
0.17529 0.06895 0.16239
-0.31654 -0.05209 -0.14476
-0.06127 0.01433 0.17288
0.16969 0.00005 0.07313
-0.20600 0.05374 0.14479
0.23368 -0.10785 0.14577
-0.16026 0.12903 0.14625
0.10798 -0.02840 0.03296
0.12303 0.03058 0.17348
-0.10046 0.18688 0.13538
0.10023 0.00578 0.01834
0.09610 0.01116 0.01834
0.11141 -0.03008 -0.14043
-0.17012 0.09474 -0.10681
0.17781 0.04354 -0.16712
0.00955 0.03908 0.11489
0.29863 0.04821 -0.06844
-0.04256 0.11644 0.10223
-0.23452 -0.14083 0.16138
0.11105 0.17799 -0.04424
-0.40011 -0.02845 -0.02209
-0.13751 0.05477 0.10412
-0.15312 0.18751 0.07742
0.04467 0.03195 0.12566
-0.09127 -0.02849 0.15323
-0.32856 0.04607 -0.03537
0.13167 0.05134 0.12326
-0.16242 0.06615 0.14685
-0.03381 0.09243 -0.09127
0.12128 0.05515 0.10554
-0.37282 0.01054 -0.13456
-0.06348 0.10071 -0.14469
-0.05390 0.08017 -0.14580
0.09036 -0.02817 -0.05726
0.09036 -0.02452 -0.07570
0.24587 -0.05123 -0.11430
0.03320 0.17394 0.14219
0.13140 0.03958 0.07200
-0.17640 0.13301 -0.16285
-0.09991 0.02643 -0.01144
0.17718 -0.01821 -0.03043
0.00702 0.07217 0.17255
-0.38191 -0.05456 -0.15105
-0.26916 0.19223 -0.04694
-0.03731 0.17935 0.11599
-0.03747 0.10244 0.10453
-0.26003 -0.06970 0.07704
-0.25872 -0.07012 0.10276
-0.17526 -0.01065 0.10182
0.28703 0.06115 -0.05703
0.30629 0.06493 -0.04292
0.35317 -0.00387 -0.07779
-0.23538 -0.16401 -0.19884
-0.20110 0.02369 0.17398
-0.27067 -0.06650 -0.04805
0.29808 -0.04697 -0.02957
-0.24514 0.03049 -0.06846
-0.20146 0.14540 -0.15680
0.02414 0.07407 0.13645
-0.02818 0.10834 0.09743
-0.20450 0.18578 0.09979
0.40094 0.05431 0.03772
0.25175 0.04893 -0.00930
0.13737 0.05068 -0.14403
0.24560 -0.02918 0.12643
-0.23520 -0.07545 -0.16159
-0.15156 -0.04021 -0.04921
-0.17844 -0.10009 -0.18340
-0.39762 -0.00466 -0.15777
-0.28054 -0.04699 0.18965
-0.17797 -0.00139 0.10750
0.29240 -0.00963 -0.03203
0.29125 -0.00963 -0.00411
0.28472 -0.00963 -0.03252
0.26757 -0.00963 -0.00583
-0.15108 0.05002 0.17354
0.08571 0.00189 0.08646
-0.32021 0.18791 -0.08187
-0.33680 0.05762 -0.06999
-0.09260 0.16694 0.11300
0.00993 -0.00091 -0.17051
-0.27548 0.05093 -0.02611
-0.09624 -0.03762 -0.03568
-0.27317 0.13594 -0.08531
0.03375 0.01151 -0.12180
0.27576 0.07764 0.08748
-0.37533 0.08137 -0.02441
0.33035 0.08103 0.05780
0.10378 0.07831 -0.14257
0.17906 -0.05359 -0.00618
-0.06275 -0.04029 -0.12555
-0.07528 -0.04087 -0.07296
-0.08354 -0.04029 -0.08322
-0.07305 -0.04048 -0.09561
0.03997 0.08397 0.10072
0.20903 0.10483 0.13492
-0.30861 0.10362 -0.06243
0.30562 -0.02017 -0.13724
-0.20645 -0.06142 0.10659
0.20300 0.00043 -0.10191
0.21097 0.02196 -0.12178
0.19203 -0.02721 -0.12072
0.20951 0.01882 -0.13724
0.18824 -0.03762 -0.10711
0.19931 -0.01140 -0.04859
0.19374 -0.02398 -0.09261
0.21882 0.04244 -0.12440
0.19336 -0.02361 -0.12462
-0.18096 0.04413 -0.15532
0.38347 0.02046 -0.09776
0.12489 0.06986 0.06569
-0.35884 0.12757 -0.14887
-0.33797 0.03818 -0.06657
-0.29655 0.03760 -0.07174
-0.30431 0.02705 -0.02379
0.25862 -0.12783 0.18233
-0.20291 0.09989 -0.16572
0.00275 0.14691 0.14765
0.11181 0.12934 0.01291
0.06681 0.17633 -0.10822
-0.20642 -0.04915 0.11286
-0.11199 -0.03867 0.11863
-0.32624 0.05608 0.04170
-0.18285 0.16381 0.13698
-0.00472 -0.02894 -0.15413
-0.29238 -0.17400 0.12795
0.17302 0.05203 0.15944
0.13769 0.11986 -0.16069
0.33087 0.08098 0.01515
-0.05445 0.14535 -0.08477
-0.20292 0.05949 0.10024
-0.10971 0.18460 -0.03112
-0.25936 0.06011 -0.02340
0.08566 0.02059 -0.17329
0.20332 0.09929 0.16122
0.30600 -0.10527 0.16996
0.09303 0.17812 -0.00462
0.27275 0.02144 -0.09583
0.27200 -0.02849 -0.10824
-0.21530 0.18124 0.14262
-0.19850 0.05899 -0.16714
-0.19837 0.09498 -0.15086
0.15321 0.02241 -0.10869
-0.35590 0.10079 -0.06439
0.11361 0.16144 0.06310
-0.29829 0.03762 -0.03148
0.08956 -0.00475 -0.09563
-0.05179 0.11495 0.10069
-0.25637 -0.06291 0.15246
0.13699 0.03099 -0.11648
-0.26523 0.08253 -0.07087
-0.16878 0.18770 -0.12755
0.27677 0.02596 0.08866
-0.25743 0.17151 -0.11974
-0.34053 0.05443 -0.06343
-0.12278 -0.01890 0.14565
0.26983 -0.06838 0.15593
0.06408 0.09280 0.12578
0.22693 0.09187 -0.15629
-0.27374 -0.06549 -0.01471
-0.27113 -0.07378 -0.07174
-0.33781 0.19320 0.13604
-0.32948 0.06574 -0.14381
-0.33338 0.04911 -0.14359
-0.22937 0.07659 0.00733
-0.21082 -0.12301 0.18312
0.29967 -0.00138 0.02833
0.34007 0.07477 0.11173
-0.21901 0.18634 -0.07068
0.24007 0.07881 -0.17800
-0.35585 0.01469 -0.08102
0.03395 0.18257 0.12801
0.20655 0.09843 0.01706
-0.40181 -0.04237 -0.11791
-0.28520 -0.09291 0.15144
-0.20576 -0.07059 -0.12166
-0.22542 0.18550 0.12595
0.09036 -0.01252 0.05339
0.09036 -0.02294 0.06366
-0.29000 0.08313 0.05309
0.13947 -0.01604 -0.03827
0.15121 0.00198 -0.03827
-0.36121 0.03694 -0.11834
-0.27193 0.16646 0.14468
-0.15528 -0.04638 0.16746
-0.18050 0.18482 0.10633
0.27880 0.01938 -0.10253
0.18728 -0.03979 0.16711
-0.02600 0.05524 -0.16118
-0.16067 0.02574 0.00461
-0.17591 0.01479 -0.14494
-0.09793 -0.02741 -0.14496
0.12201 0.07546 0.09834
-0.22862 -0.05352 0.12740
-0.02821 0.05512 0.03875
-0.00181 0.04725 0.02953
-0.25441 0.08148 -0.08505
0.12782 0.07138 0.08214
-0.03825 -0.02104 0.14203
0.21917 0.09113 0.02191
0.03827 0.02003 0.08038
-0.22419 0.18684 -0.14084
-0.17483 0.05344 -0.12387
0.22374 0.10425 0.14031
0.12230 0.16138 -0.06105
-0.31800 0.06593 0.11277
-0.19493 0.04956 -0.12270
-0.28322 0.13236 0.03278
-0.10161 -0.03497 -0.00543
0.32621 -0.03343 0.18668
0.00591 0.03839 0.08624
-0.13406 0.05380 -0.17349
-0.34963 0.17169 0.13381
-0.17381 0.06439 0.11099
-0.29592 0.03759 0.01368
-0.35633 0.18786 -0.08632
0.35658 0.07105 -0.04949
0.12313 0.07304 -0.09365
-0.36961 0.03923 0.01480
-0.36343 0.09089 0.09240
0.00641 0.02200 -0.01608
0.29815 -0.04741 -0.19381
-0.28197 -0.08857 -0.15905
-0.03023 0.07097 -0.15802
-0.32889 0.17263 -0.12107
0.18139 0.07689 0.03780
0.40078 0.01466 0.01818
-0.35349 0.19175 0.11607
-0.39163 -0.04727 -0.13320
-0.23687 -0.09274 0.17210
-0.31485 0.07555 0.09308
-0.34604 0.03830 0.00589
0.21601 0.03605 0.16978
-0.20007 -0.04393 -0.11095
-0.18417 0.06545 0.10541
-0.17004 -0.01882 -0.01360
-0.14097 -0.02861 -0.05497
-0.11068 -0.04007 -0.00642
-0.11339 -0.03900 -0.01438
-0.29705 -0.07994 -0.16650
0.10811 0.16193 0.07779
-0.21813 0.03877 -0.01470
0.01363 0.01198 0.04078
-0.04153 0.11354 -0.10487
-0.20961 0.18638 -0.04256
0.04385 0.03454 0.03422
0.29940 -0.05274 -0.05591
0.27423 0.09397 0.07214
0.27803 -0.14427 -0.16009
-0.27793 0.01051 0.09870
0.30668 0.05595 0.04091
-0.30095 0.16801 -0.14798
0.01648 0.17086 -0.12059
-0.36810 0.16795 0.10738
-0.19110 0.17064 0.11321
0.09016 0.15959 0.13334
-0.28767 0.13481 -0.05783
0.13746 0.10637 0.14430
-0.07783 0.18897 0.05661
-0.03136 0.10906 0.16746
-0.28368 0.16503 -0.08435
0.11772 0.05939 0.14753
0.10923 0.05509 0.14766
0.02284 0.04523 0.14766
0.07437 0.05616 0.14746
0.09002 0.04336 0.14803
0.25967 0.09553 0.11761
-0.16636 0.10113 -0.06086
-0.23863 0.10916 0.14300
-0.33415 0.04579 0.07439
-0.25863 -0.07746 0.09770
0.26902 0.09494 0.08093
-0.16645 0.07671 -0.11624
-0.25730 0.15611 0.06615
-0.35744 0.14532 -0.02425
-0.29513 -0.06521 0.18977
0.05867 0.16936 -0.08077
-0.21067 0.09922 -0.16571
-0.22029 0.18641 -0.04201
0.10688 0.05213 0.17350
-0.02106 0.17530 0.14534
-0.29905 0.14611 0.01415
-0.11402 0.11026 -0.00680
0.26317 -0.07583 -0.06551
0.27879 -0.07271 -0.05707
0.01620 0.02280 -0.13712
0.27697 -0.01909 -0.05511
-0.36290 0.17989 0.12018
0.20492 0.02444 0.03386
0.22918 0.04312 0.01517
0.20654 0.09707 -0.11530
0.35384 -0.13532 -0.18650
-0.01932 0.06973 0.11900
-0.35352 0.16248 -0.06971
-0.17678 0.00812 0.10458
-0.35367 0.08358 0.14240
-0.00902 0.14428 -0.14464
-0.23997 -0.05656 -0.13709
0.22186 0.08185 0.06984
-0.22104 0.02752 0.05132
0.05712 0.16944 0.02406
0.06046 0.16944 0.08618
0.05434 0.16944 0.01901
-0.17703 0.05545 -0.11281
-0.16437 0.15571 -0.13569
0.30065 -0.01720 -0.14527
-0.21969 0.04437 -0.08558
0.23694 -0.12094 0.18430
0.01100 0.00724 0.05417
0.23081 0.04735 -0.17664
0.27264 -0.02413 -0.13558
0.08968 -0.03374 0.02075
0.18275 0.00155 -0.16813
-0.18144 -0.00759 0.10743
-0.03767 0.10519 0.15013
-0.17515 -0.00730 0.11648
0.37076 0.05687 0.14847
-0.22394 -0.14392 0.15354
-0.26767 -0.06935 0.04578
-0.33400 -0.00441 -0.13836
-0.25869 0.08607 -0.07624
-0.16824 0.01386 -0.17227
-0.29393 0.04159 -0.08254
-0.32542 0.04338 0.02018
0.06384 0.00352 0.11975
-0.16285 -0.00599 0.03827
-0.24057 -0.13884 0.17020
0.03813 -0.03155 -0.16098
0.15159 0.15268 0.13586
-0.18771 -0.01499 -0.12228
-0.14303 0.19051 0.07897
0.25208 0.06797 0.15557
-0.37328 0.03114 0.11787
0.12636 0.07763 -0.17166
0.24666 -0.08796 -0.17938
-0.00861 0.01871 0.11762
-0.01909 0.04111 0.12063
-0.00747 0.04747 0.12810
-0.27699 -0.06384 -0.19444
-0.05297 0.01116 -0.17109
-0.00647 -0.03904 -0.02804
-0.00054 -0.02459 -0.02804
-0.25523 0.07526 -0.02336
0.25281 -0.12923 -0.18487
0.27723 0.02815 -0.09554
-0.31716 0.18406 0.12273
-0.00623 -0.01448 0.15182
0.13757 0.13114 -0.14086
0.00903 0.05884 -0.14292
0.12204 0.17726 -0.02469
-0.21829 -0.16387 0.18910
0.28659 -0.10018 0.15203
-0.34228 0.13469 -0.08592
-0.01986 0.07772 0.09458
-0.05100 0.10714 0.08530
0.05373 0.00053 -0.11336
0.07090 0.00131 -0.06403
0.07199 0.00136 -0.10463
0.04639 0.00020 -0.07926
0.35558 0.07250 -0.05657
0.32348 0.00499 -0.01580
-0.25238 -0.04509 0.09861
-0.36156 0.15740 0.09894
-0.10776 0.04559 0.14800
-0.13396 0.07263 0.14614
-0.09907 0.07609 0.14567
0.01719 0.07712 0.06116
-0.18559 -0.02313 -0.12566
0.23288 0.07760 -0.04451
-0.01003 0.17095 0.03630
-0.23852 0.07565 0.11833
-0.22371 0.07614 0.13254
-0.33628 0.18440 0.10411
0.07270 0.08895 -0.17081
-0.15161 0.18531 0.06267
-0.10655 -0.04464 -0.02747
0.17521 0.09616 -0.07409
-0.29708 0.16377 -0.13471
0.34216 0.04521 -0.16504
0.09630 0.16071 -0.14966
-0.24530 -0.14177 0.17204
0.18379 0.06518 0.16957
0.28565 0.09094 -0.00503
-0.03037 0.01318 0.01495
0.29902 -0.12654 0.16667
0.25843 0.05709 -0.04782
-0.20530 -0.04968 -0.14047
0.04361 0.17147 -0.08122
-0.24372 -0.14158 -0.18160
0.12707 0.16926 0.14266
-0.09605 -0.04059 -0.07494
-0.25966 0.08581 -0.06386
0.03429 -0.01645 0.16688
-0.12280 -0.02978 -0.15459
0.15881 0.08249 0.13415
0.27570 -0.01018 -0.09797
0.24570 0.06624 -0.12435
-0.35517 0.03129 0.03325
-0.36109 0.06537 -0.02428
-0.20831 0.06581 -0.01823
-0.32002 0.18802 0.01420
-0.28656 0.19249 0.09307
-0.03858 0.18654 -0.02545
-0.36379 -0.07662 -0.12404
-0.36366 -0.07630 0.06485
0.29965 0.02284 0.00569
-0.27074 -0.13600 0.17244
0.05527 0.18306 0.13206
0.05400 0.18272 -0.14092
-0.32401 0.05291 0.16931
0.06554 -0.00117 0.12042
-0.18763 0.15932 0.14571
0.29569 0.06369 -0.01560
-0.00219 -0.02747 0.12042
-0.35550 0.00232 0.09542
-0.34708 -0.00286 0.10914
-0.10855 0.13391 0.00638
-0.27750 -0.07484 0.14221
0.14630 0.08835 -0.17076
0.27688 -0.11433 0.16518
0.16073 0.09612 0.12210
0.05569 0.16850 -0.05487
0.05512 0.16850 0.07027
-0.18495 -0.04198 -0.06548
-0.27934 0.04108 -0.08537
-0.40181 -0.03701 0.01928
0.05537 0.05575 -0.13036
-0.20175 0.05904 -0.14514
-0.30304 0.08480 -0.14403
-0.26030 0.09101 -0.14366
-0.28380 -0.03206 0.18537
-0.34170 0.16489 -0.07795
0.24808 0.05477 -0.02765
0.29984 -0.06338 0.07083
0.23887 0.06571 -0.17784
-0.22999 0.16661 0.14708
-0.35324 0.05475 -0.08601
0.24589 0.09550 -0.03172
-0.26589 0.06340 -0.01395
-0.38083 0.05208 0.02002
0.32128 0.06877 0.17077
-0.03068 0.18749 0.00806
0.11558 -0.04253 -0.15846
-0.29759 0.02873 0.01414
-0.33132 -0.14625 -0.19777
0.26973 -0.01935 -0.10153
0.22441 0.09773 0.10456
-0.36793 0.17437 -0.09115
-0.34038 0.18619 0.06115
-0.29731 0.09038 -0.06212
0.07529 -0.04183 0.07517
0.03563 -0.04362 0.02185
0.01682 -0.04234 0.09714
0.07965 -0.04294 0.01911
0.07193 -0.04301 0.02219
0.03875 -0.04328 0.03551
0.08979 -0.04275 0.02043
0.08615 -0.04202 0.05753
0.04771 -0.04188 0.09432
0.04061 -0.04288 0.05304
-0.24081 -0.11337 0.16578
0.02281 -0.00836 0.12042
-0.11230 0.10395 0.10624
-0.36919 0.15870 -0.01061
0.02998 0.06850 -0.17052
0.26792 0.05533 0.15411
0.00275 0.05745 0.12545
0.32402 -0.15490 0.18734
-0.04858 0.07555 0.13282
-0.17859 0.06640 0.10331
-0.22075 -0.17102 -0.19872
-0.28509 -0.08870 -0.16404
-0.23946 0.17211 0.09793
-0.23543 0.17220 0.07678
-0.27958 0.17299 0.02071
-0.23527 0.17237 0.05025
-0.26451 0.17270 0.04303
-0.26007 0.17284 0.01363
0.34937 -0.05486 -0.19496
-0.27723 0.19043 -0.09492
0.03764 0.03059 0.12145
-0.33381 0.02877 -0.12932
-0.33186 0.03242 -0.12464
-0.11740 0.14621 0.10466
0.29939 -0.07241 0.07629
-0.22628 -0.02179 0.10981
0.28658 0.08021 -0.05832
-0.04477 0.13728 0.08619
-0.03157 0.16911 -0.00510
-0.14878 0.03317 -0.11787
0.03732 0.17917 0.03967
0.06577 0.06753 -0.17300
-0.15734 -0.00399 0.15196
-0.35610 0.01486 0.11528
0.08018 0.08464 0.06681
-0.26711 -0.11477 0.15261
-0.03048 0.04172 0.14755
0.27830 -0.11037 -0.14588
0.09675 0.06344 0.08701
-0.02534 0.09260 -0.05006
0.11767 -0.02865 -0.14724
-0.03550 0.00162 -0.17118
-0.07300 0.00183 -0.17141
0.34284 0.07482 -0.00176
-0.30021 0.19194 -0.09443
-0.01755 0.07673 0.17240
-0.16769 0.08920 -0.03935
-0.02388 -0.05674 -0.16344
-0.27597 -0.08340 0.01871
-0.11676 -0.03237 0.15661
-0.38079 0.12368 -0.02647
-0.09671 0.18438 -0.02706
-0.27447 -0.09408 -0.02507
0.12955 0.08868 0.09458
-0.19417 0.01499 0.11153
0.06070 0.16818 0.06073
-0.16755 0.11290 0.09910
-0.14834 0.06650 -0.14673
-0.15062 0.05243 -0.14779
-0.08365 0.06409 -0.14652
-0.09957 0.07933 -0.14548
0.05934 0.00077 0.00820
0.02065 0.18150 0.10182
0.12164 0.06844 -0.13737
-0.15194 0.10140 -0.11167
-0.06385 0.18423 -0.12634
-0.35464 0.19245 -0.08849
0.14746 0.01108 -0.17257
0.13954 0.17504 0.12877
0.03285 -0.00955 0.01554
0.28193 -0.17523 -0.13720
-0.27374 -0.05762 -0.00312
0.00942 0.02059 -0.17329
-0.27398 0.02987 -0.03724
-0.29970 -0.10305 0.15327
-0.10494 0.13320 0.06650
-0.10487 0.11961 0.08455
-0.21419 -0.15768 0.18907
-0.25556 -0.05024 0.00044
0.09471 0.03275 0.14679
0.15493 0.03493 0.14772
0.21134 0.06093 0.02635
0.20747 0.07888 -0.06314
0.33827 -0.13956 -0.13501
0.38874 0.02009 -0.05173
-0.34521 0.03829 -0.03102
0.04264 0.06381 0.13746
-0.34508 0.01736 -0.12058
0.01872 0.16507 -0.05251
0.04089 -0.01760 0.14280
0.14887 0.11597 0.16605
0.30034 -0.06779 -0.09051
0.26371 -0.04897 -0.19326
-0.16636 0.02991 0.00485
-0.18443 0.17420 0.13922
0.24911 -0.13240 0.14469
-0.03040 -0.03662 -0.15996
0.15485 0.14396 0.14402
0.22612 -0.14265 0.18819
0.14203 0.09592 -0.10408
0.09133 -0.03312 0.14949
-0.19408 0.08385 -0.15087
0.28697 -0.10708 0.15201
0.03557 0.09882 -0.14991
-0.03415 0.05686 0.11445
-0.38739 0.11158 0.04845
-0.05790 0.03200 0.17358
0.22578 -0.13531 -0.19778
0.26347 -0.00894 0.10256
0.13921 -0.03853 0.15587
0.26489 -0.01527 0.18208
0.26465 0.02248 -0.11155
0.02902 0.03701 0.17368
0.28055 0.04017 -0.03057
0.23090 0.04157 -0.02917
-0.27944 -0.15540 -0.17020
-0.19213 -0.00644 -0.17397
-0.25867 -0.09078 -0.05581
-0.12457 0.16262 -0.14078
-0.21173 -0.10109 -0.14860
-0.36954 0.05187 0.16906
-0.03563 0.05974 -0.17329
0.27491 0.00342 -0.10549
0.01188 0.01921 -0.14573
0.02492 0.00570 -0.14472
0.03695 0.03051 -0.14652
0.02453 0.03966 -0.14721
0.05043 0.00157 -0.14438
0.00356 0.13823 -0.14621
0.24538 0.07965 -0.17466
-0.19199 0.16750 0.14503
0.25107 0.02248 -0.05113
-0.29763 0.09830 -0.06567
0.01431 -0.00013 0.11124
-0.25511 0.18585 0.10822
0.28307 0.09144 0.08611
0.04112 0.05177 -0.17349
-0.27611 -0.07015 0.17634
0.31853 0.04170 -0.01472
0.22217 -0.06178 0.18822
0.29733 -0.07679 0.13334
-0.00303 0.11401 0.11339
-0.16769 0.04408 -0.02376
-0.16769 0.03365 -0.06045
-0.34090 0.05472 0.04691
-0.00826 0.12170 0.14968
0.22247 0.08923 0.15800
0.26757 0.02736 -0.06836
0.31664 -0.08719 -0.17818
-0.31696 0.03789 -0.01935
0.34045 0.07762 0.05860
-0.16294 -0.03813 -0.16761
0.29849 -0.01104 0.01604
-0.02559 0.18333 -0.03745
-0.10129 -0.01896 -0.04752
-0.37662 -0.05719 0.15640
-0.37454 -0.05655 0.16664
-0.08605 0.18588 0.00689
0.38258 0.06387 -0.04972
-0.03087 0.04506 0.15859
-0.21263 0.02538 0.07958
-0.10165 0.16655 -0.02618
0.29483 -0.01355 0.08690
0.00480 -0.00185 0.05093
-0.18877 -0.13290 -0.19844
-0.02404 0.16567 0.07000
-0.04908 0.16615 0.12674
0.25244 -0.01572 0.03002
-0.08721 0.03461 0.17364
-0.32585 0.18532 -0.08490
0.05671 0.15988 -0.13275
0.29396 -0.06758 -0.16125
-0.25669 0.04047 -0.17241
-0.01327 0.07471 -0.14161
0.25123 -0.01922 -0.15675
-0.20150 0.12346 0.15568
0.05422 0.07943 0.13085
0.30011 -0.15397 -0.13534
-0.20357 0.12668 -0.15801
-0.36145 0.11999 0.15910
-0.26907 0.07590 0.12276
-0.28191 0.07613 0.12374
-0.14999 0.07028 -0.08786
0.13537 0.08650 0.07213
-0.25281 -0.07965 0.04057
-0.12642 0.13817 -0.10817
-0.29265 -0.12503 -0.18323
-0.02744 0.12903 0.08517
-0.06303 0.16642 0.13465
-0.03828 0.11219 -0.14361
-0.37413 0.07225 0.05574
0.19753 0.06040 0.04738
0.23094 0.06367 0.03518
0.08842 -0.00079 0.05779
-0.00874 0.01578 -0.12678
-0.01890 0.01168 -0.12076
0.16213 0.00906 0.01688
-0.26581 0.08294 -0.00829
0.04726 0.00024 0.03221
0.04243 0.00002 0.05620
0.04283 0.00004 0.06429
0.03385 -0.00037 0.08012
0.20580 0.05297 -0.16985
-0.26983 0.11189 0.06078
-0.18753 0.10462 -0.16843
-0.20426 0.07631 0.16601
0.35603 0.05358 -0.16252
-0.39366 -0.02768 0.15543
0.08366 0.09932 0.12575
0.07446 -0.01342 0.12042
-0.25016 -0.14856 -0.16494
-0.27829 -0.07634 -0.10788
-0.10871 -0.03947 0.05190
-0.10937 -0.03697 0.13265
-0.11595 -0.03761 0.03459
-0.11700 -0.03630 0.06897
-0.12433 0.07982 0.17208
-0.34390 0.04480 -0.17004
-0.12236 0.13713 -0.05672
-0.21814 0.08402 0.00373
0.11584 0.17770 0.06742
-0.20357 0.17062 0.12778
-0.20200 0.17067 0.09477
-0.21692 0.17155 0.13157
-0.04766 0.08774 -0.06023
0.01118 0.16448 0.13565
0.13752 0.03017 0.08982
-0.22970 0.19087 0.02383
0.06995 0.05070 0.12326
-0.36042 0.00556 -0.09755
-0.01658 0.18877 -0.08389
-0.27912 -0.10663 0.16822
0.24599 0.07099 0.11044
-0.27705 0.11067 -0.06903
0.28603 -0.10566 0.13686
-0.29619 -0.09385 -0.17011
-0.25520 -0.07340 0.03936
0.24109 0.07820 0.17736
-0.29273 0.10459 -0.06275
0.11023 0.05737 -0.13526
-0.15664 0.03027 0.17355
-0.19073 0.10418 -0.14400
0.05730 0.03039 -0.12898
-0.02511 -0.02215 0.01834
0.02468 0.01412 0.01834
0.02839 0.00607 0.01834
-0.14441 -0.01353 -0.15366
0.36375 -0.09626 -0.15577
0.26517 0.05517 -0.10837
0.00896 0.13049 0.10597
0.24703 0.09195 0.01069
0.10827 0.10465 0.06671
-0.19127 -0.05647 -0.11829
0.14377 0.10683 0.18632
-0.21166 0.01530 -0.09061
-0.21678 0.01497 -0.01346
-0.20041 0.01525 -0.07096
-0.23305 0.01526 -0.09348
-0.20292 0.01514 -0.04579
-0.23842 0.01523 -0.09038
-0.20638 0.01533 -0.09395
0.29808 -0.03862 0.00336
0.25793 -0.07078 -0.17912
-0.37156 0.02734 0.03089
-0.09776 -0.03907 0.11273
-0.07678 -0.04114 0.05873
-0.08020 -0.04144 0.04351
-0.09267 -0.04077 0.05426
-0.23368 0.02930 0.04414
-0.23991 0.02938 0.02594
-0.25253 0.02956 0.06608
-0.28951 0.03387 -0.08546
0.29966 0.08621 -0.13216
0.15608 0.16935 -0.00175
-0.31694 0.07520 -0.12929
0.13562 0.02586 0.02858
-0.32124 0.04982 -0.04736
-0.22870 -0.06993 -0.11021
0.12647 0.01305 0.14425
0.14621 0.10963 -0.14366
-0.16091 0.14027 0.15221
0.26186 -0.08899 -0.17636
-0.00179 0.16501 -0.07927
-0.18265 -0.00270 -0.02038
-0.02667 0.18889 0.05303
-0.11608 0.15963 -0.05512
-0.02230 0.06861 0.09910
-0.00509 0.03309 0.09806
-0.02052 0.06493 0.09193
-0.12870 -0.04378 -0.04012
0.17335 -0.04433 -0.04278
0.15555 -0.04226 -0.06218
0.17325 -0.04442 -0.03303
-0.32126 0.18057 0.14351
0.17927 0.03982 0.11460
0.17897 0.04014 -0.03403
0.17925 -0.01584 0.10459
0.17918 0.02399 0.06837
0.17927 0.02601 0.11521
0.17887 0.06136 -0.07872
0.17923 0.05744 0.09437
0.17926 0.07579 0.10606
0.17911 0.01131 0.03654
0.17920 0.04031 0.07956
0.17920 -0.01073 0.07911
0.17919 0.02560 0.07640
0.17883 0.06466 -0.09941
0.17892 0.04591 -0.05450
0.17920 0.01759 0.08008
0.17914 0.02464 0.04969
0.17877 0.09681 0.04675
0.08689 0.05163 0.07126
0.13895 0.09727 0.15661
-0.00806 0.13099 -0.14062
-0.23881 0.12936 -0.02575
0.21890 0.06993 0.11506
-0.20733 -0.06160 0.10084
-0.29453 -0.14469 -0.17621
-0.00407 -0.02422 -0.16506
-0.25041 -0.10269 -0.00768
0.17878 -0.00215 0.16554
0.27013 0.03581 0.09959
0.22848 0.05700 0.03545
0.21680 0.09683 -0.04983
0.04078 0.02200 0.01433
-0.10451 -0.03734 -0.15869
0.34125 -0.10498 0.18718
-0.37440 0.14340 -0.13217
-0.39283 -0.02509 0.16412
-0.07911 0.07493 -0.17268
0.21250 -0.11965 -0.13610
-0.20010 0.11499 0.14284
0.16440 0.00491 0.02858
-0.36592 0.08581 0.09051
-0.25496 -0.10368 0.00027
0.02931 0.05737 -0.13153
0.10761 0.08751 0.13682
-0.00360 0.18397 -0.08480
-0.20515 -0.04130 0.07404
-0.15183 0.10732 0.10257
-0.19496 -0.07503 0.18890
-0.07015 0.18951 -0.08704
0.09539 0.06788 0.10136
-0.20394 0.02823 -0.10746
-0.21861 0.07024 -0.12818
-0.26456 -0.15964 -0.18172
-0.11252 0.10843 -0.10418
-0.25848 -0.07020 -0.11248
-0.26192 -0.06908 -0.13174
0.25069 0.06885 -0.05012
-0.16663 0.08560 0.11188
-0.36843 0.12762 0.01476
-0.05300 0.12746 -0.09847
-0.15617 0.09963 -0.02833
0.28449 0.06673 0.08485
-0.32302 0.08609 -0.16747
0.05640 0.02539 -0.05006
0.24587 -0.01969 0.02604
0.28338 0.08700 -0.09556
-0.00834 -0.03267 0.15404
0.03351 0.06999 -0.13336
-0.13247 0.08207 -0.17151
0.21916 -0.14985 0.13132
-0.26944 0.09909 0.04761
0.03311 0.03871 -0.15075
0.09581 0.03005 -0.15075
0.27692 0.02384 0.09349
0.16393 -0.04367 0.01061
0.16378 -0.04328 0.04740
-0.37729 0.10879 0.14676
-0.04382 -0.04897 0.12033
-0.00597 0.12003 -0.16522
-0.14275 -0.01414 0.16628
0.16686 -0.02103 0.03758
0.14428 0.07784 -0.14331
0.08714 0.03177 -0.14657
0.06848 0.03768 -0.14732
-0.01770 0.14764 -0.15200
0.23565 0.05191 -0.02537
-0.31909 -0.16290 0.18840
0.32896 -0.10887 -0.19270
-0.08369 0.18426 0.06703
0.24807 0.07522 0.07206
0.10909 0.04023 -0.17371
0.14526 0.11350 -0.18567
0.17396 0.04175 -0.16192
0.20537 -0.08495 0.18769
-0.35886 0.11368 0.01467
-0.37062 -0.07404 0.12957
0.08510 -0.03413 -0.01645
0.05446 -0.02249 -0.01960
-0.18100 -0.00207 -0.07088
-0.18745 -0.00584 -0.04573
0.02778 -0.05010 -0.15909
-0.27654 0.03731 -0.00473
-0.12623 0.19026 0.01362
0.15052 -0.03488 -0.16043
0.01347 0.00039 -0.03232
-0.38036 0.09544 0.01486
-0.04141 0.11323 0.09237
0.13220 0.16254 0.15076
0.31103 -0.03784 0.18745
-0.29293 0.17309 0.07093
-0.28799 0.17301 0.10668
-0.28715 0.17299 0.09508
-0.34444 -0.03518 0.16899
0.17906 0.05075 -0.14124
-0.40181 -0.03378 0.03737
-0.16440 0.01404 -0.15307
-0.18511 -0.13639 0.12846
-0.10168 -0.03758 0.01715
0.28726 -0.04715 -0.11253
0.07914 0.01772 -0.10329
0.30922 -0.09303 0.16882
0.27424 0.04676 -0.09849
-0.19204 0.06435 0.08300
0.01784 0.18441 -0.13898
-0.18016 -0.12779 -0.19609
0.26821 -0.03145 -0.10084
-0.13239 -0.00133 0.14369
-0.18343 0.00131 -0.01658
-0.19033 0.01270 -0.03562
-0.19065 0.01348 -0.05333
-0.02322 -0.01696 0.06370
-0.02239 -0.02852 0.06089
-0.31626 0.10954 -0.15442
-0.15640 0.09503 -0.08293
-0.10976 0.12174 0.05370
0.04449 0.16466 0.13927
0.27175 0.00769 0.05411
0.02158 -0.06766 0.00406
0.40592 0.02235 -0.03702
0.00723 0.00519 0.17112
0.02587 0.08375 0.14634
-0.25350 0.10868 -0.08514
-0.17787 -0.11771 0.13760
0.21557 0.08593 0.16087
-0.37605 0.07420 -0.08621
-0.32307 0.05427 -0.07986
-0.24412 -0.10384 0.16881
0.01403 0.16432 0.10797
0.01451 0.17616 0.05968
0.26129 -0.08874 0.12631
-0.13762 0.18911 -0.00950
0.01650 -0.01665 -0.12861
0.04493 0.06616 0.17300
0.17254 0.07509 0.09808
-0.38453 0.00154 0.03592
0.15279 0.07687 0.08870
-0.01709 -0.03751 -0.15496
-0.26218 -0.09708 0.03714
-0.16391 0.05793 -0.03283
-0.16419 0.05068 -0.00517
0.27483 -0.02107 -0.11015
-0.37241 0.05805 0.01836
0.27321 -0.08891 -0.09839
0.28678 -0.09063 -0.10379
-0.34196 -0.11313 -0.17944
-0.01184 0.08002 0.13242
-0.19415 -0.03239 0.11436
0.21270 -0.10691 0.18830
-0.26698 0.02923 -0.05036
-0.22027 0.04856 -0.01683
0.23160 -0.08967 0.18363
-0.26164 -0.15962 0.14548
-0.32418 -0.15958 0.16481
0.28903 -0.07564 0.15496
0.13015 0.09142 0.10267
0.04969 0.16963 0.00407
-0.11047 0.18604 0.07658
-0.10260 0.17085 -0.07210
-0.02035 -0.04031 0.15902
0.11398 0.02200 -0.00196
-0.14755 0.16847 0.12941
-0.15457 0.16970 0.09610
-0.18570 0.17085 0.05589
0.06345 0.18032 -0.09655
-0.09624 0.04411 0.01958
-0.02267 -0.02451 -0.05465
0.12416 0.08577 0.06085
0.16077 -0.01851 -0.02640
0.11098 0.18032 0.13048
0.31961 -0.00663 -0.09662
0.30680 -0.00445 0.00855
-0.25556 -0.06051 -0.00968
0.04937 0.05760 0.12701
0.02897 0.00872 -0.02804
-0.02379 -0.01272 -0.02804
0.02404 0.00843 -0.02804
0.20287 -0.03173 0.00747
0.09036 -0.01542 -0.04484
0.09036 -0.01211 -0.09791
0.15150 0.14856 -0.14591
0.28346 0.02028 0.09199
-0.21679 0.03261 0.10227
-0.24315 0.04357 0.10227
-0.25803 0.02681 0.10227
0.08894 0.17515 -0.11742
-0.15644 0.17776 -0.14600
0.31463 0.04414 0.14624
0.23778 0.04427 0.04572
-0.34032 0.04258 0.06813
-0.36689 0.17075 0.12636
-0.18180 0.17881 -0.14133
-0.14621 0.12374 -0.10666
0.01576 0.10100 0.11859
0.13412 0.17287 -0.07258
0.00760 0.03679 0.09054
-0.05401 0.09762 -0.16286
0.11915 0.05894 -0.07250
0.34068 -0.13337 0.12540
0.00310 -0.02566 -0.12861
0.21128 -0.05155 -0.18348
-0.11626 0.13461 -0.00213
-0.37054 0.16789 0.02316
-0.27249 0.18721 -0.00345
-0.00094 0.00540 0.11811
0.29072 0.06633 0.02113
0.10165 0.01647 0.17300
-0.37280 0.08066 -0.04279
0.14417 0.09591 0.11721
0.26312 0.03309 0.09933
-0.36094 0.15829 0.03585
-0.15682 0.01065 0.11106
-0.15357 0.16903 0.15201
-0.02372 0.00055 0.16572
-0.03328 0.01170 0.15279
0.29285 -0.08444 0.14987
0.14781 0.17287 0.07207
0.04658 0.16884 -0.09584
0.05284 0.16885 0.03572
0.14876 0.02319 -0.06659
0.19488 0.01410 0.04192
-0.09032 0.16737 0.13458
-0.10880 0.13146 -0.06329
0.16533 -0.01365 0.15408
-0.11938 0.18921 0.02268
0.25325 0.06151 0.04555
0.14303 0.14446 0.15150
-0.16515 0.07180 0.10975
0.20788 0.00347 0.02449
-0.23330 0.18947 0.13520
-0.37405 0.14592 -0.14059
-0.36916 0.06358 0.16905
-0.25281 -0.07995 -0.05299
-0.37701 0.00232 0.09030
-0.12362 0.05649 0.03192
-0.35676 0.14435 -0.14461
0.24448 -0.09168 0.16556
-0.29880 -0.18350 0.13434
0.23828 0.10073 -0.13647
0.25592 -0.01691 -0.04128
-0.21644 -0.18191 -0.15604
0.17602 -0.04428 -0.15794
-0.36983 0.08047 0.04302
0.28385 -0.09935 -0.15736
-0.30025 0.13405 0.06266
-0.23179 0.12220 0.06483
-0.26520 -0.04649 0.11183
-0.13846 0.05229 -0.04166
-0.09873 0.00929 -0.16964
-0.17364 0.03256 0.15240
-0.37461 0.02179 0.06897
0.31213 0.04727 0.01502
-0.22125 -0.01954 -0.12227
-0.27927 0.03765 -0.10496
0.39097 0.02160 -0.09058
0.18272 -0.04540 -0.02181
0.17458 -0.04366 -0.07087
-0.01596 0.16527 -0.14635
0.28585 -0.05771 0.15309
0.27836 0.09268 0.08918
0.05207 0.07371 0.08913
0.06572 0.00875 -0.02804
-0.37579 0.01951 0.08406
0.05296 0.08012 0.14647
0.26027 -0.05528 0.13416
-0.37526 0.11159 0.15499
0.20450 -0.00674 0.17338
0.21310 -0.12371 0.18829
-0.31759 0.18791 0.05184
0.09807 -0.03957 -0.15729
-0.04397 0.15368 -0.13569
-0.28651 -0.11345 0.15748
0.26731 0.06598 -0.03441
-0.27597 -0.07836 -0.00510
-0.09785 0.01286 0.17243
-0.20735 -0.09283 -0.00349
0.17803 0.05046 0.07903
-0.26695 -0.09181 -0.11210
-0.26872 -0.09123 -0.12563
0.05007 0.08637 -0.13641
0.24674 -0.02663 -0.06853
0.30706 -0.14244 0.18673
0.03045 0.06979 0.12438
0.32471 -0.02757 0.15186
-0.27960 0.18472 0.11075
-0.35899 0.05130 0.16889
-0.14759 0.04880 0.11468
0.08570 0.00184 0.01811
-0.15290 0.01410 0.01294
-0.15289 0.03036 0.01444
-0.15239 0.01145 0.06347
-0.01132 0.17748 -0.14325
-0.30876 -0.08071 -0.13769
0.16845 0.07488 -0.16165
-0.13240 0.07141 -0.12177
-0.22736 0.02921 -0.02045
0.17036 0.07974 0.13334
0.14572 0.17298 -0.00566
0.12163 0.07366 0.10678
-0.25362 -0.12146 -0.17578
-0.35640 0.03915 0.07645
-0.26872 0.11900 0.05040
0.18771 0.10141 0.13957
-0.25625 -0.08896 -0.03048
-0.16877 0.00162 0.01443
-0.17018 0.00300 0.05484
-0.00801 0.00199 0.14927
0.01477 -0.00041 -0.05067
-0.20089 0.07308 -0.16336
0.16345 0.02052 0.04515
0.05699 -0.03205 -0.14578
-0.22110 -0.09971 -0.00439
0.00819 0.13850 0.11621
-0.28282 0.19242 0.04591
0.11912 0.05922 0.09294
-0.40181 -0.03048 -0.03694
-0.26351 0.02642 -0.07322
0.12202 0.16484 0.14166
-0.19243 0.08567 0.14686
-0.34083 -0.12199 -0.15895
0.00655 0.02128 0.17333
0.17938 -0.01487 0.13273
-0.33535 0.18447 0.02699
0.06350 -0.03555 -0.02804
-0.15827 -0.01180 -0.03842
-0.15989 -0.00966 -0.02104
0.28554 0.04323 -0.09900
0.04193 0.08243 -0.14641
-0.34185 0.05939 0.14336
-0.33025 0.05768 0.14396
-0.20513 0.03150 -0.04378
-0.02094 -0.02649 -0.16330
-0.07221 0.18408 -0.06093
-0.15282 0.16474 -0.13425
-0.37627 0.00769 -0.09289
-0.23527 0.03092 -0.04505
-0.12879 -0.03304 0.04842
-0.13659 -0.03014 0.05737
-0.15362 -0.02485 0.00093
-0.15663 -0.02290 0.06479
-0.13176 -0.03250 0.01085
-0.35589 0.00217 0.00317
-0.37454 0.01342 0.00608
-0.34938 -0.00170 0.06677
-0.34380 -0.00508 0.04414
0.06898 0.00703 -0.13389
0.18301 0.09746 -0.13978
-0.19662 -0.14500 -0.13671
0.25087 0.05374 -0.09603
0.19206 0.05677 -0.14801
-0.32163 -0.16058 0.12995
0.09493 0.05290 -0.14768
0.07680 0.06206 -0.14725
0.04979 0.05204 -0.14752
0.08237 0.05888 -0.14739
0.04602 0.06159 -0.14713
-0.22845 -0.08700 0.15675
-0.36972 0.01051 -0.00805
-0.36604 0.00832 -0.04028
-0.37473 0.01353 -0.00340
-0.34231 -0.00602 -0.00784
-0.02704 0.17527 -0.14043
-0.21666 -0.08638 -0.14478
-0.13364 0.05020 0.06042
0.17826 0.04404 0.16734
0.16305 0.08143 0.11489
-0.37461 0.02514 -0.05036
-0.34213 0.08056 0.05801
-0.02139 -0.03204 0.16087
0.11432 0.08178 0.06820
0.11582 0.08894 0.08305
-0.02013 0.08269 -0.17100
0.11748 0.16834 -0.03329
0.25423 -0.05150 -0.11536
-0.05560 -0.02668 -0.14144
-0.34873 0.19227 0.09676
-0.21202 0.18422 -0.11046
0.04766 -0.00614 0.14392
0.16146 -0.01369 0.14374
0.10818 -0.01240 0.14371
0.05107 -0.00034 0.14424
-0.18697 -0.11767 -0.13663
0.27289 -0.06449 0.14340
0.30898 -0.08111 -0.16557
0.20463 0.10393 -0.05604
0.31714 -0.05036 -0.13519
0.15526 0.09612 -0.13644
-0.35164 0.09882 0.06506
-0.19245 -0.00883 0.02966
-0.13696 0.04364 -0.09816
-0.03800 0.02882 -0.14651
-0.00101 0.18488 0.13122
-0.28476 0.17924 -0.14437
-0.37559 -0.06059 0.08310
0.10075 -0.04203 0.00949
0.16115 -0.04203 0.12236
0.14383 -0.04203 0.00565
0.12984 -0.04203 -0.00221
0.15963 -0.04203 -0.00159
0.01470 -0.04203 0.08860
0.17268 -0.04203 0.06389
0.04239 -0.04203 0.00559
-0.06847 -0.04203 0.13703
0.04630 -0.04203 0.10939
0.11418 -0.04203 0.04651
0.16225 -0.04203 -0.10105
0.12008 -0.04203 -0.05756
0.15547 -0.04203 0.01026
0.14046 -0.04203 -0.08642
0.03462 -0.04203 0.08472
-0.01216 -0.04203 0.06701
0.06172 -0.04203 0.01206
0.11150 -0.04203 0.03567
0.01124 -0.04203 0.10705
-0.05107 -0.04203 0.12187
-0.00288 -0.04203 0.11209
0.11961 -0.04203 -0.07504
0.00169 -0.04203 0.09974
0.04311 -0.04203 0.01572
0.15718 -0.04203 0.02744
0.04735 -0.04203 0.08239
0.05843 -0.04203 0.05795
0.12962 -0.04203 0.10569
0.10815 -0.04203 -0.08053
0.07226 -0.04203 0.13476
0.03678 -0.04203 0.11092
0.09930 -0.04203 0.09189
0.09635 -0.04203 -0.01536
0.02895 -0.04203 0.01308
0.00372 -0.04203 0.05270
0.11443 -0.04203 0.05463
0.02568 -0.04203 0.04593
0.14866 0.09604 -0.13715
-0.31410 0.18780 -0.08857
0.05986 0.17875 -0.06427
0.10791 0.17791 -0.01919
0.05071 0.09344 0.13822
-0.34429 0.09774 0.05836
-0.20275 0.16503 0.14437
-0.15223 -0.04245 0.10717
-0.03845 0.13961 0.13995
-0.26688 -0.03774 0.11272
-0.32126 -0.14231 0.19000
-0.15356 0.02990 -0.10751
-0.16115 -0.00121 -0.14167
0.17315 0.09292 -0.16692
-0.26177 0.03710 -0.01801
0.29423 -0.10095 0.11914
-0.18537 0.06043 -0.14776
0.04925 -0.01115 0.02268
0.18024 0.06582 0.13335
0.13630 0.09175 0.10540
0.14381 0.16943 0.12646
0.26142 0.08100 0.07793
0.28238 0.06418 -0.09067
-0.32485 0.10790 0.05819
0.16113 0.08939 0.02504
-0.20371 -0.14780 -0.19857
-0.12640 0.00719 -0.11280
-0.03262 0.03406 -0.09880
-0.02461 0.00869 -0.11338
-0.03113 0.02934 -0.10700
-0.35257 0.01734 -0.07096
-0.34789 0.08436 -0.05184
-0.35185 0.03594 -0.14257
0.00530 0.17289 0.14039
0.05455 0.16396 -0.10599
-0.10665 -0.03168 -0.15342
0.23235 -0.04204 0.12634
0.27827 -0.02331 0.05308
-0.38784 0.09378 0.01781
0.40539 0.03720 -0.02764
0.13876 0.10260 -0.19578
0.12881 0.07428 0.00578
0.24918 -0.17178 0.14652
0.02522 0.01907 0.04550
0.28253 -0.06522 -0.16183
0.07234 -0.03057 -0.15326
0.26585 -0.11496 -0.17848
-0.02349 -0.01318 -0.12378
-0.02411 -0.00455 -0.07706
-0.27352 0.18726 0.00740
-0.22725 0.17225 -0.05684
-0.23734 0.17262 -0.01246
-0.24345 0.17275 -0.00089
-0.25715 0.17260 -0.04706
-0.22753 0.17202 -0.09339
-0.23835 0.17242 -0.04556
-0.22585 0.19165 0.09239
-0.26816 0.18632 -0.12608
-0.30462 0.03030 -0.08133
-0.01345 0.00761 0.17213
-0.34583 0.03830 0.05437
-0.31679 0.03788 0.03559
0.17864 0.05581 0.16817
-0.02716 0.12801 0.07579
-0.30303 -0.08366 -0.19672
0.07680 0.16325 0.09359
0.04826 0.16424 0.13397
-0.36971 0.01733 -0.03571
-0.19923 0.16364 -0.13477
0.11226 0.17780 -0.08168
0.07362 0.05737 -0.14528
-0.37117 -0.07281 -0.06525
0.12429 0.05052 0.05879
-0.35781 0.01503 0.09522
0.29363 -0.05555 -0.19112
-0.16585 -0.00301 0.16136
0.28602 -0.02076 0.18747
-0.37716 0.01626 0.06151
-0.13566 -0.06549 0.10829
0.08096 0.09300 -0.16594
-0.23104 0.06573 0.07167
0.02845 0.00292 0.07966
0.02061 0.00023 0.08080
-0.14258 -0.03367 -0.09580
-0.07589 -0.03600 0.15526
0.28394 0.07693 0.17282
-0.02657 0.10432 -0.14425
-0.13511 0.02737 -0.17353
0.27347 -0.05477 -0.10038
-0.09808 0.18445 0.03498
0.14048 0.12605 -0.15523
0.20397 0.03688 -0.03387
0.22975 0.02492 -0.04583
-0.36715 -0.06489 0.15829
0.10753 0.00159 -0.17118
-0.39328 -0.04626 -0.00334
-0.28205 -0.08508 0.15455
0.30923 0.08143 0.13785
-0.04986 0.15262 0.06872
-0.24163 0.18461 -0.14160
-0.01487 0.17938 -0.12538
-0.16401 -0.04062 0.04867
-0.26147 -0.04898 0.00990
0.18615 0.01969 -0.13959
0.18648 0.06635 0.01499
0.18637 0.06541 -0.03550
0.18648 0.04526 0.01704
0.18633 0.02145 -0.05523
0.18664 0.07489 0.09506
0.18619 0.07548 -0.12211
0.18615 0.06823 -0.14039
0.18630 0.03112 -0.06825
0.18655 0.06675 0.05002
0.18656 0.04512 0.05487
0.18618 0.00419 -0.12570
0.18617 0.07511 -0.13171
0.18651 0.05583 0.03093
0.18623 0.00260 -0.10391
0.18622 0.00122 -0.10891
-0.32707 0.01848 -0.10208
-0.25154 0.02893 -0.10208
-0.22287 0.05242 -0.10208
-0.21550 0.03442 -0.10208
-0.23084 0.05297 -0.10208
0.26618 0.09542 0.07399
-0.10629 -0.07539 0.01342
-0.15293 -0.04811 -0.04956
-0.12397 0.03865 0.01601
-0.12397 0.04669 0.01259
-0.12397 0.03603 0.04098
-0.12397 0.03260 -0.03329
0.18457 -0.04577 0.01167
0.17774 -0.04308 0.08957
0.17974 -0.04479 0.03912
-0.19043 0.07215 0.15085
0.27032 -0.07504 0.10176
0.26699 -0.04653 0.02621
0.02929 -0.01344 0.14460
-0.14164 0.05834 0.11074
-0.24806 -0.08631 0.13809
-0.34206 0.06992 0.03998
-0.07044 0.16828 0.08338
-0.06182 0.16984 0.01001
-0.02152 0.16729 0.00460
-0.06340 0.16908 0.03968
-0.05150 0.16825 0.04071
0.31656 0.08247 0.10158
0.09036 -0.02125 0.07975
-0.29402 -0.05474 -0.13756
-0.03397 0.16290 0.15400
0.04743 -0.03930 0.13866
-0.32442 -0.15679 0.13171
-0.27167 0.06506 -0.10208
-0.26316 0.06259 -0.10208
0.31213 0.05405 0.03736
0.01426 0.16078 0.13893
0.10744 0.17809 0.06725
-0.03764 0.01600 -0.14559
0.01849 0.16438 0.11785
-0.03146 0.04259 0.04873
-0.04328 0.07336 0.05065
0.24704 0.07412 0.08924
-0.21276 -0.09825 0.14909
0.15109 0.09277 0.09358
0.30211 -0.11758 -0.17986
0.02242 -0.02639 0.16371
-0.01068 0.10004 0.14517
0.03692 0.16456 0.11312
-0.20509 0.09641 0.15919
-0.21692 -0.13814 0.13127
-0.10591 0.10028 -0.15409
-0.15884 0.08450 0.11313
0.30492 -0.16315 0.18750
-0.00718 -0.01733 -0.14543
-0.01021 0.00540 -0.12786
-0.00841 0.00540 -0.10839
-0.13210 0.18493 -0.03043
-0.38006 0.00172 0.00142
-0.03083 0.09559 0.15561
0.31703 -0.14648 -0.13519
0.21744 0.01912 0.03532
0.34746 -0.14314 -0.16085
-0.05983 0.17639 0.14103
0.11922 0.05161 0.02282
-0.02630 0.13947 -0.15157
-0.37112 0.13609 0.10407
0.27549 0.03057 0.08670
-0.10046 0.05005 -0.17359
-0.04625 0.15242 -0.09157
-0.23289 0.02928 -0.02500
-0.23322 0.02929 -0.01760
-0.09729 0.03931 -0.17378
-0.01205 0.13287 -0.14768
-0.26871 0.02979 0.01699
-0.36811 0.07579 0.05956
0.16040 0.09154 -0.14871
-0.36856 0.03445 0.05544
0.24895 0.08025 -0.04454
-0.40181 -0.04136 0.05157
-0.16614 0.06235 0.00393
0.28294 -0.13460 -0.16839
0.12714 0.07500 -0.03123
0.32888 -0.16220 -0.18243
0.04239 -0.02116 0.01834
0.04135 -0.01399 0.01834
-0.00898 -0.03736 0.01834
-0.38860 -0.05758 0.04212
-0.22419 -0.07673 -0.00767
-0.22066 0.10837 -0.15080
-0.13773 0.17019 0.06989
-0.08481 0.17099 0.00992
-0.15190 0.17064 0.05555
-0.17592 0.17131 0.03579
-0.10931 0.17082 0.02843
-0.16842 0.17058 0.06557
-0.13818 0.17038 0.06145
-0.12245 0.17006 0.06885
-0.11146 0.17009 0.06257
-0.19200 0.17162 0.02873
0.32716 -0.11177 -0.17763
-0.21759 -0.11210 -0.16102
-0.39500 -0.01500 -0.04815
0.11818 0.17297 -0.05212
-0.25826 0.04785 0.07559
0.02249 0.06438 0.17274
-0.38331 0.00156 -0.15418
-0.16257 0.00721 -0.15917
-0.30219 0.11783 -0.06839
0.18483 0.06946 -0.16956
0.05951 0.07549 0.11144
-0.15299 0.13315 0.10961
-0.24463 -0.19206 -0.17762
-0.01505 0.00280 -0.15951
-0.18665 0.07890 0.14609
-0.26053 -0.04637 0.12026
0.32785 -0.15458 -0.19668
-0.15424 -0.03069 -0.10855
-0.18664 0.00687 0.04321
-0.18338 0.00154 0.03689
-0.18496 0.00354 0.00131
-0.37461 0.02263 -0.01512
0.19695 -0.00963 -0.00021
0.26713 -0.00963 -0.01668
0.19694 -0.00963 -0.01273
0.26042 -0.00963 -0.02890
0.08776 0.04228 0.07174
-0.06709 0.18946 0.08048
-0.14460 0.09242 -0.14491
-0.18064 0.16317 0.14381
-0.11120 -0.02237 0.14411
0.19378 0.05728 0.08707
0.38932 0.03949 0.10561
-0.37916 0.10448 -0.13869
-0.01712 0.16343 0.13453
0.02858 0.01417 -0.17285
0.00372 0.05651 0.03604
-0.31437 0.18779 0.08227
-0.08496 0.09896 0.15931
0.21922 0.07485 0.08892
-0.26565 0.18704 0.07419
-0.25556 -0.07481 -0.04790
-0.09492 0.01851 0.01672
-0.09815 -0.04136 -0.10716
-0.12632 0.14278 -0.07909
0.02173 0.06207 0.12671
-0.18695 0.19112 -0.09066
-0.30825 -0.11249 0.14175
-0.23033 0.04080 0.02267
-0.23076 0.04278 0.06618
-0.26077 -0.08560 0.15275
-0.01732 0.02162 0.14579
0.17539 0.01836 -0.06261
-0.35037 0.03248 -0.02410
-0.03819 -0.01236 0.14973
0.20217 0.09560 -0.08153
-0.00053 0.18297 0.07448
-0.27304 -0.08251 0.07718
0.24401 0.06263 -0.17823
-0.21059 0.09587 0.14395
-0.01519 0.18635 0.04237
-0.20851 0.04326 0.11879
-0.34862 0.04953 -0.14268
0.29913 -0.05636 -0.02732
-0.04931 0.09108 -0.10751
0.17847 0.02818 -0.16668
-0.37180 0.12826 -0.05875
-0.19068 0.13347 -0.14102
0.38706 0.06311 -0.00552
0.34822 -0.14210 -0.17743
-0.10840 0.16044 -0.05355
0.12832 0.12787 0.19649
0.29725 0.08897 0.00201
0.04871 0.06786 0.10739
-0.24521 -0.15735 0.15502
-0.02719 0.15435 0.14608
-0.09106 0.16141 -0.13421
-0.27339 -0.08777 -0.06600
-0.18430 0.16625 -0.13421
0.20599 0.09945 -0.16071
-0.15600 0.01103 -0.01071
-0.02914 0.07824 0.15933
0.11784 0.06921 0.08184
0.06788 0.16093 0.13351
0.28711 0.07191 0.08106
0.12104 -0.01297 0.16785
0.10712 -0.02147 0.16580
-0.38327 -0.05926 -0.13549
-0.34025 0.19421 0.12714
0.16820 0.08058 -0.14123
0.04750 -0.00985 -0.14373
0.06821 -0.00414 -0.14407
0.04058 -0.00403 -0.14402
-0.27714 -0.10092 -0.17917
0.32810 -0.10350 0.18247
0.27927 -0.14442 0.15704
0.17729 0.01807 -0.11010
0.20890 -0.02180 -0.03595
0.00043 0.12572 0.10867
-0.35304 0.01933 0.16992
0.27624 -0.05007 -0.04712
0.29661 -0.05649 -0.06839
-0.12335 0.18522 -0.14000
-0.19371 0.01499 -0.11786
-0.17537 0.16400 0.13445
-0.23385 -0.18943 0.13995
-0.30742 -0.06022 -0.19947
-0.10213 0.18993 0.04835
-0.25778 0.04408 0.01379
-0.26410 -0.10739 0.15572
0.11294 0.15253 -0.13342
-0.19419 0.06739 -0.15666
-0.08015 0.18963 0.02096
0.15588 0.10028 0.15124
0.05815 0.08702 -0.13655
0.14130 -0.02387 0.02858
0.17349 -0.01274 0.02858
-0.39971 -0.02056 0.16956
-0.33760 0.00178 0.16756
-0.19504 -0.12884 0.12711
0.16136 0.02091 -0.12985
-0.25501 -0.09067 0.16867
-0.02496 0.04606 -0.16376
-0.29011 -0.09098 -0.18287
0.09400 0.18119 -0.13783
0.28081 0.02325 0.00370
-0.01549 0.13021 0.14000
-0.00507 -0.02861 0.15439
-0.27079 0.18387 -0.11423
0.33931 -0.14377 -0.19655
-0.17842 -0.09773 0.16924
-0.36565 0.16498 -0.09857
-0.25279 -0.07657 -0.10357
0.36079 0.06911 0.04765
-0.00371 0.12976 0.13960
-0.35546 0.15695 0.05484
0.32113 -0.16612 -0.19326
-0.35022 0.09797 0.16607
-0.01007 0.04934 -0.14718
0.24002 0.09518 -0.13373
0.27385 0.06922 0.08377
-0.01452 -0.00509 0.12042
0.13114 0.10373 0.19325
0.06879 0.16348 0.09150
-0.04222 0.09101 -0.12978
0.28671 0.09091 -0.07850
0.24089 -0.15168 -0.13586
-0.22409 -0.14085 -0.19391
-0.39517 -0.01612 0.00519
0.00999 0.13128 0.08269
-0.00374 0.14181 0.10929
-0.35028 0.06520 -0.08148
-0.04081 -0.01314 -0.14282
-0.26411 -0.09255 0.11840
-0.28260 -0.09485 -0.16424
-0.38828 0.11091 0.05969
-0.12741 -0.02667 0.13899
-0.01095 0.03877 0.16032
-0.39782 -0.00180 -0.10909
0.12476 0.03056 -0.03827
0.27679 -0.16081 -0.19734
0.01370 0.16466 0.07517
-0.00330 0.16490 0.10010
-0.27127 0.17877 0.14467
-0.19805 -0.16612 0.17802
-0.27021 0.08952 -0.01033
-0.07019 -0.00168 0.17053
0.26939 0.01536 -0.06591
0.08361 0.00186 -0.11355
0.06543 -0.03348 0.15343
0.28749 -0.05444 0.00346
-0.01475 0.18872 -0.01922
-0.04153 0.00210 0.14417
-0.11971 0.03760 0.14767
-0.15437 0.04215 0.14825
-0.10144 0.02938 0.14686
-0.26656 0.16080 0.03486
0.00846 0.05737 0.12840
0.27442 -0.00449 -0.06130
0.37172 0.04465 -0.05108
-0.26530 0.17257 -0.10573
-0.27257 0.17271 -0.10959
-0.26309 0.17252 -0.07696
-0.10313 0.18778 -0.05862
-0.38485 0.00154 0.16346
0.06841 -0.03277 -0.16070
0.08476 0.07570 0.13397
-0.02292 0.00068 -0.16805
-0.01161 0.02842 -0.15922
-0.31299 0.08802 0.16739
-0.11631 0.02687 0.17348
0.14095 -0.04167 -0.07154
0.12981 -0.04187 -0.04834
0.14274 -0.04191 -0.03919
0.09734 -0.04182 -0.06634
0.14145 -0.04124 -0.12743
0.02449 -0.04150 -0.13265
0.10778 -0.04135 -0.12409
0.13765 -0.04134 -0.11641
0.09337 -0.04135 -0.12971
0.14298 -0.04132 -0.11626
-0.28483 0.17294 -0.09318
-0.28128 0.17288 -0.10385
-0.30098 0.17327 -0.12310
0.29103 0.08963 0.08931
-0.35798 0.15711 -0.09005
-0.32638 0.05214 0.13717
-0.32986 0.04311 0.13879
-0.33389 0.00099 0.14630
0.06848 0.08755 0.07471
-0.14261 0.05524 0.10000
-0.16035 0.05608 -0.08431
-0.00402 0.16597 -0.13724
0.19630 0.01247 -0.02186
-0.33865 -0.02345 0.09749
-0.33392 -0.01351 -0.02253
-0.34400 -0.03479 0.13562
-0.35362 -0.05529 0.08430
-0.34149 -0.02957 0.01898
-0.35983 -0.06846 0.13043
-0.32864 -0.00216 0.10066
-0.32789 -0.00079 -0.12153
-0.33411 -0.01381 0.08176
-0.33123 -0.00763 0.13011
-0.35054 -0.04881 0.03378
-0.34859 -0.04459 0.08862
-0.33261 -0.01064 0.06098
-0.34584 -0.03872 0.11601
-0.34329 -0.03342 -0.01298
-0.33549 -0.01685 -0.03535
0.06996 0.17855 -0.05098
-0.35826 0.00115 -0.17013
-0.34318 0.01318 -0.07386
-0.09627 0.07763 0.06627
-0.22663 -0.06440 -0.00365
0.02057 -0.04658 -0.15739
-0.01763 0.05896 0.06818
-0.02142 0.06679 0.07703
-0.03357 0.09186 0.08930
0.04822 0.01164 0.13557
-0.31045 0.03779 0.01835
0.08125 0.01041 0.07952
-0.37200 0.13515 -0.15430
0.30222 -0.17419 -0.17304
0.25081 0.09901 -0.05708
0.15398 0.09068 -0.14810
-0.32587 -0.06199 0.15381
-0.08683 -0.03610 0.13887
0.22055 0.07123 0.16057
-0.10121 -0.01900 0.00864
-0.37526 0.11102 0.01482
0.05456 0.02066 -0.03984
0.20089 -0.00963 0.02789
-0.25541 0.18921 0.00955
-0.16613 0.03960 -0.01266
0.25031 -0.06234 -0.13736
0.19591 -0.01962 0.06273
0.20893 0.01530 0.09004
0.21331 0.02767 0.11360
0.20597 0.00756 0.08832
0.19463 -0.02319 0.05716
0.19257 -0.02711 0.09024
0.19215 -0.03110 0.02172
0.19385 -0.02646 0.02724
0.37516 0.00851 0.07994
0.12078 0.05591 -0.09271
-0.19626 -0.11909 -0.19850
0.27420 -0.01289 0.01743
0.17254 -0.03003 -0.15691
0.11631 0.16147 0.08344
0.14333 0.11918 -0.15229
-0.26966 -0.05029 0.00141
-0.22822 -0.12882 0.16775
-0.36074 0.02569 -0.01856
-0.37160 0.12998 0.04688
0.07517 0.01895 0.07336
0.06314 0.01482 0.06302
0.06903 0.01685 0.09017
-0.20515 0.13438 -0.13953
-0.34688 -0.00258 0.12984
-0.16431 0.12744 0.15685
0.29290 -0.08714 -0.14858
-0.18332 -0.00306 0.01019
-0.18142 -0.00203 0.03071
-0.22128 0.03419 -0.05333
0.13939 0.10042 0.19372
-0.02084 0.04515 0.14763
-0.30663 0.14059 -0.03136
-0.22248 0.03007 0.02159
-0.15736 0.08182 -0.17209
-0.28061 -0.10801 -0.16751
0.16523 0.00806 -0.17212
-0.31345 -0.10018 -0.13775
0.09274 0.17814 0.02734
-0.35252 0.16297 0.01087
0.13874 0.10646 0.07739
0.35136 0.07516 -0.00255
0.26965 -0.04715 -0.18981
-0.22166 0.03096 0.02778
0.05724 0.03328 -0.13469
-0.19422 0.13746 -0.16006
0.18481 -0.00199 0.16719
-0.19433 0.16407 -0.14591
0.07537 0.17584 -0.11414
-0.36895 0.16731 -0.01202
-0.28861 0.18741 -0.07259
-0.37142 -0.07603 0.08899
-0.20904 0.08389 -0.14450
0.22716 0.10238 0.15542
0.19916 0.10276 0.11859
-0.01716 0.17044 0.14626
-0.36907 0.05908 -0.08441
0.14493 0.02389 -0.03979
-0.04816 0.17088 0.01836
0.27119 -0.08302 0.11909
-0.10318 0.07732 0.12865
0.04186 0.06259 0.06836
-0.37739 0.12919 -0.08442
-0.22883 0.18940 -0.13496
-0.31604 -0.05657 0.18847
0.24898 0.09917 0.06836
-0.37577 0.10600 -0.15592
0.00452 0.03125 0.13537
-0.39672 -0.00766 0.13794
0.04742 0.00193 0.13170
-0.13540 0.07522 0.09675
-0.37327 0.02637 -0.04126
0.07797 0.02094 0.10159
-0.32745 0.00865 0.08677
-0.32746 0.00551 -0.00096
-0.28739 0.05485 -0.04593
0.06939 0.02200 -0.02066
-0.18244 0.19035 0.05742
-0.37220 0.12910 -0.11692
-0.26097 -0.18113 -0.13727
0.09068 0.08307 0.09818
-0.05437 0.06195 0.14683
-0.04445 0.06271 0.14668
-0.27447 -0.08836 -0.02960
0.01342 0.10901 0.10989
-0.04770 0.04178 0.17377
0.14371 0.06158 0.12275
-0.31369 0.05815 0.16929
0.16611 0.04444 -0.14909
-0.05541 -0.06452 0.01281
-0.03907 -0.05807 0.16361
0.07817 0.07215 0.06475
-0.14991 0.09014 -0.17067
0.12963 0.11523 0.01856
0.28214 0.04851 0.00681
-0.29671 0.18743 0.02991
0.18490 0.09835 0.02464
0.17650 0.09803 0.02501
0.17852 0.09811 0.07533
-0.23952 0.13446 -0.06409
0.40657 0.02852 0.00410
0.15316 0.06236 0.13490
-0.00769 0.13760 -0.16115
0.04527 -0.01910 -0.16626
0.28994 0.06768 0.01323
0.02702 -0.04451 0.07699
0.07950 -0.04451 0.09588
0.04378 -0.04451 0.12059
0.01288 -0.04451 0.12303
0.15170 -0.04451 0.11469
0.10369 -0.04451 -0.01671
0.12447 -0.04451 -0.01039
0.12796 -0.04451 -0.06488
0.01587 -0.04451 0.10534
0.06263 -0.04451 0.13852
0.15513 -0.04451 0.13202
0.15312 -0.04451 -0.03910
0.12434 -0.04451 0.03420
0.09525 -0.04451 0.09879
0.06638 -0.04451 0.02883
0.05719 -0.04451 0.01327
0.15076 -0.04451 0.12664
-0.04495 -0.04451 0.13921
0.14951 -0.04451 0.01310
0.14993 -0.04451 0.05370
0.10665 -0.04451 -0.02554
0.05218 -0.04451 0.01381
0.12045 -0.04451 0.14289
0.06728 -0.04451 0.08297
0.07194 -0.04451 0.04627
0.08454 -0.04451 0.00445
0.08393 -0.04451 0.09778
0.10957 -0.04451 0.01943
-0.01106 -0.04451 0.12962
-0.22895 -0.02849 -0.12120
0.12103 0.16052 0.00195
0.33707 0.06815 -0.14330
0.14627 0.16474 -0.11293
-0.13012 0.06968 0.10654
-0.03101 0.11476 0.08845
-0.39590 -0.01822 -0.01289
-0.31666 0.10495 0.05653
-0.35742 0.00697 -0.15365
-0.16482 0.18799 -0.13824
-0.14561 -0.03634 0.09315
-0.06791 0.18946 -0.05012
-0.20492 0.04499 -0.14092
-0.20554 0.03546 -0.11612
0.04906 0.18335 0.13518
0.25592 -0.03257 0.01338
-0.18233 -0.08238 0.18511
0.14469 0.07354 -0.17789
-0.00486 0.04773 -0.14746
0.00966 0.00264 -0.07800
-0.02702 0.07835 -0.06830
0.01000 0.00195 -0.06843
-0.04521 0.14116 -0.09214
0.23909 0.07379 -0.14716
-0.28310 0.05729 0.03794
-0.10277 -0.00918 -0.16918
0.31883 0.04605 -0.02941
-0.28771 0.01330 0.03005
-0.28292 0.01373 0.03560
-0.32612 0.01377 0.06866
-0.25907 0.01324 0.00741
-0.28774 0.01263 0.01574
-0.31042 0.01244 0.02864
-0.30339 0.01412 0.05920
0.27038 0.02404 -0.07124
0.00179 0.00540 0.09007
-0.02020 0.00540 0.02402
-0.34370 0.01812 -0.04215
0.29666 -0.06566 -0.17823
-0.37304 0.08128 0.02215
-0.34195 0.02408 0.14326
-0.25790 0.18691 -0.07771
0.02078 -0.00333 0.01554
0.21272 -0.04990 -0.13938
0.28658 -0.06154 0.17063
0.05542 -0.00196 0.01834
0.13993 -0.04375 -0.15814
-0.31962 0.16766 0.14628
-0.28042 -0.16562 0.18965
-0.34046 0.12139 -0.07928
-0.24639 -0.17846 -0.13714
0.26362 -0.08632 0.08231
0.27984 -0.06026 0.01609
-0.23319 0.07674 -0.02383
0.27556 -0.07178 -0.15547
-0.18951 0.03888 -0.10985
0.29492 0.05678 -0.14956
0.23231 0.09898 -0.02944
0.17740 -0.03370 -0.13953
0.30675 0.05837 -0.17523
-0.00726 0.18724 -0.04890
-0.36844 0.16018 0.06212
0.29490 -0.04885 0.15074
0.28883 -0.08399 0.13422
-0.23060 0.07324 -0.08296
-0.01676 0.17068 -0.03806
0.09854 0.03876 0.10633
-0.27224 0.12053 0.07088
0.04285 -0.05645 -0.16335
-0.31998 0.18795 0.02953
-0.36485 0.16589 -0.03181
0.15233 0.09607 -0.08140
0.08990 -0.00594 -0.10086
-0.10060 0.16899 -0.09644
-0.07916 0.16821 -0.09685
-0.10749 0.16854 -0.11907
-0.07372 0.16724 -0.12189
-0.35495 0.01386 -0.04527
-0.25649 0.05457 -0.08517
-0.15522 0.07972 -0.08355
0.02415 0.07416 0.06203
-0.07226 -0.02501 0.14064
0.28314 -0.17763 0.18401
-0.19378 0.07299 -0.11636
-0.28403 0.05180 -0.04896
-0.00666 0.01006 -0.12552
-0.36276 0.13147 0.01471
-0.07135 0.18406 -0.07419
0.01156 0.16429 -0.12496
0.02756 0.09409 0.07693
0.18455 0.01613 -0.16970
0.27066 0.06418 0.08724
0.28762 0.08836 0.14282
0.01053 0.10658 0.07287
0.03302 0.05778 0.17336
-0.34932 0.17142 0.08540
-0.35991 0.18536 0.01192
-0.31226 0.06238 -0.16941
0.05691 0.05639 0.13027
0.36866 0.02476 -0.16188
-0.23384 -0.08905 0.15696
-0.20992 0.19142 -0.02321
-0.37779 0.01725 -0.11445
0.34234 -0.04522 0.18393
-0.28088 0.18497 -0.11043
-0.04659 0.04330 -0.17377
-0.20463 -0.09873 0.12719
0.04893 -0.01839 0.16642
0.24746 0.02008 -0.04873
0.10133 0.09499 0.15799
-0.20982 0.08722 -0.00282
0.26116 -0.03432 -0.19747
-0.19301 0.13035 0.15406
0.34384 0.06861 0.04386
0.23238 -0.09432 -0.16902
-0.36910 0.07788 -0.08409
0.15828 -0.02736 0.14419
0.14547 0.13534 -0.15172
-0.18879 0.05194 0.15812
-0.07013 0.16359 -0.14444
-0.18461 0.10076 0.16898
-0.18806 0.06513 0.10091
0.18433 0.07908 0.11177
-0.36392 0.01751 0.04077
-0.33887 0.01735 -0.10242
0.03004 0.07740 0.17056
-0.22965 -0.05235 -0.19879
0.07146 -0.04151 0.11637
0.10789 -0.04145 0.11193
0.13079 -0.04165 0.07733
0.14929 -0.04137 0.10831
0.13727 -0.04159 0.08302
0.13763 -0.04206 0.02205
0.13024 -0.04173 0.06697
0.08686 -0.04173 0.08242
0.06446 -0.04147 0.12377
0.14350 -0.04154 0.08806
0.01864 -0.00045 -0.07714
-0.16647 0.02444 -0.17347
0.13079 0.05080 0.13544
-0.24847 0.07866 -0.16863
-0.26718 -0.03482 0.18898
0.10715 0.08288 0.11840
-0.11281 0.01652 -0.14581
-0.13233 0.01905 -0.14603
-0.12051 0.09730 0.16472
-0.16633 -0.00194 -0.07300
-0.35117 0.02306 0.07451
0.04722 -0.00186 0.00202
-0.03695 0.02000 0.15271
0.15284 0.14475 0.14933
-0.32122 0.14652 0.07614
0.07728 0.17855 -0.10253
-0.17336 0.06918 0.09941
0.02930 0.17932 0.07195
0.13987 -0.00303 0.14037
-0.07658 0.16767 0.11168
-0.10870 0.16844 0.12382
-0.08766 0.16786 0.11830
0.06370 -0.04471 0.15776
-0.17382 -0.01083 -0.10231
-0.17921 -0.00255 -0.11758
-0.18308 0.00257 -0.10692
-0.18208 0.19103 -0.05269
-0.00572 0.16737 -0.15217
-0.27855 0.17281 0.06659
-0.24559 0.17219 0.11956
-0.28302 0.17289 0.04353
-0.19529 0.07137 0.15526
0.02670 0.07286 0.05174
-0.31830 0.04818 0.06157
0.08973 -0.04796 -0.15730
0.22032 0.09419 0.06129
-0.14113 0.14788 -0.11855
-0.30256 0.13930 0.03278
0.25401 0.09683 0.10947
-0.19194 -0.02106 -0.11768
-0.04312 0.12179 -0.08022
0.05662 0.16944 0.04642
0.05680 0.16944 0.10446
-0.39590 -0.00372 0.01155
-0.39590 -0.01034 -0.08006
-0.29841 0.08694 -0.06563
0.17053 -0.04095 -0.15915
0.28173 -0.06078 -0.14340
0.32259 0.08100 0.09672
-0.34823 -0.02593 0.17673
-0.36812 -0.02681 0.17668
-0.26978 -0.07003 0.01993
0.38535 0.02753 0.13367
0.03103 0.00311 0.11641
-0.01577 0.11558 0.15469
0.12488 -0.00434 0.16987
0.11914 0.05903 0.04291
0.01202 0.03817 -0.13069
0.00075 0.03683 -0.12026
-0.11911 -0.01815 0.01151
-0.12803 -0.01791 0.00618
-0.36290 0.00730 0.10438
-0.36412 0.00822 0.11076
0.38122 0.05250 0.13361
0.10628 0.12941 -0.02064
-0.13699 0.04775 0.17361
0.35353 -0.09372 0.18708
-0.13525 0.03586 -0.14764
-0.07387 0.03929 -0.14761
-0.07080 0.02495 -0.14635
-0.07500 0.00682 -0.14481
-0.29563 0.03385 0.07592
-0.15807 0.16978 -0.09271
-0.19806 0.17113 -0.04406
-0.18442 0.17044 -0.06639
-0.15315 0.08027 -0.04191
0.35138 0.07215 0.02151
-0.00678 -0.04243 0.07831
-0.00897 -0.04185 0.10384
-0.03371 -0.04144 0.10552
0.01072 -0.04219 0.10181
0.09803 0.06614 0.05942
-0.30793 0.17177 -0.07662
0.06588 0.01508 0.09802
0.22964 0.00308 -0.03576
-0.15459 0.18537 -0.00578
-0.11686 0.05012 -0.10171
0.07186 0.07229 0.07868
-0.33388 0.03072 -0.07735
-0.18509 0.07574 -0.01221
-0.02338 -0.01473 0.01604
-0.19103 0.13824 -0.14810
-0.12587 0.09915 -0.16071
-0.16193 0.08340 -0.02508
0.00434 0.11557 0.11450
-0.00490 0.13549 -0.13872
-0.22247 0.08064 0.00726
-0.08292 -0.03992 0.10178
-0.05835 -0.04044 0.12755
-0.07271 -0.03960 0.13763
-0.22363 0.06465 0.16933
0.36043 0.07060 -0.06081
0.00121 0.08827 0.14583
0.11922 -0.00586 0.01687
0.07749 0.06992 -0.13365
-0.09840 -0.03701 0.04075
-0.14673 0.18496 -0.12608
-0.27374 -0.06609 0.03633
0.04446 -0.05474 0.01056
-0.06986 -0.06449 0.00468
-0.01024 0.05658 0.09162
-0.35986 -0.06820 0.14289
0.03391 0.08777 0.09551
-0.06084 0.16656 -0.04902
0.01978 0.03592 0.03057
-0.36877 0.03432 -0.06851
0.17474 0.10599 0.15027
0.01197 0.02993 0.13028
0.00706 0.01230 0.11862
-0.03614 0.10338 -0.05991
-0.25049 -0.10511 0.16955
-0.03735 -0.04242 0.05759
0.00118 -0.04406 0.00741
-0.04633 -0.04315 0.01815
0.00089 -0.04388 0.01556
-0.03462 -0.04335 0.01638
0.25645 0.06961 -0.01321
-0.01348 0.03978 -0.14707
0.24477 0.07301 0.12039
0.31575 -0.05767 0.12839
-0.27240 -0.02893 0.16998
-0.22956 0.06100 -0.16953
-0.00570 -0.00614 0.16929
0.13805 0.15535 -0.13343
-0.33835 0.01396 -0.09349
0.27658 0.09230 0.08388
-0.32209 0.16211 0.07615
0.16142 0.10131 -0.00834
0.08723 0.06877 0.10011
0.21569 -0.04556 -0.14294
-0.21962 -0.03833 -0.15815
-0.29716 0.19264 -0.08744
-0.20454 -0.04054 0.06796
0.22755 -0.05100 0.12638
0.29607 -0.08839 0.14291
-0.36128 0.02733 0.10686
-0.36103 0.00659 -0.13086
-0.36620 0.17051 -0.14303
0.28253 0.08593 0.08126
0.31856 -0.13446 0.18678
0.02419 0.17427 -0.14186
0.29314 -0.11379 0.16708
0.02940 -0.02194 -0.14192
-0.13257 0.19035 0.02167
0.25466 0.05299 0.05397
0.28647 -0.07573 -0.17691
0.30428 -0.14259 0.12709
0.29253 -0.07062 -0.16724
-0.03233 0.05469 -0.05438
-0.00618 -0.03183 -0.16092
-0.16131 0.18513 -0.14069
0.14766 -0.02853 0.15180
0.22887 -0.15937 0.17533
0.30002 -0.04494 0.02109
-0.27010 -0.04725 -0.08563
-0.33048 0.04642 0.02294
-0.20234 -0.06377 -0.11729
-0.17566 0.12329 -0.10213
-0.13880 -0.00308 -0.14348
-0.26330 0.18693 0.03322
-0.22011 0.07681 -0.00922
-0.35411 0.00142 -0.09555
0.17950 0.06656 -0.15375
-0.26697 0.07905 0.16839
0.31769 0.08439 -0.03128
0.04226 0.17907 -0.03316
0.13996 0.16071 -0.14727
0.16285 0.04825 0.13544
0.22174 0.05727 -0.06527
0.05880 0.01334 -0.06248
0.03014 0.00350 -0.06917
0.05310 0.01138 -0.07508
-0.26236 -0.03768 -0.13728
-0.04534 0.14228 0.07225
-0.19982 0.12793 -0.16082
-0.18860 0.01135 0.13031
-0.18230 0.00120 0.10063
-0.23828 0.08623 -0.02321
0.32447 -0.05216 0.18733
0.13515 0.10089 -0.01200
-0.36553 0.03661 0.03132
-0.16475 0.07537 -0.01416
-0.04043 -0.03840 0.15636
0.29125 -0.04508 0.12837
-0.28955 0.06044 -0.06646
0.28900 0.08942 -0.12532
-0.33105 0.19038 0.12769
-0.20287 0.18611 -0.06236
-0.30146 0.09337 -0.16676
-0.03019 0.02636 0.08631
-0.04162 0.06260 0.05552
-0.02295 0.00340 0.07371
0.38643 0.06020 -0.10060
-0.01076 0.09612 0.15119
0.38108 0.03452 0.06292
0.17590 0.01826 0.06506
0.30841 0.08654 0.00424
-0.04520 0.12523 -0.14145
-0.19162 -0.13283 0.18887
-0.36619 0.01759 -0.13803
-0.01148 0.11234 0.11521
0.25280 0.05061 0.09375
-0.37528 0.03336 0.12731
0.14521 0.16184 -0.05712
-0.34216 0.17235 0.05193
-0.33782 0.17251 0.05794
-0.14923 0.05689 -0.11794
0.14980 0.07586 0.07664
-0.13762 0.13693 -0.10796
-0.34045 0.01197 0.04973
-0.34539 0.01479 0.11135
0.18270 -0.04212 0.10735
-0.19540 -0.06069 -0.16389
0.20222 0.10200 0.05234
0.10949 0.06759 -0.13633
-0.22947 0.11036 0.14404
-0.28174 0.08785 0.14405
-0.28617 0.09768 0.14352
0.30138 -0.08095 0.11753
0.04950 0.16963 -0.09137
0.05937 0.16976 0.03630
-0.30847 0.17285 -0.07070
-0.02086 0.18329 -0.07398
0.30194 -0.12845 -0.16705
0.35356 -0.08950 -0.19667
0.27270 -0.08600 -0.17424
-0.12134 0.09314 0.17029
-0.39784 -0.01945 0.06881
-0.00619 0.15990 -0.15524
-0.11318 0.07941 0.17213
-0.15242 0.07546 -0.07026
-0.15243 0.05927 -0.06884
0.05181 0.01933 0.01833
-0.29630 -0.08664 -0.16237
-0.04845 0.15609 0.08606
-0.27320 -0.07288 -0.14931
0.13059 0.04083 0.04127
0.15815 0.11396 0.16014
0.20689 0.04655 0.14620
0.18055 0.03179 0.14602
-0.19749 0.03328 0.11610
0.12922 0.09246 -0.14393
0.08221 -0.06306 0.02291
-0.00613 -0.01975 0.14557
-0.09393 -0.03047 0.14863
0.32817 0.07153 -0.05078
-0.38326 -0.06217 -0.12831
-0.27875 0.12908 -0.08053
0.10403 -0.01758 -0.02804
0.02892 0.17371 -0.08127
0.25938 -0.03505 0.10942
-0.26554 -0.15776 -0.19428
0.19747 0.07067 0.09697
-0.12633 0.00947 0.16968
0.12406 0.15162 -0.13389
0.11963 0.17465 0.04257
-0.02048 0.06015 0.17281
0.09665 0.16211 -0.08182
-0.10290 0.16660 -0.04993
0.00555 0.16425 -0.11743
0.19770 0.05763 0.07801
-0.20354 0.10756 -0.16440
0.04798 0.01906 -0.17318
-0.39520 -0.05028 -0.06103
-0.38154 0.09798 -0.02446
-0.25539 0.18981 0.13337
-0.00905 0.11996 -0.15360
-0.19227 -0.06354 -0.17813
-0.04209 0.18270 0.09864
-0.03306 0.13214 -0.14439
-0.37317 0.11089 -0.08619
0.03758 0.07801 0.10429
0.05676 0.01629 -0.13842
-0.37577 0.10125 -0.13316
-0.20454 0.13109 0.15994
-0.03770 0.06770 -0.14842
-0.19420 0.17012 -0.09275
-0.18052 0.16911 -0.10217
-0.20780 0.17106 -0.09757
-0.21001 0.17125 -0.09087
-0.28779 0.01294 -0.02231
-0.26318 0.01451 -0.03753
-0.32214 0.01248 -0.03809
-0.29420 0.01172 -0.00095
-0.32949 0.01325 -0.05998
-0.31050 0.01331 -0.04719
-0.22893 0.01483 -0.01871
-0.19638 -0.12391 0.18891
-0.07253 -0.02434 -0.16552
-0.36334 0.03228 0.06595
0.33717 -0.15629 -0.15603
-0.01506 -0.03097 -0.13969
-0.26251 0.09022 -0.16708
0.37885 0.06604 0.01046
-0.10721 0.16358 0.14374
-0.25248 0.07076 0.01375
0.28324 -0.13889 0.14932
-0.14230 0.18513 0.03625
0.07049 0.07141 0.06570
0.26965 -0.15303 -0.13561
-0.04595 0.06977 0.17288
0.28726 -0.02006 0.03219
0.31189 0.03707 0.02122
0.27282 0.02490 0.03339
-0.26922 -0.06218 -0.08968
0.34013 -0.06997 0.18719
0.02462 -0.04411 -0.00746
0.09809 -0.04237 -0.03142
0.04958 -0.04341 -0.02042
0.08221 -0.04307 -0.01090
0.05461 -0.04273 -0.04876
0.01891 -0.04339 -0.04556
0.09265 -0.04258 -0.02596
0.12707 0.10783 0.21305
-0.08172 0.16716 -0.15110
-0.02219 -0.03129 0.11905
-0.02294 -0.02082 0.08730
0.02880 0.02469 -0.05262
-0.10479 0.11830 -0.11428
-0.10486 0.15363 -0.09798
-0.35168 0.16612 0.01998
-0.22990 0.02924 -0.00903
0.16492 0.09366 0.16833
-0.37602 0.07571 0.16143
-0.20781 0.18012 -0.14362
-0.27954 -0.10836 -0.16151
-0.00632 0.00408 0.01554
0.05731 -0.01961 -0.16614
-0.35234 0.16077 0.03615
0.33984 -0.06053 0.18720
-0.09910 0.00836 0.14492
-0.15112 0.00991 0.14496
-0.07533 -0.00071 0.14401
-0.18824 0.07910 0.17235
0.27679 0.04893 -0.00680
0.29070 0.04893 0.00749
-0.04745 0.08109 -0.08512
-0.04834 0.08392 -0.08899
-0.03571 0.04388 -0.08221
-0.11547 -0.02801 -0.15102
0.27802 -0.14947 -0.19691
0.27850 0.00386 0.09245
-0.16831 0.01853 0.14588
-0.08869 0.17063 0.14014
-0.10889 -0.03844 -0.08604
-0.12316 -0.03484 -0.04954
-0.13417 -0.03093 -0.06149
-0.11995 -0.03629 -0.03526
-0.11185 -0.03823 -0.05973
-0.34486 0.03828 -0.01291
-0.00784 0.15879 -0.14066
0.30750 -0.08613 -0.17967
0.07129 0.16473 -0.13538
0.01120 0.09584 0.16225
-0.21411 0.18628 0.06617
-0.16769 0.04337 -0.07439
-0.16769 0.07380 -0.07514
-0.16769 0.07101 -0.05708
-0.37450 0.00862 -0.11758
0.30274 -0.09075 -0.15729
-0.01830 0.06621 -0.16921
-0.05859 0.17984 -0.11852
0.12650 0.17449 -0.02318
-0.29653 0.09216 0.14384
-0.03839 0.17082 -0.01238
0.01254 0.04524 -0.12326
-0.26849 -0.09130 0.13653
-0.32625 0.17270 0.12989
-0.02384 0.08889 0.11797
-0.22124 0.08888 -0.05001
0.09359 -0.03633 -0.13898
0.16658 0.06388 0.15010
0.16817 0.01967 -0.07049
0.29505 -0.04086 -0.13538
-0.21494 0.19149 0.05508
-0.23221 0.09843 -0.14334
0.04240 0.17904 0.01257
0.37765 0.06256 0.00435
0.09140 0.17503 -0.10823
-0.04242 -0.03119 -0.15395
0.21304 0.08068 0.04057
-0.37043 -0.00175 0.17847
-0.38281 -0.00524 0.17820
0.12828 0.07594 -0.13388
-0.16527 0.07480 0.17256
-0.24255 -0.17027 -0.19891
-0.36487 0.01753 0.14337
0.35195 -0.13163 0.18369
-0.05363 -0.01665 0.16702
-0.03841 -0.02486 -0.15441
0.07792 0.02512 0.09595
0.12065 0.05324 0.12326
0.10825 0.18051 0.12128
0.17001 -0.00758 -0.15695
-0.01453 0.12153 0.09808
-0.21010 0.11170 -0.15718
0.29808 -0.04769 -0.00413
-0.19606 0.00211 0.17492
0.02384 0.17939 0.02699
0.12998 -0.04528 0.15753
-0.38882 -0.04737 -0.08584
-0.25556 -0.06808 -0.02596
0.28346 -0.04701 -0.17062
-0.31810 0.18789 -0.06067
-0.13210 0.09440 0.05801
-0.29821 0.09446 0.16641
-0.30944 0.18392 -0.11771
-0.01428 0.18502 0.09414
-0.26658 -0.05050 -0.07723
0.08283 0.00493 0.04275
0.06558 0.05171 0.13120
0.28268 -0.02434 0.02807
0.28306 -0.03606 0.05882
0.05687 0.16886 0.00938
0.04718 0.16884 0.01088
0.05287 0.16885 0.02917
0.12713 -0.00843 -0.13642
-0.13932 0.00326 0.17163
-0.16769 0.06045 0.04490
-0.16769 0.07362 0.02202
0.26620 -0.14971 -0.19743
-0.37104 0.14880 0.13971
-0.03112 0.02931 0.09641
-0.03590 0.04447 0.09002
0.23381 -0.12502 0.18812
0.11756 0.04516 -0.12326
0.09178 0.03885 0.08910
0.27079 -0.13268 0.17722
0.26997 0.09403 -0.10653
0.13970 0.05711 0.11715
0.29228 -0.07850 0.16729
-0.02726 0.07884 -0.08349
-0.01936 0.06254 -0.11097
-0.00819 0.03949 -0.10112
-0.02384 0.10174 0.08991
0.00429 0.09588 -0.13848
0.35754 -0.12818 -0.17808
-0.40181 -0.03905 -0.00694
0.01506 -0.04044 -0.15806
-0.19819 0.11793 0.14947
-0.36115 0.03851 -0.02696
-0.35049 0.03836 0.00969
-0.24476 -0.19154 -0.18731
0.24684 0.09255 -0.00735
0.13102 -0.04976 -0.15863
-0.08430 0.10220 0.14483
-0.24929 -0.17266 0.18937
-0.20279 0.02419 -0.11275
0.07426 0.00953 -0.04379
0.15674 0.09433 0.02459
-0.16423 0.03874 -0.00783
-0.16354 0.02067 0.05970
-0.16420 0.04387 -0.00536
-0.33418 0.13293 -0.07722
-0.29199 0.03012 0.03296
0.24121 0.09785 0.09724
-0.03374 0.10469 -0.04789
-0.24940 -0.08926 -0.10378
-0.31777 0.17322 0.00568
-0.00855 -0.04317 -0.04216
-0.04371 -0.04255 -0.04743
-0.03742 -0.04158 -0.09633
-0.00490 -0.04370 -0.01982
0.00131 -0.04364 -0.02682
-0.21062 -0.08370 -0.10892
-0.07508 -0.04695 0.11803
-0.36932 -0.07285 0.00156
-0.04396 0.10179 0.15567
0.34715 -0.06811 0.12534
0.03708 0.17796 -0.12243
-0.26470 -0.06654 0.15146
-0.23037 0.07682 -0.03630
0.10133 0.17289 0.14377
-0.09910 -0.03769 -0.15983
0.29093 -0.07286 0.04822
0.29159 -0.08945 0.09145
0.09335 0.17782 -0.14227
0.30891 0.04821 0.01008
-0.01915 0.08184 -0.14583
0.28342 0.09226 -0.02344
-0.13910 -0.01787 0.08368
-0.11030 -0.01838 0.02243
-0.11535 -0.01829 0.08916
0.22303 -0.15308 -0.19470
-0.08371 -0.01862 -0.16694
-0.03627 0.06671 0.15921
-0.23887 0.09918 0.16542
0.01808 0.12535 0.08625
0.27823 0.00850 -0.10384
-0.16877 0.12318 -0.11402
-0.13374 0.06112 0.10610
-0.15119 0.09307 -0.11114
-0.06464 0.16059 -0.13606
-0.23199 0.17121 -0.14891
-0.28736 -0.08142 -0.00322
-0.29335 -0.14666 -0.18991
0.19645 0.09543 0.16495
-0.18936 0.18550 -0.10132
-0.03222 0.09093 0.17081
-0.16752 0.00395 -0.11114
0.12890 -0.03521 -0.02086
-0.09578 0.07765 0.02551
0.07101 0.08407 0.11815
-0.36077 0.11641 -0.11571
-0.18888 0.05921 0.15374
0.00711 0.03485 0.11471
-0.00613 0.05179 0.11059
0.13112 0.06536 0.07538
-0.09170 0.01402 -0.17292
-0.10384 -0.01849 -0.03956
-0.10440 -0.01848 -0.06413
-0.12398 -0.01814 -0.06041
0.00183 -0.03979 0.15752
-0.03769 0.11545 -0.14892
0.29374 -0.05792 -0.16347
0.13439 0.11744 -0.21303
-0.38614 -0.04753 -0.00251
-0.37031 0.17539 -0.05864
-0.35700 0.18609 0.08494
-0.29344 -0.12290 0.17899
-0.02030 -0.03239 -0.16064
-0.20619 0.16947 0.14916
0.04813 -0.03077 -0.14457
0.15989 -0.03337 -0.15025
0.28510 -0.13687 0.18172
0.17947 -0.04887 0.08905
0.23370 -0.08300 -0.19353
0.30435 -0.08551 -0.13094
0.14193 0.10656 -0.02657
0.07698 0.09762 0.06590
0.25267 0.05997 -0.04694
0.37648 0.04563 0.15511
0.15630 0.14197 -0.14356
0.03177 0.00614 0.04177
0.27124 -0.01376 -0.10321
-0.04276 -0.02854 -0.13987
0.38858 0.02077 0.07280
0.39374 0.02491 0.04880
0.36886 0.00493 -0.03690
0.32244 -0.03233 -0.05339
0.33916 -0.01891 -0.01271
0.34712 -0.01252 -0.05803
0.37101 0.00666 -0.05599
0.37642 0.01100 -0.00436
0.33972 -0.01846 0.00547
0.35512 -0.00609 -0.05850
0.34134 -0.01716 0.01521
-0.36723 0.16427 -0.09053
0.07930 -0.01121 0.16810
-0.36459 0.12215 0.11641
-0.35315 -0.05363 -0.08111
-0.34573 -0.03844 -0.05943
-0.35684 -0.06109 -0.10886
-0.34910 -0.04552 -0.04311
-0.35095 -0.04888 -0.11583
-0.36068 -0.06958 -0.02074
-0.36193 -0.07291 0.10043
-0.35006 -0.04776 -0.00181
-0.33008 -0.00539 -0.17480
-0.35291 -0.05259 -0.17165
-0.35064 -0.04851 -0.07241
-0.34527 -0.03757 -0.04803
-0.04911 0.08918 -0.09772
-0.03523 -0.02121 -0.14178
0.09414 -0.00235 -0.12991
0.27923 0.09075 -0.14339
-0.27444 -0.08633 0.03806
0.28516 -0.13111 -0.18197
0.13419 0.08037 0.06210
0.29200 0.04410 -0.05812
-0.37610 0.04158 0.13118
0.30038 -0.06274 -0.16056
-0.31173 0.05598 -0.06856
-0.15713 0.08340 0.07419
-0.25141 0.09896 0.16557
-0.05276 0.12499 -0.07277
0.11892 0.00060 -0.13091
-0.17266 0.17318 -0.13894
0.26858 -0.14695 0.12715
-0.36494 0.17089 0.14484
-0.15636 0.19068 -0.05105
0.27485 0.08118 -0.09089
-0.01151 0.13426 0.07065
-0.28674 0.06318 -0.03553
-0.00876 0.08155 0.14746
0.05553 0.16315 0.14987
0.14231 -0.03202 -0.03827
0.18381 0.00260 -0.03827
-0.12842 0.07308 -0.11557
0.14467 0.11956 -0.14161
0.09261 0.03900 0.06729
0.30642 0.08659 -0.06263
0.04659 0.03157 0.17357
0.29523 -0.04688 -0.02394
0.01110 0.03450 -0.03835
-0.00542 0.02201 -0.05017
-0.34643 0.11029 -0.15349
0.13546 0.10348 0.03002
-0.17052 0.18809 0.12869
-0.02094 0.17053 -0.02463
-0.22180 0.07110 0.06834
0.28270 -0.16981 0.12590
-0.37549 0.01399 0.02685
-0.19299 0.07802 -0.16136
-0.17906 0.02469 0.17010
0.29026 -0.06398 0.16879
-0.16067 -0.00040 -0.15818
-0.04787 0.10198 -0.05606
0.06529 0.17884 0.10287
-0.36930 0.15944 -0.00389
0.35700 0.07078 0.08462
-0.27807 -0.06582 -0.16255
-0.33287 0.19237 0.13633
0.24748 0.06519 -0.10745
0.21238 0.05232 0.04996
0.30578 0.08551 0.09656
-0.12917 -0.02406 -0.13975
-0.29574 0.18999 -0.13809
0.33302 -0.07615 -0.19685
-0.37101 0.07429 0.12647
-0.01038 0.06608 -0.05721
-0.32797 0.18419 -0.11282
-0.38781 0.00179 0.06698
-0.38127 -0.06200 -0.11194
0.00397 0.08907 0.04941
0.30478 -0.06608 0.16306
-0.17100 0.02493 -0.15164
-0.23666 0.18662 0.03837
-0.00184 0.14917 0.15356
0.02440 -0.00080 -0.05894
0.03156 -0.00047 -0.09097
0.06932 0.00124 -0.02605
0.33620 0.07143 -0.05459
-0.04342 0.08935 0.11697
-0.29094 -0.10834 -0.16521
0.29149 -0.05771 0.15775
-0.21472 0.02916 -0.17648
-0.21863 -0.18094 -0.16859
-0.36308 -0.05884 -0.17438
0.23441 0.08677 -0.15171
0.17385 0.09780 0.13720
0.00081 0.16662 -0.12157
-0.03792 0.08246 0.14814
-0.03617 0.11473 0.14247
0.01232 0.17810 0.02643
-0.32486 0.10705 -0.16414
-0.35758 0.11977 0.11981
-0.19889 0.18876 0.13002
-0.03516 0.06379 -0.12670
-0.36039 0.09934 0.11635
-0.36489 0.07951 -0.02432
-0.01069 -0.00910 -0.14883
-0.21339 -0.07895 -0.12201
-0.21590 0.17248 -0.00006
-0.16920 0.17130 -0.03329
-0.10945 0.17007 -0.06276
-0.08944 0.17056 -0.03118
-0.14768 0.16963 -0.09966
-0.15133 0.17063 -0.05585
-0.15111 0.17134 -0.02333
-0.17688 0.17088 -0.05549
-0.13425 0.16962 -0.09435
-0.12971 0.16908 -0.11659
-0.20581 -0.08826 -0.13679
-0.32876 -0.09669 -0.19966
0.29232 0.05840 0.17658
-0.25657 -0.07151 0.02262
0.00645 0.16481 0.06513
-0.04322 0.17311 -0.13925
-0.01752 0.02200 -0.00789
-0.33560 0.12850 0.07143
0.24551 0.09621 -0.04308
0.17067 0.04475 -0.14403
0.24192 0.05305 0.17744
-0.33322 0.04134 0.16403
0.02618 0.16896 -0.15182
-0.36724 0.04903 -0.01109
0.17495 -0.03002 0.14065
0.29913 -0.06544 0.04130
0.01086 0.16478 0.03535
0.05207 -0.02911 0.14063
-0.22063 -0.10325 -0.16412
0.09034 -0.03076 -0.02591
0.30253 0.08762 -0.04432
-0.18787 0.02777 0.08297
-0.33173 0.13814 -0.08489
-0.19662 0.06621 -0.01544
-0.10643 -0.01841 -0.00197
-0.15239 -0.01747 -0.05141
-0.35354 0.03793 -0.07555
0.17494 0.09642 -0.09158
-0.38743 -0.02290 -0.17710
0.19499 0.06538 0.07076
-0.27573 -0.06509 0.14441
0.16641 0.02561 -0.15041
-0.28857 0.09066 -0.06227
-0.09193 0.17130 -0.15089
0.24493 -0.16472 -0.19661
-0.06347 0.18791 -0.05851
0.29763 0.07874 -0.06414
-0.33959 0.03574 -0.08589
-0.12287 -0.02756 -0.16225
-0.39670 -0.00348 -0.05764
0.19409 0.06081 0.11630
-0.25777 0.19103 -0.02452
-0.35571 0.06925 0.07425
-0.10189 0.09842 0.16095
-0.00801 0.02257 0.15578
-0.10318 0.17070 -0.03679
-0.40029 -0.02906 -0.06559
0.16614 0.01680 -0.15114
-0.31897 0.13230 -0.08016
-0.37874 0.00166 -0.04033
-0.11247 0.11620 0.10714
0.22231 0.07167 0.14794
-0.37168 0.03125 0.07033
-0.35373 0.01543 -0.16726
0.27155 -0.11183 0.15279
0.12600 0.17185 -0.14432
0.22011 0.08055 -0.05427
-0.30576 0.16938 -0.14940
-0.25489 -0.08709 -0.12419
-0.25041 0.18869 0.12746
0.24360 -0.12637 -0.17939
0.15168 -0.02340 -0.16561
0.07139 -0.00394 0.13015
0.30005 -0.09689 -0.14854
0.21458 0.10460 -0.12902
0.09642 0.08417 -0.17185
-0.24576 0.07601 -0.12760
-0.22554 0.07514 -0.10535
-0.14454 0.17843 -0.14120
-0.34919 0.01734 -0.12434
0.08290 0.06387 0.05866
0.08393 -0.01468 -0.01659
-0.35807 0.18687 -0.04545
0.14253 0.11702 -0.18121
-0.26679 0.11060 -0.14592
-0.16537 0.17713 -0.13848
-0.09453 0.09608 -0.16645
0.14630 0.08073 0.06750
-0.21611 -0.07476 -0.00128
-0.25732 0.17014 -0.13362
-0.25985 0.09265 -0.06149
-0.26105 -0.19104 0.13059
0.27136 0.02343 0.06137
0.05643 0.16848 -0.04112
0.05076 0.16856 -0.05886
0.00299 0.04730 0.17361
0.26099 -0.03272 0.02022
0.15293 0.02243 -0.08914
-0.27570 -0.07544 -0.08284
0.12958 0.03042 0.15075
0.03967 0.03153 0.15075
-0.27570 0.11010 0.14876
-0.01588 0.08088 0.05764
0.26330 -0.17203 0.18668
0.28155 -0.02470 0.01976
-0.23674 0.06191 -0.00896
0.14608 0.06863 0.13384
0.08784 0.05106 0.04668
-0.30451 -0.13052 -0.15332
0.15488 0.16928 0.03788
-0.37081 0.03107 0.11359
0.25228 -0.03834 0.18796
-0.14798 0.07458 0.01802
-0.25510 -0.04517 0.11977
-0.31356 0.18770 0.10295
-0.02492 0.18332 0.00305
0.26867 0.03439 -0.07845
-0.34437 0.11814 -0.08110
-0.25936 0.06517 0.00597
0.26380 -0.03457 0.18786
-0.00094 -0.01256 0.01554
0.03203 -0.02884 -0.15087
-0.27915 0.13257 0.01779
-0.18773 -0.03869 -0.12501
-0.26932 0.18790 0.06105
-0.15472 0.01103 0.05620
0.30284 0.07401 -0.06677
-0.29304 0.18840 0.09658
-0.13225 -0.02972 0.16110
-0.14429 0.16888 0.13487
-0.15066 0.02949 -0.04017
-0.16538 0.02949 0.03154
-0.15009 0.02949 -0.01838
0.26773 -0.08536 0.16827
0.08233 -0.01297 -0.12861
-0.17641 -0.00126 -0.10913
0.06785 0.09552 0.16017
-0.25096 0.07666 -0.13877
-0.30721 0.07605 -0.11669
0.14396 0.17278 0.08256
0.30033 0.08819 0.05305
-0.36516 0.02616 -0.10671
0.06995 -0.02870 0.14850
0.06507 0.07855 -0.14073
-0.30184 0.03332 -0.08556
0.36370 -0.09351 0.15914
0.12706 0.06169 -0.17358
0.21099 0.09793 0.09874
-0.30145 -0.13736 0.18235
-0.37082 0.04121 -0.08254
-0.13029 -0.01467 -0.14760
-0.21595 0.10582 -0.15989
-0.17633 0.18608 0.04187
0.28048 -0.03060 0.05586
-0.24016 0.04419 0.06508
0.23410 -0.14262 -0.19771
0.05164 0.06227 0.12552
-0.31100 0.08246 0.09304
-0.20749 0.08192 -0.04576
-0.03809 0.09697 0.14556
-0.00175 0.02281 0.14602
0.12902 0.02219 0.14575
0.01090 0.01851 0.14568
0.03275 0.01830 0.14563
-0.00126 0.03327 0.14678
0.28263 -0.10181 0.15697
-0.12187 0.03816 -0.17376
0.21148 -0.05401 -0.15621
-0.06497 0.17610 0.13960
-0.20034 0.01498 0.00564
-0.23484 0.01500 0.03118
-0.29278 0.01503 0.07629
-0.27645 0.01509 0.08089
-0.25697 0.01502 0.04982
-0.27131 0.01511 0.08184
-0.25243 0.01522 0.09605
-0.32447 0.16601 -0.14081
0.16620 0.00505 -0.14564
-0.19810 0.02223 0.12379
-0.06720 -0.04214 -0.03192
-0.08913 -0.04034 -0.07459
-0.09848 -0.03988 -0.08097
-0.07107 -0.04230 -0.02117
-0.02353 0.01352 -0.15768
-0.03525 0.18350 0.03932
0.13018 0.09119 0.07843
-0.15665 -0.07575 -0.00417
0.15390 -0.00739 -0.16932
0.30443 0.08671 0.07443
0.22700 0.10350 0.14963
0.05427 0.05975 0.05939
-0.27139 -0.09311 0.04828
0.20182 0.04873 0.04372
0.28735 0.06444 0.02801
0.27098 0.00562 0.05973
0.36183 -0.00264 0.07161
-0.02756 0.12098 0.07648
-0.17932 -0.09896 0.15947
-0.30125 0.18390 0.11436
0.36229 -0.09235 -0.13848
-0.12726 -0.00083 0.14388
0.13714 0.17423 -0.13945
-0.24605 0.08917 -0.00282
-0.16410 0.02608 -0.11612
0.26072 -0.01477 0.00763
0.27066 -0.04809 0.15350
-0.32257 0.03005 0.03591
-0.25313 0.19009 0.07920
0.07221 -0.00048 0.13402
-0.26410 -0.17381 0.12771
-0.06277 0.07058 -0.17289
-0.00446 0.09379 0.17017
0.10039 0.18088 -0.12370
-0.25763 0.06838 0.10227
-0.29349 0.07114 0.10227
-0.26758 0.07023 0.10227
0.30622 -0.08380 0.12427
0.02740 0.07732 0.04953
0.06759 0.09334 0.05909
-0.03602 -0.04110 -0.11985
0.01035 -0.04316 -0.05593
-0.03386 -0.04122 -0.11555
0.00182 -0.04308 -0.05345
-0.15968 0.07318 -0.17140
-0.24939 0.18965 0.09454
-0.03706 0.01727 -0.15330
0.13022 0.09319 -0.04206
-0.14954 -0.05472 -0.11349
0.27383 -0.06965 -0.16532
