-0.33587 -0.07041 0.17082
-0.22600 0.01833 -0.16027
-0.37274 -0.05838 -0.12421
-0.20274 -0.07457 -0.16576
-0.18854 0.18444 -0.03373
-0.29500 0.14988 -0.11137
0.08793 0.02489 0.15373
0.14998 0.01705 0.14958
0.30193 0.01308 -0.15732
-0.11374 0.18140 0.03981
-0.30938 -0.09561 0.14317
0.19688 0.05976 0.13402
0.28552 0.06785 0.04138
-0.22212 0.16515 0.09405
0.13711 -0.07493 0.16681
0.37250 0.00898 -0.10041
-0.34050 -0.11022 -0.16989
-0.18249 0.14384 -0.12768
0.13528 -0.03357 -0.16304
-0.37821 0.01435 0.14433
-0.02684 0.07093 0.06406
0.25433 -0.05342 -0.10821
-0.30773 -0.03100 -0.11678
0.11174 0.09389 -0.17813
-0.04940 0.10799 -0.14190
-0.41642 -0.03295 0.10951
-0.31412 -0.18560 -0.11876
-0.16888 -0.00967 -0.15657
-0.21679 0.18206 0.08435
-0.22977 0.18286 -0.03800
0.28153 0.06409 -0.09428
0.25523 0.07213 0.06905
-0.28087 -0.07270 -0.10360
-0.16536 0.17511 0.05468
-0.17797 0.17465 0.07079
-0.19099 0.17401 0.09128
-0.17914 0.17539 0.05516
-0.27234 0.12313 0.12939
0.28222 -0.15674 0.10753
-0.16130 0.17572 -0.03932
-0.18778 0.17427 -0.08400
-0.15782 0.17433 -0.06791
-0.25892 -0.07085 0.16982
-0.08650 -0.03629 0.03260
-0.08571 -0.03325 0.04841
-0.10770 -0.06059 -0.16864
0.19534 0.08010 -0.09953
0.23686 -0.05517 -0.17296
0.00660 0.16376 0.10664
-0.41648 -0.02451 0.10338
-0.01131 0.06877 -0.13971
0.36300 -0.14217 -0.14374
-0.05836 -0.08646 0.16673
0.10726 -0.00918 0.13492
-0.17396 -0.07971 -0.16637
0.07545 -0.03550 -0.15726
0.11091 0.14529 0.02355
-0.29887 0.08941 -0.12117
0.17510 -0.07547 0.03407
0.39800 0.00126 0.06117
-0.27632 0.17147 -0.05706
-0.16593 -0.01151 -0.01061
-0.27651 -0.12926 0.14317
0.26775 -0.18578 0.16714
-0.31060 -0.15401 -0.11136
-0.17827 0.01823 0.15407
-0.16143 0.01443 0.15473
-0.42149 -0.02656 -0.04851
-0.17746 -0.00728 -0.12720
0.34757 -0.14835 0.17047
0.12491 -0.04747 0.16300
0.15734 -0.08512 -0.04353
0.13757 -0.08425 -0.12422
0.13578 -0.08430 -0.11359
-0.42136 -0.02684 0.05206
-0.11314 0.13943 -0.13126
-0.09427 0.11761 0.13920
-0.18267 -0.07880 -0.08445
-0.13178 -0.07945 -0.11732
-0.15560 -0.07915 -0.06870
-0.19034 -0.07871 0.01158
-0.18101 -0.07883 0.00425
-0.13610 -0.07939 -0.12089
-0.19266 -0.07868 0.05774
-0.17638 -0.07888 -0.02375
-0.18058 -0.07883 -0.09040
-0.19355 -0.07867 -0.11656
-0.18950 -0.07872 -0.08173
-0.17857 -0.07886 -0.03398
-0.19103 -0.07870 0.08164
-0.17358 -0.07892 -0.00570
-0.17928 -0.07885 -0.04242
-0.16872 -0.07898 0.01729
-0.20860 0.19320 -0.02911
-0.37757 0.06640 0.06393
0.02804 0.00572 0.14013
0.28792 -0.09434 0.14317
-0.19076 0.02507 -0.00920
-0.19730 0.04574 -0.00058
-0.28646 0.08810 0.11536
-0.37943 0.06514 -0.02116
0.32399 -0.05229 0.10455
-0.12516 0.15729 -0.12210
0.05554 -0.01131 -0.02934
0.34401 -0.04794 0.11651
0.38475 -0.08320 0.11303
0.33375 -0.05084 -0.17308
-0.20633 0.18157 -0.06177
0.18015 0.05123 0.13095
0.22450 0.06012 0.12724
-0.32653 0.13587 0.08729
-0.29901 0.16376 0.01511
-0.21728 0.15483 0.12059
0.37221 0.00251 0.10545
-0.02685 0.05386 0.15263
0.39932 -0.01372 0.09253
-0.21485 0.09616 0.10586
0.17226 -0.04498 -0.01652
0.02059 0.00005 0.10609
0.02230 -0.00421 0.10889
-0.23607 -0.06275 0.11470
0.24033 0.07656 -0.03832
-0.35153 -0.15605 0.16936
0.37010 -0.06275 0.12868
-0.34003 0.10210 0.12197
-0.40554 -0.01736 -0.09926
-0.21491 -0.00495 0.16376
-0.04225 0.05403 -0.15239
0.22403 -0.02241 0.15950
0.21293 -0.03565 0.09605
0.09205 -0.00090 0.15615
0.10738 -0.00317 0.15609
-0.24664 -0.05683 0.08605
-0.26005 -0.05341 0.08597
-0.21376 -0.04507 0.08622
-0.05371 0.01528 -0.15614
-0.29136 0.16409 0.07008
0.23919 -0.01066 -0.09967
-0.29888 -0.01235 -0.10755
-0.02098 0.07120 -0.03087
0.18144 -0.03417 0.16692
0.27688 -0.18358 -0.17308
-0.08621 -0.01183 0.03757
0.30635 -0.03448 -0.17137
0.05073 -0.03132 -0.02853
0.07494 -0.01450 -0.02853
-0.01341 0.04733 -0.02853
0.03974 -0.00202 -0.02853
0.02257 -0.01761 -0.02853
0.05918 -0.02772 -0.02853
0.03454 0.00975 -0.02853
-0.08834 -0.06815 0.17061
-0.27008 -0.19014 0.14200
0.28010 0.03887 -0.12402
0.00914 0.06798 0.15010
-0.22593 0.16796 -0.06088
0.21000 -0.13779 0.14600
-0.27928 0.16970 0.03855
-0.24616 0.16952 0.04091
0.05632 0.14346 0.11807
-0.35165 -0.14138 0.10436
-0.18342 -0.07376 0.03431
-0.18328 -0.07389 -0.10014
0.01383 0.17198 0.01505
-0.02532 0.17605 0.01138
0.16495 0.07357 0.06274
0.18057 0.07619 0.06092
0.17743 0.07636 0.08074
-0.09165 0.17446 0.00512
-0.08593 0.17293 0.03215
-0.06527 0.17299 0.00205
-0.10107 0.17385 0.03240
-0.08777 0.17110 0.07669
-0.08585 0.17196 0.05429
0.18701 0.07817 -0.11171
0.30336 -0.04175 -0.10876
0.38988 -0.08486 -0.00817
-0.19454 0.03708 0.00385
-0.19030 0.02396 0.00766
-0.01286 0.04651 -0.15191
0.07281 -0.01364 -0.15722
0.40581 -0.02208 0.10756
-0.01195 0.00103 -0.13057
-0.02030 0.04652 -0.13869
-0.25317 0.17236 -0.09424
-0.31094 0.14313 -0.10413
0.16061 -0.00441 -0.15966
0.31955 -0.13905 -0.13745
-0.37570 -0.12209 0.13929
-0.14772 0.12041 -0.13707
-0.19819 0.01864 0.15383
-0.34223 0.00424 0.15772
-0.25455 0.16790 0.10875
0.03854 -0.08779 0.16640
0.06816 0.15259 0.03665
0.13434 0.08846 0.11453
0.06668 -0.01215 -0.06638
-0.31666 0.08414 0.05366
-0.31250 0.08412 0.06044
-0.30072 0.08412 0.06163
-0.35202 0.08417 0.04198
-0.08191 0.00476 0.15651
-0.31553 -0.14169 0.14317
0.04247 -0.01392 -0.11670
0.06749 -0.01147 -0.11378
-0.28451 0.05377 0.14608
-0.08716 0.17003 -0.10958
0.37949 0.04186 -0.00277
-0.25937 -0.13493 0.13359
0.17844 -0.08195 0.13459
0.17764 -0.08408 0.16246
0.02582 0.01009 -0.12573
0.14035 -0.06635 -0.16795
0.15606 -0.02729 -0.16583
0.04380 -0.02761 -0.15806
-0.33477 0.04582 0.14328
-0.30516 0.08883 -0.09602
-0.17343 0.18527 0.00311
-0.30002 0.08968 0.13318
0.41372 -0.04392 -0.02078
-0.21709 -0.03370 -0.09220
-0.21661 -0.03426 -0.09897
-0.35447 0.08749 0.11665
0.12220 -0.00732 -0.15616
0.12459 0.05525 0.10850
0.38990 0.01376 0.03011
-0.32180 0.13123 0.11236
0.04706 0.06582 -0.14905
0.00439 0.06826 -0.15022
-0.05906 0.00766 0.15664
0.22259 -0.15520 0.15600
0.16661 0.06166 0.06965
-0.27222 -0.02902 0.11740
-0.22778 0.18582 0.07443
-0.18948 0.10376 -0.14000
0.22245 -0.10551 0.17119
-0.35480 -0.08216 -0.10839
0.12228 -0.02268 0.12747
-0.10037 0.17451 0.09445
-0.20546 0.17043 -0.10952
-0.31316 0.14940 0.07145
-0.16905 0.17442 -0.10206
-0.26825 0.00207 -0.09087
-0.26941 0.00221 -0.15669
-0.20444 0.18973 -0.03866
-0.16106 0.18413 -0.02936
-0.15916 -0.01439 0.15690
-0.16178 -0.00860 0.15658
-0.29784 0.12365 -0.11494
0.15900 0.06788 0.02777
-0.21698 0.18482 -0.00785
0.09177 0.14205 0.09422
-0.29265 0.15948 -0.09350
-0.28659 -0.05246 0.10646
-0.25690 -0.18261 -0.15601
-0.17807 0.18066 -0.06911
0.21804 -0.02955 -0.11879
0.24377 -0.13345 0.10600
0.33850 0.05559 -0.04854
0.29956 0.06561 -0.02738
0.28205 0.06485 -0.08845
0.39708 0.00994 0.03523
-0.39897 0.01017 0.06600
0.40306 -0.03818 0.11073
0.11613 0.08700 -0.15249
-0.34925 -0.01433 -0.15712
-0.40133 -0.06076 0.09592
0.17583 0.09927 0.07053
-0.34510 0.09970 0.11871
-0.23524 0.17969 -0.06258
-0.25066 0.12441 -0.13083
-0.42031 -0.04262 -0.07552
0.25567 -0.14361 0.15838
-0.10659 -0.03666 0.00451
-0.09916 -0.03666 -0.04954
-0.10181 -0.03666 -0.09625
-0.10953 -0.03666 0.08609
-0.09992 -0.03666 -0.08090
-0.10695 -0.03666 -0.09287
0.01645 0.10508 -0.14087
0.13007 0.06668 0.11476
0.15220 -0.08511 0.03432
0.16155 -0.08525 0.03433
0.15997 -0.08510 0.05198
-0.30465 -0.11811 0.13359
-0.07053 0.12020 0.13824
0.34694 -0.05019 0.16683
0.30766 0.06335 0.04064
0.30238 0.06452 0.03944
0.39431 -0.08160 -0.05973
-0.23856 0.00059 -0.16492
-0.35091 0.11121 0.06177
0.29634 0.05924 -0.09711
0.38808 -0.03943 -0.13743
-0.16737 -0.06068 0.16789
0.40815 0.00082 -0.01892
0.33427 -0.10138 -0.15652
-0.36019 0.09955 0.00465
-0.38067 0.06098 -0.05492
0.32464 -0.13951 -0.17166
-0.20521 -0.07261 0.11433
-0.20527 -0.07457 0.15768
0.09214 0.06056 -0.14788
0.38512 -0.07458 -0.10924
0.31158 0.06153 -0.05842
-0.06320 0.05309 0.15228
-0.25725 0.15723 0.10511
0.06843 0.15291 0.09538
-0.16718 -0.01154 0.01777
0.26908 -0.03167 -0.15857
-0.22764 -0.06134 -0.15601
-0.01904 0.03106 0.13254
-0.28804 0.03766 -0.15568
0.10103 0.13831 -0.09065
0.08121 -0.02353 0.15772
-0.03795 0.16591 -0.11477
0.40070 -0.05451 -0.03991
0.29415 0.06306 0.08051
0.32791 -0.17782 0.10935
0.20636 0.01642 0.15346
0.07519 0.04082 -0.15219
0.00367 0.02672 -0.15599
-0.31006 -0.13749 -0.13990
0.26415 0.04356 0.12577
0.27075 0.07187 -0.00323
0.35263 -0.06051 -0.13090
0.21414 -0.11612 -0.11028
0.10137 0.13519 0.09944
0.25243 -0.07523 -0.11010
-0.23712 0.16280 0.11420
0.07770 -0.00730 0.13410
-0.20805 0.07282 -0.11965
-0.36122 0.09743 -0.02275
-0.23929 0.16823 -0.11047
-0.05964 -0.04955 0.16120
-0.01496 0.07284 0.13446
-0.23619 0.05273 0.15031
-0.00888 0.14058 0.12801
0.37768 -0.06406 0.12100
0.29983 0.02044 0.15244
0.03150 0.16814 -0.03658
-0.19983 -0.00605 -0.15986
-0.26444 0.17575 0.04808
0.06210 -0.08191 0.10812
0.03366 -0.08155 0.11967
0.04199 -0.08166 0.11313
0.04330 -0.08167 0.11902
0.05452 -0.08181 0.10457
0.07850 -0.08212 0.12044
0.06475 -0.08194 0.08328
-0.21424 0.05764 -0.14729
0.39415 -0.07293 -0.02200
-0.23703 0.18015 -0.05558
-0.18385 0.11811 -0.13640
-0.17742 -0.01571 -0.06739
-0.12852 -0.01010 -0.10222
-0.17960 -0.01563 -0.09200
-0.04647 0.02239 -0.15569
-0.02848 0.02074 -0.15610
-0.23852 0.16711 -0.06887
-0.13163 0.17426 -0.04819
-0.14007 0.17482 -0.04293
-0.13560 0.17559 -0.02223
-0.12520 0.17512 -0.02395
-0.15553 0.17285 -0.09889
-0.24766 0.18176 0.00335
0.02958 -0.01326 -0.12292
-0.15567 -0.08620 -0.16531
0.39420 0.00218 0.04504
-0.07238 0.02657 -0.15499
0.10637 -0.03666 0.09241
0.10146 -0.03666 0.07890
-0.09051 -0.06376 0.16962
-0.39767 0.01136 -0.07713
-0.19225 -0.05462 -0.16659
-0.21133 -0.02159 -0.05453
-0.21276 -0.01962 -0.07805
-0.21066 -0.02253 -0.13418
-0.21460 -0.01707 -0.04947
0.34823 0.02524 -0.10331
-0.29914 -0.07848 -0.14352
-0.22228 -0.10928 -0.10820
0.00761 0.03376 -0.09573
0.02602 -0.01401 -0.11078
0.29432 0.04608 -0.11509
0.22176 0.07599 -0.09095
0.39013 -0.00547 0.09031
-0.26316 -0.12457 -0.14381
-0.00181 0.16419 0.08541
-0.02978 0.16609 0.10459
0.00341 0.16423 0.07138
-0.02483 0.16535 0.11186
-0.01442 0.16456 0.10686
-0.01533 0.16616 0.06670
0.12202 -0.08541 0.16551
-0.30989 0.04180 0.15080
0.31178 -0.13189 0.13670
-0.00907 -0.04239 -0.15959
0.22127 -0.08018 -0.17345
0.38546 -0.08481 0.07783
-0.39958 -0.00029 0.09584
-0.39756 0.00472 -0.10214
-0.38470 0.04576 0.09053
-0.21468 -0.12500 0.12773
0.12004 0.09542 0.13366
0.16428 0.09346 0.10940
0.00962 -0.06642 0.04444
0.00377 -0.04091 0.10855
0.00470 -0.04498 0.03716
0.00917 -0.06444 0.06534
-0.20554 0.19172 0.04775
0.39869 -0.03895 -0.12052
0.20401 -0.10878 -0.16276
0.12319 0.13770 0.02642
-0.16557 -0.04502 -0.15794
0.08185 0.15747 0.02424
0.40125 0.00400 -0.04099
0.05402 0.15734 -0.09618
0.01685 0.03112 -0.03137
-0.32991 -0.13954 0.16786
-0.24407 0.13629 -0.12723
-0.00821 0.16061 -0.11545
0.14305 -0.03941 0.16572
-0.21033 -0.11447 -0.17173
0.26142 -0.07187 0.11886
0.25336 -0.07900 0.16012
-0.26861 -0.01485 -0.08585
-0.29685 -0.02184 -0.08572
0.36225 -0.04108 -0.09752
0.36721 -0.05203 -0.09747
0.28184 -0.15610 0.15377
0.35607 -0.06654 0.14274
-0.38669 0.04821 0.02795
0.32757 0.04014 0.10147
0.15645 -0.03312 0.16599
0.20287 0.08897 -0.01307
-0.08375 -0.01198 -0.15747
0.07151 0.08189 -0.14471
0.05354 0.09016 -0.14303
-0.13431 0.03355 0.15301
-0.17949 0.02697 0.15311
-0.10357 0.02531 0.15464
0.04609 0.15954 0.09213
0.20171 -0.08353 -0.11853
-0.00223 -0.03666 0.05297
0.06431 0.15471 -0.09548
0.12359 0.12285 -0.09639
-0.35300 -0.16425 0.13694
0.29616 0.05540 0.10708
0.19167 0.01090 0.07505
-0.18190 0.17244 -0.10953
-0.21671 -0.08784 -0.17076
-0.34102 -0.17819 0.15680
-0.09135 0.14979 0.12674
0.20720 -0.10541 0.15215
0.32838 0.05715 -0.06467
0.03722 -0.01465 0.05720
0.05991 -0.01245 0.06009
-0.19549 -0.05544 -0.05736
0.17168 0.08127 0.12489
0.12058 0.12182 -0.10481
0.18815 0.09582 0.04209
0.33275 -0.01016 -0.13018
-0.26106 0.17798 -0.03429
0.17134 -0.05748 0.00326
-0.36701 0.08845 0.01642
-0.28479 -0.10144 0.13359
-0.20357 0.17023 0.11210
-0.19139 0.01731 -0.10175
-0.18567 -0.00215 -0.07899
-0.18327 -0.01127 -0.04932
-0.18945 0.01015 -0.08241
-0.18817 0.00562 -0.07342
0.33072 -0.04829 0.15957
-0.10755 0.17652 -0.08453
-0.29322 -0.12497 0.14317
0.20984 -0.04217 0.16811
0.15282 -0.04062 -0.16613
0.12428 -0.01756 0.07324
-0.28222 0.16762 -0.07749
0.20456 -0.10457 -0.11411
-0.21458 0.09189 -0.09997
0.30392 -0.01501 0.10226
-0.05111 0.07139 0.14955
0.36274 0.04217 0.06366
0.01928 -0.08426 -0.16747
0.37367 0.00763 0.10240
0.05504 -0.08557 0.16667
0.29899 -0.05564 0.10890
-0.27103 0.01500 -0.16214
0.03841 -0.01442 0.11564
0.06156 -0.01299 0.10040
-0.26798 -0.10590 0.14317
0.07438 0.12136 0.12907
-0.11029 0.03058 -0.15382
-0.17019 0.04599 -0.15072
0.08239 0.14868 -0.08701
0.33196 -0.00961 0.13624
0.13632 0.08255 0.07979
-0.32090 -0.13689 -0.14702
0.01937 0.02536 -0.04332
0.25799 -0.11603 0.14317
0.01300 0.02487 0.15590
0.03806 0.01516 0.15605
0.01652 -0.09117 -0.16569
0.09438 -0.01125 0.08636
-0.35673 -0.03027 -0.08541
-0.31782 -0.01637 -0.08558
0.30391 -0.02821 0.14481
0.15792 0.10057 -0.10236
-0.21868 -0.13866 0.10427
0.26933 -0.14484 0.13926
0.32576 0.03528 0.10654
0.39172 0.02444 -0.02230
-0.13396 0.17704 0.08747
-0.13103 -0.01089 0.07309
-0.14507 -0.01227 0.07226
-0.16109 -0.01430 0.04716
-0.14136 -0.01234 0.04948
0.23694 0.05621 -0.12620
0.02078 -0.04792 -0.16013
-0.09597 0.03328 0.15392
-0.13634 0.04774 0.15127
-0.18839 -0.01427 0.15861
-0.15745 -0.03757 -0.13106
-0.15299 -0.05456 -0.13106
-0.12137 -0.04624 -0.13106
-0.20409 0.17918 -0.07957
-0.05613 0.17621 0.05942
0.30387 0.01178 0.15759
0.20699 0.07826 0.09524
0.32399 0.06004 0.03832
-0.36119 -0.06298 0.11087
0.15804 0.06162 0.01611
-0.32690 0.02799 0.15605
0.31341 0.03204 0.11765
-0.28739 0.08418 -0.03986
-0.30247 0.08418 -0.03829
-0.36696 0.08416 -0.04499
-0.29225 0.08418 -0.03674
0.24434 -0.09443 -0.15826
-0.00989 0.15424 0.11976
-0.23070 0.07247 0.13128
0.15223 -0.07082 -0.16751
-0.14032 -0.00640 0.13411
-0.29917 0.08405 -0.08214
-0.34053 0.08408 -0.07516
-0.06352 0.15286 -0.12410
0.23253 0.02688 -0.14657
0.16466 -0.05854 0.16818
-0.02702 0.06966 -0.10825
-0.40278 -0.01087 0.06271
0.31707 -0.13087 0.13239
-0.24677 -0.10783 0.15085
-0.32311 0.14198 0.06099
0.36746 -0.09971 0.10475
0.23228 0.07839 0.02728
-0.39879 -0.01011 -0.10694
0.27392 0.07070 0.02385
-0.24366 -0.08947 -0.17364
-0.22917 0.13277 -0.12960
-0.28183 -0.14607 -0.13861
-0.11382 0.06757 -0.14919
-0.10690 0.06724 -0.14944
0.09882 -0.00987 0.10712
-0.13131 0.17626 -0.09176
0.33245 0.03114 0.10535
0.39424 -0.00877 0.09223
0.22653 0.01837 -0.15551
0.35281 0.04390 -0.07617
0.12037 -0.03666 -0.07093
0.07001 -0.04984 0.03488
0.03611 -0.04266 0.03488
0.02588 -0.05551 0.03488
0.00998 -0.05933 0.03488
0.00766 0.16277 -0.09968
0.01081 0.16578 -0.01173
0.00584 0.16623 -0.01235
0.00676 0.16247 -0.10985
-0.01731 0.16523 -0.09633
-0.03621 0.16675 -0.10294
-0.17871 -0.05564 -0.16456
-0.01871 0.16650 -0.10477
-0.05630 0.17877 -0.01471
-0.06814 0.18001 -0.00163
-0.07862 -0.06379 -0.16983
0.02100 0.16834 0.06077
-0.04345 -0.03524 0.15816
-0.18323 0.18411 0.03619
0.42256 -0.03486 0.00041
0.17232 -0.02954 -0.00665
-0.36916 -0.08184 0.14598
0.00937 0.02805 -0.08285
0.01782 0.00696 -0.06951
-0.21372 0.09232 0.14148
-0.11178 0.14440 0.12932
0.03519 -0.09361 0.16311
-0.36099 0.08436 -0.09062
0.00239 0.15034 0.12113
0.29571 -0.06554 -0.10436
0.23744 -0.09410 0.05007
0.23897 -0.09399 -0.00269
0.20400 -0.09645 -0.06346
0.32279 -0.08810 -0.02153
0.25320 -0.09299 -0.03404
0.28938 -0.09045 0.04137
0.33466 -0.08726 -0.01240
0.32583 -0.08788 0.00636
0.20863 -0.09612 -0.02281
0.22960 -0.09465 -0.01856
0.21091 -0.09596 0.04855
0.26430 -0.09221 0.05528
0.23991 -0.09392 -0.01652
0.23947 -0.09395 0.03192
0.20231 -0.09657 0.06934
0.21973 -0.09534 -0.06666
0.31687 -0.08851 -0.01975
0.22617 -0.09489 0.02401
0.24804 -0.09335 0.04939
0.24440 -0.09361 -0.05535
0.21490 -0.09568 0.05520
0.22557 -0.09493 0.00596
0.26161 -0.09240 0.02551
0.28165 -0.09099 -0.02325
0.22183 -0.09520 0.06078
-0.22279 0.17746 -0.08880
0.32727 0.05974 0.03038
0.16897 0.05072 0.07203
-0.32721 0.08253 -0.13278
-0.35240 -0.13781 0.17123
-0.28312 0.06248 0.14405
0.18591 -0.06166 -0.12307
0.18572 -0.06220 -0.08052
0.17002 0.05372 0.11242
0.40598 -0.01759 0.09290
-0.22088 0.10655 0.06756
0.27613 -0.06361 -0.10700
-0.30858 -0.18269 0.17124
-0.16426 0.05612 0.14956
0.16014 0.03509 -0.00720
0.15907 0.04183 -0.00347
0.08641 -0.00907 -0.12237
-0.21899 -0.09764 -0.16952
0.08858 0.14784 -0.07796
-0.28873 0.13679 -0.09108
-0.10958 0.18250 -0.01207
-0.10933 0.18201 -0.02736
0.31338 -0.18139 0.16993
-0.19067 0.09393 0.14206
-0.31373 0.15400 -0.02179
-0.33607 -0.18199 0.11031
-0.19440 0.03296 -0.02624
-0.03337 0.09831 0.14426
0.37887 -0.00842 -0.13500
-0.28766 0.16902 -0.04409
-0.31433 -0.03213 0.16090
0.32296 0.06099 0.01880
-0.07490 0.12866 -0.13563
-0.41807 -0.02271 -0.03592
-0.03187 -0.00630 -0.15801
-0.33588 0.13181 0.02283
0.39198 0.01032 -0.05031
-0.09963 0.18055 -0.04139
-0.33047 -0.10934 0.13239
0.12553 0.07045 0.06957
-0.37384 -0.06611 -0.14236
-0.20935 0.01418 -0.15760
-0.27060 0.14596 0.12101
0.20262 0.03599 -0.14061
0.11300 -0.01873 -0.14003
-0.03118 0.04469 -0.15229
0.17794 0.07729 0.00087
0.19951 0.08011 0.00314
-0.25888 0.17941 -0.01824
0.13396 0.11678 0.09610
0.16924 -0.08520 0.08800
0.15528 -0.08474 0.14755
0.16216 -0.08497 0.09399
0.14186 -0.08430 0.14806
-0.10539 0.17076 0.10744
-0.12490 0.17245 0.08387
-0.12791 0.17161 0.10561
-0.11142 0.17371 0.04454
-0.12287 0.17340 0.06066
-0.11396 0.17216 0.08201
-0.36936 -0.13641 -0.10819
-0.19212 0.02010 0.11136
-0.19224 0.02006 0.10195
-0.18375 -0.00726 0.10098
-0.19549 0.02992 0.09030
-0.19864 0.04048 0.09926
-0.22513 0.09423 0.14046
-0.15936 0.18183 0.05677
-0.34461 -0.01443 -0.10865
-0.33776 -0.00957 -0.10245
0.29662 -0.03398 0.10811
0.08973 -0.01035 -0.09973
0.16118 -0.01293 0.16439
0.18136 -0.07417 0.06212
0.18530 -0.06334 0.16177
0.01820 -0.06681 0.17147
0.05104 0.13397 -0.12359
0.24477 -0.00704 0.11393
0.24410 -0.00729 0.12567
0.10608 0.11614 0.12644
-0.36491 0.09196 -0.00935
0.04500 -0.01972 -0.15814
0.04177 -0.01374 -0.15789
0.00888 -0.08028 -0.04234
0.01124 -0.08035 -0.11857
0.01125 -0.08035 -0.09796
0.02088 -0.08064 -0.08089
0.03218 -0.08098 -0.11734
0.02875 -0.08088 -0.14780
0.02252 -0.08069 -0.09210
0.03920 -0.08119 -0.14056
0.02181 -0.08067 -0.09839
-0.30499 0.11498 0.10656
-0.38733 -0.05089 0.14747
-0.11391 -0.05007 0.12367
-0.11238 -0.04367 0.09611
-0.11903 -0.07153 0.10283
-0.11764 -0.06573 0.09835
-0.11778 -0.06629 0.12328
-0.11876 -0.07041 0.07940
-0.11638 -0.06043 0.05427
-0.11538 -0.05623 0.08690
-0.11244 -0.04392 0.04922
-0.11167 -0.04072 -0.06742
0.31522 -0.14810 0.14770
0.38387 -0.06128 -0.09846
0.27649 -0.03069 -0.12923
0.05266 -0.01437 -0.08251
0.02919 -0.01573 -0.06366
0.26689 0.00069 0.15042
-0.08421 -0.01388 -0.00837
-0.22465 0.03918 -0.15079
-0.26968 -0.06587 -0.17331
0.26168 -0.00063 -0.10461
-0.11921 0.12038 0.13780
-0.30752 -0.18612 0.10929
0.03947 -0.07227 0.16884
0.37516 0.02447 0.05707
0.24941 -0.16734 -0.17506
0.42221 -0.03410 -0.00748
0.37492 0.03366 -0.03993
-0.31491 0.12215 0.12164
-0.29992 0.16176 0.04011
-0.25445 0.01377 -0.13201
-0.24573 0.00894 0.09304
-0.24638 0.00930 0.08139
0.03005 0.16245 -0.00408
0.01416 0.16345 -0.05855
0.04699 0.15867 -0.01816
0.01224 0.16287 -0.08380
0.02990 -0.03666 -0.13681
0.32087 0.05848 -0.06855
0.02092 0.00421 0.11915
0.40392 -0.01142 0.06378
-0.27521 -0.08441 0.08590
-0.20938 -0.06308 0.08626
-0.25534 -0.06979 0.08601
-0.31584 -0.07521 0.08568
-0.01729 -0.07947 0.16282
-0.01657 -0.07950 0.14164
-0.04206 -0.07870 0.10183
-0.02674 -0.07918 0.02441
-0.00448 -0.07987 0.06460
-0.03766 -0.07884 0.14121
-0.02651 -0.07919 0.11962
-0.03751 -0.07884 0.05854
-0.09725 -0.07698 0.16380
-0.01752 -0.07947 0.15550
-0.07461 -0.07769 0.16155
-0.04611 -0.07857 0.13087
-0.05110 -0.07842 0.12966
-0.07564 -0.07765 0.16700
-0.01810 -0.07945 0.03208
-0.03211 -0.07901 0.11608
-0.04904 -0.07848 0.06137
-0.06811 -0.07789 0.11308
-0.08581 -0.07734 0.13650
-0.01070 -0.07968 0.14145
-0.13093 -0.07593 0.12727
-0.00791 -0.07977 0.03753
-0.05521 -0.07829 0.10913
-0.07342 -0.07772 0.10417
-0.11320 -0.07648 0.12345
-0.05258 -0.07837 0.09423
-0.02002 -0.07939 0.11283
-0.13423 -0.00810 0.01906
-0.28270 0.13847 -0.11927
0.32605 -0.13743 -0.11668
0.17556 0.07582 0.08598
-0.19572 0.05567 -0.12633
-0.05627 0.17162 -0.02061
-0.09388 0.17220 -0.05997
-0.06967 0.17230 -0.02395
-0.06838 0.17309 -0.00397
-0.09443 0.17340 -0.03326
-0.06184 0.17147 -0.03189
-0.32949 -0.03494 0.14336
-0.21209 -0.00905 -0.13612
0.22767 -0.16454 0.14713
-0.33950 0.12409 0.06924
0.08937 -0.06969 0.17060
-0.24008 -0.04903 0.13932
-0.25387 -0.13485 -0.16406
-0.03719 0.10782 0.14193
0.29495 -0.19118 0.13558
-0.36170 0.05983 -0.12781
0.10246 -0.00957 -0.05805
-0.29640 -0.09957 0.15007
-0.15904 0.08649 -0.14478
-0.11143 0.08320 -0.14676
0.29857 -0.09074 -0.11416
-0.03648 0.04968 0.15299
-0.27928 -0.02790 0.08583
-0.23015 -0.03030 0.08611
-0.27293 -0.02432 0.08585
-0.34349 -0.01364 0.14313
0.35985 -0.06892 -0.14799
-0.16587 -0.01485 -0.04244
-0.13210 -0.01171 -0.03533
-0.12854 -0.01113 -0.04802
-0.15100 -0.01302 -0.06323
-0.41902 -0.05371 0.01795
-0.41868 -0.03652 -0.09537
0.11983 0.02729 0.15073
0.11258 0.03430 0.15044
-0.22766 -0.09171 -0.10847
-0.22502 -0.15248 0.10484
0.31944 -0.17465 -0.11435
-0.23961 -0.05920 0.10605
0.39980 -0.01909 -0.11925
0.20031 0.07162 -0.12562
-0.39920 -0.07121 -0.00324
-0.20358 0.06941 0.14629
-0.31349 -0.15213 0.12333
0.36223 0.05038 -0.02474
-0.18098 -0.01544 -0.08634
0.36616 -0.10388 0.16354
0.19261 -0.08191 -0.16544
-0.37477 -0.07489 -0.12149
0.32007 -0.03326 -0.16136
-0.24757 -0.12225 -0.11729
-0.29559 0.01642 0.16038
0.22988 0.07301 -0.10177
-0.20505 0.18502 0.01550
-0.21599 -0.08006 -0.14627
-0.31492 -0.05223 -0.17559
0.25106 0.07064 -0.08887
-0.06480 0.10488 -0.14279
0.24412 0.07643 -0.01898
0.04092 -0.06221 0.16931
0.13535 0.12943 0.03777
0.38432 0.03166 0.03151
0.11944 0.13734 -0.04979
-0.23407 0.18359 0.01103
0.08020 0.14990 -0.07954
-0.22581 -0.12357 0.17079
-0.19143 0.01546 0.06258
-0.20039 0.04278 0.07012
-0.20345 0.05321 0.08218
-0.20610 0.06231 0.09310
-0.19165 0.01457 0.04965
-0.20544 0.05455 0.04351
-0.20525 0.17267 0.06432
0.11154 -0.03904 -0.15699
-0.39069 -0.07081 -0.09621
0.13376 0.08522 -0.13538
0.08271 0.09951 0.13749
0.32947 -0.07795 0.17029
0.36933 0.04637 -0.02811
-0.33940 -0.06938 -0.17516
-0.26753 -0.07112 0.14687
-0.32754 0.02093 -0.15754
-0.36128 0.07190 0.12129
0.20458 -0.05394 0.12838
0.20664 -0.04938 0.15962
0.11118 -0.01652 0.02966
-0.26271 0.15613 0.11555
0.23397 -0.15480 0.10606
-0.03028 0.09765 0.06172
0.06991 -0.02495 0.15771
-0.25296 -0.18030 -0.14596
0.07266 0.16066 -0.03370
-0.36538 -0.06846 -0.15241
-0.25300 -0.00370 -0.13093
-0.12744 0.10145 -0.14259
0.16967 0.08084 -0.12788
-0.00100 -0.02916 0.03449
0.17879 0.08206 0.11573
-0.37257 -0.05725 0.12839
-0.23620 0.08582 0.05390
-0.04163 0.17403 0.07046
0.40928 -0.01079 -0.00746
-0.36708 0.08421 -0.02517
-0.33557 0.08426 -0.00092
-0.32840 0.08427 -0.00024
0.11741 0.05051 0.08862
-0.31966 0.14814 -0.02402
0.17234 -0.01552 0.03075
-0.34308 0.12211 0.03674
0.25377 -0.18552 0.14475
-0.08323 -0.02445 -0.07630
0.28515 -0.05775 0.10306
-0.16896 -0.01133 -0.12029
0.01442 0.01869 -0.06158
0.01487 0.02093 -0.05229
-0.15754 -0.04171 -0.15745
0.14148 0.09033 -0.13203
0.30603 -0.01528 -0.10475
0.40458 0.00397 -0.02161
-0.00933 0.17407 -0.02401
-0.03729 0.17660 -0.03281
-0.31522 -0.08899 0.13359
0.37271 -0.00250 -0.11321
0.35215 -0.12241 -0.10818
-0.29475 -0.03717 -0.17382
0.40373 -0.07129 -0.02277
-0.38714 0.03322 -0.10223
0.30008 -0.12064 -0.14702
0.17049 0.07662 -0.01604
-0.04440 -0.05347 -0.16487
-0.24470 0.13878 0.12619
0.15096 0.11502 -0.06788
-0.22026 0.18174 0.05409
-0.35133 0.10912 -0.07966
0.16534 0.09464 -0.10598
-0.35283 -0.05338 0.14070
0.10405 -0.01006 -0.10456
0.11142 -0.01049 -0.09832
0.19656 0.07979 0.08747
-0.08462 -0.01664 0.08161
0.30743 0.06048 -0.07663
-0.35756 -0.13876 0.10505
-0.39754 -0.06971 -0.05959
0.22864 -0.05134 -0.11067
0.12402 -0.01687 0.08961
-0.09878 -0.00976 -0.08381
-0.10527 -0.00985 -0.07757
-0.09555 -0.00944 -0.10253
-0.36755 -0.09228 0.16866
-0.25155 0.05996 -0.14627
0.28610 -0.01501 -0.11291
0.02551 -0.01415 0.07997
-0.01766 0.13194 -0.13274
-0.03062 0.11911 0.13839
-0.30453 -0.04720 0.10499
-0.35144 -0.17019 -0.11103
0.28695 -0.04859 -0.17506
-0.33503 -0.04922 -0.10984
-0.31337 -0.19111 0.16044
0.37773 -0.08489 -0.02633
0.38651 -0.08484 -0.04869
0.02733 0.00095 -0.03045
0.06384 0.15807 0.07827
0.35440 -0.02930 0.12960
-0.38491 0.03062 -0.11155
-0.07545 -0.04624 -0.15913
0.23418 -0.09735 -0.17408
-0.27259 0.16981 -0.08269
-0.39712 0.01618 -0.05793
0.06611 -0.06099 -0.16891
0.06554 -0.03666 -0.14147
-0.36240 0.01461 -0.15223
0.26724 -0.18968 0.13527
0.33164 0.05714 0.05589
0.27256 -0.03121 -0.11583
0.09236 -0.05822 0.08281
0.09155 -0.06183 0.03502
0.09720 -0.03670 0.09189
0.09269 -0.05674 0.06678
0.34090 -0.01588 -0.14893
-0.24470 0.16149 0.08642
-0.28846 0.01174 -0.16135
-0.23674 0.16320 -0.10887
0.04946 -0.00972 0.15749
0.03632 -0.01804 0.15825
-0.32996 0.08414 -0.05551
-0.26077 0.08416 -0.04791
-0.26493 0.08418 -0.03724
-0.30638 -0.02786 -0.13288
0.00647 0.16170 0.11335
-0.34105 -0.03353 -0.08550
-0.23728 -0.03340 -0.08608
-0.00683 0.10790 -0.07236
0.19242 -0.02005 -0.08757
0.19273 -0.01028 -0.15918
0.27635 0.02857 0.14284
0.00100 -0.00416 0.15839
0.03532 0.00022 0.15732
-0.25782 -0.00186 0.09347
-0.21715 0.00860 0.16078
-0.30874 -0.16481 0.10506
0.33662 -0.01288 0.14237
-0.27877 -0.08102 -0.14351
-0.20584 -0.06446 0.09217
0.09615 0.04519 -0.15040
0.10771 0.02846 -0.15157
0.35596 0.05216 0.02529
-0.31043 0.15103 0.07571
0.34899 -0.08621 0.05131
0.30056 -0.08965 0.04748
0.36390 -0.08515 0.05078
0.25954 -0.09251 0.08570
0.36169 -0.08528 0.07240
0.31627 -0.08850 0.07574
0.29928 -0.08972 0.06349
0.24685 -0.09342 0.08185
0.35486 -0.08579 0.04711
0.21937 -0.09537 0.08410
0.33385 -0.08729 0.04687
0.35684 -0.08560 0.09081
0.24572 -0.09349 0.08717
-0.17506 0.17616 0.03674
-0.18261 0.17510 0.06334
-0.18609 0.17502 0.06696
-0.19079 0.17706 0.02704
-0.16773 0.17657 0.02396
-0.28015 -0.03377 0.11117
-0.10309 0.14420 0.12959
-0.11880 0.13414 0.13323
0.29961 -0.15549 -0.16108
-0.34871 -0.00044 -0.15711
-0.25367 -0.04068 -0.16441
-0.27596 -0.11930 -0.14702
-0.27076 0.17360 0.05107
0.16482 0.06644 -0.08116
-0.24310 -0.05351 0.16865
0.26453 -0.09338 0.14317
0.38227 0.00255 -0.08456
0.05400 0.07323 -0.14741
-0.29070 0.13192 0.12125
-0.09080 -0.08166 0.16752
-0.30870 0.08932 0.13523
0.17095 0.04065 0.08430
0.17154 0.03739 0.04315
0.11177 -0.03666 0.09163
-0.19988 0.03749 0.03135
-0.13214 0.18253 -0.03612
0.15246 0.04919 0.14394
0.02089 0.00499 0.02893
0.40331 -0.05632 0.05495
-0.27149 0.16016 -0.08410
-0.25118 0.09846 -0.13778
-0.28360 0.11434 -0.13106
0.24061 0.04922 0.12949
0.16262 0.06353 -0.13865
-0.20719 0.06257 -0.13732
-0.07544 -0.09191 -0.16366
-0.09255 0.17010 -0.11049
-0.29223 0.16420 0.06402
0.07362 0.06612 -0.14804
-0.01633 -0.07802 -0.16874
-0.29097 -0.15663 0.11659
0.39555 0.01075 0.04398
0.18014 -0.07102 -0.03577
-0.04046 -0.03102 -0.15838
0.06988 0.14499 0.10974
-0.25013 -0.12702 0.13968
0.03779 -0.08114 0.01616
0.11176 -0.08336 -0.00505
0.05277 -0.08159 -0.04385
0.09888 -0.08297 0.04254
0.10576 -0.08318 0.05816
0.00219 -0.08007 -0.00542
0.01171 -0.08036 0.01168
0.12554 -0.08377 -0.07802
0.10260 -0.08308 -0.07339
0.12349 -0.08371 0.14173
0.05469 -0.08165 -0.00373
0.07091 -0.08213 -0.02067
0.07740 -0.08233 -0.08959
0.06213 -0.08187 0.06494
0.10267 -0.08308 -0.02096
0.04620 -0.08139 0.02557
0.06782 -0.08204 0.01431
0.07981 -0.08240 0.08405
0.05890 -0.08177 0.03173
0.08961 -0.08269 0.01341
0.11369 -0.08341 0.11082
0.04186 -0.08126 -0.01827
0.06402 -0.08193 -0.00807
0.08181 -0.08246 0.07924
0.06783 -0.08204 0.06150
0.11803 -0.08354 -0.02904
0.09107 -0.08274 -0.02162
0.10224 -0.08307 -0.01130
0.05331 -0.08160 0.00729
0.10922 -0.08328 -0.09173
0.08710 -0.08262 0.02958
0.08930 -0.08268 -0.00209
0.05142 -0.08155 -0.06670
0.08954 -0.08269 -0.01650
0.09139 -0.08275 0.04012
-0.23591 -0.05244 0.14574
0.26134 -0.18653 0.12867
-0.37341 -0.06413 0.10450
0.40030 -0.01142 -0.07515
0.40206 -0.02094 0.11795
0.23894 -0.17616 0.12743
0.38744 -0.01572 -0.13434
-0.31854 0.14840 0.03927
-0.38798 -0.07624 0.00760
0.21009 -0.10763 -0.10818
-0.22398 -0.09158 0.17023
0.20993 -0.13091 0.14632
-0.29110 0.00457 0.09850
-0.29185 0.00448 0.08882
0.28679 -0.08165 -0.10738
-0.09214 -0.01720 -0.15764
-0.15610 -0.02181 -0.15731
0.39877 -0.06937 -0.05332
-0.18952 -0.02956 0.16032
0.28002 -0.11455 -0.14479
0.12449 0.13815 0.00089
-0.23449 -0.05813 0.10809
0.11892 0.13954 -0.03773
0.12552 0.13497 -0.04106
0.25919 0.05556 -0.12059
-0.16614 -0.04389 0.15774
0.18913 -0.04802 -0.09929
0.18832 -0.05296 -0.11077
-0.08565 -0.03430 -0.00897
-0.35282 0.00958 -0.15496
0.18438 0.07813 0.01769
-0.05153 -0.03100 -0.15819
0.23120 0.07809 0.04093
0.30299 0.01828 -0.15438
0.13437 0.07562 0.08482
-0.28240 -0.08471 -0.10323
0.04153 0.16032 0.00229
0.03565 0.16130 0.00600
0.01314 0.16211 0.09950
0.04808 0.15888 0.00687
-0.21906 0.05524 0.15063
-0.06969 0.13117 -0.13453
0.11169 0.06295 0.14530
-0.29752 -0.08320 -0.08578
-0.31829 -0.08096 -0.08566
-0.31615 -0.07118 -0.08567
-0.22922 -0.05805 -0.08615
-0.29918 -0.03517 0.16412
-0.34625 0.08021 0.12714
-0.09329 0.18081 0.03272
-0.10384 0.18088 0.04097
-0.22992 0.05720 0.13584
0.31284 -0.00919 0.10131
-0.30975 -0.03127 0.12774
0.12165 -0.02154 -0.12861
-0.37768 -0.07574 0.09652
-0.39060 -0.07078 0.09718
-0.13088 -0.03666 0.13210
0.28017 -0.18518 -0.11068
-0.27740 -0.02829 0.11771
-0.01965 0.07119 0.03100
0.10263 -0.03666 -0.06222
0.09901 -0.03666 -0.07858
0.03230 0.00412 -0.15708
0.00112 0.00415 -0.15785
0.40507 -0.01433 0.07075
-0.13197 -0.09104 -0.05935
-0.13204 -0.09104 0.09096
0.02795 -0.09350 -0.15369
0.12015 -0.09492 -0.10407
-0.10867 -0.09140 0.03178
0.00842 -0.09320 -0.03929
-0.10757 -0.09142 0.01777
-0.12823 -0.09110 -0.10771
0.15232 -0.09542 -0.15417
0.09785 -0.09458 -0.09817
-0.15788 -0.09064 0.07401
-0.09654 -0.09159 0.04478
0.16404 -0.09560 -0.13159
0.01713 -0.09334 -0.01842
-0.02164 -0.09274 -0.11070
-0.15343 -0.09071 -0.04691
0.00426 -0.09314 -0.09359
-0.07390 -0.09194 -0.08393
-0.12762 -0.09111 -0.08530
-0.16955 -0.09046 0.11170
-0.02689 -0.09266 -0.13928
-0.11902 -0.09124 0.09402
-0.08335 -0.09179 -0.02792
-0.04674 -0.09235 -0.04372
-0.16373 -0.09055 -0.07240
-0.08676 -0.09174 -0.13467
0.03706 -0.09364 -0.10282
0.02892 -0.09352 -0.02592
-0.08863 -0.09171 -0.05166
-0.12676 -0.09112 -0.07429
-0.16344 -0.09056 -0.01607
-0.16081 -0.09060 0.05328
-0.03915 -0.09247 -0.10053
-0.06789 -0.09203 0.00251
0.00332 -0.09312 -0.05714
-0.01052 -0.09291 -0.02593
0.06120 -0.09401 -0.08585
0.11119 -0.09478 -0.15786
-0.06876 -0.09201 -0.05787
-0.07390 -0.09194 -0.00615
-0.14145 -0.09090 -0.01968
-0.01977 -0.09277 -0.05577
-0.10588 -0.09144 -0.06436
-0.05112 -0.09229 -0.07693
-0.17782 -0.09034 -0.11515
-0.09889 -0.09155 0.03929
-0.16757 -0.09049 -0.13609
-0.09055 -0.09168 -0.01986
-0.08215 -0.09181 -0.06285
-0.14975 -0.09077 0.04993
-0.02502 -0.09269 -0.13187
-0.07310 -0.09195 -0.02178
-0.12788 -0.09110 -0.14258
-0.16945 -0.09046 -0.05988
-0.01855 -0.09279 -0.12245
-0.06295 -0.09210 -0.11452
-0.01567 -0.09283 -0.15645
-0.16062 -0.09060 -0.00851
-0.06303 -0.09210 -0.00899
0.01463 -0.09330 -0.04216
0.12811 -0.09504 -0.15345
-0.01908 -0.09278 -0.04647
0.12583 -0.09501 -0.13794
-0.15072 -0.09075 0.07504
-0.15908 -0.09062 0.01529
-0.17514 -0.09038 0.12491
0.07712 -0.09426 -0.07513
-0.07585 -0.09191 -0.12155
-0.09905 -0.09155 -0.09279
-0.12810 -0.09110 0.04577
-0.15009 -0.09076 0.02745
-0.17807 -0.09033 0.15207
-0.18744 -0.09019 -0.15942
-0.18568 -0.09022 0.12043
-0.16652 -0.09051 0.12855
-0.02786 -0.09264 -0.12612
0.05549 -0.09393 -0.09896
-0.00876 -0.09294 -0.01270
-0.05940 -0.09216 0.00926
-0.07549 -0.09191 -0.06071
-0.13170 -0.09105 -0.00696
-0.04200 -0.09243 -0.09174
-0.09590 -0.09160 -0.14266
-0.02613 -0.09267 -0.07766
-0.05755 -0.09219 -0.09380
0.00399 -0.09313 -0.08452
-0.10732 -0.09142 -0.08315
0.17531 -0.09577 -0.15681
-0.03862 -0.09248 0.00701
-0.17314 -0.09041 -0.01165
0.01478 -0.09330 -0.09052
-0.03248 -0.09257 -0.05346
-0.05791 -0.09218 -0.01770
-0.01303 -0.09287 -0.00050
-0.14890 -0.09078 -0.07021
-0.08288 -0.09180 -0.14985
-0.09195 -0.09166 0.03448
-0.14865 -0.09079 0.05908
-0.16359 -0.09055 -0.02696
0.10365 -0.09467 -0.10640
0.12148 -0.09494 -0.15253
-0.11825 -0.09125 0.04499
0.08604 -0.09440 -0.07765
-0.15915 -0.09062 -0.14840
-0.10151 -0.09151 -0.14095
0.05560 -0.09393 -0.09381
-0.11340 -0.09133 0.00778
0.13751 -0.09519 -0.16080
-0.10789 -0.09141 0.03779
0.00699 -0.09318 -0.06822
-0.11603 -0.09129 -0.09625
-0.25814 0.08076 0.11664
0.12432 0.08623 -0.15083
0.32061 -0.11022 0.14151
0.35279 -0.11159 0.10428
0.32107 -0.00445 -0.12438
-0.34764 0.02430 -0.15221
-0.22065 -0.06880 0.11036
-0.33365 -0.04962 0.10559
-0.36748 -0.07146 0.14703
-0.20619 0.14014 -0.12814
0.31560 0.02114 -0.14677
0.22001 -0.11872 -0.17465
-0.07983 0.16954 -0.10321
-0.07093 0.16969 -0.08747
-0.04522 0.17111 -0.01783
-0.05623 0.16901 -0.08369
-0.07866 0.17063 -0.07531
-0.37310 -0.10062 -0.14617
0.19099 -0.03667 -0.11079
0.19115 -0.03522 -0.12521
-0.37582 -0.12114 0.11493
0.19278 0.02642 0.14381
0.37524 0.01821 0.07445
-0.10831 -0.01028 -0.05416
-0.11646 -0.01004 -0.06672
0.02527 0.00349 -0.04796
0.18869 0.07730 0.04680
-0.40208 -0.06531 -0.06758
-0.39948 0.01133 0.04033
0.30973 -0.10884 0.13359
0.19198 0.00539 0.04826
0.28257 -0.05214 -0.11236
0.16281 0.01863 -0.01018
-0.23430 -0.16035 0.11272
-0.15375 -0.00741 0.13154
-0.25809 -0.00339 0.08588
-0.30115 -0.01535 0.08567
0.37012 -0.06284 -0.11220
-0.03052 0.04369 -0.15877
-0.20595 0.17062 -0.08869
0.18191 0.09875 -0.04796
0.31771 -0.04502 0.17026
0.37402 0.01176 -0.07964
0.32058 -0.17162 0.10484
0.35966 -0.15134 0.16282
0.25377 -0.18392 0.16989
-0.39605 0.01126 0.09896
-0.02160 0.17188 0.07315
-0.24149 -0.11649 -0.11013
-0.03289 -0.00456 0.15790
-0.21270 -0.11709 0.13896
0.35245 -0.00992 0.15350
-0.20389 -0.00634 0.16070
-0.26361 -0.05753 -0.08596
-0.22365 -0.04590 -0.08617
-0.25152 -0.05948 -0.08603
-0.37528 -0.12530 -0.13314
0.37574 -0.04157 -0.14623
0.15500 -0.08174 -0.00969
0.36727 0.04852 0.01947
-0.31313 0.00159 -0.15944
0.12945 -0.08397 -0.11122
0.13298 -0.08418 -0.09763
0.14404 -0.08482 0.01165
0.13022 -0.08402 0.12248
0.14279 -0.08475 0.00304
0.13075 -0.08405 -0.12738
0.13073 -0.08405 -0.01906
-0.18373 0.06389 0.14778
0.38033 -0.08490 0.00108
0.04275 0.16637 0.03242
0.03930 0.16713 0.02778
0.39700 -0.06004 -0.04659
0.05896 -0.06262 0.16927
-0.21782 -0.08929 0.02030
-0.35615 -0.08014 0.00109
-0.21383 -0.08955 0.03411
-0.21022 -0.08979 -0.02273
-0.29478 -0.08420 -0.03161
-0.30036 -0.08383 0.02969
-0.28264 -0.08500 0.00407
-0.28339 -0.08495 0.04478
-0.31143 -0.08310 0.01141
-0.23991 -0.08783 0.06723
-0.20956 -0.08983 -0.03081
-0.23952 -0.08785 0.01153
-0.24432 -0.08754 0.00144
-0.29601 -0.08412 0.03861
-0.27366 -0.08560 0.03405
-0.35085 -0.08049 -0.01055
-0.21814 -0.08927 -0.00696
-0.21467 -0.08950 0.06130
-0.23688 -0.08803 0.03734
-0.20589 -0.09008 -0.07037
-0.25590 -0.08677 -0.06187
-0.30162 -0.08375 0.00505
-0.21899 -0.08921 0.01070
-0.21246 -0.08964 0.08156
-0.28374 -0.08493 -0.02330
-0.22296 -0.08895 -0.01727
-0.24854 -0.08726 -0.00699
0.07925 -0.00761 -0.04565
-0.04296 0.06729 -0.15030
0.02714 0.16438 -0.08303
-0.28689 -0.05932 0.10602
0.30536 -0.13071 0.13597
-0.11954 0.17808 0.07571
0.41711 -0.01560 -0.02595
0.38229 0.03423 0.02307
-0.00693 0.00030 -0.03036
-0.29407 -0.00493 0.10414
-0.11541 -0.00918 0.13737
0.32825 -0.04065 -0.16901
-0.37029 0.08345 0.00413
-0.05354 0.17465 0.07287
0.22157 -0.08494 0.10605
0.29380 -0.10715 0.13359
-0.28084 0.16378 -0.08118
-0.08787 -0.01037 0.05173
-0.09176 -0.00953 0.09819
0.12847 0.06333 0.10041
0.41866 -0.03159 -0.05199
0.40105 -0.00687 0.04089
-0.01580 -0.07313 0.16910
0.04087 0.15737 -0.09083
0.02671 0.16050 -0.07315
0.03273 0.15881 -0.09163
0.04724 0.15601 -0.09733
0.03415 0.15818 -0.10302
0.11464 -0.01809 -0.03399
0.16456 0.05362 -0.03455
-0.35389 -0.02291 -0.12221
0.28808 -0.06296 0.14804
0.06082 0.16324 0.02729
0.05428 0.16469 0.01762
-0.01723 0.03786 -0.14030
-0.00165 -0.03213 -0.13364
-0.25761 -0.00800 -0.08589
-0.27937 -0.00622 -0.08577
0.16376 0.00407 -0.02675
0.17670 0.05689 0.12713
0.40803 -0.01160 -0.03324
-0.03674 -0.08715 -0.16675
0.33465 -0.17707 -0.17077
0.20714 -0.11000 -0.15237
0.09929 0.13294 0.10962
-0.13060 0.18330 0.01732
-0.11786 0.18229 0.03061
-0.38483 0.04572 -0.08896
-0.28998 0.03005 -0.15897
0.29654 -0.11798 0.14578
0.25694 -0.11570 0.13311
-0.38048 0.05625 0.09879
-0.33096 0.00011 0.15923
-0.09245 0.17197 -0.10277
-0.09018 0.05700 -0.15141
0.40527 -0.04497 -0.07988
-0.25501 -0.18390 -0.11505
0.28514 -0.11633 -0.13745
-0.01298 0.08432 -0.07951
0.37929 -0.00889 0.13484
0.01667 0.01556 -0.11898
0.01718 0.01192 -0.11341
0.18247 0.02037 0.09396
0.25026 -0.11003 0.13499
-0.05644 0.17625 -0.05915
0.18088 0.04251 -0.14119
0.01637 -0.04182 -0.15906
-0.30815 0.13384 0.09169
0.34901 -0.11503 -0.10823
-0.19628 0.17587 -0.05513
-0.19659 0.17426 -0.08903
-0.19791 0.17671 -0.03857
-0.19401 0.17478 -0.07668
-0.28221 0.04253 0.15354
-0.25201 0.16790 -0.06151
-0.37027 -0.08082 0.16330
-0.12828 0.07868 0.14709
-0.31156 0.15657 -0.00026
0.10542 0.04903 -0.14886
0.15890 0.02180 -0.14808
-0.25902 0.15609 -0.11105
-0.18942 0.00987 -0.15473
0.11631 0.14006 0.04469
-0.12281 -0.03666 -0.13664
0.36918 -0.11546 0.13951
-0.23046 -0.16422 -0.16765
-0.07425 -0.03231 0.15776
0.26338 -0.13564 -0.13625
-0.00075 -0.07998 0.01254
0.05225 -0.08157 0.14186
0.04506 -0.08136 0.08138
0.00020 -0.08001 0.04268
0.01477 -0.08045 0.06725
0.07086 -0.08213 0.15349
0.05425 -0.08163 0.15666
0.10498 -0.08315 0.16476
0.11415 -0.08343 0.15430
0.00568 -0.08018 0.08296
0.06636 -0.08200 0.10481
0.00012 -0.08001 0.15226
0.07622 -0.08229 0.15400
0.02085 -0.08063 0.16620
0.01854 -0.08056 0.15816
0.01366 -0.08042 0.02333
0.07324 -0.08220 0.12280
0.24328 -0.09699 -0.11912
-0.01926 0.11436 0.13980
0.02187 0.10804 0.13951
0.17541 -0.03945 0.16691
-0.21912 0.19214 -0.03480
-0.30002 -0.16997 -0.17501
-0.27682 -0.01501 -0.11356
0.22256 -0.15931 -0.14228
-0.24142 -0.01012 -0.13303
-0.24273 -0.00919 -0.12523
-0.33395 0.10426 0.09587
0.27688 -0.06444 -0.12173
0.04410 -0.03637 0.14269
0.00114 0.01697 0.14269
0.00251 0.00774 0.14269
-0.00901 0.03279 0.14269
0.01444 -0.01077 0.14269
0.01075 -0.01395 0.14269
-0.00441 0.02903 0.14269
0.01613 -0.06997 -0.17015
0.00208 0.17188 -0.04529
0.00624 0.17108 -0.05134
-0.29777 0.14148 0.11653
-0.36707 0.02865 0.14047
-0.02981 0.09087 -0.08229
-0.26125 -0.07798 -0.14424
0.34216 -0.05517 -0.11110
-0.02018 -0.09101 -0.16566
0.07964 -0.00750 -0.03022
0.19273 -0.00593 -0.13972
-0.23708 -0.05006 -0.15601
-0.37362 0.07406 -0.06389
0.12055 0.04683 0.09821
-0.02913 0.11287 0.06354
0.29748 -0.03351 0.16817
-0.08792 0.17703 -0.07112
0.24009 0.06529 0.11779
0.02470 0.00828 0.15694
0.05966 0.00079 0.15667
0.35742 0.05069 -0.03946
-0.33961 0.12779 -0.00337
-0.21188 -0.12620 0.16723
-0.36313 -0.06422 0.14178
-0.12264 -0.05564 0.16546
0.15662 0.07341 0.07563
0.19801 -0.07283 0.16703
0.27858 0.02220 -0.15312
-0.19364 0.04334 0.13443
-0.08231 -0.02044 -0.02068
0.07455 -0.01020 -0.05309
0.22915 -0.05200 0.13037
-0.37381 -0.06588 0.13242
-0.20523 -0.07337 -0.09992
-0.20559 -0.08397 -0.12827
0.07923 0.07290 0.14647
-0.30032 0.12061 0.12420
0.32301 -0.15278 0.10540
0.06669 0.15057 0.10661
-0.26544 0.15194 0.11084
-0.33728 -0.00786 -0.15860
-0.27689 0.17444 -0.00271
-0.20104 0.18678 -0.07631
-0.26604 0.17696 0.02528
0.16456 0.06851 0.06846
0.16134 0.07430 0.10167
0.16172 0.11431 -0.01221
0.17521 0.03918 -0.12143
-0.26713 0.13433 -0.12610
0.25461 -0.17268 -0.10908
-0.06646 -0.03675 0.15773
-0.11728 -0.03040 -0.15740
-0.16267 -0.07494 -0.01882
-0.05748 -0.07822 0.00689
-0.09028 -0.07720 -0.07030
-0.07618 -0.07764 0.06751
-0.04310 -0.07867 -0.02546
-0.17020 -0.07471 -0.13798
-0.08547 -0.07735 0.06103
-0.11523 -0.07642 0.02504
-0.11395 -0.07646 -0.02064
-0.14443 -0.07551 -0.02125
-0.15312 -0.07524 0.03335
-0.16405 -0.07490 -0.00341
-0.15828 -0.07508 -0.09778
-0.15066 -0.07532 -0.10637
-0.17648 -0.07451 -0.14605
-0.15072 -0.07531 -0.02435
-0.15736 -0.07511 0.12611
-0.16769 -0.07479 0.03281
-0.13423 -0.07583 0.06528
-0.10794 -0.07665 -0.06040
-0.17759 -0.07448 -0.07408
-0.14770 -0.07541 -0.00474
-0.12485 -0.07612 -0.08078
-0.18219 -0.07433 0.10044
-0.13259 -0.07588 0.00236
-0.11267 -0.07650 -0.02787
-0.16586 -0.07484 0.13431
-0.17379 -0.07460 0.12992
-0.17819 -0.07446 0.15915
-0.10238 -0.07682 -0.05227
-0.16373 -0.07491 0.03589
-0.09479 -0.07706 0.06054
-0.14916 -0.07536 0.07510
-0.17280 -0.07463 -0.10516
-0.16082 -0.07500 -0.12794
-0.15144 -0.07529 -0.13459
-0.16782 -0.07478 -0.06580
-0.04141 -0.07872 -0.00084
-0.02302 -0.07929 0.01447
-0.06632 -0.07794 0.00780
-0.16638 -0.07483 -0.02282
-0.06892 -0.07786 0.04193
-0.12999 -0.07596 0.05978
-0.10741 -0.07666 -0.04500
-0.13796 -0.07571 -0.06739
-0.15735 -0.07511 -0.03442
-0.06608 -0.07795 0.03015
-0.15964 -0.07504 0.14478
-0.14866 -0.07538 0.00401
-0.11264 -0.07650 -0.05115
-0.11032 -0.07657 0.03475
-0.03592 0.17071 0.00568
-0.03644 0.16984 0.02803
-0.01792 0.16706 0.05012
-0.03560 0.17003 0.02136
-0.03465 0.16726 0.08616
-0.03211 0.17020 0.00873
-0.41430 -0.04380 -0.12298
0.29818 0.06468 -0.05310
-0.08719 0.16964 0.11114
-0.30464 0.00292 -0.15757
-0.27477 -0.11659 0.13613
0.02100 -0.08139 -0.05147
0.03946 -0.08162 -0.05573
0.03974 -0.08163 -0.06339
0.02795 -0.08148 -0.07290
0.05747 -0.08185 -0.05119
0.06174 -0.08191 -0.03997
0.04526 -0.08170 -0.05135
0.29750 0.00169 -0.10769
0.11597 -0.06733 0.16814
-0.41640 -0.02255 -0.07055
0.03940 -0.06925 0.13635
0.08643 -0.07505 0.13635
0.08639 -0.04603 0.13635
0.33667 -0.13826 0.17026
0.12321 0.07389 -0.15552
0.15149 0.12059 0.01647
-0.06436 -0.05243 -0.16363
0.25010 -0.11491 -0.13745
-0.25581 -0.13738 -0.12502
-0.24375 -0.04343 0.14062
-0.10682 -0.00918 -0.11818
0.38423 -0.00666 -0.12066
-0.27561 0.04940 0.14866
-0.19679 0.07776 -0.14514
-0.27746 -0.06076 -0.10783
-0.21040 0.06934 -0.03333
-0.07803 0.17976 0.03255
-0.08183 0.18063 0.01349
-0.28916 -0.03678 0.16969
0.36888 0.04440 0.04169
0.29397 -0.14733 -0.14768
-0.30784 -0.13157 0.13359
-0.25013 0.05381 0.14759
-0.39249 -0.04972 0.14543
-0.21308 -0.08708 0.16476
-0.37445 0.06376 0.10395
-0.41275 -0.05694 0.08814
-0.16948 0.18194 -0.05749
0.02584 0.08479 0.14583
0.05146 0.09925 0.14042
-0.33589 -0.09044 -0.16220
0.02064 -0.03666 0.14194
0.25250 0.07013 0.09097
0.24371 0.07116 0.09686
-0.07315 -0.06825 0.16955
0.04047 0.13631 -0.12424
0.09966 -0.03914 0.15702
0.40030 0.01024 -0.02517
-0.23953 -0.16737 0.10812
-0.15840 0.15692 0.12192
-0.25873 0.17591 -0.06439
0.20175 0.05790 -0.13389
-0.13865 0.10991 0.14034
-0.23956 0.11063 0.13559
0.41125 -0.03022 0.09156
0.02073 0.11734 -0.13607
-0.23670 -0.16331 -0.17124
0.02013 -0.02393 0.15879
0.12204 -0.03366 -0.10243
-0.32030 0.12361 -0.09328
0.07116 -0.00790 -0.04842
-0.39869 0.01439 0.02989
0.25524 0.01555 -0.16011
-0.27194 -0.18500 0.10525
0.25423 0.02320 -0.15006
0.37116 -0.10268 -0.15601
-0.26015 0.07532 -0.05886
-0.25716 0.08339 0.04461
-0.25932 0.07755 -0.04522
-0.38403 0.05679 0.00221
0.30615 -0.05891 0.16980
-0.21098 -0.11684 0.11194
-0.20986 0.07404 0.07887
-0.22580 0.08640 0.05174
0.29977 -0.00044 -0.11240
-0.20412 0.19172 -0.04863
0.21209 -0.01911 0.16707
-0.18275 -0.00735 -0.11388
-0.09655 -0.04619 -0.15885
0.00966 0.04590 0.14111
-0.21594 0.14560 0.12537
0.16806 0.05482 -0.04768
0.25446 -0.18099 -0.12320
0.28976 0.00262 0.12984
-0.33676 0.01454 0.15726
0.39639 -0.08046 -0.02409
0.02118 -0.00377 0.08227
0.01055 0.02540 0.07871
0.12981 0.07850 0.11495
0.07011 -0.06930 -0.16867
0.41913 -0.03436 -0.04717
0.00536 -0.04785 -0.12805
0.00664 -0.05343 -0.11190
0.00628 -0.05187 -0.11934
0.00394 -0.04166 -0.07642
0.41617 -0.03080 -0.06550
-0.26062 0.01719 0.00999
-0.25905 0.01632 0.12257
-0.25099 0.01186 0.12493
0.36957 0.04123 -0.05372
-0.02419 -0.07927 -0.03964
-0.03705 -0.07886 -0.03634
-0.14263 -0.07558 -0.15543
-0.07111 -0.07780 -0.08353
-0.14034 -0.07564 -0.14004
-0.09791 -0.07698 -0.14434
-0.07459 -0.07771 -0.13039
-0.03092 -0.07905 -0.03757
-0.03639 -0.07889 -0.06114
-0.15436 -0.07520 -0.14223
-0.09554 -0.07705 -0.11845
-0.09469 -0.07707 -0.10142
-0.08402 -0.07742 -0.14553
-0.10276 -0.07682 -0.11806
-0.22060 0.16532 -0.09427
-0.00427 0.08806 0.14646
0.01888 0.09842 0.14249
-0.31037 0.10664 -0.11816
0.30197 0.04853 -0.11000
0.08931 0.10261 -0.13575
-0.08394 -0.01722 -0.03431
-0.08713 -0.03666 0.01307
-0.40168 0.00729 -0.00220
-0.36016 -0.07967 0.10651
-0.09682 0.17702 0.07580
-0.22396 0.18599 -0.07475
0.25807 0.07430 0.00199
0.19250 -0.00212 0.10166
0.06710 0.14159 -0.11769
0.05390 -0.01389 0.07426
-0.40300 -0.06814 0.02887
-0.17968 -0.00561 -0.02263
0.38370 0.03414 -0.01346
0.34803 -0.16224 -0.11257
0.12286 0.13767 -0.03117
-0.41037 -0.05631 -0.11499
-0.09642 0.18193 -0.00494
-0.31673 -0.03044 -0.15601
-0.34501 0.08425 0.00840
-0.31218 0.08422 0.02088
-0.27552 0.08420 0.03135
-0.32287 0.08422 0.02179
-0.08786 0.14151 -0.13060
0.10622 -0.00981 0.06169
0.10868 -0.01047 0.07312
-0.37584 -0.12097 -0.14566
-0.06947 0.17983 0.01082
0.35301 -0.06035 -0.14650
-0.15027 -0.03666 0.13397
-0.19436 0.18030 0.07341
-0.22401 -0.13606 0.10964
0.29150 -0.14878 0.13359
0.27609 -0.09315 0.13359
-0.16268 -0.01096 -0.02512
-0.20802 0.18441 -0.02993
-0.26640 0.05442 -0.04558
0.00430 0.17233 0.03503
0.00378 0.17205 0.04012
-0.26486 0.06003 -0.07927
-0.26449 0.06140 -0.04793
-0.26525 0.05859 -0.11377
-0.26435 0.06189 -0.12215
-0.12686 0.17115 0.11107
0.06933 -0.01165 -0.14269
0.03977 0.13828 0.12322
-0.36752 0.08585 0.05828
0.27696 -0.15546 0.11205
0.04776 -0.06801 -0.16927
-0.22119 -0.14472 -0.14195
-0.22275 0.07503 -0.12108
-0.10252 -0.03327 0.15742
-0.20933 0.07007 0.00586
0.33000 -0.18152 0.14667
-0.19228 0.04576 0.12455
-0.18986 -0.02559 -0.16015
0.34711 0.04413 0.08204
-0.06531 0.17125 0.04199
-0.06049 0.16829 0.10698
-0.06643 0.16845 0.11131
-0.06081 0.16934 0.08196
-0.06744 0.17067 0.05881
-0.07795 0.16964 0.09834
-0.41859 -0.04453 -0.09084
-0.10564 -0.00007 0.15662
-0.10712 0.01183 0.15571
-0.33293 0.03005 -0.15412
-0.42031 -0.03644 -0.01972
0.31226 -0.12599 0.13359
-0.16645 0.18514 -0.00217
-0.22927 0.17347 -0.10090
0.31873 -0.06103 0.17068
0.03000 0.04689 0.15280
0.03135 0.03741 0.15385
-0.32256 0.01505 0.15860
-0.02348 0.07537 -0.07624
-0.01642 0.07537 -0.09123
0.39759 0.00383 0.02101
0.11171 -0.04509 0.15911
-0.22265 -0.02701 0.10930
-0.22390 -0.02551 0.11764
-0.32245 -0.00198 0.10296
-0.32186 -0.00175 0.11212
0.02656 -0.03666 0.03035
0.11988 0.12741 -0.08927
0.24034 -0.08967 -0.11023
0.27747 -0.03623 0.16922
-0.00046 0.06791 -0.11263
0.07043 0.03948 0.15250
-0.26663 -0.06244 -0.10954
0.11174 -0.04749 -0.15986
-0.28634 0.17110 0.01613
0.05052 0.16113 0.07450
-0.23580 0.07092 -0.14475
-0.34194 -0.04984 -0.10918
-0.01086 -0.06369 -0.16974
-0.25885 0.07884 -0.13956
-0.00110 -0.06635 -0.17154
-0.21914 -0.01143 0.05626
-0.22147 -0.00918 -0.02919
-0.22140 -0.00924 -0.06176
-0.21835 -0.01220 -0.10384
0.16704 0.10382 -0.07319
-0.12564 -0.01031 0.03035
-0.38732 0.04716 -0.01088
-0.08505 0.00547 -0.15642
-0.00157 0.17112 0.06210
-0.01960 0.17343 0.05386
0.36910 -0.08793 0.12231
-0.40208 0.00511 0.02678
0.07895 0.15536 -0.01814
0.10476 0.12174 0.12359
-0.31168 0.08661 0.09423
-0.31691 0.08425 0.00653
-0.28253 0.08427 0.00031
-0.29335 0.08426 0.00510
0.25462 -0.06445 0.17052
-0.35649 0.10009 0.08930
-0.32713 -0.07633 -0.15954
0.20402 -0.05647 -0.09922
0.20385 -0.05761 -0.12248
-0.20637 -0.02967 -0.04156
-0.20422 -0.03349 -0.09668
-0.20206 -0.03732 0.15007
-0.20220 -0.03707 0.13773
-0.01045 0.09013 -0.05797
0.17114 0.09404 0.09871
-0.01874 0.16963 0.08947
-0.13394 -0.07880 -0.16730
-0.35646 -0.02601 0.09277
0.34545 -0.16703 -0.11317
-0.21177 -0.12535 -0.16555
0.36899 -0.08333 -0.12732
-0.21766 -0.00753 0.12511
-0.22268 0.00970 0.12422
-0.32927 0.04112 -0.14816
0.38800 -0.00893 -0.11528
0.08813 -0.06450 0.16898
0.28480 0.01199 0.15974
0.08378 0.15438 -0.05324
-0.00999 -0.01731 0.15900
0.03078 -0.00885 -0.15789
0.40459 -0.04484 0.08404
-0.18427 -0.03709 -0.15950
-0.27238 0.16715 0.06850
-0.24138 0.16746 0.06558
0.22676 0.06847 0.11674
0.18851 0.02403 0.14126
0.39406 -0.05742 -0.09099
-0.39633 -0.07061 0.04722
-0.11175 0.17204 0.10591
0.14825 0.12345 0.00062
0.16957 0.10898 0.01911
0.00498 0.04564 0.06465
0.01294 0.02315 0.06145
-0.20548 -0.08080 0.09372
-0.20547 -0.08034 0.11246
-0.21293 -0.03679 -0.16580
0.27478 -0.12310 -0.14702
-0.01195 0.17409 0.03200
-0.01841 0.17520 0.01679
-0.04691 0.14948 -0.12582
-0.23045 -0.01789 0.09085
-0.39366 -0.06864 -0.11081
-0.08272 -0.07066 -0.16920
0.10645 0.14777 -0.00883
-0.11125 -0.00973 0.08354
-0.11485 -0.00990 0.07439
-0.34406 -0.04680 -0.14220
-0.10539 0.01437 -0.15554
-0.09281 0.00121 -0.15664
0.27536 0.00117 -0.11194
0.24443 -0.12566 -0.13873
0.26417 0.03391 -0.13386
0.01650 -0.07131 0.16920
0.03645 -0.01042 0.12849
-0.18502 -0.00657 -0.03617
-0.20458 0.05373 -0.05820
-0.20087 0.04546 -0.08099
-0.19076 0.01186 -0.04883
-0.19707 0.02967 -0.04182
-0.19669 0.03230 -0.07396
-0.07911 0.10321 0.14316
-0.16901 0.06256 -0.14843
-0.33653 0.09428 -0.09677
0.38580 0.03109 -0.02551
-0.21343 -0.04118 0.09214
-0.32665 -0.05145 0.17110
-0.41455 -0.04818 -0.11002
0.16762 -0.02429 -0.16612
0.32953 -0.13242 0.10784
0.36942 -0.08044 0.09225
0.18962 -0.04500 0.06309
0.19093 -0.03705 0.04815
-0.25484 -0.04762 0.16973
0.21068 -0.04045 -0.13167
-0.33080 -0.05868 -0.17517
-0.29007 -0.08913 0.13394
0.19557 0.08896 -0.05974
-0.17284 -0.01364 -0.02812
0.20192 -0.08982 0.10570
0.39869 -0.00831 -0.06860
-0.04132 0.14369 -0.12900
-0.09946 0.05294 -0.15179
-0.10023 0.04774 -0.15230
0.27686 -0.01547 0.09826
-0.20805 -0.03666 -0.02770
0.20175 -0.08467 -0.12555
0.20153 -0.07846 -0.12129
-0.13403 0.18052 -0.06090
-0.11539 0.18071 -0.04915
-0.27043 0.03455 -0.15026
-0.27078 0.02866 -0.00797
-0.27065 0.03089 -0.04880
-0.27095 0.02599 0.03368
-0.31702 0.08433 0.09058
-0.35158 0.11251 0.00958
-0.21393 0.19326 0.01768
-0.05049 0.11044 0.14113
0.24701 -0.06373 0.10432
0.30399 -0.06594 -0.11096
0.40712 -0.02017 -0.09910
-0.22120 -0.11318 0.10433
-0.11568 0.17308 -0.06226
-0.10912 0.17437 -0.02769
-0.13261 0.17257 -0.08727
-0.12786 0.17219 -0.09212
-0.12418 0.17313 -0.06786
-0.23936 -0.16479 0.16179
-0.09747 -0.03666 0.03584
-0.08878 -0.03666 -0.01571
0.28307 -0.08904 0.14317
0.11930 0.05051 0.10473
0.36745 -0.08380 -0.16958
-0.35092 -0.09689 -0.17476
0.20778 0.08599 0.01365
0.10315 0.14836 -0.02938
0.00380 -0.02520 -0.15912
0.15510 -0.04669 -0.16671
0.37858 -0.08457 0.10069
0.26647 0.05206 0.12181
0.28136 -0.03176 0.10428
-0.31469 -0.05080 0.08566
-0.34610 -0.04655 0.08549
-0.35494 -0.04473 0.08544
-0.33854 -0.06152 0.08554
-0.26841 -0.04597 0.08592
-0.28664 -0.05021 0.08582
0.29777 -0.15573 0.14538
0.08908 -0.00918 0.04484
0.07578 -0.06050 0.16856
-0.27830 0.13243 0.12587
0.13337 0.07891 0.14091
0.18549 0.09950 0.01154
-0.20366 0.05400 -0.02871
0.19713 0.09182 0.02435
0.17279 0.03058 -0.11550
0.17264 0.03139 -0.10385
0.06277 0.15438 -0.04830
0.06829 0.15204 -0.04391
0.40892 -0.00474 0.02684
-0.34709 -0.02550 0.08545
-0.00116 -0.03666 0.09257
0.19227 0.00146 -0.13172
0.25014 -0.03632 -0.15126
-0.31165 0.10200 -0.12077
-0.23530 0.06694 -0.08683
-0.23455 0.07244 -0.01774
-0.23514 0.06815 -0.03447
-0.23517 0.06790 -0.11835
-0.12052 0.09353 0.14440
0.13839 0.00224 -0.15359
0.12076 0.00142 -0.15538
-0.02000 0.00675 0.15735
-0.02229 0.00111 0.15776
0.22587 0.07940 -0.03368
-0.39310 0.02788 -0.05264
0.20372 0.08009 -0.04313
-0.38480 -0.01710 0.14905
-0.34094 0.05814 -0.13587
0.19176 -0.02960 0.06402
0.19219 -0.02575 0.10864
-0.27435 -0.05556 0.17074
-0.29363 0.16639 -0.03202
-0.27052 0.01241 0.16243
0.16340 0.02998 0.03118
-0.29512 -0.02934 0.13751
-0.19629 -0.04204 0.16347
-0.36820 -0.13662 -0.16063
-0.10082 -0.03666 -0.13486
0.34116 -0.08678 -0.03964
0.24466 -0.09357 -0.08526
0.27900 -0.09113 -0.08431
0.33578 -0.08713 -0.06244
0.25508 -0.09284 -0.07915
0.30787 -0.08914 -0.03756
0.36746 -0.08492 -0.02811
0.29071 -0.09032 -0.07386
0.31861 -0.08831 -0.09161
0.33767 -0.08700 -0.05714
0.32854 -0.08765 -0.05670
0.28871 -0.09045 -0.08322
0.33847 -0.08696 -0.04376
-0.26995 -0.12029 -0.13823
0.00225 0.05030 0.09751
0.01598 0.01705 0.11749
0.00469 0.04765 0.10952
-0.38015 -0.00529 -0.15022
0.29878 -0.14077 0.13311
-0.35214 0.10605 -0.09584
0.37738 -0.06576 -0.12171
0.27976 0.03331 0.13199
-0.35620 -0.16115 0.16719
-0.16560 0.17920 -0.07860
0.24655 -0.00217 -0.16462
0.34306 0.05664 0.00693
-0.28270 0.16634 0.08799
0.03938 -0.01289 0.14178
-0.33338 -0.13457 0.13204
0.25349 0.02341 0.14959
-0.01081 -0.00686 -0.15842
-0.41951 -0.04922 0.02389
0.18223 0.02041 -0.06788
0.19068 0.01894 -0.05286
-0.36051 -0.06081 -0.14858
-0.37526 -0.08885 0.15931
0.39452 -0.07475 0.00347
0.38709 0.02188 -0.04118
-0.10390 -0.03666 0.13024
-0.38309 -0.07499 -0.06870
-0.38020 -0.07714 -0.05176
-0.12690 0.17483 0.03173
-0.12656 0.17591 0.00776
-0.15333 0.17696 0.00692
-0.13994 0.17445 0.05101
-0.15563 0.17570 0.03655
-0.13591 0.17368 0.06442
-0.12519 -0.06621 -0.17162
0.12392 0.07743 0.13951
-0.31509 0.14478 -0.09049
-0.26698 0.05227 0.10387
0.34417 0.01883 0.13185
-0.23255 0.18387 -0.00972
0.23045 -0.15540 -0.17338
-0.24890 -0.03948 -0.11467
0.25334 0.06394 -0.11406
-0.35480 0.09724 0.10276
-0.22767 -0.13517 0.17043
-0.35860 -0.16157 -0.14737
0.08810 -0.01040 -0.07214
-0.28463 -0.08974 -0.11390
-0.38701 0.04460 -0.05923
-0.02023 -0.05524 -0.16652
-0.26265 -0.07487 0.12248
-0.10178 0.06589 0.14978
0.06376 0.15512 -0.02966
-0.07998 0.16546 -0.11667
0.36972 -0.07849 0.14075
0.34009 0.02354 0.12037
0.38449 -0.00709 0.09835
-0.20305 -0.03721 0.13106
-0.19068 -0.06185 0.13106
-0.17355 -0.04578 0.13106
-0.31783 0.06685 0.13943
0.07205 0.15393 0.02575
0.07836 0.15443 0.03048
-0.13562 -0.01166 0.03092
-0.30879 0.14927 0.09171
0.39236 0.01401 0.00797
0.27474 -0.18333 0.11044
-0.35711 -0.16090 -0.14222
-0.25608 -0.03554 0.14457
0.39372 -0.07495 -0.01025
-0.37543 -0.10313 -0.17219
0.07563 -0.07428 -0.03488
0.07639 -0.05104 -0.03488
0.04399 -0.07823 -0.03488
0.16976 0.10814 -0.03299
0.15473 0.11757 -0.03570
-0.01889 0.16700 0.10267
0.30060 -0.10869 0.13359
-0.35015 -0.06153 0.11200
-0.19056 0.11457 0.13714
0.35723 -0.12267 -0.10885
-0.33661 -0.00876 0.12277
0.20005 0.08970 -0.03130
-0.25515 0.15800 -0.09888
0.40833 -0.06156 -0.00297
0.16544 -0.00966 -0.01076
0.02561 0.00156 0.12272
-0.01078 -0.00029 -0.03891
-0.29735 -0.11926 -0.14491
-0.15418 -0.01295 0.09152
-0.16684 -0.01451 0.07372
-0.15560 -0.01300 0.09919
0.07410 0.13147 -0.12254
-0.25201 0.01242 0.01071
-0.25801 0.01575 -0.10089
-0.25633 0.01482 0.01463
-0.21567 -0.08780 0.17106
0.08773 -0.03101 -0.15738
-0.23156 0.08871 0.10828
0.38236 -0.07194 0.11603
-0.21597 -0.10778 0.16808
0.22075 0.07705 -0.08306
0.08468 0.15687 -0.01136
0.07918 0.15896 0.01019
-0.35785 -0.10835 0.17128
-0.08214 0.15451 0.12357
-0.37570 0.07286 0.00605
-0.35513 -0.05380 -0.13338
-0.20615 -0.06280 -0.15116
0.17756 -0.09581 0.07414
0.19632 -0.09609 0.11585
0.15790 -0.09550 -0.06825
0.17678 -0.09579 -0.02606
0.06749 -0.09411 0.10910
0.06437 -0.09406 0.04696
-0.03928 -0.09247 0.13057
0.07365 -0.09421 -0.04192
0.03674 -0.09364 0.14312
0.18765 -0.09596 0.01143
0.00123 -0.09309 0.10995
0.20022 -0.09615 0.08147
-0.01299 -0.09287 0.11574
0.12186 -0.09495 0.10864
0.17449 -0.09576 -0.07783
0.05014 -0.09384 0.06764
0.18104 -0.09586 -0.12284
-0.02982 -0.09261 0.13141
0.19920 -0.09614 0.03792
0.16058 -0.09554 -0.08282
0.13687 -0.09518 0.13605
0.09585 -0.09455 0.04994
0.00665 -0.09317 0.14626
-0.09813 -0.09156 0.09017
-0.12799 -0.09110 0.12110
0.13892 -0.09521 -0.04139
0.03946 -0.09368 0.12033
0.16269 -0.09558 -0.03700
-0.16940 -0.09047 0.15645
0.01086 -0.09324 0.03498
0.10730 -0.09472 0.09474
0.02265 -0.09342 0.11069
0.08125 -0.09432 -0.00700
0.06079 -0.09401 0.00226
0.15875 -0.09552 0.11291
0.13541 -0.09516 0.01023
0.00265 -0.09311 0.08452
0.13047 -0.09508 -0.07932
0.18360 -0.09590 -0.12892
0.10034 -0.09462 0.13688
0.04189 -0.09372 0.15590
0.16765 -0.09565 0.11749
0.11396 -0.09483 0.11748
0.12726 -0.09503 0.10209
0.13262 -0.09511 -0.10197
0.00027 -0.09308 0.07741
-0.05759 -0.09219 0.12427
-0.05206 -0.09227 0.06397
0.01811 -0.09335 0.07944
0.07325 -0.09420 0.05948
-0.06423 -0.09208 0.12648
-0.10570 -0.09145 0.10555
0.17012 -0.09569 0.13532
0.10193 -0.09464 0.02548
0.05698 -0.09395 0.15630
-0.01538 -0.09284 0.05150
0.10103 -0.09463 0.10000
0.11762 -0.09488 0.01635
0.07359 -0.09421 0.15336
0.03226 -0.09357 -0.00207
-0.14532 -0.09084 0.14182
-0.01839 -0.09279 0.12451
0.19994 -0.09615 0.05115
0.10089 -0.09463 0.07536
-0.09963 -0.09154 0.15058
-0.08933 -0.09170 0.10371
-0.07550 -0.09191 0.10002
0.13787 -0.09519 -0.06456
0.12670 -0.09502 0.12095
0.12640 -0.09502 0.08227
-0.00411 -0.09301 0.13662
0.16367 -0.09559 0.12378
0.13140 -0.09509 0.09050
0.15471 -0.09545 -0.02613
0.18141 -0.09586 0.14082
-0.02344 -0.09271 0.11774
0.17104 -0.09570 0.14933
-0.10956 -0.09139 0.15475
0.18037 -0.09585 0.15658
0.16526 -0.09562 -0.10728
0.08742 -0.09442 0.07321
0.14478 -0.09530 -0.09584
0.00947 -0.09322 0.13331
0.12443 -0.09499 0.03472
-0.00473 -0.09300 0.06503
0.12694 -0.09503 0.05356
0.06462 -0.09407 -0.04210
-0.04625 -0.09236 0.13158
-0.01025 -0.09291 0.02069
0.01895 -0.09336 0.15474
-0.02996 -0.09261 0.13676
0.15694 -0.09549 0.01354
0.14787 -0.09535 -0.06492
0.10100 -0.09463 0.12413
0.08868 -0.09444 0.11897
0.00553 -0.09316 0.07718
-0.08960 -0.09169 0.15507
0.10821 -0.09474 0.12950
0.17831 -0.09582 0.12555
0.09229 -0.09449 0.13377
0.11997 -0.09492 -0.03865
0.03908 -0.09367 0.07035
0.16468 -0.09561 0.06116
0.00319 -0.09312 0.03389
0.03755 -0.09365 0.11191
0.30739 0.05052 -0.10583
0.25455 -0.09119 0.13359
0.26409 -0.08775 -0.09173
0.20177 -0.07959 -0.09173
0.42248 -0.02411 -0.00164
0.01235 -0.05775 -0.13635
0.08575 -0.03802 -0.13635
0.09121 -0.03850 -0.13635
0.32242 -0.14398 -0.16087
0.33009 -0.08883 -0.12752
-0.41946 -0.04909 0.05660
-0.30902 0.11008 -0.10084
-0.03028 0.10395 -0.10981
-0.27059 0.02455 -0.11067
-0.26798 0.05053 0.14765
0.09345 -0.01050 0.07361
-0.00440 0.02883 -0.15580
-0.08664 -0.03602 -0.05477
-0.08655 -0.03614 -0.04212
-0.33499 -0.00761 -0.13357
-0.18277 0.00241 0.00871
-0.18748 0.01553 0.01063
0.28708 -0.01501 0.10727
0.33492 0.05846 -0.01880
-0.01355 0.01866 -0.15651
-0.35727 -0.09382 -0.10820
-0.33202 0.13115 -0.08604
0.09589 0.12567 0.12303
-0.01916 0.02334 0.09015
-0.02508 0.04548 0.09062
-0.02529 0.04628 0.04557
-0.01288 -0.00019 0.04623
-0.02565 0.04762 0.07946
-0.01070 -0.00833 0.04677
-0.01923 0.02360 0.06739
0.20755 0.06703 -0.12777
-0.04573 0.04921 -0.15292
0.04060 0.16421 -0.06584
0.01729 0.17017 -0.04455
-0.35400 0.10835 -0.03525
0.17539 -0.06824 -0.16763
0.15859 0.06567 -0.02681
-0.13045 0.15143 -0.12559
0.31574 0.02661 0.13374
0.27341 -0.06569 -0.13782
0.00752 0.12465 0.13406
-0.18950 0.16391 0.11657
-0.12060 0.18337 0.00048
-0.00686 0.09876 -0.14391
0.00625 0.08868 -0.14569
-0.37582 0.04622 -0.11856
-0.23342 0.07126 0.14483
0.38187 -0.08489 -0.01646
0.29680 -0.05384 0.17054
0.25214 -0.03870 0.16675
0.40724 -0.05651 0.03536
0.29818 -0.09084 -0.14702
0.20669 0.08547 0.03552
0.35721 -0.10744 -0.17470
0.29202 -0.02736 -0.12727
-0.21261 0.18190 -0.05581
0.09477 0.13479 -0.11212
-0.34450 -0.04437 -0.13431
-0.20829 0.06936 -0.08665
-0.20838 0.07273 -0.10722
0.25613 -0.03339 -0.14877
0.08488 0.13923 0.11498
0.24300 0.07557 -0.04747
-0.04093 -0.06654 0.16997
-0.10379 0.15415 0.12424
0.33582 -0.17455 0.14522
0.39865 -0.07366 0.04361
0.36389 -0.09684 0.16834
0.01216 0.04347 0.13237
-0.38165 0.05583 -0.08381
0.04613 0.16035 -0.08604
-0.27563 0.08735 -0.12724
-0.30078 -0.03062 0.16933
0.31228 0.06368 -0.00386
0.37503 -0.01210 -0.14441
0.07898 -0.00810 0.15682
-0.37871 0.03863 0.11968
0.31563 -0.13859 0.14045
0.40740 -0.05083 0.04664
-0.34167 0.12205 -0.06434
0.19256 -0.01570 0.04289
0.19273 -0.01047 0.06333
-0.23100 -0.00099 -0.05730
-0.22756 -0.00348 0.12903
-0.22877 -0.00261 -0.09737
-0.23077 -0.00116 -0.13863
-0.24420 0.16658 0.07384
-0.11145 0.17031 -0.11271
-0.24302 0.16876 -0.05072
0.17397 -0.00346 0.16205
0.41395 -0.01398 0.00688
0.23712 -0.05758 0.10574
-0.11792 -0.03666 -0.13453
0.27626 -0.03072 -0.14993
0.26687 0.07195 -0.02734
-0.26210 0.16791 -0.10779
0.15185 0.11672 -0.05281
0.11728 0.09454 -0.13493
-0.32448 -0.10938 0.13359
0.31524 -0.12708 -0.13745
-0.00902 -0.03055 -0.15899
0.29500 -0.02945 -0.17172
0.00746 0.13211 0.13056
-0.42041 -0.03471 0.01444
-0.06023 0.09655 -0.14447
-0.27794 0.15767 -0.11045
-0.22501 0.14059 -0.12677
0.03223 0.12842 -0.13029
-0.18296 0.13341 0.13172
0.20147 -0.07689 0.11947
0.20150 -0.07764 0.14927
-0.00223 0.07251 0.10610
0.09408 0.00499 -0.15559
-0.01803 -0.07946 -0.12838
-0.00549 -0.07984 -0.07185
-0.04816 -0.07853 -0.13879
-0.06140 -0.07812 -0.16460
-0.02866 -0.07913 -0.07732
-0.03621 -0.07890 -0.12660
-0.00822 -0.07976 -0.15640
-0.07662 -0.07765 -0.14754
-0.01156 -0.07965 -0.11100
-0.04847 -0.07852 -0.09539
-0.02235 -0.07932 -0.08739
-0.05306 -0.07838 -0.13958
-0.08447 -0.07741 -0.16476
-0.20693 0.11636 0.13589
-0.15267 0.17988 0.07183
-0.08198 0.15149 -0.12545
-0.22113 0.18422 0.02059
0.08302 0.12036 -0.12856
-0.08893 -0.03169 -0.12292
0.38670 -0.05667 0.08424
-0.24596 0.17106 -0.10374
0.29236 -0.12967 0.13359
-0.10653 0.18173 -0.03202
-0.10255 -0.00665 0.02306
-0.20652 -0.03666 0.10386
-0.31364 0.14007 0.09043
-0.28594 -0.03013 0.13851
0.07252 -0.07960 0.16723
-0.09828 -0.00689 -0.00936
-0.00719 0.09823 -0.05859
0.01349 0.17242 -0.00009
-0.31979 -0.03115 -0.11628
-0.09384 -0.00684 0.01279
-0.00310 0.16707 -0.09605
0.09662 -0.03929 -0.06009
0.09560 -0.04379 -0.05412
0.09024 -0.06766 -0.13596
0.09438 -0.04923 -0.08490
0.09528 -0.04523 -0.11190
0.40759 -0.01546 -0.07121
-0.00516 0.16746 -0.00931
-0.03796 0.16918 -0.04775
-0.03522 0.16715 -0.09010
-0.02345 0.16825 -0.03484
-0.03429 0.16824 -0.06151
-0.04019 0.17011 -0.03071
0.39821 -0.07580 -0.04111
-0.17221 0.07312 -0.14670
0.29960 -0.01501 0.10682
0.16830 0.02033 0.14726
-0.12833 0.05487 -0.15074
0.03021 0.02500 -0.15542
0.06204 0.00556 -0.15623
-0.28213 0.00602 -0.16235
-0.41995 -0.03149 0.03537
-0.20908 -0.05087 -0.14758
0.18659 -0.00638 -0.03539
-0.11614 -0.09089 -0.16452
-0.22614 0.12094 -0.13346
-0.25978 0.07633 -0.01227
-0.25852 0.07972 0.06388
-0.26098 0.07309 0.03081
-0.07100 0.07386 -0.14899
-0.19194 0.04479 -0.12459
0.29524 -0.02707 0.14163
0.21172 -0.13028 -0.12187
-0.27238 -0.12874 -0.13745
0.12523 -0.05888 -0.16731
0.04175 0.04978 -0.15209
-0.00069 0.04912 -0.15351
0.36431 0.00734 0.13353
-0.25817 -0.07942 0.14221
-0.19364 0.12042 -0.13530
0.02978 -0.06991 -0.16924
0.28342 -0.02978 0.13902
0.16364 -0.08502 -0.15730
0.15814 -0.08484 -0.10639
0.16637 -0.08511 -0.10134
0.17229 -0.08530 -0.06282
0.14952 -0.08455 -0.11904
0.13273 0.08324 0.08308
-0.40800 -0.05896 -0.06784
0.12948 -0.09247 -0.16400
0.17126 0.07488 -0.06896
0.17364 0.07501 -0.06111
0.16877 0.07521 -0.08996
-0.01454 0.07137 0.14990
-0.03890 0.17564 -0.04851
-0.01235 0.17200 -0.06383
-0.13774 0.18152 0.05062
-0.12512 0.18225 0.03572
-0.35671 -0.12007 0.10427
0.36021 -0.13995 -0.11213
-0.25036 0.17611 0.07248
-0.36770 -0.04379 -0.12797
-0.22945 0.07813 -0.14369
0.05797 0.15244 0.11259
0.17552 0.02041 -0.03525
0.08790 -0.05302 0.16360
-0.36739 -0.04310 0.11011
-0.40983 -0.06207 -0.04506
0.32970 0.03303 -0.10592
-0.32354 -0.04785 -0.17464
-0.04719 -0.04330 -0.15904
-0.17527 -0.07132 -0.16755
-0.29138 0.08616 -0.09352
-0.00028 0.15388 -0.11908
0.17187 0.05280 0.14053
0.37800 -0.08454 -0.10220
-0.29315 0.15832 0.09656
-0.39911 -0.06871 -0.07040
0.18036 -0.07685 -0.08232
0.34716 -0.06173 0.10787
0.14392 0.05455 0.14380
0.39064 0.01714 -0.00605
-0.26448 0.16645 -0.07503
-0.23851 0.01568 -0.16281
-0.35009 0.10284 0.10448
-0.28797 -0.07027 -0.11060
-0.17400 -0.08360 0.16557
-0.09024 0.08074 0.14780
0.15820 0.06003 0.09666
0.16481 0.05300 0.07984
0.28559 0.05553 0.11191
-0.10601 -0.05106 -0.16169
-0.28690 -0.06379 0.11908
0.03319 -0.04317 -0.15885
-0.32406 -0.08730 -0.14702
0.29531 0.02562 -0.14425
-0.03912 -0.06884 -0.16964
0.28169 -0.17744 0.17095
-0.20626 0.06354 0.09811
0.32607 0.05762 0.06609
0.13639 0.07985 0.09149
-0.41800 -0.03079 0.09833
-0.31403 0.14404 0.09470
-0.01767 0.01774 -0.10755
-0.00480 -0.03042 -0.09716
-0.00787 -0.01895 -0.07535
-0.01043 -0.00936 -0.07811
-0.01392 0.00371 -0.10615
-0.00592 -0.02625 -0.12195
-0.28103 -0.15655 -0.16899
0.03407 -0.01533 -0.10649
-0.25523 0.18055 -0.00444
-0.38633 0.04807 0.04292
0.29582 -0.13632 -0.14702
-0.01494 0.02044 0.03597
-0.19702 -0.05113 0.08706
-0.19687 -0.05156 -0.08148
-0.19615 -0.05355 0.07885
-0.19879 -0.04624 -0.03441
-0.19934 -0.04473 -0.01589
-0.02390 0.06609 0.13559
-0.16585 -0.04892 0.15942
0.36332 -0.04344 0.13762
-0.31037 -0.06055 0.10532
0.11335 0.13159 0.08853
-0.40730 -0.01596 0.03269
-0.01479 0.17089 -0.07640
0.41408 -0.04373 0.02321
-0.23600 0.05674 0.00923
-0.23554 0.05505 0.09595
-0.23229 0.04288 -0.11988
-0.23449 0.05112 -0.06664
-0.21659 -0.01591 -0.08039
-0.22491 0.01522 -0.09735
-0.23331 0.04667 0.00664
-0.23552 0.05494 0.06096
-0.22128 0.00165 -0.08594
-0.21879 -0.00768 -0.06742
-0.22264 0.00672 -0.04477
-0.21522 -0.02104 -0.09963
-0.22739 0.02452 -0.10467
-0.23117 0.03869 0.03414
-0.22500 0.01555 -0.11855
-0.21995 -0.00333 -0.07297
-0.21126 -0.03589 -0.12102
-0.22491 0.01524 -0.01926
0.40305 0.01025 -0.00314
-0.36331 0.07718 0.11138
-0.26742 -0.03204 -0.13305
0.18894 0.07540 0.12217
0.16681 -0.07596 -0.03022
0.31634 0.05512 -0.09225
0.19183 0.07904 -0.02006
0.20405 0.08066 -0.01445
0.28642 -0.08756 -0.11063
0.23483 -0.16810 -0.10887
0.37973 -0.00669 -0.12543
0.25408 0.07369 0.04443
0.04612 0.15418 0.11371
-0.28000 0.00349 0.10384
-0.27926 0.00340 0.09814
-0.27908 0.14140 0.12004
-0.00637 0.09693 -0.06704
-0.16423 0.06801 -0.14773
-0.05966 0.15950 0.11984
0.28586 -0.14350 -0.14760
0.33176 0.02572 0.12084
-0.31313 -0.03528 -0.11124
-0.23599 0.16356 0.09725
-0.01086 0.11850 0.06997
-0.35774 -0.10832 0.10427
-0.10108 -0.00442 0.15691
-0.13243 -0.02102 0.15748
-0.01686 0.08321 -0.14771
0.16921 -0.03677 -0.16656
-0.35860 0.03038 -0.14402
0.15919 0.06012 0.10913
0.38548 -0.08487 0.02138
-0.22570 0.03079 0.15442
0.35272 -0.01946 0.15409
0.21296 -0.00573 0.16582
0.28047 0.06799 -0.05750
-0.34193 -0.04239 -0.14725
-0.31546 -0.04590 -0.10843
-0.22998 0.07537 -0.04385
-0.21353 0.07537 -0.10635
-0.23189 0.07537 -0.11899
-0.22915 0.07537 -0.07175
-0.23388 0.07537 -0.10043
0.32526 -0.10045 0.14009
0.25566 0.03051 0.13950
-0.21721 0.08525 -0.05690
-0.24332 0.17097 0.00648
-0.23688 0.17103 0.00431
-0.27878 0.17091 0.00840
0.28976 -0.16406 -0.10966
0.08919 0.15511 -0.01005
-0.05549 0.15149 0.12477
-0.23044 0.05242 -0.13201
-0.20537 -0.07732 -0.14018
0.05840 0.16425 -0.00482
0.06612 0.16261 -0.01374
-0.35557 0.10561 0.04009
-0.38803 0.04541 0.00521
0.34430 -0.06464 -0.10933
-0.23978 0.18057 0.04635
-0.33996 0.07459 0.13110
0.17246 0.10114 -0.07126
0.38036 -0.05139 -0.13676
-0.14664 0.18063 -0.06458
-0.37493 0.07295 0.04180
0.20708 0.08433 0.04280
0.05209 0.16464 -0.03353
0.09198 -0.08276 -0.12134
0.07621 -0.08229 -0.10547
0.05562 -0.08169 -0.13765
0.06065 -0.08183 -0.09971
0.02125 -0.08065 -0.03726
0.03976 -0.08120 -0.08213
0.06876 -0.08207 -0.11600
0.10622 -0.08319 -0.15135
0.08130 -0.08245 -0.15316
0.26112 -0.09646 -0.13745
-0.35110 0.11252 -0.03195
0.31321 -0.07024 -0.12084
-0.13024 0.12021 -0.13758
-0.10276 0.11417 -0.14002
0.34167 -0.01642 -0.11236
-0.22892 0.08364 0.07191
-0.08322 -0.02460 0.07007
-0.08389 -0.02718 0.05605
0.36580 0.01028 0.11826
-0.24663 -0.06322 0.10435
-0.19660 0.05230 -0.13470
0.03207 -0.01517 0.11419
0.04728 -0.01421 0.10367
-0.01650 0.01923 0.13124
-0.01052 -0.00201 0.13188
0.05168 0.15494 0.10564
0.02646 0.16037 0.07849
0.02149 0.16017 0.11145
0.04476 0.15736 0.07002
0.30437 -0.08399 0.10359
-0.23144 -0.08834 -0.07696
-0.33521 -0.08099 -0.05971
-0.36705 -0.07925 -0.01996
-0.35022 -0.07991 -0.05831
-0.33951 -0.08108 -0.03259
-0.30828 -0.08316 -0.04683
-0.31813 -0.08229 -0.05656
-0.36935 -0.07824 -0.07651
-0.36650 -0.07863 -0.06431
-0.37279 -0.07847 -0.04418
-0.31463 -0.08220 -0.08004
-0.34328 -0.08002 -0.08522
-0.28699 -0.08422 -0.07999
-0.00324 -0.05194 0.16437
0.06928 0.14904 -0.08065
0.06253 0.15571 0.01904
-0.41784 -0.05247 -0.06151
0.27207 0.06506 0.09797
-0.07759 0.17560 -0.07736
-0.06492 0.17414 -0.08319
-0.09918 0.02488 -0.15477
-0.15992 0.00718 -0.15546
-0.16269 0.02269 -0.15390
0.04646 0.11871 -0.13336
-0.40474 -0.06131 -0.05843
-0.34008 0.12430 -0.05997
-0.28650 -0.07103 -0.10457
0.22244 -0.06431 -0.11440
0.38408 -0.04997 -0.13297
-0.33244 0.12532 -0.10128
0.17818 0.00012 0.03330
-0.01281 -0.04134 0.15932
0.12681 0.06453 -0.14326
-0.39458 -0.03001 0.14778
0.26360 -0.09094 -0.14702
-0.15782 0.18434 0.02084
0.32153 -0.07662 0.15565
-0.18237 0.00032 0.11911
0.20279 -0.06499 0.12431
-0.06404 0.14333 0.12947
0.30949 -0.03037 0.13562
-0.41217 -0.06361 -0.02705
0.28782 -0.02920 -0.16991
0.31790 0.02635 -0.13307
0.38743 0.02782 0.01889
-0.23952 -0.04806 -0.13262
0.35566 -0.03080 -0.10689
0.22480 0.07778 0.06850
-0.27257 0.14715 -0.09114
0.32699 -0.17560 -0.16291
0.12316 -0.02448 -0.04592
0.09860 0.14609 0.06696
0.23854 -0.01112 0.14767
0.23255 -0.01532 0.16392
-0.28351 0.09619 0.13597
0.13820 0.03741 0.14749
-0.23746 0.08928 -0.07692
0.15509 0.11013 0.07668
-0.30769 -0.03099 0.10931
-0.17131 0.00970 0.13740
-0.19382 -0.01504 0.13740
-0.14700 -0.02606 0.13740
-0.11323 -0.02942 0.13740
-0.18352 0.01125 0.13740
-0.16548 -0.01629 0.13740
-0.12747 -0.03355 0.13740
-0.15788 -0.00929 0.13740
-0.13611 -0.01524 0.13740
-0.18893 -0.06862 -0.07308
-0.27009 0.04002 0.13132
-0.26913 0.04392 -0.10140
-0.27000 0.04040 0.01680
0.31732 -0.00303 0.12017
0.35865 -0.14354 0.16517
-0.22576 0.16730 0.06706
0.12202 -0.01258 -0.06002
-0.19963 -0.09002 0.12577
-0.19225 -0.09012 0.02740
-0.19209 -0.09012 0.14874
-0.19299 -0.09011 0.00771
-0.19534 -0.09008 0.06836
-0.27943 -0.02825 -0.12201
-0.04650 -0.05276 0.16420
-0.26093 -0.05398 0.17127
0.00914 0.04821 -0.03162
-0.27873 0.07162 -0.14254
-0.08580 0.03295 -0.15412
-0.30483 -0.06128 0.10129
0.17341 -0.08255 0.16521
0.13086 0.06685 0.14214
-0.24561 -0.06923 -0.17514
0.24333 -0.15069 -0.10824
0.36342 -0.08838 -0.17123
-0.27024 -0.15076 -0.13584
-0.40969 -0.01821 -0.06657
0.27627 -0.03830 -0.10956
-0.21074 0.06851 0.13444
-0.22800 -0.05967 -0.14871
0.20014 -0.08359 0.16513
0.07146 0.15902 -0.05352
-0.39369 -0.04019 -0.14769
-0.25891 0.08403 0.08772
-0.36121 0.08411 0.06627
-0.29997 0.08408 0.07383
-0.23170 0.08434 -0.08352
0.37112 0.02984 0.05801
0.07332 0.15068 -0.06783
-0.24685 0.11950 0.13250
-0.40892 -0.04287 0.14194
-0.02643 -0.05808 -0.16807
0.21918 0.07644 0.09124
-0.18690 0.16326 -0.11706
-0.04006 0.09936 0.14393
-0.02695 -0.06521 -0.17127
-0.05771 0.11264 -0.14049
0.33961 -0.01498 0.14872
0.12904 0.11783 0.10178
0.06151 0.16258 0.03836
0.05698 0.16212 0.05259
-0.18731 -0.07012 0.13633
-0.37602 -0.09460 -0.16297
0.42009 -0.01823 0.01978
-0.12758 0.10107 0.14267
0.09892 0.08035 -0.14194
-0.00222 0.07430 -0.12596
0.24661 0.02845 -0.14371
0.12449 -0.01991 0.05177
-0.19900 0.17183 0.11141
-0.33252 -0.05131 -0.08557
-0.26911 -0.03835 -0.08591
-0.32593 -0.05576 -0.08561
-0.35694 -0.04446 -0.08542
0.00220 0.06046 0.13546
0.03809 -0.01017 0.03950
-0.05599 0.17249 0.09121
0.39591 -0.06993 -0.02607
-0.39909 -0.06825 0.08047
-0.23683 -0.08235 0.17129
0.22784 -0.08467 -0.17506
-0.36475 -0.12048 0.10549
0.09356 0.15240 0.03048
-0.25673 0.07388 0.14299
0.03840 0.07207 0.14827
-0.15698 -0.01113 0.11729
0.38583 0.02341 -0.01716
-0.27886 -0.01437 0.10527
-0.27648 -0.10149 -0.13850
0.30778 -0.19036 0.14794
-0.00992 0.08509 0.10778
0.40545 -0.02417 -0.10853
0.13634 0.10003 0.12780
-0.00627 0.02642 0.15603
-0.17436 -0.02059 -0.15710
0.35065 0.05259 0.04029
0.32806 -0.13480 -0.16008
-0.31280 0.15216 -0.05378
-0.41165 -0.02605 0.13422
-0.04850 0.08514 -0.14677
-0.26137 -0.17873 0.10690
0.19150 0.01443 -0.14408
0.33370 0.03962 -0.09791
0.02314 -0.03666 -0.03117
0.09511 -0.00918 -0.12343
-0.02693 0.15457 -0.12118
-0.40900 -0.01677 0.00393
0.37237 -0.08488 0.03398
0.37300 -0.08483 0.05564
-0.40396 -0.00692 0.01121
0.02546 -0.01010 -0.11812
-0.21979 -0.13781 -0.16617
0.37199 -0.11120 0.11816
-0.13965 0.15785 0.12160
-0.07732 0.03061 0.15448
-0.26572 0.05689 0.11615
-0.26473 0.06049 0.02707
-0.26586 0.05638 0.00806
-0.26633 0.05466 -0.09224
-0.18635 0.01061 -0.13542
0.11903 -0.03666 0.10300
-0.29475 -0.14231 0.13872
-0.33226 0.13639 0.01022
0.24724 -0.08743 0.12765
-0.27553 0.08413 0.05877
-0.30580 0.08415 0.05016
0.11775 0.13522 0.06903
0.16864 0.10442 0.06479
0.16057 0.11090 0.05504
-0.41546 -0.06277 0.01984
-0.15036 -0.02600 0.15729
-0.35380 -0.01130 0.15643
-0.08485 -0.01594 -0.07285
-0.34163 0.08420 -0.03211
-0.30487 0.08420 -0.02994
-0.29400 0.08423 -0.01499
-0.27714 0.08420 -0.03193
-0.37917 0.06045 0.08690
0.13551 -0.08891 0.16470
-0.21829 0.08497 0.09291
0.02861 0.16138 -0.10044
0.24956 0.07413 -0.05206
0.27113 -0.09938 0.14317
-0.26863 -0.18954 0.10965
0.16371 0.07414 -0.11193
-0.21327 -0.08976 -0.13594
0.21521 -0.10308 0.10597
-0.39118 0.03236 0.06273
0.15160 0.11636 0.05611
-0.19020 0.14433 0.12718
-0.19782 -0.06659 -0.08508
-0.20385 -0.04186 0.04328
-0.20222 -0.04855 0.05570
-0.20374 -0.04233 0.02161
-0.20379 -0.04210 0.00229
-0.19827 -0.06476 -0.10744
-0.20428 -0.04011 0.03657
-0.20054 -0.05546 -0.07501
-0.20265 -0.04678 -0.07071
-0.20267 -0.04671 -0.13050
0.30934 -0.12616 0.14317
0.11866 0.14083 -0.01956
-0.27021 0.00307 -0.16338
0.00204 -0.03666 -0.08885
-0.16032 -0.06062 0.16789
-0.10332 -0.03666 0.11807
-0.08832 -0.03666 0.08196
-0.22863 -0.06996 -0.17253
0.11798 -0.01587 0.15680
-0.40338 -0.00208 0.02707
-0.27871 -0.19124 -0.13961
0.08376 0.05653 0.14964
0.01634 0.05959 0.15131
-0.39692 0.01510 0.06972
-0.01618 0.07479 -0.04361
-0.24188 0.00681 -0.07527
-0.24258 0.00720 -0.01699
-0.24519 0.00864 -0.13383
-0.24376 0.00786 0.06451
-0.37525 0.06823 -0.08564
0.27932 -0.10357 0.13359
0.36808 -0.08530 -0.11149
