0.03694 0.12087 0.00143
0.19063 -0.10563 0.15527
-0.22430 -0.03807 0.17783
0.28543 0.01149 0.16610
-0.38021 -0.03985 -0.15489
-0.23519 0.00646 -0.11490
0.04244 0.02585 -0.16421
0.11437 0.01290 -0.16702
0.08253 0.02461 -0.16449
0.00004 0.03070 -0.16316
0.36958 -0.06281 -0.09407
0.41527 -0.06288 0.06539
0.41605 -0.05944 0.04728
0.40875 -0.09169 0.07454
0.29829 0.00210 -0.14253
0.19765 0.05066 0.03851
0.21025 0.04793 0.04379
-0.18934 -0.05109 0.17750
-0.33352 0.06548 -0.04527
-0.34707 -0.10114 -0.15440
0.40837 -0.05246 -0.11303
-0.40528 -0.08128 -0.05616
-0.40179 -0.07982 -0.06531
-0.41108 -0.08365 -0.03934
0.22495 -0.07347 0.16290
-0.01144 0.13046 -0.05639
0.40638 -0.02402 -0.03864
0.42280 -0.01394 0.00251
-0.37359 0.04066 -0.09421
-0.26967 -0.00702 0.15234
-0.41029 -0.05202 0.10734
-0.25439 -0.07164 -0.18227
0.37794 -0.00074 -0.03448
-0.40269 -0.01886 0.07764
-0.41158 0.02433 -0.05812
0.39589 -0.04149 -0.00128
0.39203 -0.04318 -0.03556
-0.17578 -0.00719 -0.18331
-0.14632 -0.09345 0.16346
-0.28241 0.01096 -0.17960
-0.18792 -0.08122 -0.15618
-0.18638 -0.00002 -0.16312
-0.18431 -0.00139 -0.13697
0.39526 -0.03651 0.09215
0.29451 0.02557 0.10267
-0.41195 0.00275 -0.04816
0.33173 -0.05084 0.09996
0.31704 -0.06274 0.10016
0.30699 -0.06587 0.10031
-0.06146 0.12976 0.07354
0.19649 -0.04331 -0.16741
0.33833 0.01855 0.03007
0.29697 0.02924 0.05415
0.34221 0.01690 0.04168
0.22335 0.03087 0.13641
0.18301 0.03050 0.14350
0.17020 0.03364 0.14119
-0.39608 0.04866 0.04822
-0.22398 -0.08664 0.15201
-0.29351 -0.01508 -0.17083
0.40087 -0.03698 0.05524
-0.39065 0.04002 -0.10622
-0.37078 -0.07879 -0.08421
-0.38496 -0.07441 -0.02662
0.40685 -0.02121 0.00683
-0.31244 -0.08079 0.17444
0.35634 -0.00867 0.12484
-0.37442 0.07648 -0.05863
-0.15114 0.11943 -0.05391
0.32073 -0.08279 0.16646
-0.21014 -0.06943 -0.15427
0.15578 -0.06471 -0.10913
0.15672 -0.06209 -0.13840
0.38298 0.00142 -0.00769
-0.16900 -0.05244 -0.14659
0.32268 0.02926 0.12333
0.36935 -0.09199 -0.07670
0.40180 -0.00365 -0.00521
-0.18479 0.06971 0.12450
-0.17974 0.07523 0.12255
-0.19888 0.05923 0.12783
-0.17284 0.07536 0.12307
-0.17317 0.06666 0.12677
-0.31074 -0.06651 0.17689
0.27086 0.03719 0.01503
0.22810 0.04449 0.04148
0.26720 0.03770 0.01974
0.24779 0.04214 0.00766
0.33158 0.02473 -0.11016
0.09384 0.08740 -0.04928
0.04603 0.11489 -0.02270
0.32193 0.01042 -0.12498
0.19940 0.03628 -0.13273
0.20211 0.03950 -0.12776
0.32313 0.01074 -0.11108
0.37601 -0.04015 0.09339
0.36863 -0.06330 0.09200
-0.41489 -0.07183 0.07090
0.23884 -0.08345 -0.13855
0.30507 -0.01063 0.16738
-0.00430 0.09947 -0.12190
0.00565 0.09782 -0.12301
-0.01921 0.08951 -0.12498
-0.03726 0.10866 -0.11682
0.06360 0.06279 0.15803
-0.36244 -0.08198 -0.12683
-0.35661 -0.08390 -0.13115
0.39081 -0.01690 0.08917
-0.09044 0.12512 -0.09112
0.22440 -0.02227 -0.16286
0.28854 -0.08727 -0.15425
-0.20841 0.10026 0.08249
-0.20985 0.10104 0.07347
-0.35112 -0.08126 -0.02038
-0.24957 0.08864 -0.07420
-0.20030 0.10297 -0.08278
0.30744 -0.06001 0.10551
-0.22259 0.10057 0.02566
-0.19743 0.10875 0.00652
-0.27691 -0.08471 -0.05869
-0.27986 -0.08476 -0.01151
-0.27091 -0.08462 -0.03434
-0.30100 -0.08510 -0.07814
-0.29478 -0.08500 -0.08192
-0.26189 -0.08448 -0.03755
-0.26267 -0.08449 -0.02689
-0.30209 -0.08512 -0.04497
-0.27808 -0.08473 -0.03032
-0.14104 0.00970 -0.16822
-0.12001 0.12256 -0.07706
-0.16469 0.02027 -0.15797
-0.39168 0.07921 -0.07795
0.18073 -0.04860 -0.14131
-0.42210 0.05407 -0.06128
-0.18998 -0.05062 0.10108
-0.22754 -0.02945 0.10108
-0.17823 -0.05077 0.10108
-0.17104 -0.04583 0.10108
-0.20140 -0.02862 0.10108
-0.21700 -0.06153 0.10108
-0.22746 -0.04485 0.10108
0.38188 -0.04092 0.13045
-0.22451 -0.07308 0.17590
0.41335 -0.03942 0.09438
0.36048 -0.03595 -0.09711
-0.35624 0.03360 0.12534
0.04177 0.01015 0.16792
-0.08453 0.02213 0.16520
-0.02230 0.01740 0.16622
0.09067 0.01068 0.16759
-0.11165 0.02420 0.16474
-0.11252 0.01306 0.16772
-0.18005 0.10999 0.07703
0.13376 0.04668 0.12697
0.03122 0.11755 0.07660
-0.40569 0.05379 0.07357
0.15074 -0.02375 -0.15339
-0.41390 -0.06582 -0.07102
-0.42161 0.05380 0.02972
0.16109 0.01732 0.15094
0.23754 -0.07013 -0.13343
-0.29581 0.00351 0.17808
0.23469 0.00559 0.13109
-0.19656 -0.11795 0.10996
0.13536 0.06325 -0.05394
0.12954 0.06712 -0.04738
0.13332 0.06569 -0.03819
0.31196 0.02762 -0.12029
0.19735 -0.08443 -0.13863
-0.41145 0.05096 -0.00444
0.38668 -0.06454 0.11993
0.39154 -0.06900 0.11093
0.38460 -0.07506 0.12519
0.35598 -0.00835 -0.12675
0.20235 -0.12645 0.12490
0.15060 0.04326 -0.12552
0.18544 -0.03093 0.10100
0.19583 -0.00916 0.10099
0.27481 0.02843 0.10939
0.28140 0.02301 0.11696
0.10951 0.05407 0.13984
0.22751 -0.05126 -0.16252
-0.21561 -0.07553 0.17662
0.16985 -0.06820 -0.14764
-0.29587 0.02952 -0.16578
-0.25030 0.09204 0.00005
-0.23166 0.09787 0.01157
0.15715 -0.07194 0.15925
-0.26476 -0.07882 0.10108
-0.24310 -0.02851 0.10108
-0.26409 -0.07055 0.10108
-0.26418 -0.00239 0.10108
-0.27957 -0.07437 0.10108
-0.24115 -0.05452 0.10108
-0.27649 0.01092 0.10108
-0.29662 -0.07168 0.10108
-0.24240 -0.07467 0.10108
0.07016 0.09054 0.10428
0.23576 -0.09284 0.13982
0.17442 0.04434 -0.12524
-0.37827 0.03921 0.08251
-0.39226 0.03226 0.08422
-0.24849 0.01541 -0.15362
-0.09085 0.10019 -0.11825
-0.10944 0.08258 -0.12496
-0.11296 0.09693 -0.11860
-0.36582 -0.08890 -0.02457
0.28943 -0.05046 0.10057
0.30665 -0.03693 0.10027
0.30404 -0.02661 0.10026
0.28191 -0.04294 0.10064
0.28796 -0.03807 0.10053
0.31433 -0.01955 0.10009
-0.37183 0.07426 -0.09112
-0.42130 0.01336 0.02049
-0.41021 0.02086 0.01318
-0.20271 0.10658 -0.02893
-0.22128 0.10078 -0.02271
0.37972 -0.00117 -0.05878
0.35227 0.00869 0.10922
-0.24256 -0.13194 0.11893
-0.19929 0.09941 0.10608
0.37981 -0.07733 0.05726
0.00402 -0.06316 0.16556
0.18649 0.04717 -0.08914
0.10849 0.04074 -0.15246
0.32577 0.01635 -0.15260
0.15965 0.04489 0.09572
0.38188 -0.06186 -0.03741
-0.13501 0.11871 0.08905
0.19928 -0.00348 -0.14425
0.23734 0.03499 0.10492
0.25277 -0.03481 0.13762
0.29506 -0.02100 0.15008
-0.23931 -0.13138 -0.16348
-0.12320 -0.08799 0.00799
0.03584 -0.08818 0.04439
-0.03035 -0.08853 0.11092
0.15291 -0.08795 0.00187
-0.03553 -0.08827 0.06153
-0.10210 -0.08818 0.04466
0.08401 -0.08825 0.05873
-0.07532 -0.08828 0.06426
-0.02260 -0.08847 0.09992
0.08923 -0.08818 0.04542
0.09663 -0.08817 0.04331
0.01053 -0.08857 0.11900
-0.00722 -0.08852 0.10852
0.01017 -0.08806 0.02092
-0.05963 -0.08832 0.07166
-0.00554 -0.08829 0.06519
-0.09899 -0.08800 0.00993
0.12636 -0.08802 0.01498
-0.01058 -0.08796 0.00237
0.07813 -0.08832 0.07180
-0.00684 -0.08806 0.02224
-0.02027 -0.08808 0.02571
0.03885 -0.08799 0.00796
0.13417 -0.08803 0.01595
0.04145 -0.08808 0.02647
0.01798 -0.08868 0.13982
0.12952 -0.08809 0.02733
0.03196 -0.08838 0.08159
0.00625 -0.08812 0.03280
-0.08774 -0.08827 0.06101
-0.09024 -0.08796 0.00355
-0.10178 -0.08806 0.02266
-0.00253 -0.08836 0.07859
-0.03783 -0.08812 0.03401
-0.03251 -0.08823 0.05418
-0.08631 -0.08818 0.04429
0.14426 -0.08800 0.00963
-0.00886 -0.08823 0.05323
-0.40535 -0.01886 -0.03994
-0.27046 -0.00302 0.18350
0.27497 -0.05120 -0.16602
-0.35832 0.05497 0.02604
-0.41999 -0.01962 -0.13397
0.14979 -0.03585 -0.16787
0.17313 0.00702 -0.16895
-0.17979 -0.00556 -0.15082
-0.18146 -0.00375 -0.12818
0.10412 -0.09675 -0.16248
0.27122 0.00351 0.16515
-0.33497 0.04525 0.11360
0.39756 -0.08616 -0.12200
-0.30580 -0.04150 -0.16974
-0.21577 -0.09586 0.15201
0.15807 -0.03159 -0.16914
0.26166 0.02843 -0.15559
-0.42432 -0.08360 -0.11225
-0.41250 0.02437 0.05074
-0.10726 0.06589 -0.13286
0.24651 -0.08529 -0.14131
-0.25857 0.08601 0.07207
-0.23936 -0.02115 0.15469
-0.33702 -0.09835 -0.14472
-0.31993 -0.08603 -0.15251
0.40082 -0.03083 -0.08528
-0.29368 0.07001 -0.09153
0.05567 0.06584 0.18286
0.04543 0.07067 -0.13539
-0.35527 -0.03557 -0.16442
0.25445 -0.08706 0.13982
0.39992 -0.01112 0.06938
0.08859 0.07315 -0.12315
0.09820 -0.06842 0.16387
0.05032 -0.06379 0.16498
-0.30223 -0.03179 0.13646
-0.35796 -0.08877 -0.15867
0.40983 -0.04003 0.02405
0.26712 0.00865 -0.15251
0.13277 -0.05616 0.16065
-0.37127 0.07727 -0.11067
-0.43080 -0.08104 0.07459
0.30748 -0.10061 0.14770
0.41031 -0.06194 -0.09222
-0.22419 -0.08387 -0.06053
-0.21376 -0.08371 -0.08623
-0.25455 -0.08436 -0.07805
-0.22976 -0.08396 -0.03782
-0.21988 -0.08380 -0.04824
-0.21899 -0.08379 -0.03423
-0.25606 -0.08438 -0.05865
-0.24641 -0.08423 -0.06286
-0.22586 0.00029 0.17590
-0.33587 0.06590 0.01257
0.39864 -0.02138 -0.08409
-0.03828 0.13149 -0.05894
0.26299 0.01017 0.15527
-0.41035 -0.06478 -0.12569
-0.35194 -0.05788 -0.12614
-0.32615 -0.09080 0.16860
-0.41195 0.08110 -0.00645
-0.39151 0.08092 -0.03131
-0.28133 -0.01820 0.16642
-0.26384 -0.05063 0.17626
0.29444 0.01769 0.16029
-0.38181 -0.05639 -0.04488
-0.38414 -0.05220 -0.03674
-0.38903 -0.03623 -0.07227
-0.37943 -0.05862 -0.06852
-0.39525 -0.02406 -0.05742
-0.30746 -0.04223 0.14248
-0.35909 0.07312 -0.12765
0.28913 -0.00910 0.11767
0.15694 -0.08714 0.16517
0.37760 -0.06215 -0.15322
0.34867 0.00871 -0.07607
0.31511 0.01854 -0.09204
0.32579 0.01281 -0.07570
0.21318 -0.12365 -0.09599
-0.41437 0.04166 -0.07019
0.37145 -0.06558 -0.10575
0.31930 0.02672 -0.11553
-0.15682 -0.08551 0.15600
-0.21815 0.09309 -0.09833
0.16601 -0.02238 -0.13068
-0.23309 0.01706 -0.15107
-0.40013 -0.01041 0.07585
-0.38101 -0.05423 0.07410
-0.38698 -0.04558 0.03769
-0.38233 -0.05257 0.06422
-0.39081 -0.03274 0.06785
-0.11982 0.04014 -0.15408
0.15249 0.04511 -0.14284
-0.15583 -0.05994 0.10229
-0.30663 -0.05121 -0.15479
0.21679 -0.04865 -0.13498
-0.36604 -0.07121 0.02243
-0.36695 -0.07121 0.03480
-0.35879 -0.07121 0.05536
0.42592 -0.04509 0.07801
0.22911 -0.06457 -0.00792
0.26696 -0.06408 -0.07635
0.25875 -0.06419 -0.05692
0.26759 -0.06407 -0.01451
0.24976 -0.06430 -0.01923
0.27373 -0.06399 -0.06319
0.08235 0.03289 0.16085
0.08888 0.03269 0.16103
0.17389 -0.09524 -0.16977
0.24165 0.03406 -0.10335
-0.19018 -0.11674 0.11260
-0.26775 0.08427 -0.05580
-0.27239 0.08400 -0.02992
-0.24879 -0.05764 0.11003
0.19753 -0.00048 -0.09599
0.25809 0.03236 -0.11345
0.38997 -0.08508 -0.12009
0.40149 -0.01633 0.09462
-0.28124 -0.04655 0.15469
-0.28417 0.07398 0.08837
-0.11607 -0.06421 -0.17149
-0.36933 0.05231 0.04562
-0.39951 -0.01325 0.06573
-0.40927 -0.00658 0.00459
-0.40835 -0.00481 0.02187
-0.40143 -0.01915 0.01922
-0.40359 -0.00543 0.06429
-0.41108 0.07637 -0.06944
-0.29405 0.07495 -0.05482
-0.15691 -0.09021 -0.15287
0.38586 -0.11160 0.13449
-0.32867 0.02047 -0.15955
-0.42081 0.01721 -0.00376
-0.23777 -0.00555 0.15469
-0.42320 0.04880 -0.03123
-0.43006 -0.02415 0.02516
0.04706 -0.08795 -0.00151
0.03988 -0.08815 -0.03958
0.08467 -0.08835 -0.07594
0.04389 -0.08844 -0.09371
-0.04109 -0.08851 -0.10661
-0.11863 -0.08795 -0.00074
-0.10400 -0.08801 -0.01193
0.01272 -0.08868 -0.14021
-0.07138 -0.08836 -0.07916
0.03584 -0.08811 -0.03116
0.08928 -0.08812 -0.03418
-0.09224 -0.08807 -0.02441
0.04539 -0.08847 -0.09993
-0.08154 -0.08800 -0.01089
-0.05227 -0.08796 -0.00227
-0.07213 -0.08825 -0.05758
-0.00771 -0.08828 -0.06360
0.02963 -0.08835 -0.07647
-0.13225 -0.08800 -0.00971
0.11895 -0.08804 -0.01730
0.13441 -0.08800 -0.01083
0.04860 -0.08828 -0.06273
-0.05341 -0.08811 -0.03048
0.06734 -0.08843 -0.09115
-0.02135 -0.08833 -0.07344
-0.07229 -0.08833 -0.07238
-0.03471 -0.08800 -0.00960
-0.05377 -0.08840 -0.08632
-0.07790 -0.08831 -0.06929
0.02509 -0.08799 -0.00857
0.02676 -0.08850 -0.10505
-0.12621 -0.08801 -0.01216
-0.05826 -0.08801 -0.01240
-0.01738 -0.08816 -0.04096
0.01850 -0.08829 -0.06477
0.11746 -0.08808 -0.02650
0.08788 -0.08819 -0.04583
0.06352 -0.08829 -0.06508
0.07371 -0.08831 -0.06919
0.04776 -0.08806 -0.02244
0.00439 -0.08825 -0.05842
0.04559 0.04947 -0.18876
-0.16222 0.11715 -0.05170
-0.12524 0.08814 0.12138
-0.28289 0.05143 -0.12482
0.22296 0.04154 -0.09632
0.22828 0.03842 -0.11583
0.25322 0.03491 -0.10496
0.20952 0.04108 -0.12386
-0.13619 -0.07010 -0.17653
-0.29016 -0.01280 0.13716
-0.42069 0.00043 -0.10648
0.13548 -0.01730 0.16615
0.30954 -0.07249 -0.13106
0.30948 -0.07377 -0.13665
0.18546 -0.00973 0.16863
0.32064 0.02990 -0.12632
-0.16919 -0.06475 -0.16166
0.38274 0.00070 0.01797
0.19145 0.04419 -0.13478
0.13590 0.03528 0.14613
0.17893 0.05220 0.06686
-0.18330 -0.03677 -0.17761
-0.33563 -0.07591 0.09478
-0.37096 -0.06364 0.08713
0.19354 0.04483 -0.09101
-0.43351 -0.04952 0.07772
-0.39199 -0.09148 0.11826
0.37177 -0.07878 -0.10551
0.24507 0.03469 0.11699
-0.33931 0.06167 -0.07074
-0.22754 0.01698 0.11947
-0.20040 -0.00255 -0.11984
0.31109 -0.00426 -0.11995
-0.34939 -0.03519 0.16639
0.26603 0.00911 0.11825
-0.20146 0.04579 0.14564
0.24815 -0.05281 -0.09690
0.28713 -0.09774 0.16863
0.28548 -0.08553 0.07556
0.32157 -0.01739 -0.16473
0.31101 0.02259 0.12881
-0.42095 -0.05295 0.11346
0.15136 0.05200 -0.07094
0.29340 -0.01903 -0.15922
-0.22215 0.08521 0.11276
0.31022 -0.05297 -0.16952
0.03215 -0.08602 0.16641
0.09156 0.06450 0.13752
0.30651 -0.10689 0.15507
-0.28237 -0.06858 0.15469
-0.24905 -0.05393 -0.14871
0.25181 -0.06171 -0.16252
0.18722 0.05219 0.03807
-0.27518 0.00333 0.12414
-0.29757 0.07507 -0.02529
-0.29512 0.07606 -0.01569
-0.21832 -0.04741 -0.18224
-0.40030 -0.05832 -0.09734
0.06414 -0.08847 -0.14229
0.14058 -0.08800 -0.14823
0.08971 -0.08832 -0.13980
0.12479 -0.08811 -0.12551
0.08301 -0.08836 -0.14078
0.09334 -0.08828 -0.15430
0.12508 -0.08810 -0.13639
0.15349 -0.08793 -0.13845
0.19049 0.00253 0.12868
0.17737 -0.01339 0.13195
0.31232 -0.00676 0.12371
0.29899 -0.02387 -0.13415
-0.41444 0.03777 0.03460
0.12938 0.06627 0.05751
0.11391 0.07456 0.06059
-0.22342 -0.04479 -0.14829
-0.26440 -0.09778 0.17590
-0.35521 -0.09795 -0.15433
-0.25237 0.01379 -0.16211
0.30914 0.01348 -0.14630
-0.35393 0.05772 -0.05503
-0.13834 0.08464 -0.12206
-0.17902 0.06109 -0.12879
-0.20394 0.06320 -0.12583
-0.19477 0.06675 -0.12507
0.37172 -0.08066 0.10568
-0.27647 0.04236 -0.15142
0.28262 -0.07191 0.04603
0.28021 -0.06973 0.09182
0.28354 -0.07275 0.07950
0.23106 -0.13242 -0.11794
-0.21643 -0.04728 0.14681
-0.33326 -0.00168 0.14801
-0.16899 0.11122 -0.09020
-0.00682 0.12750 0.07903
0.32396 0.00127 -0.16022
-0.24594 0.03381 0.17389
0.28980 -0.01345 0.13782
0.00969 0.12838 -0.03702
0.09086 0.08129 -0.09545
0.09603 0.07753 -0.09948
0.08982 0.08083 -0.10171
0.31481 0.02108 -0.11862
-0.34972 -0.07640 -0.00352
-0.36629 -0.10089 -0.14078
0.40554 -0.03809 -0.11018
-0.28182 -0.01075 -0.11086
-0.36124 0.00196 -0.15147
0.21159 -0.11776 0.14101
-0.31687 0.06825 -0.02337
-0.36000 -0.01410 0.13356
-0.36890 -0.03143 0.12410
-0.38333 -0.03363 0.11596
-0.30218 -0.03013 0.10555
-0.29705 -0.02176 0.13486
0.22728 -0.04196 -0.11743
-0.26153 -0.02256 -0.15349
-0.19946 -0.11256 -0.12947
0.32517 0.01684 -0.12296
-0.23492 0.09660 -0.01010
0.28682 -0.09547 -0.16941
0.24431 -0.03476 0.13791
0.32519 0.02274 -0.14355
-0.15620 -0.05577 -0.11093
-0.37804 0.07984 0.06841
-0.25761 0.00985 -0.16502
-0.28105 0.00675 0.10108
-0.30986 -0.05404 0.10108
-0.30125 -0.04966 0.10108
-0.17481 0.11602 0.00223
0.21877 -0.13154 -0.11530
-0.43929 -0.01166 0.01263
-0.42801 -0.04157 -0.11120
0.30658 0.02147 0.11584
0.06701 0.08686 -0.11871
-0.41719 -0.00344 -0.02597
-0.18747 -0.10336 0.15413
-0.42601 0.08311 0.01147
0.21606 -0.09472 0.16103
0.26549 0.01995 -0.13473
-0.40047 0.07302 0.09095
0.30549 -0.00810 0.10450
0.33474 -0.01980 0.12384
0.29184 -0.00258 0.10316
0.14403 0.05016 -0.10860
0.36683 -0.04623 0.11431
0.25669 -0.09300 -0.14131
-0.28686 -0.10934 0.14985
0.39264 -0.03487 -0.13995
0.15899 0.05258 0.00661
-0.15800 -0.04736 -0.14281
-0.24587 0.00409 -0.17906
-0.30640 -0.04946 0.16597
-0.39552 0.07227 0.08189
-0.41808 0.04116 -0.01795
-0.27467 0.08358 0.00905
-0.33624 0.03897 -0.12621
0.04940 0.06577 -0.18502
0.07386 -0.08824 -0.16625
0.13845 -0.09221 -0.16431
-0.06247 0.12682 -0.09345
-0.24987 0.00319 -0.14820
0.33459 0.01795 -0.10156
-0.24964 0.04506 -0.14975
-0.27221 -0.06834 0.15469
0.40938 -0.08892 0.02378
0.40975 -0.08730 0.03090
0.40719 -0.09861 0.05869
0.31883 0.01848 -0.12474
0.18439 -0.09935 -0.14871
0.22941 -0.07425 0.11391
0.30173 0.03294 -0.12115
-0.41969 -0.00884 0.00819
-0.30584 -0.04122 0.17771
-0.27130 0.04599 0.14085
0.24152 -0.12044 0.13467
-0.10673 0.07376 0.12878
-0.09568 0.06753 0.13200
-0.11250 0.10856 0.11348
-0.39964 0.07446 -0.03754
0.18273 -0.11371 0.11887
0.38372 -0.11040 0.14565
-0.36097 0.05569 0.01308
-0.21561 -0.13115 -0.15370
0.30999 -0.07808 -0.12762
0.23479 -0.00091 -0.10085
0.30500 -0.04677 -0.10081
0.17994 -0.02068 -0.13611
-0.40553 -0.08998 -0.10383
-0.38148 -0.07191 -0.09254
0.21349 -0.08443 -0.14131
0.22087 0.00470 0.09966
-0.25795 0.07223 -0.11399
0.32531 0.00896 0.12592
-0.24649 0.08810 -0.08379
0.16778 -0.09502 -0.12650
0.38191 -0.00626 0.09967
0.13448 -0.04416 0.16600
0.27995 -0.03465 -0.13863
0.38152 -0.03189 0.11116
-0.04289 0.12878 0.08339
-0.29247 0.01317 0.17556
-0.40747 -0.06561 0.13580
0.38836 -0.11090 -0.11985
0.11982 0.05547 -0.12391
0.11914 0.05922 -0.11585
0.23139 -0.06454 0.04437
0.22856 -0.06458 0.09883
0.23106 -0.06455 0.09242
0.25936 -0.06418 0.09881
0.22950 -0.06457 0.05176
0.38347 -0.05369 -0.06833
-0.24559 0.09305 0.02936
-0.20109 0.10717 0.02318
0.15110 -0.08797 -0.05254
0.10065 -0.08827 -0.06708
0.14622 -0.08800 -0.06053
0.13035 -0.08809 -0.03008
0.10603 -0.08823 -0.05874
0.07748 -0.08840 -0.09977
0.13949 -0.08804 -0.08682
0.13400 -0.08807 -0.07636
0.13290 -0.08808 -0.10829
0.14833 -0.08799 -0.03577
0.15501 -0.08795 -0.04355
0.04150 -0.08861 -0.12686
-0.43664 -0.02466 0.06451
0.27402 -0.10141 -0.16252
0.05788 0.06749 0.15595
-0.39194 -0.07515 -0.07972
0.28053 -0.07318 0.13982
0.32571 0.01545 0.13626
-0.29668 -0.07746 -0.11086
-0.24489 0.09185 0.05666
-0.22253 0.09901 0.05406
0.15567 -0.07949 -0.13026
-0.18353 -0.09850 -0.14674
-0.00463 0.11376 0.11581
0.03703 0.08661 0.12858
0.31807 -0.02858 0.16703
0.31554 0.02618 0.13789
-0.14533 -0.02663 0.17720
0.17433 -0.08323 0.14150
-0.42874 -0.04423 -0.01792
-0.28921 -0.01228 -0.11514
0.02485 0.12198 -0.07094
0.24834 -0.05493 -0.13343
-0.32102 0.06650 0.02388
0.19904 0.05135 0.00889
0.20011 0.05099 0.01525
0.30923 -0.09686 -0.10160
0.30942 -0.08921 -0.11758
-0.12431 0.04845 -0.14069
0.33785 -0.06266 -0.16431
0.05524 0.04764 -0.16378
0.27058 -0.11925 -0.09901
-0.12065 0.11930 -0.09615
0.32859 0.00470 0.10869
-0.39431 -0.09725 -0.12732
-0.17067 -0.01799 0.11894
-0.16874 -0.01992 0.13781
-0.26027 -0.07079 -0.10120
-0.20164 -0.05996 -0.10120
-0.23604 -0.06728 -0.10120
-0.25279 -0.08195 -0.10120
-0.26953 0.00649 -0.17599
-0.19955 -0.12537 0.16018
-0.09378 0.12955 0.03802
0.18421 -0.01365 0.13038
0.17308 -0.02623 0.15486
-0.42524 -0.05041 0.09519
0.16235 0.04917 -0.03653
0.07355 0.06088 -0.14151
-0.37732 -0.08609 -0.00976
-0.41086 -0.01886 0.01085
-0.37033 -0.07877 0.07066
0.19525 -0.01930 -0.14131
-0.29364 0.07297 -0.07380
0.40897 -0.05552 0.10200
-0.30968 0.06495 0.08800
-0.42207 -0.09113 -0.08961
-0.23065 0.01308 0.14058
-0.18620 0.00909 -0.18223
-0.35886 0.02749 0.13797
0.24475 -0.06007 -0.16503
-0.42503 -0.09042 -0.07405
0.24443 -0.13067 -0.13297
-0.38757 -0.07884 -0.06905
-0.20650 -0.03843 0.15193
-0.31058 -0.05302 -0.15079
0.25613 -0.02117 -0.14021
0.05648 0.04695 0.17446
-0.37030 0.06964 -0.11836
0.38888 -0.07362 -0.11666
0.39737 -0.05104 -0.09748
-0.26227 -0.08197 -0.17739
-0.07915 0.13113 -0.02764
-0.24712 -0.11967 -0.15488
0.39503 -0.00629 -0.06410
0.29482 0.00654 0.16562
-0.30067 0.01089 0.16158
0.31226 -0.01251 0.16609
-0.13599 -0.08821 -0.03195
-0.11877 -0.08879 -0.09174
-0.14024 -0.08854 -0.05826
-0.08980 -0.08881 -0.10861
-0.12890 -0.08957 -0.15419
-0.08821 -0.08889 -0.11676
-0.14861 -0.08841 -0.04221
-0.00663 -0.08875 -0.14854
-0.12774 -0.08888 -0.09442
-0.14036 -0.08913 -0.10970
-0.12536 -0.08837 -0.05124
-0.10777 -0.08924 -0.13630
-0.13778 -0.08890 -0.09093
-0.09895 -0.08836 -0.06457
-0.14582 -0.08804 -0.01175
-0.10039 -0.08925 -0.14138
-0.10063 -0.08901 -0.12034
-0.14580 -0.08930 -0.12149
-0.14796 -0.08887 -0.08286
-0.06192 -0.08862 -0.10698
-0.27418 -0.11861 -0.16800
0.36643 -0.02884 0.15416
-0.25425 0.09046 -0.03128
-0.23949 0.09509 -0.03176
-0.27269 -0.03353 0.17590
-0.04764 0.03135 0.16266
-0.10994 0.03629 0.15798
-0.21566 0.03794 0.16738
0.28175 0.02867 -0.10682
0.41548 -0.02705 0.08946
0.28946 0.01841 -0.16093
-0.18139 -0.02005 0.16038
0.10696 0.05469 -0.14041
-0.38070 0.08142 0.01074
-0.38972 0.08062 0.04802
-0.42865 -0.03483 0.10400
-0.01600 0.13104 0.05066
0.39499 -0.01465 0.07106
-0.20836 0.05295 -0.13249
0.26572 -0.09655 -0.14131
-0.27159 -0.12041 0.17855
-0.28340 -0.11277 0.17261
0.27154 0.00048 -0.11118
0.21101 0.00210 -0.10885
0.25461 0.00368 -0.13034
0.22595 0.00507 -0.13371
0.20404 0.00277 -0.11204
0.23283 0.00724 -0.15089
0.26815 0.00822 0.10639
-0.27283 -0.10366 0.17945
-0.37805 -0.01510 0.15624
0.17522 -0.00958 0.10692
0.26142 -0.08792 0.03279
0.18272 -0.08909 0.00628
0.26976 -0.08782 0.03215
0.20556 -0.08869 0.02181
0.26193 -0.08810 0.00677
0.29659 -0.08733 0.05303
0.24975 -0.08804 0.03633
0.24219 -0.08832 0.01011
0.32367 -0.10028 -0.16744
-0.39853 0.02430 -0.08563
-0.36621 -0.07121 -0.03559
-0.35704 -0.07121 0.01633
-0.36867 -0.07121 -0.06000
-0.28934 -0.10611 -0.14115
-0.43573 -0.02326 -0.02343
0.02739 -0.08930 0.01338
0.02631 -0.08930 0.00145
0.09359 -0.08904 0.00603
0.08755 -0.08906 0.01328
0.04439 -0.08923 0.01670
0.05938 -0.08917 0.00970
0.15821 0.05288 0.01779
0.34341 0.00585 0.15123
-0.38342 -0.07193 0.03062
-0.19849 -0.08355 -0.15349
-0.05730 0.13279 -0.00388
0.28666 -0.10986 -0.10824
0.04774 0.07740 -0.13325
0.32906 0.00675 0.06324
0.36205 -0.00866 0.04608
0.28487 0.01248 0.06634
0.26152 0.02280 0.07770
0.42427 -0.09719 0.07414
-0.39774 0.07838 0.09598
-0.23880 -0.12077 0.17264
0.08342 0.04755 -0.14702
-0.21812 0.02592 -0.17917
-0.04843 0.13285 -0.00894
0.07529 0.00924 -0.16806
-0.05863 0.02539 -0.16432
-0.07976 0.02478 -0.16457
0.01144 0.01542 -0.16668
-0.09051 0.02061 -0.16573
0.04381 0.01178 -0.16752
0.43888 -0.03756 0.00061
0.39494 -0.09617 0.13569
0.36351 0.00545 0.08461
-0.26593 -0.07067 -0.15618
0.29475 -0.06774 -0.16087
0.42705 -0.02083 -0.02396
0.30421 -0.04049 0.13501
0.15657 0.03175 0.16046
0.33011 0.02463 0.11349
0.06642 0.05745 0.18363
-0.19541 -0.00630 0.14141
0.27854 -0.11665 -0.13105
0.20096 0.02910 -0.16060
0.18304 0.01618 -0.16828
-0.36775 0.05356 -0.04033
-0.21777 -0.04921 -0.11545
0.31704 0.01589 -0.13810
-0.06561 0.13103 -0.05581
-0.21533 0.00364 0.15097
-0.29206 -0.02412 -0.18497
-0.18347 -0.01733 -0.16893
-0.18037 -0.09692 0.11242
-0.38539 0.08052 0.05440
-0.00586 -0.08861 0.16824
0.36412 0.00075 0.09925
0.26330 -0.00228 -0.12320
0.38972 -0.03877 -0.13677
0.34796 -0.00520 -0.11745
-0.41787 0.01407 -0.06119
-0.41301 0.01813 -0.02624
-0.10129 0.12243 -0.09555
-0.33708 -0.07582 0.05016
-0.33744 -0.07570 0.02720
-0.32772 -0.07892 0.04080
-0.33728 -0.07575 0.05929
-0.32022 -0.08141 0.05340
-0.31060 -0.08460 -0.00004
-0.35180 -0.07093 0.00691
0.42339 -0.08960 -0.07558
0.14260 -0.00063 -0.15499
0.17100 0.00317 -0.15248
0.20554 -0.05007 -0.13891
0.35527 -0.00607 -0.14364
-0.21209 0.10150 0.06488
0.34464 0.01045 0.08568
0.32020 0.01705 0.08811
0.18587 -0.01446 -0.11582
-0.41306 -0.07000 0.12625
-0.10823 0.12546 0.06873
0.18054 -0.01091 -0.11806
0.18744 -0.00329 -0.11201
0.25296 0.02831 0.08494
0.28633 0.02108 0.07993
0.26992 0.02519 0.08459
-0.34743 0.05983 -0.05894
-0.41761 -0.05072 0.12220
-0.19386 -0.12225 -0.13628
-0.02223 0.11409 0.11441
0.32204 0.02804 -0.13349
-0.26974 -0.11442 -0.17739
0.06867 0.05384 -0.18027
0.26459 0.00970 0.13798
-0.42831 -0.03530 -0.10567
-0.28036 0.08140 -0.02876
-0.30352 0.06783 0.08469
-0.42755 0.00027 0.07926
-0.31279 -0.09121 -0.16754
0.36113 -0.05355 -0.09331
0.37903 -0.08180 -0.08979
-0.21085 0.01430 -0.15542
-0.25982 0.05073 0.13143
-0.21556 -0.05597 0.12777
-0.35932 0.04034 -0.02071
-0.36230 0.03832 -0.02634
-0.40402 0.01089 -0.06895
-0.36807 0.03410 -0.04920
-0.37398 0.03004 -0.06219
0.10660 -0.08959 0.16578
0.31643 0.00682 -0.14211
0.38348 -0.04461 0.12345
0.37465 -0.04163 0.13992
0.37815 -0.06087 0.13575
0.32930 -0.00183 -0.13985
-0.29522 -0.06263 -0.14522
-0.25477 0.06538 -0.11974
0.36947 -0.05014 0.14734
0.32691 0.01781 0.08690
0.28717 0.02705 0.10167
-0.29393 -0.07242 0.16787
0.30974 -0.05316 0.16962
-0.32546 0.00628 -0.15097
-0.42172 -0.09196 0.08559
0.36262 -0.00861 -0.12318
0.17173 0.04975 -0.01528
-0.41011 -0.07621 -0.12020
0.24968 0.01150 0.12829
-0.41634 0.01444 0.07518
0.08374 0.08624 0.09100
0.06018 0.10189 0.07508
-0.21228 0.09536 0.09735
-0.10760 0.12099 0.09760
0.43450 -0.05668 -0.01298
-0.43707 -0.00781 0.02018
-0.16589 0.11748 0.02922
-0.27041 -0.02921 -0.15321
-0.33403 0.06122 -0.08514
-0.25419 -0.12377 -0.11141
-0.21465 0.09178 -0.10923
0.08369 -0.08837 0.09234
0.09612 -0.08829 0.08235
0.07646 -0.08841 0.11686
0.13270 -0.08808 0.05103
0.15074 -0.08798 0.03811
0.11222 -0.08820 0.11156
0.12901 -0.08810 0.07595
0.10096 -0.08826 0.06572
0.07073 -0.08844 0.12363
0.13666 -0.08806 0.09024
-0.21808 0.01202 0.10576
0.43139 -0.02516 0.02336
0.35497 -0.00624 0.13729
-0.16023 -0.06790 -0.18137
-0.30824 -0.04541 0.13280
0.01877 0.10980 -0.11716
-0.03012 0.04785 0.14278
0.39638 -0.05257 0.13234
-0.25615 0.08833 0.05594
-0.21101 0.10348 0.03891
-0.21512 -0.13040 0.16439
-0.30997 -0.05188 0.13463
-0.22697 -0.05051 -0.14829
-0.23235 -0.13256 -0.16096
0.06724 0.07853 -0.13299
0.27213 -0.12157 -0.10809
0.30424 0.02929 -0.12987
-0.15658 -0.05099 -0.18158
0.34094 -0.06079 0.10064
0.33914 -0.08478 0.09334
0.33591 -0.03953 -0.09761
0.34529 -0.05698 -0.10759
0.43391 -0.04101 -0.04565
-0.40397 0.07880 0.10663
0.14158 0.04558 0.12748
0.20318 -0.03278 0.13393
-0.18199 0.11366 0.00148
-0.05054 0.12473 -0.10341
-0.21069 0.05168 0.13499
-0.42555 -0.02934 0.04005
0.30594 0.03287 0.12521
-0.42430 -0.07241 -0.09690
-0.41571 -0.02890 -0.13601
0.23443 0.03760 -0.12017
-0.41598 0.01634 0.05671
-0.30185 0.07153 0.06048
-0.27728 0.08061 0.05797
0.17234 -0.03404 -0.09954
0.41100 -0.01705 -0.03399
-0.41217 0.00179 -0.11481
-0.42729 -0.05460 0.09913
0.32031 -0.01160 0.13983
-0.42015 -0.06682 0.10519
0.36848 -0.07380 0.09272
-0.36781 -0.02523 0.16031
-0.35556 0.05782 -0.02791
-0.43416 -0.04240 -0.07073
-0.23205 0.09572 0.06270
-0.20607 0.09355 0.10979
0.22654 -0.07348 -0.11064
-0.06119 0.06142 -0.13567
-0.05664 0.09257 -0.12261
-0.07218 0.05389 -0.13856
-0.06259 0.06944 -0.13224
-0.09208 0.05287 -0.13845
-0.05054 0.08356 -0.12659
0.00648 0.06364 -0.13656
-0.04118 0.07872 -0.12889
0.16126 -0.08189 -0.15510
-0.38932 -0.07370 0.07865
-0.04528 0.13228 0.04248
0.16260 -0.05580 -0.09654
-0.41226 0.02840 0.02899
0.18899 -0.01138 0.13425
0.30917 0.02646 0.14706
-0.17220 0.10872 0.09813
-0.18762 0.10811 -0.07418
-0.38880 -0.03266 -0.08970
-0.38618 -0.03881 -0.08912
-0.28681 0.04770 0.13021
0.36678 -0.00935 -0.12850
0.03588 0.11593 -0.07014
0.06407 0.09683 -0.09264
0.31271 0.00666 -0.10791
-0.22225 -0.10511 -0.15349
0.18355 -0.00517 -0.13619
0.18885 0.00221 -0.14240
0.04564 0.11539 0.01714
0.09474 0.08927 0.00298
0.07593 0.09901 0.01426
0.38671 -0.09022 0.03932
0.28498 -0.05522 -0.13863
-0.36883 -0.08905 -0.00725
0.25343 -0.01311 0.10081
0.26045 -0.02586 0.10080
-0.42429 0.00696 -0.06426
0.15065 0.02489 -0.16276
-0.15711 -0.05415 0.14012
0.16477 -0.00906 0.15265
0.16659 -0.01791 0.15200
0.07724 -0.08910 -0.00418
-0.02693 -0.08951 -0.01520
-0.05285 -0.08961 -0.01126
0.01994 -0.08933 -0.00258
-0.25894 -0.08726 0.15469
0.40694 -0.01166 0.01740
0.07565 -0.02686 -0.16773
-0.21840 0.09390 0.09570
-0.40714 0.02269 0.08776
-0.34705 -0.06863 -0.16132
0.41218 -0.01908 0.05793
0.21530 -0.09042 -0.14081
-0.16067 -0.07807 -0.11711
0.40377 -0.03998 0.10259
0.23440 0.02984 -0.15970
-0.41183 -0.09487 0.11005
-0.23600 0.01370 0.17641
0.39031 -0.04713 -0.13428
0.15512 0.04466 0.11795
0.41623 -0.05183 -0.10181
0.17573 -0.10706 -0.11018
0.27465 -0.10506 0.12744
0.27567 -0.00660 0.09451
-0.19381 -0.04225 0.15469
-0.31439 -0.05209 0.14893
0.30641 -0.06778 -0.14563
-0.42023 0.01555 0.04248
-0.01066 0.12827 -0.07700
-0.16971 0.03093 -0.15742
-0.04339 0.11717 -0.11288
0.16420 0.05440 -0.03482
0.41386 -0.03113 -0.00620
0.25535 -0.04968 -0.13940
0.40793 -0.03363 0.06914
-0.11506 0.10917 -0.11307
-0.38194 -0.06867 0.05507
-0.38354 -0.07053 0.07699
-0.38590 -0.07149 0.07029
0.30424 -0.07735 -0.11368
-0.39308 0.05193 0.10235
0.22304 -0.13211 -0.12434
-0.14906 -0.05970 0.17981
0.35600 -0.05428 -0.12355
0.34670 -0.03785 -0.11349
-0.34172 -0.09343 0.16179
0.28065 -0.05863 -0.14131
-0.27557 -0.10938 0.17590
-0.43065 -0.08491 0.04718
-0.26497 -0.09573 -0.15349
-0.30083 -0.02742 -0.14423
0.04273 -0.07945 -0.16883
0.02073 -0.07925 -0.16913
0.04948 -0.08141 -0.16835
0.32275 -0.11304 0.15303
0.31858 -0.11231 0.13220
0.15498 -0.06953 0.11786
0.42649 -0.05668 0.03959
-0.41107 -0.05088 -0.13575
0.25518 -0.06423 -0.07492
0.22022 -0.06469 -0.07622
0.21645 -0.06474 -0.03805
0.22368 -0.06464 -0.01761
0.23819 -0.06445 -0.07013
0.17403 0.04761 0.00680
-0.32223 -0.08712 0.17134
-0.38942 -0.07710 0.14821
0.38732 -0.01231 -0.11120
0.25565 -0.04083 0.13940
-0.21886 0.01583 -0.14505
-0.34465 0.06312 -0.02561
-0.15696 -0.08041 0.16945
-0.42503 0.01088 0.02409
-0.41131 -0.00239 0.13024
0.15987 -0.03860 -0.15043
-0.30527 -0.04905 -0.16329
0.21884 -0.04809 -0.10622
0.15770 -0.05121 -0.12387
-0.23674 0.09451 -0.05848
-0.22978 0.09706 -0.05141
0.08654 0.09388 -0.00006
0.06352 0.10592 -0.01009
0.15914 -0.05102 0.13724
0.16148 -0.03231 0.14309
0.31691 0.01485 0.12767
-0.29877 -0.02344 0.14132
0.39608 -0.03879 0.12248
-0.23879 -0.07307 0.12797
-0.17209 -0.04413 0.18030
0.22919 0.03168 0.15844
0.35856 -0.00393 0.11315
-0.38165 -0.07242 -0.10107
0.23494 -0.07084 0.16144
0.19970 0.00552 0.16676
-0.30025 -0.02703 -0.12593
-0.27709 0.08245 0.01779
0.24790 -0.13126 -0.14081
0.01403 0.11674 0.10793
-0.04089 0.13109 -0.06602
0.28791 -0.03180 0.16103
-0.24155 0.01988 -0.18213
-0.15155 -0.09377 0.13715
-0.22361 0.06877 0.12111
0.31666 0.02142 -0.13370
0.17948 -0.06550 -0.10077
0.17228 -0.04267 -0.10116
0.32109 -0.10792 0.16668
-0.13503 0.02567 -0.16622
-0.26450 0.00733 0.13659
0.05251 0.10020 0.10315
-0.30743 0.05413 0.11416
0.20763 -0.07224 0.13706
-0.17138 -0.06399 0.10108
-0.18676 -0.06950 0.10108
0.30302 0.02456 -0.12141
0.28425 -0.00614 -0.17017
0.16947 -0.09891 0.13734
0.31024 0.03258 -0.13084
-0.40690 -0.00326 0.05611
-0.40279 0.04942 0.00774
0.19263 -0.10716 -0.14408
-0.25271 0.00673 -0.18499
0.40553 -0.01445 -0.02101
0.23371 -0.09904 -0.14131
-0.03950 0.13305 0.00870
-0.21801 0.00426 -0.11615
-0.39893 -0.00587 -0.10503
-0.39162 -0.01953 -0.11145
0.30496 -0.04231 -0.13277
-0.10597 -0.01689 -0.16965
0.33272 0.01465 0.10123
0.23448 0.03593 -0.10855
-0.39328 -0.08910 0.12683
0.24504 0.03815 -0.12907
0.23594 -0.07415 0.09720
-0.42947 -0.05231 -0.03200
-0.42676 -0.03754 -0.04310
-0.03049 0.12481 -0.10368
-0.01845 0.00017 0.16872
0.13016 -0.00963 0.16761
0.06133 -0.00606 0.16811
-0.00826 -0.00487 0.16859
0.12570 0.00891 0.16786
0.03594 0.00459 0.16841
-0.08866 0.00451 0.16924
-0.05205 0.00274 0.16897
0.16209 -0.08131 -0.11775
-0.41531 -0.01263 0.05979
-0.41021 -0.06220 0.10561
0.31045 -0.09467 -0.06266
0.31484 -0.09426 -0.03333
0.31279 -0.09418 -0.01419
0.30942 -0.09453 -0.03995
0.32262 -0.09369 -0.00199
-0.42647 -0.02514 0.11757
-0.25704 -0.05080 0.15278
-0.40306 0.02585 -0.02969
-0.17016 0.09932 0.11325
-0.38070 -0.07043 0.08768
0.24273 -0.07079 -0.11187
-0.43033 -0.07358 -0.02602
0.27313 -0.06400 0.02794
0.23546 -0.06449 0.03423
0.22715 -0.06460 0.01465
0.24182 -0.06441 0.04374
0.01586 0.12771 0.01841
0.38441 -0.04107 -0.12562
0.31463 0.02671 0.14391
-0.25282 -0.06121 0.17590
-0.15290 0.12001 0.03538
-0.12331 -0.02132 -0.16997
-0.27527 -0.10443 -0.16454
-0.05348 -0.08902 -0.16981
-0.08272 -0.09455 -0.16673
0.31452 0.01456 0.14793
-0.36228 0.07658 -0.12409
0.38327 -0.05118 0.01444
0.38342 -0.05002 0.02869
-0.26362 0.08399 -0.07182
-0.25372 0.09085 -0.01282
0.39570 -0.08643 0.11730
0.36866 -0.10941 -0.10437
0.36226 -0.01894 -0.13801
-0.16654 0.02180 0.15684
-0.36722 -0.09142 0.15341
-0.15675 -0.06471 -0.17354
-0.23253 0.05703 0.12801
-0.13902 0.00133 -0.16643
0.31431 0.00681 -0.16095
-0.14534 -0.09245 -0.17627
-0.02448 0.13149 0.05334
0.23721 0.01680 0.13644
-0.21267 0.10372 0.00858
0.41801 -0.05105 0.09629
-0.21948 -0.06495 0.17590
0.06338 0.08912 0.11772
-0.10833 0.04972 0.13924
-0.32461 -0.11122 0.14756
-0.34243 -0.10811 0.14141
-0.14168 0.12260 -0.02589
-0.13527 0.12352 -0.02989
0.05737 0.06758 -0.13765
-0.40979 -0.01330 -0.14146
0.42502 -0.01823 -0.01858
0.38322 -0.01963 -0.11941
-0.08584 0.11690 -0.11080
0.28401 -0.02142 -0.14933
0.35685 -0.11210 0.14839
0.34671 -0.11205 0.14683
-0.41753 -0.06139 0.12356
0.17555 -0.07851 -0.10078
0.34062 -0.10856 -0.16375
0.23653 0.01311 0.17124
-0.37538 0.06837 -0.12139
-0.34993 0.06021 0.04678
0.32698 0.02239 0.01844
0.29108 0.03137 0.04549
0.33359 0.02101 0.00831
0.32006 0.02492 0.00850
0.30982 0.01460 -0.13532
-0.29699 -0.07379 -0.18474
0.38937 -0.08175 -0.02315
-0.16739 -0.03896 0.17590
-0.26889 -0.00643 -0.16109
-0.36549 -0.10215 0.13812
-0.33442 -0.07473 -0.13864
0.19250 0.04156 0.13026
-0.24159 -0.01219 0.17802
-0.39294 -0.07052 0.09822
0.30409 0.03041 0.13915
-0.15773 -0.04941 0.14798
-0.23730 0.08862 -0.10295
0.26676 0.00458 0.14597
-0.23433 0.08436 -0.11039
-0.24144 0.01364 -0.17342
0.32360 -0.02223 0.16492
0.25397 -0.11733 -0.14684
-0.42388 -0.07838 -0.11727
-0.23866 -0.02928 0.15193
-0.42550 -0.07655 -0.11054
0.03415 0.12036 0.04561
-0.03799 0.13299 -0.00655
-0.38611 -0.09736 0.13553
0.12553 0.06160 0.09812
0.14133 0.05269 0.09786
0.28687 -0.02182 -0.16789
-0.27634 0.08174 0.04762
-0.27196 0.08356 0.04342
-0.41029 -0.05759 0.11213
-0.33112 -0.00888 -0.14843
0.40015 -0.03914 0.02559
-0.20764 -0.02734 0.15201
0.17879 -0.09825 0.16863
0.14616 -0.05616 0.15330
0.16177 0.04412 0.14362
0.01009 0.12434 0.07966
0.23766 -0.06232 -0.13343
-0.18582 -0.00869 0.10108
-0.21228 -0.00618 0.10108
-0.22327 0.00867 0.10108
-0.16427 -0.03043 0.10108
0.30840 0.01440 -0.10760
0.38772 -0.07485 -0.07337
0.27747 -0.01291 0.11072
-0.40555 0.06952 0.11931
-0.16319 -0.08706 -0.16839
-0.29960 -0.09029 0.16966
-0.26793 0.03460 -0.16992
0.32308 0.02377 0.11067
-0.16097 -0.03869 0.12236
-0.16157 -0.03720 0.10919
-0.15934 -0.04500 0.10427
-0.24743 -0.07273 0.15278
-0.11400 -0.04587 -0.17113
0.07308 0.06052 0.14791
-0.07045 -0.03325 0.16833
-0.32707 -0.05231 -0.17466
0.21905 0.04420 0.07866
0.21441 0.04286 0.09899
0.21649 0.04408 0.08416
0.25111 0.03563 0.10199
0.33353 -0.09354 0.06480
0.32521 -0.09412 0.08431
0.31388 -0.09479 0.09591
0.34463 -0.09326 0.09603
-0.43297 -0.08053 -0.04956
0.16616 -0.02933 -0.16712
-0.38426 0.04951 -0.08953
-0.31451 -0.08322 -0.07382
-0.32821 -0.07850 -0.06285
-0.34464 -0.07283 -0.05406
-0.31323 -0.08367 -0.00786
-0.32183 -0.08070 -0.05343
-0.32836 -0.07844 -0.07335
0.28682 -0.02101 0.16717
0.16915 0.04768 -0.00124
0.20186 0.00354 0.13168
0.28580 -0.00127 0.11048
-0.29196 -0.03116 -0.17739
0.15762 -0.06947 0.15194
0.30693 -0.10312 -0.15931
-0.22432 -0.07265 0.14984
0.17915 -0.00547 -0.10593
0.32176 0.01013 -0.14318
0.07442 0.06679 0.13837
0.18803 0.04133 0.11245
0.23663 -0.07221 -0.16334
0.10269 0.07647 0.08710
0.10191 0.08222 0.05416
0.10862 0.07446 0.07938
0.17082 -0.02217 -0.16781
-0.39998 -0.08664 0.10572
-0.39402 -0.08216 0.10291
-0.26918 0.00678 -0.14066
-0.40935 0.01060 0.10837
-0.26401 -0.08135 0.15201
0.05485 0.06152 -0.16741
-0.34160 -0.07340 0.16614
0.38533 -0.08503 -0.07138
-0.22146 0.10051 -0.03267
-0.19040 0.11029 -0.03322
-0.36932 -0.08913 0.14243
-0.41698 -0.08679 0.01847
-0.40661 -0.08065 0.00285
-0.41802 0.01438 -0.03023
-0.27807 -0.01395 -0.15051
-0.35582 0.05558 0.06809
0.20380 -0.03609 0.16103
0.30784 -0.06508 0.15597
0.38309 -0.05132 0.05273
0.05000 0.04790 -0.18335
-0.20247 -0.08355 0.06984
-0.17544 -0.08805 0.09557
-0.18781 -0.08599 0.03812
0.27441 -0.11982 0.12675
0.30757 -0.05749 -0.14234
0.30728 -0.05165 -0.13669
-0.16987 -0.01758 0.17761
-0.41287 0.00668 -0.05324
0.14435 0.06123 -0.00005
0.15388 0.05492 -0.02132
-0.16729 -0.09480 -0.14402
0.40835 -0.11107 0.10610
-0.30839 0.02534 -0.16479
-0.27712 0.00388 -0.18278
-0.29636 0.07132 0.07727
0.15638 -0.08560 0.11655
0.36335 -0.10995 0.11553
0.38979 -0.06108 -0.08768
0.37989 -0.06414 -0.08948
-0.16087 -0.06957 -0.11399
-0.28557 -0.00814 0.12921
0.20417 -0.02158 -0.13863
0.18247 -0.07727 -0.01592
0.20541 -0.06800 -0.08409
0.17744 -0.07930 -0.01259
0.21102 -0.06573 -0.04093
0.20639 -0.06760 -0.04906
0.34001 -0.03875 0.10367
0.34508 -0.05256 0.10818
-0.35704 0.04326 0.00120
-0.31420 -0.08424 -0.15832
-0.38295 -0.06943 -0.14985
-0.39469 0.07151 -0.09519
0.26129 0.00596 0.14295
0.24871 0.01007 0.16612
0.37838 -0.09150 0.05979
-0.01154 0.12312 0.10408
0.41180 -0.01190 -0.02799
-0.41029 -0.04898 -0.12037
-0.41029 -0.06658 -0.11885
0.27207 -0.12162 0.15308
0.19389 -0.09857 -0.16583
-0.03081 -0.05817 0.16596
-0.05167 -0.06320 0.16605
-0.06238 -0.08940 0.17018
0.13834 0.00258 0.15477
0.14822 0.00424 0.15385
-0.16380 0.11264 0.08905
0.38800 -0.00346 -0.06946
-0.39449 -0.04625 -0.15166
0.04263 0.10487 -0.10423
0.16187 -0.03236 0.15405
-0.22051 -0.04580 0.11032
-0.21533 -0.05771 -0.12167
-0.26243 0.01051 0.15847
-0.26996 -0.09443 -0.17847
-0.35400 0.04730 -0.09881
0.21914 0.01584 -0.16239
0.07454 0.08891 -0.10225
-0.40730 -0.04107 0.14231
0.25869 0.03802 -0.05436
0.24756 0.04132 -0.02927
0.22702 0.04594 -0.01522
0.22182 0.04539 -0.04934
0.23099 -0.12149 0.11606
-0.11043 -0.07186 0.17196
-0.35381 0.04883 0.09590
-0.42962 -0.05847 0.05826
-0.24475 -0.06463 0.17590
0.38035 -0.07684 0.06796
-0.09486 0.12562 0.08363
-0.01724 0.12691 0.09045
0.40988 -0.09031 -0.10916
-0.22655 -0.08260 -0.15461
0.43009 -0.03022 -0.04767
-0.16510 -0.02408 0.12252
-0.38149 -0.08194 -0.15316
0.27762 -0.04054 -0.13863
-0.17626 0.05314 0.13405
-0.35719 -0.08718 0.00787
0.35108 -0.03598 0.11645
0.36151 -0.03595 0.09711
0.37748 0.00405 -0.04959
-0.43007 -0.07536 -0.02008
0.38741 -0.09102 0.01160
0.29485 0.02519 -0.10334
0.40566 -0.04003 -0.05289
-0.40704 0.04456 0.09186
-0.40711 0.03032 -0.07279
-0.27475 -0.11911 0.16819
0.39889 -0.03790 -0.07078
-0.39121 0.04926 -0.06925
-0.26500 0.04354 0.15160
0.24900 -0.09552 -0.13863
-0.35516 0.04622 -0.04195
0.42270 -0.06009 -0.04529
-0.16019 -0.03868 -0.15699
-0.41275 -0.00543 -0.08995
0.16713 0.03450 0.15838
0.15067 -0.05183 -0.16765
-0.41644 -0.09349 -0.09850
0.23020 -0.04925 0.13194
-0.30791 -0.08521 0.06515
-0.26746 -0.08456 0.07678
-0.25854 -0.08442 0.08138
-0.29255 -0.08496 0.06345
-0.24342 -0.08418 0.07174
-0.24808 -0.08425 0.08765
-0.27705 -0.08472 0.03299
-0.23647 -0.08407 0.08000
-0.29395 -0.08499 0.05549
-0.15827 0.03253 -0.16527
0.27156 -0.00831 0.15629
-0.21385 0.01296 0.17915
0.36249 -0.01492 -0.15097
-0.40769 0.02291 -0.08628
-0.08854 0.13074 0.00324
0.04331 0.08463 0.13037
-0.36459 0.04340 0.09725
-0.15706 -0.08658 0.13554
-0.17367 -0.09887 0.11154
0.02302 0.12494 0.04166
-0.32635 0.06527 0.06155
0.20103 -0.06007 0.13714
0.22667 0.00608 0.14112
0.22385 0.00482 0.13144
0.21838 0.00753 0.14966
0.23198 0.00648 0.14521
0.24117 0.00063 0.10525
0.21802 0.00439 0.12694
0.25410 -0.05060 0.10070
0.23754 -0.03106 0.10065
0.25618 -0.05910 0.10066
-0.30264 -0.08261 0.17613
0.28763 0.03372 0.13573
0.24224 0.03974 0.13880
0.41831 -0.09876 0.09720
0.28806 -0.07686 -0.03526
0.30127 -0.08885 -0.07469
0.30557 -0.09285 -0.04663
0.26306 -0.00218 0.15882
-0.31344 -0.08324 0.16350
0.30133 -0.03931 -0.16252
0.37139 -0.00060 0.09201
0.24232 -0.04465 0.11702
0.15715 -0.07766 0.16604
0.40319 -0.04560 0.11608
-0.33559 0.06472 0.04970
0.31633 0.01468 -0.11450
0.19073 -0.12029 0.14502
0.42697 -0.05445 0.07388
-0.15504 0.10237 0.11338
0.17411 -0.03303 0.16011
0.22445 -0.08565 -0.07343
0.17738 -0.10921 0.13639
0.34420 -0.04032 -0.16305
-0.41982 0.04331 -0.02340
0.00083 0.08246 -0.12862
0.02695 0.08224 -0.12997
0.03476 0.06975 -0.13510
-0.18031 0.02928 -0.17183
-0.14859 0.05342 0.13517
-0.28126 -0.09764 0.16956
-0.20382 0.00985 -0.18347
0.37154 -0.10487 0.15652
0.36390 -0.00681 -0.13951
-0.32703 0.01627 0.15864
0.30412 -0.09144 0.08100
0.30675 -0.09393 0.04259
0.28893 -0.07766 0.03910
-0.38069 0.05502 0.08740
0.29287 -0.10177 -0.10518
-0.09501 -0.07419 0.16969
-0.23266 -0.01777 0.15469
-0.37348 0.04211 -0.07704
0.29630 0.01043 0.14483
-0.32517 -0.00139 -0.17005
-0.30352 0.06984 0.07050
-0.09417 0.11430 0.11205
0.40401 -0.00949 -0.01635
-0.22914 -0.10910 0.15469
-0.25161 -0.01857 0.15201
0.30814 -0.08997 0.14848
0.30809 -0.10130 0.11881
0.29653 -0.00412 -0.10851
0.33050 -0.01804 -0.11970
0.32694 -0.01660 -0.11000
0.31435 -0.01141 -0.12735
-0.15649 -0.09086 0.15065
-0.31347 0.06693 -0.06446
0.17548 0.01161 0.16902
0.14705 -0.00801 0.16756
-0.43101 -0.02831 -0.09566
0.15762 -0.06395 0.10985
-0.14240 0.12106 0.05688
0.33601 -0.08235 -0.16359
0.01204 0.12115 -0.09508
0.20839 -0.01609 0.10072
0.21184 -0.01117 0.10075
0.28296 -0.09570 0.15452
-0.41771 0.02130 0.00103
0.14114 0.06277 0.00556
0.14416 0.06069 0.01237
-0.40571 0.05673 -0.08804
-0.25906 -0.12766 0.11916
-0.08527 0.12976 0.04928
-0.38214 -0.08245 0.03256
-0.38197 -0.08244 0.06121
0.30124 0.02660 0.12687
-0.41187 -0.07801 -0.13564
0.20906 -0.11671 -0.15891
0.02946 0.09968 -0.12339
0.16895 -0.06139 0.15134
0.40729 -0.03130 -0.07515
-0.14794 0.11566 -0.09220
0.33318 0.01550 -0.11122
-0.42553 -0.09179 -0.00336
-0.42146 -0.08941 -0.01367
-0.38952 0.06631 -0.09188
-0.25739 0.08690 -0.06886
-0.41778 0.04410 0.06240
0.21468 0.01430 0.10090
-0.17214 -0.03730 -0.16646
0.35897 -0.08845 -0.09570
0.34268 -0.09016 -0.09718
0.36757 -0.04596 -0.09860
0.30718 -0.06197 -0.12225
-0.37378 0.07860 -0.00787
-0.42480 0.08258 0.04452
-0.33556 0.01513 -0.15945
-0.17024 -0.07878 -0.10120
-0.16023 -0.07697 -0.10120
-0.10672 0.11183 0.11244
-0.32340 0.04065 0.13043
0.13795 -0.05482 0.16537
-0.23553 -0.07778 -0.05851
0.36937 0.00777 0.04700
0.37474 0.00449 0.05567
-0.07369 -0.05523 -0.16659
-0.42740 -0.04237 0.04579
0.35542 -0.09250 0.03923
0.33577 -0.09329 0.04406
0.34148 -0.09306 0.04083
0.34981 -0.09265 0.01522
0.32102 -0.09378 0.01208
0.37333 -0.09171 0.01390
0.41713 -0.09029 -0.07441
0.39317 -0.00821 -0.08228
-0.28766 0.07874 0.01144
0.14292 -0.06580 -0.15387
-0.21942 -0.06868 0.11858
0.01232 0.12837 0.02827
0.37666 -0.07827 0.09598
-0.24454 -0.04684 0.11507
-0.27993 -0.00265 -0.14940
0.17288 0.03346 0.15905
-0.35967 -0.05930 0.15838
-0.25200 0.07486 0.11329
-0.40055 0.07474 0.02234
0.05474 0.04862 -0.14422
-0.01858 0.05447 -0.13976
-0.02842 0.08841 -0.12513
0.02772 0.05547 -0.14059
0.04166 0.05488 -0.14122
-0.08981 0.06662 -0.13269
-0.04995 0.05660 -0.13801
0.18077 -0.03846 -0.16252
0.39128 -0.08522 0.12194
-0.22546 0.04931 0.14028
-0.41326 0.00000 -0.12266
-0.29094 -0.08097 0.16645
0.16870 -0.05629 -0.16179
-0.22026 0.02446 0.18003
0.18382 -0.00077 0.10929
-0.32373 -0.08178 0.14800
-0.41827 0.05318 -0.04897
0.23255 -0.07459 -0.14666
-0.20756 -0.11617 0.16471
0.25863 -0.07507 0.16103
-0.12665 -0.08962 0.15933
-0.12678 -0.08831 0.04481
-0.13975 -0.08846 0.05077
-0.04701 -0.08889 0.13800
-0.14036 -0.08835 0.04095
-0.08009 -0.08935 0.16085
-0.13770 -0.08929 0.12415
-0.08254 -0.08869 0.10187
-0.13698 -0.08814 0.02461
-0.05739 -0.08883 0.12735
-0.10943 -0.08897 0.11189
-0.09971 -0.08828 0.05678
-0.10838 -0.08858 0.07875
-0.03919 -0.08901 0.15308
-0.03779 -0.08883 0.13851
-0.09472 -0.08891 0.11464
-0.14759 -0.08860 0.05935
-0.13717 -0.08869 0.07239
-0.14530 -0.08920 0.11250
-0.12224 -0.08887 0.09637
0.38206 -0.05797 -0.05825
0.27464 -0.06468 -0.07306
0.27434 -0.06441 -0.02067
0.27686 -0.06670 -0.03922
0.28073 -0.07021 -0.07797
-0.39848 0.02885 0.00455
-0.19020 -0.08461 -0.01108
-0.15751 -0.08744 -0.00674
-0.17619 -0.08582 -0.01799
-0.19521 -0.08417 -0.02605
-0.27817 -0.05099 -0.15618
-0.33513 -0.10133 0.15963
-0.31213 -0.07002 0.13368
-0.26823 -0.03777 0.17590
-0.01279 -0.08831 -0.16751
0.28179 -0.04400 0.16592
-0.35941 0.00153 -0.14042
0.30244 -0.03181 0.10413
-0.41029 -0.05773 -0.08894
0.32373 0.02490 0.13892
-0.36851 0.03329 0.11564
-0.27208 0.00415 0.14460
-0.29672 -0.02201 -0.10317
-0.13071 -0.03006 0.17330
0.21066 0.01303 -0.10174
-0.39029 -0.05774 -0.14566
-0.22436 -0.13231 -0.14957
0.06484 -0.02243 -0.16793
-0.07596 -0.02530 -0.16893
0.04169 -0.01606 -0.16817
-0.04698 -0.02198 -0.16875
0.02309 -0.01710 -0.16829
-0.08789 -0.01102 -0.16917
-0.24014 -0.10309 0.15469
-0.17218 0.04622 0.14344
-0.30874 -0.05349 0.17731
-0.41959 0.08106 -0.03989
-0.41729 0.08091 0.03581
0.20234 -0.12024 0.16828
-0.36634 -0.09150 -0.15387
-0.34351 -0.06020 0.16920
0.31467 0.02846 -0.12559
-0.16458 0.10828 -0.10569
0.34254 -0.01137 -0.15851
0.20310 0.04197 -0.01698
0.20080 0.04357 0.00771
-0.38882 0.03760 0.08767
-0.18512 0.11188 -0.03660
0.16553 -0.02416 -0.10461
0.15030 -0.05540 0.16732
0.24859 -0.05455 0.09980
-0.42055 0.01775 0.00819
-0.34845 0.05353 0.08915
-0.15194 0.12080 -0.00782
0.41177 -0.07836 -0.04881
0.40932 -0.08920 -0.05914
0.41397 -0.06860 -0.07129
0.24173 -0.10143 0.13714
-0.39245 0.07431 -0.04404
-0.38951 0.07614 -0.00254
0.22966 0.03929 -0.14424
0.25222 0.03654 -0.14346
-0.02283 -0.08949 0.01581
-0.01242 -0.08945 0.02388
-0.13509 -0.08993 0.00720
-0.04438 -0.08958 0.01937
-0.09755 -0.08979 0.01697
-0.15110 -0.08999 0.02701
-0.38655 0.05817 -0.09032
-0.39114 0.03313 -0.07678
-0.37646 0.04226 -0.03178
-0.13570 0.04296 0.15050
-0.27356 0.00457 0.15132
-0.17386 -0.01085 -0.12101
-0.36674 0.03417 0.08042
-0.40985 -0.05628 0.12566
-0.25663 -0.11615 -0.15464
0.22686 -0.13187 0.13625
-0.13906 -0.04953 0.17624
0.16390 -0.08829 0.11256
0.37573 -0.08869 -0.09097
-0.01417 0.13041 -0.06159
-0.15602 -0.06700 -0.12516
-0.15628 -0.07124 -0.14885
0.22909 -0.07421 -0.10515
-0.36402 0.04675 -0.09108
-0.31771 -0.07164 0.12790
-0.34124 -0.06746 0.12239
-0.32636 -0.07649 0.11046
-0.40008 0.04707 -0.10708
0.24801 -0.13125 -0.10352
0.41446 -0.01581 0.02388
0.05121 -0.00377 -0.16824
0.08294 0.00184 -0.16808
0.11849 -0.01488 -0.16763
0.08990 -0.00232 -0.16798
0.07640 -0.00245 -0.16808
0.02390 0.00246 -0.16851
0.10701 0.00594 -0.16796
-0.02780 0.00173 -0.16887
0.34223 -0.00365 -0.05071
0.35260 -0.00749 -0.04666
0.31565 0.01189 -0.06871
0.24616 -0.06706 0.12961
-0.36688 0.07872 0.08842
0.05092 0.06175 0.17932
-0.37401 0.07724 -0.11898
-0.38273 -0.04499 0.09262
-0.37530 -0.05783 0.10148
0.09774 0.05796 -0.14100
-0.38271 0.02574 -0.01370
-0.39483 0.01725 -0.04661
-0.38948 0.02114 -0.02665
-0.39701 0.01698 -0.00262
-0.37800 0.04959 0.04792
0.30812 -0.06076 0.13651
0.30836 -0.05414 0.11678
-0.40093 -0.08981 -0.13773
-0.41643 -0.01886 -0.02450
0.24327 -0.06992 0.16103
-0.17360 0.05355 -0.13403
0.27557 -0.11112 -0.09615
0.38412 -0.07845 0.08487
0.38094 -0.06837 0.08818
-0.42708 -0.09082 -0.02444
0.20541 0.00527 -0.16003
0.19877 0.00235 -0.15801
-0.19268 0.00327 -0.12268
-0.20042 0.00728 -0.11913
0.24098 -0.04023 0.16103
0.06055 0.05232 0.17809
0.16739 -0.08067 0.10094
0.31884 0.02542 0.12649
0.06434 -0.06207 -0.16506
-0.35212 -0.07728 0.15943
0.08122 0.04923 0.14404
-0.17405 0.01379 -0.17506
0.25473 0.00850 -0.15809
0.18422 -0.11529 0.12954
0.17169 -0.10004 -0.10196
-0.21875 -0.11990 -0.17041
0.15942 -0.07585 0.11681
-0.23858 0.01671 0.16616
0.21815 -0.06922 0.16506
-0.20211 0.10456 -0.06561
-0.20838 0.10526 -0.00594
-0.21894 0.10196 -0.00255
0.03000 0.10544 -0.11911
-0.03618 0.13125 0.06390
0.21562 -0.05710 0.09952
-0.35069 -0.07497 0.02301
-0.35350 -0.07156 -0.01317
0.18037 0.05223 -0.06874
0.34763 0.01469 -0.05339
0.31998 0.02047 -0.08352
0.12171 0.03257 -0.16120
0.07073 0.03597 -0.15823
-0.34458 -0.07187 -0.10965
-0.31206 -0.07299 -0.12849
-0.33556 -0.06883 -0.12297
0.38134 -0.06364 -0.06118
0.40845 -0.09303 -0.00968
0.40885 -0.09127 -0.03524
0.40679 -0.10040 -0.01734
-0.42217 0.04631 0.03496
-0.43373 -0.06178 0.00553
0.04117 -0.06784 0.16428
0.25049 -0.06526 0.16472
-0.32114 -0.04249 -0.17639
0.36603 -0.03128 -0.11014
-0.22378 -0.13223 -0.12998
-0.41931 0.07877 -0.05078
0.18578 -0.07594 -0.06654
0.15680 -0.08766 -0.06791
0.16425 -0.08463 -0.02215
0.15990 -0.08639 -0.03996
-0.00751 0.13149 0.01937
-0.19737 -0.01781 -0.10120
-0.20695 0.00047 -0.10120
-0.17905 -0.01976 -0.10120
-0.19741 0.00235 -0.10120
-0.22668 -0.04035 0.14766
0.42665 -0.02102 0.02874
0.38693 -0.00308 0.07304
-0.39211 0.04788 -0.04846
0.36370 -0.02898 0.11950
0.36706 -0.02862 0.12676
0.30554 -0.07442 0.12120
0.40629 -0.03228 -0.00474
0.38431 -0.08104 0.05347
-0.41470 0.07789 0.01455
0.03930 0.04227 -0.15013
0.40024 -0.02000 -0.10854
0.25049 -0.08794 0.06033
0.17855 -0.08910 0.02572
0.22719 -0.08832 0.06812
0.23860 -0.08814 0.05731
0.21435 -0.08852 0.05267
0.17619 -0.08914 0.05236
0.21769 -0.08847 0.06971
0.20364 -0.08870 0.06187
0.17826 -0.08910 0.06552
-0.29057 -0.01323 -0.15929
-0.26159 0.08831 -0.00688
-0.27355 0.08401 -0.01233
0.27326 0.00581 0.12747
-0.15171 -0.08905 0.09493
0.06309 0.06369 0.18117
0.13297 -0.07522 0.16720
0.09687 -0.07657 0.16715
-0.08489 0.12091 0.10661
0.13792 0.05720 -0.08376
0.13191 0.06001 -0.08423
-0.22976 0.09297 0.08535
-0.26360 -0.01493 -0.15349
0.20320 0.05000 -0.02910
0.20701 0.04949 -0.02382
0.19510 0.05105 -0.04085
-0.36371 0.04669 0.07374
-0.16444 -0.08889 0.14569
-0.21449 -0.11904 -0.13296
0.41129 -0.11038 0.09323
-0.00394 0.12833 -0.07027
-0.29309 0.04243 -0.14385
0.18650 -0.00749 0.14031
0.17697 -0.01617 0.16089
-0.29182 0.06894 -0.09779
-0.25799 -0.12810 0.14330
-0.17626 -0.00936 0.15288
-0.41748 0.04218 -0.04738
-0.41682 -0.09347 0.09327
-0.17360 -0.01342 -0.13579
-0.16734 -0.02280 -0.11022
-0.19926 0.00950 0.16099
0.20057 -0.03022 -0.13863
-0.29187 -0.01484 -0.18148
0.39539 -0.01375 0.09954
0.25270 0.03106 0.12054
-0.21185 -0.05879 -0.17739
-0.40717 0.02283 -0.03972
0.26487 -0.07059 -0.13863
-0.41038 -0.00326 -0.02849
0.21891 0.03723 0.10426
-0.20604 -0.06677 0.15534
-0.19873 0.00741 0.16684
0.26739 -0.08261 -0.13863
0.39236 -0.00044 0.02632
-0.41880 -0.03124 0.13274
0.07601 -0.04025 -0.16663
-0.02907 -0.03365 -0.16807
0.04995 -0.03531 -0.16726
0.01185 -0.04278 -0.16696
0.03028 -0.04403 -0.16670
0.07525 -0.04790 -0.16600
-0.01905 -0.03626 -0.16776
-0.37941 0.07782 0.00250
-0.04206 0.12915 -0.08090
0.25288 -0.09551 0.13714
0.37583 -0.09159 -0.02207
0.01956 0.12701 -0.01043
-0.35687 -0.06908 0.04978
-0.35680 -0.06872 0.08104
-0.34999 -0.07120 0.07219
0.33747 0.00778 -0.15209
0.36984 -0.01852 0.13846
0.20247 -0.06186 0.16103
-0.09523 0.13004 0.00154
-0.13980 0.12326 0.00118
-0.42299 -0.06606 0.11248
-0.01409 0.11955 0.11146
-0.18898 -0.07216 -0.15618
0.09335 -0.07125 0.16557
-0.00069 -0.07201 0.16797
0.36818 -0.00918 0.01872
0.36169 -0.01399 0.00916
0.33316 0.01928 -0.04660
0.33076 0.02063 -0.03382
0.30081 0.02833 -0.05090
0.32453 0.02236 -0.03490
-0.43410 -0.04389 0.08347
-0.10740 -0.05850 0.16926
0.24214 -0.02788 -0.16252
0.40137 -0.00752 -0.04466
-0.30518 -0.03595 -0.09891
-0.40924 -0.00326 -0.06932
-0.43953 -0.02080 0.02570
0.35879 -0.06816 -0.15921
0.09061 0.07630 -0.11242
0.09815 0.07253 -0.11111
0.33839 0.01868 -0.02885
0.36662 0.01152 -0.00753
0.35779 0.01258 -0.03919
-0.22256 -0.12040 0.14166
-0.41069 0.00670 0.06804
0.16092 -0.02222 0.16860
0.00043 0.13010 0.03198
-0.36851 0.03499 0.00283
-0.39522 0.01798 0.00787
-0.40684 0.01040 0.01731
-0.37685 0.03600 0.08823
-0.01050 0.04490 0.14627
0.18451 -0.01020 -0.17012
0.11049 -0.04936 0.16556
0.10081 -0.04521 0.16599
0.03689 -0.03304 0.16751
0.13000 -0.03982 0.16621
0.07768 -0.04416 0.16626
0.11251 -0.03288 0.16693
0.05461 0.07556 0.13447
0.04628 0.07496 0.13397
0.37415 0.00154 0.08222
-0.13280 0.03626 0.15886
0.16505 0.04698 -0.04460
-0.25844 -0.00036 0.16838
0.33710 -0.06749 -0.09974
0.38550 -0.08207 -0.08031
0.39884 -0.01355 0.05972
-0.16859 -0.01773 -0.12488
-0.37198 -0.04364 -0.11921
-0.39080 -0.01120 -0.11843
0.17667 0.05046 0.08756
0.19461 0.05017 0.05810
-0.24324 0.01610 0.13778
0.15679 -0.07915 -0.14085
0.15710 -0.08728 -0.15381
-0.21246 0.04418 0.15277
-0.20811 -0.04622 -0.15427
0.20693 0.03949 -0.11143
0.19736 -0.02183 -0.10083
0.18909 -0.01695 -0.10106
0.29109 -0.10410 -0.15145
-0.01645 -0.05603 0.16597
-0.07495 -0.04806 0.16711
-0.03745 -0.05204 0.16648
0.05344 -0.05384 0.16563
0.18869 0.04636 -0.10966
0.18770 0.04746 -0.10014
-0.31276 -0.06435 0.13171
0.16157 0.04846 0.12202
0.39593 -0.04147 0.02168
0.38555 -0.04603 0.02383
-0.29361 0.07584 0.03848
0.21788 -0.06897 -0.16252
0.16977 0.05073 -0.09291
-0.41226 0.00127 0.02209
-0.39193 0.03325 -0.03484
-0.39625 0.03034 -0.07034
-0.40279 0.08126 -0.00469
-0.38679 0.08143 -0.00651
0.29379 -0.01611 0.14657
0.16868 0.04699 0.12690
0.05310 -0.06930 -0.16588
-0.22875 0.02887 0.17753
0.19736 -0.04768 0.13571
-0.31951 -0.03115 -0.10120
-0.29057 -0.00461 -0.10120
-0.29949 -0.02897 -0.10120
-0.35851 0.03936 -0.10860
0.26933 0.03397 -0.08023
0.26918 0.03295 -0.09184
0.25899 0.03653 -0.07508
0.15723 -0.07089 0.16825
-0.30505 -0.03531 -0.14512
0.11764 0.03699 0.15646
0.22997 -0.08853 -0.03880
0.27677 -0.08776 -0.04095
0.26062 -0.08813 -0.02582
0.29475 -0.08725 -0.07121
0.25306 -0.08794 -0.06879
0.25498 -0.08803 -0.05217
0.22651 -0.08841 -0.06187
0.24418 -0.08824 -0.04717
0.29062 -0.08744 -0.05405
0.22615 -0.08855 -0.04343
0.19583 -0.03182 0.13698
0.19154 0.00515 -0.15312
0.09844 0.01303 0.16697
0.00747 0.02970 0.16331
0.10289 0.01868 0.16576
-0.02494 0.02914 0.16341
-0.11345 0.12674 -0.03396
-0.09634 0.12920 -0.03733
0.23946 -0.04438 0.13279
0.19920 0.00926 0.15235
-0.19072 0.01777 0.16003
-0.19809 0.00627 0.12888
-0.18542 0.03447 0.16751
0.21504 0.03701 -0.07678
0.27528 -0.06341 0.13714
0.19948 0.04550 0.09992
0.17820 0.04865 0.10434
-0.39336 -0.08545 0.11283
0.35802 -0.03487 -0.15932
-0.17472 0.01853 0.15592
-0.17833 0.02372 0.15432
0.26049 0.03845 0.03277
0.25640 0.03883 0.04336
0.25954 0.03786 0.05271
-0.23899 -0.02569 -0.15349
-0.42921 0.00365 -0.02700
0.39724 -0.02821 -0.09723
-0.25872 0.00127 0.11231
0.25338 0.03823 0.06887
0.26881 0.03529 0.06687
-0.24213 -0.07109 0.11130
-0.37931 -0.04638 0.10697
-0.38370 -0.03792 0.10409
0.06602 0.08452 -0.12557
0.28325 -0.00357 0.17010
0.36362 -0.05786 0.09794
0.35398 -0.08959 0.09610
0.32291 -0.08468 0.09965
0.08022 0.09172 -0.06887
0.06235 0.10183 -0.06664
0.07348 0.09685 -0.05979
0.21571 -0.05936 -0.12112
0.23268 -0.04567 -0.13428
0.20227 0.00751 0.10301
-0.17720 0.10431 0.10715
0.09368 -0.09668 0.16038
0.17003 0.04824 0.11069
0.32961 0.01717 0.14860
-0.29645 -0.09660 0.17282
0.37407 -0.09170 0.03631
0.20182 -0.09859 -0.13863
0.22868 -0.03451 0.13632
-0.14144 0.11321 0.10634
0.30128 0.02304 -0.14002
-0.35449 0.04851 0.05597
0.22147 -0.08621 0.13982
-0.15607 -0.07829 0.12346
-0.17585 0.01686 0.17514
0.06296 0.05955 0.14069
0.16091 -0.04841 0.16749
0.18982 -0.00964 0.11379
0.19234 -0.00681 0.10787
0.18031 -0.03309 0.10712
0.16646 -0.04624 0.14517
0.30164 -0.03456 0.14708
-0.23321 -0.13317 -0.12444
-0.21328 -0.13073 0.15390
-0.12077 -0.07463 0.17290
-0.09340 0.11237 -0.11281
-0.07313 0.11993 -0.10946
0.27471 0.03540 0.12732
-0.28198 -0.00189 0.13685
-0.14772 0.11716 0.08371
0.30749 -0.09456 0.06247
0.28801 -0.02721 0.15628
0.18727 0.00188 0.12173
-0.40060 -0.07300 0.13666
0.13355 0.04237 -0.14913
0.22025 0.01276 0.17128
-0.09929 -0.05957 -0.16934
-0.30692 -0.05338 0.12109
0.34464 0.00923 0.13509
0.29266 -0.07733 0.11470
0.18517 0.00027 0.14069
0.27136 0.00641 0.13714
0.14175 0.06162 -0.02524
0.14683 0.05838 -0.03207
0.09897 0.08573 -0.02635
0.41464 -0.01826 0.04957
0.01422 0.08928 0.12666
0.04242 0.06105 0.13876
-0.02027 0.10477 0.11907
-0.20635 0.01038 -0.12601
0.11380 0.05021 0.14236
-0.34212 -0.09232 -0.15480
-0.27480 0.04786 -0.13411
0.32248 -0.00565 0.13110
-0.22365 0.01237 -0.12410
-0.21255 0.01167 -0.14281
-0.24874 -0.11941 0.13956
-0.29541 -0.05454 -0.17796
0.41518 -0.01932 -0.06849
-0.22062 -0.09421 -0.17797
-0.42209 -0.08777 -0.10743
-0.35204 0.05425 -0.08311
0.27054 0.00781 -0.13582
0.28123 0.00302 -0.13396
0.26365 0.01045 -0.12669
0.37998 -0.07643 0.01072
0.42149 -0.10659 0.09563
-0.17778 0.03099 0.16279
0.09916 0.05554 0.14251
-0.23960 0.09417 -0.04357
-0.20889 0.10303 -0.05831
0.21471 0.01991 0.14840
-0.21567 0.01541 0.12005
-0.30834 0.06500 -0.09069
-0.25597 0.08923 0.04445
-0.22413 0.09934 0.04288
-0.23548 0.09552 0.04761
-0.20075 -0.07508 -0.15618
-0.01219 -0.07078 -0.16867
0.08767 -0.07163 -0.16706
0.21872 0.01277 0.11613
0.21455 0.01183 0.13195
0.40445 -0.00646 0.01125
-0.12758 -0.04353 0.17288
-0.15148 -0.04241 0.18075
0.22179 -0.01009 0.13982
-0.27090 -0.07343 -0.03517
0.30524 -0.01941 0.16857
0.31771 -0.05803 -0.10016
0.29278 -0.06850 -0.10053
-0.16134 -0.07923 0.17873
-0.08411 0.09712 -0.11990
-0.11185 -0.07850 -0.17121
-0.33759 -0.07493 -0.10169
0.31759 -0.05772 0.16800
0.30325 -0.03631 -0.13289
-0.18327 -0.05566 -0.15349
0.17444 -0.06489 0.10088
0.17042 -0.05914 0.10103
0.05946 -0.07699 -0.16896
0.13115 -0.07974 -0.16754
-0.06789 -0.07332 -0.17132
-0.41327 0.03775 0.04895
-0.28385 -0.09904 0.18274
-0.35364 0.05766 0.05624
0.30864 -0.08163 0.15305
0.17170 0.05173 -0.05671
0.27743 -0.11750 0.14161
0.01529 -0.02465 0.16820
-0.08315 -0.00554 0.16909
0.03787 -0.02363 0.16806
-0.01549 -0.01270 0.16855
-0.09561 -0.01845 0.16903
-0.09220 -0.00875 0.16911
-0.29896 0.07488 0.01412
-0.30612 0.07232 0.01491
-0.08973 0.01209 0.17110
-0.32683 -0.01196 -0.17293
0.40869 -0.04751 -0.10994
-0.27736 -0.01092 0.11234
0.18374 -0.01725 0.14527
-0.20041 -0.11570 0.18173
-0.11729 -0.08991 0.17091
-0.35653 -0.07731 -0.15585
0.15717 -0.07231 -0.15668
-0.31636 0.06756 0.04236
0.27587 -0.02884 -0.14131
-0.25544 0.00964 0.11231
0.42292 -0.03336 -0.07789
-0.32145 -0.03464 -0.14692
-0.33847 -0.03595 -0.13815
-0.29011 -0.01065 -0.13086
0.29488 -0.01828 -0.14856
-0.42366 -0.07055 0.09064
0.13404 -0.04389 0.15462
0.13624 -0.00987 0.15564
0.30752 -0.10215 -0.14055
-0.37930 0.07258 0.12425
0.24344 0.02037 -0.16923
-0.22555 -0.05192 0.17590
0.35591 0.01166 -0.05940
-0.17938 -0.11155 -0.16148
-0.15659 -0.06622 0.16385
0.26778 -0.08552 0.13786
0.38526 -0.05993 -0.12204
0.38095 -0.06025 -0.13033
0.37839 -0.06494 -0.13581
0.30210 0.00959 -0.12166
-0.27484 0.06317 -0.11596
0.32505 0.01584 0.10816
-0.42660 -0.08599 -0.08441
0.37956 -0.00359 0.09323
-0.19420 0.08016 -0.11895
-0.40517 0.03564 -0.08131
0.29059 -0.03342 -0.14914
0.15609 -0.03839 0.16902
0.23497 -0.04147 0.11699
0.32737 0.02557 0.12551
0.20388 -0.05065 0.16103
-0.12141 0.07372 -0.12795
0.30504 -0.04019 0.14948
0.41044 -0.02514 -0.02003
-0.40714 -0.02388 -0.14338
-0.19324 0.00454 0.17138
0.21663 -0.13126 0.15045
-0.16443 0.09357 0.11563
0.41349 -0.07919 -0.09110
-0.41990 -0.07511 -0.11346
-0.26383 0.03799 0.16595
-0.29127 -0.08017 -0.17819
0.28967 -0.01319 -0.13322
0.36087 0.00715 -0.08447
-0.25770 -0.09648 -0.15618
0.34070 -0.04548 0.09530
0.41535 -0.08281 0.07643
0.21973 -0.12001 -0.12940
-0.39319 -0.03662 -0.01432
-0.39497 -0.02737 -0.04155
-0.40323 -0.00577 -0.06616
-0.40275 -0.01732 -0.01554
-0.38765 -0.04759 -0.01462
-0.16861 -0.06989 -0.11441
0.24624 0.02769 -0.13145
0.32975 -0.07828 -0.16495
0.01944 0.08648 0.12798
-0.04428 0.10126 0.11920
-0.01676 0.09070 0.12458
0.00712 0.10169 0.12160
0.25689 0.01289 -0.11115
-0.02850 0.13204 -0.04574
-0.43282 -0.01901 -0.09219
0.01782 0.12234 0.07994
-0.39574 0.08001 -0.06228
-0.37076 0.07998 -0.06663
-0.22693 -0.04202 0.12728
-0.23439 -0.02129 -0.15349
0.07095 0.05193 -0.14313
0.19026 -0.10419 0.16320
-0.27926 -0.00284 0.16925
0.28745 0.02901 -0.08512
0.30669 0.02465 -0.07814
0.30124 0.02044 -0.11728
0.13540 -0.00882 -0.16573
-0.40973 -0.00326 0.07409
-0.22266 -0.13208 0.14443
0.31652 0.00163 0.14424
0.14035 0.02329 -0.16309
0.30811 -0.09456 -0.05560
-0.42092 0.01508 -0.03844
-0.15579 -0.08469 -0.10675
-0.15611 -0.08177 -0.12390
0.38238 -0.02922 -0.12199
0.22141 -0.03659 -0.10068
0.23531 -0.04758 -0.10066
0.16706 -0.08350 0.04168
0.15971 -0.08646 0.01257
0.17472 -0.08041 0.07773
0.15833 -0.08704 0.07315
-0.15642 0.03229 0.16512
0.20665 0.01620 0.02046
0.20663 0.01640 0.04124
0.20562 0.02475 0.01801
0.20390 0.03905 0.00106
0.20455 0.03362 0.06086
-0.11584 0.12554 -0.05054
-0.36748 0.06286 0.12717
-0.40306 0.01968 -0.08421
-0.11976 0.02916 -0.16369
-0.41319 0.02172 0.05968
-0.26367 -0.09543 0.15469
-0.22524 0.07522 0.11793
-0.17380 0.11325 0.06909
0.35083 -0.11165 -0.14101
0.36380 -0.11166 -0.14216
0.15372 -0.05875 -0.16782
-0.13369 0.11481 -0.10483
-0.22067 0.00441 0.17527
0.26443 -0.11290 -0.15348
0.20952 0.01366 0.15258
0.40142 -0.03247 0.07114
0.17064 -0.01532 0.11348
0.05024 0.03828 0.15601
0.00073 0.04231 0.14978
-0.00698 0.04150 0.15111
0.18234 -0.09668 0.14001
0.04952 0.09616 -0.11797
0.17558 -0.03159 -0.13372
0.17350 -0.04063 -0.12339
0.16457 -0.05648 -0.13116
0.16875 -0.05707 -0.10933
0.32510 -0.11102 0.11065
0.34074 -0.11001 0.10477
0.34363 -0.11014 0.10983
0.25661 0.01197 0.16348
-0.27423 0.01442 -0.10120
-0.19422 -0.02312 -0.10120
-0.22350 -0.00987 -0.10120
-0.29983 -0.06817 -0.10120
-0.29167 -0.06262 -0.10120
-0.23034 -0.02111 -0.10120
-0.19986 -0.04067 -0.10120
-0.26382 -0.05689 -0.10120
-0.28519 -0.06191 -0.10120
-0.17076 -0.03890 -0.10120
-0.23512 -0.04902 -0.10120
-0.23812 -0.01211 -0.10120
0.39692 -0.01161 -0.06129
0.30862 0.00999 0.13133
-0.22103 0.00445 -0.13953
0.15612 0.05477 0.04147
0.07727 0.05881 0.14405
0.34470 -0.11031 -0.11391
0.33309 -0.11095 -0.11638
0.32319 -0.11198 -0.12767
0.29904 -0.09215 -0.11520
-0.14654 -0.08464 -0.17771
-0.16717 0.04312 0.15008
-0.41753 -0.08996 -0.11776
0.08103 0.09456 0.04683
0.05942 0.10660 0.04358
-0.36656 0.04360 0.09132
0.41746 -0.05744 -0.07511
-0.16866 -0.06075 0.16963
-0.27375 0.06350 0.11596
0.26723 -0.03488 0.13714
0.28222 -0.06675 0.13714
0.41395 -0.10960 -0.10694
-0.15276 0.09438 0.11650
-0.16441 -0.02769 0.13408
0.24712 0.00395 -0.12188
-0.35324 -0.08349 -0.01273
-0.35410 -0.08470 0.03888
0.42430 -0.08296 0.07938
-0.04497 0.08275 0.12699
-0.03470 0.07520 0.13047
-0.01374 0.06004 0.13748
0.02822 0.05397 0.14121
-0.05399 0.06230 0.13540
0.03351 0.06153 0.13816
-0.04681 0.05695 0.13787
-0.06204 0.08634 0.12500
-0.06743 0.06304 0.13471
0.02456 -0.09591 0.16064
0.25164 0.00379 0.16492
-0.31095 -0.07233 -0.10371
-0.23782 0.04945 -0.13859
-0.16188 -0.03565 -0.12127
-0.15744 -0.05146 -0.10373
0.29630 0.03105 0.11397
0.39469 -0.00198 -0.03669
0.37993 0.00383 -0.04119
-0.05766 -0.07786 0.16823
-0.18874 -0.01141 -0.17584
-0.31125 -0.00896 0.17657
0.26390 -0.11728 0.09451
-0.12979 0.12442 0.02540
-0.09918 0.12915 0.02316
0.03903 0.11557 0.06124
0.16888 0.04868 0.02766
-0.15359 0.11866 0.05768
-0.20465 0.03097 -0.14923
0.31700 0.01587 0.13784
-0.39116 0.03378 0.02053
-0.38486 0.03803 0.02684
-0.30368 -0.08043 -0.14251
-0.37713 0.07745 0.02658
-0.14552 0.03813 -0.15746
0.37333 -0.06053 -0.10197
0.32525 0.01337 0.14449
-0.34353 0.02126 0.15250
0.18629 0.05286 -0.03686
-0.29500 -0.05148 0.17387
0.33547 0.02078 -0.11675
-0.29084 0.07624 -0.04987
-0.18823 0.08611 -0.11673
0.36932 -0.00894 -0.12255
-0.18023 0.00252 -0.16882
-0.40148 -0.09671 0.12149
-0.23104 0.09647 0.05557
-0.20456 0.10558 0.04125
-0.39312 -0.05810 0.14933
-0.43006 -0.07170 0.04762
-0.23100 0.01290 -0.13229
-0.21977 0.01275 -0.18074
0.26763 -0.08790 0.16109
-0.14974 0.11721 -0.08019
0.41175 -0.04003 -0.02959
-0.41420 0.00783 -0.06031
-0.43129 -0.01045 -0.09183
0.15759 -0.06369 0.14046
0.23017 0.01401 0.10304
0.23683 -0.09271 -0.14131
0.32418 -0.00447 -0.13696
0.15648 0.04262 0.14750
0.32194 -0.07709 0.16644
0.24051 -0.12057 -0.13601
0.35598 0.00317 0.12252
0.29436 -0.04504 0.15729
0.30659 0.01534 0.12296
0.39957 -0.01978 0.07242
0.43529 -0.03058 0.01509
-0.40767 0.00366 0.12677
0.16775 -0.02445 0.13751
-0.21799 0.04983 -0.13883
-0.17379 -0.08243 0.16879
0.23925 0.02779 -0.13553
-0.24597 -0.13149 0.14508
-0.18801 -0.08801 -0.15404
-0.10043 0.04391 -0.14779
-0.06280 0.04319 -0.14877
-0.05281 0.04233 -0.15009
-0.39759 0.04889 -0.00904
0.02998 0.12332 -0.03942
-0.27344 -0.06437 -0.15349
-0.07744 0.08827 0.12375
-0.05821 0.05364 0.13895
0.01824 0.06533 0.13613
-0.05227 0.10018 0.11941
-0.03326 0.09002 0.12423
-0.05240 0.06955 0.13238
-0.07536 0.05669 0.13718
-0.08593 0.05848 0.13613
0.44034 -0.05015 -0.00469
0.36721 -0.09202 -0.01590
0.37450 -0.09163 -0.00331
0.35015 -0.09295 -0.06546
0.35061 -0.09297 -0.09459
0.00575 -0.05060 -0.16634
-0.03055 -0.04460 -0.16715
-0.02689 -0.05493 -0.16624
-0.07918 0.13109 0.02646
0.21779 -0.04946 0.13409
-0.28689 0.07906 -0.00964
0.37655 -0.00502 -0.08845
-0.10303 0.06213 0.13397
-0.08812 0.09400 0.12093
-0.40441 0.05334 0.10162
0.29275 -0.01828 0.16255
0.30451 -0.04660 -0.16584
-0.39040 0.03197 0.09428
0.27838 -0.10166 -0.12671
-0.21931 -0.06855 -0.13655
0.20163 -0.12615 0.10385
-0.38641 0.07153 0.09358
0.33526 -0.01209 0.16069
0.30338 -0.00902 -0.10019
0.27305 -0.04657 -0.10078
0.28818 -0.03997 -0.10054
0.27361 -0.05261 -0.10079
0.32581 -0.03065 -0.09998
0.31056 -0.01089 -0.10010
-0.18815 0.02747 -0.15206
-0.18552 0.02179 -0.15358
-0.32884 -0.07847 -0.00741
-0.36228 -0.06735 -0.00952
-0.37204 -0.06416 -0.00544
-0.35715 -0.06858 -0.05248
-0.36362 -0.06647 -0.04917
0.16128 -0.00507 -0.15322
0.16301 -0.02127 -0.15220
-0.33614 -0.07970 0.13994
-0.35304 -0.09020 0.13662
0.30501 -0.04114 -0.11406
0.29941 -0.02693 -0.12147
-0.38318 -0.02874 -0.15414
-0.17221 0.10866 -0.09849
-0.40495 0.07583 -0.00298
-0.41751 0.08065 0.05619
0.22164 -0.04602 0.16065
-0.23758 0.00518 0.16160
0.13994 0.06119 0.04685
0.11709 0.07428 0.04710
0.25989 -0.05199 -0.16344
0.31413 0.01706 0.13276
0.21173 0.00206 0.15613
0.37384 -0.10553 -0.15507
0.29954 -0.04558 0.16863
-0.17908 -0.09270 0.14178
-0.36979 0.07579 0.07672
-0.29357 -0.10059 -0.12362
-0.35791 -0.07386 0.07095
-0.38041 0.00123 0.13628
-0.30322 0.06908 -0.07533
-0.07092 -0.09190 0.16785
-0.39364 -0.06432 -0.10469
0.38249 -0.05717 -0.00100
0.38279 -0.05486 -0.02548
-0.05229 0.12842 0.08645
-0.24909 0.01533 -0.14039
-0.43711 -0.00979 -0.04040
-0.05994 0.13159 0.05197
0.18879 -0.11879 0.10220
0.17474 0.04970 -0.09958
-0.24555 -0.10378 0.15201
0.10983 0.06648 0.11106
0.23974 -0.01868 -0.16681
0.31567 0.02945 -0.13666
0.33855 -0.07695 -0.09203
0.16928 -0.05188 0.15811
0.17559 0.04932 0.09618
0.19869 0.04550 0.07346
0.38111 0.00051 0.00548
-0.36421 0.01908 -0.14164
-0.16326 -0.03083 -0.13528
-0.38543 0.04622 -0.00392
0.16459 -0.05901 0.16863
-0.41262 -0.08921 -0.08682
0.22251 -0.04442 0.11403
-0.38394 0.03721 -0.08979
0.00582 0.12963 -0.01117
0.31907 0.00935 -0.13369
0.21427 -0.07492 -0.13855
0.43616 -0.03445 -0.02764
-0.29130 0.07354 0.07456
0.28000 0.03443 -0.04068
0.28154 0.03456 -0.02983
0.28150 0.03352 -0.05600
-0.24225 -0.06443 -0.17739
0.19446 -0.00022 -0.12344
0.18091 -0.01263 -0.15161
0.31453 -0.09422 0.16829
0.41104 -0.05439 0.11174
-0.20906 -0.08363 0.02604
-0.21624 -0.08375 0.01448
-0.29118 -0.08494 0.01377
-0.27243 -0.08464 0.00739
-0.21198 -0.08368 0.05296
-0.21777 -0.08377 0.02517
-0.22473 -0.08388 0.06195
-0.27161 -0.08463 0.01624
-0.32117 0.00709 -0.16800
0.21784 0.04009 -0.12261
0.26569 -0.01430 0.13982
-0.31397 0.04551 0.12317
0.20700 -0.12837 0.15491
-0.05221 -0.06934 0.16734
-0.26806 0.00596 0.12618
0.07801 0.06577 -0.13893
0.02620 -0.06182 -0.16550
-0.24222 -0.13198 0.16363
-0.40666 -0.06512 0.12854
0.31773 -0.11228 -0.13095
0.31976 -0.11308 -0.15250
0.07320 0.08127 0.12399
-0.15689 -0.05305 0.12915
-0.38520 -0.06813 -0.08913
0.20520 -0.08885 -0.00097
0.28920 -0.08780 -0.00615
0.18709 -0.08907 -0.05516
0.27328 -0.08800 -0.01042
0.18445 -0.08911 -0.04434
0.16937 -0.08929 -0.04362
0.20035 -0.08891 -0.03493
0.21846 -0.08868 -0.01352
0.25381 -0.08824 -0.02194
0.36763 -0.11140 -0.15551
-0.36448 0.05045 -0.02012
-0.36658 0.05013 -0.00398
0.23441 -0.02779 -0.10092
0.25756 -0.05046 -0.10088
0.26070 -0.01177 -0.10074
0.25818 -0.03776 -0.10084
-0.41052 0.04158 -0.07888
0.33032 -0.00295 -0.11399
0.30415 -0.03594 -0.15341
0.20601 0.01793 -0.16830
0.31824 0.00253 -0.12563
-0.28522 0.07868 0.04429
-0.41591 0.02363 -0.00411
0.40802 -0.01401 0.00373
-0.24085 0.03938 -0.16633
0.22840 0.00540 -0.14737
0.19542 -0.12279 0.13207
0.00925 0.03333 -0.16056
0.07914 0.03168 -0.16193
-0.18062 -0.01583 -0.18468
-0.28991 -0.03202 -0.11634
-0.16564 0.03523 -0.16320
-0.30792 -0.03974 0.15323
-0.09038 -0.04324 -0.16833
-0.29798 -0.00278 -0.15803
-0.38890 -0.09096 -0.11933
-0.40408 0.08084 0.02518
-0.41024 0.08073 0.02682
-0.25407 0.08595 -0.08212
-0.22291 0.09581 -0.08169
0.05375 0.06712 -0.16972
0.23279 0.02461 0.16531
0.29544 -0.05321 -0.12332
0.16550 0.04832 -0.02075
0.31190 -0.00523 -0.12854
-0.20418 0.01058 0.17779
0.21120 0.03712 -0.10020
-0.17006 -0.04436 0.13343
-0.08218 -0.06423 0.16704
-0.10494 0.12832 -0.02000
0.33176 0.01515 -0.15050
0.38051 -0.00200 -0.08374
0.36409 -0.08765 0.09999
-0.15412 -0.10111 0.16354
-0.27800 -0.06007 0.15201
-0.31888 0.03454 -0.15022
0.37293 0.00801 0.02061
0.36718 0.01041 0.02084
-0.16642 -0.02373 -0.17199
-0.25991 -0.08017 -0.15618
-0.23094 0.02438 0.18036
0.16727 -0.09495 -0.10919
-0.37592 0.03820 0.09682
0.26120 0.00413 -0.13317
0.25105 0.00704 -0.14967
-0.27977 -0.10776 0.18336
0.15794 -0.04941 -0.10858
-0.18724 -0.08545 -0.08523
-0.20085 -0.08374 -0.09909
-0.18069 -0.08554 -0.06043
-0.16077 -0.08957 -0.07806
0.28174 -0.03656 -0.16495
0.22111 0.04094 -0.14311
-0.28256 0.03851 0.15957
0.20269 -0.00168 -0.16208
-0.20356 0.00845 0.11258
0.32147 0.00059 -0.11027
0.37506 -0.03963 -0.15471
-0.15925 0.11902 -0.02261
0.18777 0.03538 -0.15668
0.31743 0.01989 0.11897
0.27034 -0.00738 -0.15291
-0.39225 0.04933 0.09500
0.33930 0.01031 -0.10659
-0.16295 -0.08725 0.00769
-0.16638 -0.08895 0.06163
-0.16710 -0.08757 0.02601
-0.18177 -0.08699 0.04472
-0.17853 -0.08565 0.00096
-0.22596 0.09335 -0.08918
-0.17674 -0.08955 -0.14791
-0.21895 0.03855 -0.16670
-0.02681 0.12134 -0.10980
-0.29621 -0.09715 -0.14531
0.42882 -0.05750 -0.06701
-0.36499 0.00048 0.15375
-0.35479 -0.01248 0.13671
-0.34786 -0.02409 0.13680
-0.35988 -0.04882 0.12378
0.15590 -0.06410 0.10160
0.42528 -0.05980 0.03453
0.30434 0.02481 0.07492
0.31100 0.02221 0.08011
0.27630 0.03018 0.09981
0.26992 -0.11632 0.16817
0.39158 -0.05554 0.08230
-0.25252 0.01059 -0.10025
-0.24382 0.01342 -0.12627
-0.26387 0.06423 0.11851
-0.17518 -0.02995 0.14246
0.16398 -0.08474 0.00067
0.21205 -0.06532 0.00638
0.20774 -0.06706 0.08389
0.16877 -0.08280 0.00429
0.19766 -0.07113 0.03118
-0.18580 -0.10968 -0.17739
-0.20956 -0.12952 -0.17082
-0.41958 -0.00698 -0.00957
-0.13059 -0.08991 -0.02633
0.06283 -0.08916 -0.01778
0.02200 -0.08932 -0.01389
0.15307 -0.08881 -0.00703
0.03377 -0.08927 -0.01945
0.24405 0.01602 -0.11344
0.35833 0.01111 0.05661
-0.39288 0.01841 0.04959
-0.40257 0.01181 0.06852
-0.37691 0.02905 0.02755
-0.35710 0.04074 0.06056
0.22129 -0.07496 -0.13940
-0.34785 0.03988 0.11580
