0.29505 -0.00425 0.03629
0.18801 -0.10060 -0.12205
0.17664 0.04663 -0.12585
0.08130 0.03647 0.03841
0.33019 0.02319 -0.15270
0.26367 0.00654 -0.04618
0.24809 0.01222 -0.04556
0.28504 0.01433 -0.04704
0.10815 0.05512 0.14690
-0.37311 0.06525 -0.02412
0.05171 -0.04318 -0.03857
-0.36671 0.06762 -0.04717
0.31880 -0.06401 0.17425
-0.26531 0.10160 -0.13729
0.04011 -0.05286 0.06866
0.21752 -0.05707 0.09385
-0.31588 -0.02225 0.02520
-0.31023 -0.02231 0.04004
0.12120 -0.07591 0.13691
0.36566 0.01022 0.14764
0.01032 0.11577 -0.08385
0.28832 -0.05030 -0.17794
0.23064 -0.02888 -0.14618
0.24035 -0.11128 -0.05532
0.24210 -0.11137 0.07080
-0.23042 0.02530 -0.18133
-0.19694 0.03132 -0.17886
-0.20752 -0.05128 0.15511
-0.39326 0.04543 -0.08564
-0.24821 -0.03046 0.11612
-0.24377 -0.07105 0.14280
0.15441 -0.04407 -0.16270
-0.15354 -0.09131 -0.13656
-0.04836 -0.01070 -0.10216
-0.19828 0.12677 0.09412
-0.23405 -0.07823 0.16236
0.13261 -0.00976 -0.01958
0.03060 -0.06892 0.04379
0.26775 0.02914 -0.15170
0.27883 -0.11804 0.13506
0.28774 -0.07090 0.12938
0.20282 -0.09466 -0.04278
-0.13203 -0.08599 -0.17483
0.14467 -0.08858 0.10294
0.13003 -0.08858 0.07105
-0.35719 -0.07324 0.04185
0.28203 -0.02487 -0.13963
0.11550 0.01626 0.08775
0.07672 -0.08984 0.15857
0.15878 -0.07641 -0.14889
-0.33896 -0.02590 0.15550
-0.05179 0.08498 -0.03976
0.32776 -0.07745 0.12790
-0.03363 0.00050 -0.06543
-0.26313 -0.01377 -0.10763
0.04717 -0.05230 -0.07948
0.20783 0.01238 -0.00552
0.19407 0.01238 -0.01806
-0.23345 -0.08016 0.14452
-0.18716 0.03860 -0.17589
-0.23316 -0.03068 -0.17263
0.13387 0.05723 0.09561
0.13306 0.05788 0.06220
0.43438 -0.04023 -0.07319
-0.24259 -0.06231 0.13326
0.05350 0.00992 0.16886
0.00843 0.00421 0.16997
0.12051 0.00144 0.17024
-0.04915 0.00114 0.17063
-0.31805 -0.04879 0.16527
0.43004 -0.04076 -0.03277
-0.18763 -0.03492 -0.15358
0.41406 -0.09240 0.12034
0.40442 -0.09287 0.03789
0.24865 -0.00967 0.03301
0.25076 0.02898 0.09735
0.43201 -0.04814 0.10770
0.13499 0.04501 -0.15857
0.24514 0.04442 -0.09021
-0.12642 0.09494 -0.14385
0.41935 -0.02580 0.04275
0.17837 -0.07512 -0.01849
-0.18335 -0.07085 -0.18418
0.03488 -0.06155 -0.12393
-0.21188 -0.10473 0.13713
0.00962 0.12770 -0.03793
-0.41190 0.02483 -0.00005
0.26815 0.00763 0.01770
-0.06950 0.07111 0.09168
-0.35956 -0.07017 0.14232
0.13061 0.01007 0.04404
-0.15455 0.11239 -0.11444
-0.27105 -0.05200 -0.14170
-0.39829 0.04074 -0.12476
-0.40086 -0.02403 -0.16600
0.01975 -0.07214 0.14249
0.28064 -0.11075 0.06755
0.28379 -0.11039 0.05152
0.27951 -0.11089 -0.05721
0.05614 0.08564 -0.13508
-0.23836 -0.05448 -0.13552
0.00972 -0.03072 0.02229
-0.24087 -0.13956 -0.13898
-0.00785 -0.08858 -0.10552
-0.00222 -0.08858 -0.08556
0.04741 -0.08858 -0.11735
0.06188 -0.08858 -0.11932
0.04791 -0.08858 -0.12734
0.01038 -0.08858 -0.10840
0.01839 -0.08858 -0.14517
-0.19933 -0.06669 0.16197
-0.25301 -0.03877 0.11261
-0.23986 -0.03830 0.16725
0.16883 0.05818 0.05858
0.33484 -0.05383 0.09932
-0.20970 0.12135 0.07246
0.10820 0.04251 -0.17393
-0.10210 0.07207 -0.15200
-0.25410 -0.05560 0.05715
-0.28456 0.05299 0.14862
-0.14834 -0.06785 -0.01309
0.24418 -0.03982 -0.16285
0.26038 0.03485 -0.07734
0.11539 0.04472 0.12889
-0.41264 0.03657 -0.03642
0.13639 0.07297 0.07854
0.12419 0.07660 0.09671
0.16411 0.05146 0.09688
0.14920 0.05442 0.12572
-0.12034 0.11926 0.11318
0.26927 -0.10259 -0.10380
0.02144 -0.05354 0.11588
0.19494 -0.06650 -0.17563
-0.30144 -0.00237 -0.18110
-0.30280 -0.06268 0.03137
-0.30280 -0.07102 -0.07062
0.26279 0.03672 -0.12281
0.34723 0.02201 -0.09920
0.31514 0.02627 -0.14582
0.30790 0.02837 -0.12407
0.24908 0.03831 -0.14929
0.35533 0.01936 -0.13213
0.22558 0.04249 -0.15358
0.34097 0.02271 -0.11193
-0.17768 -0.00486 0.02726
0.10316 0.06117 -0.14945
0.26653 -0.06736 0.15580
0.02847 -0.05260 -0.04994
0.42123 -0.07126 -0.10599
-0.25989 -0.03828 0.16756
0.41476 -0.08500 -0.13828
0.27708 -0.13946 -0.13949
0.10078 0.00505 0.01271
-0.23856 -0.04304 -0.11609
0.16367 -0.07762 -0.12502
0.16579 -0.07566 -0.10539
-0.27278 -0.00012 0.16773
-0.19968 0.12227 -0.05360
0.29315 -0.13676 -0.18289
0.37753 -0.09446 0.00120
0.39739 -0.09358 0.04661
0.38813 -0.09399 0.01390
0.38145 -0.09428 -0.05863
0.39054 -0.09388 -0.02560
0.38502 -0.09413 0.05471
0.15852 0.05091 0.06013
0.19154 -0.05462 -0.19043
-0.03299 0.04941 0.11841
0.12668 0.04742 -0.13401
0.37668 -0.01565 -0.17014
-0.10324 0.10153 -0.14423
0.41741 -0.02938 -0.15587
-0.23972 -0.06167 -0.11739
0.21436 -0.02661 0.01984
0.08378 0.04973 0.05311
-0.23819 -0.09149 -0.14668
-0.16319 -0.10144 -0.14549
-0.41353 -0.07580 0.02556
-0.07474 0.13799 0.10078
-0.06131 0.14098 0.06936
-0.06413 0.13818 0.09745
-0.20039 -0.10536 0.11986
-0.19880 -0.10527 0.06545
-0.19716 -0.10518 0.13256
-0.05343 0.05731 0.08731
-0.05288 -0.08858 -0.07598
-0.02225 -0.08858 -0.05411
-0.01825 -0.08858 -0.08310
-0.06043 -0.08858 -0.06048
-0.06983 -0.08858 -0.03984
-0.05913 -0.08858 -0.04393
-0.02965 -0.03882 0.03894
0.02348 -0.05356 -0.06996
-0.01530 -0.04443 0.09154
-0.18268 0.07214 -0.05922
-0.19396 -0.10574 -0.18759
0.29619 0.00985 -0.14169
-0.34949 -0.01336 0.13767
-0.25046 0.01076 0.11369
-0.18743 -0.03514 0.13448
0.17293 -0.06909 0.12496
0.15958 -0.08139 0.12670
-0.17932 0.02128 0.01141
0.25956 -0.00213 -0.11993
0.28756 -0.08970 -0.02264
0.33563 -0.08970 -0.01774
0.33765 -0.08970 -0.02500
-0.02546 -0.04489 0.10181
0.21262 0.05171 -0.02261
0.27913 0.03831 -0.03171
0.29874 0.03461 -0.01318
0.22550 0.04898 -0.03595
0.24393 0.04560 -0.00977
0.27535 0.03914 -0.02560
0.22371 0.04894 -0.06891
-0.11326 0.05366 0.14719
0.20098 0.00425 -0.05131
0.20098 -0.02193 -0.01286
0.20098 -0.00805 -0.04492
0.20098 -0.01783 -0.04314
-0.25921 0.09372 -0.11143
-0.04333 0.01700 -0.07315
-0.26615 -0.01693 0.14715
0.34489 -0.08443 0.15654
0.11324 0.03599 -0.03760
0.13125 0.05132 -0.11557
0.31702 -0.10179 0.03320
0.34812 0.00976 0.00622
-0.38358 -0.07400 -0.13508
-0.29668 -0.03587 -0.12989
-0.24972 -0.09033 -0.17355
0.11356 0.06279 0.13982
0.26816 -0.04354 -0.13405
-0.40971 -0.05412 -0.12915
0.21680 -0.00300 -0.07698
0.11920 0.04941 0.14107
0.24444 -0.08587 0.00762
-0.23252 0.03594 -0.15690
-0.19657 0.12393 -0.02042
0.35863 -0.06879 -0.17235
0.26345 -0.01854 -0.17137
-0.15683 -0.04908 0.13391
-0.22403 -0.05449 -0.05649
0.17505 0.04430 -0.11298
-0.05835 0.11787 -0.06422
-0.00067 -0.05382 -0.08897
-0.41521 -0.01702 0.00951
-0.06888 -0.09776 0.14886
0.09803 -0.10035 0.14484
-0.08215 -0.10115 0.14359
0.11305 -0.02007 0.01663
-0.30084 -0.05647 -0.14690
0.39381 -0.05650 0.15629
0.06549 -0.05435 0.01087
0.02163 -0.07426 0.01654
0.03356 -0.05526 0.00881
0.15642 -0.02820 -0.02838
-0.30606 -0.07639 -0.02159
-0.14149 0.09089 0.13615
-0.21522 0.08976 0.13462
-0.18699 0.08228 0.13928
0.33548 -0.08729 0.07899
0.25510 0.04269 -0.06974
0.34018 0.02620 -0.02822
0.33052 0.02768 -0.08500
0.32068 0.02987 -0.05164
0.32346 0.02916 -0.07266
0.30846 0.03241 -0.03497
0.32562 0.02882 -0.06202
-0.20500 -0.05896 -0.08686
-0.06972 0.07383 0.06288
0.34343 -0.00307 0.03228
0.30521 -0.07965 0.16759
-0.17550 -0.02632 -0.14191
-0.16301 -0.03074 -0.14782
-0.16058 -0.07641 -0.13574
-0.41013 -0.02543 0.13823
0.07982 0.09058 -0.14423
-0.27966 -0.09523 0.14011
-0.04392 0.06101 -0.13180
-0.41586 -0.03258 -0.17402
0.12609 0.06701 0.13753
0.11527 0.07553 0.13115
0.13857 0.05984 0.13159
0.18869 -0.04791 0.03049
-0.36700 0.06629 0.10094
0.36568 -0.03558 -0.17770
-0.10825 0.11634 -0.13811
-0.02418 -0.05068 -0.02191
-0.16342 0.07468 -0.11387
0.16084 -0.01681 -0.15561
0.25674 0.00746 0.10195
-0.18890 0.12918 -0.09849
-0.11299 0.09666 0.13330
-0.29267 -0.09592 0.13552
-0.04116 0.02058 -0.10037
0.27848 -0.06455 0.14336
0.04409 0.09832 -0.12685
-0.29911 -0.03957 -0.16704
0.11803 0.03471 0.02497
-0.24828 -0.02489 0.08967
-0.11401 -0.08591 -0.10606
-0.11339 -0.08853 -0.08464
0.41587 -0.01611 -0.01896
-0.01831 -0.02583 0.10933
-0.05948 -0.08658 0.00706
-0.26688 -0.11241 -0.16085
-0.03221 -0.04634 -0.06028
-0.21550 -0.09733 0.15887
0.00668 -0.05433 -0.06377
-0.02380 0.01549 0.03230
-0.40953 0.04389 -0.10018
-0.23461 0.05879 0.15002
-0.29052 0.06865 0.14325
-0.26048 0.05960 0.14882
0.24183 -0.06784 0.15899
-0.33409 -0.07215 0.15504
-0.21329 -0.04613 -0.17981
0.29847 -0.07824 0.13047
-0.13104 -0.01938 -0.15561
0.22029 -0.05250 0.12233
-0.25313 -0.13959 -0.18418
-0.11696 -0.04995 -0.05734
-0.17780 -0.03398 -0.10263
-0.12392 -0.04856 -0.07801
-0.17034 -0.03665 -0.12251
-0.15346 -0.04181 -0.13524
-0.17536 -0.03492 -0.11156
-0.12953 -0.04790 -0.11093
0.26468 0.01201 0.10544
0.12896 -0.00821 -0.07822
-0.11413 -0.08638 0.15784
0.41634 -0.01192 -0.08039
0.06941 -0.05023 0.09000
0.02690 -0.03467 -0.00686
0.24385 -0.03028 0.02120
-0.17197 -0.03177 0.06717
-0.03020 -0.04366 0.00449
0.33708 -0.07651 -0.10836
0.32003 -0.07379 -0.10836
-0.30282 0.08768 0.12685
-0.04498 0.01561 -0.08008
-0.25807 -0.07810 -0.06158
-0.40131 -0.08066 0.00674
-0.36110 0.01327 0.15826
-0.34859 0.01093 0.15967
0.27708 0.02754 -0.14606
0.10036 -0.02921 -0.01418
-0.05962 0.10170 -0.06837
-0.31402 -0.08429 0.11582
0.43186 -0.05160 0.12106
-0.18764 0.12227 0.11018
0.26658 -0.01375 0.11611
-0.40692 0.05562 -0.02453
0.32366 -0.07566 -0.01738
-0.36394 -0.03358 -0.16947
-0.03616 -0.03855 -0.06185
-0.28269 -0.05752 -0.12447
0.38203 0.01476 0.10391
0.39436 0.01320 0.06846
-0.24718 -0.08774 0.12317
-0.39665 0.03731 0.04393
0.37876 -0.03652 0.15873
-0.14016 0.01882 -0.18456
-0.26903 0.09258 0.12558
0.19130 -0.08578 -0.15460
-0.28159 -0.11671 0.16921
-0.19320 0.13210 0.03855
0.00613 -0.04968 -0.01183
0.21732 -0.01783 -0.04331
-0.29179 0.02551 0.16078
-0.06017 0.00720 0.06647
0.13509 -0.01910 -0.12876
-0.08383 -0.06718 -0.00947
0.23783 -0.01402 0.15064
-0.15212 -0.05298 0.17213
0.15706 0.00606 0.14859
0.28198 -0.11736 -0.18213
0.22995 -0.13242 0.16782
0.36466 0.01779 0.11090
0.37693 0.01525 0.11901
0.36693 -0.04824 0.08920
0.36693 -0.04096 0.08973
-0.32295 0.07345 -0.14691
-0.09031 0.09787 0.12163
-0.17434 -0.02152 0.12380
-0.16184 -0.03091 0.08555
-0.15454 -0.03497 0.07024
-0.12397 -0.04612 0.03499
0.20404 0.01613 -0.09386
-0.33310 -0.08093 0.02950
-0.40030 -0.08093 -0.02901
-0.37852 -0.08093 -0.01224
-0.37246 -0.08093 0.01364
-0.32236 -0.08093 0.01940
-0.39227 -0.08093 -0.02067
-0.25931 -0.02815 0.10397
-0.00684 0.13951 -0.08844
0.02045 0.13922 -0.08746
0.01371 0.13759 -0.10787
-0.22185 -0.10387 0.14905
-0.18130 0.13393 0.07573
0.19606 0.04462 0.13173
0.10769 0.02495 0.03902
0.29943 -0.08741 -0.13782
-0.19352 -0.02858 0.17325
-0.21391 -0.05384 0.01671
-0.41955 -0.01995 0.00852
0.14652 -0.07463 0.14589
-0.38606 0.06403 0.11721
-0.21483 -0.09005 -0.09157
0.21483 -0.05505 -0.11605
0.27417 -0.07690 0.14637
0.17737 0.04853 0.08332
-0.08589 0.13352 0.11006
-0.25928 0.03672 -0.13003
0.21825 0.00041 0.03747
-0.38451 -0.07895 -0.10265
-0.33180 -0.08317 0.12901
-0.38256 -0.07911 -0.05510
-0.38450 -0.07895 0.05132
-0.37849 -0.07943 -0.03723
-0.35175 -0.08157 0.05788
-0.35767 -0.08110 -0.00729
-0.36868 -0.08022 0.00429
-0.35658 -0.08119 0.00309
-0.38531 -0.07889 0.04098
-0.36197 -0.08075 0.11310
-0.33430 -0.08297 0.12126
0.26477 0.02307 -0.17157
0.23247 0.03184 -0.17029
-0.24883 -0.05981 0.04666
0.38877 0.00425 -0.09623
0.26619 -0.01979 -0.14881
-0.35901 -0.08093 -0.10103
-0.32901 -0.08093 -0.08207
-0.16961 -0.10231 0.07350
-0.17231 -0.10273 -0.00983
-0.18177 0.13648 0.02651
-0.43618 -0.02807 -0.01509
0.22437 -0.10369 0.08907
-0.28163 -0.08914 -0.17380
-0.36904 0.05411 -0.15408
-0.25739 -0.08551 0.09665
-0.03008 0.02202 -0.18378
-0.02263 0.02155 -0.18391
0.05884 0.02455 -0.18199
0.10843 0.03445 0.06940
0.06308 -0.07399 -0.01722
-0.30485 -0.08766 0.09450
-0.30652 -0.08699 0.01748
0.11624 0.06470 0.10285
-0.22949 -0.08849 0.07225
-0.03752 0.01356 0.02890
0.23354 -0.00133 0.12188
0.12905 -0.00821 0.02605
-0.20178 0.10549 0.11383
0.23887 0.03400 0.13702
0.25854 0.03505 -0.09588
0.10533 0.04795 0.02300
0.29838 -0.08011 -0.15165
-0.09693 0.13078 -0.12557
0.09496 -0.05988 -0.00873
0.08066 -0.07891 -0.00402
0.20097 -0.00652 -0.11564
0.20097 0.02572 -0.11039
0.41940 -0.03935 -0.16818
-0.25980 0.00246 0.16826
-0.12909 -0.04389 0.17323
-0.21030 -0.07767 -0.06379
0.35789 0.00596 0.05796
0.23192 0.01641 0.01969
0.30581 0.01771 0.01670
0.42669 -0.06403 0.04776
0.04909 -0.06585 -0.05122
0.32604 0.00842 0.09585
-0.09705 -0.08858 0.04676
-0.09696 -0.08858 0.03547
0.08456 0.11112 -0.04018
-0.37197 0.05312 0.13836
0.32920 -0.05902 -0.01342
-0.40269 -0.06907 -0.10530
-0.21508 -0.06711 0.14113
0.24635 -0.10396 0.07796
-0.23624 -0.02333 0.02048
-0.22973 -0.02338 0.01715
-0.42652 -0.06147 -0.06264
-0.24228 -0.03015 -0.12293
0.19054 -0.10237 0.06440
0.19251 -0.10291 0.08900
0.05395 -0.03929 0.11458
0.07815 -0.05161 0.10941
0.26923 -0.00322 -0.06982
-0.39510 -0.02263 -0.14827
0.28069 0.00287 -0.13332
0.42359 -0.02932 0.08171
-0.32060 -0.07180 -0.17398
-0.05873 0.09799 -0.06455
0.19920 -0.02327 -0.18907
0.07438 0.02663 0.07346
-0.00937 -0.07556 0.05949
0.23859 -0.08154 -0.16909
0.05177 0.11499 -0.01017
-0.29260 -0.06664 -0.16691
-0.30280 -0.04923 -0.07372
-0.30280 -0.06035 -0.04334
0.16870 0.05318 0.08251
-0.06917 0.11384 -0.08481
0.23778 -0.11904 -0.17006
-0.14012 -0.07129 0.10556
0.01844 0.12115 0.03309
0.35636 0.02280 -0.05286
0.36889 0.02006 -0.01619
-0.25975 -0.08811 0.08612
-0.04680 0.02265 0.10121
-0.19373 0.13262 -0.03248
0.20576 -0.03338 -0.10522
-0.27518 0.01994 -0.14002
-0.04973 0.00943 0.03891
-0.30270 0.09208 0.02964
-0.29031 0.09713 0.01199
-0.30638 0.09053 0.03767
-0.25626 -0.08620 0.15252
-0.18312 -0.06628 0.08955
0.21849 -0.00277 -0.04355
-0.09568 0.01018 -0.18610
-0.02876 0.02602 -0.12636
-0.11064 -0.07378 0.01398
0.00195 -0.03869 0.03061
0.42021 -0.02814 -0.07069
0.29619 0.01705 -0.12983
0.09876 -0.04134 0.01315
0.10191 0.02701 0.16378
-0.05689 0.02199 0.16719
0.02488 0.02193 0.16654
0.24306 -0.07352 0.12774
-0.22987 0.11930 -0.04229
-0.21680 0.12390 -0.05784
-0.24213 -0.09250 0.07675
0.05054 -0.04068 -0.02259
-0.21241 0.12617 -0.01246
0.37596 -0.07561 -0.04243
-0.14908 -0.00330 -0.15640
-0.42362 -0.02532 -0.09248
-0.19421 0.06262 0.11969
0.21226 0.00150 -0.04412
-0.32663 0.03145 -0.17390
-0.11374 -0.03770 0.14589
-0.06973 0.08674 0.04920
-0.25086 -0.08844 0.01110
0.00150 -0.08858 0.07476
-0.00711 -0.08858 0.07966
0.02538 -0.08858 0.05631
-0.00589 -0.08858 0.09905
-0.00209 -0.08858 0.06213
-0.00102 -0.08858 0.03111
0.08854 -0.08858 0.03295
-0.18839 0.12718 0.04581
0.25992 -0.11999 -0.15070
0.01563 0.12060 -0.06253
0.32534 -0.07315 0.12527
0.23295 -0.01731 -0.16644
-0.13403 -0.04684 -0.18969
0.24740 0.03654 0.13660
-0.06073 0.10764 0.07834
-0.28088 -0.04579 -0.17816
0.20097 -0.01323 -0.13195
0.20097 0.02280 -0.14031
-0.21254 -0.13166 -0.13520
-0.08884 0.10436 0.12254
-0.21033 -0.13070 0.11973
0.25833 -0.08948 -0.00425
0.31499 -0.08909 0.00291
0.32939 -0.08967 -0.00778
0.30252 -0.08939 -0.00271
0.29781 -0.08882 0.00797
0.31616 -0.08968 -0.00794
0.05085 -0.06631 0.04607
0.11882 0.01171 -0.01543
-0.03483 -0.05196 0.07328
0.32551 0.01420 0.01737
-0.40690 0.03355 -0.16262
-0.28544 -0.02588 -0.17919
-0.05706 -0.06768 0.01119
-0.07073 -0.05909 0.00728
0.04421 -0.04030 0.01930
-0.40945 0.03813 0.13652
-0.41109 0.03419 -0.14345
-0.06145 0.06021 0.07219
-0.05389 0.03305 -0.07604
-0.31649 0.08718 -0.01549
-0.28634 0.09889 -0.01333
-0.29572 0.09488 -0.03599
-0.29889 0.09357 -0.04079
-0.39546 -0.07822 0.10465
-0.40174 -0.07800 0.10667
0.24549 -0.04755 0.13781
-0.06159 0.14331 -0.03935
-0.08763 0.14407 -0.02670
-0.02648 0.14228 -0.05651
0.05147 0.11066 0.12459
-0.22381 0.11014 0.12033
0.18165 0.05292 0.10705
0.20963 0.04560 0.13462
0.29838 0.03020 0.12212
0.19487 0.05069 0.10437
0.25360 0.04003 0.10208
0.20331 0.04907 0.10521
0.23673 0.04364 0.09578
0.16014 0.05095 -0.06145
-0.00236 -0.00785 0.14147
-0.12034 -0.03718 -0.15621
-0.23980 0.11179 -0.12368
0.14656 -0.03709 0.01618
0.00133 -0.06436 0.10887
0.26968 -0.08354 0.09516
-0.25156 -0.05475 -0.17329
0.11275 0.05131 0.16000
-0.05142 0.02813 0.06587
0.36728 0.00894 -0.06509
0.19572 0.05176 -0.10318
0.20225 0.05005 -0.10775
0.18799 0.05249 -0.11290
0.18815 0.05042 -0.13669
0.20436 0.04749 -0.13265
0.23597 0.04192 -0.12306
-0.39676 0.03772 0.14280
0.39205 0.00425 0.08675
0.39064 -0.02802 0.15044
-0.34774 0.07021 -0.14284
-0.30552 -0.07383 -0.16691
0.19672 -0.09944 -0.10796
0.11323 -0.04447 -0.02538
-0.24112 -0.07251 -0.15865
-0.18583 0.11554 0.11512
-0.26273 -0.08962 -0.14375
0.18800 -0.06371 0.17215
-0.05270 0.11103 -0.06079
-0.40318 0.06166 0.02795
-0.39368 0.06381 -0.12510
-0.39278 0.06383 -0.13413
0.16039 0.04991 -0.12870
-0.40998 0.01756 -0.02140
-0.09697 -0.08113 -0.01068
-0.30004 0.08973 0.12104
-0.16512 -0.08799 0.13111
-0.11045 -0.08241 0.15369
-0.21879 -0.08332 -0.06369
0.39376 0.00425 0.07668
0.03892 -0.05214 -0.10761
-0.01928 -0.02741 -0.00740
0.09454 0.04912 0.18262
-0.24618 -0.06253 -0.16520
-0.24852 0.09233 -0.10948
0.03745 -0.05313 0.05328
-0.37924 0.05230 0.06879
-0.18615 -0.01044 -0.15021
-0.25632 0.03513 0.10754
-0.40864 0.05192 -0.02073
0.01313 0.12679 -0.13100
0.06087 0.12461 -0.04521
-0.23606 -0.01244 -0.16605
0.41132 -0.00146 0.03122
0.26210 -0.08293 -0.03150
0.22349 -0.05671 -0.03599
0.19429 -0.04746 -0.03758
-0.05757 0.11783 0.08978
-0.16577 0.10674 0.12546
-0.14303 0.10451 0.12749
-0.16036 0.12074 0.11656
0.10304 0.05158 0.02599
-0.03026 -0.01675 -0.11929
-0.05353 0.12261 -0.10864
0.11328 -0.06645 -0.00312
-0.34233 -0.02232 -0.13783
0.27437 0.03689 0.07666
0.34626 0.02171 0.10006
0.31761 0.02819 0.07852
0.33020 0.02455 0.11047
0.29760 0.03228 0.07586
0.29124 0.03308 0.08903
0.11529 -0.04369 0.01089
0.19200 -0.01464 0.01812
-0.25262 0.01196 -0.12527
0.40691 -0.00452 0.04134
-0.25418 -0.05698 -0.05596
-0.26372 -0.09124 0.14280
-0.15437 0.00027 0.17054
0.17000 0.04806 0.13747
-0.01016 -0.07579 0.07460
0.35143 -0.09620 -0.05651
0.02895 0.10920 -0.12638
-0.41612 -0.07310 -0.01012
0.13967 0.05451 -0.16386
0.34218 -0.03012 -0.17929
-0.14242 0.09049 -0.15297
-0.13285 0.07076 -0.16149
-0.17184 0.07114 -0.16014
-0.35280 0.07022 -0.15630
-0.27268 -0.07294 -0.05088
-0.23039 -0.05758 0.04359
-0.24571 -0.09171 -0.17680
-0.29962 -0.04035 0.15000
0.02111 0.14267 -0.01220
-0.01199 0.14244 -0.03563
-0.02486 0.14250 -0.04006
0.00540 0.14197 -0.04302
0.31023 -0.08786 -0.07388
0.28752 -0.08901 -0.04238
0.25337 -0.08860 -0.03446
0.28858 -0.08716 -0.07706
0.24692 -0.08639 -0.07242
0.27516 -0.08953 -0.02726
0.03881 -0.07214 -0.16009
0.12241 -0.09853 0.14766
0.10368 -0.09631 0.15110
0.12667 -0.09423 0.15434
-0.03538 0.00456 0.08606
-0.32477 0.07392 0.14010
0.11599 -0.04707 -0.03345
-0.24587 -0.00966 -0.13267
-0.21259 -0.05550 -0.14221
0.13419 -0.01372 0.02094
0.43528 -0.04770 -0.08717
0.28478 -0.09436 -0.07280
0.10808 0.02055 0.02283
0.28956 -0.03218 -0.18505
-0.27727 0.01467 -0.15221
-0.39060 0.06422 -0.04683
0.27506 0.01754 0.00079
0.19598 0.01659 0.01071
0.26873 -0.09314 0.10231
0.26036 -0.00928 0.16670
0.28491 -0.05618 0.16291
0.19306 0.05368 0.06683
0.26600 -0.03266 0.16882
0.13536 -0.01875 0.07900
0.24971 -0.13159 0.12315
-0.27274 -0.05524 -0.17768
-0.20526 -0.06244 -0.02223
0.31746 -0.00338 0.09150
0.26937 -0.06953 -0.16931
0.06159 -0.06563 0.07566
-0.41357 -0.04193 -0.10980
0.41071 0.00191 -0.05016
-0.21802 -0.07050 0.01894
0.30004 -0.08779 -0.15136
-0.18248 -0.07127 -0.09830
-0.16520 -0.08934 -0.13231
-0.33532 0.06109 0.14661
-0.21014 -0.06336 0.02755
0.27621 -0.04375 -0.18075
0.18952 -0.09937 -0.15468
0.34584 -0.05220 0.16297
-0.01593 -0.01363 0.13905
-0.03617 -0.04049 0.05059
-0.19274 -0.11118 -0.13898
-0.24047 0.00160 -0.18819
-0.25851 -0.11733 -0.17013
0.19153 0.05392 0.03762
0.23510 -0.00206 -0.07334
-0.41293 -0.00266 -0.05268
0.00396 -0.05484 0.07633
-0.37433 0.05163 0.14575
0.05834 0.10763 -0.12881
-0.06253 -0.08132 -0.17849
-0.10383 -0.07159 -0.18577
-0.02457 -0.07995 -0.17952
0.28852 -0.03298 0.12424
0.24000 0.00706 0.16638
0.10337 -0.00331 -0.03829
-0.22087 -0.04042 0.13487
0.39410 0.00425 -0.15102
-0.25985 0.04407 -0.02258
-0.40176 0.05397 -0.14627
0.27476 -0.04186 -0.15499
-0.17086 -0.01634 -0.13215
0.31756 -0.09997 -0.08342
0.30117 0.01580 0.12763
-0.38182 -0.05388 0.04205
-0.34652 -0.07240 0.04205
-0.08490 0.02227 0.16323
0.20448 0.01766 -0.02300
0.07269 0.10779 -0.11610
0.14158 0.05293 0.15180
-0.24335 -0.00459 0.17470
-0.11377 0.05123 -0.16360
-0.30659 -0.07699 0.00959
0.07969 -0.08858 0.10888
0.04998 -0.08858 0.08973
0.05173 -0.08858 0.10469
0.08849 -0.08858 0.12004
0.03678 -0.08858 0.08897
0.06426 -0.08858 0.08785
0.05666 -0.08858 0.10047
0.35946 0.01432 -0.03441
0.18686 0.05455 -0.07731
0.27092 -0.10335 0.14315
-0.10828 -0.08858 -0.06527
-0.10284 -0.08858 -0.07738
-0.40854 -0.04486 -0.00593
-0.40854 -0.04696 0.02180
-0.25886 0.00460 -0.12932
-0.24144 -0.06533 -0.11198
0.13133 -0.08858 -0.14108
0.14860 -0.08858 -0.11097
0.06124 -0.04165 0.02362
-0.32948 -0.06431 0.01766
0.27437 -0.11951 0.16440
0.29280 -0.05828 0.01226
0.29738 -0.07866 0.00877
0.28142 -0.04865 0.01391
-0.27201 -0.06990 0.00198
0.23638 -0.00715 0.11435
-0.19698 0.11274 -0.11301
0.29741 -0.02680 -0.11124
0.27386 -0.00979 0.14464
0.29074 -0.11034 -0.18103
0.23817 -0.00756 -0.06859
-0.41570 -0.04291 0.00983
-0.15123 -0.06830 0.11156
-0.24716 0.02179 0.10728
0.20948 -0.06798 -0.18282
0.29671 -0.09046 0.11880
-0.20392 -0.09166 -0.14142
-0.22009 -0.13941 0.14900
-0.00090 -0.05582 0.07813
0.06311 -0.06502 0.05946
-0.32518 -0.06298 0.04839
-0.40291 0.05834 -0.10628
-0.40141 0.06078 -0.11088
-0.32413 -0.03682 -0.18339
0.13253 -0.08858 -0.11563
0.12683 -0.08858 -0.06633
0.04745 -0.03555 -0.03834
0.26730 0.00858 0.09332
0.00100 -0.09348 -0.17232
0.12195 -0.09117 -0.17591
0.10927 0.02898 -0.03302
-0.19224 0.13219 -0.06416
-0.39413 0.03851 -0.16666
-0.11880 0.00026 -0.18778
0.34795 0.00592 0.15425
0.32484 0.01296 0.15259
0.28330 -0.04640 -0.14732
-0.17767 -0.01642 0.13649
0.15147 -0.04335 -0.03598
0.29312 -0.02581 -0.16852
-0.39891 -0.02285 -0.09232
-0.38505 -0.02272 -0.10705
0.05546 -0.01853 0.14275
-0.28604 -0.02636 0.16409
-0.18796 0.06979 -0.04739
0.41418 -0.09240 -0.13574
-0.20418 -0.07546 -0.16730
-0.04028 0.00877 0.04401
0.25333 -0.08737 -0.16590
-0.11734 -0.06372 -0.16359
0.22904 -0.10760 -0.13861
0.28069 0.01373 0.11395
-0.04111 -0.02607 -0.10439
-0.23388 -0.08107 -0.16533
-0.35843 -0.02247 0.09091
-0.34792 -0.02237 0.09964
0.27434 -0.06275 -0.16938
-0.35589 -0.09188 0.07053
0.42658 -0.06052 -0.03277
0.17888 -0.03368 0.04021
0.17929 -0.02814 0.04956
0.17863 -0.03811 0.03479
-0.33029 -0.00048 0.16201
0.29937 -0.13422 -0.15357
-0.21469 -0.02582 0.13493
0.04614 -0.05240 -0.08522
0.23676 0.01554 0.12696
-0.38913 -0.09527 0.09386
0.26320 -0.05858 0.12907
0.00901 -0.07376 0.05346
0.23036 -0.05180 0.12302
-0.26177 -0.12324 0.13594
-0.03744 0.06165 -0.02440
0.02021 -0.03557 -0.00731
0.22113 0.00579 -0.06780
0.23515 -0.11695 -0.17505
-0.04512 0.02685 -0.04825
-0.20925 0.11967 0.11360
0.31821 0.02403 -0.15257
0.12644 0.04689 -0.15297
-0.23930 -0.02937 0.10421
0.23100 0.01921 -0.17869
0.19708 0.02914 -0.17635
0.20973 -0.02264 -0.04402
-0.03814 -0.07520 0.13727
0.21066 0.00874 -0.18410
0.13615 -0.07948 0.13513
0.14307 0.03348 -0.17755
0.08012 0.07270 0.13638
0.17134 -0.02569 0.08594
-0.19700 0.11783 -0.11405
0.24149 -0.00423 0.08636
0.21134 -0.03477 0.16771
-0.21465 0.04626 -0.17286
0.02884 -0.08858 -0.05812
0.03109 -0.08858 -0.07779
0.08416 -0.08858 -0.08646
0.09723 -0.08858 -0.07525
0.09111 -0.08858 -0.05136
0.01479 -0.08858 -0.04590
0.05554 -0.08858 -0.04224
-0.07000 0.05850 0.08989
0.32083 -0.10524 -0.00486
-0.05042 -0.01697 0.17342
0.10854 -0.03463 0.17342
0.09128 -0.03066 0.17342
0.12778 -0.01600 0.17342
0.15444 -0.03593 0.17342
0.03499 -0.06923 -0.10090
-0.32186 -0.05520 -0.02633
0.14592 -0.05745 0.11425
-0.16546 0.01853 -0.14472
-0.03653 0.06488 0.01795
0.21131 -0.10007 -0.11938
0.13275 -0.06330 0.14463
0.27408 -0.08983 0.13678
-0.21261 -0.08663 0.14280
0.15411 0.00734 -0.15473
0.29796 -0.06903 0.14876
-0.25804 -0.08638 -0.07026
-0.18794 0.01946 0.13645
-0.40641 0.05593 0.03656
-0.40804 0.05277 0.01957
-0.35376 -0.02464 -0.17108
-0.22755 -0.10016 -0.15837
-0.23342 0.11402 0.10564
-0.16881 -0.02311 0.06307
0.40414 0.00191 -0.06575
0.23131 -0.02399 0.09397
-0.25207 -0.00223 0.12921
-0.39468 0.04594 -0.00337
-0.38269 0.05161 0.01092
-0.36696 -0.01869 -0.17505
-0.09311 0.12772 -0.13125
-0.22165 -0.09268 -0.09192
0.31720 -0.10322 -0.05430
0.37327 -0.07996 0.09154
-0.39390 0.03401 -0.16258
-0.25748 0.00987 0.10143
-0.29746 -0.07614 -0.18418
-0.27748 -0.00452 0.09446
0.21692 -0.01632 0.03930
0.10390 -0.08858 -0.09167
0.10335 -0.08858 -0.09720
0.02805 -0.05265 0.03763
-0.05221 0.04365 -0.10354
0.32421 -0.10081 0.04118
-0.24923 -0.05864 -0.05541
-0.04371 0.02571 0.09504
-0.22204 -0.02343 -0.09351
-0.23095 -0.02337 -0.06613
0.23676 -0.00670 -0.11594
-0.27747 -0.02276 -0.07444
-0.27063 -0.02288 -0.05753
-0.26030 -0.02306 -0.08917
-0.03987 0.05799 -0.03246
0.09472 0.10732 -0.01052
-0.40816 0.04320 0.10951
-0.41126 0.03570 0.11932
-0.28693 0.00741 0.12986
0.29489 -0.03083 0.12054
-0.22188 0.03445 0.12617
-0.19430 0.01812 0.14230
-0.19551 0.01865 0.13522
-0.19151 -0.04639 0.14019
0.26077 -0.13302 -0.18191
0.35765 -0.00983 0.12656
-0.02299 0.01582 -0.18496
0.00216 0.01336 -0.18527
0.00929 -0.04968 0.00063
-0.23223 -0.07555 -0.04091
0.02467 -0.05300 0.09850
-0.28064 0.08848 0.13207
-0.39748 -0.02283 -0.01503
-0.38176 -0.02269 -0.05759
-0.35608 -0.02244 -0.02367
-0.33874 -0.02228 -0.01913
0.23997 -0.06646 0.14228
-0.04648 0.03673 0.03148
-0.28217 0.09370 0.11545
0.07423 -0.05034 -0.10574
0.16458 0.05104 -0.03933
0.33901 -0.03660 -0.18117
0.00662 -0.03796 -0.05434
0.16185 0.05010 0.10565
0.30431 0.01658 -0.17007
0.30604 0.02314 -0.16444
0.24652 -0.10412 0.16221
-0.02540 0.05903 0.12788
0.07040 -0.05010 -0.05845
0.43099 -0.04023 0.00486
-0.25219 -0.09067 0.12357
0.23454 -0.08653 -0.17775
0.02772 -0.04589 -0.01305
0.37283 0.00779 -0.04343
0.14008 -0.02714 0.14589
0.43300 -0.05198 -0.12114
-0.32437 -0.07261 0.15216
0.42045 -0.02761 -0.01526
0.14450 0.02937 0.14667
-0.38546 -0.02273 0.09818
-0.33335 0.03769 -0.17176
0.25806 -0.12239 -0.18208
0.17638 -0.09585 -0.16864
-0.40295 0.03347 0.14839
-0.41563 0.03430 -0.00983
0.16579 -0.04641 -0.04559
0.24615 -0.12303 -0.14972
0.10013 0.02193 0.08115
-0.24693 -0.05815 0.10084
0.15681 -0.04337 -0.17615
-0.11877 0.10135 0.13031
-0.20620 0.02698 0.13136
-0.36202 -0.06673 -0.17140
-0.24449 -0.12525 0.16747
0.21804 0.02174 0.07693
0.10099 0.01076 0.01451
-0.18377 -0.10001 -0.13898
0.12513 0.03445 0.10671
0.13440 0.03445 0.09236
0.21229 -0.08653 0.16732
-0.27883 0.04012 0.15738
-0.30532 0.04383 0.15508
-0.25458 -0.01044 0.09979
0.27924 -0.04744 -0.14403
-0.33202 0.07442 -0.15537
0.32425 -0.07475 -0.00472
0.12394 -0.01018 0.07403
-0.22270 -0.08019 -0.12734
-0.23036 -0.07404 -0.14335
-0.15899 -0.07617 0.12065
-0.19706 -0.10515 -0.16220
-0.41581 -0.02817 -0.03742
0.35377 -0.08618 -0.08598
0.31643 -0.08760 -0.07717
0.16697 -0.04125 0.17321
-0.24716 -0.07438 -0.13217
0.23290 -0.04105 0.13503
-0.39157 0.06335 0.11113
-0.38933 0.06352 0.10082
-0.18776 0.04480 0.15674
-0.15834 0.03815 0.15990
-0.21785 -0.05109 -0.02530
-0.17269 -0.07737 -0.00946
-0.03623 0.00426 -0.09271
0.27190 -0.05709 -0.14412
0.12241 -0.08858 0.04598
-0.24447 -0.10324 0.02863
-0.24780 -0.10277 -0.03149
-0.23469 -0.06092 -0.14375
-0.39947 -0.05816 -0.11923
-0.34243 0.06618 -0.15833
-0.19888 -0.07138 0.01464
-0.00448 -0.01602 0.03136
-0.03698 -0.08661 -0.16920
-0.05333 -0.08682 -0.16973
0.42320 -0.07254 0.01950
0.32325 -0.10268 0.06096
0.31707 -0.10443 0.07849
-0.33732 -0.09094 0.08134
-0.20231 0.11310 0.04172
0.26644 -0.05349 0.13796
0.26676 -0.12761 -0.17808
0.28200 -0.06941 0.09154
0.25088 -0.06883 0.09154
0.27423 -0.07621 -0.16231
0.26306 -0.02157 0.01984
0.29290 -0.02108 0.01984
-0.22364 -0.10517 -0.00719
-0.22306 -0.10519 0.02461
-0.22604 -0.10507 -0.01791
0.24579 -0.00541 0.02200
0.27935 0.00012 0.02335
-0.00107 0.13607 0.10576
-0.38398 0.06398 0.05351
-0.08115 -0.08464 -0.14937
-0.24046 -0.01997 0.10231
-0.26257 -0.06063 0.14956
0.29408 -0.05394 -0.10436
0.21409 0.03844 -0.14891
0.25637 -0.12677 -0.17686
0.11845 -0.00339 0.05138
0.26168 -0.07535 -0.14383
-0.23420 -0.06515 0.02792
-0.41234 -0.05202 0.08005
-0.18411 -0.08776 0.11983
-0.30434 -0.00218 0.12842
0.00211 0.12200 0.11015
0.11361 0.01975 -0.14771
0.04056 -0.04045 0.02618
0.32258 -0.01791 0.01375
-0.31040 0.07345 0.12062
-0.17843 -0.07547 -0.01199
-0.23894 -0.10396 0.12567
-0.23753 -0.10409 0.13481
0.22669 0.01002 -0.09226
0.22275 0.02332 0.09633
0.01084 0.10766 0.11930
0.29279 -0.09426 -0.08606
0.13729 -0.02037 -0.06589
-0.21027 0.10908 0.09367
0.01126 -0.04982 -0.12875
-0.39155 0.06400 0.09050
-0.30657 -0.05148 -0.15297
0.10336 0.07276 0.16939
0.21320 -0.05512 0.10255
-0.15683 -0.07425 -0.11787
-0.22614 -0.02304 -0.18418
0.16399 -0.10197 0.05484
0.16850 -0.10196 0.07139
0.16540 -0.10196 0.10112
0.17913 -0.10194 0.05019
0.17191 -0.10197 0.01010
0.16468 -0.10199 0.01547
0.17017 -0.10194 0.14198
-0.25438 -0.06123 -0.06820
-0.20000 0.11784 -0.13221
0.40741 0.00705 -0.03249
0.25638 -0.01005 -0.16332
0.23890 0.00649 -0.04356
-0.31932 0.07217 -0.10226
0.24186 -0.13917 0.12430
0.25476 0.03145 0.07781
0.11620 -0.05921 0.17144
0.07089 -0.05264 0.17227
0.04058 -0.06258 0.17101
0.12669 -0.06243 0.17103
-0.17083 -0.03180 0.13973
-0.42089 -0.02437 -0.00493
-0.41785 -0.01284 -0.14637
0.08651 0.10780 0.05050
0.26423 -0.00661 0.03989
0.10429 0.08174 0.13445
-0.35338 -0.09035 0.08596
-0.32483 -0.05114 0.08301
0.31059 -0.08380 -0.17797
0.32423 -0.03843 -0.02830
0.26830 0.01097 -0.12676
-0.21339 -0.04594 0.15605
-0.22382 0.03108 0.11946
0.23881 -0.00273 0.09065
0.07999 -0.07642 0.02051
0.05294 -0.08735 0.02330
0.07523 -0.07156 0.01844
0.06147 -0.06598 0.06929
0.26532 -0.06080 0.15158
-0.18334 0.13628 -0.02912
-0.25937 -0.14206 -0.16406
0.19633 0.04404 -0.09917
0.11886 -0.03348 0.15277
0.10931 -0.00637 0.01693
-0.23485 -0.00297 -0.19117
-0.05508 0.06630 -0.03918
0.08031 -0.04094 0.11951
-0.26648 -0.06316 0.05189
-0.30547 -0.09053 -0.16579
-0.39017 0.04358 0.14929
-0.36071 0.07001 -0.01961
-0.30186 0.09207 -0.06400
-0.32970 0.08157 -0.04793
-0.29523 0.09463 -0.06348
-0.03456 -0.01283 0.17170
0.03672 0.13973 -0.02364
0.42201 -0.02949 -0.12320
0.14935 -0.01805 -0.16270
-0.10909 0.00992 0.13589
0.09022 0.03790 0.10211
-0.20230 -0.06695 -0.08881
-0.05203 0.12907 -0.12223
0.20515 -0.10607 0.05769
0.20218 -0.10540 -0.05480
0.21958 -0.07178 -0.15768
-0.21421 0.12012 -0.12717
-0.24649 -0.12032 0.14756
0.24383 -0.03997 0.16497
0.31628 -0.08196 0.17023
-0.24987 -0.03021 0.12953
-0.27877 -0.05766 -0.14061
0.09362 0.08562 -0.14255
-0.37018 0.02076 0.15659
-0.28445 0.02300 0.16185
0.00981 -0.05362 -0.11846
-0.30360 -0.05780 -0.08383
-0.11884 -0.04603 -0.03295
-0.01465 -0.04066 0.10081
0.43012 -0.03022 -0.00333
-0.33454 -0.03939 0.15542
0.31238 -0.06201 -0.18362
0.34577 0.00091 -0.17348
-0.12382 0.02061 -0.18445
-0.15563 0.00889 -0.18594
-0.14051 0.14113 -0.02378
-0.11720 0.14268 -0.01433
-0.04544 0.03188 0.05863
-0.29817 -0.09017 0.06670
-0.29337 -0.09184 0.07333
0.14973 -0.08392 0.14746
0.25389 -0.08639 -0.14361
0.37111 -0.09487 0.10015
0.35334 -0.09604 -0.02851
0.36076 -0.09555 0.11607
0.36433 -0.09532 0.04224
0.35887 -0.09568 0.01456
0.05199 -0.07215 0.16854
0.08101 -0.07920 0.16326
0.09215 -0.07309 0.16784
0.13966 -0.08263 0.16069
0.03566 -0.03291 -0.03949
-0.05958 0.08568 0.09391
-0.40901 0.03636 -0.10905
-0.16035 -0.00587 -0.18661
0.32356 -0.07626 -0.18600
0.40210 0.00949 0.07925
0.25249 -0.11889 -0.17408
0.00712 -0.05167 -0.04407
-0.23704 0.02302 0.11910
-0.25129 0.02137 -0.13211
0.01051 -0.04387 -0.05757
0.04103 -0.07802 0.14589
-0.04268 0.01169 -0.09688
0.30569 -0.04687 -0.03768
0.24145 -0.06138 -0.03519
0.29166 -0.05272 -0.03668
0.30887 -0.03710 -0.16659
-0.26395 -0.09994 -0.05130
-0.26299 -0.10012 0.13535
-0.21830 0.09934 0.06255
0.30781 0.01378 -0.00252
-0.11338 -0.05243 0.00585
0.37739 0.00144 -0.16660
0.34871 -0.02838 0.09669
-0.12197 -0.00689 0.15437
0.22010 0.03953 -0.16577
-0.38308 -0.05705 0.14318
0.06336 -0.03757 -0.13614
0.28946 -0.04175 -0.16803
0.25921 -0.12058 -0.14247
0.22289 -0.11184 0.15263
-0.19362 0.11003 -0.10833
0.17514 0.05093 -0.03221
0.14625 -0.03947 -0.15552
0.00634 -0.04968 -0.01931
0.21708 0.01396 -0.09918
-0.03428 -0.00631 0.05521
-0.15801 -0.03840 0.02142
0.28835 -0.09035 -0.16189
-0.05919 -0.07214 0.14353
0.01854 -0.06129 0.02798
-0.24752 -0.00997 -0.11026
0.29890 -0.10076 0.15876
-0.07840 0.12909 0.10512
-0.30552 -0.07998 0.12819
-0.06639 0.14375 0.01258
-0.06698 0.14352 0.02888
-0.05679 0.14361 0.01218
-0.08216 0.14388 0.01948
-0.07805 -0.08969 0.15839
-0.02252 -0.03070 0.00339
0.30181 -0.10908 0.14385
-0.23760 -0.09254 0.08945
0.31847 -0.06662 0.09154
0.35199 -0.06027 0.09154
0.03609 -0.05743 0.07087
0.41940 -0.08198 0.06904
0.00802 0.12507 0.08052
0.28287 0.00657 -0.05482
0.21269 -0.03816 0.03289
0.20015 -0.05303 0.12912
0.29062 -0.04244 0.14886
0.00131 -0.05724 0.08697
-0.38394 0.01713 -0.17256
-0.37492 0.00714 -0.17431
0.05112 -0.06299 -0.01049
0.02159 -0.03740 -0.03441
-0.11192 0.05141 -0.16966
-0.31033 0.06739 -0.11381
-0.06114 0.01025 0.07443
-0.22698 -0.13148 0.12203
0.40042 0.00910 0.10383
0.15029 0.05165 -0.02600
0.15530 -0.09458 0.15380
0.31624 -0.02988 0.02070
0.21418 -0.02173 0.10105
0.11783 -0.00116 0.02147
0.24151 -0.11332 -0.17723
0.39333 -0.08516 0.08008
-0.25606 -0.02242 0.12045
-0.28731 -0.07445 0.16779
-0.41980 0.00885 0.05487
-0.02690 -0.05762 -0.02343
-0.01363 -0.06790 -0.02811
-0.19324 0.13010 -0.09049
0.41690 -0.01256 -0.04351
-0.18371 0.13555 -0.06099
0.23207 0.00861 -0.18308
0.30127 -0.09581 0.14698
0.22665 -0.03196 0.14644
0.14538 -0.03262 0.01091
-0.02046 -0.08879 -0.17410
-0.35440 0.00780 0.13754
-0.33411 0.02948 0.13752
-0.38272 0.00196 0.13728
-0.26113 -0.06712 0.02212
0.02497 -0.02281 -0.14691
-0.12011 0.01736 0.16640
-0.33701 -0.01795 0.16110
0.13601 -0.01986 -0.08376
-0.19132 0.05317 -0.03151
-0.26219 -0.03881 0.12484
-0.25137 0.05074 -0.17043
-0.40442 0.03835 0.09757
-0.39720 0.06384 0.00784
0.26189 -0.00365 0.17713
-0.42185 0.00461 0.08073
0.34679 -0.04314 -0.07046
-0.41548 0.03403 0.05986
-0.24561 -0.07875 0.14972
-0.40297 -0.05882 0.03999
0.12635 0.05037 -0.17042
-0.24227 -0.12095 -0.14703
0.25761 -0.04459 -0.10307
-0.05041 0.04446 0.08369
-0.05575 0.02749 -0.11891
0.23738 -0.07380 0.14221
-0.06593 0.12449 0.05620
-0.41361 0.03921 0.06174
-0.40563 0.05148 0.09557
0.16026 -0.07101 -0.01015
-0.32112 -0.02511 -0.17657
0.30982 -0.03786 0.14830
-0.33363 -0.05752 -0.02634
0.16617 0.05424 0.06436
-0.26147 0.05258 -0.15934
0.29777 -0.10308 -0.18249
-0.13889 0.00089 0.13954
-0.15343 0.01343 0.13995
-0.05559 -0.02237 0.17342
-0.10727 -0.02438 0.17342
0.08327 -0.04283 0.17342
0.07402 -0.04122 0.17342
-0.06659 -0.03427 0.17342
0.30314 -0.08915 0.15160
-0.06416 0.09535 0.09562
0.38559 0.01578 -0.05361
0.38091 0.01685 -0.06103
0.29396 -0.01164 -0.13770
0.32364 0.01512 0.02340
0.32392 -0.05925 -0.14069
0.29925 0.02316 -0.15123
-0.39088 -0.08093 -0.10701
-0.38955 -0.08093 -0.10160
-0.22096 -0.05922 -0.07812
-0.32679 -0.02217 -0.01199
-0.33730 -0.02227 -0.11415
-0.36238 -0.02251 -0.09989
-0.37959 -0.02267 -0.08092
-0.35268 -0.02241 -0.04194
-0.33091 -0.02221 -0.11585
-0.20134 -0.10152 -0.16796
-0.27999 -0.02272 -0.02183
-0.28051 -0.02271 -0.02892
0.36478 -0.00348 -0.05529
0.36478 -0.06616 -0.01744
0.36478 -0.03064 -0.03444
0.36478 -0.04889 -0.05437
0.36478 -0.05057 0.01764
0.36478 -0.06676 0.05145
-0.40434 0.04035 -0.07319
-0.39932 0.04270 -0.08068
0.33340 0.00842 0.07598
-0.19423 -0.09802 0.12888
-0.41184 0.00496 -0.05576
-0.24683 -0.09395 -0.13790
-0.26071 -0.02053 0.11211
-0.27470 -0.09303 0.14905
0.15374 -0.10198 -0.12347
0.17638 -0.10193 -0.14858
0.18198 -0.10193 -0.08313
0.18410 -0.10196 0.03206
0.18782 -0.10190 -0.13353
0.16478 -0.10197 -0.09345
0.16973 -0.10197 -0.06158
-0.19406 0.09383 -0.07652
0.18972 0.04625 -0.05760
-0.13969 0.01438 0.13425
-0.25283 -0.09518 -0.17579
0.13471 -0.01761 0.08992
-0.25932 -0.07879 0.13250
0.42618 -0.06074 -0.04664
-0.17061 -0.01589 0.14068
0.24254 0.00013 -0.07521
0.13373 0.02831 -0.03829
0.28229 -0.02755 0.16928
0.12928 -0.08689 -0.16992
0.10465 -0.08732 -0.17107
0.05348 -0.01792 -0.19023
0.14699 -0.02527 -0.19023
-0.02233 -0.01787 -0.19023
0.14954 -0.03601 -0.19023
-0.04251 -0.02003 -0.19023
0.43618 -0.03203 -0.05553
0.26454 0.01136 -0.09988
-0.06286 0.02585 0.04669
-0.25598 -0.09238 -0.09072
0.03382 -0.06796 -0.05261
-0.24625 -0.07258 -0.12518
0.12182 0.00410 0.02155
0.11814 0.01233 0.02594
-0.09182 0.00746 0.16971
-0.05157 0.00648 0.16974
0.02552 -0.08631 0.13172
-0.11836 0.01229 -0.13808
-0.05498 0.03628 -0.10889
0.26079 -0.02982 0.11509
-0.42081 0.01347 -0.07599
-0.02112 -0.03555 0.08831
-0.12251 -0.03082 0.16128
0.29451 -0.12354 0.16980
-0.03383 -0.08212 -0.01010
-0.06788 0.08954 0.08123
-0.10940 0.08163 -0.10166
0.29102 -0.09850 -0.06957
0.23036 0.02204 -0.09549
0.27787 -0.01043 0.17434
-0.23358 0.09617 0.03293
-0.03906 -0.04130 -0.08911
0.40755 -0.00432 -0.02231
0.21575 -0.11936 0.12335
-0.40854 -0.05503 -0.06783
-0.40854 -0.06036 -0.05751
-0.04762 0.03391 0.10629
-0.12667 -0.07307 -0.00143
-0.25508 -0.02375 0.09924
-0.06117 0.14209 0.05762
0.02275 0.14092 0.05040
-0.02984 0.13998 0.07450
-0.24278 0.00614 -0.18533
0.24218 -0.01279 0.17044
-0.20857 0.12735 0.01119
-0.28641 -0.08499 0.12471
-0.40851 0.05047 -0.03555
-0.41230 0.04249 -0.01595
-0.01869 -0.07167 -0.07241
-0.05584 0.01064 -0.05978
-0.14286 0.13830 0.07511
-0.13088 0.14099 0.04829
-0.17209 0.13615 0.07890
0.26427 -0.06578 -0.15854
0.12083 -0.07214 -0.16202
-0.41077 0.01221 0.04512
0.29636 -0.09738 -0.16719
-0.27198 -0.07300 -0.03714
0.34640 -0.04943 0.10809
0.22368 -0.05978 -0.16245
-0.06385 0.01968 -0.09381
-0.21858 0.10079 0.11435
0.40216 -0.01269 -0.08298
-0.11338 -0.07634 0.09299
-0.11338 -0.06613 0.04822
-0.11338 -0.06002 0.03679
0.28069 -0.00332 0.10852
0.26360 -0.08440 0.14334
0.17744 -0.03136 0.14012
-0.12461 -0.07948 -0.00475
-0.24607 -0.08544 -0.17617
0.21552 -0.10819 0.09769
0.21589 -0.10824 0.04132
-0.22992 -0.08301 -0.15600
0.25270 -0.03385 0.04107
0.26099 -0.05677 -0.14381
0.15254 0.05121 -0.15231
0.00030 -0.07843 0.13565
0.03528 -0.07947 0.13513
0.26741 -0.00922 -0.14530
-0.29864 -0.02243 -0.08479
-0.32215 -0.02218 -0.03413
-0.02067 -0.07259 0.14589
-0.08846 -0.07612 0.14589
0.26281 -0.08420 0.14975
0.28830 -0.11260 -0.16839
-0.16859 -0.06728 -0.15502
0.34668 -0.01171 0.12681
-0.00026 -0.04612 0.04171
-0.34187 -0.08033 -0.16530
0.20092 0.04099 0.11747
0.07414 -0.02145 -0.14616
-0.20533 -0.05967 -0.02813
-0.11846 -0.00248 -0.15581
-0.13884 0.00639 -0.15637
-0.35867 -0.03577 0.15265
-0.00086 -0.07414 -0.00299
-0.28738 -0.09447 -0.17644
-0.23177 -0.01328 0.16007
0.23676 0.03056 0.12042
-0.13109 0.11974 0.11842
-0.18795 0.12690 0.06148
0.12206 0.00250 -0.18686
0.09575 0.01272 -0.18509
0.15072 0.01652 -0.18430
0.05544 0.11873 -0.11082
-0.40855 -0.06030 -0.12309
-0.41439 -0.03003 -0.09766
-0.10653 -0.08858 0.05886
-0.11091 -0.08858 0.11316
-0.08557 -0.07910 0.16334
-0.03572 -0.08376 0.15985
0.05044 -0.08244 0.16083
-0.08132 -0.07299 0.16791
-0.06450 0.12053 0.06692
-0.17184 0.09909 -0.14706
-0.17636 0.10897 -0.14057
-0.27243 -0.05452 -0.03891
-0.27874 0.01180 -0.13121
0.01798 -0.02534 -0.04099
0.16998 0.04884 0.09216
0.32902 -0.06158 -0.02215
0.04221 -0.05547 -0.13045
0.40292 0.00425 -0.12637
0.16606 -0.06158 0.17111
-0.31234 -0.07319 0.12858
-0.40557 -0.04625 0.14062
0.22816 -0.09518 -0.14229
-0.23693 -0.12695 -0.16911
-0.10835 0.07734 -0.15390
-0.02835 -0.05826 0.08796
0.17851 -0.08324 -0.00666
0.21350 -0.04622 0.13901
-0.24172 0.04771 -0.17223
-0.20840 -0.01266 -0.12326
-0.04333 0.02379 -0.05714
0.00313 0.02888 -0.18059
-0.04087 0.02626 -0.18198
-0.02759 0.03338 -0.17859
0.04192 0.03350 -0.17828
0.26642 0.00757 0.02433
0.29228 -0.10938 -0.07304
0.29539 -0.10886 -0.05535
-0.26927 -0.05253 0.13747
-0.19452 -0.06411 0.07011
-0.03151 0.02715 -0.12170
0.40567 -0.02075 -0.08293
0.20098 0.00106 0.06905
0.20098 -0.02842 0.03792
0.20098 0.01733 0.07444
0.20098 -0.02435 0.05208
0.16742 0.05594 -0.08223
-0.14062 -0.07682 -0.01489
-0.03739 0.06475 0.12100
0.43641 -0.04849 0.03258
-0.39131 0.04056 -0.13014
-0.02150 0.01470 0.10763
-0.24491 -0.07319 -0.17680
-0.21746 0.02100 -0.14236
-0.24848 0.05014 -0.14039
-0.31819 0.07519 0.12713
0.14922 -0.02995 -0.16270
0.04945 0.12392 -0.00766
0.19709 -0.08353 -0.11455
-0.17140 -0.00432 -0.14125
-0.30697 -0.06532 -0.10036
-0.02885 0.01460 -0.11908
-0.41427 -0.07077 -0.10961
0.19064 -0.10131 -0.03936
0.22195 -0.09117 -0.08339
0.22251 -0.09107 -0.06336
-0.27770 0.09622 -0.13106
-0.14038 0.11783 -0.13600
-0.05004 0.03400 -0.06289
-0.26019 -0.06290 -0.14375
0.31693 -0.04698 0.14500
0.12976 -0.07210 -0.16270
0.01728 -0.00699 -0.18714
-0.07971 -0.00987 -0.18651
-0.41552 -0.02496 0.06267
-0.03001 0.04400 0.15673
-0.32025 -0.01757 0.12032
0.32685 0.00884 0.01437
-0.35753 -0.05970 -0.16460
-0.26287 0.01749 -0.13411
-0.28931 -0.07895 -0.15125
0.29153 -0.02375 0.09730
0.13305 0.02904 -0.02661
-0.28931 -0.07873 -0.16296
0.26992 -0.12015 -0.17815
0.28114 -0.03201 0.14156
-0.34305 0.04706 0.15212
-0.25246 -0.04140 -0.11683
-0.41576 0.03610 0.02054
-0.21356 -0.07928 0.05456
0.27416 -0.02353 0.11711
-0.15877 0.02008 0.14083
-0.37756 -0.05765 -0.16159
0.12016 0.05978 0.05185
0.43460 -0.05739 0.07750
0.10781 -0.08858 0.10380
0.12191 -0.08858 0.12644
0.40246 0.00800 -0.11006
0.08696 0.04443 0.14884
-0.01765 0.04579 0.14939
-0.03079 0.02479 -0.03782
-0.23510 -0.13526 -0.13561
-0.42771 -0.02659 0.08337
0.36693 -0.04306 -0.08093
0.15013 0.01295 0.14589
-0.24617 0.10002 0.11268
0.27468 -0.11123 0.08093
0.27075 -0.11147 0.08561
-0.00567 -0.05782 -0.12361
0.11418 0.02202 0.00603
-0.26144 -0.07856 -0.03562
-0.27370 -0.02155 0.08652
-0.40889 -0.07780 -0.00388
-0.24008 -0.01882 0.13103
0.38964 -0.09375 -0.08271
0.39124 -0.09371 -0.09799
0.39763 -0.09347 -0.11236
0.40025 -0.09334 -0.10412
0.41642 -0.09212 0.10896
-0.25717 0.02780 -0.13785
0.15698 -0.04086 -0.18395
0.23730 0.02834 0.15518
0.20843 0.02973 0.15849
0.06118 -0.06523 -0.06933
-0.21227 0.02040 -0.13966
-0.17302 -0.02064 -0.18962
-0.41637 0.02279 0.09429
0.16865 0.05874 -0.07540
0.36693 -0.01860 0.12100
0.24789 0.00172 -0.18759
0.20098 0.03972 -0.04890
0.20098 0.01935 -0.03775
0.20098 0.00866 -0.05650
0.20098 0.01205 -0.04664
-0.27066 0.03132 0.13582
0.15627 -0.08444 -0.05935
0.16079 -0.08028 -0.08436
0.37596 -0.07975 -0.07671
-0.26421 -0.05333 -0.06825
-0.06911 0.08074 -0.08773
-0.40540 -0.07636 0.01290
-0.17768 0.13672 -0.07325
0.37596 -0.08542 0.00982
-0.25946 0.02074 -0.18088
-0.28925 0.01622 -0.17992
0.26254 0.00846 0.09632
0.26764 -0.09706 0.14988
0.07066 -0.04558 0.01635
0.18882 -0.10190 -0.01569
0.12838 0.04192 -0.16449
-0.18319 0.01242 0.01793
0.00759 -0.04724 0.03023
0.30133 0.00265 0.01984
0.26116 0.00119 0.01984
-0.35918 -0.02247 0.04746
-0.33984 -0.02229 0.05284
-0.34816 -0.02237 -0.00508
-0.34416 -0.02233 0.04918
-0.33636 -0.02226 0.06136
-0.32711 -0.02217 0.08842
-0.24678 -0.01335 0.13087
-0.20994 0.12292 0.02035
0.19133 -0.08631 0.13632
0.12905 -0.07654 -0.15341
0.00652 -0.01829 -0.14223
0.22958 -0.00645 -0.06821
0.26906 0.02745 -0.13810
0.10025 -0.07774 -0.00374
-0.26158 0.00071 0.11773
-0.09950 0.10680 0.12722
-0.41892 -0.01456 0.10421
-0.16828 -0.00925 -0.13631
0.25243 -0.12624 0.16315
-0.00771 -0.06577 -0.02718
0.01840 -0.07023 -0.03051
0.03613 -0.07485 -0.03349
0.27002 -0.00125 -0.13598
0.00771 -0.03697 0.09912
-0.15528 -0.07124 -0.01524
0.01803 0.14120 0.04732
0.01161 0.14255 0.00782
-0.02495 0.14296 0.02077
-0.03159 0.14250 0.04062
0.26262 -0.03134 -0.13578
0.27708 -0.05851 0.12818
0.36478 -0.03308 0.04491
0.36478 0.00394 0.00157
0.36478 -0.03802 0.04045
0.36478 -0.00872 -0.00536
0.36478 -0.02111 0.04334
0.36478 -0.00459 -0.01405
-0.19082 0.13289 0.02545
-0.41346 -0.00880 -0.04852
0.34753 -0.01599 0.05129
-0.41691 0.02483 0.05464
0.19415 -0.06853 0.16049
-0.28304 0.04893 0.13908
0.29827 -0.10148 0.14893
0.22182 -0.04795 0.08678
-0.10497 -0.06191 0.17106
0.04218 -0.05403 0.17209
-0.10688 -0.05328 0.17210
0.07740 -0.04839 0.17279
0.26762 -0.12901 -0.18444
0.23796 -0.01088 -0.04331
0.24836 -0.00765 -0.04331
0.07289 -0.05047 0.07138
0.36024 -0.00214 -0.14331
-0.23469 -0.08064 0.12818
-0.23616 -0.00757 -0.19391
-0.04262 -0.08858 0.11831
-0.04846 -0.08858 0.10912
-0.01585 -0.08858 0.05965
-0.03792 -0.08858 0.07736
-0.04637 -0.08858 0.10330
-0.13842 0.06129 0.14861
-0.16963 0.05582 0.15124
-0.41086 -0.07576 0.09114
0.10954 0.06691 -0.15508
0.29650 -0.13415 -0.18701
-0.42004 -0.02726 -0.16728
-0.14373 -0.10162 -0.07822
-0.14377 -0.10162 -0.13091
-0.11321 -0.10194 0.11565
-0.12122 -0.10186 -0.08249
-0.12847 -0.10178 -0.15588
-0.11960 -0.10188 -0.14009
-0.11658 -0.10191 -0.15886
-0.12441 -0.10183 -0.09693
-0.11422 -0.10193 0.09590
-0.11386 -0.10193 0.00211
0.05057 0.12193 0.01431
0.15174 0.05079 -0.05474
-0.12724 0.13807 -0.09715
-0.15261 0.13596 -0.11026
-0.15542 0.13756 -0.08608
0.13166 0.05134 -0.09599
0.13004 0.04936 -0.06600
0.12175 0.04300 -0.05753
-0.28392 -0.02479 0.13124
0.37664 0.00088 0.01236
0.28953 -0.08545 0.07372
0.28969 -0.08691 0.06462
-0.19833 0.12276 0.03678
0.06337 0.09817 0.12672
0.34871 -0.00008 0.10471
0.31707 -0.08516 0.09025
0.35066 -0.08516 0.08436
0.29363 0.03504 0.06278
0.21268 0.05121 0.04872
0.30528 0.03290 0.04908
0.24338 0.04547 0.02067
0.33414 0.02702 0.06331
0.26230 0.04168 0.02510
0.23540 0.04690 0.03274
0.23107 0.04751 0.05425
-0.39142 0.06418 -0.03805
0.42735 -0.04602 -0.13518
-0.37434 0.05373 0.10310
-0.36570 0.05761 0.12430
0.11747 0.01093 0.13583
-0.18995 0.10342 -0.09701
-0.43348 -0.05038 0.07359
-0.20559 -0.00627 -0.13376
-0.06076 0.07599 -0.11928
0.07803 -0.02612 0.00177
0.04710 -0.04589 -0.01369
-0.31057 -0.06670 -0.12970
-0.41532 0.03018 -0.09698
-0.19415 0.08242 -0.07850
0.10544 0.03976 0.12975
-0.09770 -0.08858 -0.07342
-0.23663 0.01576 -0.12451
-0.09990 -0.05855 -0.02385
-0.19424 0.12705 0.10334
-0.21889 -0.13423 -0.13898
-0.37640 0.06419 0.08564
-0.06295 0.10396 -0.07208
-0.36817 0.06494 -0.13927
-0.27196 -0.07555 -0.01514
-0.20458 -0.07378 -0.17739
0.40802 0.00191 0.01644
-0.31680 -0.05747 -0.18054
0.40188 -0.00184 0.06623
-0.13958 -0.10068 -0.16064
0.30965 -0.04650 -0.14040
0.25598 -0.05611 0.08607
0.26292 -0.00365 0.08286
-0.41560 0.03097 0.07171
0.22930 -0.03289 -0.13816
-0.21891 0.11626 -0.13215
-0.18635 -0.05550 -0.18543
0.37255 0.00785 0.00085
0.22365 -0.00083 0.01984
0.21079 0.00752 0.01984
-0.23059 0.00321 -0.11846
-0.37235 0.05667 -0.02840
-0.39333 0.04654 -0.01755
0.26898 0.00128 0.09138
-0.29125 -0.05108 0.11738
-0.18680 0.02379 -0.18259
-0.11005 0.00790 -0.16270
0.25402 -0.02368 0.12327
-0.22838 -0.09185 -0.17626
-0.41203 0.03606 0.00886
0.32198 -0.09636 0.09259
-0.28375 -0.09487 0.09946
-0.28861 -0.09345 0.03497
-0.28014 -0.09593 0.08002
0.33489 0.02741 -0.00527
0.27868 0.03858 0.00414
0.26951 0.04049 -0.00610
0.33773 0.02672 0.01221
0.26261 0.04168 0.01908
0.29952 0.03433 0.01589
0.30336 -0.07819 0.16035
-0.10604 0.13738 0.10360
0.28731 -0.02433 -0.04331
0.37235 0.00789 0.04383
0.19102 0.04515 0.11127
-0.04843 0.04452 0.09489
-0.16026 0.01579 0.13582
0.26235 -0.13311 0.13164
0.07395 -0.07056 -0.18655
0.13529 -0.07993 -0.17953
-0.03789 -0.07200 -0.18547
0.14417 -0.07068 -0.18646
-0.22023 -0.00169 0.10201
0.30887 -0.09362 -0.18013
-0.39506 0.05543 -0.15753
-0.22882 -0.09235 -0.13672
0.13387 -0.01592 -0.11394
-0.26145 -0.07891 -0.01187
0.36808 -0.08909 0.05112
-0.23527 -0.00576 -0.11257
0.26087 -0.03494 0.13108
-0.17184 -0.05913 0.11765
-0.18366 0.12700 -0.12776
0.41127 0.00189 -0.04390
-0.29362 -0.05294 0.16861
0.32669 -0.07101 0.15146
0.12711 0.05619 0.00544
0.25717 0.02141 -0.12496
-0.40935 0.02186 0.02058
-0.07229 0.13764 -0.12051
-0.41310 -0.03995 0.10161
-0.21715 0.12440 -0.00199
-0.25270 0.11143 -0.00745
-0.24308 0.11477 0.00613
-0.11562 -0.07082 -0.18636
-0.01024 0.13439 -0.12009
0.40868 0.00486 -0.07331
0.11061 -0.03780 -0.03180
0.29669 0.01755 -0.02955
0.06314 -0.02203 0.15040
-0.23817 -0.10296 -0.17593
0.21244 -0.11537 -0.16550
-0.06381 0.04647 0.07547
-0.12251 -0.03274 -0.18830
0.25723 -0.00748 0.17742
-0.18430 0.07193 0.09303
0.03320 -0.08251 -0.15043
0.29221 0.02106 -0.13571
0.24544 -0.06667 -0.10836
0.31809 -0.06064 -0.10836
-0.04685 -0.08858 -0.10843
-0.08170 -0.08858 -0.11310
-0.08727 -0.08858 -0.09233
-0.05340 -0.08858 -0.09868
-0.07133 -0.08858 -0.10756
0.13494 0.02507 0.02147
0.27269 -0.10197 0.15086
-0.25865 -0.09236 0.07682
-0.43522 -0.04518 0.04654
-0.23424 0.01737 -0.14627
-0.26299 -0.00107 0.10424
0.12960 0.04793 0.07382
-0.20237 0.11805 -0.10072
-0.26785 0.10510 0.04057
-0.25467 0.10989 0.04482
-0.27471 0.10237 0.05315
0.28581 -0.09441 0.05643
-0.05421 0.09149 -0.05619
0.24521 -0.10000 0.08610
0.09403 0.03068 0.07234
-0.21869 -0.09271 0.09203
-0.15355 -0.00523 0.13948
0.28199 -0.07253 0.12397
0.33595 -0.06071 0.16413
0.24924 0.02817 0.10886
0.11952 0.04557 0.10578
0.40266 0.01040 0.04866
0.34168 -0.09681 -0.16366
0.27433 -0.02852 0.08587
0.28243 -0.06662 -0.14441
-0.17616 -0.04830 0.14516
0.29431 -0.09731 -0.17269
0.17074 0.04963 -0.10593
-0.26276 0.03886 -0.17522
0.36243 -0.02012 0.05796
-0.16451 -0.09248 -0.16954
-0.26019 -0.06378 -0.08621
-0.05154 -0.07632 -0.03195
-0.07756 -0.07692 -0.03222
-0.24093 -0.04225 -0.16820
0.32542 -0.00262 0.12726
0.21166 0.04319 -0.16054
0.42015 -0.07075 -0.00133
0.18414 0.04932 0.01072
-0.05938 -0.08182 -0.16270
0.14363 -0.08414 -0.16270
-0.30729 -0.05425 0.13006
0.25585 0.01057 -0.12041
-0.21558 0.11192 0.11939
-0.25195 -0.08555 -0.10583
0.29201 0.02983 0.13777
0.25826 -0.08539 0.15901
0.36909 -0.08970 -0.04320
0.26437 -0.10177 0.15495
-0.24915 0.01167 -0.13593
-0.23578 -0.02288 0.08764
-0.26467 0.10132 0.12287
0.39633 0.01186 -0.12164
0.39157 -0.06350 0.15416
-0.41092 0.04100 -0.11160
-0.04117 0.01971 0.04660
0.20097 0.03800 0.09228
0.20097 0.00893 0.12141
0.07096 -0.04964 0.03638
-0.23365 -0.13217 0.13830
-0.29576 -0.01152 -0.18274
0.03103 0.13753 -0.08170
-0.22301 0.06693 0.10120
-0.19700 -0.08321 -0.15495
0.43305 -0.04023 -0.02744
0.31746 -0.01291 0.10371
0.27867 -0.01056 -0.17072
-0.23071 -0.08574 -0.10895
-0.10361 0.04888 -0.16200
-0.25820 -0.02117 -0.18549
0.17609 0.05579 -0.03977
-0.10107 0.11160 -0.13462
0.28043 -0.08516 0.08256
0.26140 -0.02006 0.10182
0.03655 -0.01420 -0.18976
-0.41573 -0.03901 -0.01720
0.23658 -0.03794 0.16800
-0.20012 -0.09856 -0.17234
0.02835 -0.07090 0.06588
0.30217 -0.08743 0.05329
0.35279 -0.08930 0.02555
0.31467 -0.08789 0.05823
0.31650 -0.11557 -0.18130
-0.11130 0.00389 0.14424
-0.20675 -0.10548 0.05929
-0.21199 -0.10552 0.12710
-0.20262 0.12575 0.00559
-0.15364 -0.03063 0.13927
-0.00991 -0.05022 0.09653
-0.22558 -0.12387 0.14856
-0.18774 0.12687 -0.11747
-0.02870 0.01974 0.16752
-0.18828 0.12963 0.10021
0.18005 -0.03543 -0.12079
0.18044 -0.02889 -0.11572
0.17983 -0.03245 -0.10831
-0.03399 -0.00738 -0.06617
-0.06531 0.09091 -0.10838
0.03700 0.10028 -0.12453
0.24930 -0.07714 0.14436
0.07498 0.10398 -0.13733
-0.19715 -0.07349 0.08502
0.32396 -0.10488 0.03083
-0.12197 -0.04453 -0.17396
0.27811 -0.07886 0.16126
-0.19173 -0.11672 -0.18176
0.03624 -0.03776 0.11941
-0.25546 -0.02841 -0.13115
-0.22592 -0.06666 0.01839
0.17201 -0.05137 0.03728
-0.11866 -0.03752 -0.19023
-0.01056 -0.03161 -0.19023
-0.09875 -0.02283 -0.19023
0.02512 -0.03301 -0.19023
0.00273 -0.03185 -0.19023
0.41962 -0.07298 0.11259
-0.10615 -0.07636 -0.16270
0.40822 -0.00856 -0.05814
0.18751 -0.07510 -0.01189
-0.01078 -0.04002 -0.11745
0.10007 0.06181 0.14665
-0.06143 0.04993 0.04839
0.19075 -0.10546 -0.11656
-0.20087 -0.05170 0.13331
-0.25283 0.10770 -0.11561
-0.23091 0.11510 -0.11543
-0.22205 0.12083 -0.08082
0.33431 -0.01515 0.02844
0.22719 -0.00879 0.11163
-0.02255 -0.03167 -0.06078
0.21410 -0.09558 -0.01609
0.23107 -0.09150 -0.01742
0.24013 -0.08894 -0.02509
-0.27092 -0.09831 0.02101
-0.27126 -0.09822 0.06103
0.30081 -0.09329 0.08266
0.27535 -0.11210 -0.16929
-0.16971 -0.03465 0.17350
0.24077 -0.12123 -0.17606
-0.25478 -0.10125 -0.17432
-0.37802 0.06439 0.00043
0.01033 0.12589 0.01775
0.31353 -0.09700 -0.18206
-0.24053 -0.09163 -0.17111
-0.21740 -0.13815 0.12333
-0.06502 0.07704 -0.12497
0.41013 -0.00432 0.05658
0.27252 -0.09635 0.10019
-0.04933 -0.02741 -0.00158
-0.24645 -0.09025 0.10049
-0.14954 0.12108 -0.10796
-0.41544 -0.07274 -0.05646
0.15327 -0.05759 0.13879
0.13432 -0.02080 -0.03440
0.16846 0.05652 0.03761
0.23029 -0.06040 0.09152
0.22668 -0.10798 -0.17732
-0.06196 0.04637 -0.16406
0.42339 -0.07451 -0.00877
-0.39460 0.04362 -0.10853
-0.36872 0.05689 -0.10929
-0.17164 0.02299 -0.14010
0.15842 -0.07364 -0.18417
-0.04100 0.01973 0.08347
0.35118 -0.09259 0.15008
-0.36323 0.06872 0.02880
-0.32863 0.08218 0.02377
-0.36464 0.06841 0.01036
-0.34220 0.07723 0.00013
-0.26041 -0.09828 0.15662
-0.24317 0.09830 0.12817
0.34560 -0.09670 0.10518
0.26065 -0.09434 0.01888
-0.26241 0.09928 -0.14163
0.08170 0.02985 0.07521
-0.26088 -0.07215 -0.02667
-0.13577 -0.01701 0.17322
0.27735 -0.01035 -0.14738
0.26782 -0.02807 -0.18445
-0.20805 -0.13350 -0.18142
0.27949 -0.13176 -0.13956
0.35225 -0.05787 -0.07477
-0.06974 0.04587 0.05382
-0.41399 0.02483 -0.03458
-0.26565 -0.04933 -0.15873
-0.21960 -0.11260 0.14667
-0.04889 0.02750 -0.04220
-0.16653 -0.07433 0.15449
-0.21390 -0.06048 0.01978
0.31499 -0.09320 -0.10384
0.05481 0.11370 -0.12908
-0.25271 -0.08941 -0.16545
-0.24988 -0.13309 0.12341
-0.25869 -0.03872 0.10882
-0.22494 -0.08205 -0.16744
0.15601 -0.05100 0.14705
-0.20581 -0.12010 -0.13898
0.09606 -0.01423 0.17275
-0.18939 0.09741 -0.08458
-0.21032 -0.03111 -0.13560
0.20830 0.02185 0.16210
0.21756 0.01614 0.16408
-0.03623 0.05806 0.12788
-0.22984 -0.08281 0.12895
0.25583 -0.11184 -0.03270
0.25462 -0.11185 0.10935
0.41176 -0.01106 0.11603
-0.30262 -0.06548 -0.13739
-0.23894 0.11188 0.10467
-0.27293 0.10184 0.07372
-0.20895 -0.12005 0.12455
0.20685 -0.08734 -0.18671
-0.22925 -0.07885 -0.17268
0.33205 0.00148 -0.05126
0.05334 -0.05189 -0.12592
-0.36441 0.05928 0.08928
0.00471 0.12051 0.12097
-0.34516 -0.02235 0.11427
-0.33314 -0.02223 0.11595
0.04389 0.11982 -0.13507
-0.24113 -0.07712 -0.18458
-0.06843 0.08320 0.05855
-0.31476 0.07868 0.12244
-0.32249 -0.06789 0.04205
-0.37063 -0.05282 0.04205
0.01495 0.11882 -0.04180
0.32611 -0.06833 -0.15955
-0.19032 -0.07256 -0.10126
0.15905 -0.06233 0.13909
-0.24526 -0.05000 -0.15712
0.16497 -0.08246 -0.17750
0.24363 0.03608 0.14699
-0.10504 0.10769 -0.14348
0.43045 -0.06350 -0.09274
0.15547 -0.07127 0.14344
-0.37462 0.04767 -0.16622
-0.29293 -0.06240 0.12101
0.27069 0.00854 0.11227
0.07227 -0.02967 -0.01919
0.38129 -0.07527 -0.16150
-0.16213 -0.03420 0.00744
-0.18138 -0.03030 0.00345
0.27609 -0.01232 -0.05223
-0.00171 -0.07513 0.06567
-0.29003 -0.12329 -0.15861
0.15592 -0.05284 0.16118
-0.08029 0.01698 -0.18273
-0.03804 0.00383 0.04313
0.20056 0.05338 -0.02992
-0.23403 -0.02873 -0.13898
0.42532 -0.03068 0.13292
0.20218 -0.04101 0.03032
0.21122 -0.03966 0.12300
0.09893 0.02560 -0.01030
-0.04896 -0.04968 -0.00400
-0.05331 0.10224 0.04779
0.14209 0.03439 0.15354
0.06761 -0.04968 -0.00784
0.13617 -0.00983 -0.15561
0.30374 0.01032 -0.14440
-0.30459 -0.07046 -0.18494
0.26187 -0.06693 0.13663
0.25404 0.00887 -0.10121
-0.37863 0.02595 0.13655
0.15307 0.05079 0.07756
0.15218 0.05076 0.07054
0.26649 -0.11269 -0.15860
0.31098 -0.02251 -0.14200
0.15736 -0.03650 0.15082
-0.27351 -0.01994 0.16264
-0.18629 0.10926 0.10797
-0.05189 0.04193 0.05066
-0.24315 -0.04193 0.15025
-0.22126 -0.06036 -0.03953
-0.00050 -0.03106 0.00342
0.23484 -0.00571 -0.04498
0.41715 -0.09208 -0.05140
0.07068 0.02557 0.06266
-0.21471 -0.05950 0.05870
0.02318 -0.00616 -0.18730
0.20583 -0.09130 0.17082
0.01864 -0.08967 0.15836
0.36180 -0.06092 0.05796
0.18073 0.05007 0.00382
-0.18879 -0.07824 0.09855
0.30568 -0.10702 -0.02959
0.31333 -0.10528 0.11402
0.04445 0.13254 -0.07828
0.20731 -0.03916 -0.04937
0.22404 -0.04950 -0.08877
-0.27625 -0.06000 0.12985
-0.11637 0.11483 0.11063
-0.11650 0.14102 -0.07370
-0.22390 -0.08616 -0.13830
0.12793 -0.00831 -0.01687
0.04917 -0.05193 0.08214
-0.05411 0.10765 0.03980
-0.18081 -0.07300 0.16861
-0.06114 -0.07949 -0.01470
0.31686 -0.04741 -0.17284
-0.42167 -0.02490 -0.09775
0.06413 -0.05939 0.02776
0.15660 -0.00821 0.17011
-0.42910 -0.05753 -0.15542
-0.21195 0.02029 0.16609
0.06884 0.02137 0.09421
0.16059 -0.08500 -0.00907
-0.29520 -0.11472 -0.18418
0.25541 -0.03069 0.12571
-0.28699 0.00738 -0.12491
0.22318 -0.08987 0.09153
-0.10832 -0.08742 -0.14799
0.28128 -0.03234 -0.17738
-0.17723 0.02387 -0.14064
-0.03660 -0.06440 0.00970
-0.06884 -0.08217 0.01780
-0.19342 0.07345 -0.12674
-0.25804 -0.06634 -0.13574
-0.06932 0.04467 -0.06029
0.24117 -0.05713 0.14962
0.28304 -0.03937 0.01813
0.30443 -0.02020 -0.04689
-0.05889 0.08448 0.02837
-0.37439 0.05562 0.01575
-0.36873 0.05842 0.01415
0.13479 0.04830 0.14419
0.06622 -0.07439 -0.15448
0.08268 -0.07908 -0.15214
0.43482 -0.03290 0.07798
-0.08329 -0.07997 -0.01334
0.11910 0.01713 0.05078
0.12971 0.01713 0.05008
0.28097 -0.01320 -0.06596
0.19064 -0.09131 0.10653
0.26912 -0.03493 0.13597
-0.25018 0.09934 -0.13697
-0.16224 -0.07386 -0.01146
0.14918 -0.01901 0.13879
-0.17813 0.02849 -0.13586
-0.16900 -0.06627 -0.13956
-0.20400 -0.08220 0.16091
0.17096 -0.07090 0.07352
0.17669 -0.06562 0.04687
-0.02924 0.11657 -0.11190
-0.18089 -0.07205 -0.16360
-0.19732 0.12643 -0.11928
-0.18039 -0.04329 0.05237
0.21351 -0.04565 -0.16723
-0.21109 -0.01789 -0.17134
0.26132 -0.03002 0.16869
-0.20413 0.11503 0.11315
0.04889 -0.07050 -0.01447
0.12280 0.05856 0.03572
0.34592 -0.06456 0.04351
-0.18563 0.05747 -0.12250
0.22844 -0.12762 0.17159
0.17464 -0.10199 0.10337
0.15408 -0.10199 -0.11645
0.17029 -0.10199 0.13637
0.16248 -0.10199 0.09450
0.16847 -0.10199 0.09451
0.16190 -0.10199 -0.03635
-0.00200 0.11547 -0.10741
0.08288 0.11094 0.03587
-0.28223 -0.02268 0.07875
-0.25477 -0.02316 0.02538
-0.25557 -0.02314 0.04772
0.21102 0.01604 -0.04386
-0.37349 0.06412 0.11548
-0.40518 0.03728 0.12001
-0.05350 -0.00926 0.06738
-0.43648 -0.03314 -0.05568
-0.17215 0.00334 0.13756
0.42379 -0.06395 0.04182
0.31200 -0.04494 0.08964
-0.09953 -0.05542 0.00561
-0.38772 -0.00182 -0.17286
0.10909 -0.00224 0.06244
0.41547 -0.01045 -0.05408
0.26131 0.02588 0.10536
-0.21990 -0.06270 -0.11037
0.06249 0.09057 0.13111
-0.24447 -0.05349 -0.13567
0.12713 0.04249 0.09850
-0.28679 0.07960 -0.04085
0.17261 -0.06615 0.03751
-0.39760 0.06325 -0.02676
-0.05987 0.04371 0.04912
-0.26669 0.08133 -0.02395
0.23631 -0.11732 0.14185
-0.26485 -0.11470 0.16559
0.20386 -0.06910 0.16709
-0.18724 0.03224 0.12746
-0.17547 -0.01378 0.13100
-0.22088 0.02566 -0.13944
-0.16300 -0.03495 0.07636
0.36185 -0.05085 -0.12291
-0.33324 0.05661 -0.15935
-0.36907 -0.01064 0.13748
-0.04303 0.01391 -0.06290
-0.41858 -0.02059 0.08929
-0.23836 0.09124 0.03388
0.14833 0.05983 -0.12084
0.14873 0.04966 -0.16348
0.13559 0.06388 -0.13956
0.14042 0.06275 -0.13073
-0.31743 -0.06404 -0.13232
0.28874 -0.10208 0.08797
0.06115 0.12304 -0.06413
-0.28131 0.09423 -0.14345
0.09389 -0.06583 -0.03386
0.06526 -0.05604 -0.02794
0.06863 -0.06861 -0.03295
0.38389 0.01509 -0.09061
0.23278 -0.10362 0.12935
0.36664 -0.06683 0.05863
0.23598 -0.00774 -0.05167
0.42074 -0.02804 0.02309
-0.21245 0.11184 0.11372
0.37596 -0.07357 0.00749
0.14385 0.05413 0.01884
0.17870 -0.06257 0.08045
0.18106 -0.03857 0.12282
-0.06127 0.06482 -0.08973
0.38944 -0.07052 0.07547
0.16429 0.05670 0.07065
0.10683 0.09503 0.06014
0.11737 0.08970 0.04201
0.12928 0.08175 0.04422
0.06659 -0.07107 -0.00625
0.07411 -0.06130 -0.07474
0.07541 -0.03297 0.00294
0.22661 0.04097 0.14175
-0.38234 -0.02269 0.02805
-0.39006 -0.02277 0.05708
-0.37961 -0.02267 0.06001
-0.41676 -0.02401 0.01600
-0.19916 0.09657 -0.09328
0.13833 -0.10199 0.04275
0.06664 -0.10199 0.04151
0.05362 -0.10199 0.01341
0.13553 -0.10199 0.07321
0.10949 -0.10199 -0.10969
0.11043 -0.10199 0.03674
0.13744 -0.10199 0.06048
0.12577 -0.10199 -0.03315
0.00336 -0.10199 -0.10307
0.12887 -0.10199 0.07401
0.01497 -0.10199 -0.06426
0.05112 -0.10199 -0.04604
0.12363 -0.10199 -0.07178
0.07546 -0.10199 -0.07653
-0.06610 -0.10199 -0.12269
0.10728 -0.10199 -0.07181
0.07500 -0.10199 0.00595
0.10473 -0.10199 0.05001
0.13938 -0.10199 -0.08502
-0.08673 -0.10199 -0.14650
-0.01883 -0.10199 -0.14920
0.11402 -0.10199 0.05020
0.11801 -0.10199 0.01067
0.07308 -0.10199 -0.04531
0.02669 -0.10199 -0.12159
-0.03500 -0.10199 -0.10847
0.05637 -0.10199 0.01926
0.13744 -0.10199 -0.09716
0.13915 -0.10199 -0.00903
0.05070 -0.10199 -0.12974
0.13689 -0.10199 0.07960
-0.01727 -0.10199 -0.06623
0.10350 -0.10199 -0.08636
0.04794 -0.10199 -0.00219
0.03795 -0.10199 -0.03633
-0.00330 -0.10199 -0.03692
0.11353 -0.10199 -0.12433
0.09235 -0.10199 0.07242
0.11359 -0.10199 0.03237
0.09677 -0.10199 -0.10145
0.08273 -0.10199 0.01405
0.09567 -0.10199 -0.08761
0.06517 -0.10199 0.02222
0.09917 -0.10199 -0.11130
0.05343 -0.10199 -0.14604
0.28432 -0.09288 -0.01206
-0.24388 -0.03441 0.13149
-0.02272 -0.04713 -0.18971
-0.06616 -0.05988 -0.18814
-0.07476 -0.05198 -0.18910
-0.01112 -0.05747 -0.18846
-0.03170 -0.04828 -0.18957
0.13791 -0.09238 -0.17402
0.03685 -0.10155 -0.15979
0.08450 -0.09656 -0.16753
-0.21333 -0.00186 -0.18813
-0.36955 0.05055 0.14874
0.14090 0.00355 -0.16270
0.23234 -0.06415 0.15408
-0.09726 -0.08693 0.15321
0.01652 -0.08601 0.15080
0.27903 -0.04466 0.08938
-0.28734 -0.12562 0.13580
-0.41770 0.02805 -0.01246
-0.22624 -0.01435 0.12513
0.11980 -0.01027 -0.03781
-0.02164 -0.04623 -0.11733
0.23261 -0.11959 0.12268
0.19665 -0.06208 -0.18497
0.17857 -0.04649 -0.09237
0.17857 -0.05911 -0.07409
0.17857 -0.05073 -0.05488
0.26919 -0.01200 -0.12350
0.37235 -0.08510 0.14586
-0.24588 -0.03651 -0.11168
-0.36124 -0.07076 -0.13605
-0.24977 -0.12676 0.14263
-0.25091 -0.14070 -0.13898
0.32676 -0.06372 -0.00393
-0.18102 -0.10386 0.07450
-0.18491 -0.10427 0.03381
-0.18133 -0.10389 0.10977
-0.42380 -0.02514 0.04982
0.04041 -0.06853 -0.06830
0.36288 0.00004 -0.07477
-0.22171 -0.12540 -0.13898
0.28126 -0.09221 0.14855
-0.09887 0.08871 -0.15452
-0.20964 -0.01877 0.13792
-0.24136 -0.12244 -0.14109
0.20098 -0.00094 0.03008
0.20098 -0.00085 0.00033
0.20098 0.02194 0.00546
0.20098 0.03367 0.04580
0.31970 -0.10063 -0.09869
-0.19293 0.13323 -0.00967
0.27660 -0.02480 0.02998
-0.20968 -0.02456 -0.04485
-0.20361 -0.02579 -0.08785
-0.14801 -0.03706 -0.02465
-0.18995 -0.02856 -0.06380
-0.17175 -0.03225 -0.06559
0.14209 -0.08858 0.04355
-0.06469 -0.03523 -0.00490
-0.19602 -0.04403 -0.18418
0.07338 -0.04940 -0.04394
0.19370 -0.07343 0.12078
0.40392 -0.03140 -0.17189
-0.35954 0.06886 -0.11409
-0.36291 0.06819 -0.08821
-0.33987 0.07614 -0.10637
0.28135 -0.07731 0.13111
0.20097 -0.00264 0.09273
0.26554 -0.02525 -0.12729
0.16482 -0.02859 -0.15575
0.03262 -0.05665 -0.03616
-0.11610 0.05379 0.15183
0.31453 -0.03282 -0.03415
-0.05056 0.05361 -0.05915
-0.14154 -0.03647 0.08729
-0.16114 -0.02604 0.11998
-0.11688 -0.04973 0.04894
-0.15636 -0.02857 0.11171
-0.14605 -0.03516 0.11546
-0.32586 0.08192 -0.09078
-0.29589 0.09253 -0.10516
-0.28123 0.09755 -0.11528
-0.09824 0.12561 -0.10778
-0.21804 -0.07306 -0.02745
-0.19490 0.10063 0.10732
0.24176 -0.01287 -0.14933
-0.16603 -0.05750 0.13539
0.39831 -0.06522 -0.16755
-0.18255 0.00042 0.13456
0.12761 0.02444 -0.15720
0.25839 0.03071 0.13568
0.30135 -0.05193 0.13604
-0.04293 -0.00725 -0.13895
-0.06047 0.07540 -0.05858
0.21411 -0.10364 -0.18295
0.27243 -0.01074 0.11069
0.13115 -0.04653 0.01508
0.37538 0.01813 0.05212
0.37568 0.01821 0.03175
-0.03743 -0.00111 -0.10740
0.01169 -0.02433 -0.03449
-0.12079 0.11441 -0.11107
0.34206 0.00200 -0.14371
0.23409 -0.01419 -0.00639
0.23635 -0.01419 -0.01158
0.19923 -0.01419 -0.00126
0.24978 -0.01419 -0.02690
0.19376 -0.01419 -0.03079
-0.28783 0.02590 0.13870
-0.30026 0.01101 0.13834
-0.21954 -0.07540 -0.04079
-0.38589 0.06447 0.02889
0.20406 -0.02828 0.12035
-0.32878 -0.05017 0.06513
-0.38154 0.05313 0.14651
0.27844 -0.07318 0.14222
0.33178 -0.07947 -0.01282
-0.26164 0.10750 -0.04896
-0.26312 0.10728 -0.02891
-0.27736 0.10198 -0.03369
-0.08692 -0.00159 0.14399
0.24079 -0.09011 0.15223
-0.02588 0.01159 -0.04658
-0.26288 0.08603 -0.01842
-0.05528 -0.00389 0.07431
-0.41694 -0.06800 0.08424
0.13301 -0.03712 -0.02650
-0.25753 -0.02197 0.10447
0.21974 -0.02561 -0.11010
-0.23766 -0.05686 -0.10991
-0.42274 -0.06351 0.00511
-0.26331 -0.04754 -0.18036
-0.29978 -0.05874 0.16861
0.30374 -0.08159 0.15301
0.12249 -0.08273 -0.04360
0.05025 -0.05027 0.02678
-0.42959 -0.05904 -0.12833
-0.05075 0.13027 0.11295
0.07203 -0.03731 -0.12979
-0.14125 -0.08917 -0.17499
-0.41358 0.02771 0.12080
0.36727 -0.07130 -0.05268
-0.18079 -0.08496 -0.17786
-0.04075 0.02620 -0.12612
-0.19740 0.11950 0.09425
0.28087 -0.04234 -0.18314
0.21963 -0.09461 0.01454
0.20072 -0.09896 0.05261
0.19315 -0.10095 -0.00783
0.36693 -0.05256 0.06441
0.42497 -0.06294 -0.15136
0.31626 -0.08071 -0.17055
-0.12273 0.12007 -0.10607
-0.31750 -0.02223 -0.01221
0.26087 -0.09219 0.12950
-0.20701 -0.09666 0.14236
-0.26916 -0.01816 -0.16333
0.06885 -0.03165 -0.03535
-0.12250 -0.03617 -0.16317
-0.18838 -0.05126 -0.17054
0.36345 0.02139 -0.00281
0.38325 0.01649 0.01832
0.26439 -0.05869 -0.17230
0.41824 -0.08126 -0.11325
-0.41970 -0.02006 -0.05654
-0.25707 -0.09426 -0.17094
-0.22497 -0.11586 0.13606
0.14772 -0.03836 -0.03372
0.36693 -0.05229 -0.11635
-0.06679 0.04088 -0.05219
0.26050 -0.01651 -0.14452
-0.41834 0.01434 -0.11460
-0.41478 0.02350 -0.13525
-0.02996 -0.02264 -0.07872
-0.06520 0.11533 -0.06366
-0.27278 -0.11664 0.15564
0.10778 -0.08858 -0.14697
-0.02672 -0.02147 -0.10768
0.41241 -0.01045 0.02973
0.29571 -0.03969 0.14150
0.12484 0.08718 -0.02371
0.11849 0.08804 -0.06345
0.11180 0.09677 -0.01507
-0.26258 0.00850 -0.13464
-0.09544 0.02592 0.16563
-0.40570 0.04871 0.11721
0.36693 -0.00244 -0.11221
0.36693 -0.01361 -0.12038
-0.29874 -0.02243 0.03006
-0.31960 -0.02221 0.08706
0.22659 -0.08760 -0.17833
-0.16913 0.12034 -0.11370
0.11135 0.08449 -0.11695
0.12873 0.07647 -0.10155
0.10608 0.08930 -0.10937
0.15180 0.06419 -0.08954
-0.39638 0.06302 -0.14097
-0.39418 0.06325 -0.11341
0.40504 -0.00401 -0.03328
-0.04730 0.11618 -0.11692
0.43246 -0.05316 0.05212
-0.37565 0.06450 -0.13666
-0.10211 0.03940 -0.17607
-0.00160 0.11251 -0.11854
0.29361 -0.01470 -0.14916
0.06068 -0.05072 0.02689
0.40968 -0.07150 -0.15350
0.20213 -0.07971 -0.17367
-0.18373 -0.10038 -0.16231
-0.06703 0.05987 0.02863
-0.05118 0.04097 0.05891
-0.08201 0.12584 -0.10661
-0.38326 0.06389 -0.15079
0.40343 0.01089 0.00183
-0.39602 0.02399 0.04436
0.16199 -0.06722 -0.04962
-0.30963 -0.05840 0.12052
0.29702 -0.11452 0.12987
-0.04992 0.13631 -0.12344
0.23227 -0.05990 0.14689
0.10314 0.01713 0.00590
-0.34658 0.07366 0.10898
-0.35086 0.07246 0.08874
-0.30736 0.08942 0.07602
-0.01029 -0.05269 0.06222
0.18653 0.04885 -0.02936
0.41561 -0.01732 -0.12017
0.27348 -0.06416 -0.15289
0.26348 -0.07938 -0.16061
-0.36123 -0.08093 -0.04360
-0.31966 -0.08093 -0.03031
-0.34993 -0.08093 -0.06183
-0.37219 -0.08093 -0.06375
-0.35642 -0.08093 -0.05548
-0.37575 -0.08093 -0.07309
0.03434 0.10512 -0.12531
0.31298 -0.04471 0.01265
0.10346 0.06898 -0.15578
0.23484 -0.08863 0.04590
0.23312 -0.08772 0.07296
0.24021 -0.08764 0.03271
-0.29658 0.09217 0.09866
-0.32846 0.08083 0.09784
-0.32205 0.08286 0.10282
0.23863 -0.02467 -0.17184
-0.29189 0.08120 -0.12084
-0.23547 -0.14329 -0.15867
-0.25815 -0.06145 0.06111
0.22801 -0.11824 -0.18165
0.16373 -0.03763 -0.15190
0.24793 -0.02561 0.03736
0.16090 -0.10199 -0.00178
0.16825 -0.10199 -0.04034
0.17022 -0.10199 -0.13162
0.15554 -0.10199 0.02164
0.16217 -0.10199 0.02370
-0.04297 0.02831 0.02625
-0.01703 0.00053 -0.04627
0.15723 -0.02043 0.16869
0.43047 -0.05316 -0.00996
0.23101 -0.09506 -0.03855
0.26827 -0.09506 -0.04233
0.27924 -0.09506 -0.01790
0.28390 -0.09506 0.00326
0.25763 -0.00458 -0.13002
-0.26673 -0.13494 0.16861
-0.35908 -0.08401 0.06782
0.28951 -0.09695 0.02069
0.11349 0.02210 -0.06756
0.11496 0.01752 -0.10397
-0.00120 -0.09038 -0.17605
-0.10920 0.13779 0.09754
-0.16709 0.13459 0.10364
-0.09643 0.14024 0.07872
-0.30936 0.08161 0.13553
0.22100 -0.06562 -0.17363
-0.03802 -0.00125 -0.06982
-0.32588 0.07213 -0.15554
0.14491 0.05070 -0.15450
-0.20277 0.02523 0.16503
0.04327 0.13029 -0.09641
0.21953 -0.02639 -0.14891
0.42193 -0.02258 0.02100
-0.28252 -0.12590 -0.18760
-0.04646 0.02326 0.10952
-0.01650 -0.00526 -0.14283
0.26392 -0.01504 -0.11582
0.08746 0.10585 -0.08009
0.15738 0.00351 0.16977
0.10092 -0.03353 0.00130
0.26220 -0.06849 0.15267
-0.14102 0.01624 -0.14396
0.22629 0.00215 0.16807
-0.42372 -0.06133 0.11147
-0.06555 0.04910 0.11005
0.01943 -0.05159 -0.12915
-0.27114 0.10218 -0.09857
-0.25989 0.10562 -0.11117
0.26358 -0.09396 0.15833
-0.31734 -0.00777 -0.17892
-0.21611 -0.08781 0.09302
0.26297 -0.04201 -0.18013
-0.28781 -0.06957 0.16095
-0.20874 -0.10016 -0.17196
0.28069 0.01511 -0.11445
-0.20996 -0.06664 0.04867
-0.16753 -0.04956 -0.13952
0.21703 -0.09274 0.07681
0.21768 0.00643 0.02143
-0.23638 -0.10213 0.14280
0.08825 0.09260 0.13350
-0.33929 -0.09254 0.07082
-0.03563 0.00116 -0.09798
-0.02751 -0.04968 -0.01478
-0.11628 0.03186 0.14608
-0.41941 -0.02510 0.13181
-0.20021 -0.03608 -0.16570
-0.20300 0.12456 -0.03438
-0.40966 0.04723 0.05217
-0.20512 0.05376 -0.16912
-0.20546 0.07419 -0.15845
-0.21735 0.06494 -0.16345
-0.05379 0.00747 0.04470
0.06170 0.11070 -0.13484
0.02788 -0.07089 0.07851
0.14702 -0.05585 0.09069
-0.16204 -0.03751 0.04321
-0.20231 -0.02684 0.04604
-0.17725 -0.03348 0.05762
-0.14817 -0.04118 0.02470
-0.42361 -0.02501 -0.02781
0.19981 -0.00382 -0.18677
-0.30695 0.07498 -0.07737
0.07021 -0.06459 -0.18757
0.00567 -0.05949 -0.18822
0.08804 -0.05258 -0.18909
0.08982 -0.06370 -0.18769
-0.41778 -0.02401 -0.01334
-0.15657 0.13307 0.10728
-0.27965 -0.08672 0.16314
0.13522 0.02544 0.14161
0.25144 -0.09121 0.12797
0.21671 -0.02829 0.13088
0.15655 -0.09575 -0.14510
-0.20062 0.12344 -0.00148
-0.41156 -0.04699 0.11437
0.04470 0.13459 -0.05913
-0.28589 -0.09948 -0.16891
0.33065 -0.10051 -0.07422
-0.23574 -0.07213 0.15610
-0.09697 0.14341 -0.05192
-0.09151 0.14371 -0.05522
-0.11815 0.14219 -0.04270
-0.20579 0.12466 0.08918
0.05787 0.12120 0.07427
0.18487 0.04782 0.05071
-0.32760 -0.09960 0.07250
0.12562 0.08737 0.00358
0.13488 0.08156 -0.00376
0.14533 0.07184 0.03732
-0.18882 -0.08074 0.16861
0.27968 -0.00130 -0.04665
-0.12002 -0.05179 -0.12784
-0.11844 -0.05580 -0.10641
-0.21304 -0.11535 -0.18383
0.02472 -0.05300 -0.11156
-0.24157 -0.01272 -0.19243
-0.41920 -0.00389 -0.11739
0.00386 -0.02800 -0.02976
-0.03636 0.05516 0.11979
0.34035 -0.08790 -0.10827
-0.19962 -0.11528 0.17218
0.26575 -0.07867 -0.16569
0.28585 -0.08516 -0.09504
0.15474 -0.06396 -0.15561
-0.31498 -0.05629 0.16414
0.41168 -0.00952 -0.12566
-0.09753 0.13660 0.10699
0.36693 -0.05316 -0.09629
-0.20686 -0.10471 0.12462
0.17556 0.04930 0.06978
0.04633 0.11127 -0.13265
0.41361 -0.02164 0.04953
0.00881 0.12701 -0.06258
0.20294 0.01281 -0.14608
0.28907 -0.06664 -0.16136
-0.12619 -0.08771 0.00134
-0.24553 -0.08714 0.16123
0.26300 -0.02410 -0.13910
0.27822 0.01238 -0.00753
0.24186 0.01238 -0.00343
0.07804 -0.05836 0.04831
-0.20775 0.11463 -0.12815
0.23569 0.00450 0.12079
0.22764 -0.00728 -0.13026
-0.04455 -0.07214 0.13951
0.26662 -0.04978 -0.13608
-0.31992 -0.07485 -0.13293
-0.05951 0.08161 -0.12574
-0.24209 -0.13340 -0.18418
0.12457 -0.00374 -0.08532
0.11175 0.02689 -0.04268
0.27873 -0.02498 -0.18475
-0.26362 -0.01590 -0.12830
0.29209 -0.12885 -0.13670
-0.40449 0.05894 -0.04247
-0.24352 -0.04380 -0.10679
0.17592 0.05098 -0.01299
0.20644 0.02727 0.12919
-0.09122 0.00496 0.13555
0.19289 -0.03297 0.01988
0.20697 -0.01809 0.02044
-0.39517 -0.02538 -0.16622
-0.18928 0.12954 -0.07585
0.25021 -0.04483 -0.17814
0.28820 -0.08173 -0.14388
0.21810 0.01547 -0.02094
-0.06883 0.08882 0.07332
0.21606 -0.06303 -0.17553
-0.43464 -0.03499 0.08312
-0.17300 0.13906 0.01500
-0.13508 0.14101 0.03869
0.19212 0.05381 -0.07083
0.18483 0.04567 -0.14336
-0.23847 0.03383 -0.12674
0.43229 -0.03709 -0.09806
-0.25637 -0.03191 -0.18418
-0.21646 -0.01625 -0.16219
0.20783 -0.08001 0.17112
0.34180 -0.02087 -0.06576
-0.23017 -0.13167 -0.16627
0.21669 -0.00058 -0.14577
-0.25887 -0.01480 -0.17967
-0.10467 0.09488 0.13278
-0.21080 -0.05871 -0.07749
-0.38881 0.02847 -0.17042
0.11519 -0.08487 0.14778
-0.03330 -0.08737 0.15439
-0.23428 0.01813 -0.16288
-0.22196 0.11869 0.08787
-0.21475 0.12194 0.07985
-0.00031 0.11662 0.09411
0.11662 -0.03046 0.01906
0.23056 -0.00397 0.17149
-0.40626 -0.07351 0.08862
0.26752 -0.08516 -0.09654
-0.06582 -0.08454 0.13261
0.42538 -0.03139 0.14065
-0.29040 -0.02253 0.04917
-0.28757 -0.02258 -0.00677
0.20300 -0.07523 0.12684
-0.21711 -0.12624 -0.15052
-0.38540 -0.07081 0.14772
-0.15961 0.14017 0.00012
-0.11818 0.14263 0.00006
-0.13869 0.14130 0.00843
0.41178 -0.00602 0.08879
0.24287 -0.12460 -0.13853
-0.25668 -0.01454 0.13661
-0.29493 -0.11617 -0.17722
-0.36044 -0.03264 -0.18014
-0.38239 -0.02270 -0.11799
-0.34680 -0.02236 -0.12568
-0.29813 0.07760 -0.15538
-0.11494 -0.00655 0.17034
-0.27263 -0.05740 0.02967
0.27561 -0.07775 0.00892
0.21552 -0.07507 0.00938
0.24238 -0.06521 0.01107
0.22143 0.00755 -0.04384
0.21880 -0.08535 0.14168
0.01386 -0.02520 0.02832
-0.01361 -0.04408 0.05031
0.37669 0.00146 -0.14669
-0.08504 0.14237 -0.07516
0.00473 0.14055 -0.07435
-0.07014 0.13984 -0.09699
-0.05861 0.14108 -0.08239
0.11751 0.00026 0.08265
-0.20572 -0.07025 0.15138
-0.32388 -0.04657 -0.18184
-0.02774 -0.02091 -0.05995
-0.23705 0.02412 0.14560
-0.26907 -0.13419 0.11975
-0.36906 -0.06143 -0.13605
-0.21927 -0.08426 -0.12626
0.28275 -0.06751 -0.15060
-0.19630 -0.02689 -0.15577
-0.40424 -0.06492 -0.16534
-0.03775 -0.00325 0.07453
-0.28932 -0.07803 0.12793
-0.31313 0.07369 -0.15738
0.22847 -0.11011 0.01248
0.22738 -0.11000 0.03096
0.23429 -0.11070 0.01691
-0.28492 -0.10165 -0.17408
-0.25508 0.05247 0.14700
0.33170 -0.04588 -0.13069
0.35009 -0.04434 -0.13435
0.25502 -0.07969 -0.16444
-0.16808 -0.03306 -0.13184
0.06612 -0.05071 0.06184
-0.04059 -0.03766 -0.07617
-0.17189 -0.07678 -0.00375
0.28647 -0.09454 0.14358
0.30209 -0.01976 0.10914
0.02859 -0.05331 -0.09406
-0.28762 0.07003 -0.15944
-0.25566 0.08349 -0.15348
-0.26019 0.05423 -0.16841
-0.18675 -0.03589 -0.17822
-0.01566 -0.01146 -0.04746
-0.11901 -0.06010 0.12362
-0.11836 -0.05694 0.10578
0.36001 -0.01193 0.15796
0.08460 -0.07695 -0.01826
0.28151 -0.07355 -0.15504
-0.21946 -0.05782 0.09155
-0.09011 -0.08858 0.11412
-0.05041 -0.08858 0.06527
-0.05986 -0.08858 0.05167
-0.06718 -0.08858 0.05901
-0.08487 -0.08858 0.03327
-0.36597 0.06790 -0.02700
-0.27296 -0.10736 -0.17865
0.13366 0.07728 -0.07594
0.16517 0.05884 -0.04026
0.14984 0.06901 -0.03833
0.32373 -0.10140 -0.17152
0.37664 0.00499 0.11872
0.32195 -0.03171 -0.14419
-0.11107 0.12550 -0.11265
