-0.21784 -0.05188 0.12075
-0.20631 -0.08407 0.12746
-0.21382 -0.10996 0.12860
0.22198 -0.02622 0.11512
0.30632 -0.06847 0.12948
-0.24768 0.05672 -0.13053
-0.18797 0.07566 -0.12231
-0.24405 0.06746 -0.12597
-0.26812 0.08196 -0.11991
-0.24247 0.06101 -0.12870
-0.21504 0.08208 -0.11968
-0.23697 0.06473 -0.12710
-0.24934 0.04998 -0.13339
-0.27909 0.08358 -0.11926
-0.31885 0.08869 -0.11723
-0.19310 0.08033 -0.12035
-0.21635 0.07382 -0.12319
-0.23263 0.03834 -0.13826
-0.23842 0.04547 -0.13527
0.19331 -0.01327 -0.15201
0.19309 -0.00581 -0.15083
0.26703 -0.09987 -0.13955
-0.24047 -0.04233 -0.13309
0.23473 -0.04095 -0.08356
0.30885 -0.02413 -0.08356
-0.42232 0.00869 0.14073
-0.23458 -0.07436 0.12743
0.24631 -0.02511 0.15772
0.23706 -0.09893 -0.12654
-0.30108 0.11155 0.08111
-0.23958 -0.08332 -0.08141
0.30461 -0.06520 0.11480
0.26000 -0.10372 0.12371
-0.19832 -0.04203 0.14371
-0.19589 -0.02394 -0.13482
-0.25807 -0.08992 0.13779
-0.09812 0.01863 -0.14523
-0.19081 -0.04901 -0.13444
-0.15751 0.12129 -0.08159
-0.38984 0.04847 -0.12881
-0.22141 -0.08236 0.12046
0.16390 -0.09908 -0.13215
-0.43587 -0.04106 0.13273
-0.43127 -0.01966 0.14393
-0.27587 -0.02449 0.15658
-0.26860 -0.02323 0.15671
0.45495 -0.05810 0.07562
0.23340 -0.06797 0.12489
-0.23823 -0.09172 0.12112
-0.13332 0.05428 0.12868
-0.23285 -0.03174 -0.15051
-0.23845 -0.10787 0.14239
0.25524 -0.08715 0.13753
-0.21787 -0.08111 0.12443
0.07313 -0.08503 0.14433
0.06599 -0.08609 0.14375
0.10786 -0.08888 0.14190
0.08190 -0.08373 0.14505
0.13471 -0.08683 0.14296
0.12200 -0.08171 0.14604
0.26833 -0.07979 0.13845
0.28490 -0.02551 -0.14265
0.34388 -0.04055 0.12772
0.28338 -0.06333 -0.12021
0.32398 -0.03686 0.15507
0.36400 -0.05271 -0.14958
-0.22198 -0.03220 0.12613
-0.23497 0.02128 0.14496
-0.22279 0.02710 0.14275
-0.17382 -0.04235 -0.14419
-0.39233 -0.06543 -0.14892
-0.38242 -0.06449 -0.14988
-0.33958 -0.06656 -0.15143
0.00011 0.00134 0.15523
0.41991 -0.01804 -0.14264
0.30902 -0.03856 0.13653
0.17468 -0.06938 -0.15171
0.25408 -0.01140 -0.15099
0.27850 -0.09095 0.11309
-0.24837 -0.09187 -0.13795
0.29701 -0.06336 -0.11956
0.23774 0.02295 -0.09583
-0.34276 -0.08305 -0.14150
-0.36976 -0.07657 -0.14399
-0.35049 -0.08456 -0.14032
0.27893 -0.06528 0.13435
0.42529 -0.03056 -0.07130
-0.30005 -0.07330 0.10770
0.37859 0.01111 0.07919
0.04979 0.11427 0.00431
0.01714 0.11407 0.03125
0.01927 0.11347 0.04744
0.04813 0.11223 0.06567
0.02810 0.11402 0.02567
0.00114 0.11396 0.04474
0.03623 0.11269 0.05969
0.02266 0.11319 0.05367
-0.35580 -0.09546 -0.04007
-0.41923 0.00244 0.14930
-0.29423 -0.05525 0.09061
0.21580 -0.05058 0.08357
0.25544 -0.05035 0.08356
0.26198 -0.05054 0.08356
-0.45315 -0.07017 0.08993
-0.45253 -0.07548 0.08417
0.28463 -0.05846 -0.12522
-0.17872 -0.07258 -0.14740
0.43962 -0.07011 -0.09121
0.44440 -0.05312 -0.07887
-0.21436 -0.08077 -0.14482
-0.22189 -0.07758 0.08141
-0.19923 -0.03171 -0.16290
-0.16739 0.12039 0.08496
0.24791 -0.04959 -0.13634
-0.21293 -0.03168 0.08141
-0.26243 -0.04913 0.08141
-0.34185 0.10582 -0.04780
-0.33842 0.10854 -0.03145
-0.16219 -0.03967 -0.13454
0.02318 0.01286 0.14801
-0.17503 -0.07101 -0.13308
-0.44007 -0.04716 0.01214
-0.42367 0.01135 -0.08692
-0.42326 0.01085 -0.10087
0.27082 -0.03852 -0.14250
-0.39984 -0.09367 0.03549
0.24833 -0.02199 -0.12157
0.19876 -0.08431 0.13557
0.06769 0.04762 -0.13101
-0.15860 -0.05955 -0.15429
0.25556 -0.07820 0.11214
-0.44317 -0.05359 0.15321
-0.30227 0.00214 0.15177
-0.27452 -0.04830 0.08141
-0.21659 0.02841 0.14241
0.43129 -0.02013 0.03968
-0.28217 -0.04034 -0.08333
-0.22541 -0.03318 -0.11594
0.31814 -0.06176 0.13663
-0.22978 -0.11974 -0.13787
-0.04481 0.11449 0.06430
0.06955 0.10737 -0.05553
0.31260 -0.05207 -0.12973
-0.10459 0.10991 0.08828
-0.06520 0.10998 0.09012
0.13651 0.05932 0.05917
0.15817 0.04292 0.06745
0.15730 0.04110 0.08943
0.13493 0.05769 0.08394
0.11202 0.07758 0.05235
0.14706 0.05441 0.03560
0.17113 0.03648 0.04220
0.17039 0.03585 0.05259
0.16601 0.04004 0.04311
0.15256 0.04773 0.06030
0.17163 0.03879 0.01828
0.15353 0.05119 0.02303
0.16958 0.03188 0.09342
0.15601 0.04861 0.03034
0.12587 0.06505 0.07597
0.17447 0.03470 0.03679
0.26841 -0.08122 -0.14404
-0.25246 -0.11215 0.11546
0.29871 -0.09679 0.12320
-0.42786 -0.08456 -0.05873
-0.41427 -0.08497 -0.05383
-0.36494 -0.08453 -0.11257
-0.37223 -0.08583 -0.05447
-0.40426 -0.08323 -0.13188
-0.41049 -0.08439 -0.08003
-0.36772 -0.08471 -0.10282
-0.36246 -0.08595 -0.05771
-0.40457 -0.08445 -0.08242
-0.37038 -0.08435 -0.11515
-0.35719 -0.08589 -0.06425
-0.37126 -0.08514 -0.08296
-0.40459 -0.08427 -0.08988
-0.44521 -0.08540 -0.01060
-0.34616 -0.08562 -0.08455
-0.40116 -0.08536 -0.04909
-0.37026 -0.08561 -0.06487
-0.37983 -0.08419 -0.11386
-0.43350 -0.08513 -0.03134
-0.34513 -0.08525 -0.09996
-0.44987 -0.08551 -0.00242
-0.18552 -0.05737 -0.14968
-0.23061 -0.11022 0.12920
-0.17270 0.11048 0.07967
-0.07645 0.11132 0.07831
-0.10897 0.11124 0.07755
-0.11399 0.11062 0.08110
0.27805 -0.02588 -0.13310
0.43331 -0.04321 0.07006
-0.18688 -0.05495 -0.13725
-0.40721 -0.04811 0.15585
0.31025 -0.03161 0.12307
-0.20884 -0.08919 -0.14402
-0.20261 -0.06876 0.12613
0.45199 -0.04745 -0.02229
-0.24035 -0.03555 0.12904
0.35050 0.01339 0.09230
0.37696 0.01055 0.09760
0.34087 0.01429 0.09939
0.31691 0.01695 0.08807
0.37538 0.01079 0.09245
0.38492 0.00989 0.08508
-0.41536 -0.01123 0.15060
-0.05682 0.10210 -0.11027
-0.19287 -0.06414 0.11481
0.06494 0.10435 -0.08790
0.30568 -0.09505 0.13698
0.25180 -0.02029 0.11751
-0.20237 -0.12081 -0.13242
0.26268 -0.06496 -0.11783
-0.18928 -0.05083 0.11514
0.23173 -0.09442 0.10651
-0.35569 0.08900 -0.10844
-0.41897 0.01741 0.10492
-0.42292 0.00985 0.11998
-0.41968 0.01584 0.11027
-0.42422 -0.00184 -0.00738
-0.42422 -0.01572 -0.00709
-0.45299 -0.07482 0.02384
-0.45388 -0.07041 0.00446
-0.45584 -0.05821 0.00163
-0.45520 -0.06163 0.01198
-0.18184 -0.09495 0.10818
-0.26624 -0.03078 0.11735
-0.26212 -0.03006 0.12557
-0.19678 -0.04190 0.13031
-0.11689 0.11985 -0.08485
-0.19758 -0.06514 -0.13308
0.27647 -0.10465 -0.12881
-0.14377 -0.08360 -0.14507
-0.26471 -0.06907 -0.12001
0.30446 -0.02855 0.08356
0.23856 -0.04178 0.08356
0.32508 -0.07563 -0.12980
-0.19733 -0.11357 0.10984
-0.03913 -0.09694 0.13536
-0.08602 -0.09759 0.13452
-0.13175 -0.09780 0.13414
0.05829 -0.09944 0.13331
0.24683 -0.04738 0.12127
-0.16376 -0.04435 0.14514
-0.23061 -0.12191 0.12258
0.16670 -0.09894 -0.10934
-0.10290 -0.10120 -0.08367
0.08065 -0.09959 -0.08939
0.04853 -0.09999 -0.10820
0.03414 -0.10010 -0.10408
0.07235 -0.09973 -0.09970
0.11790 -0.09937 -0.10894
0.01262 -0.10028 -0.10330
0.08940 -0.09961 -0.10594
0.08942 -0.09969 -0.11987
0.04834 -0.09986 -0.08675
-0.05790 -0.10084 -0.09023
0.04201 -0.09991 -0.08448
0.10116 -0.09958 -0.11801
0.08325 -0.09970 -0.11132
0.15174 -0.09914 -0.12070
0.13423 -0.09932 -0.12513
0.13676 -0.09921 -0.11062
0.13483 -0.09918 -0.10221
0.08031 -0.09977 -0.11965
0.14596 -0.09901 -0.08997
0.05518 -0.09993 -0.10790
0.16446 -0.09884 -0.09041
0.23628 -0.07112 -0.10938
-0.19467 -0.03724 -0.13535
-0.22295 -0.02227 -0.14613
-0.12063 -0.04829 -0.15973
-0.14837 -0.04616 -0.15968
-0.20819 -0.03492 -0.16246
-0.43604 -0.03017 0.07444
-0.43408 -0.02024 0.08593
0.22884 -0.07149 0.13676
0.29362 -0.10077 0.13691
-0.21869 -0.04462 -0.13309
-0.05797 0.01881 -0.14160
-0.26195 -0.07667 0.11983
-0.30810 -0.04367 -0.15739
-0.29783 -0.04288 -0.15780
-0.05143 0.05589 0.12768
-0.06169 0.05124 0.12949
-0.05542 0.06435 0.12453
-0.05560 0.07588 0.12019
-0.08059 0.08017 0.11873
-0.12008 0.09611 0.11299
-0.06875 0.09161 0.11436
-0.05309 0.05015 0.12985
-0.08923 0.09333 0.11384
-0.06296 0.07693 0.11984
-0.18922 -0.08798 -0.12715
0.23437 0.02982 -0.00102
0.25744 0.02618 -0.03897
0.28510 0.02257 -0.07290
0.25842 0.02656 -0.03234
0.26106 0.02520 -0.05127
0.28003 0.02258 -0.07682
0.26682 0.02644 -0.02756
0.28885 0.02380 -0.05087
0.27208 0.02766 -0.00451
0.26659 0.02537 -0.04425
-0.25615 -0.05538 0.12613
-0.41912 -0.08253 -0.13362
-0.42061 -0.08338 -0.10679
-0.42673 -0.08270 -0.11756
-0.42713 0.00711 0.00486
0.36041 0.00883 0.12525
0.36273 0.00799 0.13171
0.37876 0.00669 0.13325
0.39165 0.00524 0.13846
0.31123 -0.05586 0.13329
-0.18673 -0.04345 -0.11942
-0.26012 -0.04068 -0.08141
-0.20678 -0.10991 -0.14345
0.26896 -0.04895 0.11424
0.13215 -0.07010 0.15216
0.05103 -0.07036 0.15262
0.09543 -0.06724 0.15342
0.07191 -0.06955 0.15276
-0.02065 -0.06824 0.15386
0.43437 -0.00369 -0.02552
0.26968 -0.05036 -0.11783
0.31801 -0.03927 -0.11239
-0.17821 0.11585 -0.03106
0.27556 -0.07965 -0.12198
-0.29769 -0.02661 -0.15657
-0.38739 -0.00417 -0.15164
-0.19556 -0.11420 0.11834
-0.29703 -0.06324 -0.12582
-0.25962 -0.09379 -0.14336
0.11311 0.03942 -0.14233
-0.34072 0.10096 -0.10792
0.41711 -0.00392 0.14380
0.29660 -0.03114 -0.10624
-0.05559 0.01862 0.14290
0.32357 -0.06030 0.12439
-0.11428 0.01556 -0.14772
-0.04941 0.01684 -0.14694
0.43940 -0.03009 0.00241
0.30845 -0.07875 -0.13908
-0.39483 0.02340 -0.14294
-0.40420 0.02348 -0.14218
-0.13940 -0.09511 0.11555
-0.42188 0.01539 0.07292
-0.42256 0.01552 0.05828
-0.31110 0.10636 0.10021
-0.28444 0.10862 0.08747
-0.23763 0.10834 0.09095
-0.25680 0.10712 0.09767
-0.21055 0.10852 0.09094
0.26631 -0.07232 0.11952
-0.12037 -0.09098 0.14037
-0.08068 -0.09186 0.14030
-0.05672 -0.08482 0.14489
-0.23539 -0.08191 -0.12788
-0.19757 -0.10679 -0.14852
-0.19567 -0.03348 -0.15057
0.31307 -0.07664 -0.12497
0.34076 -0.04869 -0.15283
-0.20334 0.06558 0.12663
-0.20437 0.08533 0.11827
-0.28787 0.08384 0.11918
-0.20812 0.09011 0.11626
-0.22399 0.08888 0.11683
-0.23404 0.05838 0.12979
-0.24199 0.04736 0.13448
-0.24589 0.08071 0.12037
-0.27080 0.05998 0.12923
-0.22165 0.05641 0.13058
-0.26548 0.08450 0.11883
-0.17370 0.09389 0.11455
-0.23668 -0.04984 -0.12308
0.28708 -0.01866 0.10244
-0.45096 -0.07604 -0.11979
-0.45166 -0.06914 -0.13473
-0.45016 -0.07471 -0.14264
-0.25142 -0.02821 0.09668
-0.24575 -0.02723 0.09450
-0.10687 0.11943 0.08483
0.31155 -0.02845 -0.14219
-0.25244 -0.08302 -0.13995
0.30856 -0.08430 0.10699
-0.40565 0.03659 0.01581
-0.36403 0.08453 0.06664
-0.37499 0.07228 0.01812
-0.35857 0.09082 0.07417
-0.35792 0.09170 0.06243
-0.35341 0.09760 0.00063
-0.36721 0.08136 0.01695
-0.40036 0.04271 0.02000
-0.39064 0.05393 0.02965
-0.36857 0.07964 0.02950
-0.36007 0.08944 0.03907
-0.36177 0.08729 0.05527
-0.39027 0.05451 0.01505
-0.45374 -0.06215 -0.11396
-0.45407 -0.05566 -0.13969
0.16210 0.02935 -0.11649
0.32488 -0.03005 0.13435
0.25411 -0.04141 -0.11456
0.25762 -0.11307 -0.12520
-0.14694 -0.06326 0.08338
0.04732 -0.07570 -0.15021
0.01290 -0.08753 -0.14317
0.04168 -0.07452 -0.15099
0.06068 -0.08109 -0.14678
0.03920 -0.08436 -0.14492
0.00920 -0.07393 -0.15161
-0.20451 -0.06459 -0.13243
0.16254 0.02210 0.13596
0.44415 -0.05076 -0.08743
0.43960 -0.05496 -0.12707
0.44190 -0.05400 -0.10468
0.09466 -0.05560 0.15754
0.42794 -0.00412 -0.03922
0.43494 -0.07534 0.10088
0.43348 -0.07545 0.07881
0.41044 -0.07567 0.13125
-0.04413 0.01861 0.14163
-0.13710 0.04924 -0.13110
0.26141 -0.10419 0.13536
0.07105 0.01932 0.14151
-0.24720 -0.10264 0.12551
-0.28726 -0.06226 -0.14901
-0.03301 -0.09264 -0.13935
0.43786 -0.05925 0.13677
0.44436 -0.05004 0.08665
0.39544 -0.04468 0.14638
0.42823 -0.03140 0.04491
-0.14022 0.11100 -0.07777
-0.10852 0.11171 -0.07470
-0.09480 0.11208 -0.07297
-0.04739 0.11330 -0.06742
0.27688 -0.10582 0.12079
0.30719 -0.02724 -0.13860
0.43507 -0.03154 -0.00280
-0.20084 -0.02951 0.16305
0.27955 -0.02758 0.12901
0.44660 -0.07095 0.06619
0.00385 0.10490 0.10773
0.22260 -0.07111 0.11430
0.23618 -0.07032 -0.13917
0.24377 -0.04029 0.12369
0.15783 0.01521 0.14397
-0.12423 0.11491 -0.05942
-0.07796 0.11504 -0.06103
-0.04300 -0.04887 -0.15959
-0.11854 -0.05580 -0.16019
-0.40404 -0.08468 -0.01327
0.42542 0.00857 -0.03510
-0.26707 -0.09462 0.11200
-0.21397 -0.11076 -0.12421
0.37820 0.01640 0.01152
0.37670 0.01634 0.01829
0.31146 0.02580 0.00014
0.35591 0.01952 0.00825
0.42040 0.01098 0.00491
0.40431 0.01175 0.04129
0.36334 0.01808 0.01971
0.33337 0.02286 0.00013
0.39956 0.01384 0.00338
0.36870 0.01693 0.03099
0.41536 0.01047 0.03610
0.40542 0.01278 0.01038
0.34464 0.02053 0.02155
0.00103 -0.01383 0.15424
-0.00308 -0.02095 0.15490
-0.38948 0.05298 0.10728
-0.41008 -0.09053 -0.01842
-0.31571 -0.00726 0.15340
-0.28046 -0.01222 0.15484
-0.22133 -0.00573 0.15441
-0.29274 0.00010 0.15229
-0.38409 -0.00115 0.15126
-0.35224 -0.00320 0.15210
-0.30979 -0.01008 0.15402
-0.28598 -0.01002 0.15434
-0.29675 -0.01064 0.15431
-0.27669 -0.04846 0.16026
0.25899 -0.06028 0.11451
0.44159 -0.04512 -0.07470
-0.18438 -0.06260 0.11070
-0.42166 0.01765 0.02594
-0.17051 -0.04647 -0.12628
0.16967 0.01008 0.14633
-0.21937 -0.11050 -0.13418
-0.10254 -0.04756 0.15964
-0.15736 -0.04397 -0.10609
0.42728 -0.01246 0.06828
0.24688 -0.08116 0.11309
-0.35178 0.09909 -0.03399
0.08521 -0.00961 0.15283
0.11989 -0.00287 0.15158
0.16293 -0.01079 0.15176
0.16723 -0.02812 0.15352
0.08616 -0.00128 0.15194
0.16081 -0.03166 0.15400
0.13703 -0.03296 0.15450
0.31023 -0.04672 -0.13264
0.27384 -0.02037 -0.13274
-0.19515 -0.08806 -0.14780
0.30839 -0.02668 -0.12926
-0.16248 0.10241 0.11076
-0.23251 0.11514 0.01033
-0.30448 0.11468 0.00978
-0.27389 0.11453 0.01972
-0.14239 0.11516 0.02667
-0.28221 0.11435 0.02330
-0.05368 0.11566 0.02897
-0.29148 0.11433 0.02226
-0.23362 0.11455 0.02698
-0.14850 0.11531 0.02110
0.24996 -0.05192 -0.14213
-0.20999 -0.11046 -0.15015
-0.17732 -0.08394 -0.14021
0.42979 -0.03770 -0.04705
-0.17384 -0.05387 -0.11422
0.43346 -0.00817 0.00489
-0.32477 0.11178 0.04910
0.28902 -0.07969 0.13793
0.33040 -0.04257 -0.15438
-0.35126 0.09793 0.08270
0.23910 -0.02986 0.10795
0.35733 -0.07154 -0.10563
0.11726 0.02168 0.14748
0.30884 -0.03144 0.15055
0.30066 -0.03773 0.12402
-0.16129 0.00121 0.15385
0.22928 -0.02362 -0.08698
-0.44063 -0.09860 -0.04373
-0.15053 -0.05232 -0.11967
-0.15222 -0.05026 -0.09967
-0.25239 -0.08318 -0.14814
-0.20855 -0.04236 0.13362
-0.17506 0.08323 -0.11911
0.25188 -0.03454 0.08356
0.28395 -0.02406 0.08356
0.22591 -0.05299 -0.12783
0.19447 -0.06281 -0.12317
-0.38581 -0.09038 0.00578
-0.01134 0.11544 0.02013
0.00145 0.11563 0.00792
-0.02768 0.11505 0.03887
-0.03316 0.11478 0.04788
0.01362 0.11490 0.01445
-0.00033 0.11506 0.02037
0.21722 -0.04309 0.14968
-0.16451 0.05700 -0.12874
-0.25277 -0.08405 0.12899
0.28613 -0.03450 -0.13336
0.29486 -0.04318 0.11908
0.05104 0.01921 -0.14353
-0.17765 -0.02451 -0.15696
0.16585 -0.09358 0.13847
0.20493 -0.04135 0.10538
0.28490 -0.07956 -0.12094
0.19940 -0.00928 0.15121
0.18912 -0.01258 0.15201
-0.23341 -0.03650 -0.12437
-0.25151 0.02125 -0.14488
0.09302 0.07837 0.11091
0.14958 0.03207 0.12577
0.09371 0.08121 0.10446
0.11445 0.06287 0.11257
0.13713 0.05156 0.10439
-0.43015 0.00169 -0.07349
0.42749 -0.03569 0.08326
0.23584 -0.07933 0.11446
0.40869 -0.02303 -0.14508
0.41888 -0.03230 -0.14521
0.41342 -0.01339 -0.14451
-0.34710 -0.02521 -0.15463
-0.33888 -0.02728 -0.15510
-0.35296 -0.02194 -0.15420
-0.31776 -0.03647 -0.15652
-0.41314 -0.02027 -0.15145
-0.34916 -0.03692 -0.15515
-0.37251 -0.03756 -0.15415
-0.36910 -0.01882 -0.15332
-0.30622 -0.03300 -0.15685
0.24881 -0.09760 0.12558
-0.28163 0.02333 -0.14386
-0.31476 -0.05314 -0.15784
-0.19645 -0.11507 0.12957
-0.17415 -0.01334 -0.15528
0.41453 -0.04351 0.14723
0.14125 -0.09415 0.13819
-0.01593 -0.09372 0.13838
0.05172 -0.09477 0.13757
0.23268 -0.02287 0.11734
0.23212 -0.02299 0.12353
-0.37913 0.06718 -0.06218
-0.35847 0.09082 -0.08602
-0.37041 0.07724 -0.07705
-0.38636 0.05879 -0.04675
-0.41173 0.02978 -0.01885
-0.38268 0.06330 -0.06951
0.45019 -0.05438 0.03366
0.45191 -0.04982 0.02881
0.29706 -0.03507 0.11808
0.17816 0.03106 -0.03269
-0.00984 0.01920 0.14343
-0.24266 -0.05400 -0.12176
-0.29563 -0.08624 0.08141
-0.23565 -0.11750 -0.12621
0.39616 -0.05267 0.14550
0.24917 -0.02100 -0.13058
0.30246 -0.02005 -0.08462
0.31877 -0.02312 -0.11352
-0.18840 -0.10823 0.11609
0.41268 -0.04326 -0.14499
-0.14683 -0.08803 0.14192
0.17682 -0.06244 0.15370
-0.27574 0.11842 0.08189
0.28783 -0.09515 -0.13591
0.33702 0.01278 -0.11700
0.31831 0.01487 -0.11574
0.31409 0.01194 -0.13048
0.28994 0.01450 -0.12945
0.35050 0.01244 -0.11278
0.31169 0.01324 -0.12577
0.45086 -0.06245 -0.06583
-0.24629 -0.03203 -0.12226
0.43313 -0.00546 -0.00603
-0.17365 -0.01573 0.15560
-0.29079 0.11420 0.05611
-0.26197 -0.03231 0.08141
-0.23634 -0.07162 0.11874
-0.43089 -0.02935 -0.14963
-0.16543 0.08776 0.11706
-0.19694 0.04642 0.13467
0.24087 -0.03393 -0.10698
0.16219 -0.05240 -0.15799
0.07674 -0.05062 -0.15865
0.14691 -0.04720 -0.15769
-0.23748 -0.04820 -0.13792
0.34053 -0.05556 0.15062
-0.40657 0.01650 0.14491
0.31356 -0.03282 -0.13530
-0.00300 0.11008 0.08657
0.02169 0.10827 0.09636
-0.01242 0.10770 0.10318
-0.00323 0.10776 0.10197
-0.09966 0.03459 0.13589
-0.12069 0.03055 0.13749
-0.04683 0.02419 0.13954
-0.03416 0.02267 0.14006
-0.10710 0.07449 0.12101
-0.06821 0.02516 0.13928
-0.12299 0.02509 0.13953
-0.11875 0.06175 0.12582
-0.07308 0.05326 0.12880
-0.07095 0.03924 0.13403
-0.11411 0.05093 0.12984
-0.10878 0.06834 0.12332
-0.12769 0.04974 0.13035
0.42887 -0.04166 0.08834
0.31267 -0.06938 0.13471
-0.35611 -0.08527 -0.02416
-0.24624 -0.08434 -0.03296
-0.29051 -0.08501 -0.03822
-0.24118 -0.08342 -0.00706
-0.01103 -0.08069 -0.00258
-0.28290 -0.08546 -0.05420
-0.35385 -0.08618 -0.05187
-0.27044 -0.08392 -0.01225
-0.19447 -0.08341 -0.02260
-0.35874 -0.08607 -0.04713
-0.37995 -0.08596 -0.03675
-0.34843 -0.08535 -0.02888
-0.26271 -0.08487 -0.04335
-0.32065 -0.08515 -0.03239
-0.34571 -0.08604 -0.05064
-0.32354 -0.08469 -0.01760
0.02589 -0.08053 -0.01004
-0.27837 -0.08518 -0.04733
-0.15469 -0.08393 -0.05125
-0.41613 -0.08574 -0.01810
-0.29621 -0.08430 -0.01517
-0.33789 -0.08603 -0.05280
-0.17305 -0.08365 -0.03689
-0.03274 -0.08146 -0.01827
-0.17124 -0.08242 -0.00064
-0.10426 -0.08235 -0.02095
-0.15938 -0.08408 -0.05415
-0.06870 -0.08177 -0.01555
-0.17871 -0.08356 -0.03208
-0.07596 -0.08140 -0.00199
-0.29070 -0.08636 -0.07854
-0.28681 -0.08371 -0.00047
-0.38868 -0.08563 -0.02391
-0.30382 -0.08465 -0.02308
-0.22148 -0.08445 -0.04455
-0.26018 -0.08340 -0.00034
-0.18916 -0.08398 -0.04138
-0.30762 -0.08549 -0.04668
-0.16714 -0.08360 -0.03743
-0.16193 -0.08240 -0.00331
-0.20577 -0.08349 -0.02109
-0.19998 -0.08349 -0.02299
-0.23484 -0.08339 -0.00836
-0.26863 -0.08584 -0.07027
-0.31300 -0.08480 -0.02445
-0.28129 -0.08411 -0.01439
-0.18772 -0.08372 -0.03388
-0.25169 -0.08402 -0.02158
-0.33084 -0.08639 -0.06586
-0.20516 -0.08434 -0.04654
0.01594 -0.08042 -0.00356
-0.40350 -0.08573 -0.02206
-0.04276 -0.08159 -0.01894
-0.26952 -0.08504 -0.04608
0.03374 -0.08032 -0.00643
-0.13359 -0.08339 -0.04231
-0.12793 -0.08312 -0.03603
0.09101 -0.07963 -0.00497
-0.19001 -0.08441 -0.05385
-0.07656 -0.08224 -0.02689
0.25221 -0.09723 -0.13150
0.06376 0.06884 0.12292
-0.09518 0.10445 -0.10899
-0.17978 -0.05894 -0.13308
0.05807 -0.09240 0.13998
0.19367 -0.06582 0.10070
-0.18566 -0.08492 0.12062
-0.24841 -0.09186 -0.12577
-0.19845 -0.11895 -0.12341
-0.04895 -0.02997 -0.15615
-0.10722 -0.03313 -0.15654
-0.04827 -0.01112 -0.15472
-0.07944 -0.03059 -0.15627
-0.06300 -0.03831 -0.15682
-0.04489 -0.04380 -0.15719
-0.09116 -0.04002 -0.15702
0.30748 -0.10448 -0.11793
-0.22298 -0.10214 -0.13446
-0.26363 -0.03032 -0.08545
0.25655 -0.01776 -0.12479
-0.20852 0.10916 -0.08708
-0.27534 0.10762 -0.09392
-0.29613 0.10770 -0.09261
-0.29565 0.10585 -0.10390
-0.25626 0.10776 -0.09381
-0.07355 0.12233 0.08261
-0.19968 -0.05975 -0.14321
-0.13883 0.04665 0.13326
0.27234 -0.05183 -0.14415
-0.30001 -0.07309 0.12917
-0.41818 -0.07919 0.14078
0.23255 -0.03350 0.15643
-0.21256 -0.02626 0.08915
0.32549 -0.06090 -0.13390
0.22372 -0.07167 -0.08357
0.26787 -0.08475 -0.08356
0.22156 -0.05640 -0.08357
0.20738 -0.06372 -0.08357
0.26142 -0.08759 -0.08356
0.20462 -0.09115 -0.08357
0.25254 -0.08323 -0.08356
0.28687 -0.07774 -0.08356
0.23636 -0.07121 -0.08356
0.26323 -0.07786 -0.08356
0.25023 -0.07632 -0.08356
0.01242 0.05570 0.12755
-0.01948 0.07516 0.12044
-0.01853 0.06206 0.12528
-0.00486 0.09249 0.11400
0.03661 0.09503 0.11296
0.02772 0.08143 0.11800
0.02336 0.08953 0.11502
-0.00471 0.03304 0.13597
0.25895 -0.05325 -0.12774
0.43179 -0.01136 -0.01736
-0.30190 -0.07418 -0.14983
0.26368 -0.02174 0.13640
-0.15928 -0.02691 0.15685
-0.15572 -0.00203 0.15377
0.19573 -0.08001 -0.14638
0.10673 0.02191 -0.14529
0.40660 -0.04808 0.14483
0.35603 -0.07568 0.14155
0.38195 -0.06349 0.14450
0.26329 -0.09473 -0.12700
-0.08602 -0.06008 0.15668
-0.05339 -0.05780 0.15756
0.34781 -0.04783 0.12057
0.35124 -0.05594 0.12095
0.23221 -0.06093 -0.10620
0.21290 -0.01772 0.15219
-0.26542 0.10057 0.11116
-0.18476 0.10150 0.11120
0.32219 -0.06668 0.13444
0.31243 -0.05373 -0.14280
-0.43045 -0.01784 -0.14758
0.07785 0.10451 -0.01585
-0.15374 -0.04840 0.12039
0.25220 -0.10568 -0.14187
0.27304 -0.04209 -0.12000
-0.30275 0.09582 -0.11361
-0.18402 -0.11119 -0.12297
-0.20542 -0.02425 0.13421
0.25085 0.01576 -0.13660
0.18194 0.01878 -0.14099
0.22676 0.01902 -0.12821
0.25241 0.01452 -0.14174
-0.18546 -0.09778 -0.12947
-0.01118 0.11276 0.06946
0.04999 0.11148 0.07176
0.05232 0.10833 0.09289
0.03440 0.11143 0.07370
0.00179 0.11129 0.07807
0.24743 -0.10718 -0.13364
-0.26627 -0.07411 0.14355
-0.22012 -0.10846 -0.15056
0.03913 0.11192 -0.06992
0.01821 0.11021 -0.08369
-0.00384 0.11248 -0.07061
-0.02570 0.11363 -0.06510
-0.26571 -0.07197 -0.13376
-0.42422 -0.01859 0.01000
-0.43709 -0.02494 -0.05297
-0.43229 -0.00329 -0.05313
-0.43370 -0.01434 -0.07968
-0.43285 -0.01227 -0.08978
-0.05191 0.10980 0.09157
-0.14268 0.10764 0.10691
-0.05789 0.10845 0.10056
-0.12718 0.10817 0.10322
-0.28990 -0.04841 0.09366
-0.17076 0.00231 0.15645
0.24824 -0.06189 -0.11878
0.24741 -0.03692 -0.13448
-0.37518 0.07030 -0.10143
0.38101 -0.07710 -0.13332
0.27886 -0.03950 -0.14287
-0.08135 -0.08333 0.07833
0.19851 -0.05794 0.15417
-0.25341 -0.04657 0.10907
0.21371 0.02306 0.11348
0.26599 0.01974 0.11413
0.24527 0.02084 0.11487
0.31866 -0.09107 -0.13256
0.41840 -0.07555 -0.12555
0.43103 -0.07542 -0.09937
0.42144 -0.07558 -0.10222
-0.24929 -0.10082 0.10840
0.43278 -0.07519 -0.13335
-0.14220 -0.08240 0.08227
-0.26908 0.05429 0.13145
-0.04760 0.11416 -0.06051
-0.09435 0.11457 -0.04746
-0.06100 0.11496 -0.04314
-0.03727 0.11419 -0.06090
-0.05461 0.11474 -0.04823
-0.06273 0.11432 -0.05572
-0.24761 0.11339 -0.05500
-0.07856 0.11476 -0.04528
-0.04477 0.11523 -0.03933
-0.15503 0.11374 -0.05760
-0.11656 0.11416 -0.05339
-0.24869 -0.05113 -0.12310
-0.32497 0.10841 0.08760
0.15891 -0.04326 -0.15659
-0.22915 -0.10510 -0.14958
-0.38580 0.05744 -0.10454
0.27023 -0.04488 0.08356
0.02887 0.00247 0.15209
0.24978 -0.01649 0.15302
0.12949 -0.01195 -0.15240
0.08970 -0.01865 -0.15372
0.15759 -0.02904 -0.15377
0.10526 -0.02217 -0.15385
0.12411 -0.02476 -0.15384
0.08049 -0.01071 -0.15302
0.16948 -0.03799 -0.15454
0.07580 -0.00726 -0.15273
0.13904 -0.03330 -0.15451
-0.18322 -0.09429 0.08141
-0.05323 -0.07340 -0.15197
-0.13314 -0.06722 -0.15399
-0.18510 -0.02950 0.10606
0.42898 -0.03626 0.05449
0.27265 -0.03818 0.11309
0.05535 0.11301 0.00915
0.06296 0.11178 0.00219
0.18277 -0.00979 0.15171
0.17620 -0.03180 0.15391
-0.25405 -0.04403 -0.14917
-0.19260 -0.09050 0.14075
0.24835 -0.10771 -0.11437
0.31814 -0.06072 0.10090
0.30123 0.01844 -0.09459
0.30403 0.01776 -0.10108
0.38712 0.00928 -0.10865
0.38104 0.00991 -0.10787
-0.22559 -0.04058 0.12613
0.03818 0.11295 -0.05065
0.01545 0.11340 -0.05191
0.02684 0.11271 -0.06523
0.04072 0.11367 -0.02773
-0.00284 0.11377 -0.05290
0.03241 0.11323 -0.04626
0.02652 0.11383 -0.03216
0.00724 0.11402 -0.03904
0.41489 0.00573 -0.11792
0.38988 0.00587 -0.13362
0.38659 0.00723 -0.12285
0.34829 0.00899 -0.13200
0.38050 0.00797 -0.11983
-0.14739 -0.09010 -0.14047
0.25607 -0.03105 0.11212
-0.18407 -0.09643 -0.14665
-0.29120 -0.04978 0.11136
-0.00942 -0.04663 -0.15926
-0.02045 -0.04535 -0.15929
0.01779 -0.04908 -0.15915
-0.00269 -0.05110 -0.15951
0.13927 0.06217 -0.01001
0.15876 0.04883 -0.00925
0.13059 0.06675 -0.02971
0.08028 0.09890 -0.06401
0.13499 0.06392 -0.02687
0.11937 0.07416 -0.03395
0.36969 0.01148 -0.08539
0.33801 0.01467 -0.09367
0.35506 0.01295 -0.08961
0.38790 0.00946 -0.09401
0.32623 0.01589 -0.09409
0.36602 0.01179 -0.09046
-0.22245 -0.04621 0.11969
-0.43509 -0.08787 0.04185
-0.23120 -0.03490 -0.08141
-0.23619 -0.03880 -0.08141
0.43476 -0.07408 -0.12693
0.24021 -0.04170 -0.14270
0.09254 0.07501 0.11812
0.30824 -0.09028 -0.10619
-0.14659 0.08101 -0.11866
0.43403 -0.07441 0.13060
0.29579 -0.01885 -0.11760
0.22532 0.01171 -0.14398
0.19263 0.01096 -0.14525
0.45006 -0.04638 -0.03253
0.04213 0.09939 0.11134
-0.14249 -0.08731 -0.08141
-0.25422 -0.06887 -0.13009
0.32173 -0.06836 0.08356
0.25448 -0.05922 0.08356
0.27832 -0.06102 0.08356
0.24786 -0.09358 -0.11614
-0.01336 -0.01701 0.15473
0.28892 -0.08134 0.11422
0.15929 -0.05683 0.15571
0.08049 -0.06548 0.15415
0.05005 -0.05729 0.15691
0.16959 -0.05635 0.15572
0.15413 -0.06886 0.15225
-0.25736 -0.08725 0.14354
0.25811 -0.10728 0.10053
-0.33334 0.10845 -0.08675
-0.16749 -0.08550 -0.11753
0.13259 -0.05455 0.15846
0.16138 -0.04477 0.15735
0.10265 -0.05075 0.15842
-0.21768 -0.05233 0.14452
-0.11794 0.07516 -0.12081
-0.08089 0.06014 -0.12626
-0.03789 0.02356 -0.13974
-0.08908 0.02479 -0.13950
-0.11826 0.05048 -0.13003
-0.12585 0.06626 -0.12417
-0.11956 0.08448 -0.11733
-0.11075 0.03145 -0.13711
-0.06844 0.03858 -0.13426
-0.08196 0.03076 -0.13724
-0.12480 0.04920 -0.13054
-0.09785 0.05159 -0.12953
-0.24704 -0.07099 0.11969
-0.14964 -0.05428 0.13312
0.06399 0.01922 0.14215
-0.33255 0.10925 -0.07687
-0.26503 -0.06283 -0.13068
0.06618 0.10945 -0.04863
0.05688 0.11208 -0.02632
0.20405 -0.06264 0.14358
0.19925 -0.04825 0.12497
-0.37091 -0.04736 0.15764
-0.21172 -0.10946 0.13762
0.26860 -0.04232 0.11451
-0.32963 0.11064 0.06243
0.24613 -0.00161 0.14885
0.21982 -0.03555 -0.14067
-0.24216 -0.03710 0.11599
0.24247 -0.10396 -0.11896
0.37432 -0.07773 0.13734
-0.43111 -0.00907 -0.10794
-0.43820 -0.03831 -0.05851
-0.26141 -0.06295 0.12678
0.43011 -0.03193 0.03336
0.34311 -0.03932 0.11445
0.29117 -0.09240 0.13730
0.34099 0.00093 0.14380
-0.30261 0.11520 -0.02693
-0.44597 -0.05021 -0.04462
0.23587 -0.00905 -0.15050
0.09311 0.04831 0.12909
0.07427 0.04198 0.13151
0.10812 0.03757 0.13279
0.07972 0.04109 0.13178
0.19161 -0.04731 -0.15836
-0.27248 -0.03376 0.10680
0.20640 -0.04839 0.13864
-0.20366 -0.11716 0.13992
0.11588 0.04042 0.13867
-0.20110 -0.09127 0.13816
-0.15549 -0.05496 -0.08141
-0.15006 -0.05831 -0.08141
0.19765 -0.05093 0.11953
-0.39759 0.04087 0.12340
-0.40352 0.03491 0.11909
-0.24342 0.10978 -0.08083
-0.26087 0.11093 -0.07263
-0.29835 0.11227 -0.06222
0.24027 -0.07845 0.05358
0.36612 -0.07658 0.04228
0.10956 -0.08040 0.06475
0.11750 -0.08032 0.05252
0.34059 -0.07690 0.06401
0.24988 -0.07834 0.04134
-0.06127 -0.08295 0.07558
0.21607 -0.07881 0.05515
0.06566 -0.08103 0.07511
-0.05142 -0.08281 0.07463
0.21848 -0.07873 0.07134
0.33006 -0.07712 0.04530
-0.14128 -0.08417 0.07351
0.35686 -0.07670 0.05039
0.43658 -0.07552 0.03841
0.11852 -0.08033 0.04266
0.43792 -0.07560 0.00917
0.30879 -0.07749 0.02830
0.29351 -0.07760 0.06832
0.03258 -0.08155 0.06918
0.13236 -0.08005 0.06601
0.02335 -0.08174 0.05413
0.15526 -0.07972 0.06057
-0.15028 -0.08430 0.07774
0.29166 -0.07764 0.06283
-0.18512 -0.08482 0.07783
-0.03150 -0.08251 0.07263
0.44238 -0.07549 0.02083
0.28808 -0.07778 0.03713
0.24036 -0.07847 0.04637
0.05673 -0.08119 0.06881
-0.10949 -0.08368 0.07661
0.19270 -0.07922 0.03832
0.21297 -0.07891 0.03876
0.15316 -0.07982 0.03975
0.18932 -0.07929 0.03271
0.06821 -0.08101 0.06985
0.40342 -0.07602 0.04030
0.16278 -0.07969 0.03268
0.26121 -0.07823 0.02374
0.11720 -0.08027 0.06898
0.17442 -0.07945 0.05296
0.20453 -0.07902 0.04362
-0.03438 -0.08259 0.06086
0.32250 -0.07729 0.02519
-0.13699 -0.08413 0.06507
0.38457 -0.07624 0.06215
0.39378 -0.07621 0.02789
0.38639 -0.07638 0.00727
0.40831 -0.07601 0.02102
0.20002 -0.07911 0.03780
0.34653 -0.07694 0.02274
0.40194 -0.07597 0.06285
-0.01305 -0.08225 0.06707
0.31378 -0.07744 0.01964
0.13241 -0.08012 0.04395
0.42938 -0.07569 0.01993
-0.11488 -0.08381 0.06253
0.06842 -0.08103 0.06125
0.25790 -0.07816 0.06297
-0.12446 -0.08391 0.07543
0.12427 -0.08024 0.04346
0.02981 -0.08165 0.05042
-0.08906 -0.08342 0.06024
0.26255 -0.07813 0.04862
0.01043 -0.00704 -0.15353
-0.00803 -0.00940 -0.15396
0.39857 0.00945 -0.07635
0.30118 -0.02407 0.11477
0.19268 -0.09233 -0.13835
-0.21126 -0.08807 0.11874
-0.29819 -0.06655 0.10269
-0.18673 -0.05260 0.08141
-0.26253 -0.05650 0.08141
-0.20203 -0.05426 0.08141
0.31474 -0.06679 -0.11254
-0.45258 -0.05305 -0.03405
-0.44661 -0.05042 -0.02142
-0.02987 0.08732 -0.11675
-0.14554 0.01602 -0.14762
-0.17988 0.00700 -0.15110
0.16549 0.02515 0.12377
-0.34211 0.10602 0.04144
-0.33705 0.10933 0.03031
-0.18203 0.01245 0.14892
0.34688 -0.04564 -0.09974
-0.42130 0.01210 0.12954
-0.45164 -0.06968 0.13294
-0.45181 -0.07328 0.11346
-0.37631 0.06456 -0.12121
0.27833 -0.07619 0.11214
-0.34503 0.10562 -0.01059
0.23744 -0.04366 0.13701
0.22553 -0.02806 0.13513
0.00089 0.10455 -0.10809
-0.29999 -0.08725 0.13891
-0.09967 -0.07764 0.14928
-0.11813 -0.08146 0.14668
0.25577 0.02101 0.10764
0.31008 -0.02812 -0.12102
-0.27110 -0.03665 0.14150
0.25729 -0.01895 0.09631
-0.43916 -0.03868 0.04548
-0.04238 -0.09195 -0.08198
0.06002 -0.09185 -0.08228
0.02143 -0.09025 -0.08222
0.18139 -0.08429 -0.08286
-0.01247 -0.09054 -0.08211
0.06507 -0.08954 -0.08236
-0.15113 0.08429 0.11790
-0.23053 -0.03284 0.13655
0.44075 -0.06775 0.13548
0.44313 -0.06142 0.11936
0.30106 -0.10913 0.12304
-0.13507 0.00693 -0.15126
-0.38018 0.06640 -0.00245
-0.35567 0.09423 -0.07088
-0.36543 0.08342 -0.01811
-0.35403 0.09638 -0.04784
-0.36883 0.07964 -0.00104
-0.39537 0.04870 -0.00374
-0.39150 0.05299 -0.02412
-0.37206 0.07566 -0.02188
-0.37161 0.07574 -0.06406
-0.35786 0.09218 -0.02372
-0.38518 0.06054 -0.00560
-0.37643 0.07062 -0.01660
-0.35124 0.09998 -0.01442
-0.21270 -0.08244 0.12613
0.23058 -0.03867 0.12014
0.29411 -0.05265 -0.12650
0.11664 0.04140 -0.14683
-0.29198 -0.08117 -0.14139
-0.32346 0.11104 -0.06683
-0.31198 0.11410 -0.02089
-0.21642 -0.06498 0.14389
-0.30968 -0.08636 -0.11444
-0.35700 -0.08471 -0.13056
-0.32504 -0.08583 -0.10547
-0.34075 -0.08528 -0.10753
-0.37476 -0.08410 -0.12938
-0.31310 -0.08624 -0.12975
0.24957 -0.06064 0.11309
0.01432 0.10959 -0.08826
-0.01351 0.11052 -0.08458
-0.03009 0.11116 -0.08186
0.30105 -0.05969 0.11451
-0.17012 0.12143 -0.08403
-0.38969 -0.08599 -0.03405
-0.25550 0.04674 -0.13461
0.28505 -0.09005 -0.12021
-0.17881 -0.03071 0.08922
-0.17231 -0.03197 0.09550
-0.14091 0.10341 0.10983
-0.24229 -0.09005 0.08141
0.42220 -0.01676 0.12182
0.39328 -0.06150 0.14327
0.26795 -0.10401 -0.12015
-0.42798 0.00793 -0.00927
-0.17633 -0.07641 -0.15066
-0.25216 0.10253 0.10990
0.26569 -0.10121 -0.12522
0.23459 0.02665 -0.05352
0.23386 0.02586 -0.06788
0.25947 0.02487 -0.05835
0.23919 0.02686 -0.04515
0.26151 0.02381 -0.07455
0.23999 0.02428 -0.08867
0.23062 0.02821 -0.03075
0.21929 0.02563 -0.08681
0.24117 0.02467 -0.08077
0.05841 0.11085 -0.05323
0.05146 0.11220 -0.05608
-0.35065 0.10040 0.02202
0.43652 -0.00370 0.00103
-0.20382 -0.06061 -0.14993
-0.04927 0.11815 0.00053
-0.43074 -0.02959 0.02832
-0.06223 0.09945 0.11138
-0.25206 -0.03127 -0.16323
-0.25782 0.11824 0.08406
-0.15290 0.11894 0.08412
0.43589 -0.02044 -0.02260
0.32741 -0.02729 0.11828
-0.38865 -0.08662 0.03443
0.18949 -0.09623 -0.12784
0.30005 -0.04269 0.13366
0.23875 -0.04982 -0.12622
0.20305 -0.06211 -0.15278
-0.03999 -0.05644 0.15840
0.18763 -0.09067 -0.11683
-0.08497 0.11489 0.06209
0.23286 -0.01311 0.15121
-0.34864 0.10081 0.07285
-0.13316 0.06766 0.12366
0.28164 -0.08816 0.13099
0.22221 -0.04042 0.15228
0.27425 -0.01804 -0.10802
0.37614 -0.03923 -0.15110
0.29935 -0.01947 0.09162
0.29892 -0.01938 0.10362
0.35159 -0.05676 -0.09108
0.35250 -0.05892 -0.11975
-0.43492 -0.01459 0.04565
-0.16800 0.03122 0.13723
-0.15187 0.03467 0.13600
-0.17495 0.02683 0.13886
-0.14188 0.07843 0.11963
-0.43499 -0.01609 -0.04362
-0.15521 -0.01657 -0.15558
-0.16758 -0.01203 -0.15494
0.25663 -0.06523 -0.13603
0.29017 -0.07484 -0.14010
-0.06066 -0.10088 0.09268
0.05108 -0.09985 0.08941
0.08293 -0.09958 0.09211
-0.03242 -0.10061 0.09027
0.07695 -0.09963 0.09106
-0.10605 -0.10123 0.08307
-0.03336 -0.10058 0.08395
0.06166 -0.09973 0.08443
0.15365 -0.09901 0.10285
0.10169 -0.09960 0.12338
0.12144 -0.09941 0.12103
0.14287 -0.09906 0.09507
-0.08711 -0.10108 0.08644
-0.04825 -0.10074 0.08796
0.07088 -0.09973 0.09847
0.10317 -0.09939 0.09059
0.13518 -0.09932 0.12553
0.00396 -0.10037 0.10495
0.10723 -0.09948 0.11074
-0.05574 -0.10080 0.08654
-0.14558 -0.06772 -0.09134
-0.21278 -0.06765 0.12822
0.22903 -0.07543 -0.10733
-0.42589 -0.05223 0.15416
-0.26037 -0.05793 -0.14929
-0.36234 -0.05291 0.15545
-0.14679 -0.06373 -0.09921
0.22146 -0.02846 -0.08356
-0.16481 -0.05562 0.08141
-0.21526 -0.06142 0.08141
0.06002 0.10924 0.07332
0.31013 -0.05243 0.11881
-0.41179 -0.05952 -0.15048
-0.21880 0.09573 0.11374
0.44326 -0.07296 -0.07637
-0.14305 -0.07785 -0.09215
0.24889 -0.05793 0.11952
0.34352 -0.01838 0.14928
0.27868 0.02380 0.05896
0.29213 0.02312 0.05887
0.27076 0.02417 0.05957
0.30067 0.02423 0.03488
0.29538 0.02431 0.03791
0.23597 0.02952 0.00439
0.28879 0.02261 0.06939
0.30119 0.02506 0.02166
0.26753 0.02494 0.05013
0.25767 0.02618 0.03887
0.26482 -0.05562 -0.14393
0.22091 -0.03991 0.08356
0.19020 0.02762 0.07888
0.19000 0.02937 0.04590
0.19939 0.02701 0.08086
0.19267 0.02892 0.05153
0.17516 0.02793 0.08884
0.19609 0.02753 0.07442
-0.21051 -0.04117 -0.08141
-0.18630 -0.03806 -0.08141
-0.19914 -0.09240 0.13072
0.38174 0.00005 -0.14265
0.25391 -0.01920 -0.08882
0.26240 -0.01859 -0.10393
0.28523 -0.02648 -0.12920
0.28654 -0.03687 0.12082
-0.22384 -0.02736 0.14346
0.28554 -0.01582 -0.11626
-0.26917 0.12079 0.08357
-0.10415 0.10999 -0.08758
-0.11342 0.10932 -0.09334
-0.13114 0.10926 -0.09281
-0.09576 0.10989 -0.08906
-0.39397 0.04741 -0.11127
-0.14558 -0.06771 0.10200
-0.20562 -0.09416 0.12613
-0.45400 -0.06716 -0.04402
-0.45431 -0.06644 -0.02474
-0.45383 -0.07076 -0.00433
-0.45539 -0.05980 -0.02197
-0.18190 -0.09317 -0.13808
-0.14631 -0.02267 0.15556
-0.07815 -0.00633 0.15426
-0.12463 -0.01347 0.15479
-0.10080 -0.01313 0.15482
-0.05949 0.00077 0.15367
-0.08156 -0.01333 0.15488
-0.05949 -0.00704 0.15437
-0.09034 -0.02211 0.15564
-0.20590 -0.11549 -0.11440
-0.12763 0.11729 0.00171
-0.34920 -0.09032 -0.03660
-0.35801 -0.08485 0.13783
-0.22359 -0.03281 -0.12261
0.12279 0.04305 0.13279
-0.32210 0.02481 -0.14301
-0.43949 -0.04372 -0.04130
-0.43950 -0.04321 -0.01227
-0.21945 -0.09419 0.11969
-0.28620 -0.04455 -0.11658
0.42340 -0.03714 0.12530
0.24845 -0.09413 -0.13390
-0.44537 -0.08466 0.03223
-0.44464 -0.08213 0.07887
-0.44520 -0.08144 0.08940
-0.38925 -0.04354 -0.15573
-0.43931 -0.04117 0.00467
-0.43320 -0.01080 -0.03846
-0.17008 -0.03308 -0.13008
-0.17365 -0.04123 -0.13635
0.33985 -0.03672 -0.09837
-0.21778 -0.08876 0.14148
-0.42422 -0.00047 0.00129
-0.22379 -0.05623 0.12613
-0.42958 -0.00767 0.13352
0.29946 -0.00658 -0.14863
-0.35178 -0.07327 0.14724
-0.30609 -0.07402 0.14967
-0.15036 0.01184 0.14926
0.43950 -0.04567 0.12499
-0.37222 0.03850 -0.13722
-0.23663 -0.10410 -0.14609
-0.24992 -0.06736 0.12613
-0.16544 -0.05913 -0.13723
0.30896 0.01444 0.12161
0.31806 0.01481 0.11612
0.28504 0.01373 0.13493
0.36717 0.01085 0.11273
0.22826 -0.09077 0.11823
0.35376 -0.06217 0.11939
-0.21074 -0.03677 0.14215
-0.04157 0.00956 0.15000
-0.04799 0.00378 0.15248
-0.08001 0.00367 0.15243
0.19292 -0.03988 -0.15479
0.29042 -0.08238 -0.14400
-0.22583 -0.07695 -0.13053
-0.19685 -0.03243 0.08141
-0.20402 -0.03910 0.08141
-0.35826 -0.09434 0.04339
-0.01832 -0.06587 -0.15468
0.03508 -0.06286 -0.15539
0.04308 -0.06720 -0.15379
0.08019 -0.07219 -0.15177
-0.17413 0.00811 0.15053
-0.01933 0.11524 -0.02957
-0.00037 0.11471 -0.02759
0.01254 0.11528 -0.00757
-0.00938 0.11548 -0.01801
0.01687 0.11485 -0.01333
0.01808 0.11513 -0.00672
-0.32365 0.11278 0.01443
-0.32259 0.11234 0.03769
0.41283 -0.06393 0.14588
0.26166 -0.02243 -0.08356
0.26825 -0.02012 -0.08356
-0.14932 -0.06776 0.15361
0.28250 -0.02819 0.10969
-0.22135 -0.05900 -0.13309
-0.19529 -0.00636 0.15469
0.23765 -0.05621 -0.14279
-0.35380 0.09470 0.09606
-0.23934 0.00611 0.15143
-0.37383 0.00697 0.14912
-0.35724 0.01045 0.14825
-0.39162 0.00675 0.14893
0.28636 -0.02935 0.12464
-0.25822 -0.05236 -0.14935
-0.25996 -0.02997 -0.08141
-0.19916 0.11364 0.06107
0.25383 -0.01961 0.12356
0.28904 -0.07799 0.12303
0.39598 -0.07442 -0.13736
-0.22225 -0.08640 -0.13309
-0.43117 -0.00270 -0.02003
-0.25089 -0.10177 -0.11517
-0.06162 -0.07164 0.15261
-0.12583 -0.07445 0.15122
-0.20571 0.01398 0.14831
-0.16272 -0.03887 0.10505
-0.16528 -0.03685 0.09914
0.29694 -0.01913 0.12622
0.27217 -0.01794 0.10635
0.41742 0.00621 0.09908
-0.30139 -0.07950 -0.12030
0.29499 -0.03323 0.12475
-0.13705 -0.10132 -0.13243
-0.31428 0.11361 -0.02667
-0.32833 0.11151 -0.04361
-0.03370 0.08248 0.11863
-0.26099 -0.07519 0.14372
0.34299 0.00787 -0.14066
0.31983 0.00200 -0.14431
-0.38944 -0.09366 -0.05088
0.00750 0.00242 0.15614
0.29631 -0.09881 -0.12649
0.19159 -0.07369 0.10981
-0.21950 -0.02181 0.13840
0.21184 0.02768 0.05767
0.21265 0.02840 0.04444
0.20006 0.02950 0.03439
0.21782 0.02836 0.04121
0.21325 0.02627 0.08150
0.19766 0.03010 0.02560
0.24900 0.01940 -0.12045
0.25733 0.02052 -0.11296
0.26479 0.01697 -0.12726
0.25606 0.01937 -0.11861
-0.37747 0.06470 -0.11207
-0.40431 0.03346 -0.12318
0.23645 -0.07481 0.13665
-0.45162 -0.05299 0.09700
-0.43360 -0.08120 0.14621
-0.43066 -0.00260 0.09101
-0.43159 -0.00321 0.07050
-0.43310 -0.01090 0.07555
-0.43302 -0.00821 0.06231
-0.15256 -0.05521 0.15842
0.42465 -0.03684 -0.11249
-0.12457 0.10808 -0.10382
-0.05121 0.10848 -0.10027
-0.04001 0.10813 -0.10245
0.17084 -0.08276 0.14507
0.16807 -0.08948 0.14115
0.30290 -0.08487 -0.12522
0.11912 0.05483 -0.12341
0.26482 -0.07067 0.11451
-0.35999 0.07687 -0.11952
-0.33396 0.09250 -0.11534
-0.24410 -0.10688 0.14357
-0.38472 0.01041 -0.14785
-0.37385 0.00319 -0.15035
-0.29923 0.01083 -0.14900
-0.28346 0.00627 -0.15071
-0.38065 0.01538 -0.14630
-0.40414 0.00626 -0.14890
-0.04206 0.03313 -0.13618
-0.09050 0.07200 -0.12186
-0.07830 0.06835 -0.12316
-0.04776 0.08738 -0.11582
-0.08461 0.06624 -0.12399
-0.07367 0.07781 -0.11958
-0.04528 0.06146 -0.12555
-0.09212 0.08678 -0.11632
-0.03651 0.04587 -0.13135
-0.22709 -0.11120 0.10716
-0.07933 0.11941 -0.08427
0.42653 -0.02151 0.08830
-0.42422 -0.02802 -0.00893
-0.42422 -0.01377 -0.01485
0.06606 0.10208 0.09667
-0.24688 -0.06511 0.14467
-0.42269 -0.06468 -0.15130
-0.41702 0.02176 0.08797
-0.23761 -0.05260 -0.12807
-0.14178 -0.08466 -0.09109
0.43240 0.00282 0.02054
0.43219 0.00205 0.02605
0.25487 -0.05411 0.12298
-0.32225 0.11339 0.00176
0.23709 -0.05537 -0.10862
-0.23402 -0.05833 -0.14563
-0.42089 -0.08351 0.10267
-0.44593 -0.08503 0.02252
-0.42468 -0.08304 0.11075
-0.43661 -0.08401 0.06548
0.45304 -0.05106 -0.07138
0.20974 -0.03830 0.15527
-0.07325 -0.09894 0.08171
0.10676 -0.09863 0.08300
0.05221 -0.09535 0.08240
0.17723 -0.09761 0.08344
0.12974 -0.08968 0.08261
-0.01890 -0.10009 0.08218
0.02707 -0.09746 0.08235
0.33422 -0.08057 0.08352
0.24000 -0.08296 -0.12409
-0.43202 -0.01962 -0.12939
-0.42959 -0.00592 -0.12904
0.07334 0.10786 0.01406
0.42119 0.00316 0.09125
-0.15972 0.11318 -0.06298
-0.23493 0.11201 -0.06694
-0.14339 0.11257 -0.06768
-0.24755 0.11211 -0.06568
-0.27192 0.11235 -0.06298
-0.22153 0.11257 -0.06395
-0.10932 0.11315 -0.06553
-0.20149 -0.04856 0.12568
0.36560 -0.07787 0.11860
0.36678 -0.07780 0.10469
0.37031 -0.07760 0.11366
-0.05894 0.12228 0.08401
0.22481 -0.06864 -0.13227
0.42348 0.00008 -0.10788
0.27228 -0.02954 -0.12522
0.20565 0.02446 -0.10291
0.07916 0.08940 0.10930
-0.33174 0.10516 0.10348
0.24458 -0.07453 -0.13098
0.24625 0.01073 0.14381
0.16131 0.01941 0.14243
0.29896 -0.05569 0.11952
0.20508 -0.06852 -0.14968
-0.33972 0.10521 -0.09708
-0.24055 -0.05941 0.12064
-0.45050 -0.08058 0.09903
0.43343 -0.02128 -0.01182
0.42220 -0.01751 -0.10463
0.35471 0.01958 -0.01080
0.37146 0.01631 -0.03747
0.35436 0.01933 -0.01856
0.40111 0.01209 -0.04362
0.37493 0.01611 -0.03065
0.34720 0.02066 -0.00898
0.35529 0.01977 -0.00380
0.39198 0.01335 -0.04280
0.38218 0.01484 -0.03841
0.40992 0.01256 -0.00033
0.38126 0.01631 -0.00313
0.40365 0.01135 -0.05417
0.43265 -0.00692 0.01735
-0.18066 0.07724 0.12164
-0.02309 -0.03058 0.15613
-0.04999 -0.03090 0.15622
-0.03031 -0.03045 0.15614
-0.07298 -0.02460 0.15580
-0.11573 -0.03322 0.15657
-0.08334 -0.04090 0.15707
-0.11447 -0.04412 0.15739
-0.03155 -0.02147 0.15546
0.11756 0.05115 0.13048
-0.25492 -0.05259 0.08141
-0.18270 -0.03968 0.08141
0.11897 0.06693 0.09343
0.12454 0.06323 0.09311
0.10137 0.07865 0.09425
0.12482 0.06167 0.09944
0.09826 0.08437 0.07755
0.11027 0.07494 0.08360
0.10002 0.07820 0.10057
0.24034 -0.02118 0.10076
-0.26994 -0.08966 0.11680
0.07461 0.09313 0.10832
0.26690 -0.05062 0.13215
-0.13498 0.01862 -0.14208
-0.25200 -0.09824 0.13278
-0.16867 -0.03419 0.11487
0.31109 -0.07772 0.13435
0.20736 -0.03839 -0.12157
-0.16314 0.03268 -0.13670
-0.14344 0.05695 -0.12767
-0.15278 0.03442 -0.13609
-0.15151 0.02119 -0.14105
0.42220 -0.02541 -0.11217
0.42220 -0.02688 -0.11925
0.40950 -0.05511 0.14491
0.23981 -0.02509 0.13625
-0.04708 -0.05880 -0.15718
-0.03994 -0.06091 -0.15645
-0.06276 -0.06225 -0.15593
0.18631 -0.05152 0.15848
-0.08754 0.10512 0.10845
-0.20844 -0.06166 0.12613
0.44563 -0.04463 -0.01945
-0.18710 -0.05395 -0.14294
-0.29604 -0.06046 0.08894
0.14686 0.00778 -0.14782
0.14925 0.00183 -0.15048
0.09687 0.00743 -0.14904
0.15870 0.00749 -0.14769
0.10774 0.01647 -0.14467
0.25662 -0.06499 -0.14180
-0.06344 -0.06664 0.15438
-0.10630 -0.06398 0.15522
-0.09396 -0.06197 0.15596
-0.42722 -0.01483 0.02917
-0.44517 -0.05132 0.12243
-0.44397 -0.05042 0.09471
-0.29069 -0.06581 0.14538
-0.20786 -0.03240 -0.12166
-0.15139 -0.09158 -0.08141
-0.18398 -0.07867 0.14123
-0.16858 0.01194 -0.05678
0.11299 0.01194 -0.12283
0.15451 0.01194 -0.02289
0.11263 0.01194 -0.06653
-0.03420 0.01194 -0.07597
-0.04325 0.01194 -0.06975
0.05995 0.01194 -0.03859
-0.03120 0.01194 -0.06540
-0.13710 0.01194 -0.03694
-0.25357 0.01194 -0.03442
0.03338 0.01194 -0.06229
0.01247 0.01194 -0.03959
0.08669 0.01194 -0.08056
-0.03583 0.01194 -0.03566
-0.02961 0.01194 -0.01873
0.13364 0.01194 -0.07836
-0.18644 0.01194 -0.00703
0.15915 0.01194 -0.05600
-0.03765 0.01194 -0.02598
-0.06581 0.01194 -0.00884
-0.22524 0.01194 -0.02112
-0.14734 0.01194 -0.05358
-0.11816 0.01194 -0.00374
-0.00531 0.01194 -0.02627
0.12997 0.01194 -0.02306
0.09573 0.01194 -0.12229
0.03286 0.01194 -0.08417
-0.02750 0.01194 -0.04170
-0.12816 0.01194 -0.03159
-0.28345 0.01194 -0.00021
-0.09417 0.01194 -0.00415
0.11659 0.01194 -0.04288
0.15011 0.01194 -0.00997
-0.30644 0.01194 -0.00795
-0.02002 0.01194 -0.06691
-0.28160 0.01194 -0.00759
0.15035 0.01194 -0.07454
0.10045 0.01194 -0.06706
0.00856 0.01194 -0.09992
-0.04642 0.01194 -0.03992
0.10417 0.01194 -0.02438
-0.01400 0.01194 -0.03668
-0.20949 0.01194 -0.04748
0.05440 0.01194 -0.04484
0.11381 0.01194 -0.02162
0.07650 0.01194 -0.02872
-0.31055 0.01194 -0.01289
0.11695 0.01194 -0.03539
0.10858 0.01194 -0.07221
-0.15170 0.01194 -0.06353
-0.09305 0.01194 -0.07800
-0.08342 0.01194 -0.06348
-0.05182 0.01194 -0.07160
-0.08809 0.01194 -0.07251
0.02777 0.01194 -0.07122
0.09240 0.01194 -0.06702
0.05253 0.01194 -0.01624
-0.02245 0.01194 -0.04635
0.11121 0.01194 -0.05939
-0.00604 0.01194 -0.03343
-0.10812 0.01194 -0.02505
-0.00700 0.01194 -0.06624
-0.04905 0.01194 -0.05816
0.07346 0.01194 -0.05295
0.06035 0.01194 -0.11547
0.10753 0.01194 -0.03690
0.14951 0.01194 -0.13397
0.03861 0.01194 -0.00587
-0.15592 0.01194 -0.00801
-0.01395 0.01194 -0.04426
-0.06566 0.01194 -0.03621
0.17392 0.01194 -0.10371
-0.40246 0.01194 -0.00308
-0.04332 0.01194 -0.06359
-0.00266 0.01194 -0.04797
0.12127 0.01194 -0.04634
0.07998 0.01194 -0.02395
-0.21181 0.01194 -0.02758
0.11708 0.01194 -0.09407
-0.27125 0.01194 -0.02023
0.00721 0.01194 -0.03590
-0.05694 0.01194 -0.06535
-0.01178 0.01194 -0.08806
0.05957 0.01194 -0.04817
0.01673 0.01194 -0.09346
0.01848 0.01194 -0.00526
-0.06753 0.01194 -0.07119
-0.23906 0.01194 -0.03550
0.17564 0.01194 -0.09205
-0.00049 0.01194 -0.00266
-0.01611 0.01194 -0.01642
-0.21519 0.01194 -0.03235
0.13065 0.01194 -0.04201
-0.22673 0.01194 -0.01042
0.00637 0.01194 -0.02960
0.05471 0.01194 -0.06134
-0.01805 0.01194 -0.00109
-0.06498 0.01194 -0.00181
0.06079 0.01194 -0.09254
0.09931 0.01194 -0.10123
-0.04081 0.01194 -0.03995
-0.34868 0.01194 -0.00972
-0.00502 0.01194 -0.07227
0.04316 0.01194 -0.10144
0.13837 0.01194 -0.08345
0.15802 0.01194 -0.04012
0.01455 0.01194 -0.06122
-0.13943 0.00895 0.15047
-0.10966 0.01606 0.14750
0.12952 0.00449 0.14969
0.11289 0.00975 0.14763
0.12255 0.00445 0.14985
0.15052 0.00902 0.14717
0.09514 0.00388 0.15070
-0.14756 -0.06119 -0.12979
-0.17642 -0.08954 0.11188
0.33915 -0.05239 0.14414
-0.15460 0.07533 -0.12077
0.24894 -0.05253 0.11309
-0.17302 0.03477 -0.13590
0.34793 -0.05081 -0.12876
0.43092 -0.01776 -0.02418
-0.14841 -0.05837 -0.08665
-0.31174 0.11090 -0.07047
0.21943 -0.02820 0.12259
-0.26007 -0.09405 -0.12585
-0.45341 -0.05362 -0.09921
0.24345 -0.06481 0.11309
0.21082 -0.04309 -0.13901
0.41538 -0.07181 -0.14608
-0.28205 -0.04025 -0.11514
0.17187 -0.01356 -0.15200
0.19809 -0.02925 -0.15384
0.21152 -0.02941 -0.15398
0.31422 -0.02226 0.11140
0.10997 0.04014 0.15362
0.40120 -0.01849 0.14509
0.26740 -0.06631 0.13487
0.27683 -0.00462 -0.14881
-0.02463 0.06153 0.12775
-0.02530 0.02178 0.14476
-0.25114 -0.05546 -0.13845
-0.37361 -0.08414 0.13533
-0.32014 -0.08600 0.11049
-0.33413 -0.08551 0.12456
-0.32534 -0.08582 0.12715
-0.31023 -0.08634 0.11121
-0.35590 -0.08475 0.12690
-0.35647 -0.08473 0.11273
-0.19713 -0.06746 0.12613
0.09455 0.07639 -0.11448
0.30362 -0.10400 0.13541
-0.19694 0.01846 -0.14644
0.33436 -0.03234 -0.10079
-0.19322 -0.06990 -0.15022
-0.27151 -0.08373 0.13628
0.42479 -0.01072 0.06127
-0.16428 0.01849 -0.14584
-0.17124 0.11556 -0.01168
-0.22072 0.11520 -0.01072
-0.04206 0.11675 -0.00863
-0.16367 0.11596 -0.00475
-0.04126 0.11601 -0.02364
-0.07859 0.11580 -0.02193
-0.12127 0.11616 -0.00775
-0.15356 0.11564 -0.01291
-0.23522 0.11516 -0.00919
-0.04902 0.11612 -0.02030
-0.24664 -0.08436 -0.13263
0.23077 -0.07803 -0.14193
0.44228 -0.07214 0.07711
0.28898 -0.02822 -0.11770
-0.42735 -0.02365 -0.14991
0.31205 -0.06767 0.11952
0.30218 -0.09352 0.10129
0.22053 -0.02735 -0.09014
-0.19740 -0.03225 -0.08141
-0.39095 0.05173 0.09826
-0.38589 0.05927 0.07578
-0.39920 0.04288 0.08538
-0.39407 0.04948 0.07759
-0.36881 0.07877 0.08574
-0.41442 0.02502 0.08362
-0.40801 0.03118 0.10404
-0.42504 -0.03679 -0.15076
0.09804 0.01901 -0.14255
0.30067 -0.08556 -0.13543
-0.22345 -0.07837 0.14039
0.26258 -0.07657 0.11214
-0.24085 -0.11437 -0.14195
-0.31540 -0.01474 -0.15461
-0.14607 -0.01611 -0.15498
-0.13060 -0.01312 -0.15475
-0.14685 -0.03537 -0.15670
-0.11382 -0.01252 -0.15473
-0.12062 -0.00648 -0.15418
-0.06226 -0.01095 -0.15471
0.18492 0.00119 -0.14982
-0.14873 -0.04953 0.15912
0.12011 0.05043 -0.12866
-0.36794 -0.04566 -0.15748
0.32007 0.00522 0.14294
0.31720 0.00991 0.14111
0.29872 0.00453 0.14431
-0.20652 -0.07386 -0.12807
0.27132 -0.04656 0.13871
0.24613 -0.05612 -0.14310
0.17423 -0.09886 0.11639
0.32189 -0.05095 0.11872
-0.00412 0.00714 -0.15523
0.42987 -0.02125 -0.05509
-0.45003 -0.05176 0.05915
0.27602 -0.02574 -0.12714
0.24879 -0.02719 -0.08356
-0.41924 0.01332 -0.13875
-0.16662 0.04986 0.13027
0.22783 0.02249 -0.11135
0.36045 -0.04738 -0.15155
-0.34965 -0.04447 0.15784
-0.38159 0.02355 -0.14322
-0.23929 -0.05963 0.13609
-0.23889 0.10938 -0.08443
-0.34460 -0.08575 0.08068
-0.39409 -0.08568 0.04194
-0.37994 -0.08400 0.12130
-0.33757 -0.08589 0.08072
-0.32450 -0.08614 0.08164
-0.38116 -0.08518 0.07295
-0.40950 -0.08451 0.07620
-0.37006 -0.08450 0.10957
-0.36818 -0.08498 0.09185
-0.34104 -0.08630 0.06158
-0.35307 -0.08519 0.09595
-0.41198 -0.08496 0.05597
-0.41502 -0.08474 0.06230
-0.42075 -0.08405 0.08493
-0.39306 -0.08388 0.11515
-0.41535 -0.08385 0.09746
-0.43754 -0.08511 0.02857
-0.33026 -0.08603 0.08136
-0.35670 -0.08564 0.07491
-0.38872 -0.08363 0.12864
-0.34640 -0.08612 0.06430
0.24539 -0.08297 0.12611
0.29986 -0.06361 0.13357
-0.17946 -0.04650 0.11406
0.27170 -0.05776 -0.08356
0.32278 -0.06615 -0.08356
0.28218 -0.05765 -0.08356
0.33988 -0.07278 -0.08356
-0.29579 -0.06008 -0.13405
-0.20134 -0.03841 0.11271
0.23394 -0.06298 0.11825
-0.43518 -0.03048 -0.09979
-0.43899 -0.04784 -0.08087
-0.43471 -0.02717 -0.09527
-0.43158 -0.01458 -0.12050
-0.43750 -0.04146 -0.09053
-0.42361 0.01475 -0.02729
-0.41927 0.02087 -0.00726
0.18756 -0.09098 -0.08804
0.03470 0.00972 -0.14930
-0.25365 -0.06450 -0.13927
-0.43219 -0.05593 -0.15602
-0.30147 -0.07985 -0.12911
0.26807 0.02066 0.10051
0.27857 0.01989 0.10325
0.19961 -0.09096 0.13744
-0.19007 0.00266 0.15319
0.22967 -0.09218 0.12627
-0.31626 -0.07062 0.15105
-0.34987 -0.06770 0.15037
-0.37071 -0.06059 0.15218
-0.14715 0.09463 0.11389
0.31665 0.01992 0.06771
0.39629 0.01154 0.06565
0.33924 0.01712 0.07246
0.33304 0.01954 0.05037
0.32044 0.02150 0.04262
0.31518 0.02136 0.05152
0.40561 0.01049 0.06626
0.34595 0.01897 0.04011
0.31801 0.02232 0.03561
0.40324 0.01025 0.07244
0.30989 0.02412 0.02389
0.38087 0.01445 0.04985
0.35785 0.01747 0.04290
0.31446 0.02397 0.01964
0.34062 0.02038 0.02953
-0.26199 -0.07512 -0.11520
0.26435 0.02155 0.09287
-0.26176 -0.08812 -0.14524
0.26551 -0.07735 0.11705
-0.19345 0.03823 -0.13813
-0.19054 0.02846 -0.14229
-0.18460 0.02433 -0.14403
-0.19531 0.02350 -0.14442
0.12876 0.06656 -0.04387
0.17410 0.03431 -0.04268
0.10731 0.08115 -0.05049
0.17201 0.03820 -0.02115
0.16882 0.03737 -0.04908
0.15096 0.05343 -0.01939
0.17162 0.03748 -0.03008
0.15993 0.04145 -0.06935
0.14868 0.04722 -0.08973
0.11849 0.07415 -0.04161
0.12107 0.07144 -0.04941
0.12918 0.06404 -0.06385
0.15079 0.05134 -0.03927
0.13150 0.06081 -0.07789
0.16809 0.03546 -0.07079
0.24098 -0.02812 -0.11699
0.05700 0.10752 -0.09311
-0.18686 -0.08767 0.11182
-0.15117 -0.07315 0.15139
0.12739 0.04344 -0.13214
0.44608 -0.04571 0.05446
0.18840 -0.08732 0.10787
0.38256 -0.04757 -0.14777
0.34974 -0.02729 0.14984
-0.43703 -0.03546 0.07043
-0.43507 -0.03045 0.10306
-0.43757 -0.04145 0.08839
-0.43748 -0.04544 0.11411
-0.43837 -0.04148 0.06321
-0.23691 -0.06998 -0.14391
0.25782 -0.06778 0.13802
0.43482 -0.04318 -0.05773
0.25312 -0.10866 -0.10849
-0.44856 -0.08371 -0.04021
-0.43774 -0.08321 -0.07868
-0.44282 -0.08210 -0.08428
-0.44774 -0.08433 -0.03152
-0.16109 -0.04014 -0.12064
-0.43581 -0.08130 -0.12387
-0.45047 -0.08095 -0.08626
-0.44695 -0.07992 -0.13418
0.17596 -0.07922 -0.14703
0.17678 -0.08750 -0.14211
-0.41529 0.02582 0.02132
-0.39672 0.04689 0.03179
-0.39011 0.05448 0.04156
-0.39077 0.05407 0.06232
-0.40040 0.04279 0.03442
-0.38782 0.05715 0.04731
0.33068 -0.03856 0.14105
-0.30713 -0.08648 -0.13425
-0.22891 -0.08062 -0.14826
0.03743 -0.04707 0.15880
0.11116 -0.04474 0.15786
-0.00541 -0.05127 0.15955
0.30306 -0.05487 0.11080
-0.29780 -0.06575 -0.15402
-0.22784 -0.08404 0.12613
0.10468 0.03266 -0.13450
0.43114 -0.02127 -0.03421
-0.19180 -0.05391 -0.08141
-0.20588 -0.05432 -0.08141
0.26216 -0.07633 -0.12522
-0.20154 -0.00543 -0.15446
-0.23333 -0.03646 -0.13851
0.34846 -0.04937 0.08424
0.34879 -0.05015 0.09747
0.23798 0.01575 0.14000
0.18068 0.01938 0.13862
0.22045 0.02036 0.12384
0.20173 0.01911 0.13436
0.33736 -0.03500 -0.12718
0.26238 -0.07757 0.08356
0.27300 -0.07583 0.08356
0.19778 -0.07963 0.08357
0.25488 -0.07125 0.08356
0.26312 -0.06705 0.08356
0.27497 -0.06703 0.08356
0.28285 -0.06935 0.08356
0.29472 -0.08136 0.08356
0.22040 -0.09296 0.08357
0.24752 -0.08104 0.08356
-0.40876 0.02722 0.13288
-0.15504 -0.05328 0.14193
0.22989 -0.04603 -0.08357
0.28953 -0.04336 -0.08356
-0.17716 -0.02884 0.15881
-0.27194 -0.04430 -0.15489
0.29377 -0.10039 0.12356
0.06182 -0.06062 -0.15579
0.16767 -0.05679 -0.15562
0.08549 -0.05586 -0.15689
0.11112 -0.06360 -0.15432
0.04018 -0.06114 -0.15591
-0.03542 0.07935 -0.11948
-0.27490 -0.03540 0.12268
-0.27475 -0.03530 0.11556
-0.22863 -0.10820 -0.13843
-0.21706 -0.11063 0.11457
-0.37055 0.02315 0.14345
0.43775 -0.06777 0.11975
0.44013 -0.06954 0.08664
-0.24658 -0.06264 -0.12616
0.42798 -0.03728 -0.07866
-0.20393 -0.11885 0.12316
-0.22349 -0.10969 -0.13766
0.06896 0.10909 0.03888
0.29348 -0.06004 0.11952
-0.22197 -0.08503 -0.15220
-0.39709 0.03040 0.13951
-0.39606 0.02313 0.14297
0.30100 -0.03032 0.15451
-0.42918 0.00530 0.03490
0.35707 -0.07748 0.12863
0.43052 -0.00937 -0.02426
0.35764 -0.07027 -0.14397
0.26242 -0.02811 0.12219
0.25338 0.02374 0.08407
0.22972 0.02856 0.02556
0.25272 0.02472 0.06797
0.22929 0.02469 0.09267
0.27313 0.02298 0.07674
0.22051 0.02943 0.02015
0.22191 0.02733 0.05488
0.24198 0.02413 0.08920
0.27761 0.02217 0.08600
-0.29382 0.11360 0.04263
-0.26580 0.11389 0.03934
-0.16653 0.11451 0.03984
-0.24789 0.11427 0.03180
-0.23460 0.11388 0.04549
-0.16573 0.11477 0.03268
-0.18253 0.11449 0.03747
-0.30623 0.11367 0.03836
-0.25165 0.11399 0.03906
-0.16289 0.08366 -0.11866
-0.20721 0.02120 -0.14527
-0.14867 -0.05750 0.08685
-0.17577 -0.07709 0.14239
0.05612 0.10111 -0.11038
0.11671 0.05740 0.12190
0.13380 0.04026 0.13109
0.42473 -0.02457 0.09258
-0.10306 0.11636 0.03064
-0.27270 0.11491 -0.00922
-0.25021 0.11502 -0.01044
-0.22608 0.11463 -0.02591
-0.19544 0.11487 -0.02500
-0.24710 0.11450 -0.02565
-0.11453 0.11548 -0.02277
-0.14787 0.11523 -0.02348
-0.23945 0.11465 -0.02283
0.23395 -0.06290 0.10291
-0.18330 0.11178 0.07086
-0.10083 0.11350 0.06369
-0.21597 0.11219 0.06668
-0.16966 0.11200 0.07010
-0.17374 0.11135 0.07408
-0.05387 0.11375 0.06429
-0.15209 0.11324 0.06294
-0.27940 0.11211 0.06419
-0.43701 -0.04790 -0.14092
-0.42995 -0.01268 -0.14142
0.43958 -0.04240 -0.01704
0.23429 -0.07269 0.10401
0.30976 -0.00391 0.14753
-0.24394 -0.03289 0.14347
-0.40529 -0.09611 0.05036
-0.38561 -0.05240 -0.15449
-0.03446 0.11685 0.00732
-0.39756 0.04369 -0.10177
-0.39827 0.04479 -0.07364
-0.41136 0.02771 -0.09696
-0.40252 0.03714 -0.11177
-0.38865 0.05610 -0.07459
-0.39857 0.04513 -0.06372
-0.38874 0.05441 -0.09738
0.25777 -0.08644 0.11309
0.25042 -0.03368 0.13106
-0.26511 -0.03058 -0.10404
-0.22531 -0.11054 0.14368
-0.25377 -0.06902 -0.15064
-0.09991 0.00132 -0.15339
-0.19354 -0.09250 -0.12665
0.29635 -0.02034 0.15497
-0.17990 -0.09033 -0.14814
-0.43012 -0.04969 -0.15114
-0.26035 -0.03232 0.14096
0.42591 -0.02141 0.05687
-0.23038 0.12120 -0.08261
-0.17722 0.01672 -0.14723
0.29916 -0.08026 0.10820
-0.41824 -0.05919 -0.15038
0.28270 -0.01470 -0.12337
-0.16806 -0.05316 -0.12068
0.22719 -0.02616 0.15588
-0.42813 -0.01566 0.14950
0.16250 0.03592 -0.10070
0.11338 0.07317 -0.08206
0.09703 0.08494 -0.07875
0.10609 0.07708 -0.08676
0.14986 0.04448 -0.10062
0.09805 0.08297 -0.08470
0.39537 -0.07625 0.12382
0.40881 -0.07609 0.09934
0.41184 -0.07614 0.08767
0.39799 -0.07672 0.08391
0.41053 -0.07636 0.07613
0.20539 -0.00068 -0.14969
0.20038 0.02404 -0.11385
-0.27029 -0.08948 -0.08141
0.29268 -0.11328 0.12656
-0.24998 -0.07610 -0.14713
-0.18708 -0.09941 -0.14117
0.08484 -0.09951 -0.13345
-0.13770 0.09677 0.11278
-0.21443 -0.07362 0.12112
-0.31043 -0.05726 0.15674
0.29892 -0.03312 0.10047
0.27492 -0.10468 -0.13968
-0.17596 -0.03714 0.14975
-0.30115 -0.06943 0.15238
0.45173 -0.06459 -0.00747
0.44592 -0.06752 -0.04294
-0.19036 -0.10251 -0.13487
-0.21613 -0.09627 -0.12665
-0.24341 0.11936 -0.08513
-0.35190 0.02197 0.14405
-0.37052 -0.07598 0.14429
-0.33970 -0.08044 0.14312
-0.34831 0.10016 -0.08810
0.42750 -0.03768 -0.06445
0.24186 0.00167 0.14783
0.22582 -0.07223 -0.13641
-0.43052 -0.02064 -0.00146
-0.43052 -0.01849 0.00697
-0.26031 -0.05901 0.12082
-0.15368 -0.07136 -0.15206
0.44488 -0.06180 0.10309
-0.20848 -0.05274 -0.14251
0.42177 0.00789 0.06273
0.42175 0.00678 0.06882
-0.21009 -0.01440 -0.15584
-0.44545 -0.05157 -0.14336
0.31452 -0.09242 -0.14136
-0.27499 0.11012 0.07711
-0.27287 0.11110 0.07094
-0.28454 0.11051 0.07412
0.28784 -0.08539 -0.08349
0.02103 -0.09575 -0.08220
0.31545 -0.08203 -0.08348
0.07958 -0.09514 -0.08258
0.12187 -0.09043 -0.08260
0.11090 -0.09870 -0.08303
0.17759 -0.09667 -0.08339
-0.06301 -0.09925 -0.08181
-0.18706 -0.03519 0.12439
-0.19408 -0.07698 0.12008
-0.16798 0.05566 0.13059
-0.17894 0.05647 0.13029
-0.18723 0.04893 0.13354
-0.20688 0.02827 0.14243
-0.25054 -0.04340 0.14002
-0.17752 -0.08526 -0.14558
-0.17674 -0.03112 -0.10157
0.25900 -0.11305 -0.13221
-0.14707 0.11471 -0.03778
-0.17462 0.11459 -0.03620
-0.15659 0.11451 -0.04169
-0.20051 0.11446 -0.03499
-0.21285 0.11432 -0.03685
-0.28536 0.11367 -0.04225
-0.23126 0.11401 -0.04228
-0.08737 0.11519 -0.03493
-0.25056 0.11392 -0.04130
-0.24885 0.11421 -0.03354
0.29055 -0.01967 -0.10773
-0.09257 0.11636 0.03218
-0.19677 -0.02792 0.12006
-0.44756 -0.05104 0.00948
-0.45254 -0.05284 0.04751
-0.24285 -0.08852 0.13044
0.13432 0.04975 -0.11164
0.15444 0.03511 -0.11338
0.11134 0.06676 -0.10912
0.12152 0.06109 -0.10662
0.25468 -0.02563 0.08356
-0.17093 0.00527 -0.15545
0.27671 0.01973 -0.10812
0.27036 0.02078 -0.09578
-0.40005 0.01757 -0.14501
0.25340 -0.05042 -0.11878
0.41691 0.00415 0.12084
-0.42921 0.00311 0.07676
0.42746 -0.01752 -0.04609
0.19733 -0.05212 -0.11404
-0.42549 -0.02396 0.15003
0.24577 -0.10320 0.13642
-0.45454 -0.06257 -0.07296
-0.45292 -0.07450 -0.04889
-0.45304 -0.07399 -0.03684
-0.18818 -0.00977 0.15507
0.34684 -0.05452 0.13340
-0.21579 -0.03179 -0.12659
-0.10879 0.00937 0.15016
-0.43370 -0.06618 0.15407
-0.13241 0.09518 -0.11338
-0.04344 0.11473 0.04948
-0.20879 0.11386 0.04967
-0.09248 0.11499 0.03924
-0.13249 0.11414 0.05210
-0.10871 0.11391 0.05907
-0.05358 0.11529 0.03714
-0.16010 0.11401 0.05177
-0.04392 0.11513 0.04147
-0.25314 0.11339 0.05441
-0.10545 0.11451 0.04744
-0.43801 -0.02976 -0.03996
-0.24765 -0.09274 -0.15063
-0.21409 -0.02614 -0.08772
-0.20300 -0.02698 -0.11647
-0.41712 0.02010 -0.10849
-0.42197 0.01657 -0.05719
-0.42905 0.00179 -0.02950
0.39339 -0.07690 -0.08408
0.37212 -0.07769 -0.08590
0.42431 -0.07571 -0.08441
0.39727 -0.07637 -0.11060
0.39998 -0.07649 -0.09493
0.40608 -0.07590 -0.11980
0.38421 0.00935 0.11197
0.30065 0.01757 0.10930
0.28820 0.01915 0.10325
0.37534 0.01039 0.10908
0.23453 -0.04514 0.10063
-0.41636 0.02343 0.07385
0.16884 0.02999 0.10419
0.24224 -0.02251 -0.13114
0.25464 -0.01914 0.10989
0.35785 -0.07289 0.10980
0.35910 -0.07618 0.12098
0.11672 0.02623 -0.15124
0.22519 -0.02704 -0.13279
0.42607 -0.05647 -0.14873
-0.23509 -0.02212 0.12215
-0.36718 0.07066 0.12181
-0.40627 0.02599 0.14076
-0.22830 -0.03030 0.16273
0.18198 0.02735 -0.09264
0.19892 0.02729 -0.07598
0.20087 0.02773 -0.06559
0.17933 0.02909 -0.06232
0.18734 0.03057 -0.02573
0.24269 -0.05887 0.13699
-0.36273 -0.07387 -0.14611
-0.21564 -0.03274 0.14181
0.08663 -0.07645 0.14943
-0.02082 -0.08738 0.14353
0.02298 -0.08340 0.14564
-0.00435 -0.07461 0.15130
-0.00435 -0.08239 0.14649
0.10703 -0.07461 0.15041
-0.19979 -0.02722 -0.12693
-0.14150 0.02670 -0.14156
0.18307 -0.07717 0.14822
0.38581 -0.05784 -0.14584
0.25457 -0.01980 -0.11173
0.27721 -0.08151 0.13825
0.24430 -0.03586 0.10047
0.31771 -0.08698 0.13448
0.42960 -0.00646 0.02928
-0.19639 -0.09907 0.12613
-0.39657 -0.09577 -0.04328
-0.10307 -0.08556 -0.14397
-0.13508 -0.08572 -0.14380
0.31279 -0.05164 -0.10625
-0.11816 -0.10135 -0.12524
-0.12593 -0.10141 -0.11066
-0.01093 -0.10050 -0.11077
0.01684 -0.10028 -0.11329
0.10601 -0.09957 -0.13010
-0.00528 -0.10045 -0.12259
-0.13614 -0.10149 -0.09416
-0.09736 -0.10118 -0.11497
0.03998 -0.10009 -0.12622
-0.10444 -0.10124 -0.09492
-0.10003 -0.10120 -0.13356
-0.09097 -0.10113 -0.11131
-0.00272 -0.10043 -0.13023
-0.10683 -0.10126 -0.12105
0.00796 -0.10035 -0.12064
-0.06592 -0.10093 -0.10664
-0.02595 -0.10062 -0.11678
-0.28866 -0.07141 -0.15104
-0.30843 -0.08478 0.14205
-0.30687 -0.07909 0.14610
-0.22437 -0.07945 0.12613
0.27086 -0.05497 0.11381
0.26238 -0.00004 -0.14790
-0.24307 -0.04588 0.13014
-0.21499 0.11842 -0.08480
-0.31704 0.11235 0.05649
-0.34039 0.10479 0.09725
-0.12915 0.12003 -0.08153
-0.08728 -0.05086 0.15979
-0.11551 -0.05408 0.16006
0.39388 -0.02541 -0.14600
0.37406 -0.00680 -0.14537
0.37561 -0.03375 -0.14850
0.36844 -0.00643 -0.14579
0.36216 -0.02515 -0.14856
-0.04570 -0.08830 -0.14289
-0.08965 -0.09190 -0.14017
-0.03527 -0.08125 -0.14733
0.28201 -0.08483 0.11404
-0.27154 -0.03312 -0.11569
-0.18020 -0.08555 0.08141
-0.29659 0.11416 -0.05619
-0.18813 -0.08948 -0.08165
-0.09150 0.11577 0.02042
-0.14896 0.11585 0.00951
-0.07202 0.11674 0.00406
-0.04860 0.11600 0.02278
-0.07154 0.11566 0.02576
-0.06908 0.11599 0.01969
-0.11884 0.11604 0.01057
-0.05709 0.11684 0.00450
-0.27053 0.11525 0.00174
-0.11272 0.11647 0.00279
0.26473 -0.07514 -0.11783
0.29922 -0.05721 -0.12021
0.29167 -0.10119 -0.13313
-0.21038 -0.07170 -0.13308
-0.25528 0.10650 0.10302
-0.19704 0.10708 0.10585
-0.18493 0.10865 0.09148
-0.17948 0.10853 0.09352
-0.15369 0.10876 0.09511
-0.16020 0.10770 0.10513
0.43268 -0.04350 0.09174
-0.22531 -0.08806 -0.12570
0.21247 -0.03358 -0.10853
-0.40436 -0.09818 -0.03405
0.00416 0.09848 0.11177
-0.14819 -0.06949 0.13886
0.42794 -0.03768 0.06875
0.09772 0.05291 -0.12742
0.10328 0.03866 -0.13245
0.08342 0.05968 -0.12513
0.07760 0.04070 -0.13194
0.29229 -0.01891 -0.08720
0.25804 -0.02973 -0.13217
-0.20559 -0.03603 0.12139
-0.23582 0.10677 -0.10317
-0.22869 0.10699 -0.10195
-0.21375 0.10729 -0.10120
-0.14324 0.10900 -0.09420
-0.21067 0.10792 -0.09514
-0.18424 0.10802 -0.09814
0.42220 -0.01157 0.11590
0.42220 -0.00861 0.10472
-0.45360 -0.06920 0.07093
-0.45470 -0.06153 0.06991
-0.45190 -0.08137 0.06013
-0.25102 -0.09950 0.13910
-0.07793 -0.07740 -0.14949
-0.10470 -0.07719 -0.14957
-0.25059 0.10942 -0.08338
0.43271 -0.01491 -0.03529
-0.33181 0.09164 0.11599
0.19320 -0.06759 -0.10994
-0.33422 0.11105 -0.01453
-0.14105 -0.08866 0.10408
-0.22256 0.09825 -0.11266
0.02860 0.00118 -0.15246
0.36035 -0.01636 0.14765
0.35437 -0.03753 0.15069
0.41163 -0.03798 0.14606
0.37818 -0.02790 0.14758
-0.31157 0.00057 -0.15194
-0.24770 -0.01694 -0.15621
-0.31599 -0.00872 -0.15367
-0.21257 0.00183 -0.15308
-0.32426 -0.00699 -0.15322
-0.36845 0.00097 -0.15107
-0.27059 -0.01441 -0.15540
-0.29488 -0.00717 -0.15367
0.03104 0.01982 -0.14009
0.28466 -0.11398 -0.13829
0.34574 -0.03266 -0.15082
0.32241 -0.03506 -0.14570
0.30983 0.02313 -0.03653
0.36430 0.01599 -0.05283
0.32565 0.01936 -0.06256
0.33913 0.02129 -0.02000
0.38400 0.01335 -0.05943
0.35004 0.01727 -0.05594
0.37775 0.01313 -0.07063
0.36270 0.01719 -0.03983
0.29239 0.02159 -0.07958
0.30851 0.01958 -0.08308
0.34182 0.01754 -0.06370
0.34063 0.01712 -0.07064
0.33265 0.02050 -0.03882
0.31739 0.02352 -0.02138
0.35842 -0.00372 -0.14578
-0.44002 -0.04898 -0.08951
-0.44173 -0.04920 -0.06889
0.44735 -0.04894 -0.07371
-0.14861 -0.09792 0.13269
0.30360 -0.02934 -0.08356
0.34312 -0.06828 0.14172
0.35063 -0.04305 0.15330
-0.14046 -0.09189 0.13299
0.06588 0.01459 0.14639
-0.19462 -0.11792 -0.13805
-0.41157 -0.02125 0.15157
-0.40831 -0.00710 0.15098
-0.34341 -0.02360 0.15471
-0.40067 -0.02128 0.15205
-0.37576 -0.00890 0.15251
-0.36977 -0.01872 0.15329
-0.33646 -0.01965 0.15481
-0.40545 -0.01709 0.15162
-0.28494 -0.03421 0.15785
-0.26982 0.01911 -0.14571
-0.25744 0.01696 -0.14672
-0.30339 0.02069 -0.14484
0.18337 0.02571 0.11106
0.32017 -0.04240 -0.13436
-0.30685 0.09745 0.11293
0.23007 -0.02345 -0.09600
0.22606 -0.02433 -0.11368
0.08078 0.07936 0.11858
0.31906 -0.05039 -0.08356
0.33610 -0.05201 -0.08356
0.33511 -0.04531 -0.08356
0.29949 -0.04746 -0.08356
0.21494 0.02722 -0.06351
0.21563 0.02922 -0.02771
0.19611 0.02933 -0.04030
0.19715 0.02987 -0.03007
0.21711 0.02991 -0.01451
0.20967 0.02989 -0.02038
0.35285 -0.05978 -0.10734
0.32334 -0.05894 0.11257
-0.14459 -0.06752 -0.15379
0.31618 -0.08224 -0.14253
0.43494 -0.03774 0.01482
-0.17036 -0.08307 0.08141
-0.13326 0.07650 0.12034
-0.27371 -0.07071 0.12913
-0.25055 -0.09851 -0.15024
-0.19173 -0.02823 -0.13389
-0.29299 -0.07324 0.14342
-0.35323 -0.04010 0.15514
-0.32159 -0.04320 0.15676
0.43022 -0.00170 -0.05349
0.07646 0.01340 0.14678
0.05016 -0.04253 0.15625
0.09583 -0.03457 0.15507
0.11163 -0.02722 0.15426
0.08500 -0.03728 0.15543
0.00123 -0.03894 0.15644
0.06591 -0.03557 0.15547
0.12063 -0.03510 0.15486
-0.00561 -0.02997 0.15572
0.09917 -0.02671 0.15435
0.01887 -0.00583 0.15333
0.03349 -0.01968 0.15440
-0.01679 -0.04406 0.15708
-0.23402 -0.10163 0.13333
0.43313 -0.04381 -0.11090
0.42684 -0.04186 -0.12536
-0.13574 -0.08587 0.14369
-0.26264 -0.05392 -0.12860
-0.19155 -0.04704 0.13233
0.35182 -0.00846 0.14704
-0.31875 0.11275 -0.03995
0.26342 -0.08956 0.12309
-0.31635 0.09966 -0.11136
0.43164 -0.02787 -0.03647
-0.24218 -0.07133 -0.08141
-0.18970 -0.07522 0.12433
0.35508 -0.05781 -0.14966
0.24410 -0.02575 0.12940
-0.20523 -0.03550 -0.14914
0.02896 0.09910 0.11147
0.18811 -0.04127 0.15489
0.44761 -0.06192 -0.03997
0.44613 -0.05361 -0.06227
0.25729 -0.11487 0.11520
-0.36985 0.06884 -0.12209
-0.00927 0.09034 -0.11481
-0.02027 0.09395 -0.11350
0.00138 0.06643 -0.12362
-0.01428 0.03820 -0.13408
-0.00846 0.04659 -0.13097
0.01077 0.05733 -0.12695
-0.00092 0.04310 -0.13224
-0.01160 0.02847 -0.13767
0.04377 0.09294 -0.11371
0.02172 0.09887 -0.11157
0.37843 -0.07715 -0.11570
0.37331 -0.07744 -0.10749
0.36236 -0.07805 -0.11760
-0.30030 -0.07446 -0.12285
0.25724 -0.11131 -0.13883
-0.24575 -0.05706 -0.13263
0.06302 -0.03262 -0.15524
0.12726 -0.03349 -0.15465
0.07702 -0.03716 -0.15550
0.10114 -0.03677 -0.15521
-0.00971 -0.03295 -0.15602
0.04529 -0.03514 -0.15565
0.11225 -0.03370 -0.15483
0.11392 -0.02651 -0.15417
0.02965 -0.02112 -0.15457
-0.00175 -0.03031 -0.15571
0.12019 -0.04285 -0.15555
-0.23565 -0.04134 0.12613
0.45178 -0.06023 0.01396
0.45295 -0.06384 0.00019
0.44687 -0.06487 0.04053
-0.39888 -0.08342 -0.01782
0.42558 -0.00269 -0.09348
0.27908 -0.07386 0.11952
-0.15271 -0.04966 0.09785
0.30439 -0.08640 0.13619
-0.29628 -0.02370 0.15610
-0.31535 -0.01998 0.15523
0.10407 0.05770 -0.12566
0.23758 -0.07683 -0.13456
-0.19395 -0.02514 -0.12456
-0.15327 -0.03326 0.15692
0.26651 -0.02713 0.13692
-0.24076 0.01975 0.14559
-0.24903 0.00954 0.15000
-0.37663 0.02002 0.14474
-0.26250 0.01670 0.14680
-0.24640 -0.11681 0.12529
0.28485 -0.09264 0.12453
0.44169 -0.04525 0.08040
-0.23292 -0.02356 -0.15819
0.28429 -0.00989 0.15001
0.23341 -0.03823 -0.13757
0.43243 0.00506 -0.00816
0.43765 -0.01249 0.00447
0.25846 0.00954 0.14397
0.28882 -0.07058 -0.12926
-0.37555 0.06574 0.11785
0.00574 -0.09124 -0.14103
0.15753 -0.07540 -0.14956
0.12463 -0.08262 -0.14548
0.05676 0.11143 0.04631
0.06097 0.11031 0.05377
-0.15114 -0.07773 -0.14387
-0.19716 -0.08361 0.11969
0.17402 0.02938 0.07310
0.14953 -0.09780 -0.13514
-0.07340 -0.09336 -0.13862
0.07165 -0.09665 -0.13602
0.25720 -0.08390 -0.12522
-0.04482 -0.10077 0.10515
0.08732 -0.09972 0.13046
-0.12585 -0.10141 0.08813
0.02324 -0.10023 0.11473
-0.09741 -0.10118 0.13054
-0.12291 -0.10138 0.13152
-0.07942 -0.10104 0.10947
-0.13531 -0.10148 0.09362
-0.10564 -0.10125 0.09631
-0.04263 -0.10075 0.12436
-0.11715 -0.10134 0.11343
-0.13667 -0.10149 0.08821
-0.12528 -0.10140 0.11452
-0.09383 -0.10115 0.12458
-0.10704 -0.10126 0.11354
-0.11017 -0.10128 0.10705
-0.07530 -0.10101 0.12824
0.04291 -0.10007 0.12535
-0.02744 -0.10063 0.13205
-0.27641 0.10940 0.08253
0.29998 -0.01959 -0.10563
0.25439 -0.03191 0.12103
0.29725 -0.01921 -0.15396
-0.12533 -0.05707 -0.15785
0.31115 -0.08246 -0.12986
0.04907 0.04996 -0.12903
0.03355 0.04679 -0.13043
0.03092 0.06418 -0.12429
0.01724 0.03645 -0.13441
0.04613 0.07761 -0.11924
0.02304 0.04926 -0.12974
0.01381 0.02369 -0.13901
0.02754 0.02551 -0.13812
0.05553 0.06208 -0.12460
0.30565 -0.03709 -0.14266
0.27906 -0.03892 -0.12522
-0.19148 -0.06362 0.14326
-0.26976 -0.07247 0.10802
0.36415 -0.06142 0.14747
-0.14910 -0.09660 -0.13254
0.20602 -0.04003 -0.09632
0.20228 -0.04458 -0.08537
-0.14347 -0.07562 -0.10120
0.28312 -0.10474 0.12137
-0.21572 -0.10544 0.13801
-0.39413 -0.10266 0.01126
-0.01755 -0.01083 -0.15443
0.29410 -0.07576 -0.11851
-0.17493 -0.06922 -0.14554
-0.15593 -0.06645 -0.14979
0.24411 -0.06320 0.12001
0.04130 -0.09972 0.13312
-0.18606 -0.03771 0.11265
0.23605 -0.10069 0.11005
0.22438 -0.06701 -0.12239
0.31949 -0.05226 -0.14202
0.03980 0.01316 -0.14758
-0.01417 0.01917 -0.14566
0.19525 -0.05988 0.09445
0.29708 -0.02958 -0.15620
0.06760 0.09107 0.11452
-0.18155 0.10609 -0.10807
-0.18738 0.10482 -0.10889
-0.34553 0.10181 0.09065
-0.42570 0.01155 -0.04190
0.18993 -0.08071 0.08992
0.03487 0.03650 0.13408
0.04104 0.02209 0.13910
0.04137 0.02883 0.13669
0.04303 0.05344 0.12790
0.05030 0.04071 0.13230
0.05418 0.06930 0.12205
0.04296 0.04101 0.13233
-0.18357 -0.07549 0.11790
-0.28294 0.11956 -0.08173
-0.14355 -0.07524 0.10003
-0.13846 -0.09757 0.10035
0.23892 -0.05000 -0.10891
-0.02241 0.01915 -0.14583
0.24372 -0.02517 -0.12258
0.43448 -0.03762 0.00837
0.42975 -0.01406 0.03050
-0.18080 -0.05329 -0.13308
-0.18627 -0.02927 -0.12714
-0.19214 -0.02814 -0.11997
0.42591 -0.02324 -0.07123
