-0.25285 -0.19578 -0.09395
0.35742 -0.11990 0.11911
0.35780 -0.11995 0.09914
0.13105 0.09524 -0.02655
0.25756 -0.06438 0.13295
-0.20259 -0.09778 -0.11106
-0.38529 -0.11049 0.00323
-0.20367 -0.15321 -0.08962
-0.21547 -0.12874 -0.09745
-0.35350 -0.06203 0.13062
0.40504 -0.06570 0.01615
0.27508 -0.06456 0.14301
-0.30039 -0.14358 0.03366
0.23581 -0.08087 -0.12878
-0.26248 -0.14784 -0.11415
0.23645 -0.14018 -0.10806
-0.18421 -0.07886 -0.09452
-0.25033 -0.19068 0.06617
-0.03390 0.01528 0.13777
-0.24504 -0.17527 -0.06779
0.40403 -0.01821 -0.04650
-0.35888 -0.11255 0.05614
-0.22377 -0.20318 -0.13465
0.29250 -0.17350 0.10680
0.29604 -0.14226 -0.13387
-0.19393 -0.20109 -0.06996
-0.28616 -0.12920 0.05768
-0.22896 -0.08054 -0.10526
-0.14574 -0.15939 -0.08355
0.11176 0.09162 0.11289
-0.27453 -0.10136 -0.02148
-0.20613 -0.09925 0.11831
0.25384 -0.11569 -0.14397
-0.21616 -0.14037 -0.14002
-0.22988 -0.18422 -0.06588
0.39844 -0.01858 0.13215
-0.20832 -0.11320 0.10282
0.17886 0.03313 0.06982
-0.26595 -0.11088 -0.16115
-0.15416 -0.18800 0.14302
-0.15145 -0.11807 -0.11322
0.39763 -0.00464 -0.01766
0.05130 0.10988 0.00268
0.03142 0.11027 0.01229
0.02620 0.11060 0.00760
0.00446 0.11099 0.01912
-0.17296 -0.08675 0.09053
0.26819 -0.07077 0.15426
0.22098 -0.16130 0.11590
-0.17738 -0.18448 -0.11590
-0.34300 -0.14433 0.04410
0.40166 -0.07383 -0.01302
0.40441 -0.01829 0.03725
0.25567 -0.08459 0.15499
0.29030 -0.19632 -0.12357
-0.03295 0.04377 0.09741
0.40397 -0.06048 0.02898
-0.17707 -0.10653 0.11155
-0.03356 0.01807 -0.13261
-0.03405 -0.00195 -0.12724
-0.03470 -0.03069 -0.11749
-0.03618 -0.05605 -0.14258
-0.03342 -0.00397 -0.10129
-0.03324 -0.00577 -0.09241
-0.03515 -0.02628 -0.13953
-0.03251 0.00860 -0.08236
-0.03314 0.00064 -0.09653
-0.03205 0.01231 -0.06951
-0.21457 -0.15399 0.06670
-0.36375 -0.14375 0.00131
0.29036 -0.12298 -0.02647
0.29062 -0.12360 0.10934
-0.17462 -0.19747 0.14531
-0.34876 -0.09739 -0.04451
-0.18713 -0.18513 0.06492
0.19199 -0.13336 -0.12553
0.19199 -0.12788 -0.11394
-0.15164 -0.17274 -0.10608
-0.14398 -0.14582 -0.06744
-0.15883 -0.12071 0.11391
-0.20092 -0.20873 0.11815
-0.16949 -0.16537 0.16015
0.26702 -0.19578 -0.13764
-0.25296 -0.18703 0.15917
0.21721 -0.14466 -0.15357
-0.35999 -0.09948 0.02452
-0.09350 -0.11252 -0.15873
-0.22655 -0.18030 -0.11976
0.37555 -0.04599 -0.15933
-0.21833 -0.10901 0.06951
-0.02245 -0.01920 -0.15530
-0.26422 -0.16799 0.09017
0.22044 -0.06732 -0.15349
-0.26238 -0.12392 -0.11951
0.15000 -0.07652 0.15954
0.04071 -0.07726 0.15736
0.25175 -0.06968 -0.11830
-0.22470 -0.15862 0.09715
0.25576 -0.08390 -0.15444
-0.27058 -0.11895 -0.10379
0.39494 -0.05711 -0.12980
0.28990 0.00788 -0.08099
0.27810 0.00703 -0.10073
0.23314 0.00894 -0.10787
0.24071 0.00878 -0.10445
0.39779 -0.03812 0.04871
0.07163 0.10469 0.09090
0.28759 -0.10088 -0.11635
-0.02736 0.08530 0.05981
-0.25258 -0.16575 -0.11666
0.24294 0.00457 -0.13850
-0.15801 -0.18574 -0.11786
0.09602 0.09115 0.11966
0.29852 0.00756 -0.07778
-0.38364 -0.11279 -0.01521
0.39921 -0.06926 -0.13253
-0.28259 -0.13538 -0.08346
-0.28259 -0.13265 -0.11999
-0.28259 -0.06963 -0.05587
-0.28259 -0.07964 -0.05733
-0.28259 -0.15331 -0.08691
-0.28259 -0.09262 -0.05769
-0.28259 -0.10384 -0.06846
-0.28259 -0.15063 -0.08059
-0.28259 -0.17490 -0.08571
-0.28259 -0.15420 -0.12194
-0.28259 -0.12836 -0.05925
-0.28259 -0.11025 -0.05532
-0.28259 -0.12363 -0.07849
-0.28259 -0.17376 -0.14059
-0.28259 -0.17101 -0.13063
-0.28259 -0.13473 -0.06629
-0.26082 -0.12795 0.03701
-0.21644 -0.18410 -0.16386
-0.26212 -0.15077 0.01714
-0.25317 -0.09747 0.07169
-0.21922 -0.20744 0.06498
-0.19214 -0.20852 0.06894
-0.20627 -0.16727 0.14808
-0.16791 -0.16882 -0.06763
0.26423 -0.08443 -0.10650
0.28580 -0.11801 -0.04514
-0.24094 -0.08636 -0.14691
0.39876 -0.07747 0.11813
0.25498 -0.16503 -0.15257
0.17734 0.03042 0.09035
0.30297 -0.13602 -0.13880
-0.06643 -0.12036 -0.15873
0.27177 -0.01249 -0.15563
0.22682 -0.00736 -0.15430
0.19767 -0.00503 -0.15396
-0.27333 -0.12797 -0.07637
-0.20164 -0.08788 0.11694
-0.24485 -0.08659 -0.09889
0.27709 -0.10443 0.13387
-0.21410 -0.07430 -0.12351
-0.20051 -0.14315 -0.13952
0.36496 -0.04011 0.15860
-0.24858 -0.11865 -0.16442
0.36649 -0.05313 0.15969
-0.20120 -0.20024 -0.11083
0.23702 -0.08166 -0.11446
0.29073 -0.12618 -0.12858
-0.14066 -0.14613 0.09819
0.15776 0.00900 0.14752
-0.20412 -0.17688 -0.10834
0.27193 -0.15085 -0.13387
-0.26575 -0.14853 -0.00259
0.05151 0.10849 0.04876
0.02847 0.10929 0.04818
0.05068 0.10813 0.05472
0.41150 -0.09025 -0.07701
-0.16137 -0.13972 0.06545
0.15178 0.06010 0.08522
-0.26944 -0.14122 -0.15994
0.10547 0.10292 0.05623
-0.15325 -0.12569 -0.11638
-0.17659 -0.17966 -0.16542
-0.21143 -0.15329 -0.08826
-0.02541 0.10374 0.03338
-0.02949 0.08081 -0.03672
-0.19828 -0.14413 -0.05211
0.33436 -0.13230 -0.15483
-0.16380 -0.14358 0.06786
0.38643 -0.00846 -0.12738
-0.19880 -0.15148 -0.14228
-0.13150 -0.06557 0.14991
-0.13150 -0.08219 0.12616
-0.13150 -0.10845 -0.05473
-0.13150 -0.10911 0.06510
-0.13150 -0.09051 0.04332
-0.13150 -0.07961 0.07746
-0.13150 -0.12416 -0.05291
-0.13150 -0.11386 0.13749
-0.13150 -0.10618 0.01473
-0.13150 -0.11972 -0.02821
-0.13150 -0.12296 0.03243
-0.13150 -0.10121 0.05893
-0.13150 -0.12341 0.02154
-0.13150 -0.10953 0.12871
-0.13150 -0.08285 0.13824
-0.13150 -0.12151 0.10209
-0.13150 -0.12438 0.11976
-0.13150 -0.10157 -0.03331
-0.13150 -0.08482 0.13130
-0.13150 -0.11383 0.08708
-0.13150 -0.10834 0.11321
-0.13150 -0.10003 0.00081
-0.13150 -0.10010 0.02545
-0.13150 -0.07068 0.14571
-0.13150 -0.11557 0.10081
0.39262 -0.00417 0.08533
-0.37608 -0.12566 0.03915
-0.19351 -0.11895 0.08190
-0.26426 -0.17375 0.15492
-0.00702 0.03735 -0.14048
0.15874 0.01984 0.14045
0.34464 -0.11941 0.15322
-0.25930 -0.14486 0.16105
0.14562 0.05372 -0.11384
0.29109 -0.06175 0.13790
0.05365 0.10934 0.01777
0.02840 0.10952 0.04043
0.02293 0.10952 0.04645
0.01475 0.10984 0.04454
0.40470 -0.10799 -0.11132
-0.24995 -0.19777 -0.08491
0.33471 -0.08975 0.13738
-0.22482 -0.14235 0.09207
-0.03041 0.03393 -0.02141
-0.37014 -0.09926 -0.02056
-0.19357 -0.17071 -0.12462
0.12468 0.09422 -0.07804
0.21624 0.00522 0.14404
-0.16328 -0.10028 -0.07294
-0.18694 -0.09698 0.16320
0.25682 -0.06925 0.14466
0.38596 -0.11588 -0.14900
0.30480 -0.00959 0.15250
0.03656 0.10513 0.09705
0.06747 0.06858 -0.12496
0.04759 0.06572 -0.12635
0.03141 0.06412 -0.12718
0.26902 -0.10413 0.11862
0.06886 0.11907 -0.04675
-0.37093 -0.14533 0.02536
0.40974 -0.09258 -0.09304
0.04716 0.01137 0.14886
-0.03083 0.03304 -0.04821
-0.17154 -0.08810 -0.15356
0.16020 0.05428 -0.06862
0.16755 0.04580 -0.07156
-0.19599 -0.10623 0.12058
0.29128 -0.13165 -0.08822
-0.36614 -0.09679 0.03498
0.17576 -0.04935 0.16264
0.18769 -0.04525 0.16284
0.14756 0.05121 0.11461
-0.38006 -0.10434 0.01286
0.23039 0.01404 -0.03059
0.26779 0.01234 -0.01114
0.25278 0.01302 -0.01903
0.23294 0.01438 -0.01583
0.40997 -0.08693 -0.06231
0.15918 0.04061 -0.11379
-0.24171 -0.11466 -0.11000
0.22053 -0.12222 0.10883
-0.15496 -0.15269 0.11399
-0.28377 -0.14838 0.02762
-0.17778 -0.07888 -0.13534
-0.16257 -0.12998 0.06560
-0.15732 -0.19056 0.06528
-0.19856 -0.13721 -0.06949
-0.19834 -0.13774 0.01692
0.16865 -0.04803 -0.16252
0.19741 -0.05320 -0.16300
-0.21444 -0.09518 -0.11140
0.39570 -0.01371 0.11785
0.29267 0.00254 0.12188
-0.22109 -0.07359 -0.10204
-0.32729 -0.10157 -0.04249
-0.26543 -0.14051 0.16008
0.21186 0.01600 0.01803
0.13153 -0.06893 0.16092
0.08362 -0.06380 0.16107
0.12713 -0.06576 0.16119
0.09846 -0.06435 0.16112
-0.15973 -0.09701 -0.14352
0.37504 -0.06512 -0.15982
0.30831 -0.07281 0.10655
0.11301 0.10026 -0.06935
0.10222 0.02299 -0.16217
-0.26345 -0.18094 -0.09142
-0.37981 -0.11705 0.02227
0.40752 -0.11550 0.02815
-0.39419 -0.09543 -0.02941
-0.15335 -0.10368 0.08892
0.30311 -0.06832 0.12864
0.38996 -0.00218 -0.08400
-0.02963 0.06157 0.08364
-0.23469 -0.13559 0.15332
0.00422 0.00065 0.15643
-0.33862 -0.12007 -0.01156
0.25653 -0.18947 -0.15302
0.21621 -0.15089 0.12165
0.15466 0.03244 -0.12815
-0.23137 -0.08514 -0.06856
0.37293 -0.02185 -0.15399
0.04997 -0.09424 -0.15276
-0.00146 -0.09639 -0.15149
-0.01283 -0.08390 -0.15465
-0.00558 -0.07967 -0.15587
-0.01802 -0.09582 -0.15141
0.01762 -0.08228 -0.15549
0.08992 -0.08840 -0.15485
-0.25396 -0.10310 0.07424
-0.27132 -0.11346 -0.07008
0.31181 -0.18277 -0.11442
-0.14935 -0.12248 -0.09053
-0.03295 0.02222 0.11476
-0.17444 -0.10440 -0.11636
-0.17156 -0.08078 0.13592
-0.28027 -0.10483 0.04988
0.25209 -0.19309 0.13302
0.21356 -0.14597 -0.12712
-0.23064 -0.14500 -0.14334
-0.25469 -0.18176 0.10342
0.32963 0.00340 -0.10125
0.31275 0.00500 -0.09761
0.24491 -0.12618 0.14778
0.36133 -0.01955 0.15370
-0.14406 -0.14730 -0.15651
-0.22315 -0.19088 0.11326
0.30281 -0.08655 -0.15199
0.11971 0.09991 0.04175
0.22963 0.00608 -0.12975
0.27755 0.00359 -0.12210
0.28325 0.00370 -0.11308
0.08879 0.08465 -0.11921
0.22439 0.01225 -0.07548
0.25191 0.01125 -0.06464
0.24286 0.01170 -0.06626
-0.24649 -0.11298 -0.11261
0.21901 0.01418 0.04776
0.25007 0.01306 0.02308
0.22755 0.01461 0.01916
0.24940 0.01344 0.01292
0.22759 0.01415 0.03263
-0.32992 -0.11817 -0.06127
0.30961 -0.08689 -0.10516
-0.23796 -0.17964 -0.06795
0.20733 -0.07005 -0.16184
0.39547 -0.04091 -0.06734
0.39203 -0.01243 -0.13999
0.27648 -0.06997 -0.15145
-0.36490 -0.09920 0.01168
0.37566 -0.03383 -0.15779
-0.25235 -0.19085 -0.09197
-0.15223 -0.17532 -0.13799
-0.23487 -0.18354 -0.11171
0.09758 0.02090 -0.14008
0.05597 0.03227 -0.13711
0.05156 0.02649 -0.13863
-0.03675 -0.10828 0.13044
-0.03555 -0.11292 0.13416
-0.35717 -0.13229 -0.04937
-0.03536 -0.00885 -0.14838
-0.38490 -0.08845 -0.04155
0.04239 0.10183 0.03750
0.04239 0.11080 0.04072
0.04239 0.09782 -0.00216
-0.26678 -0.10133 -0.01333
0.29854 -0.19024 -0.13213
-0.23295 -0.08312 0.11122
-0.30380 -0.14661 -0.04676
0.21373 -0.12177 -0.11085
0.40250 -0.02475 -0.09648
0.28496 -0.13924 0.03138
0.38522 0.00084 0.05083
0.22806 -0.14639 -0.15203
0.15719 -0.01022 0.15721
0.08901 -0.00912 0.15650
0.14039 -0.01512 0.15937
0.32115 -0.11616 0.15262
0.01194 0.11129 -0.00131
0.04619 0.10983 -0.00984
0.01460 0.11053 -0.02248
0.06428 0.10950 -0.00033
-0.21951 -0.17271 0.12133
-0.22138 -0.14380 0.14070
0.20574 -0.05984 -0.16293
-0.26216 -0.13331 0.06416
-0.14690 -0.17930 0.09453
0.40548 -0.01980 -0.01151
0.23168 -0.08213 0.15307
-0.27952 -0.14578 -0.08710
-0.04635 -0.06483 0.15866
0.04222 -0.00969 -0.15596
0.02265 -0.00905 -0.15535
-0.19879 -0.08720 -0.11434
0.09082 0.09984 0.10769
-0.20864 -0.11681 0.08316
-0.27689 -0.14703 -0.00138
-0.14807 -0.13620 -0.10490
-0.23402 -0.20193 0.15751
-0.19311 -0.20232 0.11228
0.21098 -0.08293 0.11169
-0.03685 -0.08594 -0.02696
-0.03406 -0.03138 -0.05408
-0.03270 -0.00765 -0.04145
-0.03677 -0.07302 -0.12792
-0.03591 -0.06260 -0.07905
-0.03610 -0.06201 -0.11561
-0.03641 -0.07631 -0.03931
-0.03393 -0.03018 -0.04282
-0.03409 -0.03118 -0.06023
-0.03561 -0.05942 -0.05874
-0.03638 -0.06513 -0.13406
-0.03385 -0.02464 -0.07946
-0.03353 -0.02572 -0.01710
-0.03472 -0.04447 -0.04603
-0.03540 -0.05232 -0.08751
-0.03631 -0.07307 -0.05217
-0.03564 -0.05730 -0.08183
-0.03164 0.01022 -0.02722
-0.03620 -0.07491 -0.01848
-0.03618 -0.06994 -0.05903
-0.03520 -0.05328 -0.04674
-0.03547 -0.05988 -0.03195
-0.03544 -0.05816 -0.04159
-0.03461 -0.04618 -0.01224
-0.03651 -0.07967 -0.02550
-0.03638 -0.07198 -0.07245
-0.22801 -0.15546 0.10091
-0.33888 -0.11612 -0.05883
0.12283 0.09799 -0.03040
-0.26441 -0.16884 0.07958
-0.21124 -0.09059 0.04673
-0.27922 -0.12854 -0.05335
-0.40389 0.02864 -0.06561
-0.40389 0.01971 -0.08794
-0.40389 -0.04207 0.12353
-0.40389 0.03727 -0.04258
-0.40389 -0.00951 0.03071
-0.40389 0.03667 -0.05798
-0.40389 0.05142 -0.10276
-0.40389 -0.04844 0.06022
-0.40389 -0.00202 0.02780
-0.40389 0.01633 0.00088
-0.40389 -0.02553 -0.13642
-0.40389 -0.00203 -0.14191
-0.40389 0.09662 -0.14031
-0.40389 0.01178 -0.01791
-0.40389 -0.04484 0.10951
-0.40389 0.05787 -0.13632
-0.40389 -0.02514 0.08269
-0.40389 -0.01221 -0.02805
-0.40389 0.06866 -0.11290
-0.40389 0.02890 -0.08088
-0.40389 0.04648 -0.04477
-0.40389 0.01350 -0.10773
-0.40389 -0.04894 -0.11933
-0.40389 -0.02514 0.00897
-0.40389 0.05030 -0.12043
-0.40389 -0.02030 -0.10317
-0.40389 -0.00922 -0.04338
-0.40389 0.04528 -0.08927
-0.40389 -0.04890 -0.05113
-0.40389 0.06665 -0.14501
-0.40389 0.00740 -0.09124
-0.40389 0.05483 -0.14347
-0.40389 -0.05218 -0.02653
-0.40389 -0.04000 0.07037
-0.40389 0.02480 -0.00497
-0.40389 -0.02683 -0.14874
-0.40389 -0.03941 -0.10312
-0.40389 0.00101 -0.04903
-0.40389 -0.04817 0.09494
-0.40389 -0.03958 -0.02834
-0.40389 -0.02183 -0.04330
-0.40389 -0.00726 -0.05298
-0.40389 -0.04467 -0.09242
-0.40389 0.00201 0.03611
-0.40389 0.02862 -0.14553
-0.40389 0.03732 -0.06431
-0.40389 0.01347 -0.03575
-0.40389 -0.03136 -0.04455
-0.40389 0.03555 -0.13941
-0.40389 0.08849 -0.14584
-0.40389 0.05881 -0.06989
-0.40389 0.08591 -0.11699
-0.40389 -0.00221 -0.00047
-0.40389 0.06288 -0.11613
-0.40389 0.01353 -0.12801
-0.40389 0.01180 -0.02492
-0.40389 -0.04473 -0.05448
-0.40389 -0.01123 -0.09605
-0.33203 -0.12587 -0.06543
0.23982 -0.15419 0.15403
-0.20174 -0.17752 -0.15983
-0.25499 -0.13442 0.00244
0.26932 0.00928 -0.07902
0.26350 0.00888 -0.08692
0.24575 0.01048 -0.08166
-0.17641 -0.08674 -0.08975
0.35574 -0.11999 0.08512
0.38035 -0.11945 0.01505
0.38678 -0.11932 0.00293
0.38166 -0.11942 0.00811
-0.18121 -0.16130 -0.10817
0.26290 -0.07596 -0.10527
0.30243 -0.01768 -0.15676
-0.20372 -0.13031 -0.10565
-0.20318 -0.13073 -0.12614
0.19422 -0.08028 0.15934
-0.27177 -0.10405 -0.01351
-0.14559 -0.15615 0.10917
0.40997 -0.08919 0.09823
0.23884 -0.11772 -0.10773
0.27676 -0.02232 0.16058
0.23470 -0.01312 0.15706
0.21487 -0.00934 0.15569
0.34373 -0.09018 0.13102
-0.19794 -0.14082 0.03076
0.39301 0.00255 0.00085
-0.15413 -0.13257 0.16346
-0.14607 -0.17115 0.10056
-0.13067 -0.06051 0.08639
-0.16322 -0.06051 0.14159
-0.24954 -0.06051 0.04217
-0.33367 -0.06051 0.12502
-0.14397 -0.06051 -0.00029
-0.06581 -0.06051 0.10301
-0.17768 -0.06051 0.12491
-0.10837 -0.06051 0.01577
-0.09190 -0.06051 0.08860
-0.36057 -0.06051 0.15329
-0.07538 -0.06051 0.06483
-0.26164 -0.06051 0.07931
-0.30814 -0.06051 0.13694
-0.08416 -0.06051 -0.06170
-0.29780 -0.06051 0.08425
-0.07569 -0.06051 -0.07963
-0.28217 -0.06051 0.13914
-0.32320 -0.06051 0.09419
-0.31227 -0.06051 0.11776
-0.26900 -0.06051 0.13679
-0.26562 -0.06051 0.11025
-0.25485 -0.06051 0.03995
-0.12563 -0.06051 0.03163
-0.08081 -0.06051 -0.12131
-0.07004 -0.06051 0.12022
-0.11385 -0.06051 0.04978
-0.11841 -0.06051 -0.02235
-0.19611 -0.06051 0.12039
-0.14666 -0.06051 0.10557
-0.09526 -0.06051 0.01750
-0.07085 -0.06051 0.00032
-0.16931 -0.06051 0.08028
-0.07214 -0.06051 0.07362
-0.19140 -0.06051 0.09062
-0.27657 -0.06051 0.08452
-0.19035 -0.06051 0.05592
-0.15341 -0.06051 0.06085
-0.24358 -0.06051 0.12700
-0.20698 -0.06051 0.13864
-0.12075 -0.06051 -0.06238
-0.24096 -0.06051 0.02538
-0.27260 -0.06051 0.09576
-0.07403 -0.06051 0.09973
-0.29416 -0.06051 0.08067
-0.35477 -0.06051 0.15043
-0.13086 -0.06051 0.14167
-0.10251 -0.06051 0.08787
-0.26587 -0.06051 0.09004
-0.08233 -0.06051 -0.11316
-0.15926 -0.06051 0.15346
-0.16525 -0.06051 0.00418
-0.14662 -0.06051 0.01317
-0.16064 -0.06051 0.00212
-0.29498 -0.06051 0.06266
-0.14345 -0.06051 -0.05137
-0.17504 -0.06051 -0.04799
-0.12996 -0.06051 0.07448
-0.28195 -0.06051 0.10717
-0.16493 -0.06051 0.01370
-0.11059 -0.06051 -0.08654
-0.06299 -0.06051 0.12235
-0.11613 -0.06051 -0.09478
-0.32112 -0.06051 0.10223
-0.18079 -0.06051 0.11306
-0.28709 -0.06051 0.12167
-0.32191 -0.06051 0.11428
-0.37033 -0.06051 0.13675
-0.10992 -0.06051 -0.02976
-0.13339 -0.06051 -0.06033
-0.20333 -0.06051 0.08924
-0.17860 -0.06051 -0.04067
-0.07447 -0.06051 -0.03189
-0.18949 -0.06051 0.01439
-0.06760 -0.06051 0.01005
-0.14033 -0.06051 -0.01388
-0.25597 -0.06051 0.05648
-0.21844 -0.06051 0.13936
-0.19692 -0.06051 0.01973
-0.25716 -0.06051 0.14539
-0.12661 -0.06051 -0.07863
-0.24832 -0.06051 0.03473
-0.14433 -0.06051 0.07596
-0.25547 -0.06051 0.13143
-0.19928 -0.06051 0.04080
-0.23884 -0.06051 0.00965
-0.19526 -0.06051 0.13501
-0.15613 -0.06051 0.13566
-0.06697 -0.06051 -0.13390
-0.11235 -0.06051 0.14053
-0.07823 -0.06051 -0.08932
-0.23293 -0.06051 0.10303
-0.17603 -0.06051 0.03440
-0.26096 -0.06051 0.06084
-0.34741 -0.06051 0.14510
-0.24237 -0.06051 0.04531
-0.06374 -0.06051 -0.09881
-0.12963 -0.06051 0.09616
-0.16893 -0.06051 -0.02057
-0.30561 -0.06051 0.07310
-0.31764 -0.06051 0.14645
-0.08183 -0.06051 -0.05184
-0.12369 -0.06051 0.04475
-0.12688 -0.06051 0.13759
-0.16097 -0.06051 0.01926
-0.06623 -0.06051 -0.12105
-0.12493 -0.06051 -0.01039
-0.09613 -0.06051 0.13557
-0.22338 -0.06051 0.14700
-0.06875 -0.06051 0.13076
-0.18178 -0.06051 0.06796
-0.14713 -0.06051 0.14113
-0.08256 -0.06051 0.09020
-0.21687 -0.06051 0.00977
-0.16434 -0.06051 0.13306
-0.18367 -0.06051 -0.01267
-0.07129 -0.06051 -0.00763
-0.17388 -0.06051 0.13413
-0.27153 -0.06051 0.05137
-0.16711 -0.06051 -0.02663
-0.20339 -0.06051 0.14935
-0.18318 -0.06051 0.14315
-0.26296 -0.06051 0.03726
-0.17155 -0.12815 0.06971
-0.14399 -0.12746 -0.13501
0.23065 -0.14664 0.15215
0.38830 -0.11928 0.04345
0.05048 0.07003 0.12455
0.00677 0.06272 0.12801
0.08426 0.07931 0.12038
0.25002 -0.02591 0.16111
0.20773 -0.03167 0.16188
0.23631 -0.03722 0.16244
0.25282 -0.03079 0.16166
0.25394 -0.03835 0.16253
-0.19609 -0.07897 0.09021
-0.16610 -0.06203 0.04277
0.30903 -0.17872 -0.10862
-0.28866 -0.14661 0.05965
0.39494 -0.03178 -0.13228
0.32484 -0.13018 -0.10851
0.24302 -0.05527 -0.16253
-0.26000 -0.15101 -0.06487
-0.22059 -0.13319 -0.08826
0.17412 0.04480 -0.00796
0.18073 0.03607 -0.03090
0.34465 -0.12257 0.10680
0.09526 0.02783 0.13826
0.10077 0.02707 0.13846
0.05918 0.02822 0.13817
-0.25560 -0.17125 -0.11664
-0.15733 -0.09963 0.10927
-0.06931 0.01958 0.14563
-0.40202 0.05851 -0.15402
-0.40202 0.10037 -0.15096
-0.17978 -0.09362 0.11192
0.22021 -0.14823 -0.14871
-0.22880 -0.19656 0.16000
-0.37789 -0.13845 0.02550
0.28827 -0.18180 -0.15402
-0.17946 -0.17857 0.16218
0.06560 -0.03515 -0.16013
0.15813 -0.03516 -0.16234
0.29536 -0.11908 -0.13237
-0.38458 -0.08305 0.00184
-0.23336 -0.18856 -0.06527
0.14419 0.07732 -0.00846
0.14790 0.07272 -0.02338
-0.16663 -0.11503 0.06449
-0.25589 -0.18513 -0.06671
-0.39537 -0.07512 0.01670
0.41486 -0.09528 -0.02872
0.20449 0.01644 -0.03392
-0.20104 -0.07822 0.16269
-0.21366 -0.09618 0.16217
0.05416 0.08919 0.11857
-0.13873 -0.14044 -0.13670
0.26545 -0.19709 0.12684
0.40312 -0.11554 0.03684
0.40081 -0.11537 0.01163
-0.26891 -0.15396 -0.15589
0.29741 -0.12153 0.04871
0.34112 -0.12037 0.07291
0.27023 -0.12220 0.00019
0.33141 -0.12058 0.03949
0.30392 -0.12131 0.02192
0.27917 -0.12201 0.03461
0.35000 -0.12002 0.00256
0.33201 -0.12063 0.08051
0.29382 -0.12156 0.00288
0.22086 -0.12357 0.01249
0.33692 -0.12044 0.04682
0.29236 -0.12163 0.02590
0.30936 -0.12116 0.01855
0.26530 -0.12237 0.02280
0.33008 -0.12063 0.04598
0.34709 -0.12022 0.08289
0.31847 -0.12089 0.00365
0.28047 -0.12194 0.01351
0.23090 -0.12329 0.00708
0.24617 -0.12291 0.03141
-0.20843 -0.08384 0.06700
-0.20258 -0.11846 -0.08380
-0.30646 -0.06203 -0.04470
-0.15719 -0.19068 0.13624
0.27916 -0.12162 0.12858
0.28469 -0.18204 0.10528
-0.20391 -0.20579 0.13731
-0.29980 -0.13981 -0.02134
0.39601 -0.11502 -0.01280
0.39768 -0.11514 -0.02568
-0.36901 -0.09905 0.02247
0.15645 0.04996 -0.09915
0.14943 0.02535 -0.14085
0.33044 0.00628 -0.05965
0.31251 0.00764 -0.05642
0.30817 0.00772 -0.06092
-0.20068 -0.18503 0.06587
0.28789 -0.14992 -0.13240
0.28216 -0.10608 0.13387
0.05283 0.00351 -0.15140
0.07177 0.00190 -0.15197
0.38283 -0.00672 -0.12177
-0.01041 0.03998 0.14019
-0.02621 0.09586 -0.02652
-0.15413 -0.17948 -0.08649
0.22921 -0.17548 -0.12299
-0.23090 -0.13700 -0.14335
-0.30320 -0.12216 0.01364
0.24128 -0.14503 -0.10770
-0.27374 -0.12701 -0.09851
0.34494 -0.14369 -0.14414
0.05143 0.10636 0.08390
-0.19131 -0.09568 -0.06769
-0.26031 -0.15049 -0.16301
-0.35088 -0.14586 -0.03257
0.09244 -0.01078 -0.15726
0.12658 -0.00944 -0.15676
0.11297 -0.00583 -0.15509
0.32776 -0.08577 -0.13630
-0.39647 0.09162 -0.01065
-0.39647 0.09597 -0.04907
-0.39647 0.10368 -0.14820
-0.39647 0.01847 -0.03869
-0.39647 0.07668 0.02715
-0.39647 0.00396 -0.07839
-0.39647 -0.01974 -0.12763
-0.39647 0.03606 -0.14840
-0.39647 0.11010 -0.08658
-0.39647 0.09044 -0.13706
-0.39647 0.00568 -0.15082
-0.39647 0.09219 0.04359
-0.39647 0.10624 -0.05956
-0.39647 0.08813 -0.12656
-0.39647 0.05770 0.00516
-0.39647 0.08103 0.00839
-0.39647 0.02056 -0.07633
-0.39647 0.07693 0.09030
-0.39647 0.07605 -0.00807
-0.39647 0.04465 -0.12456
-0.39647 0.04077 -0.03763
-0.39647 0.04025 -0.04451
-0.39647 0.07872 -0.10272
-0.39647 0.01654 -0.14250
-0.39647 -0.01879 -0.09110
-0.39647 0.09307 0.06568
-0.39647 0.03091 -0.11240
-0.39647 0.06143 0.03309
-0.39647 0.08525 0.00106
-0.39647 0.09980 0.06853
-0.39647 0.05581 0.02965
-0.39647 0.00997 -0.06822
-0.39647 0.08008 -0.07652
-0.39647 0.02999 -0.13492
-0.39647 0.01161 -0.09087
-0.39647 -0.01601 -0.08363
-0.39647 -0.01419 -0.11106
-0.39647 0.09964 0.01042
-0.39647 0.04796 -0.06009
-0.39647 0.06866 -0.13586
-0.39647 0.10924 0.10030
-0.39647 0.11033 0.00156
-0.39647 0.10246 0.04697
-0.39647 0.06834 -0.05303
-0.39647 0.08125 0.05679
-0.39647 0.05963 0.01638
-0.39647 0.04789 -0.11200
-0.39647 0.06475 -0.06525
-0.39647 0.10304 0.05260
-0.39647 0.07216 0.03518
-0.39647 0.06523 0.05770
-0.39647 0.04486 -0.13235
-0.39647 0.10678 -0.10680
-0.39647 0.03847 0.00955
-0.39647 0.04004 -0.00300
-0.39647 0.09261 -0.07879
-0.39647 0.06887 -0.07611
-0.39647 0.09843 -0.11489
-0.23275 -0.14907 0.15211
0.21430 -0.10865 0.12772
-0.19894 -0.20580 -0.16435
0.12077 0.10037 -0.01507
-0.18284 -0.09197 0.16379
-0.03275 -0.00409 -0.06805
-0.03218 0.00282 -0.04707
-0.03236 0.00341 -0.06529
-0.03251 0.00140 -0.07034
-0.03177 0.01178 -0.04756
-0.03093 0.02801 -0.04080
-0.16516 -0.19859 0.07917
0.24209 0.01235 0.05448
0.25587 0.01236 0.03190
0.27082 0.01162 0.02556
0.26106 0.01068 0.06395
0.22743 0.01360 0.04827
0.27370 0.01024 0.05401
0.27403 0.01056 0.04573
0.37204 -0.03093 0.15760
0.34033 -0.03568 0.15948
0.26394 -0.17515 -0.10604
0.01509 0.00544 0.15063
-0.10029 -0.11208 -0.05535
-0.10029 -0.11207 -0.03395
0.39250 -0.01020 -0.11492
-0.18078 -0.06203 -0.04764
-0.40202 0.10768 0.11513
-0.40202 0.10984 0.00041
-0.40202 0.11084 -0.07981
-0.19838 -0.13212 0.13754
-0.24237 -0.08801 -0.15285
0.31669 -0.05850 0.12728
0.05434 0.12250 -0.04387
-0.24598 -0.18248 -0.16269
-0.18879 -0.15560 -0.14334
-0.14200 -0.11618 0.09338
-0.03032 0.05639 -0.09783
0.31859 -0.04372 -0.16150
0.30499 -0.03534 -0.16107
0.39636 -0.01555 -0.12455
-0.38609 -0.13513 -0.00519
0.31715 -0.08856 -0.15200
-0.20454 -0.16205 -0.08592
0.05292 -0.04144 0.16001
0.04065 -0.04166 0.15992
0.00128 -0.04503 0.15986
0.06696 -0.05225 0.16117
0.02203 -0.04129 0.15971
0.02700 -0.11222 0.14330
-0.00416 -0.11409 0.13969
0.01203 -0.11079 0.14406
-0.01991 -0.11138 0.14178
-0.14318 -0.13225 0.12192
0.08315 0.08533 0.11939
0.20187 -0.10237 0.11893
-0.33252 -0.12152 0.00944
-0.36420 -0.06203 0.07986
-0.38791 -0.06203 0.05578
-0.27679 -0.06203 0.07658
-0.37639 -0.06203 0.05737
-0.33483 -0.06203 0.09287
-0.32043 -0.06203 0.07881
-0.38897 -0.06203 0.06858
-0.34838 -0.06203 0.08415
-0.34670 -0.06203 0.12224
-0.39522 -0.06203 0.05843
-0.33565 -0.06203 0.10020
-0.28773 -0.06203 0.04462
-0.39891 -0.06203 0.06877
-0.38495 -0.06203 0.13214
-0.32738 -0.06203 0.04439
-0.36523 -0.06203 0.09452
-0.39478 -0.06203 0.06454
-0.39638 -0.06203 0.03941
-0.29315 -0.06203 0.07581
-0.38619 -0.06203 0.14252
-0.30673 -0.06203 0.08744
-0.37904 -0.06203 0.09204
-0.34403 -0.06203 0.05954
-0.33999 -0.06203 0.10529
-0.37587 -0.06203 0.13992
-0.19586 -0.19381 0.06615
0.41051 -0.08759 -0.08697
-0.10149 0.11092 -0.15764
-0.20526 -0.08053 -0.05372
0.09085 0.10490 -0.06622
-0.15280 -0.10151 -0.13110
-0.22396 -0.08041 -0.15778
-0.03604 -0.05876 0.13228
-0.03111 0.02117 0.02825
-0.03047 0.02938 0.00585
-0.03066 0.02909 0.02186
-0.03258 -0.00344 0.05565
-0.03278 -0.00376 0.07263
-0.15612 -0.14514 0.11236
0.31547 -0.11421 0.14964
0.37973 -0.07696 0.15891
-0.19880 -0.15973 0.09049
-0.22660 -0.12946 0.14283
-0.25710 -0.09704 0.13271
-0.17670 -0.08180 0.11664
-0.23500 -0.20307 0.10485
0.29781 -0.07533 -0.15187
0.19929 0.01828 -0.02044
0.40835 -0.08383 0.01378
-0.39288 -0.09578 0.01683
0.24854 -0.08858 -0.10795
-0.23342 -0.14078 -0.13269
-0.23664 -0.08095 -0.15672
-0.01985 0.02994 0.14102
-0.19523 -0.11730 -0.07657
-0.06910 0.04118 0.14700
-0.17244 -0.16785 -0.16351
-0.18978 -0.20073 0.16298
0.02684 0.10943 -0.04530
0.02014 0.10982 -0.03903
0.06289 0.10872 -0.02956
0.06268 0.10916 -0.01426
-0.33886 -0.13264 -0.06020
-0.20385 -0.14785 0.14048
0.23614 -0.07696 0.10803
0.14856 -0.00109 0.15314
0.11587 0.00321 0.15165
-0.20684 -0.11492 -0.04523
-0.26137 -0.11006 0.15012
-0.22262 -0.19642 -0.16257
0.27771 -0.14034 0.10997
0.27916 -0.14053 -0.04076
0.36221 0.00065 -0.09654
-0.33659 -0.14516 -0.03606
0.03299 -0.00601 -0.15489
0.21599 -0.07376 0.14177
-0.17356 -0.20415 0.09585
0.34258 -0.12637 0.14636
0.24587 -0.08611 -0.15208
0.38632 -0.10869 -0.15109
-0.20560 -0.09058 -0.06762
-0.32914 -0.12164 -0.00546
0.37468 -0.11759 -0.14884
-0.03696 -0.08822 0.02449
-0.03607 -0.06582 0.07688
-0.03622 -0.06648 0.09573
-0.03419 -0.03342 0.05793
-0.03420 -0.03075 0.08211
-0.03642 -0.07547 0.04927
-0.03456 -0.04596 0.00682
-0.03714 -0.08641 0.06980
-0.03277 -0.00839 0.04665
-0.03388 -0.02665 0.06719
-0.03322 -0.01461 0.06560
-0.03704 -0.08150 0.09664
-0.03356 -0.02453 0.03285
-0.03602 -0.06937 0.03788
-0.03699 -0.07756 0.12344
-0.03215 -0.00012 0.01961
-0.03676 -0.07803 0.08172
-0.03540 -0.06055 0.01438
-0.03592 -0.06178 0.08901
-0.03597 -0.06963 0.02702
-0.03655 -0.07983 0.03185
-0.03280 -0.01406 0.00245
-0.03653 -0.06898 0.12439
-0.03272 -0.01154 0.01139
0.39570 -0.10445 -0.14846
-0.18723 -0.13520 0.09059
-0.20174 -0.15052 0.08013
-0.20060 -0.14903 -0.05805
-0.20852 -0.07764 -0.12643
0.31647 -0.16631 0.10721
-0.29187 -0.10592 -0.02512
-0.26248 -0.18565 -0.08332
0.30988 -0.18389 0.10944
-0.33156 -0.14718 0.04928
-0.08780 -0.12129 0.15866
-0.23414 -0.20316 -0.15340
-0.16465 -0.11137 -0.16597
-0.16457 -0.18922 -0.13200
0.23508 -0.05898 0.10655
0.40125 -0.06875 0.10258
0.40143 -0.06400 -0.10125
0.38830 -0.09992 0.15193
0.12667 0.01263 -0.14685
0.39588 -0.04459 -0.05517
0.30434 -0.18074 -0.10854
-0.17403 -0.13778 -0.15772
-0.40202 0.10581 0.08094
-0.40202 0.10514 0.10144
0.26886 -0.17617 -0.10567
0.29229 -0.06611 0.10655
0.13119 0.09534 0.01035
0.27913 -0.14732 0.13317
-0.15026 -0.17465 -0.16424
0.39741 -0.03012 -0.01938
-0.23220 -0.08401 -0.12120
-0.19648 -0.20587 -0.08850
0.33273 -0.14632 -0.15362
-0.16287 -0.19333 -0.13504
-0.02584 0.09870 0.00401
0.39623 -0.03275 -0.05078
-0.18055 -0.13871 -0.13329
-0.38056 -0.09793 -0.00871
-0.02115 0.05617 0.12980
-0.18271 -0.14275 -0.14185
0.31711 -0.08509 0.15168
-0.21034 -0.15433 -0.11647
-0.18866 -0.18242 0.11599
0.21584 -0.12452 -0.11868
0.17556 -0.11428 -0.14602
0.22820 -0.15699 -0.15419
-0.23299 -0.14360 0.10135
-0.03789 0.11084 -0.06774
-0.04369 0.10300 0.13558
-0.04099 0.10665 0.06437
-0.04270 0.10435 0.07058
-0.03629 0.11300 -0.11940
-0.04067 0.10708 -0.04538
-0.22846 -0.09798 -0.16295
0.19339 -0.12102 -0.12917
-0.15906 -0.11108 0.11304
0.39628 -0.05385 -0.04153
-0.19238 -0.07725 -0.09135
-0.25756 -0.11374 0.02146
-0.00931 0.08259 -0.12174
0.26724 -0.19207 -0.14236
0.01112 0.07442 0.12347
-0.19811 -0.07530 -0.12977
-0.14549 -0.17244 0.15240
-0.17631 -0.15702 -0.15863
-0.01552 -0.06230 -0.15996
-0.23526 -0.13628 -0.12735
0.28936 -0.17041 0.15257
-0.18974 -0.16491 0.08246
0.29739 -0.12209 0.13251
0.08866 -0.05290 -0.16144
0.06172 -0.04815 -0.16073
0.03675 -0.05108 -0.16078
-0.00097 -0.03635 -0.15902
0.02021 -0.05014 -0.16053
0.07600 0.09597 0.11368
0.34657 -0.14175 -0.13461
0.16533 0.05442 0.01249
0.16865 0.05029 0.02286
-0.24416 -0.15696 0.11830
0.39501 -0.04778 0.07580
0.28754 -0.15580 0.14315
-0.25052 -0.11823 0.00843
0.41343 -0.08740 -0.02153
-0.28426 -0.14838 -0.02365
0.17103 0.04787 -0.01757
0.16464 0.05561 -0.00271
0.28644 -0.19026 -0.10638
-0.22136 -0.15457 0.09059
0.21237 -0.11592 0.13451
-0.11144 -0.11620 -0.09543
-0.10789 -0.11620 -0.04402
-0.12309 -0.11620 -0.14898
-0.10082 -0.11620 -0.11685
-0.10531 -0.11620 -0.09315
-0.11227 -0.11620 -0.00372
-0.12109 -0.11620 -0.13892
-0.11054 -0.11620 -0.11865
-0.10498 -0.11620 0.02973
-0.40202 -0.08207 -0.02476
-0.40202 -0.09468 0.01370
-0.40202 -0.07893 -0.01632
-0.26785 -0.15281 0.16252
-0.27610 -0.12260 0.05642
0.25301 -0.06981 0.13647
-0.18615 -0.14528 -0.09245
0.06453 0.09642 -0.10026
0.04513 0.09642 -0.08199
0.00299 0.00889 -0.14944
0.27734 -0.11656 0.03173
0.27642 -0.11668 0.05113
0.17449 0.03399 -0.08923
-0.21524 -0.21033 -0.13850
-0.21635 -0.11231 -0.12630
0.30370 -0.13101 -0.13093
-0.38478 -0.08229 0.02995
0.40518 -0.06227 -0.01227
-0.09827 -0.11620 0.08857
-0.07390 -0.11620 0.10955
-0.09190 -0.11620 0.11505
-0.07976 -0.11620 0.07096
-0.10016 -0.11620 0.00878
-0.08274 -0.11620 0.13957
-0.09862 -0.11620 -0.08169
-0.09765 -0.11620 -0.02654
-0.08952 -0.11620 0.07805
-0.09523 -0.11620 -0.01144
-0.08959 -0.11620 0.14724
-0.10027 -0.11620 -0.04596
-0.09711 -0.11620 -0.02016
-0.09455 -0.11620 0.10227
-0.18386 -0.08197 0.09332
0.28501 -0.14952 0.13240
-0.30143 -0.12078 -0.01355
-0.22945 -0.09092 -0.16293
-0.33399 -0.10286 0.03821
-0.07561 -0.06609 -0.15873
0.33544 -0.16632 -0.14040
-0.21113 -0.06590 -0.05744
-0.23583 -0.20420 -0.13538
-0.03183 -0.05625 -0.15774
-0.16558 -0.17343 -0.11444
0.28430 0.00581 0.10759
0.39475 -0.08128 0.13527
-0.26903 -0.13603 -0.11732
-0.40178 -0.09179 -0.03864
-0.20852 -0.09439 -0.16468
0.23270 -0.09228 -0.15370
-0.30230 -0.14520 0.06116
-0.18135 -0.17328 0.10765
-0.14327 -0.12612 0.12617
0.24752 -0.11306 -0.11191
0.08826 0.10482 0.07234
-0.05584 -0.11620 0.12655
-0.05906 -0.11620 0.07321
-0.05968 -0.11620 -0.05768
-0.06015 -0.11620 0.15188
-0.06578 -0.11620 -0.02735
-0.06438 -0.11620 -0.04272
-0.06234 -0.11620 0.10106
-0.06196 -0.11620 0.09166
0.23738 -0.01749 -0.15911
0.18589 -0.01542 -0.15912
0.25430 -0.02013 -0.16000
-0.26967 -0.13415 0.13671
0.30334 -0.16677 -0.15326
0.23376 -0.11774 -0.10615
0.33093 -0.00044 0.12831
-0.26253 -0.11318 0.03296
-0.01859 -0.07421 -0.15728
-0.21034 -0.16765 -0.09547
0.29873 -0.11350 -0.13689
-0.21295 -0.16682 -0.13452
-0.24875 -0.10540 0.16360
-0.22942 -0.14516 0.14155
-0.26155 -0.15614 -0.11182
-0.27026 -0.15288 0.10767
0.41025 -0.11018 -0.00490
-0.19032 -0.14260 -0.14422
0.00872 -0.00356 0.15299
0.26615 -0.08658 0.15260
0.10206 0.10542 0.01803
-0.26639 -0.15812 0.10168
-0.03814 -0.08887 -0.15873
-0.25630 -0.09361 -0.13641
0.00532 0.08113 -0.12315
-0.25705 -0.12999 -0.16617
0.27559 -0.13983 -0.00176
0.32995 -0.01366 -0.15318
0.31197 -0.01097 -0.15281
0.24342 0.00502 0.13417
0.27408 0.00380 0.12206
-0.27418 -0.13312 -0.14883
-0.30837 -0.11029 0.06950
-0.21374 -0.07729 0.10958
0.28316 0.00552 -0.10829
-0.25263 -0.13911 -0.00990
-0.14807 -0.10911 -0.15475
-0.36133 -0.09745 -0.01472
-0.15016 -0.18206 0.09915
0.15136 -0.03272 -0.16208
0.11955 -0.02150 -0.16002
0.06571 -0.02644 -0.15951
-0.31657 -0.13691 -0.02513
0.04239 0.11969 -0.09167
-0.20972 -0.20484 0.12857
0.16662 0.05190 -0.03743
0.15673 0.06345 -0.02180
-0.38013 -0.13216 -0.01711
0.04743 0.10717 0.07442
0.05505 0.10694 0.07498
0.03078 0.10783 0.07039
0.01007 -0.05305 -0.16051
0.08108 -0.05878 -0.16131
0.00158 -0.06463 -0.16018
-0.17234 -0.09354 0.11474
-0.24494 -0.10163 0.16237
-0.16415 -0.12582 -0.11804
-0.19529 -0.20929 -0.13533
0.00868 0.03444 0.13654
0.08556 0.03769 0.13567
0.23170 0.00547 0.13672
0.28004 0.00159 0.14423
0.17099 0.02652 0.11603
-0.20951 -0.11595 -0.09239
0.20908 0.01617 0.02394
-0.16993 -0.17113 0.11125
0.26149 -0.04415 -0.16317
0.28093 -0.03551 -0.16207
-0.02506 0.10281 -0.09610
0.40378 -0.07012 -0.03607
0.17108 -0.06865 -0.16138
0.16287 -0.06472 -0.16156
-0.24276 -0.16377 -0.11863
-0.40202 -0.05052 0.15638
-0.40202 -0.00133 0.15606
0.31517 -0.05657 -0.16207
-0.01602 0.11033 0.04079
0.34021 -0.09585 -0.12916
0.15753 0.05541 -0.07742
0.15998 0.05205 -0.08101
-0.21745 -0.07287 0.14385
-0.18811 -0.12811 -0.09649
0.20425 0.00830 -0.12248
0.21913 0.00714 -0.12421
0.38177 -0.09433 0.15510
0.23252 -0.05090 -0.16346
0.23484 -0.07877 -0.14543
-0.22411 -0.14347 -0.07533
0.03867 -0.05355 0.16087
0.02086 -0.05293 0.16065
0.03176 -0.05589 0.16073
0.05512 -0.05309 0.16109
0.25203 -0.09956 -0.10157
0.22897 -0.10099 -0.10157
0.32509 -0.08832 -0.15092
0.32570 -0.06272 0.15168
0.11429 0.09278 0.09955
-0.16116 -0.16764 -0.11892
0.32632 -0.17211 -0.14029
-0.25358 -0.13931 0.11707
0.34195 0.00236 0.10148
0.35357 0.00284 0.08230
-0.26873 -0.16673 -0.16416
-0.04167 -0.06203 0.10926
0.30285 -0.17233 0.15328
-0.35034 -0.13372 -0.05821
0.11933 0.04748 0.13108
0.30904 -0.06766 0.14325
0.39462 -0.05709 0.08085
-0.14821 -0.10883 0.13943
0.35989 0.00626 0.00460
-0.03087 0.04555 0.06390
-0.02879 0.06755 0.02647
-0.02879 0.06279 0.01341
-0.02855 0.06267 0.00179
-0.02966 0.05079 0.02149
-0.25717 -0.18155 -0.13960
-0.22477 -0.20291 -0.14651
-0.02829 0.07392 -0.05333
-0.02871 0.07042 -0.07012
0.22538 0.00853 -0.11047
-0.20418 -0.10227 -0.12132
-0.21496 -0.15992 0.14283
-0.06708 -0.11567 0.11037
-0.06708 -0.11520 -0.05151
0.22876 0.00429 -0.14550
0.19742 0.00715 -0.13894
-0.24055 -0.10608 -0.16394
-0.21992 -0.06203 -0.04641
-0.27305 -0.15016 0.08139
0.10538 0.02404 -0.13907
0.06449 0.01847 0.14077
0.26295 -0.06485 0.12783
-0.15655 -0.15862 0.16415
0.41270 -0.10366 0.00926
0.06844 0.12250 -0.07016
0.04915 0.12250 -0.08848
0.29180 -0.10245 -0.14411
0.32910 -0.14980 -0.15492
0.40564 -0.02463 -0.00984
-0.26446 -0.10902 -0.06952
-0.26121 -0.11062 0.03729
-0.36968 -0.09588 -0.00244
0.07888 -0.00082 -0.15294
-0.19305 -0.13273 0.08958
0.22986 -0.09525 0.15117
0.39997 -0.08168 0.06975
-0.23119 -0.20492 0.13605
-0.15075 -0.17163 -0.07516
-0.25515 -0.15202 0.16113
0.34704 -0.08151 -0.15957
0.01211 0.01594 0.14702
0.40349 -0.07839 0.01880
0.40354 -0.03753 -0.00629
-0.28353 -0.07684 0.12780
-0.28353 -0.09206 0.11820
-0.28353 -0.09475 0.09900
-0.28353 -0.08134 0.14119
-0.28353 -0.12290 0.11956
-0.28353 -0.08053 0.07198
-0.28353 -0.06679 0.09752
-0.28353 -0.12493 0.15213
-0.28353 -0.07699 0.11628
-0.28353 -0.15065 0.15107
-0.28353 -0.13994 0.15330
-0.28353 -0.16374 0.16119
-0.28353 -0.08923 0.07986
-0.28353 -0.14009 0.14661
-0.28353 -0.06479 0.06971
-0.28353 -0.11095 0.10949
-0.34774 -0.14401 0.03791
-0.06287 0.07941 0.15385
-0.07265 0.07901 0.15385
-0.06932 0.04418 0.15385
-0.06761 0.02848 0.15385
-0.17297 -0.12964 0.15659
0.30490 -0.14322 0.14418
0.22748 -0.14900 -0.10555
0.41086 -0.10175 0.07072
0.40566 -0.10036 0.12785
0.15844 0.04219 0.11288
-0.02156 -0.09223 0.15130
0.13688 -0.06860 -0.16098
0.12395 -0.06437 -0.16130
0.15808 -0.05961 -0.16200
0.06733 -0.06654 -0.16069
0.32252 -0.15014 -0.15201
-0.02035 -0.01654 0.15504
-0.03017 -0.02105 -0.15470
-0.22805 -0.19758 -0.11693
-0.20556 -0.20147 0.06685
-0.40202 -0.05961 -0.03184
0.12982 0.01055 0.14819
0.28525 -0.09648 0.14639
-0.04130 -0.07332 0.15866
-0.23930 -0.08717 -0.06894
-0.26688 -0.11384 -0.11288
0.04460 0.02085 -0.14016
0.07701 0.01681 -0.14121
0.02691 0.11913 -0.05061
0.02691 0.12449 -0.08138
0.02691 0.12106 0.01994
0.02691 0.12276 -0.03898
0.02691 0.11812 -0.07353
-0.34935 -0.09988 0.04221
-0.27030 -0.15885 0.07953
-0.16915 -0.08930 0.12341
0.38999 -0.02563 0.15157
-0.20420 -0.11330 -0.15409
-0.26067 -0.16802 0.06758
0.40873 -0.11125 -0.06000
0.41146 -0.10490 -0.05407
-0.24222 -0.11540 -0.11834
-0.17959 -0.09483 -0.11893
0.33230 -0.02503 -0.15875
-0.20545 -0.16747 -0.15385
-0.26402 -0.17370 0.07147
0.39047 -0.04690 0.15557
-0.26032 -0.18297 -0.08741
-0.14499 -0.15923 -0.14289
-0.02251 0.01721 0.14436
-0.24540 -0.18143 0.16200
-0.23680 -0.17696 0.16317
-0.34870 -0.13478 0.06368
0.33981 0.00049 -0.10694
-0.22198 -0.19123 0.16109
-0.27569 -0.15209 -0.08937
-0.25645 -0.09327 -0.06976
-0.17258 -0.08926 0.11834
0.22686 -0.09189 0.13913
0.10936 -0.01303 0.15828
0.21231 -0.08010 -0.14244
-0.22363 -0.20744 0.14261
-0.26776 -0.12306 0.13772
0.38760 -0.00195 -0.09394
-0.14805 -0.13705 0.16059
0.12401 0.08402 0.09682
-0.35511 -0.14411 -0.02156
0.31142 -0.08199 -0.10552
0.11308 0.10302 -0.00779
0.11877 0.09581 0.07532
0.41000 -0.11000 -0.04781
-0.19465 -0.10260 -0.06727
0.30345 -0.05664 0.11427
-0.04268 -0.10641 -0.03874
-0.04268 -0.10657 0.00879
-0.04268 -0.08922 0.10414
-0.04268 -0.11073 0.02477
-0.04268 -0.10961 -0.07900
-0.04268 -0.11319 0.13095
-0.04268 -0.10906 0.09821
-0.04268 -0.10679 0.13871
-0.04268 -0.10324 0.06526
-0.04268 -0.10087 0.02039
-0.04268 -0.09207 0.09264
-0.04268 -0.11527 -0.14069
-0.04268 -0.10121 0.02807
-0.04268 -0.10081 0.14542
-0.04268 -0.10013 0.13004
-0.04268 -0.10607 0.11029
-0.04268 -0.10221 0.08516
-0.04268 -0.08223 0.09370
-0.04268 -0.11612 -0.14672
0.39868 -0.01077 -0.04876
0.08600 0.10326 -0.09174
-0.22281 -0.15803 0.14492
-0.18095 -0.16875 0.15792
-0.14527 -0.16429 0.13800
0.03496 0.10691 -0.08311
0.02121 0.10610 -0.09225
-0.07876 -0.06203 0.05819
-0.05018 -0.06203 0.11412
-0.06162 -0.06203 0.03808
-0.09927 -0.06203 0.07113
-0.04520 -0.06203 0.12967
-0.04977 -0.06203 0.07358
-0.05242 -0.06203 0.12599
-0.06584 -0.06203 0.06480
-0.04940 -0.06203 0.03731
-0.07017 -0.06203 0.09533
-0.10838 -0.06203 0.04259
-0.06682 -0.06203 0.03929
0.39441 -0.11671 0.07131
0.10821 0.01803 -0.16239
-0.20389 -0.07702 -0.08798
0.40719 -0.09670 0.11333
-0.22482 -0.20707 -0.10996
-0.19503 -0.07580 0.09598
-0.22709 -0.11589 -0.07530
-0.20255 -0.07766 -0.07997
-0.07433 -0.06203 -0.13582
-0.04426 -0.06203 -0.05565
-0.06157 -0.06203 -0.13443
-0.10385 -0.06203 -0.12076
-0.05259 -0.06203 -0.13636
-0.10074 -0.06203 -0.13957
-0.04633 -0.06203 -0.13388
-0.05482 -0.06203 -0.08666
-0.08458 -0.06203 -0.10874
-0.08212 -0.06203 -0.09766
-0.04873 -0.06203 -0.06397
-0.05710 -0.06203 -0.10336
-0.17491 -0.19987 0.13095
-0.03085 0.03834 0.13190
0.19722 0.01542 0.07328
0.28822 -0.11991 -0.05558
0.28880 -0.19557 0.11868
-0.32542 -0.10454 0.06917
0.01290 0.09818 -0.11341
-0.19900 -0.17612 0.12078
0.37155 0.00252 -0.05357
0.37123 0.00168 -0.07232
0.36817 0.00244 -0.06313
-0.14701 -0.14861 -0.08799
0.39374 -0.05592 0.13401
-0.25933 -0.11484 -0.11719
0.40205 -0.10534 0.14647
0.40326 -0.10059 0.15114
0.28057 -0.17254 -0.15248
-0.23772 -0.19570 -0.12316
0.06865 0.10219 -0.10455
0.19133 -0.11593 0.14542
-0.25062 -0.12378 0.11312
0.34691 -0.12299 -0.12104
0.40476 -0.02015 0.03106
-0.15329 -0.12765 0.06619
0.11070 0.03259 -0.13638
0.02956 0.09137 -0.11830
-0.20457 -0.12968 -0.13508
-0.20557 -0.12926 -0.12067
0.06481 0.00655 0.15067
-0.25097 -0.10421 0.00967
0.10525 0.10137 0.07939
0.38029 -0.09986 -0.15429
0.40228 -0.08519 0.13523
0.32203 -0.07971 0.12948
0.19388 -0.11950 -0.13414
0.41408 -0.09200 0.04114
-0.28617 -0.10535 -0.02207
-0.25332 -0.12577 -0.16506
-0.17288 -0.17853 -0.06583
-0.01769 -0.03098 -0.15791
-0.03577 -0.06679 -0.02690
-0.03577 -0.09103 -0.02092
-0.03577 -0.08720 -0.01612
-0.03577 -0.07660 -0.00142
-0.24664 -0.08729 -0.08640
-0.20743 -0.07501 0.05747
-0.30783 -0.10223 0.04998
0.20330 0.01532 -0.06149
0.18735 0.02614 -0.05726
0.18660 0.02211 -0.07935
-0.03577 -0.07495 0.07054
-0.03577 -0.06535 -0.00122
-0.03577 -0.07714 0.03674
-0.03577 -0.06534 0.08274
-0.03577 -0.08463 -0.00735
-0.03577 -0.06393 -0.01195
0.19057 0.01999 0.07517
0.30945 -0.06774 0.13038
0.33496 -0.16897 0.12726
-0.33047 -0.14056 -0.05977
-0.18933 -0.19903 -0.12012
-0.24219 -0.19255 0.12363
0.25636 0.01171 -0.04684
0.28675 0.00855 -0.07353
0.28884 0.00888 -0.06213
0.27320 0.00965 -0.06890
0.25079 0.01164 -0.05740
0.26660 0.01180 -0.02794
-0.02863 0.08341 0.00176
-0.22688 -0.06203 -0.15648
-0.29490 -0.06203 -0.13729
-0.40183 -0.06203 -0.08781
-0.35913 -0.06203 -0.11168
-0.17269 -0.06203 -0.15235
-0.18318 -0.06203 -0.15757
-0.30865 -0.06203 -0.14137
-0.34655 -0.06203 -0.14950
-0.27029 -0.06203 -0.11887
-0.28925 -0.06203 -0.11393
-0.24618 -0.06203 -0.10806
-0.23761 -0.06203 -0.14521
-0.32677 -0.06203 -0.12816
-0.28177 -0.06203 -0.09277
-0.16652 -0.06203 -0.15777
-0.28954 -0.06203 -0.10254
-0.31902 -0.06203 -0.08926
-0.18641 -0.06203 -0.13512
-0.33021 -0.06203 -0.08977
-0.35054 -0.06203 -0.13957
-0.27382 -0.06203 -0.14232
-0.37662 -0.06203 -0.05143
-0.25448 -0.06203 -0.12687
-0.38538 -0.06203 -0.12399
-0.35120 -0.06203 -0.06615
-0.29095 -0.06203 -0.08873
-0.36642 -0.06203 -0.10194
-0.35262 -0.06203 -0.12454
-0.38298 -0.06203 -0.13986
-0.37315 -0.06203 -0.09582
-0.34685 -0.06203 -0.12771
-0.22430 -0.06203 -0.15136
-0.32089 -0.06203 -0.13908
-0.37546 -0.06203 -0.11250
-0.21766 -0.06203 -0.14379
-0.31755 -0.06203 -0.11910
-0.35876 -0.06203 -0.09912
-0.18004 -0.06203 -0.15116
-0.36766 -0.06203 -0.09689
0.29254 -0.17767 -0.15489
0.24246 -0.15976 0.10582
-0.01736 0.03459 -0.14042
0.38364 0.00287 0.01387
0.25155 -0.06733 -0.14474
0.23254 -0.08724 0.14925
0.04855 0.12250 0.03018
0.05739 0.12250 0.02290
0.04609 0.12250 0.00681
-0.24116 -0.17430 0.11020
0.13858 0.07651 -0.07086
-0.20630 -0.19049 -0.06769
-0.22815 -0.15477 0.13323
-0.41072 -0.10061 -0.00870
-0.00593 0.07320 -0.12719
-0.38246 -0.11355 -0.00274
-0.19991 -0.20611 0.07303
-0.16945 -0.10754 0.11455
-0.20408 -0.15233 0.07280
-0.20231 -0.15097 -0.12303
0.01205 0.09212 0.11833
0.08871 -0.10793 0.14839
0.16398 -0.11312 0.14647
-0.02145 0.01007 -0.14794
0.09826 -0.02551 0.16007
0.09192 -0.02872 0.16034
-0.00291 -0.02890 0.15840
0.13937 -0.02866 0.16132
0.34882 -0.10535 -0.12594
0.10983 0.09622 0.10074
-0.20112 -0.07774 -0.15448
0.24583 -0.17677 0.10874
0.03641 -0.07370 0.15874
0.26465 -0.17648 0.10560
0.07812 0.10719 -0.04499
0.09802 0.10613 -0.01135
-0.21368 -0.09506 0.11275
0.38680 -0.08256 0.16095
0.10386 0.05189 -0.13053
-0.40202 -0.05787 0.10953
-0.40202 -0.05574 0.00923
-0.40202 -0.05865 0.12071
-0.40202 -0.05369 -0.01122
0.34651 -0.00155 0.12058
0.34341 -0.12073 0.11758
-0.22614 -0.07936 -0.14046
-0.36763 -0.06203 -0.03731
-0.20711 -0.17800 -0.07081
0.37470 -0.11956 -0.02398
0.35874 -0.11986 -0.03622
0.38084 -0.11942 -0.00081
-0.21553 -0.20979 0.07671
0.40221 -0.01732 -0.07507
-0.40202 0.10690 0.15727
-0.03154 0.06225 -0.09123
-0.25348 -0.10644 0.16029
0.12929 0.07779 -0.09952
-0.19992 -0.07363 -0.12429
0.24074 -0.13166 -0.11033
-0.18443 -0.12957 0.09374
0.37448 0.00046 0.08321
0.33578 -0.00070 -0.12595
0.33118 -0.00059 -0.13267
-0.12690 -0.09473 0.15866
-0.15163 -0.10618 0.16240
0.12031 0.09250 -0.08648
-0.03630 -0.06203 0.06503
-0.21105 -0.07652 0.11564
-0.15755 -0.12938 0.06422
0.18780 -0.00122 -0.15241
0.06886 0.10464 -0.01033
0.06886 0.10258 -0.02972
0.06886 0.11077 -0.03331
0.38909 -0.11918 -0.11070
-0.16387 -0.09929 0.11225
-0.15118 -0.11550 0.06542
-0.28514 -0.10106 -0.03357
-0.21350 -0.10444 0.15811
0.23262 -0.11467 0.15206
0.07493 0.10669 -0.06216
0.29708 -0.11719 -0.10157
0.27145 -0.10428 -0.12715
0.28254 -0.09970 -0.11593
-0.22325 -0.19833 0.11174
0.27420 -0.06010 0.13500
-0.15888 -0.09129 -0.14069
-0.15977 -0.15959 -0.06484
-0.16275 -0.09155 0.16234
-0.26936 -0.15194 0.07659
0.37584 -0.00473 -0.12301
0.36282 -0.00386 -0.13302
-0.39685 -0.09479 0.00997
-0.38446 -0.12922 0.01917
-0.17506 -0.14180 -0.10818
0.17424 -0.09931 0.15236
0.16027 -0.08854 0.15547
0.28758 -0.13748 0.05984
0.31263 -0.05934 0.10157
-0.03661 -0.12079 -0.15873
0.27456 0.01270 0.00104
0.20417 -0.09747 0.10482
0.09807 0.09571 0.11245
0.02177 0.01587 0.14534
0.27923 -0.15491 -0.11934
-0.31935 -0.10109 0.00769
-0.23553 -0.10621 0.01285
-0.27004 -0.10410 0.01634
-0.25053 -0.10529 0.01587
-0.32527 -0.10073 0.03416
-0.25800 -0.10484 0.01128
-0.28227 -0.10336 0.01888
-0.31319 -0.10147 0.01800
-0.23196 -0.10643 0.02489
-0.28712 -0.10306 0.00814
-0.29427 -0.10262 -0.00259
-0.26028 -0.10470 -0.00511
-0.32369 -0.10083 0.02631
-0.26492 -0.10442 0.02660
-0.23799 -0.10606 -0.02194
-0.14319 -0.16147 0.09669
0.40314 -0.01535 0.03285
-0.18749 -0.20381 0.10403
0.07826 0.10725 0.04206
0.21819 -0.16030 0.13126
-0.26323 -0.17175 0.13085
0.03467 0.09322 0.12015
-0.18453 -0.19176 -0.06809
0.05523 0.10386 -0.10097
0.38049 -0.11943 -0.05356
0.37610 -0.11951 -0.06080
0.37341 -0.11955 -0.14210
0.36807 -0.11965 -0.14102
0.36911 -0.11963 -0.10680
-0.22373 -0.07502 0.13481
0.25083 -0.17890 0.10858
0.23422 -0.08443 -0.10707
-0.03017 0.11004 0.15866
-0.00687 0.02877 0.14284
0.21374 -0.13987 -0.11371
0.28492 -0.03312 0.16178
0.26668 -0.14178 -0.13381
-0.23013 -0.08115 0.07960
0.35329 -0.00219 -0.12027
0.26461 -0.07856 -0.15516
0.23375 -0.08505 -0.14616
-0.24152 -0.08012 -0.08203
0.23410 -0.07707 -0.13194
-0.26059 -0.10412 -0.03358
0.31038 -0.07182 -0.10676
0.18450 0.01489 -0.11351
-0.33851 -0.10598 -0.02343
-0.16508 -0.06203 0.10063
-0.15411 -0.06203 0.12267
-0.17461 -0.06203 0.04819
-0.19498 -0.06203 0.06590
-0.14148 -0.06203 0.07160
-0.16006 -0.06203 0.09338
-0.13986 -0.06203 0.08905
-0.14256 -0.06203 0.13893
-0.16409 -0.06203 0.06653
-0.19161 -0.20206 -0.10026
0.14935 0.05920 0.09467
0.34053 -0.06355 -0.16127
0.12843 0.09533 -0.03873
0.40390 -0.03564 -0.03121
0.40000 -0.00955 0.01577
-0.02782 0.07819 0.03485
-0.02781 0.07777 0.01641
0.22783 0.01530 0.00187
-0.15395 -0.16025 0.11332
0.00083 0.11083 -0.02469
-0.25378 -0.18496 -0.13314
0.34352 -0.13154 -0.14021
-0.14674 -0.11318 -0.12282
-0.21805 -0.14818 0.08860
-0.21506 -0.16398 -0.08592
0.16866 -0.05937 0.16220
0.21515 -0.12687 0.13556
-0.22408 -0.14182 -0.09121
0.34113 -0.15724 -0.12200
-0.40207 -0.05272 0.13122
-0.23976 -0.19872 -0.08133
0.33287 0.00773 0.02525
0.33057 0.00764 0.03043
0.31243 0.00776 0.05383
-0.03344 -0.07264 -0.15552
0.08638 0.10592 0.05576
-0.06861 0.15281 -0.14639
-0.16542 -0.08752 -0.14801
0.16235 -0.08773 -0.15583
-0.26665 -0.15646 0.07428
0.18354 0.03329 -0.01694
0.27731 -0.14817 -0.13240
0.31188 -0.10025 -0.10731
-0.19645 -0.07821 -0.08788
-0.04919 0.13057 0.15841
-0.38628 -0.07911 -0.01117
-0.27874 -0.06203 -0.06079
-0.27129 -0.06203 -0.07845
-0.20456 -0.06203 -0.11663
-0.21070 -0.06203 -0.07048
-0.22412 -0.06203 -0.05878
-0.23566 -0.06203 -0.09929
-0.36793 -0.06203 -0.04378
-0.16909 -0.06203 -0.12471
-0.24721 -0.06203 -0.08778
-0.17258 -0.06203 -0.13474
-0.33593 -0.06203 -0.05000
-0.18954 -0.06203 -0.11381
-0.17668 -0.06203 -0.12726
-0.15588 -0.06203 -0.13824
-0.20887 -0.06203 -0.11197
-0.22429 -0.06203 -0.08434
-0.32709 -0.06203 -0.06811
-0.23335 -0.06203 -0.08565
-0.33466 -0.06203 -0.06178
-0.24978 -0.06203 -0.07254
-0.27443 -0.06203 -0.06593
0.17480 0.01999 -0.11965
0.39765 -0.07278 -0.14339
0.38556 0.00140 -0.03788
0.14515 0.03685 0.13616
0.29044 -0.19521 0.14656
-0.21173 -0.19682 -0.11648
-0.18838 -0.10378 0.03683
-0.31865 -0.10104 0.03683
-0.25933 -0.10755 0.12458
0.18469 -0.00001 0.15196
-0.25117 -0.09234 0.08202
0.36724 0.00502 0.01106
0.35358 0.00454 0.05222
0.35848 0.00531 0.02530
0.10611 0.10031 -0.08703
0.10623 0.09952 -0.09348
0.11975 0.10081 0.02201
0.15978 0.05976 0.02912
0.16602 0.05217 0.04479
0.39007 -0.08695 -0.15912
-0.21596 -0.11092 -0.05577
-0.26627 -0.11621 -0.14774
-0.13682 -0.14273 0.09456
-0.16077 -0.09185 0.07511
0.32480 -0.00055 -0.13595
-0.18242 -0.19216 0.11720
-0.12996 -0.09497 -0.15873
-0.19179 -0.09738 0.16063
0.12911 0.09359 0.02657
0.09807 0.01466 -0.16799
0.06170 0.09749 -0.11296
-0.03821 -0.06203 0.02164
-0.03619 -0.06889 0.15866
-0.20572 -0.15316 -0.13229
-0.20706 -0.15372 -0.02792
-0.31754 -0.12133 -0.02205
-0.23945 -0.19143 -0.11402
0.36338 -0.03306 -0.15817
0.34834 -0.03772 -0.15924
-0.18656 -0.09686 -0.11716
-0.14758 -0.16360 -0.15502
0.39907 -0.08321 -0.13094
0.34373 -0.13424 0.12533
-0.23834 -0.20271 0.09351
-0.37895 -0.11519 -0.02913
0.15771 0.05107 0.09296
0.29044 -0.07127 -0.10587
-0.22231 -0.20397 0.07433
-0.16012 -0.15325 -0.16523
0.38557 -0.05841 -0.02078
-0.19233 -0.14013 -0.08673
0.26129 -0.09025 0.15092
0.24629 0.00852 0.10388
0.26327 0.00813 0.09690
0.27160 0.00761 0.09766
0.23602 0.00893 0.10585
-0.02547 0.10353 0.06442
-0.26332 -0.15421 -0.11948
0.29874 0.00065 0.14065
-0.02224 -0.08320 -0.15355
0.13403 0.08593 -0.03973
0.13704 0.08407 -0.02003
-0.24933 -0.15306 0.11182
0.28141 -0.11651 0.06821
0.22252 -0.10053 0.11620
-0.37940 -0.12456 0.02758
0.00159 0.03436 -0.13656
0.21209 -0.12780 -0.12141
0.27325 -0.13878 0.14052
-0.24015 -0.18023 -0.11588
-0.14138 -0.17109 0.09557
-0.01205 0.05440 -0.13430
0.30051 -0.07419 0.15440
-0.03667 -0.10680 -0.06970
-0.03649 -0.10804 -0.08830
0.32263 -0.11833 -0.10874
0.04284 -0.01551 -0.15704
0.10234 -0.01595 -0.15862
0.03467 -0.02269 -0.15818
-0.08189 -0.06491 -0.15873
0.30428 -0.08216 0.10620
0.41598 -0.08909 0.01575
0.30523 0.00213 -0.11138
-0.21496 -0.20590 -0.06621
0.10738 0.09844 -0.10008
0.32052 -0.12902 0.10963
0.25025 -0.18818 -0.10938
0.17060 -0.10890 -0.14873
0.29148 -0.12654 0.09811
0.29332 -0.06016 0.12499
-0.23592 -0.19302 0.06406
-0.21937 -0.20305 -0.07007
-0.30239 -0.06203 0.10375
0.00186 -0.07488 -0.15767
0.06453 -0.07562 -0.15838
0.31213 -0.12108 -0.01403
0.19698 -0.12421 -0.00270
0.21037 -0.12386 -0.01205
0.19588 -0.12436 -0.08699
0.22245 -0.12352 -0.00964
0.33224 -0.12052 -0.00983
0.20933 -0.12396 -0.06428
0.29570 -0.12151 -0.00478
0.22634 -0.12345 -0.03199
0.20905 -0.12400 -0.08869
0.21331 -0.12380 -0.02974
0.34040 -0.12028 -0.00110
0.22804 -0.12345 -0.06847
0.28972 -0.12167 -0.00452
0.24733 -0.12287 -0.03015
0.19385 -0.12437 -0.05311
0.21746 -0.12376 -0.07612
0.23357 -0.12328 -0.05129
0.29157 -0.12166 -0.03341
0.25407 -0.12271 -0.04719
0.20309 -0.12409 -0.03809
0.21893 -0.12368 -0.05450
-0.01027 0.10996 -0.04981
0.18868 0.01592 0.09946
0.34284 -0.08754 -0.12424
-0.18635 -0.06203 -0.03742
-0.33145 -0.06203 -0.03559
-0.20393 -0.06203 -0.03898
-0.19468 -0.12111 -0.14481
0.32065 -0.10094 -0.15451
0.38551 -0.03234 -0.15640
-0.14570 -0.13148 0.11224
0.32848 -0.10404 -0.10745
0.23492 -0.17857 -0.15283
-0.04396 0.09953 0.04761
-0.04396 0.02190 0.03301
-0.04396 0.03628 -0.02104
-0.04396 0.05062 0.09529
-0.04396 0.04450 0.11397
-0.04396 0.09037 -0.01725
-0.04396 0.06389 0.02267
-0.04396 -0.04938 0.14983
-0.04396 0.04069 0.10819
-0.04396 0.03389 0.02073
-0.04396 0.09215 -0.11420
-0.04396 0.09953 -0.05839
-0.04396 0.09230 -0.04158
-0.04396 -0.00094 0.04664
-0.04396 0.04177 0.14559
-0.04396 0.05629 0.12953
-0.04396 0.01627 0.09259
-0.04396 0.05856 -0.02254
-0.04396 0.09914 0.06711
-0.04396 0.06579 0.01206
-0.04396 -0.00372 0.05650
-0.04396 0.08813 0.08319
-0.04396 0.08573 -0.08893
-0.04396 0.05026 -0.04257
-0.04396 0.08849 -0.10167
-0.04396 0.06291 0.15624
-0.04396 0.03919 0.13009
-0.04396 0.07545 -0.07857
-0.04396 0.05745 0.05593
-0.04396 0.00018 0.13531
-0.04396 0.07446 0.01614
-0.04396 0.07760 -0.01020
-0.04396 0.06094 -0.05792
-0.04396 0.02068 0.00764
-0.04396 0.02998 -0.01657
-0.04396 -0.01745 0.13482
-0.04396 -0.01089 0.12542
-0.04396 0.06619 0.14653
-0.04396 0.07008 -0.05452
-0.04396 0.07059 -0.03916
-0.04396 0.01289 0.08451
-0.04396 0.06404 0.11586
-0.04396 0.01208 0.04193
-0.04396 0.08610 -0.04529
-0.04396 0.03959 0.05403
-0.04396 0.00195 0.10332
-0.04396 0.08246 -0.07690
-0.04396 0.08583 0.00642
-0.04396 -0.01798 0.10234
-0.04396 0.03181 0.08361
-0.04396 0.09510 -0.09739
-0.04396 0.00728 0.03520
-0.04396 0.00801 0.10515
-0.04396 0.08848 -0.12793
-0.04396 0.09473 -0.06906
-0.04396 0.08946 0.01644
-0.04396 0.05194 0.14070
-0.04396 -0.01940 0.08212
-0.04396 0.07456 0.09289
-0.04396 0.02103 0.10557
0.32787 -0.08236 0.14619
-0.25055 -0.14002 0.11185
0.02724 -0.00787 0.15526
0.18711 0.02927 0.00983
0.18664 0.02899 0.03439
-0.18794 -0.06203 0.13776
-0.24013 -0.06203 0.11566
-0.32586 -0.06203 0.12289
-0.22473 -0.06203 0.10139
-0.20816 -0.06203 0.14868
-0.15344 -0.06203 0.14667
-0.26460 -0.06203 0.14590
-0.21000 -0.06203 0.10272
-0.23570 -0.06203 0.09485
-0.17746 -0.06203 0.14631
-0.38058 -0.06203 0.15752
-0.22437 -0.06203 0.09380
-0.14831 -0.06203 0.15268
-0.30770 -0.06203 0.12593
-0.22796 -0.06203 0.11886
-0.33402 -0.06203 0.14799
-0.21885 -0.06203 0.08380
-0.20490 -0.06203 0.13057
-0.31721 -0.06203 0.11935
-0.22459 -0.06203 0.08832
-0.19825 -0.06203 0.11369
-0.26232 -0.06203 0.11578
-0.22980 -0.06203 0.13704
-0.23378 -0.06203 0.15504
-0.19778 -0.06203 0.13030
-0.27576 -0.06203 0.13955
0.32849 -0.13170 0.15441
-0.01804 0.04926 0.13418
0.07583 0.10810 -0.01927
0.22614 -0.15199 0.10864
-0.36846 -0.09822 -0.04034
0.10192 -0.00207 0.15343
0.41642 -0.09280 -0.00011
0.20495 -0.09568 -0.14938
0.08196 0.10758 0.01611
0.07134 0.10902 0.00260
0.30671 -0.17627 -0.15198
-0.19294 -0.07523 -0.16078
-0.24043 -0.19939 0.14746
-0.19840 -0.07973 0.10135
-0.21896 -0.07469 0.12572
-0.40202 -0.07475 -0.00610
-0.40202 -0.08244 0.02365
-0.40202 -0.06736 0.02141
0.32626 -0.11586 0.15202
-0.25923 -0.18235 0.13371
-0.03075 0.05110 -0.12674
0.23646 -0.10570 -0.15205
0.38486 -0.06815 -0.02597
-0.30779 -0.10666 0.03509
-0.22405 -0.18501 -0.11727
0.25384 -0.18734 -0.12264
-0.25836 -0.18836 -0.14292
-0.25039 -0.15884 -0.06870
-0.00524 0.11677 -0.15783
-0.02321 0.11677 0.07950
-0.00880 0.11677 -0.05093
0.01856 0.11677 -0.12722
-0.02844 0.11677 0.09292
-0.03269 0.11677 -0.07726
-0.01967 0.11677 -0.13512
-0.02174 0.11677 0.04167
0.00182 0.11677 -0.13310
-0.02043 0.11677 -0.06659
0.00709 0.11677 -0.12628
-0.02089 0.11677 -0.14950
-0.02804 0.11677 -0.06176
-0.02316 0.11677 0.02620
-0.02928 0.11677 0.12581
-0.00962 0.11677 -0.03272
0.00871 0.11677 -0.12040
-0.02510 0.11677 -0.04034
-0.02525 0.11677 -0.11913
0.01018 0.11677 -0.08627
-0.02080 0.11677 0.01224
0.01248 0.11677 -0.14315
-0.01889 0.11677 -0.07830
-0.03113 0.11677 -0.09944
-0.40202 -0.05966 -0.10892
0.23011 -0.16896 0.11948
0.40163 -0.05626 -0.03522
0.21396 -0.05793 0.16317
-0.16224 -0.17475 0.16389
0.29465 -0.08781 0.15277
-0.00813 0.10809 -0.07681
0.03819 0.07896 0.12122
-0.19099 -0.07805 0.13802
-0.34797 -0.11052 -0.05460
0.39767 -0.05850 -0.08988
-0.18787 -0.18880 -0.11232
0.41179 -0.09778 0.06720
0.18065 0.02086 -0.10429
-0.16924 -0.17464 -0.11890
0.29168 -0.12875 -0.11797
-0.14701 -0.13606 0.11766
0.31085 -0.06699 -0.12931
0.28042 -0.14047 0.12818
0.28091 -0.14041 0.14898
-0.01986 0.07304 0.12287
-0.02704 0.08819 -0.05422
-0.35592 -0.10199 0.00874
-0.28259 -0.10132 0.10622
-0.28259 -0.12258 0.09602
-0.28259 -0.07419 0.14529
-0.28259 -0.08510 0.06389
-0.28259 -0.06954 0.05374
-0.28259 -0.06321 0.08063
-0.28259 -0.06919 0.10765
-0.28259 -0.13043 0.06477
-0.28259 -0.13650 0.06487
-0.28259 -0.08137 0.13369
-0.28259 -0.09287 0.09278
0.39755 -0.04746 0.01142
-0.19426 -0.18345 -0.11300
0.34662 -0.12410 -0.11030
0.17662 0.01157 -0.13123
0.40791 -0.04645 0.02500
0.39687 -0.05283 -0.02727
-0.22373 -0.14514 -0.02584
-0.14279 -0.15174 -0.09101
-0.00602 -0.00447 -0.15338
0.40060 -0.01418 -0.05396
0.13515 -0.01896 0.16002
0.03582 -0.01850 0.15742
0.00041 -0.01510 0.15588
-0.13788 -0.14969 0.10694
-0.40284 -0.07884 0.01978
-0.23318 -0.07808 -0.13878
-0.17814 -0.10102 0.06353
0.06219 -0.11143 -0.14597
0.06857 -0.11399 -0.14356
0.04872 -0.11273 -0.14388
0.04209 -0.10969 -0.14679
-0.20788 -0.14948 0.08973
-0.39459 -0.07491 -0.01764
0.29340 -0.17615 0.15211
0.36835 0.00195 0.07326
0.36090 0.00302 0.06775
0.37341 0.00344 0.02944
-0.27070 -0.15300 0.12060
-0.14284 -0.16120 0.08335
-0.22033 -0.15070 -0.03291
-0.21984 -0.15108 0.00442
0.13559 0.07390 0.09290
-0.17985 -0.18430 0.11241
0.40302 -0.06733 -0.05967
0.26128 -0.07375 0.10633
0.24342 -0.17270 0.15170
0.27351 0.00899 0.07930
0.22870 0.00984 0.09923
0.20919 0.01169 0.09254
0.27392 -0.17803 0.15429
-0.02775 0.07912 -0.04386
-0.02936 0.06318 -0.05859
0.40042 -0.07558 0.05542
0.32782 -0.05056 0.16188
0.13581 0.08459 0.03223
0.14324 0.07629 0.04511
-0.14981 -0.16103 0.06671
0.23900 -0.16925 -0.15291
-0.25146 -0.13208 0.01619
0.20287 0.00905 0.11471
0.25179 0.00565 0.11537
0.39852 -0.06098 -0.03420
0.06432 -0.03523 0.16010
0.11705 -0.04865 0.16134
0.05324 -0.03531 0.15984
0.12093 -0.04029 0.16144
0.38876 -0.01007 0.13169
0.32893 -0.16870 -0.15373
0.22008 -0.10926 0.14917
-0.24038 -0.18417 0.11300
0.39460 -0.05238 0.08380
-0.19692 -0.07905 0.08273
-0.38644 -0.07895 0.00800
0.40814 -0.11566 -0.01642
0.21619 -0.14104 -0.12888
0.26776 -0.18622 -0.10876
-0.16460 -0.16890 0.16105
-0.01129 -0.11563 0.13720
0.39993 -0.04904 -0.04127
-0.02997 0.05011 -0.03420
-0.02917 0.06154 -0.02767
-0.03031 0.04120 -0.02568
-0.02841 0.06794 -0.00972
-0.03113 0.03980 -0.06048
-0.03171 0.03854 0.05714
0.28499 -0.06023 -0.12325
-0.03012 0.05629 0.08075
-0.03204 0.02913 -0.08605
-0.26075 -0.17656 -0.13723
0.10289 0.10427 -0.04465
-0.14071 -0.06203 0.14541
-0.09444 -0.11082 0.14076
-0.06972 -0.11082 0.09236
-0.07034 -0.11082 -0.07848
-0.07280 -0.11082 -0.00876
-0.09555 -0.11082 0.13411
-0.07195 -0.11082 0.02172
-0.07867 -0.11082 0.13769
-0.07051 -0.11082 0.09806
-0.08989 -0.11082 0.13096
-0.06899 -0.11082 0.07466
-0.08255 -0.11082 0.06558
-0.07691 -0.11082 -0.02043
-0.07963 -0.11082 0.10471
-0.07497 -0.11082 0.00886
-0.32849 -0.14632 0.06331
-0.03474 0.00740 -0.14158
-0.25871 -0.09155 -0.09366
0.11122 0.10293 0.02392
0.04686 0.10767 -0.06519
0.00865 0.10797 -0.07898
0.04198 0.10767 -0.06766
0.33629 -0.10048 0.14566
-0.09810 -0.06349 0.15866
0.24729 0.01095 0.07406
0.22060 0.01294 0.06801
0.24210 0.01205 0.06128
0.16135 0.00195 0.15174
0.28498 -0.06543 -0.11476
-0.03145 0.04471 0.10706
-0.16333 -0.12416 -0.11185
0.12439 0.01883 -0.13966
0.03179 -0.10756 -0.14805
0.05740 -0.10720 -0.14846
0.13613 -0.11580 -0.14486
0.19832 0.01807 0.03634
-0.01856 0.04796 -0.13453
-0.26358 -0.11072 0.10047
0.24456 0.00028 -0.14998
0.33566 -0.09655 -0.13334
0.14862 0.06967 0.05349
0.14481 0.07260 0.05827
-0.16184 -0.19225 0.15421
0.07190 0.05991 0.12841
0.08332 0.05610 0.12959
0.08272 0.04216 0.13430
0.40397 -0.05879 -0.00097
-0.18178 -0.20400 0.09069
0.30613 -0.15142 0.14799
0.05841 0.07785 -0.12132
0.00819 0.06406 -0.12747
-0.25021 -0.09111 -0.10369
0.05322 0.00907 -0.14969
0.12501 0.00531 -0.15094
0.39549 -0.04861 -0.06339
-0.29308 -0.14889 -0.03660
0.34203 0.00558 -0.05766
0.36092 0.00505 -0.02507
0.36667 0.00483 -0.01632
0.34810 0.00478 -0.06005
-0.22329 -0.09725 -0.06815
0.13771 0.06734 -0.10523
-0.01880 0.10947 0.05602
-0.38766 -0.11724 -0.00469
0.13999 0.07789 -0.05584
0.14587 0.07097 -0.06130
0.26821 -0.19552 0.14392
0.28509 -0.11767 0.10054
-0.40709 -0.08323 -0.00969
0.32835 -0.17003 0.12094
0.31670 -0.18618 -0.12527
-0.38015 -0.13960 0.03026
0.22658 -0.04682 0.16314
0.34890 -0.01027 -0.15020
0.22781 -0.10193 0.15334
-0.03077 0.05093 0.12561
0.40395 -0.06378 0.04137
-0.02673 0.08845 0.11023
-0.24184 -0.16512 0.11669
-0.03072 0.05182 -0.11039
-0.14353 -0.14977 -0.15114
-0.23502 -0.12969 -0.07944
-0.24497 -0.18997 -0.11097
-0.19387 -0.16281 -0.07664
0.40206 -0.08311 0.07666
0.40111 -0.02686 -0.11654
-0.25267 -0.18607 0.06486
0.25347 -0.12698 0.12628
0.26457 -0.11397 -0.13240
-0.18092 -0.14600 -0.13458
0.40139 -0.03754 0.00674
0.40134 -0.07162 -0.00366
0.26350 -0.14134 0.13387
0.00225 0.10937 0.05978
0.23666 -0.12777 0.15106
0.11976 0.09466 -0.07661
0.32266 -0.15769 -0.10494
0.39742 -0.02920 0.03130
-0.22493 -0.18283 -0.16258
0.31367 -0.11180 -0.11077
-0.34162 -0.12739 -0.01165
-0.02107 -0.01168 -0.15398
0.06534 -0.11928 0.12717
0.13932 -0.12218 0.12770
0.03925 -0.11826 0.12992
0.00785 -0.11704 0.13565
0.04482 -0.11848 0.13410
0.13470 -0.12200 0.13457
0.06799 -0.11939 0.13180
0.14271 -0.12231 0.11526
0.07913 -0.11982 0.13681
0.17813 -0.12370 0.13487
-0.18018 -0.08379 0.12024
-0.24216 -0.12668 -0.07228
-0.22493 -0.12329 -0.14987
0.22190 -0.11467 -0.10880
0.35728 -0.11986 -0.13137
0.36152 -0.11988 -0.08434
-0.22447 -0.07851 0.07820
-0.22251 -0.14797 0.02890
-0.12493 -0.08303 -0.15873
-0.10950 -0.06203 -0.00642
-0.12725 -0.06203 -0.03104
-0.08601 -0.06203 -0.01182
-0.12953 -0.06203 0.01211
-0.10990 -0.06203 -0.00097
-0.08126 -0.06203 -0.02543
-0.11329 -0.06203 0.01945
-0.23295 -0.06811 -0.03497
-0.33896 -0.07892 -0.03497
-0.23017 -0.07324 -0.03497
-0.39670 -0.07255 -0.03497
-0.31128 -0.07805 -0.03497
-0.39237 -0.08306 -0.03497
-0.35393 -0.07565 -0.03497
-0.18109 -0.06703 -0.03497
-0.36646 -0.07066 -0.03497
-0.20235 -0.06534 -0.03497
-0.32932 -0.08096 -0.03497
-0.34108 -0.06502 -0.03497
-0.20025 -0.20414 -0.10094
-0.03234 0.03642 0.03985
0.29883 -0.06412 0.12146
0.39469 -0.07884 -0.14016
0.26245 -0.10450 0.11593
0.05610 0.05483 -0.13027
0.03624 0.05593 -0.13009
-0.01440 0.00879 0.14905
-0.31700 -0.12229 -0.00499
0.21689 -0.01775 0.15961
0.16303 -0.00558 0.15507
0.29047 -0.19629 0.13799
-0.27159 -0.12616 0.14621
0.31590 0.00598 0.08311
0.30777 0.00628 0.08629
-0.23184 -0.07597 -0.09322
0.34348 -0.11621 0.13038
-0.03030 0.03395 -0.01139
-0.38169 -0.11377 0.01350
-0.16131 -0.18814 0.14134
0.31122 0.01051 0.00080
-0.27085 -0.16890 -0.14245
-0.21410 -0.12831 -0.11378
-0.14736 -0.14801 -0.09835
-0.01983 0.11127 0.01655
-0.19106 -0.18453 -0.16445
-0.06495 -0.07970 -0.15873
-0.12155 -0.09324 -0.15873
-0.07108 -0.08184 -0.15873
-0.12096 -0.10545 -0.15873
0.33432 -0.00329 0.14777
0.23901 -0.16474 0.10534
0.30152 -0.10734 0.11519
-0.02578 0.10070 -0.07950
0.27510 -0.07733 -0.10493
-0.21988 -0.10668 -0.01004
-0.21644 -0.10668 0.02581
-0.22391 -0.10668 0.01141
-0.18732 -0.10668 -0.02553
-0.20419 -0.10668 0.00009
-0.20950 -0.10668 -0.02520
-0.17031 -0.10668 -0.01989
-0.09934 -0.10668 -0.02453
-0.22653 -0.10668 0.00229
-0.12447 -0.10668 -0.02504
-0.08110 -0.10668 -0.02013
-0.13961 -0.10668 -0.00848
-0.17817 -0.10668 -0.00988
-0.18386 -0.10668 0.01204
-0.13829 -0.10668 0.00203
0.24831 -0.07555 -0.15071
-0.16378 -0.16439 -0.06590
0.33352 -0.02058 0.15640
-0.40202 -0.05826 0.02527
0.39651 -0.04543 -0.03879
0.20616 -0.03788 -0.16228
0.28955 -0.06695 0.15009
0.33781 -0.12744 0.10605
0.29564 -0.01826 0.15744
0.17704 0.04046 0.02896
0.18835 0.02642 0.04827
-0.32891 -0.10134 0.04573
0.03847 -0.09705 0.15186
0.01364 -0.09771 0.15134
0.02158 -0.09586 0.15194
0.08105 -0.08125 0.15663
-0.01076 -0.08607 0.15410
-0.19573 -0.20433 0.06459
-0.17820 -0.14118 0.08339
0.00396 0.08744 0.12361
-0.20554 -0.07132 0.05278
0.14861 0.07205 0.02197
-0.22160 -0.13321 -0.00623
0.31312 -0.18362 -0.13179
-0.16316 -0.19247 -0.16350
0.25634 -0.18770 0.15373
0.38014 -0.06158 0.15963
-0.14764 -0.15221 -0.09413
0.28413 -0.09666 -0.14614
-0.23299 -0.10128 -0.06657
0.29722 -0.03583 0.16137
0.31788 -0.04613 0.16177
0.23976 -0.18342 0.13838
-0.29325 -0.10419 -0.05354
0.32123 -0.07528 0.12251
0.39369 -0.00339 0.06343
-0.26834 -0.15378 0.08941
-0.29201 -0.12117 0.06557
-0.33872 -0.09927 0.06090
0.27676 -0.13652 -0.12858
0.06709 -0.10489 -0.14935
0.00575 -0.10271 -0.14983
0.05801 -0.09692 -0.15206
0.10569 -0.09620 -0.15252
0.11892 -0.09075 -0.15446
0.13350 -0.10726 -0.14883
0.14123 -0.10023 -0.15129
-0.15381 -0.18182 0.07769
0.29592 -0.18680 -0.15276
0.23815 -0.15978 -0.10502
-0.23214 -0.15202 -0.12790
0.40728 -0.11540 -0.03213
0.38712 -0.10568 -0.16100
-0.03577 -0.09392 0.14144
-0.03577 -0.08625 0.11282
-0.03577 -0.08054 0.14823
-0.03577 -0.08735 0.15223
-0.03577 -0.07948 0.13070
-0.03577 -0.07470 0.09280
-0.29889 -0.12974 -0.06253
0.00155 0.04832 0.13259
-0.19845 -0.14486 -0.13193
-0.19952 -0.14746 0.01162
-0.21910 -0.13071 -0.12496
0.40446 -0.05071 -0.01786
0.25061 -0.15620 0.10990
0.21275 -0.02166 -0.16072
0.17397 -0.01814 -0.16042
0.25172 -0.03854 -0.16255
0.23544 -0.03063 -0.16169
-0.32197 -0.06203 0.03779
-0.20833 -0.06203 0.04402
0.39455 -0.06012 -0.08089
-0.35979 -0.09809 0.05217
0.37319 -0.00475 0.12871
-0.23601 -0.14567 0.07258
-0.26287 -0.17254 -0.13265
-0.20521 -0.19737 -0.16278
-0.35576 -0.12599 -0.05075
-0.08004 -0.12447 0.07956
-0.10337 -0.12447 0.13501
-0.09439 -0.12447 0.11107
-0.04399 -0.12447 -0.00125
-0.08477 -0.12447 0.04526
-0.06623 -0.12447 -0.01336
-0.09798 -0.12447 0.08829
-0.03790 -0.12447 -0.12594
-0.07401 -0.12447 0.00046
-0.09528 -0.12447 0.06997
-0.08554 -0.12447 0.09112
-0.03946 -0.12447 -0.13776
-0.06620 -0.12447 0.14762
-0.08743 -0.12447 0.06787
-0.05885 -0.12447 -0.07877
-0.05567 -0.12447 0.08217
-0.12708 -0.12447 0.15522
-0.04763 -0.12447 -0.03929
-0.05994 -0.12447 0.03668
-0.03732 -0.12447 0.13269
-0.03979 -0.12447 -0.10017
-0.08156 -0.12447 0.12686
-0.08928 -0.12447 0.12585
-0.04884 -0.12447 0.09159
-0.06279 -0.12447 0.08616
-0.06183 -0.12447 0.01373
-0.04525 -0.12447 -0.08005
-0.06864 -0.12447 -0.00456
-0.04369 -0.12447 0.10312
-0.07105 -0.12447 0.06532
-0.05788 -0.12447 0.07132
-0.07389 -0.12447 0.05037
-0.09516 -0.12447 0.05812
-0.06366 -0.12447 -0.05786
-0.06901 -0.12447 0.04127
-0.05556 -0.12447 0.00174
-0.06842 -0.12447 0.02312
-0.04460 -0.12447 -0.00859
0.07239 0.10485 -0.08917
0.34156 -0.14447 -0.13990
-0.17779 -0.20289 0.12118
-0.07831 -0.06872 0.12989
-0.06528 -0.06872 -0.03289
-0.05927 -0.06872 0.09135
-0.05332 -0.06872 -0.09478
-0.09868 -0.06872 0.15194
-0.07350 -0.06872 0.10573
-0.04980 -0.06872 0.04386
-0.05440 -0.06872 0.07990
-0.04860 -0.06872 -0.00198
-0.08310 -0.06872 0.15299
-0.04380 -0.06872 -0.09515
-0.08491 -0.06872 0.03253
-0.07212 -0.06872 0.08904
-0.06763 -0.06872 -0.05852
-0.05719 -0.06872 0.12263
-0.05962 -0.06872 0.14986
-0.06901 -0.06872 0.03182
-0.09881 -0.06872 0.11312
-0.07232 -0.06872 0.04171
-0.05647 -0.06872 0.02526
-0.05655 -0.06872 -0.08680
-0.05426 -0.06872 0.08967
-0.05490 -0.06872 -0.04859
-0.10562 -0.06872 0.14941
-0.06585 -0.06872 0.15645
-0.09404 -0.06872 0.13148
-0.08298 -0.06872 0.07343
0.06886 0.12092 0.06211
0.06886 0.10377 0.06462
0.32294 -0.17514 -0.14253
-0.03294 0.00666 0.09604
-0.03456 -0.02530 0.11864
-0.03413 0.00007 0.13258
-0.03557 -0.04245 0.13600
-0.03697 -0.07400 0.15095
-0.03387 -0.01877 0.10077
-0.03389 -0.00658 0.11572
-0.03419 -0.02344 0.10706
-0.03258 0.01733 0.09522
-0.03396 0.00976 0.13778
-0.26226 -0.13113 -0.11183
-0.26026 -0.10214 -0.14357
-0.02565 -0.07152 -0.15732
0.30889 -0.06784 -0.11635
-0.02826 -0.06556 0.15792
-0.02443 -0.04644 -0.15856
0.04404 0.01508 -0.14636
0.21788 -0.14569 0.13992
0.27366 -0.11782 -0.07842
0.03586 0.08423 0.11896
0.33806 0.00081 0.10681
-0.30922 -0.10537 -0.06379
-0.26838 -0.11298 0.14407
-0.03188 0.03939 -0.12712
0.23765 -0.11383 -0.15304
-0.31724 -0.10375 0.06444
0.31958 -0.16450 -0.15210
0.25007 -0.18874 0.11220
0.03754 -0.11685 -0.13908
0.31036 0.00496 0.10002
0.30284 0.00503 0.10548
0.23058 -0.10611 0.15482
-0.21679 -0.15307 -0.04448
0.31392 -0.12859 0.14759
-0.30019 -0.14932 0.05450
0.21322 -0.13689 -0.14565
-0.24005 -0.07902 -0.09641
0.17721 -0.08324 0.15778
-0.12477 -0.07328 0.03502
-0.12477 -0.08557 0.06550
-0.12477 -0.07373 0.00753
-0.12477 -0.07722 0.09779
-0.12477 -0.07378 0.12117
-0.12477 -0.07321 -0.08794
-0.12477 -0.09676 0.08169
-0.12477 -0.07458 -0.05322
-0.12477 -0.09772 0.05529
-0.12477 -0.09585 0.07381
-0.12477 -0.08722 0.05669
-0.12477 -0.07691 -0.06232
-0.12477 -0.07786 0.08955
-0.12477 -0.08014 0.14868
-0.12477 -0.07258 0.11204
-0.12477 -0.11184 0.15688
-0.12477 -0.09592 0.04099
-0.12477 -0.08023 -0.00752
-0.14577 -0.16092 -0.14760
0.14803 0.05800 -0.10140
-0.17202 -0.10259 0.16417
0.14951 0.03006 0.13814
-0.14408 -0.12659 -0.14577
-0.20974 -0.18723 -0.11300
0.34118 0.00859 0.00051
0.27741 -0.05582 -0.14920
0.25668 -0.05565 -0.11785
0.26980 -0.05571 -0.15781
0.09164 0.07766 0.12098
0.17035 0.03301 -0.10303
0.03373 -0.07901 -0.15660
0.13238 -0.07684 -0.15912
-0.15807 -0.13328 -0.06698
-0.24897 -0.12651 0.16239
0.25398 -0.14423 0.11549
0.11781 0.06852 0.12573
-0.21931 -0.10359 -0.12108
-0.02725 0.08389 -0.11396
0.23263 -0.13469 -0.10820
-0.27786 -0.14941 -0.01511
-0.19850 -0.07845 0.07585
-0.02820 -0.11397 -0.13859
-0.22859 -0.18523 0.06394
-0.22281 -0.13498 -0.04036
-0.22385 -0.13749 -0.13880
-0.25867 -0.17746 0.09787
-0.18541 -0.20072 -0.07715
-0.17854 -0.10052 0.11469
0.40717 -0.09363 -0.11224
0.19903 -0.08918 0.15649
0.18656 -0.08453 -0.15759
0.06435 0.10817 -0.04724
0.01895 0.10860 -0.06375
-0.18262 -0.18566 0.11693
0.12666 0.02133 0.13883
0.31127 -0.16309 -0.10615
-0.14675 -0.11023 0.15918
0.39086 -0.03006 -0.15299
0.11272 0.06574 -0.12591
-0.24495 -0.10885 0.11034
-0.25441 -0.12564 -0.06621
0.22089 -0.10142 -0.12701
0.26633 -0.12895 0.13086
0.33376 -0.00168 0.13958
-0.14145 -0.14932 0.14209
-0.36214 -0.12589 0.05548
0.32126 -0.08748 0.10602
0.32260 0.00842 -0.02379
0.30054 0.00903 -0.04070
0.31767 0.00818 -0.03665
0.31037 0.00933 -0.01929
-0.17716 -0.18382 -0.06776
0.30925 -0.18972 0.11513
-0.25998 -0.14920 0.06640
0.31723 0.00819 0.03725
0.29809 0.00919 0.04030
-0.34902 -0.14179 0.02785
0.02740 -0.10158 0.15031
0.00430 -0.10321 0.14965
0.06682 -0.09661 0.15220
0.12499 -0.10461 0.14971
0.15142 -0.10630 0.14924
-0.29096 -0.12745 -0.06018
-0.25447 -0.18278 -0.15638
-0.00845 0.08179 0.12238
0.40242 -0.02830 -0.05860
0.19424 -0.03277 0.16179
0.16797 -0.02043 0.16065
-0.02556 0.10150 -0.00086
-0.02664 0.09085 -0.01606
-0.19001 -0.11567 0.15331
0.39899 -0.05082 0.05179
0.38683 -0.11932 0.03619
0.38395 -0.11937 0.02563
0.35938 -0.11980 0.14091
0.37274 -0.11956 0.10762
0.37562 -0.11951 0.10039
-0.15659 -0.18647 -0.14835
-0.21311 -0.07979 -0.11303
0.34586 -0.09653 -0.13346
0.31946 -0.15486 0.10605
-0.25536 -0.13126 -0.06819
-0.03287 0.02813 0.12518
0.28197 -0.15799 -0.14433
0.29071 -0.19448 -0.15028
0.39757 -0.01281 0.08791
-0.17510 -0.19626 -0.15365
-0.20152 -0.06203 -0.06298
-0.14450 -0.06203 -0.07290
-0.15604 -0.06203 -0.11378
-0.20590 -0.06203 -0.05996
-0.16313 -0.06203 -0.08597
-0.14635 -0.06203 -0.09868
-0.18052 -0.06203 -0.08735
-0.13178 -0.06203 -0.15612
-0.13820 -0.06203 -0.10748
-0.16383 -0.06203 -0.10219
-0.18413 -0.06203 -0.07894
0.16201 0.01481 -0.14191
-0.23352 -0.19035 -0.11918
-0.18805 -0.15638 0.14283
0.39759 -0.05965 0.12310
0.40207 -0.03949 0.02165
0.20750 -0.04887 0.16317
0.32964 -0.14416 0.15214
0.20364 -0.07245 0.16145
0.17180 -0.07424 0.16080
0.34011 -0.15914 0.11667
0.24071 -0.10647 -0.10680
-0.20849 -0.07716 -0.05677
0.05377 0.12250 0.06200
-0.16378 -0.12297 0.10983
-0.18013 -0.13362 0.13485
-0.24543 -0.18300 -0.11664
0.21862 -0.11153 -0.11482
-0.28353 -0.16122 -0.07832
-0.28353 -0.12006 -0.15589
-0.28353 -0.12514 -0.14970
-0.28353 -0.14830 -0.11414
-0.28353 -0.10878 -0.14147
-0.28353 -0.14929 -0.12652
-0.28353 -0.15486 -0.07561
-0.28353 -0.12022 -0.12503
-0.28353 -0.14720 -0.14233
-0.28353 -0.13811 -0.10912
-0.28353 -0.08128 -0.15935
-0.28353 -0.12641 -0.15525
-0.28353 -0.16938 -0.06855
-0.23403 -0.11703 0.15803
-0.03773 0.05308 -0.15873
-0.04173 0.01236 -0.15873
-0.27044 -0.15180 0.15029
0.07143 0.01230 -0.14856
-0.02838 -0.02924 0.15640
0.36878 -0.10922 -0.15296
0.16987 0.04552 0.06076
0.16037 0.05759 0.05149
-0.17487 -0.08441 0.14513
-0.40202 -0.00249 -0.15345
-0.40202 -0.01138 -0.15249
0.19411 -0.11900 0.13360
-0.06870 0.20414 -0.14599
0.34573 -0.12062 0.14711
0.28868 -0.13635 0.09189
0.16284 0.04292 0.09987
-0.02432 0.06300 -0.12566
-0.36661 -0.14295 0.00760
-0.20858 -0.12826 -0.09434
0.33450 -0.15805 -0.14940
-0.23384 -0.20182 -0.09193
-0.22412 -0.13900 -0.03105
-0.23982 -0.19589 0.15286
0.33773 -0.14356 0.10605
-0.20436 0.11445 -0.15393
-0.24049 0.11270 -0.15393
-0.17083 0.11565 -0.15393
-0.11705 0.12188 -0.15393
-0.24613 0.11662 -0.15393
-0.30577 0.11234 -0.15393
-0.08199 0.11653 -0.15393
-0.17274 0.12309 -0.15393
-0.24496 -0.15842 0.06560
0.24661 0.00010 0.14999
-0.17731 -0.16799 0.11926
0.12255 0.04017 0.13334
-0.15345 -0.11494 -0.06880
0.38884 -0.00036 -0.06060
-0.23896 -0.20229 -0.06985
0.23197 -0.12775 0.10645
0.13182 0.08465 0.06382
-0.01637 0.11155 -0.00784
-0.01964 0.11052 -0.03636
-0.40677 -0.09119 0.01542
0.24678 -0.06922 -0.14548
-0.20144 -0.07340 -0.13990
-0.14932 -0.14576 -0.06591
-0.24602 -0.12372 -0.16197
-0.15432 -0.18024 0.13467
