-0.30418 -0.05119 0.07523
-0.36727 0.08709 0.02767
0.21460 0.08239 0.00367
0.36855 0.00095 -0.09210
0.40451 0.01034 0.05523
0.46288 -0.04211 0.06894
-0.31493 -0.08135 0.06548
0.21411 0.08497 -0.03125
-0.47362 -0.04720 0.00068
-0.32156 0.04859 0.09060
-0.35910 0.05170 0.09005
-0.37963 0.05393 0.08966
0.22859 0.08159 -0.00035
-0.45888 -0.02205 0.08694
-0.28910 0.08433 -0.05383
-0.31405 -0.00931 0.07300
-0.34666 -0.01266 0.07300
-0.33248 -0.00949 0.07300
-0.35847 -0.01287 0.07300
-0.29972 -0.01291 0.07300
-0.36756 -0.05671 0.06853
-0.42560 0.02091 -0.09484
-0.30295 -0.08800 0.08150
0.43873 0.00508 -0.07214
0.43115 -0.00327 -0.08544
0.43962 -0.06786 0.09418
0.24844 0.07970 0.05972
0.34840 -0.05867 -0.04567
0.33306 0.02827 -0.09589
0.33919 0.06220 -0.00650
0.44121 -0.07311 -0.02901
0.45077 -0.05836 0.01646
-0.24725 0.01638 0.09658
-0.45958 0.02860 0.04682
-0.23714 0.01277 0.09733
-0.43199 0.02222 -0.09394
0.08863 0.08185 0.00254
-0.15294 0.08183 0.00325
-0.23433 0.00689 -0.09742
0.37050 0.02811 -0.08967
0.38013 0.01746 -0.08513
-0.37187 0.06959 -0.08544
-0.43069 0.07152 -0.08488
0.25353 0.03946 0.08853
0.25391 0.04844 0.08643
-0.33289 0.01301 0.09521
-0.36441 0.01593 0.09515
0.37138 -0.06650 0.08559
0.33063 0.04217 -0.09320
-0.45815 0.00556 -0.06674
-0.16937 0.00354 -0.09752
0.27741 -0.00144 -0.09756
-0.44531 -0.00008 0.09356
-0.35642 -0.05940 -0.06521
0.29103 0.07947 -0.04720
-0.16792 0.06028 -0.08924
0.42142 -0.04771 -0.06020
0.44191 -0.04901 -0.05900
0.42205 -0.02467 -0.05999
0.36845 -0.05680 -0.06337
0.44425 -0.04118 -0.05881
0.38816 -0.05318 -0.06219
0.43208 -0.02014 -0.05937
0.42772 -0.05528 -0.05988
0.43597 -0.02339 -0.07465
-0.17008 0.08414 0.03226
-0.39246 0.08515 0.01489
-0.37684 -0.08022 0.07841
-0.45409 -0.06291 0.08187
-0.20147 0.08569 -0.01114
0.43469 -0.06724 -0.08920
-0.21888 0.03441 -0.08981
-0.34997 -0.05712 0.06773
0.36323 0.02894 -0.05525
0.24590 -0.05872 -0.02755
0.24638 -0.05873 0.00397
0.24867 -0.05877 0.05467
0.25268 -0.05885 0.00870
0.24067 -0.05863 -0.03495
0.24655 -0.05873 0.03112
0.24792 -0.05876 0.07933
-0.31040 -0.04119 0.07751
0.02316 0.07832 -0.08085
-0.35455 -0.03882 0.09231
0.36637 -0.03212 -0.07815
-0.29285 -0.00966 0.08401
-0.30830 0.08695 -0.02940
0.23578 -0.03393 -0.09348
-0.23217 0.00364 0.09754
0.30435 0.00856 -0.09738
0.42877 0.02113 -0.06612
0.24234 -0.05866 -0.09012
0.24679 -0.05874 -0.04985
0.25612 -0.05891 -0.08059
0.26332 -0.05904 0.03714
0.26010 -0.05898 -0.01359
0.25887 -0.05896 -0.06876
0.26153 -0.05901 -0.03156
0.25592 -0.05891 0.01714
-0.26766 -0.03753 0.08289
0.42769 -0.07411 0.07756
-0.47375 -0.04228 0.06772
-0.17190 -0.01406 -0.09713
-0.35132 -0.02997 0.08904
0.37816 -0.01274 0.06690
0.40357 -0.01035 0.06963
0.41876 -0.00980 0.06929
0.39820 -0.00869 0.07389
0.21921 0.08490 0.02523
-0.37577 -0.07948 -0.06920
-0.44800 -0.00046 -0.09563
-0.47146 -0.03344 0.05186
0.08303 0.08185 -0.02341
0.18806 0.08186 -0.02372
-0.12465 0.08183 -0.02398
0.11370 0.08185 -0.02111
0.15501 0.08186 -0.02292
0.06803 0.08185 -0.02397
0.24673 0.08236 0.07209
-0.47375 -0.04089 -0.07134
-0.36912 -0.01966 -0.07274
-0.19484 0.08560 0.00812
0.07575 0.08184 0.01996
0.04866 0.08184 0.02109
0.02038 0.08184 0.02295
0.13568 0.08184 0.01893
0.04005 0.08184 0.02031
0.09510 0.08184 0.01995
-0.30216 -0.00611 0.06975
-0.42938 -0.06474 0.08393
-0.33350 0.08462 0.04393
0.35282 -0.00506 -0.09494
-0.43157 -0.02023 0.09415
0.23116 0.00921 0.09737
0.47179 -0.02638 -0.00123
0.23879 0.01669 -0.09706
0.36507 -0.04920 -0.07043
-0.04495 0.08340 -0.05359
-0.14647 0.08272 -0.05413
-0.08631 0.08257 -0.05415
-0.42965 0.07746 -0.08236
-0.43589 0.00677 0.09192
0.39677 0.02103 -0.09249
-0.27683 -0.07385 -0.09180
0.46175 -0.05825 -0.04548
-0.24041 0.01905 -0.09471
-0.45995 -0.01699 -0.01711
-0.40953 -0.00026 0.09622
-0.33643 -0.02900 0.07873
0.45187 -0.05003 0.05858
0.45894 -0.01342 0.04635
0.45824 -0.01868 0.01784
0.45603 -0.02965 0.02962
0.45788 -0.01945 0.03805
-0.22431 -0.05552 0.05701
-0.22399 -0.05562 0.07029
-0.23582 -0.05201 -0.02296
-0.23529 -0.05217 0.03440
-0.43711 0.02735 -0.09402
0.32013 0.07567 0.01927
-0.32069 -0.01256 0.07041
-0.44696 0.08753 0.02508
-0.40302 -0.00796 0.07036
-0.18502 0.06491 0.08271
-0.19879 0.05122 0.08588
-0.19899 0.05787 0.08434
0.29829 0.04834 -0.08648
-0.45538 -0.01138 -0.04555
-0.26102 -0.00622 -0.09549
0.42199 0.01009 -0.09215
-0.33967 -0.04940 0.09793
-0.35538 -0.05909 0.08291
-0.41772 -0.07262 -0.07771
0.42281 -0.03270 0.06696
-0.40439 -0.00967 -0.07683
-0.41744 -0.01624 0.06862
-0.44995 0.06602 0.06169
0.37548 -0.04653 0.07580
0.31429 -0.03348 -0.09369
-0.45091 0.07089 -0.05072
0.36822 -0.02604 0.09041
-0.05843 -0.02409 -0.09567
0.44754 0.01521 -0.06403
-0.25711 -0.03599 -0.09289
0.32278 -0.02087 -0.09624
-0.41430 0.08734 -0.03272
-0.25518 0.03570 -0.09473
-0.32708 -0.07369 -0.09057
0.31828 0.07567 -0.00936
-0.19803 0.08565 -0.04636
-0.33903 -0.05146 0.07228
0.41790 -0.00794 -0.06001
0.24376 0.08136 0.03069
-0.45974 -0.01506 0.03872
-0.21759 0.04825 0.08659
-0.18193 0.00728 0.09744
0.06067 0.08255 -0.04395
-0.02362 0.08242 -0.04400
-0.47146 -0.02763 -0.06320
-0.03455 0.08383 0.01324
-0.14044 0.08220 0.01424
-0.08177 0.08472 0.01273
0.41713 -0.06302 -0.06621
-0.20283 0.08572 0.05116
0.40204 -0.00526 0.08157
0.44120 0.01785 -0.00772
0.38764 0.03217 0.02037
0.39814 -0.06452 -0.01595
0.42858 -0.07161 -0.00947
0.41326 -0.06804 -0.01037
0.42192 -0.07006 0.01126
0.40391 -0.06586 -0.02814
0.42009 -0.06963 0.00251
0.38713 -0.06195 -0.02271
0.43555 -0.00904 -0.08552
-0.43000 -0.03519 0.06239
-0.46016 -0.00736 0.04055
-0.43423 -0.04435 -0.06799
-0.37617 -0.00518 0.08552
0.43259 -0.04391 0.07286
-0.08337 -0.01441 -0.09711
0.43963 0.00485 -0.08949
-0.36842 -0.05277 -0.06453
-0.42209 0.08504 0.04427
0.02309 0.08297 0.07263
0.14173 0.08285 0.07267
0.22618 0.08276 0.07368
0.18531 0.08281 0.07251
0.07672 0.08292 0.07314
0.44430 -0.01336 0.06427
-0.19904 0.07442 -0.08497
0.31244 0.07742 -0.03257
-0.28123 -0.00758 0.09756
-0.47119 -0.02230 -0.02031
-0.33583 -0.06264 0.06333
-0.36594 -0.01617 0.09615
-0.44170 -0.01693 0.09018
-0.32115 -0.05159 0.06691
-0.40373 0.08249 0.06959
0.47274 -0.00351 0.01983
-0.35735 -0.06902 0.09756
-0.20094 -0.04436 0.08983
-0.40219 0.08722 0.02657
-0.31079 0.07044 0.08512
-0.45932 0.02399 0.08922
-0.24114 0.07114 -0.08376
0.36677 -0.01587 -0.09131
-0.28882 0.08370 0.04338
-0.45376 -0.00819 0.02866
0.38503 -0.03455 -0.06621
-0.42868 -0.03979 -0.06296
0.38858 -0.03724 0.06818
0.01910 0.07949 0.06673
-0.08025 0.07959 0.06883
-0.01552 0.07952 0.06712
-0.13358 0.07964 0.06357
-0.13606 0.07965 0.06978
-0.03513 0.07954 0.06728
0.46611 -0.05231 0.02854
-0.43353 -0.05132 0.09144
-0.02625 0.08247 0.04309
0.09620 0.08214 0.04292
0.11797 0.08203 0.04287
-0.36872 -0.01952 -0.08439
0.15503 -0.04719 -0.08910
0.06617 -0.04719 -0.08907
-0.16047 -0.04731 -0.08897
-0.46080 0.01630 0.01103
-0.45807 -0.05971 -0.06208
0.33850 0.05309 0.06472
-0.28773 0.03245 -0.09319
0.32932 0.07012 0.05631
-0.47133 -0.03866 0.03122
-0.38888 0.08434 0.05900
0.47425 -0.02949 -0.02627
0.37957 0.02550 0.08009
-0.38565 0.08442 0.02417
-0.23519 0.08293 0.05726
0.45218 0.00517 0.00186
-0.46100 0.00423 0.00200
-0.35511 -0.03118 -0.08591
-0.46954 -0.05214 0.01079
-0.26005 -0.03020 0.04693
-0.26005 -0.03033 -0.00037
-0.25692 -0.03679 0.01407
-0.25945 -0.03138 0.06669
0.28410 -0.05627 -0.09177
-0.45426 0.05199 -0.08965
-0.26706 0.08660 -0.00834
-0.25440 0.05149 0.09191
-0.36499 -0.04660 0.06691
-0.23753 -0.03549 0.09192
-0.42279 -0.02306 0.07107
-0.46833 -0.05368 -0.02867
-0.45684 0.05582 0.08461
0.32219 0.03891 0.11301
0.43304 -0.05602 -0.06614
0.30116 0.06565 0.08266
-0.30633 0.08416 -0.05936
-0.27412 0.01025 -0.09518
-0.39746 -0.08253 0.08646
0.04379 0.08327 -0.05354
0.05728 0.08321 -0.05356
0.10738 0.08402 -0.05302
0.40881 0.02771 -0.01174
0.36112 0.03106 0.01577
-0.30545 -0.00727 -0.08468
-0.40126 0.08427 0.01994
-0.37533 -0.06718 0.06853
-0.30132 0.08559 -0.07312
0.29859 0.05035 0.08599
0.35724 -0.04077 0.07344
0.36968 -0.01872 0.06756
0.36519 -0.02416 0.07683
0.36272 -0.02175 0.09726
0.44703 0.01943 0.02719
0.46999 -0.01699 -0.00964
-0.40447 -0.06977 0.06853
0.28562 0.07962 0.03819
0.30626 0.07859 0.00755
-0.39287 -0.05369 0.06674
-0.33916 -0.05331 0.06578
0.41204 0.00186 0.09453
0.21224 0.08185 0.02233
0.43840 -0.03075 -0.07116
0.35441 0.03693 -0.08278
-0.27662 -0.04315 -0.06453
0.28361 0.02955 -0.09419
-0.33903 -0.04614 -0.06073
-0.27334 0.07814 -0.08208
-0.19728 0.08250 0.01747
-0.27338 0.07618 0.08323
-0.35304 -0.05142 0.07338
-0.26481 -0.05177 -0.08904
0.01664 -0.00053 0.09760
-0.30066 -0.00213 0.08982
-0.38144 -0.04774 0.06783
0.43686 -0.01345 0.06186
-0.38870 -0.00242 -0.06869
-0.26389 -0.04684 0.06983
0.43220 0.01034 0.04852
0.36514 -0.05583 0.06361
-0.45389 -0.00806 -0.00945
-0.35295 -0.04895 0.06317
-0.46545 -0.05682 0.02240
0.44240 -0.07120 0.00676
0.44604 -0.06552 0.01526
0.30053 -0.05809 -0.09207
-0.32546 -0.07529 0.07224
0.37266 0.03129 0.03440
-0.45188 -0.02216 -0.09442
-0.45868 0.03978 -0.04690
-0.47036 -0.02759 0.00569
-0.47036 -0.02816 -0.01399
0.39835 -0.03375 -0.07553
-0.29767 0.02960 -0.09365
-0.45989 0.03867 -0.01131
-0.11789 -0.01779 0.09494
-0.42928 -0.06350 0.09756
-0.32836 0.08409 -0.00289
-0.29661 0.08365 0.01854
-0.30356 0.08370 0.01677
-0.25128 0.08321 -0.00244
0.45678 -0.00070 -0.08960
-0.35086 -0.05697 -0.09518
-0.35668 0.08566 0.01430
-0.29843 -0.00671 0.07813
0.39172 -0.08213 -0.06494
-0.45815 -0.00976 -0.05593
-0.45895 -0.00324 0.08574
-0.21236 0.08032 0.07981
0.42057 -0.00957 -0.07214
0.37391 -0.06945 0.09540
0.38829 -0.08534 0.08993
-0.45115 0.07936 -0.07824
-0.24775 0.04388 -0.09281
-0.25769 -0.03499 0.08181
-0.24984 0.08289 0.05951
-0.35918 -0.02300 0.06239
0.40426 -0.00276 -0.08621
0.28507 -0.03196 0.09393
-0.45606 0.07280 0.00592
0.39001 -0.00875 0.07945
0.17635 0.08501 -0.03070
0.15964 0.08501 -0.02832
0.14563 0.08501 -0.03086
-0.09705 0.08504 -0.03232
-0.11733 0.08504 -0.03251
0.43733 -0.02611 0.08593
-0.22935 0.06926 -0.08179
0.45077 0.00734 -0.02453
-0.45382 0.07709 0.05892
-0.40318 0.07930 0.08129
0.37652 -0.01605 0.07250
-0.21061 0.08270 0.07075
0.40096 0.02252 0.08423
-0.21591 0.03249 0.09282
-0.45426 0.08151 -0.00503
-0.22015 0.08593 0.00570
-0.23016 0.08603 0.00649
-0.45913 0.01203 -0.07229
-0.17021 0.08308 0.05291
0.17986 0.07854 0.08025
-0.42380 -0.06904 0.06239
-0.28763 -0.08033 -0.07852
0.41113 0.01265 -0.00643
0.41398 0.01265 -0.02247
0.40375 0.01265 -0.01241
-0.20467 0.08574 0.01077
0.43197 -0.04515 -0.08011
0.43044 -0.05842 -0.04516
0.43262 -0.05782 -0.02624
0.38685 -0.05806 -0.04141
0.42484 -0.05867 -0.05366
0.41808 -0.05776 -0.02686
0.42596 -0.05774 -0.02492
0.38371 -0.05837 -0.05160
0.44545 -0.05742 -0.01169
-0.44417 0.07691 -0.08265
-0.27022 -0.06852 0.07535
0.40991 0.01319 0.08401
0.46480 -0.04280 -0.00380
0.38510 -0.01171 -0.06822
0.40129 -0.00691 -0.07727
0.40749 -0.00964 -0.07055
-0.45815 0.01220 0.07013
0.42527 0.01139 -0.02154
-0.36500 -0.03573 -0.06615
0.37788 0.03281 0.04625
-0.28028 -0.02597 -0.06615
-0.45563 0.06885 0.04121
-0.27544 0.08647 0.03190
0.31881 0.06796 0.08516
-0.43159 0.08259 0.06918
-0.45609 0.02516 0.01973
-0.45609 0.02564 0.01149
-0.45606 0.01722 0.04963
-0.45609 0.02674 0.00075
-0.26614 -0.02915 0.07263
0.37133 -0.00853 -0.08834
-0.47384 -0.04996 0.04674
0.37433 -0.05896 0.02125
0.39360 -0.06346 0.00606
0.38129 -0.06059 0.02599
0.38054 -0.06041 -0.01197
0.39405 -0.06356 0.02655
0.37373 -0.05882 -0.00956
0.39220 -0.06313 0.01292
0.37815 -0.05985 0.01085
0.43650 -0.06489 0.07920
0.46390 -0.00599 -0.07173
-0.35305 -0.04763 -0.06684
0.38191 0.03071 -0.04683
0.30185 0.07888 0.03355
-0.32367 -0.08165 -0.07703
0.42799 -0.01811 -0.08727
-0.13557 0.08157 0.05709
-0.08437 0.08152 0.05613
-0.24981 0.08128 -0.06912
0.42915 0.02240 0.00489
-0.36344 -0.01267 -0.06651
-0.45550 -0.06756 -0.05893
-0.20295 0.05562 -0.08484
-0.20816 0.06582 -0.08248
-0.20889 0.04010 -0.08844
-0.33012 0.08089 0.08040
0.42868 -0.01543 -0.09412
-0.37511 -0.07921 0.08826
0.20579 0.08254 0.02343
0.12330 0.08326 0.02369
0.44549 -0.03705 0.07480
0.45577 0.01472 -0.01238
-0.24967 0.08365 0.02357
-0.47375 -0.04247 0.04517
-0.45091 0.06983 0.03350
-0.35345 -0.04379 -0.08173
0.38766 0.00779 -0.02533
0.38681 0.00775 -0.04034
0.24768 0.08130 -0.02332
-0.34517 0.08693 0.00600
0.45841 -0.00802 -0.00935
0.45680 0.00061 -0.01035
-0.39525 -0.05837 -0.06501
0.47249 -0.01701 0.02203
0.47142 -0.03419 0.01758
-0.46024 -0.05278 0.00489
-0.46063 0.00580 -0.01861
-0.02769 -0.05565 0.09176
0.09187 -0.05603 0.09180
0.12901 -0.05676 0.09192
0.15267 -0.05531 0.09167
-0.29335 0.01907 0.09501
0.23281 0.06092 0.08900
0.34933 -0.05843 0.06699
-0.02656 0.02146 -0.09677
-0.04240 0.02449 -0.09644
0.14694 0.02432 -0.09644
0.03506 0.02371 -0.09652
0.05472 0.02266 -0.09663
-0.47245 -0.04247 -0.08163
0.35176 0.04279 0.02680
0.37169 0.01574 -0.09128
0.42551 -0.05274 0.06859
-0.38628 -0.06041 -0.07293
-0.24619 0.08631 -0.03214
-0.37369 0.08436 0.07089
-0.17582 0.08216 -0.04178
-0.33958 -0.05694 -0.06001
-0.17916 -0.03911 -0.09109
-0.39218 -0.00609 -0.07397
-0.21499 0.03093 -0.09545
0.26913 0.08034 0.02701
0.27229 0.07799 0.06246
-0.21018 0.08338 -0.07108
0.27516 0.08005 0.01853
-0.44913 0.08200 0.06171
-0.45866 0.04418 0.07933
0.09726 -0.05870 -0.03491
-0.09917 -0.05850 0.03407
-0.03428 -0.05857 0.02157
0.07702 -0.05868 -0.06134
0.12080 -0.05873 -0.04248
-0.11172 -0.05849 -0.00789
-0.09042 -0.05851 -0.06396
0.11148 -0.05872 -0.06537
-0.06546 -0.05854 -0.04789
0.10082 -0.05871 -0.07910
-0.15227 -0.05845 -0.07733
0.08459 -0.05869 -0.04405
0.00065 -0.05860 -0.02587
-0.00050 -0.05860 0.01433
-0.09148 -0.05851 -0.01195
-0.10796 -0.05849 0.02039
-0.08523 -0.05852 0.01065
0.08585 -0.05869 -0.03590
-0.15938 -0.05844 -0.08878
0.10222 -0.05871 -0.04457
0.08292 -0.05869 -0.06966
-0.03306 -0.05857 -0.02282
0.13312 -0.05874 -0.08441
0.04107 -0.05865 -0.06746
-0.08007 -0.05852 -0.04962
-0.13197 -0.05847 -0.02594
0.02879 -0.05863 -0.02221
0.06513 -0.05867 -0.05144
0.15224 -0.05876 -0.09070
-0.11747 -0.05848 -0.08385
-0.02545 -0.05858 -0.03270
-0.09178 -0.05851 0.03338
-0.13123 -0.05847 -0.00110
0.06488 -0.05867 -0.08752
-0.09176 -0.05851 0.00982
-0.09048 -0.05851 -0.04044
-0.04951 -0.05855 -0.07407
-0.04897 -0.05855 0.02679
-0.12817 -0.05847 0.03723
0.17725 -0.05879 -0.08094
-0.15835 -0.05844 0.04482
-0.05915 -0.05854 -0.07677
0.12968 -0.05874 -0.06454
0.08718 -0.05869 -0.05408
0.10274 -0.05871 -0.09151
-0.07981 -0.05852 0.04461
0.14327 -0.05875 -0.07049
-0.10014 -0.05850 -0.04424
0.20296 -0.05881 -0.09089
-0.00884 -0.05860 0.00692
-0.11703 -0.05848 -0.04380
-0.09037 -0.05851 -0.08897
0.00326 -0.05861 -0.00023
-0.02847 -0.05857 -0.07384
-0.06344 -0.05854 -0.06131
0.03352 -0.05864 -0.04939
-0.04274 -0.05856 -0.04362
-0.09053 -0.05851 -0.05279
-0.10783 -0.05849 -0.08852
-0.07370 -0.05853 -0.08048
0.02616 -0.05863 -0.03397
-0.03084 -0.05857 -0.05876
0.02614 -0.05863 -0.05845
-0.09249 -0.05851 0.04266
-0.08125 -0.05852 -0.02053
-0.10216 -0.05850 -0.03313
-0.08894 -0.05851 -0.07699
-0.14378 -0.05846 0.08407
0.05332 -0.05866 -0.03550
0.07746 -0.05868 -0.07847
0.02566 -0.05863 -0.04886
-0.14128 -0.05846 -0.06566
0.01395 -0.05862 -0.03227
-0.15636 -0.05844 -0.01734
-0.04193 -0.05856 -0.02076
-0.08479 -0.05852 -0.00262
-0.00623 -0.05860 -0.03068
-0.07299 -0.05853 0.00981
-0.02607 -0.05858 0.01660
-0.12283 -0.05848 -0.09143
-0.06145 -0.05854 0.00005
0.02140 -0.05863 -0.08048
0.19143 -0.05880 -0.08816
-0.05599 -0.05855 -0.04024
-0.08607 -0.05852 -0.08352
0.18820 -0.05880 -0.07956
-0.04187 -0.05856 0.02660
-0.13003 -0.05847 -0.05152
-0.07386 -0.05853 -0.01908
0.02289 -0.05863 -0.00172
-0.04912 -0.05855 -0.02799
0.07068 -0.05868 -0.07917
-0.15323 -0.05845 0.07413
0.05194 -0.05866 -0.07645
-0.15757 -0.05844 0.02755
-0.04300 -0.05856 -0.00622
0.03099 -0.05864 -0.08861
0.00365 -0.05861 -0.06706
0.01639 -0.05862 -0.06377
0.09435 -0.05870 -0.08551
0.20949 0.01029 0.09734
0.04560 0.01751 0.09708
0.16686 0.01829 0.09705
-0.04062 0.01758 0.09708
0.00289 0.01890 0.09703
0.15741 0.01792 0.09706
0.35782 -0.03544 -0.08512
0.35881 -0.03746 -0.07393
0.36187 -0.02411 -0.09495
-0.38080 0.08437 -0.05549
0.38037 -0.02827 -0.06458
-0.21491 -0.03776 0.09147
-0.35578 -0.05785 0.09053
0.42497 0.00767 0.04831
-0.35490 -0.06523 -0.06001
-0.29863 -0.00909 -0.07263
-0.28398 -0.00856 -0.07619
-0.29378 -0.00817 -0.07799
-0.34589 -0.00796 -0.07709
-0.32792 -0.00454 -0.09714
-0.31666 -0.00781 -0.07911
-0.39585 0.08460 0.07881
-0.28995 0.04230 0.09171
-0.38588 0.04921 0.09049
-0.44990 0.05316 0.08980
-0.37463 0.04878 0.09056
-0.27778 -0.06998 -0.07818
0.38711 0.00818 0.04216
-0.45908 0.03779 0.04633
0.43426 0.01582 -0.02846
0.39244 0.03116 -0.00782
0.46736 -0.02951 0.07138
-0.35736 -0.03647 -0.07187
0.38518 0.02426 0.01415
0.37097 -0.01062 0.08399
0.38517 -0.07971 0.08351
-0.45866 0.03578 -0.06313
-0.42111 -0.06998 0.07353
-0.26996 -0.05284 0.06594
-0.27161 -0.01984 -0.08629
-0.35823 0.07048 0.08505
0.36676 0.03333 -0.00267
-0.45438 0.07012 -0.00822
0.41054 -0.08208 0.09639
-0.39566 -0.00761 0.09095
-0.42166 0.08461 0.00434
0.46259 -0.03387 -0.06743
-0.35404 -0.05091 0.09778
-0.26782 -0.06326 -0.07149
-0.40960 -0.08380 0.08821
0.36342 -0.04478 -0.08750
-0.41277 0.00908 0.09520
-0.40485 0.00974 0.09519
-0.39191 -0.03174 0.07210
-0.34617 0.08397 0.01621
-0.34073 -0.06098 0.08430
-0.30112 0.08463 0.05348
0.22295 0.08169 0.03530
0.24409 0.03745 0.08935
0.26112 0.08072 0.03327
0.44871 -0.01337 -0.07620
0.07976 -0.01849 0.09507
-0.11638 0.08312 -0.07409
-0.02119 0.08302 -0.07339
-0.14038 0.08314 -0.07220
-0.08385 0.08308 -0.07495
-0.00482 0.08300 -0.07224
0.36438 -0.05370 0.09791
-0.20582 0.08414 0.00424
-0.36300 -0.00422 0.09915
-0.18027 -0.00869 -0.09740
-0.26749 -0.02771 0.09497
-0.45746 0.05761 -0.07184
0.03930 0.02271 0.09665
0.19881 0.02353 0.09655
0.36419 -0.03629 -0.09554
0.43861 0.01144 -0.02009
-0.16728 0.08195 0.01810
-0.45769 0.05046 0.04916
0.27040 0.07092 0.08532
-0.22297 -0.04831 -0.09020
-0.34481 0.05977 0.08826
-0.30923 0.06181 0.08774
-0.32879 0.05337 0.08974
-0.27976 0.05760 0.08869
0.43119 0.02230 -0.01578
-0.33145 -0.02265 -0.06387
0.34115 0.05234 -0.05450
-0.08624 0.08322 -0.03362
0.05508 0.08405 -0.03305
-0.24688 0.08568 0.04416
-0.31717 0.08698 -0.01071
-0.29646 0.08692 -0.01257
0.36526 -0.03584 0.08101
-0.26224 -0.04688 -0.09390
-0.28601 0.08621 0.01321
-0.45678 -0.00923 0.07118
-0.21867 0.08356 -0.07111
0.26359 0.08057 0.00486
-0.43555 0.08261 0.05235
-0.33354 -0.07299 0.09444
-0.46076 0.01232 -0.01398
0.27893 -0.05902 -0.07280
0.28738 -0.05899 -0.05779
0.28064 -0.05902 -0.00748
0.28471 -0.05900 0.00177
0.27804 -0.05903 -0.01722
0.28683 -0.05900 -0.03644
0.29340 -0.05897 -0.05348
0.28112 -0.05902 -0.06018
-0.27769 -0.07573 0.07817
-0.36057 -0.06872 0.06746
-0.27070 0.08179 0.06390
-0.40103 -0.04035 -0.06651
-0.36668 0.08496 -0.04411
-0.37158 0.08326 0.06134
-0.20159 0.01460 0.09719
0.17056 -0.01173 0.09734
-0.43825 -0.01619 -0.09103
-0.16595 0.07713 -0.08295
-0.38504 0.08422 0.03997
-0.34466 0.08404 0.04125
-0.32959 0.00938 -0.09518
0.38586 0.01615 -0.02649
0.23584 0.03088 0.09549
0.37612 0.00773 0.09493
0.44463 -0.05693 0.08003
0.09405 0.08502 0.00627
-0.02043 0.08503 0.00690
0.12497 0.08501 0.00748
0.07618 0.08502 0.00686
0.05796 0.08502 0.00705
0.13586 0.08501 0.00559
-0.43404 0.08266 -0.01038
-0.45611 0.00447 0.04858
-0.45693 -0.06606 -0.01058
0.36497 0.02910 0.02608
0.40074 -0.04369 -0.06716
-0.46014 -0.05773 0.07545
0.25877 0.07864 -0.06792
0.30882 0.04969 0.08612
-0.29472 0.08252 -0.06245
0.36455 -0.04521 0.09452
-0.37260 0.02113 -0.09484
0.42497 0.02296 0.05252
0.41062 0.01070 0.03438
0.43826 0.01439 -0.07654
-0.35283 0.08448 -0.05876
-0.19313 0.08559 0.04525
-0.31293 0.08567 -0.07646
0.42801 -0.01588 0.09077
0.41350 -0.02641 0.06859
0.33522 0.06520 0.03695
-0.45903 0.01893 -0.07583
-0.35564 -0.06891 -0.07580
-0.33854 -0.05513 -0.07799
-0.40116 -0.08291 -0.08276
-0.36431 -0.07298 0.09218
-0.45756 0.03490 -0.07131
-0.43083 0.08368 -0.02509
0.36995 -0.06604 0.07349
-0.37976 -0.00829 0.06392
-0.45799 -0.02229 0.09670
-0.41119 -0.04125 -0.06615
0.36566 -0.03564 -0.08517
-0.42489 -0.06450 -0.06846
-0.45603 0.00466 0.01769
-0.45603 0.00853 0.03466
-0.45603 0.00432 0.02702
-0.45603 0.00722 -0.04796
-0.35621 -0.03129 -0.06525
0.37621 -0.01370 -0.06001
-0.22298 0.08599 -0.00830
-0.33566 -0.02714 -0.08994
-0.26708 -0.06425 -0.08408
0.41535 -0.08075 -0.08108
-0.45249 -0.01842 -0.04750
-0.44744 -0.02160 -0.05248
-0.29347 -0.08297 0.06611
-0.46011 0.00386 0.04064
-0.18188 0.08474 -0.00534
-0.43796 0.08282 0.00199
-0.46070 0.02243 -0.01179
0.37442 -0.07135 0.07292
0.39012 -0.08096 -0.09591
-0.43784 0.01162 -0.09531
0.43887 0.01831 0.05832
0.44790 0.01216 -0.00692
-0.27879 -0.07885 0.06239
-0.11748 0.08287 0.03282
-0.15657 0.08185 0.03327
0.38135 0.02682 0.06295
-0.38527 -0.08234 0.09719
-0.36289 0.03049 0.09362
-0.39558 0.03226 0.09342
-0.40781 -0.04114 0.06691
0.29973 0.07893 -0.01889
0.28436 0.07966 -0.03738
0.27685 0.07996 -0.03913
-0.33596 0.00021 -0.09687
-0.39770 0.08428 -0.04170
0.39393 -0.00706 -0.05996
-0.07502 0.03381 0.09508
0.05814 0.03417 0.09499
-0.04916 0.03507 0.09484
0.39278 -0.07757 0.08584
0.28001 0.07982 -0.02133
-0.45435 0.04005 -0.06641
-0.47249 -0.03754 0.01676
0.32285 0.07564 -0.03073
-0.08340 0.08343 -0.01464
-0.13945 0.08221 -0.01546
0.24458 0.07604 -0.08355
0.43813 -0.03288 0.08098
-0.19318 0.03554 -0.08949
-0.18877 0.04888 -0.08640
-0.17908 0.03907 -0.08867
-0.42292 -0.07407 0.09523
-0.31893 -0.01093 0.08724
-0.45592 0.03746 0.06514
0.42222 0.00987 -0.05235
0.42180 -0.07302 0.08704
-0.43201 -0.02373 -0.07793
-0.36774 0.02582 0.09426
-0.37468 0.02377 0.09457
0.13771 0.08185 -0.04183
0.20916 0.08186 -0.04345
0.05122 0.08185 -0.04293
0.09525 0.08185 -0.04157
-0.26664 0.02782 0.09396
0.10331 0.07717 -0.08251
-0.08086 0.07692 -0.08310
0.39877 0.00301 0.08729
-0.26355 -0.03659 0.07251
0.44174 -0.04272 0.08271
-0.24204 0.08318 -0.01948
0.41113 -0.06752 0.06859
-0.41512 -0.07571 0.07725
-0.46326 -0.05147 0.04835
-0.29388 -0.00693 0.06454
-0.31144 -0.08127 -0.06711
-0.47375 -0.04701 0.01478
0.41436 -0.05535 0.07535
-0.23374 0.01978 -0.09706
-0.45912 0.01297 0.08210
-0.32151 -0.03332 -0.06453
0.40372 0.02892 0.01883
-0.16732 0.04158 -0.09369
-0.47134 -0.04874 -0.04346
-0.30706 -0.00287 0.08355
-0.45149 -0.00761 -0.02339
-0.39466 0.08234 0.06586
-0.36957 -0.01331 0.06546
-0.26081 -0.05964 -0.08380
0.46037 -0.04976 -0.00338
0.39079 0.01374 0.09432
-0.33521 -0.01952 0.09746
0.47413 -0.01964 0.03239
-0.31580 0.08220 -0.06927
-0.31925 -0.07841 0.07623
-0.38659 -0.00698 -0.08976
0.25970 -0.00569 -0.09747
-0.40161 -0.00706 0.06239
-0.23232 0.02264 0.09535
-0.35121 0.08409 0.03681
-0.40891 0.08234 -0.06483
-0.26808 -0.01797 0.08257
0.30088 0.02887 -0.09458
-0.27605 -0.01051 -0.07903
0.40364 -0.05811 0.04047
0.41424 -0.05812 0.03880
0.44762 -0.05876 0.05282
0.44484 -0.05849 0.04502
0.43860 -0.05737 0.01184
0.44266 -0.05889 0.05785
0.44509 -0.05790 0.02704
0.40351 -0.05849 0.05221
0.43476 -0.05809 0.03434
-0.46292 -0.02213 0.02154
-0.30598 0.02028 -0.09485
0.41720 -0.00933 0.08788
-0.05595 0.08331 0.02375
0.46924 0.00944 -0.03719
0.39151 0.00258 -0.09549
0.02509 0.07307 -0.08522
0.18043 0.07609 -0.08380
0.01801 0.07304 -0.08523
-0.04698 0.07399 -0.08484
-0.13675 0.07501 -0.08442
-0.28643 -0.03199 0.06853
-0.38589 0.08474 -0.07107
0.11834 -0.03885 0.09162
0.16520 -0.03909 0.09145
-0.37170 -0.07789 0.09793
0.35035 0.03689 0.05938
-0.38609 0.08717 0.04889
-0.35752 -0.05281 -0.08054
-0.01723 -0.01836 -0.09509
-0.42550 0.08458 0.05642
-0.26363 0.06648 0.08633
0.41336 -0.08272 -0.09024
-0.45815 -0.01055 0.00128
0.45692 -0.01325 -0.07515
0.46685 -0.04525 -0.05210
-0.28332 -0.01087 0.06801
-0.45274 0.04738 0.09087
0.37797 0.00663 -0.09082
0.42542 -0.07676 -0.07581
0.39010 -0.00799 0.08755
0.43029 -0.05736 -0.00704
0.38280 -0.05809 -0.03102
0.43962 -0.05722 -0.00410
0.36319 -0.05840 0.02431
0.41249 -0.05764 -0.00837
0.35923 -0.05846 -0.03986
0.35131 -0.05858 0.00674
0.39941 -0.05784 -0.00001
0.36127 -0.05842 0.05166
0.41007 -0.05767 0.01483
0.38966 -0.05799 0.00583
0.37536 -0.05821 0.03653
0.39104 -0.05797 0.03335
0.36825 -0.05832 -0.04602
0.36732 -0.05833 0.01469
0.37445 -0.05822 -0.00136
0.36863 -0.05831 -0.01871
-0.36354 -0.07085 -0.06946
0.24637 0.08107 0.05066
0.42890 -0.01656 -0.06867
-0.27726 0.08675 -0.04990
-0.40268 -0.03517 -0.07265
-0.34242 -0.03822 0.09756
-0.42846 -0.03812 0.08664
0.46156 -0.01860 0.08703
-0.29380 -0.00694 -0.08440
0.31982 0.03342 -0.10958
0.47401 -0.01543 0.00735
0.39842 0.00523 0.07434
-0.42760 -0.05886 -0.08799
0.46522 -0.00285 -0.05741
-0.30486 -0.00647 -0.09117
-0.42992 0.08382 -0.03729
-0.28582 0.08367 0.05692
0.41303 0.02356 -0.07891
0.26524 -0.05907 -0.07896
0.26705 -0.05907 -0.05628
0.28429 -0.05901 0.05579
0.26909 -0.05906 -0.01986
0.27215 -0.05905 0.03301
0.27608 -0.05903 0.00788
0.27256 -0.05905 -0.03119
0.28372 -0.05901 0.09055
0.28911 -0.05899 0.06519
0.27164 -0.05905 -0.00438
-0.33646 0.08561 -0.01429
-0.34056 -0.03958 0.06239
-0.45959 0.00696 -0.05800
0.25684 0.07949 0.07106
0.44164 -0.05063 0.07230
0.41485 -0.06933 -0.06458
-0.32074 -0.06945 0.07741
-0.27614 -0.01044 0.08513
-0.45884 0.05379 -0.07730
0.23634 0.08149 0.04223
0.36289 -0.04694 -0.06387
0.39303 -0.02174 -0.06241
0.36988 -0.01975 -0.06447
0.36704 -0.03794 -0.06391
0.39067 -0.03039 -0.06223
0.46216 -0.02500 0.08318
0.31257 -0.00037 -0.09754
-0.30214 -0.08688 0.09756
0.39941 -0.08346 0.08371
0.42713 -0.06023 -0.03136
0.40322 -0.05875 -0.03129
-0.33064 -0.04149 0.07505
0.09832 -0.02317 -0.09592
-0.41650 -0.07332 0.09612
-0.29179 0.08394 -0.04146
-0.32620 0.08407 -0.03483
-0.33161 -0.06906 -0.09517
-0.47245 -0.02354 0.08676
0.34182 0.03558 0.09174
-0.39465 -0.08780 -0.07998
-0.39987 -0.01003 0.08173
0.43371 0.02090 -0.03478
0.41954 0.02417 -0.05563
0.34607 -0.05710 -0.08965
-0.38385 -0.05953 0.06731
-0.41421 0.08583 0.07770
0.14204 0.08259 -0.01476
0.12295 0.08293 -0.01459
-0.29830 -0.06301 0.06691
-0.32265 -0.03957 0.06691
-0.45980 0.03136 0.03102
0.40389 -0.00133 -0.06394
0.46991 -0.00015 -0.01137
0.33157 0.06634 -0.05681
-0.45054 -0.00739 -0.06111
-0.41858 -0.01652 -0.06001
0.44302 -0.06083 -0.07328
-0.27319 -0.07763 -0.07814
-0.37013 -0.03069 -0.06453
0.42076 -0.04438 0.06696
-0.26422 -0.05377 0.08385
0.38852 0.00983 0.00761
-0.38688 -0.08278 0.07944
-0.35375 0.08534 0.00545
0.18593 -0.05077 -0.08845
-0.02520 -0.05042 -0.08835
0.14300 -0.05082 -0.08853
-0.08369 -0.05074 -0.08864
0.46394 -0.04368 -0.03568
-0.28176 -0.06946 0.08339
-0.45270 -0.01782 0.07423
0.24626 0.04012 -0.08840
0.24817 0.06682 -0.08218
0.41653 0.02549 0.04339
-0.16585 0.02979 -0.09578
0.03481 -0.00916 0.09742
0.40376 0.02875 0.03852
-0.45750 0.03081 -0.04257
0.42156 -0.07818 0.09628
-0.44941 -0.04741 -0.09863
-0.45985 -0.03875 -0.09929
0.23330 0.07190 0.08565
-0.18079 0.08227 -0.03658
-0.23388 0.07881 -0.08191
0.33160 0.05597 0.08500
-0.30950 -0.08223 -0.08141
0.34764 0.04600 0.04420
0.42072 0.02477 0.02743
0.26304 0.08059 -0.00814
0.31402 -0.05898 0.05348
0.31893 -0.05898 0.08848
0.30734 -0.05897 0.07766
0.29381 -0.05897 0.08286
0.29425 -0.05897 -0.03151
0.31586 -0.05898 0.07072
0.31050 -0.05898 0.00333
0.29851 -0.05897 0.08954
0.32477 -0.05898 0.08509
0.29887 -0.05897 0.01142
0.30001 -0.05897 0.00249
0.30022 -0.05897 0.03051
0.45571 -0.03102 -0.00305
0.45336 -0.04307 -0.03342
0.45080 -0.05463 -0.01651
0.45318 -0.04356 -0.02152
0.45106 -0.05361 -0.02315
-0.28552 -0.03887 0.06691
0.31664 0.04878 0.08698
0.26060 -0.01698 -0.09601
-0.47244 -0.04288 -0.09053
0.38730 0.02922 0.08519
0.27350 0.02304 -0.09672
-0.41833 -0.01745 -0.08531
0.38889 -0.06440 0.06696
-0.37409 -0.07062 -0.08160
0.38415 0.01212 0.06523
0.44627 -0.04646 0.09233
0.32972 0.00293 0.09746
0.43047 0.02168 -0.04247
-0.16630 -0.05841 0.04877
-0.20524 -0.05817 -0.08523
-0.16728 -0.05840 -0.03490
-0.19448 -0.05823 -0.04416
-0.16819 -0.05840 0.00135
-0.18581 -0.05829 -0.01578
-0.17459 -0.05836 -0.03727
-0.17252 -0.05837 -0.02729
-0.17971 -0.05832 -0.01128
-0.17622 -0.05835 -0.06663
-0.16442 -0.05842 -0.08102
-0.18925 -0.05826 -0.03496
-0.16229 -0.05843 0.05526
-0.45849 0.02525 0.07129
-0.47534 -0.06086 -0.04721
-0.19271 -0.02837 0.09484
0.30099 -0.00375 0.09750
0.44597 -0.04876 -0.07144
-0.42911 -0.05238 0.08219
0.31227 -0.01049 0.09793
-0.43022 -0.00875 0.09686
0.06410 -0.00606 -0.09746
-0.45068 0.04638 0.06507
0.07046 0.08137 0.05569
0.20461 0.08126 0.05550
-0.24447 -0.04825 0.00714
-0.25127 -0.04528 -0.01530
-0.23803 -0.05106 0.08806
-0.25139 -0.04523 -0.07111
-0.25082 -0.04547 -0.05212
-0.25107 -0.04536 0.00622
-0.24602 -0.04757 0.03597
-0.43969 0.08389 -0.05764
0.23499 0.08121 -0.05608
-0.30857 0.01059 0.09521
-0.40763 0.08490 0.03443
0.27637 0.04187 -0.08800
0.27655 0.01180 0.09727
-0.45419 0.06829 -0.05885
0.46476 -0.02311 0.06914
0.41643 0.01105 -0.03214
-0.43299 -0.05540 -0.07344
0.35256 0.04350 0.00218
-0.24798 0.01333 -0.09726
-0.28839 -0.08179 0.07901
-0.34369 -0.04183 0.08796
-0.29340 0.07961 0.08107
-0.37290 -0.01075 -0.06501
0.43974 -0.05754 -0.09511
-0.28857 0.08387 -0.01739
-0.41125 -0.07832 0.07263
-0.45955 0.03895 0.02609
-0.39486 -0.00684 -0.08798
0.23469 0.07918 0.06388
-0.35833 -0.01790 0.08927
0.46911 -0.02673 0.06547
0.43661 0.00929 -0.02726
-0.32344 0.08700 -0.04665
-0.30259 -0.04027 -0.06273
0.47369 -0.01623 -0.04317
-0.31639 0.08221 0.06417
-0.34724 0.07652 0.08312
0.34232 0.05771 0.00249
0.37075 0.03048 -0.03279
0.32756 -0.05590 0.09168
-0.28036 -0.07671 -0.08064
-0.27692 0.08415 -0.05923
0.47514 -0.04708 0.04480
0.32385 -0.05898 0.03217
0.31935 -0.05898 -0.04726
0.32036 -0.05898 -0.07604
0.31199 -0.05898 -0.08479
0.32816 -0.05898 -0.06387
0.33373 -0.05898 -0.08113
0.33096 -0.05898 -0.02057
0.33647 -0.05898 -0.00437
0.33373 -0.05898 -0.01305
0.29696 -0.05897 -0.08120
0.31777 -0.05898 -0.06956
0.33011 -0.05898 0.05001
0.33354 -0.05898 0.06624
0.23828 -0.05862 0.02095
0.23270 -0.05879 -0.06859
-0.41971 -0.00725 -0.08781
-0.31937 -0.00763 0.09756
0.43320 0.01912 0.01288
-0.44176 -0.02504 0.06986
-0.45360 -0.01736 0.06595
-0.19680 0.03344 0.09021
-0.32710 -0.01132 -0.07488
-0.35320 -0.03755 0.06675
0.39592 -0.08324 0.06861
0.36438 0.03204 -0.06424
-0.37081 -0.04636 -0.07370
-0.45314 -0.06387 -0.08162
-0.29054 -0.01252 0.07302
-0.43887 0.08432 0.01871
0.28219 0.02429 0.09658
-0.31445 -0.04719 -0.07011
-0.34867 -0.02816 0.07300
-0.29415 -0.02912 0.07300
0.31741 0.05079 -0.11393
-0.34558 -0.00527 0.09289
-0.32974 -0.00710 0.08380
-0.31657 -0.00757 0.08172
-0.33697 -0.00466 0.09633
-0.38007 -0.00769 0.07905
0.46800 -0.03399 -0.05445
-0.28583 -0.00732 -0.08434
0.40004 -0.05019 0.07351
-0.27479 -0.07161 -0.06737
-0.25898 -0.03265 -0.07185
0.44585 0.00402 -0.07796
0.37749 -0.07317 -0.08323
0.38183 0.01574 0.09473
-0.42257 -0.02301 0.09497
0.22008 0.08174 -0.03723
0.42838 0.02269 0.02181
-0.15477 -0.02209 0.09613
0.37883 0.02526 0.08927
-0.03436 -0.01661 -0.09610
-0.27557 -0.00728 -0.09117
0.36419 0.03015 -0.03149
0.37433 -0.04028 0.06345
0.38382 -0.03286 0.06297
0.39159 -0.02827 0.06251
0.42415 -0.01844 0.06016
0.23587 0.04812 -0.09236
-0.36223 0.03133 -0.09348
-0.23545 -0.01708 -0.09557
-0.29486 -0.05433 0.07003
0.30093 -0.02217 0.09621
-0.45968 0.03340 0.03767
0.44078 -0.05334 -0.07526
0.04500 0.08185 0.03361
0.16700 0.08186 0.03867
0.05444 0.08185 0.03836
0.12124 0.08185 0.03386
0.08554 0.08185 0.03604
0.21068 0.08186 0.03672
-0.32937 -0.07059 -0.08385
-0.33186 -0.06700 -0.06001
-0.37016 -0.08266 -0.08430
-0.33192 -0.02219 0.06934
0.47465 -0.02259 -0.03746
0.40179 0.02892 0.04991
-0.45690 0.05712 -0.06004
0.45552 0.00365 -0.06692
0.45502 0.00691 -0.05599
0.45765 -0.00687 -0.06161
0.43614 -0.00322 -0.09135
-0.31749 -0.06809 0.06751
-0.26418 -0.05669 -0.09479
-0.08057 0.08183 -0.00004
0.01089 0.08184 -0.00167
0.18098 0.08185 -0.00070
-0.47375 -0.04545 -0.05122
-0.45897 0.00857 -0.09172
-0.30643 -0.02383 0.06691
-0.45665 -0.01717 -0.07910
0.46335 -0.05288 -0.02753
-0.47245 -0.03584 -0.09843
0.29164 0.08036 -0.07210
-0.13739 -0.00894 -0.09740
-0.26736 -0.02790 -0.09555
0.24002 0.08142 -0.02243
0.38400 0.02491 0.03025
0.11328 0.08157 0.07116
0.16279 0.08173 0.07124
0.21518 0.08109 0.07101
0.29179 0.07927 -0.01074
-0.45630 -0.06654 0.01965
0.18970 0.08243 -0.07150
0.11689 0.08064 -0.07076
0.14788 0.08211 -0.07136
-0.26520 -0.03048 -0.08634
0.46897 -0.03516 -0.06084
0.43313 -0.07598 -0.07862
0.40605 -0.08346 -0.05996
-0.23469 0.07476 0.08499
0.45160 -0.00132 0.07737
0.46652 -0.05298 0.03892
0.38900 -0.06428 -0.06621
-0.26256 -0.04413 -0.07376
-0.34702 0.08707 -0.01032
-0.30994 -0.04643 0.06680
-0.35639 -0.02876 0.09793
0.42736 -0.01445 0.06889
0.43741 -0.03548 0.07142
0.33746 0.06376 -0.02332
0.33701 0.06333 -0.03053
0.41324 0.01261 0.09287
-0.30594 -0.00273 -0.06957
0.41862 0.01774 0.08911
0.21800 0.08492 -0.04724
0.41629 -0.05037 0.06746
0.46481 -0.02045 -0.06807
-0.26298 0.08635 0.02664
-0.28615 0.08658 0.02575
-0.36721 0.08423 -0.00285
-0.38791 -0.04742 -0.06421
-0.38177 -0.03807 0.07057
0.41813 -0.06935 0.06759
-0.44012 -0.02616 -0.06087
-0.29384 -0.08218 0.09419
0.12576 -0.00359 0.09754
0.01584 -0.00816 -0.09742
0.35923 0.03613 0.06680
-0.40049 0.02344 0.09467
-0.16954 0.04695 0.09260
-0.34437 0.03964 0.09228
-0.42285 0.04256 0.09176
0.25573 0.02599 0.09623
-0.22820 0.08206 0.05980
-0.18613 0.07864 0.08109
0.43658 0.01534 0.00063
-0.23278 -0.01698 0.09569
-0.38791 -0.08781 -0.06687
0.44105 -0.04238 -0.06736
-0.17813 0.08132 0.07059
-0.37642 -0.00967 -0.08022
0.39536 -0.06094 0.06859
-0.24072 0.02617 0.09567
0.44879 -0.02714 0.05902
-0.32430 -0.04999 -0.06453
-0.19994 0.08257 0.03843
-0.17412 -0.05113 -0.08934
0.37471 -0.01706 -0.08114
0.45548 -0.03107 -0.05750
0.45752 -0.02092 -0.04593
0.45757 -0.02209 -0.01898
0.45198 -0.04964 -0.05496
-0.21803 0.08591 0.05148
-0.28910 0.08662 0.05027
-0.20369 0.02819 -0.09603
0.27737 0.07952 0.07147
-0.45403 0.08075 -0.03412
-0.39646 -0.04815 -0.06298
0.37335 -0.07048 -0.09298
-0.36227 -0.01979 -0.07842
-0.31396 -0.08605 -0.07127
0.39606 -0.00645 -0.08135
0.43145 -0.01219 -0.06098
0.37244 -0.06753 -0.06217
0.33963 -0.05894 -0.07540
0.33929 -0.05894 0.01625
0.33723 -0.05897 -0.02419
-0.28043 0.00935 0.09521
-0.28326 -0.01051 0.08149
0.37915 -0.07445 0.08216
-0.05386 0.08183 -0.01568
0.08777 0.08183 -0.01802
0.03231 0.08183 -0.01723
-0.01284 0.08183 -0.01876
-0.02381 0.08183 -0.01880
-0.33122 0.00344 0.09521
-0.45668 0.06248 0.02544
-0.26248 0.06357 -0.08724
0.38138 0.02367 0.06977
0.39706 -0.05849 -0.06515
-0.42029 -0.01912 0.08345
-0.30643 0.08392 -0.01687
0.45931 -0.01667 0.00203
0.34913 0.03423 -0.07946
-0.37974 -0.02808 -0.07609
0.25240 -0.01587 0.09704
-0.42536 0.00323 -0.09518
-0.38170 0.00271 -0.09518
-0.40720 -0.01083 0.09779
-0.28387 -0.08275 0.09756
-0.46240 -0.00801 0.00728
0.23754 0.03972 0.09394
0.25989 0.05682 0.08451
0.23501 0.07397 -0.08470
0.47210 0.00720 -0.00209
0.32368 0.02782 -0.10318
0.38899 0.00709 0.09442
-0.41015 0.08583 0.07190
-0.32382 0.00194 -0.09530
-0.42458 0.08462 -0.03217
-0.28647 -0.04947 -0.07255
-0.44747 0.06695 0.00317
-0.27258 -0.07054 -0.08234
-0.19988 0.01586 -0.09712
0.42418 0.00483 0.01514
0.39842 0.00483 0.00701
0.43510 0.00483 0.00793
0.39879 0.00483 0.01723
0.39860 -0.05038 0.06710
0.39104 -0.01638 0.07867
-0.34823 -0.04559 0.09247
-0.37841 -0.03071 -0.06453
-0.22154 0.04175 0.08812
0.43413 -0.00709 0.08442
-0.26991 -0.02379 -0.07374
0.34361 -0.05888 0.04798
-0.41221 -0.00780 -0.07604
-0.39722 -0.00549 -0.09487
-0.37204 -0.00507 -0.09563
-0.39865 -0.00705 -0.08113
-0.35947 -0.06694 0.08605
0.30424 0.07868 -0.00701
0.43064 -0.00742 0.07493
-0.34646 0.07967 -0.08112
0.42046 0.01977 0.07840
0.36433 -0.04591 0.07436
0.39408 -0.00238 0.08487
0.14308 0.08448 -0.02486
-0.45101 -0.04908 0.09851
0.32056 0.02253 -0.09885
0.29577 0.01624 -0.09713
-0.04779 -0.02242 0.09608
0.27927 0.07984 -0.00719
0.40863 -0.05436 -0.06765
0.22696 -0.04067 0.09061
-0.05537 -0.03988 0.09073
0.14927 -0.04049 0.09064
0.09231 -0.04010 0.09071
0.03630 -0.04092 0.09052
0.37929 -0.07553 0.07135
0.34660 0.01780 -0.09513
-0.37084 -0.07692 0.07822
-0.27365 -0.07308 0.09756
-0.12746 0.01233 -0.09725
-0.12088 0.01090 -0.09730
-0.08321 0.01592 -0.09712
0.09109 0.01808 -0.09703
0.10103 0.01623 -0.09710
0.02126 0.01886 -0.09701
-0.10520 0.01110 -0.09729
-0.15585 0.01531 -0.09714
-0.45833 0.04830 -0.03271
0.23366 0.06128 -0.08890
0.27462 0.07902 -0.05832
-0.27271 0.07027 -0.08513
0.47558 -0.01828 -0.01528
-0.46523 -0.05722 -0.06629
0.43871 -0.01714 -0.05901
0.45271 -0.04319 -0.05860
-0.30376 -0.08361 -0.07683
-0.43111 -0.02976 0.09686
0.38082 -0.00326 0.08786
0.45229 -0.04707 0.00105
0.45159 -0.05077 0.01199
0.45281 -0.04511 0.01668
0.45201 -0.04939 0.03085
-0.20292 0.08393 0.07229
0.42541 0.02253 -0.05862
-0.31738 0.04193 -0.09177
-0.34905 0.04157 -0.09188
-0.38840 -0.08275 -0.07240
0.39321 0.00483 0.06397
0.42310 0.00483 0.02851
0.39555 0.00483 0.05681
-0.28981 -0.03385 -0.07521
0.35039 0.03448 0.07596
-0.19249 -0.05453 -0.09182
0.39228 -0.00781 -0.06949
-0.42684 -0.05792 0.09176
0.41628 -0.03790 -0.07254
0.35360 -0.00634 0.09486
-0.32472 -0.04575 0.07994
-0.24305 -0.02551 0.09402
-0.32232 0.00067 0.09640
0.01541 -0.00038 -0.09757
0.36434 -0.06417 0.09138
0.44086 0.01028 -0.06164
0.38849 -0.00867 0.06695
0.41124 -0.00732 -0.08481
-0.34116 -0.03039 -0.06031
-0.19642 -0.05822 -0.02941
-0.20123 -0.05819 0.02542
-0.18271 -0.05831 0.08054
-0.20672 -0.05816 0.04365
-0.17277 -0.05837 0.07588
-0.19714 -0.05822 0.01930
-0.19443 -0.05823 0.08528
-0.17644 -0.05834 0.04322
-0.18776 -0.05827 0.03900
-0.19072 -0.05826 0.05305
-0.19499 -0.05823 0.06975
-0.20806 -0.05815 0.05260
-0.20648 -0.05816 0.07704
-0.04544 -0.00307 -0.09752
0.18515 -0.04058 -0.09060
-0.11808 -0.04046 -0.09056
-0.01996 -0.04232 -0.09017
-0.13948 -0.04092 -0.09045
-0.05602 -0.04461 -0.08965
0.26958 0.08029 0.00053
0.22666 0.08480 0.05022
0.42962 0.02155 0.02844
-0.35289 -0.04318 0.07300
0.41382 0.02606 -0.04595
-0.26742 -0.06647 -0.09518
0.12316 0.08132 -0.05624
0.08020 0.08138 -0.05554
0.30558 -0.04033 0.09074
-0.26340 -0.03642 -0.07535
0.35381 -0.04459 0.08250
-0.44930 -0.01537 -0.09259
-0.45617 -0.00189 -0.03029
0.35030 -0.02766 0.09338
0.43939 0.01716 0.07073
-0.31062 -0.08189 -0.08827
-0.31228 0.08417 0.01501
0.47328 -0.01726 0.04735
-0.39928 0.02451 -0.09448
-0.41472 0.02482 -0.09446
-0.23824 0.08621 -0.04741
0.06065 0.03347 -0.09510
0.12295 0.03515 -0.09477
-0.26510 -0.05891 0.07076
0.39769 0.00483 -0.01568
0.41792 0.00483 -0.00155
0.40141 0.00483 -0.02291
0.39123 0.00483 -0.03051
-0.39800 -0.06250 0.06853
0.39716 -0.00105 -0.09059
-0.26633 -0.06096 0.08556
0.22777 0.08448 -0.02513
-0.38510 -0.00679 0.08323
-0.41634 -0.05677 0.06853
-0.00796 0.08333 0.00410
-0.03103 0.08402 0.00448
-0.19713 0.08031 0.06238
0.16790 0.08185 0.00183
0.10136 0.08185 0.00037
-0.31226 -0.05515 0.07553
0.38465 -0.07833 -0.07356
0.44516 0.00766 -0.03267
-0.27863 -0.04541 0.07940
0.30291 0.01375 0.09721
-0.00751 0.08184 0.04152
0.13960 0.08185 0.04238
0.06560 0.08185 0.04267
-0.01362 0.08184 0.03747
-0.13627 0.08183 0.03764
0.02714 0.08184 0.04118
0.41761 0.02551 -0.03370
-0.46836 -0.02865 0.08862
0.46149 -0.05446 0.01230
-0.40878 -0.04722 -0.06453
0.29204 0.06367 0.08310
0.27774 0.06742 0.08218
-0.16867 0.06876 0.08700
0.41891 -0.03832 -0.06458
-0.16695 0.05286 0.09123
-0.28883 0.08447 -0.00497
-0.35002 -0.04978 -0.09518
0.45743 -0.00380 0.02919
-0.33025 -0.07031 0.06680
0.34863 0.03791 -0.06389
-0.01368 0.08349 0.05257
0.00656 0.08425 0.05211
-0.42006 -0.07083 -0.08728
-0.41931 -0.00973 0.07844
-0.30473 -0.08266 0.08844
0.44520 0.01622 0.06015
-0.45949 0.02303 -0.08771
-0.46414 -0.05812 0.03229
0.37730 0.03588 0.06737
-0.28904 -0.02450 -0.06615
-0.10329 0.02822 -0.09594
-0.02133 0.02710 -0.09609
-0.08878 0.02746 -0.09605
-0.21904 0.08594 -0.02844
-0.18457 0.02531 -0.09637
0.44592 0.00851 0.02660
0.44368 -0.03814 0.09791
0.38076 -0.04571 -0.07299
-0.31200 0.01832 0.09510
-0.46040 0.01281 -0.02852
0.47217 -0.04889 -0.04128
-0.38498 -0.08253 -0.07864
-0.42006 0.08584 -0.07347
-0.22486 -0.05536 0.00861
-0.22914 -0.05405 -0.08142
-0.23222 -0.05311 -0.07147
-0.22011 -0.05681 -0.03603
-0.23112 -0.05344 -0.09009
-0.22491 -0.05534 -0.00833
-0.35345 -0.03759 -0.09140
0.10046 -0.01007 0.09740
0.37590 0.03327 -0.01027
0.39130 0.03089 -0.05296
-0.36109 -0.02128 0.07472
0.40077 0.02962 -0.00746
-0.35010 0.08613 -0.03322
0.47531 -0.04116 -0.03481
-0.27640 -0.08009 0.09665
-0.39048 -0.08668 -0.06001
-0.38415 -0.00713 0.09793
-0.38509 -0.06652 0.06853
0.47096 0.00930 0.00811
-0.37837 -0.00962 0.09052
0.42193 0.02238 -0.07568
0.01518 -0.02206 -0.09615
-0.23338 0.08296 0.01617
-0.32907 -0.01780 -0.07277
0.44759 0.01533 0.02141
-0.44068 0.06752 -0.08627
-0.41768 0.06694 -0.08642
-0.42906 -0.04983 -0.08668
0.31673 0.07562 -0.06069
0.35770 0.03763 0.00944
0.11507 0.08343 -0.00501
-0.45882 -0.01489 0.02119
0.40885 0.00483 -0.05782
0.42550 0.00483 -0.07068
0.39872 0.00483 -0.07383
0.34322 0.04524 0.06693
0.33834 -0.01666 -0.09583
0.38074 -0.01287 -0.09064
-0.16438 0.02950 0.09582
0.40479 0.02790 -0.06538
-0.47146 -0.02368 0.01452
0.43179 -0.01844 0.07290
0.28247 -0.01277 -0.09724
-0.28891 -0.08201 -0.09136
-0.28153 -0.08331 -0.07024
-0.26631 -0.07006 0.08077
0.34867 0.00429 0.09542
-0.46341 -0.03142 0.09979
0.33292 -0.03454 0.09355
0.34291 0.03934 0.08133
0.42890 -0.07922 0.09649
-0.26108 0.08156 -0.07002
-0.25388 0.05920 -0.08980
-0.26975 -0.01580 -0.07951
-0.43792 -0.02590 0.07759
0.45298 0.01479 -0.04005
-0.42700 -0.02987 -0.08170
0.25637 0.08092 -0.02160
-0.37188 -0.08216 -0.06001
-0.31398 -0.08604 0.09340
-0.46103 0.01378 0.00116
0.44321 -0.00031 0.09068
0.39256 -0.07728 -0.07001
0.30322 0.07868 0.04574
-0.21529 -0.05741 -0.07061
-0.21093 -0.05788 0.00796
-0.21781 -0.05713 -0.08029
-0.39335 -0.00624 0.07344
-0.36631 -0.07478 -0.09051
-0.45854 -0.05803 -0.05026
0.45705 -0.00202 -0.03378
-0.45607 0.02114 -0.03864
-0.45608 0.02189 -0.03146
-0.45605 0.01635 -0.05595
-0.27919 -0.04318 0.06853
-0.11838 0.00028 0.09761
-0.39513 0.08287 -0.06984
-0.31243 -0.07489 0.08504
0.33405 0.05902 0.06893
0.38162 -0.01161 0.07985
0.41317 -0.07765 0.08291
0.37920 -0.01482 -0.07302
-0.29521 -0.08236 -0.06498
-0.32411 0.08692 0.01032
-0.39437 0.08719 0.00695
-0.35634 -0.02050 -0.06582
0.46997 -0.03346 0.02770
-0.33840 -0.05328 -0.09422
0.26068 0.02595 -0.09627
-0.21500 0.08281 -0.02311
-0.45412 0.07042 -0.03389
-0.31222 -0.00885 -0.06980
-0.46814 -0.05363 -0.00822
0.36408 0.00674 0.09437
-0.45532 -0.01127 0.01309
-0.42186 0.08452 -0.01750
0.47498 -0.04028 0.03762
-0.33885 -0.04990 0.07908
0.45676 -0.00120 0.04428
0.45617 0.00371 0.01525
0.39996 -0.00553 0.09829
0.23328 -0.05877 0.07383
0.23246 -0.05880 0.06194
-0.45506 -0.06818 -0.03071
0.44765 0.01390 -0.02504
-0.11747 0.08385 -0.02496
0.02346 0.08193 -0.02417
0.43335 0.01034 0.06494
-0.30835 -0.00411 0.09909
0.24173 0.06460 -0.08488
-0.41761 -0.06945 0.08423
0.26352 -0.03923 0.09136
-0.20931 0.08267 -0.01511
-0.30278 0.08560 0.07794
0.16412 -0.04773 0.08898
0.17697 -0.04979 0.08840
0.20601 -0.04992 0.08837
-0.42927 -0.03619 0.07799
-0.43197 -0.03185 -0.07416
0.33796 0.06340 0.01979
-0.25846 0.08330 0.00373
-0.41620 0.08737 -0.01106
0.41730 -0.08550 -0.06532
0.42376 0.00021 0.09483
0.47218 0.00020 0.03768
0.24669 -0.04956 -0.08846
0.42954 -0.03528 -0.06621
-0.35754 0.08578 -0.03349
0.44164 -0.04065 -0.08331
0.36092 -0.05578 0.07332
0.38821 0.00506 0.02317
-0.44091 0.03867 -0.09241
-0.29586 0.03806 0.09244
-0.27558 -0.01424 0.06239
-0.36164 -0.02060 0.08258
-0.36227 -0.01926 -0.09174
0.46689 -0.04745 0.00471
0.01870 -0.04802 0.08885
0.07745 -0.04791 0.08890
0.13902 -0.04864 0.08871
0.12887 0.08438 -0.00549
-0.13963 0.08437 -0.00593
0.31747 0.00951 -0.09647
-0.16005 0.08182 -0.00431
0.02987 0.08184 -0.00351
-0.06506 0.08183 -0.00357
0.36540 -0.02284 -0.08014
-0.42878 0.02813 -0.09394
-0.45497 0.06870 0.01790
-0.34940 -0.03586 -0.06828
0.07920 0.08502 -0.01148
0.15853 0.08501 -0.00876
0.11557 0.08501 -0.01212
-0.15584 0.08505 -0.01378
0.46055 -0.04138 0.00393
0.04214 0.08279 0.00381
-0.06137 0.08240 0.00359
0.20084 0.08473 0.00485
-0.40710 0.08433 -0.03769
0.43004 -0.04629 0.08003
-0.30895 0.02513 0.09433
-0.18023 0.07401 -0.08512
-0.45382 0.07362 -0.07632
0.12625 -0.01317 0.09724
-0.37887 -0.01991 0.08187
0.42407 -0.07645 -0.08654
-0.44343 0.08702 0.05969
0.35069 -0.03435 -0.09225
0.38633 0.02026 -0.00816
-0.47148 -0.02216 -0.07470
0.40658 -0.00601 -0.09207
-0.41181 -0.03376 0.06853
-0.32416 0.08575 0.07256
0.40957 0.01265 -0.05503
-0.45833 -0.01524 0.00648
-0.44138 -0.02545 -0.01355
-0.44248 -0.02485 0.04609
-0.44260 -0.02468 -0.04051
-0.43822 -0.02738 0.00928
-0.43671 -0.02820 -0.06822
0.35219 -0.01879 -0.09486
0.33804 -0.02766 0.09388
0.39893 0.01034 0.06799
0.34039 0.04542 -0.07678
-0.35396 -0.03397 0.07577
-0.32383 0.08356 -0.07076
-0.47146 -0.03009 -0.04594
-0.36276 0.08303 -0.06181
0.38446 -0.07845 -0.08719
0.38564 -0.02034 0.07909
-0.35341 -0.05417 -0.08948
0.44399 0.00483 -0.04379
0.40580 0.00483 -0.04735
0.40835 0.00483 -0.03322
0.44190 0.00483 -0.05407
0.44117 0.00483 -0.01872
0.42748 0.00483 -0.03107
-0.38818 0.08719 -0.02994
-0.36484 0.08712 -0.03125
0.24317 0.08138 -0.04239
-0.18939 0.08553 -0.02508
-0.26195 -0.02794 -0.06614
-0.31446 -0.08154 -0.09435
0.21426 0.07898 0.08000
0.13321 0.08186 0.07874
0.08657 0.08154 0.07891
-0.04646 0.08187 0.07882
0.43317 0.02146 -0.02536
-0.30373 -0.06777 -0.06615
0.40711 -0.00677 0.08863
-0.27677 -0.01623 -0.07530
-0.34632 0.08581 -0.07622
0.47146 0.00817 -0.01353
0.36731 0.03245 0.06367
-0.37916 -0.07141 0.07294
-0.41360 -0.08186 -0.08865
0.34895 0.04782 0.01224
-0.42965 -0.04206 -0.07222
-0.40611 0.08435 -0.02284
-0.37118 0.08416 -0.01902
-0.24229 0.08396 0.03310
0.46633 -0.02650 -0.00500
-0.26426 -0.05596 -0.07825
-0.44083 0.08753 -0.03027
0.33855 0.04552 -0.08318
0.19221 0.08501 0.04914
0.01506 0.08503 0.04571
0.12420 0.08502 0.04846
0.30699 0.03016 -0.09079
-0.44737 0.03552 0.09291
-0.37175 0.00627 0.09521
-0.36292 0.00675 0.09521
-0.02685 -0.01398 0.09717
0.41269 -0.03822 0.07014
-0.37104 0.00632 -0.09518
-0.45300 -0.01765 -0.06906
-0.43442 0.03539 0.09307
0.24946 0.00388 -0.09750
-0.43776 0.08644 -0.06861
0.32792 0.01971 0.09637
-0.34851 0.00125 0.09582
-0.39647 -0.01329 -0.07256
-0.39057 -0.01804 -0.07256
-0.39864 -0.02426 -0.07256
-0.36826 -0.01158 -0.07256
-0.33983 -0.01025 -0.07256
-0.31662 -0.04116 -0.06505
0.31966 0.07487 0.08070
0.02644 -0.01142 0.09735
-0.28593 -0.05407 0.06853
-0.39861 -0.08066 0.07660
0.30644 -0.02403 -0.09581
0.35998 -0.00053 -0.09517
-0.22155 -0.03823 -0.09124
0.22085 0.02531 0.09634
0.06149 0.02698 0.09612
-0.08528 0.02865 0.09589
-0.06478 0.02915 0.09582
-0.41268 0.05762 -0.08876
-0.39141 0.06164 -0.08771
-0.34579 0.05814 -0.08853
0.47171 -0.04588 0.02046
-0.27378 -0.07615 -0.06001
0.15019 0.08455 0.04394
-0.19279 0.08557 -0.03208
-0.33803 -0.03644 -0.08941
-0.25816 0.08347 -0.03685
0.38120 -0.03977 0.06859
-0.24807 -0.03625 0.09178
-0.37658 0.08716 -0.04966
-0.36817 0.08713 -0.05130
-0.26687 0.08360 -0.03959
-0.27673 0.08374 -0.04311
0.36617 -0.05832 -0.08090
0.39831 0.01221 -0.07652
0.38464 0.01714 -0.07834
-0.45970 -0.06296 -0.06983
-0.29643 -0.08359 -0.08353
-0.32029 -0.02626 -0.06615
0.47641 -0.03000 0.01836
0.44161 -0.04909 -0.08987
-0.35633 -0.02896 -0.09215
0.39749 -0.02846 0.06696
0.31397 0.07170 -0.08545
-0.36725 0.08605 -0.01412
0.37137 0.02085 0.09024
0.23844 0.08144 0.02206
0.46608 -0.02160 -0.02026
0.43894 -0.02926 -0.08913
-0.17795 0.04991 0.08697
0.35252 -0.04175 0.09498
0.45421 0.00707 0.07662
0.45540 0.00990 0.06864
-0.42406 -0.02098 -0.09518
-0.41381 -0.01958 -0.06967
0.40628 -0.08372 -0.07210
-0.42961 0.06717 0.08639
-0.32403 -0.01512 -0.06903
-0.38996 -0.00722 -0.06136
0.37420 -0.07198 0.06239
0.23579 -0.02291 -0.09601
-0.30997 0.03530 -0.09283
-0.35758 0.08040 -0.08060
-0.25494 0.08271 -0.06017
-0.45973 -0.02145 -0.04775
-0.46684 -0.05144 -0.05726
-0.33441 -0.02688 -0.07768
-0.30218 0.05554 -0.08913
-0.33660 0.06265 -0.08746
-0.31024 0.06368 -0.08722
-0.28902 0.06293 -0.08740
-0.31205 0.08387 0.03912
-0.29584 -0.04898 0.06548
-0.33993 -0.04741 -0.07499
-0.23142 -0.00940 0.09741
-0.23428 0.04679 -0.08753
-0.26293 -0.02557 0.08798
0.43721 -0.03598 -0.07734
0.13152 0.08372 -0.03313
-0.32870 -0.01737 -0.09526
-0.38013 -0.05669 0.07500
0.47060 -0.01110 0.04407
0.27261 0.03707 0.08903
0.28174 0.03906 0.08852
0.43963 0.00431 0.07942
-0.34621 0.02927 -0.09373
0.30971 -0.05551 -0.09161
0.20355 -0.01048 0.09740
-0.30279 0.01312 -0.09518
0.38005 0.02370 -0.07955
-0.26383 -0.03390 -0.06001
-0.46680 -0.02208 -0.00447
-0.46031 0.01178 -0.03659
0.33527 0.05423 -0.07566
-0.42989 -0.04390 0.07346
-0.46385 -0.00514 -0.01078
0.22420 0.07988 -0.06041
0.07336 0.07959 -0.06154
0.37325 -0.02090 0.07846
0.32542 0.04772 -0.10419
-0.38247 0.08460 -0.02421
0.43092 -0.03756 0.06859
-0.34168 0.02787 0.09395
0.03188 0.08320 0.01359
0.16028 0.08447 0.01279
0.38479 0.02546 -0.01626
-0.35555 0.08233 0.06502
-0.00803 0.08503 0.02587
0.01003 0.08503 0.02553
0.14434 0.08501 0.02829
0.10074 0.08502 0.02482
0.35709 0.03714 -0.00842
-0.39233 -0.02735 -0.06453
-0.35777 -0.02512 0.07906
-0.46656 -0.02290 -0.06959
-0.47250 -0.03258 -0.07680
-0.23234 0.08425 -0.05326
0.28294 -0.04054 -0.09062
0.33343 0.06953 0.02342
-0.20286 0.02491 0.09643
0.25173 0.01147 0.09652
-0.27009 -0.06662 0.09265
-0.20961 0.04305 0.08778
-0.29157 -0.05924 -0.06615
0.44200 -0.04149 -0.07417
0.47308 -0.03358 0.04999
-0.35629 -0.06183 0.07305
-0.45608 -0.00150 0.02387
-0.45746 0.05821 0.01518
0.39849 0.02922 0.06833
-0.40604 -0.08002 0.08352
-0.23816 0.08469 0.00461
-0.39570 0.08452 0.05750
-0.41584 -0.07406 0.07047
-0.43945 0.04592 -0.09111
-0.41189 0.04955 -0.09042
-0.40136 0.04719 -0.09085
0.31830 0.02923 0.09302
0.36827 -0.06247 -0.08835
-0.36850 0.08709 0.01334
-0.45819 -0.02203 -0.08701
0.35101 0.03364 -0.07247
-0.45404 0.07124 -0.06858
-0.35291 0.08544 0.05340
0.35116 0.02463 -0.09353
0.44915 0.00614 0.06148
-0.45419 0.06722 0.00300
0.38875 -0.08022 0.07547
-0.29640 -0.00591 -0.09518
0.40006 0.00983 -0.04481
-0.39288 -0.00512 0.09788
0.40467 -0.08393 0.06478
0.44739 0.01664 0.00819
0.07276 0.00423 -0.09749
-0.39626 -0.01902 -0.06615
0.28369 0.08098 0.07894
-0.10162 -0.05058 0.08857
0.09873 -0.05119 0.08888
-0.00618 -0.05139 0.08911
-0.45687 0.05537 0.07035
-0.25586 0.08142 0.06522
0.41372 -0.00290 0.06239
0.42723 -0.05329 0.06016
0.42587 -0.02717 0.06005
0.43983 -0.04760 0.05938
0.43642 -0.05842 0.05966
0.41114 -0.03342 0.06096
-0.27490 -0.01671 0.07092
0.44111 -0.04290 0.07175
0.26241 0.04675 -0.08686
-0.33529 -0.02899 0.09746
0.36271 -0.06025 -0.06711
0.47578 -0.03745 -0.02775
-0.21518 -0.05742 0.08549
-0.35403 -0.03474 -0.07950
0.32104 0.04928 -0.09115
-0.47375 -0.04544 0.02477
-0.32648 -0.07318 -0.07465
0.33535 -0.00929 -0.09737
-0.19162 0.08196 0.07059
0.39411 -0.00543 -0.09554
-0.29249 0.00509 -0.09518
0.44316 0.01827 -0.01835
-0.27773 -0.00961 -0.06001
0.44971 0.01576 0.04150
-0.43567 -0.01914 0.08707
-0.25824 -0.04726 0.08718
-0.26446 -0.03503 -0.09157
-0.47146 -0.02547 -0.05464
-0.44733 0.04345 0.09160
-0.37784 -0.04208 -0.07548
0.35295 0.04212 -0.01503
-0.35829 -0.06540 -0.09163
0.45482 0.01512 -0.02195
-0.23946 -0.05044 0.02812
-0.24297 -0.04890 -0.05838
-0.23786 -0.05113 0.04141
-0.23948 -0.05043 -0.07404
-0.24644 -0.04739 -0.03620
-0.25693 0.00380 0.09576
-0.30880 -0.01601 -0.07256
-0.28601 -0.02731 -0.07256
0.24410 -0.00578 -0.09747
0.46214 -0.05211 -0.03625
-0.25986 0.03786 0.09445
0.16297 0.08275 0.05290
0.17664 0.08189 0.05338
0.10894 0.08268 0.05297
0.27075 0.08159 0.07373
-0.05576 0.08149 -0.05697
0.01737 0.08143 -0.05591
0.28358 0.06359 -0.08310
0.39428 0.00473 -0.04831
-0.26017 0.08558 -0.00539
-0.33242 -0.06627 0.07836
0.44043 -0.01229 -0.07937
-0.46087 0.00778 0.00831
0.38742 -0.00448 -0.07406
-0.32025 -0.04299 0.07386
-0.45727 0.05410 0.06061
-0.38935 -0.03168 -0.06988
0.43387 -0.06690 -0.06426
0.38828 0.00483 0.07474
0.44612 0.00483 0.05075
0.44568 0.00483 0.00526
0.42062 0.00483 0.06682
0.44594 0.00483 0.04299
0.43749 -0.06354 0.08673
0.37581 -0.05323 0.06696
-0.29739 -0.02277 -0.06615
-0.47242 -0.04437 0.09211
-0.47146 -0.02638 0.06804
-0.28963 -0.06133 0.07552
0.36057 -0.03637 -0.06478
0.42487 0.02350 -0.03916
-0.45029 -0.00749 0.03974
-0.10809 -0.03767 -0.09242
0.09678 -0.03802 -0.09231
-0.39718 -0.06804 -0.06615
0.09079 0.07744 0.08218
-0.45592 -0.00278 -0.04838
0.41231 -0.08702 0.09180
-0.37634 -0.02932 -0.01474
-0.32959 -0.02948 -0.03937
-0.38616 -0.02925 -0.06287
-0.38400 -0.02932 0.02182
-0.41020 -0.02921 0.01070
-0.31281 -0.02953 -0.06720
-0.28554 -0.02964 -0.05562
-0.37821 -0.02929 -0.04629
-0.37051 -0.02932 -0.05219
-0.41471 -0.02916 -0.04330
-0.36855 -0.02934 -0.03448
-0.43206 -0.02913 0.01430
-0.39689 -0.02927 0.01599
-0.39689 -0.02922 -0.04864
-0.34243 -0.02943 -0.04650
-0.40262 -0.02922 -0.02216
-0.30944 -0.02955 -0.04834
-0.37690 -0.02933 -0.00504
-0.43480 -0.02910 -0.00827
-0.31946 -0.02951 -0.05907
-0.36074 -0.02939 0.00351
-0.43115 -0.02916 0.05685
-0.37311 -0.02930 -0.07242
-0.40452 -0.02925 0.03183
-0.40924 -0.02917 -0.05381
-0.36500 -0.02938 0.01032
-0.43001 -0.02909 -0.05903
-0.41669 -0.02919 0.02055
-0.41978 -0.02920 0.04270
-0.30671 -0.02957 -0.03986
-0.39589 -0.02924 -0.03335
-0.33132 -0.02946 -0.05966
-0.15404 0.08183 0.01618
-0.12590 0.08183 0.02167
-0.09241 0.08183 0.01447
-0.06671 0.08183 0.01504
0.38048 0.02785 -0.07198
0.24999 0.02014 0.09479
-0.37134 0.08338 -0.07924
0.31026 0.07840 0.00047
-0.45665 0.06131 0.07574
-0.45912 0.00676 0.07764
0.40876 -0.04911 -0.06311
-0.28833 -0.00889 0.09582
0.39425 -0.08214 -0.08585
-0.41029 0.07085 0.08504
-0.33820 -0.03485 -0.06966
0.02177 0.05325 -0.09099
0.21604 0.06316 -0.08837
0.20099 0.05089 -0.09155
0.03490 0.04826 -0.09227
0.06861 0.05564 -0.09035
0.20944 0.06331 -0.08833
-0.01939 0.05275 -0.09113
0.14201 0.05521 -0.09045
0.12679 0.04970 -0.09188
0.17086 0.05696 -0.08999
0.14870 0.06170 -0.08876
-0.08089 0.05065 -0.09169
0.41286 0.00797 -0.08376
0.28301 0.08101 -0.07719
-0.45594 -0.06715 0.03230
-0.40661 -0.07959 -0.07741
-0.20528 0.08050 -0.06472
0.39790 0.02999 -0.03921
0.43711 -0.06166 -0.08534
-0.33964 -0.04354 0.08255
-0.41272 -0.01262 -0.08297
-0.47253 -0.03139 0.09592
0.22552 0.08481 -0.01301
0.41895 0.02542 -0.00117
0.26948 0.01508 0.09714
0.47182 0.00530 -0.03224
0.23797 0.07910 -0.06325
-0.06196 -0.00903 -0.09740
-0.45426 -0.02581 -0.10019
-0.45894 0.03136 -0.00866
-0.38855 -0.04744 0.06511
0.00585 0.08286 -0.07832
-0.04001 0.08026 -0.07951
0.27859 -0.02501 -0.09552
-0.42531 -0.02918 0.07050
-0.33421 -0.02947 -0.00569
-0.30484 -0.02942 0.04216
-0.34189 -0.02940 0.02309
-0.31467 -0.02954 -0.02210
-0.37660 -0.02933 0.03394
-0.31417 -0.02937 0.05647
-0.28745 -0.02952 0.00623
-0.31591 -0.02941 0.03675
-0.38558 -0.02927 0.05486
-0.36157 -0.02932 0.04694
-0.28030 -0.02964 -0.04812
-0.35159 -0.02939 0.02098
-0.40566 -0.02924 0.05592
-0.29430 -0.02951 0.00436
-0.31395 -0.02939 0.04915
-0.28818 -0.02946 0.03371
-0.28899 -0.02954 -0.00349
-0.26609 -0.02961 -0.02164
-0.26439 -0.02952 0.02306
-0.28193 -0.02941 0.06136
-0.29125 -0.02961 -0.03930
-0.27603 -0.02948 0.03277
-0.27581 -0.02961 -0.02796
-0.28520 -0.02958 -0.02362
-0.30091 -0.02938 0.06455
-0.31653 -0.02951 -0.00914
-0.30693 -0.02943 0.03188
-0.29055 -0.02942 0.05271
-0.27006 -0.02949 0.02941
-0.31877 -0.02948 0.00434
-0.29406 -0.02955 -0.01380
-0.33925 -0.02935 0.05030
-0.30079 -0.02951 -0.00153
-0.26483 -0.02945 0.05396
-0.31862 -0.02945 0.01498
0.42940 0.01904 -0.07467
-0.45900 -0.01647 0.05066
-0.31573 -0.07700 0.07064
0.10559 0.08331 0.03260
0.11468 0.08315 0.03268
0.31606 0.05752 -0.08738
-0.46660 -0.05214 0.08080
0.32598 0.07506 -0.05782
-0.40871 0.01166 -0.09513
0.38784 0.03212 0.03344
0.36428 -0.04097 -0.07428
-0.42860 0.05830 0.08867
-0.38005 0.06400 0.08721
-0.35384 0.06372 0.08727
0.42250 -0.00612 -0.06618
0.13155 -0.01989 0.09584
0.30220 0.03527 -0.08930
-0.19907 0.08255 -0.03964
0.26499 0.07841 0.06564
0.36449 0.03332 -0.01417
0.05667 0.07399 0.08481
0.11897 0.07477 0.08444
0.15908 0.07351 0.08498
0.04955 0.07570 0.08405
0.17050 0.07576 0.08397
0.42088 -0.01002 -0.08437
0.26349 0.08160 -0.07913
-0.14340 0.08183 -0.04268
0.01176 0.08184 -0.03552
0.03954 0.08185 -0.03835
-0.14360 0.08183 -0.03572
-0.42408 0.05506 -0.08942
-0.28178 0.04552 -0.09112
-0.33874 0.04953 -0.09041
-0.40898 -0.00627 0.07869
-0.43445 0.08258 0.04000
-0.28750 -0.01630 -0.06426
0.40387 -0.00565 0.06414
0.17443 -0.00505 0.09751
-0.45784 0.03795 -0.02621
0.37375 -0.01831 0.09019
0.16470 -0.00749 0.09746
-0.32994 -0.04169 -0.07746
0.43094 -0.07102 -0.05996
0.44178 -0.03976 0.06556
-0.45815 -0.00914 0.06461
0.37400 -0.06991 -0.07235
-0.45931 0.02165 0.06072
0.40695 0.01265 -0.01821
0.39308 0.01265 -0.00872
0.24538 0.08134 0.03761
-0.37323 0.03549 -0.09296
-0.39113 0.03605 -0.09290
-0.45897 -0.00170 -0.08682
-0.42490 -0.06504 -0.08186
0.09866 -0.00372 0.09753
-0.27992 -0.01248 -0.09219
-0.39909 -0.08231 -0.08952
-0.45802 0.04425 0.08714
0.33125 0.07101 -0.03780
0.39726 0.00695 -0.03853
-0.45998 -0.01731 0.01301
0.28452 0.06884 0.08312
0.38650 0.02184 0.09304
-0.45970 -0.00441 0.04906
0.39589 -0.03089 0.07325
0.29199 0.07697 -0.06175
-0.14880 0.07966 -0.06626
0.18588 0.07932 -0.06247
-0.10811 0.07962 -0.06729
0.12789 0.07938 -0.06258
0.16381 0.07934 -0.06242
-0.11991 0.07963 -0.06724
-0.45608 -0.06462 -0.04183
-0.17802 0.00465 -0.09749
0.41018 0.00572 0.01908
-0.16892 0.08377 -0.04451
-0.42377 -0.02434 -0.08805
-0.31161 -0.00401 0.06239
0.44064 -0.05003 0.08138
-0.41030 0.08441 0.02355
-0.45919 -0.01259 -0.02818
0.42931 0.01478 0.09156
0.47650 -0.03812 0.00980
0.44255 0.01229 0.08344
-0.04539 -0.00921 0.09742
0.47383 -0.00931 0.03069
-0.34269 -0.05612 -0.07187
-0.20244 -0.05195 -0.09062
-0.38306 -0.04312 0.07662
-0.26151 0.08616 -0.02485
0.47236 -0.03469 0.04169
0.25897 0.07886 0.08023
0.43585 -0.07094 0.03076
-0.18217 0.08346 -0.07225
0.39076 0.01625 0.08208
-0.40186 -0.02318 -0.06453
-0.13136 0.08505 -0.04810
-0.10921 0.08504 -0.04939
-0.15693 0.08505 -0.04576
-0.20819 0.08502 0.02399
-0.25440 0.02309 -0.09666
0.34731 0.02923 0.09383
0.23040 -0.01240 -0.09727
-0.45696 -0.06346 -0.00252
0.47550 -0.01451 -0.00376
0.44144 -0.02484 0.08077
-0.34430 0.08232 -0.06635
-0.45912 0.02984 -0.05988
0.32939 -0.04940 0.08858
-0.37195 0.08506 0.03405
