-0.34629 -0.08389 0.13276
-0.37207 -0.02914 0.01360
-0.17342 0.09058 0.15286
-0.07468 0.09058 0.15451
-0.00168 -0.08025 0.07828
0.22469 0.01796 -0.09527
0.05123 0.00610 -0.11559
0.36156 -0.03143 0.09201
0.35059 -0.03063 0.10661
0.05814 0.09274 0.00720
-0.24818 -0.01887 -0.03305
-0.38716 -0.01564 -0.00516
0.03377 -0.02079 -0.08870
-0.32796 0.12022 -0.04627
0.15742 0.06623 -0.07243
-0.10688 0.04676 0.04583
-0.10688 0.01521 0.05525
-0.10688 0.02222 0.04414
-0.10688 -0.00674 0.06000
-0.10688 0.02114 0.05009
-0.10688 0.01992 0.06199
-0.10688 0.04843 0.03890
0.00050 -0.09871 -0.00401
0.42617 -0.04597 -0.10093
0.07182 -0.08255 -0.14806
0.23952 -0.05969 -0.06122
0.29246 -0.15033 -0.09633
0.03635 -0.07820 0.11133
0.03617 -0.09108 0.10970
0.09037 0.09039 0.00806
-0.24252 0.00962 -0.05100
0.32128 -0.00142 0.14099
0.10076 -0.10552 -0.11837
-0.11250 -0.15970 0.11959
0.22113 0.03065 -0.05502
0.17042 0.00020 0.14324
0.41919 -0.09041 0.05358
0.39407 -0.06549 -0.14453
0.04320 0.08677 -0.05263
0.14891 -0.05238 0.01209
-0.22363 0.09436 -0.13608
-0.24595 0.09324 -0.13608
0.23583 -0.05791 0.00189
-0.31609 0.01595 -0.00932
0.35364 -0.09132 -0.01937
0.32295 -0.04862 0.04023
0.33071 -0.05082 0.04294
0.31055 -0.07341 -0.09779
-0.40358 -0.04607 -0.06238
0.24501 -0.00381 0.02395
0.04409 0.08155 0.01190
0.30066 -0.09548 0.02007
0.04965 -0.02530 -0.11536
0.38647 0.00093 -0.09313
0.37288 -0.06927 0.14755
0.07694 -0.05691 0.06106
0.04065 -0.09370 -0.11498
-0.21471 0.14724 -0.04556
0.14954 0.08804 0.06096
-0.30152 -0.07412 -0.14327
0.19089 -0.09567 0.06009
0.18652 -0.09548 0.04787
0.18896 -0.09570 0.08268
0.12353 -0.08337 0.14806
0.19097 -0.08725 -0.02527
0.33380 -0.03029 0.10726
0.32830 -0.03048 0.10084
0.14984 -0.06256 0.01714
-0.01207 0.00665 0.05258
0.12730 0.01001 0.12087
0.17035 0.01287 0.12087
-0.07366 -0.07270 0.07723
0.20738 -0.10536 -0.01759
0.23789 0.01390 0.09056
-0.31314 0.01482 0.01916
-0.11869 -0.08141 0.08554
-0.37473 -0.02192 -0.07735
0.36207 -0.09013 -0.07165
0.19748 -0.11369 0.13480
0.16585 0.07025 -0.07832
0.22306 0.01452 -0.10575
-0.19831 -0.00111 0.00233
-0.19831 0.01589 0.02035
-0.19831 -0.01640 -0.01981
-0.19831 -0.02086 0.01744
-0.19831 -0.01419 -0.02750
-0.19831 -0.00337 0.02564
-0.19831 0.00654 -0.00198
-0.31995 -0.07718 0.14842
0.33491 -0.06214 0.09275
0.14807 -0.00120 0.14451
-0.21722 0.11854 0.05881
-0.21459 0.09246 0.05881
-0.22052 0.02508 0.05881
-0.21414 0.04510 0.05881
-0.16507 0.12119 0.05881
-0.19953 0.07469 0.05881
0.18470 0.08034 0.09651
0.05134 -0.05296 0.14955
0.13587 -0.04968 0.09179
-0.11422 0.04931 -0.13608
0.14757 0.01490 -0.12433
0.04244 0.07967 -0.01399
-0.32488 0.14502 0.13070
-0.32860 0.11875 0.02908
-0.04724 -0.08475 0.08719
-0.16610 -0.15148 -0.13739
-0.31853 0.14142 -0.10138
0.04195 0.02374 0.06717
0.17012 0.08560 0.05826
0.03944 0.04982 0.01833
-0.14411 -0.10991 -0.09723
0.04289 0.00833 -0.07924
-0.31609 0.09937 -0.01562
0.37779 -0.06277 -0.03467
-0.10640 0.06280 -0.13608
-0.21609 0.06043 -0.13608
-0.14041 -0.05769 0.14248
-0.05541 0.07189 0.14013
-0.02598 0.15137 -0.03456
0.19242 0.07000 0.06533
0.21265 0.04226 0.06114
-0.12901 -0.07311 0.07711
0.05290 -0.04350 0.12087
-0.13843 -0.08650 0.00077
0.04090 -0.03163 -0.14319
-0.37571 0.15498 0.15354
0.16929 -0.08836 0.01945
0.06111 -0.03629 -0.12105
0.26774 -0.05928 -0.10654
0.26869 -0.06881 0.09380
0.03424 -0.01520 -0.12610
0.15915 -0.00085 -0.12065
0.11795 -0.11711 0.01293
0.07092 -0.02028 -0.02040
-0.01506 0.14172 0.04849
0.12487 -0.09348 0.14634
-0.08584 0.08149 0.12802
-0.08584 0.02406 0.14023
-0.08584 0.02488 0.12868
-0.08584 0.07705 0.13517
-0.08584 0.05684 0.13980
-0.08584 0.09059 0.13076
-0.08584 0.07456 0.14193
-0.00494 0.04994 0.00029
0.16024 -0.10309 0.12042
0.13628 -0.09564 0.12008
0.09547 -0.11342 0.14827
0.22966 -0.07639 -0.03377
-0.34794 0.15807 0.15858
-0.03259 0.15818 0.15858
0.12310 0.07015 0.11597
0.26577 0.00756 0.12455
0.10828 0.07787 -0.12045
-0.08782 0.15684 -0.01781
-0.11635 0.15684 -0.02044
-0.12640 0.15684 -0.01191
-0.39689 0.02214 0.11929
-0.15299 -0.09808 -0.07663
0.20544 0.04299 -0.09730
0.33166 0.00149 0.13447
0.27194 -0.03850 0.03005
-0.31314 0.05587 -0.02423
0.32466 -0.09960 -0.06001
0.22581 -0.07227 -0.14730
-0.20091 -0.10883 0.11439
-0.42064 -0.08399 -0.03913
0.23780 -0.09992 -0.13441
0.41701 -0.08090 0.10284
0.24113 -0.05112 0.04635
0.24218 -0.04816 0.09134
-0.31609 0.14109 0.05477
0.27704 -0.03408 0.00469
-0.04411 0.09369 0.15225
-0.12261 0.15007 -0.03706
0.17941 -0.11317 -0.12950
-0.11624 -0.16080 0.14340
0.28465 -0.11934 0.12998
0.03426 0.00188 -0.04465
0.03331 -0.03519 -0.02772
0.03384 -0.01361 -0.04211
0.05067 -0.06583 -0.12065
0.23596 -0.09953 0.07514
-0.28058 -0.04428 -0.14327
-0.27626 -0.04941 -0.14327
-0.40681 -0.04787 -0.02355
0.23542 -0.06512 0.03195
0.04115 -0.09369 0.10879
0.27163 -0.02829 0.14120
0.08671 -0.06502 -0.14916
0.11036 -0.06512 -0.14912
-0.06203 0.12352 0.09525
-0.05590 0.12352 0.09456
-0.06557 0.12352 0.08687
-0.06062 0.12352 0.12668
-0.04936 0.12352 0.11197
0.35420 0.00866 -0.06555
0.28689 -0.14381 0.14401
0.36318 -0.06571 -0.05237
0.30364 -0.04341 0.02561
0.41909 -0.02439 0.03716
-0.26553 -0.06121 -0.14197
0.03506 0.01761 0.08574
0.41185 0.00925 -0.13188
-0.24204 0.11430 0.16434
0.30315 -0.05072 -0.02062
0.05618 -0.10583 0.14446
0.16706 0.07120 -0.10342
-0.01111 -0.00784 0.04254
0.12995 -0.05627 -0.11628
-0.09089 -0.10127 -0.09960
-0.16886 -0.06215 -0.12945
0.15805 -0.01466 0.14747
0.33169 -0.16632 -0.12803
-0.25593 -0.01028 0.14013
0.17287 0.08588 -0.03885
-0.03337 0.09058 0.16144
0.01207 0.09058 0.16119
-0.12637 0.01152 -0.05404
-0.24251 0.11091 -0.13608
0.20336 0.00007 0.13960
0.03375 -0.03493 -0.09534
0.17173 -0.01784 -0.14622
-0.03526 0.05119 -0.14368
0.09622 -0.09454 -0.00060
-0.37129 -0.02437 0.05297
0.05808 -0.08722 0.01830
0.25208 -0.08125 -0.10248
0.08395 -0.09644 -0.08082
0.14959 -0.09887 -0.08085
0.11873 -0.10733 -0.08060
0.06213 0.08924 0.07466
0.18083 0.08011 0.04875
-0.31853 -0.09297 0.06747
-0.17362 -0.13063 -0.12889
0.14349 -0.05018 0.07073
-0.42339 -0.08510 0.10096
0.39313 -0.04429 -0.07280
0.30812 -0.09651 -0.02716
0.31451 -0.09766 -0.02696
0.06313 -0.10820 0.15921
0.07179 -0.02680 -0.06168
0.24555 -0.05865 -0.14812
0.20043 0.03975 -0.10869
-0.27323 -0.07848 -0.07209
-0.24461 -0.06803 -0.07190
0.41384 -0.05613 0.02637
0.41022 -0.06613 0.02833
-0.01241 -0.10101 0.00179
0.31210 -0.07380 0.10508
0.05854 -0.06583 0.11754
-0.02264 0.13812 0.05066
0.40728 -0.08595 -0.11810
0.40432 -0.00938 0.13585
0.21313 -0.08113 0.12450
0.23021 0.00223 0.12449
0.20814 -0.01448 0.12450
-0.37252 -0.04333 0.01596
-0.32950 0.07456 0.14576
0.10426 -0.08968 0.01958
0.20356 -0.06515 0.13229
0.20393 -0.05383 0.12904
0.31235 0.01252 -0.03579
0.24138 -0.05590 0.08269
0.10929 0.09220 0.00751
0.20181 0.00541 0.00353
0.22977 -0.10327 -0.11643
0.25066 0.00561 0.07699
0.07784 -0.09429 -0.11670
0.26689 -0.07023 -0.02511
0.16348 -0.11311 0.12123
0.15607 -0.11214 0.12124
0.08888 -0.05412 0.08936
0.30256 -0.09299 0.07143
0.21594 -0.09222 -0.12030
0.41452 -0.08945 -0.03421
0.07391 -0.03332 0.01613
-0.28358 0.02279 -0.13608
0.35821 -0.08984 0.02952
0.36614 -0.13090 0.13218
0.16267 0.06557 0.11656
0.17771 -0.10016 -0.00915
-0.23616 -0.05013 -0.14327
-0.28501 -0.06522 -0.14327
0.12006 -0.02894 -0.14331
-0.05012 -0.00855 -0.14611
0.18360 0.00461 0.13899
0.42151 -0.00643 0.02088
-0.14386 -0.11229 0.14937
0.24194 -0.04077 0.12515
0.24226 -0.03937 0.09674
0.22221 0.01433 0.09466
-0.00917 -0.01331 0.02742
-0.28891 -0.02012 0.01816
-0.23876 -0.02012 0.02910
-0.29091 -0.02012 0.00397
0.03589 0.02163 0.06286
0.10436 -0.10362 0.15907
0.23488 -0.09827 -0.11842
-0.11571 -0.09817 0.00463
0.07542 0.09289 -0.00457
0.21050 0.04652 0.04557
0.27667 -0.09847 -0.02196
0.33461 0.00488 -0.10764
-0.03174 0.08048 0.14013
-0.16577 -0.14685 0.10500
0.19703 -0.01332 0.03162
0.05485 0.00211 0.12444
0.20653 -0.09814 -0.11592
0.04089 -0.11064 -0.13840
0.04112 0.06820 0.00057
0.27240 -0.11950 -0.13634
-0.11082 -0.03594 -0.14197
0.15339 0.08616 0.09383
0.04141 0.07583 0.07075
0.34747 0.01140 0.01695
0.07197 -0.05805 -0.05054
-0.07139 0.06963 -0.14197
0.19842 0.07923 -0.06705
-0.16272 0.13468 0.14576
-0.28672 0.13166 0.14576
-0.39606 -0.01936 0.01039
0.12367 0.00401 -0.14077
0.10354 -0.09703 0.08605
0.12249 -0.10391 0.08591
0.08858 -0.10489 0.08585
0.14265 0.07600 -0.11535
0.33165 -0.09070 -0.11996
0.03427 -0.00468 0.12545
0.06663 -0.00398 0.07379
0.19408 0.02116 -0.12120
0.17612 -0.06624 0.14877
0.03995 0.05317 -0.11378
0.37881 -0.09872 0.00905
-0.35431 0.09596 0.11623
-0.11624 -0.10141 -0.12508
-0.06064 0.03520 -0.14611
0.11802 -0.03298 0.14505
-0.14292 -0.09803 -0.07328
-0.08956 -0.09952 -0.00043
-0.31535 0.06943 0.14576
-0.31965 0.09054 0.14576
-0.31139 0.06093 0.14576
-0.32600 0.02874 0.14576
-0.31066 0.04205 0.14576
-0.39997 -0.00831 0.12837
-0.41571 -0.07514 0.09628
0.12095 -0.09756 -0.11773
0.14765 -0.10951 -0.07241
0.11922 -0.10464 -0.07229
0.03236 -0.10895 -0.07234
0.15831 -0.01649 0.02206
0.39429 -0.04609 0.05036
-0.10219 0.04817 0.14013
0.10296 0.09021 0.05227
0.08270 -0.00384 0.14548
0.43281 -0.08774 0.00166
0.07168 -0.05838 -0.08689
0.33301 -0.04549 0.05214
-0.39584 -0.02026 -0.05638
-0.33019 0.15425 0.14504
-0.01102 0.09576 0.09025
0.26688 -0.00705 0.14749
-0.01274 0.01535 -0.05413
-0.01603 0.03468 -0.05413
-0.06952 0.07086 -0.05413
-0.05067 0.04906 -0.05413
-0.03967 0.05063 -0.05413
-0.06465 0.05005 -0.05413
-0.31863 -0.06569 0.14690
-0.31853 -0.03924 0.07263
0.09083 -0.08282 0.11779
-0.39245 -0.01802 0.03832
0.24586 -0.10505 0.07229
0.21511 -0.11445 -0.11699
-0.12184 0.02561 0.14013
-0.37729 -0.01817 -0.04963
0.19766 -0.01060 0.02637
-0.32552 -0.10311 0.05070
-0.33295 -0.10311 0.09054
-0.32866 -0.10311 0.09577
-0.33952 -0.10311 0.06383
-0.32184 -0.10311 0.04002
0.40703 -0.08551 0.07617
0.16167 0.08828 -0.02808
0.29955 -0.07645 0.13764
0.27755 -0.10165 0.01113
0.03264 -0.06429 -0.04068
-0.35237 0.10242 0.16073
-0.08944 -0.12541 -0.12849
0.12725 0.08481 0.10319
-0.39838 -0.00373 0.12945
0.24856 0.00423 -0.00977
0.17310 0.08586 0.04103
-0.00235 0.12861 -0.05137
0.31910 0.00738 0.09147
0.26527 -0.08036 0.01527
-0.03426 0.13727 -0.05154
0.06713 0.05077 0.12133
-0.02497 -0.09349 0.09960
0.14743 -0.07511 -0.05867
0.14553 -0.08463 -0.09238
-0.20957 0.15684 0.01027
-0.18892 0.15684 -0.00827
-0.22758 0.15684 0.00171
-0.21315 0.15684 -0.01313
-0.15263 -0.09680 0.04793
0.21811 -0.08269 -0.03335
0.23134 -0.01072 -0.12242
0.23105 0.00722 -0.12242
0.22800 -0.00524 -0.12243
0.09882 -0.05220 -0.07385
-0.40388 -0.08821 -0.11613
0.24113 -0.11361 0.01404
0.41431 -0.06987 0.05594
-0.30870 0.09659 -0.14197
0.06874 -0.03179 -0.11486
0.36117 -0.03033 0.13466
0.40321 -0.01138 -0.13736
0.17815 0.00277 0.12087
0.41956 -0.06957 0.13040
-0.32103 0.12227 0.11609
0.34310 0.00941 -0.06423
0.07441 -0.07383 -0.00187
0.13090 0.08903 -0.05211
0.16817 0.07182 0.11672
0.32828 -0.10441 -0.00787
0.07775 0.09219 -0.04327
-0.28536 -0.00537 0.05387
0.43551 -0.08222 0.02470
0.24960 0.00491 0.02843
0.09259 0.07444 -0.11544
-0.17196 0.05622 0.07383
-0.20365 -0.01032 0.07383
-0.19936 -0.00311 0.07383
-0.17208 0.11985 0.07383
-0.12843 0.08084 0.07383
-0.20557 0.04531 0.07383
-0.16066 0.05760 0.07383
-0.14858 0.05333 0.07383
-0.20595 0.11368 0.07383
-0.19017 0.12216 0.07383
-0.20533 0.03404 0.07383
-0.13036 0.09005 0.07383
-0.11482 0.10557 0.07383
-0.12871 0.09872 0.07383
-0.10426 -0.01179 -0.13608
-0.31314 0.12666 0.06527
0.14596 -0.05049 0.02195
0.10665 -0.06576 -0.11595
0.41193 -0.08850 -0.10353
0.35700 -0.09268 0.07146
-0.19293 -0.09340 0.14449
0.03740 0.03755 -0.11641
-0.21662 0.12189 0.15301
-0.15086 -0.10605 -0.08199
0.07569 0.08871 0.10401
0.08522 -0.05544 0.09910
-0.42041 -0.08324 0.09288
0.27446 -0.07152 -0.11667
0.04229 0.01347 0.04987
0.18638 -0.08859 -0.14674
0.07210 0.05629 0.11857
-0.43534 -0.09783 -0.00123
0.07814 -0.09917 0.11918
0.28325 -0.10319 -0.00139
0.13116 -0.11337 -0.07810
0.09891 -0.10885 0.15944
-0.04223 -0.08994 -0.14607
0.18437 0.08029 -0.04141
0.03270 -0.06017 0.05011
0.08709 0.08956 -0.04911
0.09011 0.09173 0.02335
0.04043 0.08656 -0.09061
0.21950 0.01495 -0.02044
0.28934 -0.12956 0.13020
-0.40326 -0.04647 0.01210
0.05711 0.08717 0.09620
0.24247 -0.09171 -0.09882
0.34508 -0.11037 -0.06171
0.34764 -0.09905 0.14350
0.19572 -0.03965 0.12238
-0.00221 0.01134 -0.05133
0.24348 -0.08938 -0.06745
0.07987 -0.10084 0.14697
-0.31314 -0.02855 -0.06226
0.05258 0.09113 0.06250
-0.31314 0.08380 0.06406
0.26550 -0.07382 0.01641
0.10532 0.08844 0.06540
0.10000 0.08827 0.07441
0.04186 0.01634 -0.10259
-0.19993 -0.02960 -0.00979
-0.05872 0.11614 0.14013
0.13413 0.08500 0.09883
-0.39271 -0.07401 0.05667
-0.39049 -0.07401 -0.00566
-0.38254 -0.07401 0.04979
-0.38224 -0.07401 -0.00749
0.05091 -0.09847 -0.00604
0.42133 -0.01952 0.03651
-0.05515 -0.01522 -0.14784
0.04615 0.09181 -0.10486
0.20324 -0.11618 0.11956
0.23142 -0.07537 0.11205
0.22810 -0.08263 0.12829
0.20909 -0.07141 -0.02294
-0.39628 -0.02201 -0.05081
0.04420 -0.08366 -0.11823
0.05325 -0.04587 -0.11911
-0.32635 0.11682 -0.03673
-0.37360 -0.05013 -0.03812
-0.03911 -0.09598 0.08594
0.05770 -0.10244 0.08587
0.36315 -0.07441 -0.00908
0.25129 -0.02519 0.12245
0.42231 -0.06844 -0.11267
-0.00985 0.04019 -0.05515
0.40017 -0.11463 -0.00098
0.20108 0.00749 -0.12976
0.32863 0.00716 0.08401
0.12037 -0.10340 0.15848
-0.20681 -0.01993 0.03246
0.36892 -0.10967 0.13438
0.08017 0.09456 0.06841
0.07971 0.09070 -0.08433
-0.17085 -0.07803 -0.07203
-0.25577 -0.07969 -0.07210
-0.38531 -0.07401 -0.10666
0.06460 0.00238 0.08121
0.08037 0.09412 0.03891
0.10270 0.09280 0.08219
0.23987 -0.05155 -0.04686
-0.02522 0.10992 0.15597
-0.21939 -0.09695 0.11563
-0.21939 -0.09351 0.11921
0.37279 -0.00338 0.13710
0.01736 0.04254 -0.14784
0.03878 0.04088 0.02921
0.15029 -0.06066 -0.05768
0.26124 -0.02884 -0.08990
-0.24562 -0.07972 0.14576
-0.24743 -0.07453 0.14576
-0.14603 0.00252 0.14013
-0.29088 0.11420 0.14013
0.38793 -0.03962 -0.01716
0.04013 -0.04400 -0.14608
-0.30885 0.07945 0.14576
0.26391 0.01264 0.07663
-0.16484 0.00916 -0.05391
-0.37746 -0.07401 -0.04547
0.03585 0.02179 0.01696
-0.02757 -0.00045 -0.14197
-0.03860 -0.08589 -0.14197
-0.00529 -0.07280 -0.14197
0.00616 0.00695 -0.14197
-0.01720 0.02100 -0.14197
0.02070 0.00947 -0.14197
-0.05324 -0.08121 -0.14197
-0.00739 -0.01297 -0.14197
-0.02686 -0.07597 -0.14197
-0.04428 -0.07185 -0.14197
-0.03434 -0.07211 -0.14197
0.01912 0.12924 -0.14197
0.01295 -0.10367 -0.14197
-0.05622 -0.06336 -0.14197
-0.02032 0.02467 -0.14197
0.30546 -0.02862 -0.13020
0.04861 -0.03443 0.11717
0.26404 -0.08930 0.07440
0.24293 -0.05068 -0.13098
0.24322 -0.04863 -0.14144
0.06891 -0.01125 -0.01785
-0.05354 0.15684 0.00811
-0.05932 0.15684 0.01140
-0.03645 0.15684 -0.02454
0.31261 -0.06115 0.09302
0.31167 -0.05177 0.10388
0.17855 0.08528 -0.03951
0.25570 0.01478 -0.02469
0.36194 -0.08585 -0.12850
0.39056 -0.10760 0.03212
-0.02665 -0.00360 -0.04446
0.12833 -0.05014 0.11443
0.24212 -0.04571 0.14548
0.39729 -0.03770 0.01869
-0.21369 0.13983 0.14576
0.05370 -0.04017 -0.12114
0.24650 -0.08808 -0.12736
-0.21939 -0.10666 -0.08247
-0.31609 -0.02665 -0.04275
0.41630 -0.00303 0.04073
0.42048 -0.05472 -0.02041
0.03394 -0.02583 0.13409
0.21472 -0.09857 -0.01941
0.40539 0.00032 0.13431
0.27667 -0.02581 0.14550
0.10342 -0.09647 -0.14557
0.05963 0.09066 0.03427
-0.11773 -0.16272 -0.12225
0.13776 -0.06852 -0.11640
-0.40447 -0.04232 0.01596
0.33422 -0.04182 0.02989
-0.18725 -0.15018 -0.11916
0.42077 -0.05915 0.02911
0.22390 0.00600 0.13654
0.27191 -0.09416 -0.06727
0.41753 -0.03551 0.03098
0.34703 -0.08575 -0.02934
0.21575 -0.03458 -0.14284
-0.18518 -0.13356 0.14521
0.16857 0.04322 -0.11992
0.36870 -0.10743 -0.12761
0.36180 0.00896 -0.05112
-0.43014 -0.07908 0.05472
-0.38165 -0.07401 0.06897
-0.09521 0.01329 0.14013
0.30242 -0.08196 -0.06641
0.08641 0.09848 0.09474
0.41710 -0.04866 -0.11729
0.22154 -0.10121 0.09385
0.22661 -0.02739 0.00556
0.21786 -0.02511 0.01766
0.22072 -0.02586 0.04814
0.24227 -0.03147 0.04753
0.22691 -0.02747 -0.00681
0.23884 -0.03057 -0.01683
0.26580 -0.06566 -0.03962
-0.14776 0.08607 0.15998
-0.14248 0.08607 0.16181
0.22077 -0.10053 -0.11550
0.20259 -0.11316 0.08371
0.03796 0.02936 -0.08297
-0.02072 -0.01555 -0.14197
0.07737 -0.10875 -0.14124
-0.04478 -0.08753 -0.03122
-0.03578 -0.08753 0.01875
-0.06687 -0.08753 -0.06731
-0.01158 -0.08753 -0.04496
-0.06398 -0.08753 0.00743
-0.04002 -0.08753 0.02669
-0.03818 -0.08753 -0.04812
-0.06506 -0.08753 -0.05934
-0.07121 -0.08753 0.07193
-0.07240 -0.08753 -0.05191
-0.00538 -0.08753 -0.05144
-0.07006 -0.08753 -0.02008
-0.04721 -0.08753 0.00997
-0.06401 -0.08753 0.00248
-0.01489 -0.08753 -0.07124
-0.15640 -0.11339 0.14753
-0.29601 0.15684 -0.02284
-0.29956 0.15684 0.00387
-0.30680 0.15684 0.01281
-0.25012 0.02888 0.14013
0.24422 -0.01235 0.00679
0.24438 -0.00439 0.01663
0.24449 0.00120 0.03468
0.24431 -0.00786 0.00076
0.04636 -0.04722 -0.14722
-0.31609 0.13987 0.02907
-0.35712 -0.04817 0.12574
0.05667 0.08835 0.07823
0.26242 -0.08741 -0.12097
0.30098 -0.04503 0.03783
0.27406 -0.04114 0.03382
-0.01352 -0.07741 0.14576
0.01861 -0.08264 0.14576
-0.00264 -0.09434 0.14576
0.01217 -0.06510 0.14576
-0.00079 -0.05317 0.14576
0.00610 -0.03935 0.14576
0.03985 -0.08729 -0.08041
0.03697 -0.08638 -0.10300
0.05516 -0.09261 -0.07466
0.08223 -0.09322 -0.09531
0.08756 -0.09334 -0.09834
0.05079 -0.09264 -0.10871
0.07690 -0.09303 -0.07066
0.08166 0.07029 0.12211
-0.10495 -0.02012 0.00867
-0.14583 -0.02012 -0.01109
-0.14413 -0.02012 0.02030
-0.11979 0.15669 -0.02719
0.05141 -0.08900 0.14719
0.18393 0.02784 -0.12127
-0.12251 -0.06779 -0.09801
0.15590 -0.10222 0.15833
0.04898 -0.10369 -0.13735
-0.01169 -0.05155 0.14576
0.27642 -0.02816 0.13806
-0.24230 -0.11209 -0.14197
0.17285 0.07448 -0.04183
0.07760 -0.10829 -0.15784
-0.41840 -0.08660 -0.06481
0.28115 -0.05146 -0.12491
0.40566 -0.03018 -0.10891
0.30253 -0.09938 -0.06042
0.05319 -0.11003 -0.12070
0.16126 -0.09489 0.07448
0.17645 -0.09551 0.10872
0.18912 -0.09579 0.09854
0.15280 -0.09456 0.05855
0.15851 -0.09489 0.08565
-0.42217 -0.06534 0.03565
0.21449 -0.07722 -0.02837
-0.29184 0.03634 0.05881
-0.26746 0.11105 0.05881
-0.30621 0.05912 0.05881
-0.29273 0.09944 0.05881
-0.28178 0.09546 0.05881
-0.25995 0.11859 0.05881
0.20216 -0.09612 0.14152
0.11559 -0.00093 -0.14470
0.41545 -0.06541 0.06389
-0.06991 -0.07628 0.08566
0.20313 -0.09194 0.12565
-0.38463 -0.06422 -0.08273
0.41574 -0.07991 0.04178
-0.08890 0.15350 -0.00972
-0.06725 0.15350 0.02140
-0.11845 0.15350 0.02001
-0.12231 0.15350 -0.00132
-0.06374 0.15350 0.01222
-0.01394 0.15350 -0.01739
-0.13406 0.15350 0.01124
-0.28112 0.15350 0.02714
-0.16259 0.15350 0.01944
-0.15161 0.15350 0.00789
-0.17582 0.15350 0.02696
0.16012 0.08654 -0.04799
-0.06127 -0.04075 0.14576
0.04417 -0.00236 -0.09158
-0.06668 -0.07806 -0.08042
0.41791 -0.07936 0.01854
0.34345 -0.09896 0.01481
-0.32259 -0.09489 -0.10271
0.04529 -0.00840 -0.11757
0.21230 0.04123 -0.07180
0.39371 -0.05159 -0.00873
0.00589 0.05002 -0.05244
0.00589 0.04334 -0.05356
0.00589 0.04995 -0.05733
0.00589 0.13661 -0.01500
0.00589 0.08954 -0.04987
0.00589 0.12381 0.02950
0.00589 0.10034 0.00730
0.00589 -0.01840 -0.05562
0.00589 0.01293 -0.05856
0.00589 0.07917 0.00098
0.00589 0.14410 -0.02966
0.00589 0.08168 -0.05029
0.00589 0.13477 -0.02367
0.00589 0.06141 -0.01242
0.00589 0.09651 -0.02859
0.00589 0.07113 -0.04057
0.24429 -0.10533 -0.06696
0.18305 -0.09658 -0.03486
0.19940 -0.09712 -0.05342
0.16790 -0.04089 0.12001
0.10894 0.09173 0.00018
0.20271 -0.07478 -0.13809
0.04974 -0.04719 0.14367
-0.23930 0.09697 0.14013
0.43851 -0.10016 -0.01562
0.22730 0.01457 0.02394
0.04824 0.02866 -0.04001
-0.22371 0.13735 0.05618
-0.29311 -0.02437 0.14576
-0.21891 -0.02635 0.14576
-0.41933 -0.08050 0.06385
0.28708 0.01375 0.02718
0.21165 -0.09989 0.08488
0.11770 -0.11526 -0.13652
-0.31424 -0.07744 -0.14482
-0.13895 -0.05708 0.12932
0.31162 -0.05726 0.14208
-0.33851 -0.08669 -0.13100
0.32504 -0.10432 -0.01168
0.41733 -0.07737 -0.11887
0.06941 0.09021 -0.03928
0.33940 0.00407 -0.11295
0.07478 -0.04765 -0.05113
0.15641 0.08761 0.00628
0.07412 0.08719 0.09952
0.04259 -0.11327 -0.12495
0.04919 0.02843 0.10886
-0.32872 0.08328 0.14459
-0.34878 -0.03647 0.14025
0.05977 0.04434 -0.12275
-0.14434 -0.01200 0.03494
0.08191 0.09220 0.01854
-0.38463 -0.04385 0.02495
-0.25110 0.13184 0.14576
0.00247 0.13190 0.14576
-0.03292 0.13142 0.14576
-0.31314 0.01454 -0.01578
0.04194 0.01116 0.14644
0.38901 -0.10183 0.06231
0.25636 -0.10877 0.12700
0.27705 -0.15698 0.13720
-0.01551 -0.00709 -0.04105
0.10212 -0.05185 -0.05108
0.33869 -0.03016 -0.11006
0.32599 -0.02977 -0.11337
0.35636 -0.05724 0.10392
-0.06046 -0.11084 -0.14197
0.03369 -0.02506 -0.08523
-0.14971 -0.08642 -0.08709
-0.38245 -0.01694 -0.06023
0.31320 -0.02957 0.11267
0.31740 -0.03000 0.10529
0.28216 -0.11597 0.13237
-0.39969 -0.04582 -0.04645
0.42153 -0.06795 0.10852
0.24671 -0.02467 -0.00725
-0.32116 0.11574 -0.14197
-0.38780 -0.07880 -0.13023
0.13959 0.08752 0.04866
0.03433 -0.00748 -0.13081
0.31744 -0.02946 0.13769
-0.00974 -0.00874 0.14013
-0.22619 0.00739 0.05833
0.05791 0.02118 0.04516
0.04087 0.06373 0.02934
-0.29747 0.14932 -0.04350
0.33178 -0.05608 -0.05766
0.31610 -0.06910 -0.04335
0.32085 -0.06615 -0.04664
0.07481 -0.08904 0.01897
0.42041 -0.05109 0.12543
0.20559 0.01603 0.07149
0.05067 -0.04129 -0.14787
0.03347 -0.02278 -0.06082
0.03399 -0.00378 -0.09595
0.16630 -0.10244 -0.14359
-0.38470 -0.06524 0.10396
-0.41948 -0.07589 0.01958
0.03842 -0.00234 -0.14318
0.21429 -0.00432 0.13396
0.04261 -0.07504 -0.02194
0.03366 -0.07348 -0.03652
0.04558 0.06410 0.11644
-0.37727 -0.04903 -0.01598
0.08309 -0.04738 0.12053
-0.19391 0.03980 0.14013
0.06800 0.01649 -0.12747
0.25804 0.01420 0.04505
0.19459 0.08343 -0.02226
0.41385 -0.02219 -0.12253
-0.21430 -0.03774 0.14576
-0.15733 -0.03778 0.14576
-0.09169 -0.03574 0.14576
0.03423 -0.01770 0.12834
-0.27992 -0.06586 -0.01277
0.21419 -0.11040 -0.10199
0.38638 -0.05171 0.14790
0.06060 0.01364 0.10334
0.40403 -0.10596 -0.00944
-0.28961 0.11434 0.16434
0.26445 -0.08750 0.03243
0.41696 -0.10230 -0.03405
0.20378 -0.00234 -0.12640
-0.13892 -0.00273 0.04758
0.42325 -0.05415 -0.07670
-0.01641 0.03934 -0.14368
0.06795 -0.11059 -0.13215
0.41755 -0.07810 -0.13684
0.19958 -0.00934 -0.08938
-0.13882 0.09905 0.09042
-0.31314 -0.02514 0.04129
0.04553 0.09220 -0.00582
-0.09990 -0.01251 0.03316
-0.26278 0.05630 0.14013
0.04164 0.07348 -0.07065
-0.10813 0.13346 -0.05279
0.35307 -0.04845 0.02193
0.18684 -0.04603 -0.12024
0.08680 0.00216 0.14311
0.29631 -0.03844 -0.14439
-0.32882 0.11642 0.06921
0.14941 -0.05196 0.01880
-0.23175 -0.02225 0.09166
-0.26135 -0.02225 0.13431
-0.26442 -0.02225 0.11512
0.26558 -0.10214 -0.00699
0.29626 -0.08774 -0.12199
0.25285 -0.08776 0.07839
0.35101 -0.09392 -0.00897
-0.37590 -0.08536 -0.13393
0.03428 -0.01923 -0.13759
0.17454 0.06648 0.12016
0.06849 -0.05145 0.12046
0.00503 -0.09838 -0.00081
-0.39333 -0.05074 0.04031
-0.38474 -0.05556 0.01596
-0.13974 0.01088 0.05371
0.20903 -0.08328 0.03278
0.24940 0.00847 -0.01660
0.21861 -0.02531 -0.07868
0.24233 -0.03152 -0.06584
0.23933 -0.03074 -0.07190
-0.09765 0.08778 0.16482
0.22913 -0.08020 -0.14202
0.22928 -0.07885 -0.10297
0.40915 -0.07839 -0.14790
0.29015 -0.05022 0.00090
0.36427 -0.05886 -0.14760
0.11271 0.09523 -0.05971
-0.19088 -0.05922 -0.12093
-0.18486 -0.05324 0.11599
-0.19034 -0.05868 -0.07121
-0.20467 -0.07291 -0.11156
-0.20422 -0.07247 -0.09335
-0.21121 -0.07941 -0.11681
-0.19425 -0.06257 -0.05345
-0.18995 -0.05830 -0.02924
-0.20203 -0.07029 -0.13325
-0.18482 -0.05320 -0.04119
0.32610 -0.10694 0.00852
0.37438 0.00206 -0.09973
-0.16889 0.09212 0.14013
0.29282 -0.09016 -0.06627
-0.07113 0.14003 0.05503
-0.31915 0.12763 -0.11869
0.22518 0.01471 0.01202
-0.42217 -0.07382 0.01214
0.15494 0.02462 0.12375
0.08455 0.09615 -0.06486
0.18707 0.08444 -0.01175
0.16057 0.02167 0.12380
-0.02640 0.02896 0.14013
-0.30882 0.10306 0.15229
-0.06320 -0.08367 0.07737
0.24947 -0.02489 0.13145
0.41008 0.00503 -0.12324
-0.14266 -0.07767 -0.09773
0.35207 0.01159 0.00735
0.07896 0.09231 0.05951
-0.18710 -0.07597 0.13587
0.33160 -0.08075 -0.03191
0.28288 -0.06387 -0.04760
0.30400 -0.07869 -0.03317
-0.11223 -0.00717 0.05282
-0.40098 -0.05488 0.09894
0.22803 -0.08629 0.07741
0.21015 -0.09445 0.05110
0.22522 -0.08712 0.06057
0.27051 -0.10412 -0.00296
-0.03206 -0.02012 0.02684
-0.04706 -0.02012 0.01225
0.40681 -0.08710 -0.13154
0.31386 -0.05553 0.05014
0.31448 -0.06055 0.04505
0.28320 -0.07098 0.03316
0.37150 -0.07388 0.13728
-0.22715 -0.02012 -0.02038
-0.21332 -0.02012 0.01618
-0.21522 -0.02012 0.00096
0.32162 0.00718 -0.08960
-0.31562 0.10251 0.02159
0.08766 -0.07562 -0.14883
0.31672 -0.04798 0.11762
0.04551 0.08253 -0.01768
0.17535 0.04800 0.12261
0.41915 -0.01512 0.09097
0.35201 -0.10151 -0.01214
0.01360 0.01065 0.14576
-0.11238 -0.08126 -0.09602
-0.35435 0.09347 0.14828
0.28710 0.01396 -0.01183
0.06915 -0.01914 -0.07787
0.06215 0.01213 0.01503
0.07607 0.09084 -0.00023
-0.31853 0.01595 0.11654
-0.42939 -0.08687 -0.06115
0.35351 -0.10941 0.14419
0.02766 -0.11026 0.08434
0.07606 -0.11171 0.08429
0.13852 -0.08976 -0.01813
-0.13429 0.12738 0.05404
-0.32941 0.11642 0.02282
-0.42112 -0.08841 -0.09882
0.14672 -0.05117 -0.07604
0.20102 -0.11233 -0.07952
0.30146 0.01232 0.05405
0.27298 0.01355 0.04994
-0.11658 -0.11266 0.00391
-0.13271 0.15830 0.16382
-0.00182 0.15830 0.16127
0.13707 -0.11493 0.12496
0.10107 0.08755 -0.09846
0.09543 -0.09084 -0.14668
-0.31609 0.08845 0.06635
0.27648 -0.05117 0.04633
0.40322 -0.08139 0.11190
0.26119 -0.04633 0.14943
0.17060 -0.04249 -0.14733
-0.32796 0.11586 0.01412
0.15204 -0.11249 -0.13498
-0.00879 -0.03733 0.14576
-0.05246 -0.06529 0.14576
-0.06635 -0.07811 0.14576
-0.05006 -0.04403 0.14576
-0.31609 0.01684 0.01339
0.16598 0.06957 -0.03479
0.07032 -0.02855 -0.11088
0.23427 -0.09237 0.07156
0.20034 -0.09469 0.03451
-0.12678 -0.16626 -0.13309
0.10491 -0.08021 0.14853
0.27658 0.00747 -0.11820
0.19765 -0.08189 0.14752
-0.20387 0.02715 0.01905
-0.20387 0.00649 0.04603
-0.20387 0.03417 0.05665
-0.20387 0.03144 -0.01012
-0.20387 0.03240 0.04476
-0.20387 0.00073 0.05061
-0.20387 0.01552 0.01837
0.19764 -0.01428 0.06498
-0.20010 -0.06686 -0.14197
0.09308 0.09048 -0.05125
-0.22399 0.12328 0.14013
0.06201 -0.11048 0.12921
0.20205 0.00696 -0.03305
-0.07823 -0.07138 -0.14197
0.29679 -0.11335 -0.06049
0.04277 -0.10495 0.14278
-0.00990 0.02638 0.05828
-0.00990 0.02772 0.02345
-0.00990 0.04669 0.03936
-0.00990 0.00072 0.05585
-0.00990 0.04944 -0.00320
-0.00990 -0.00498 0.04923
0.35086 -0.07029 0.08769
0.03912 0.08776 0.09664
-0.13558 -0.02960 0.04730
-0.22922 -0.02960 0.06137
-0.18780 -0.02960 -0.00858
-0.07816 -0.02960 0.03511
-0.28628 -0.02960 -0.04250
-0.29986 -0.02960 0.05440
-0.09796 -0.02960 0.03670
-0.20388 -0.02960 0.01650
-0.26293 -0.02960 -0.02309
-0.21763 -0.02960 0.03905
-0.21072 -0.02960 0.00227
-0.18981 -0.02960 0.03193
-0.31415 -0.02960 -0.00950
-0.07689 -0.02960 0.06556
-0.21011 -0.02960 0.03618
-0.25329 -0.02960 0.01618
-0.29383 -0.02960 0.02122
-0.20525 -0.02960 0.02784
-0.18890 -0.02960 -0.00157
-0.30464 -0.02960 -0.02534
-0.20077 -0.02960 0.03730
-0.19789 -0.02960 0.06042
-0.10445 -0.02960 0.04701
-0.31412 -0.02960 -0.02080
-0.27113 -0.02960 0.01492
-0.25392 -0.02960 0.05606
-0.26302 -0.02960 0.06611
-0.28506 -0.02960 -0.03026
-0.30095 -0.02960 -0.04230
-0.26974 -0.02960 0.02474
-0.27873 -0.02960 -0.03849
-0.31853 0.07141 -0.09581
-0.11329 -0.04868 0.14576
0.09245 0.09155 -0.06359
0.04391 0.00087 0.02025
-0.09177 -0.06746 -0.03366
-0.10353 -0.05440 -0.10658
-0.09901 -0.05943 0.05797
-0.08512 -0.07484 -0.07563
-0.08148 -0.07888 -0.13307
-0.10289 -0.05512 0.03709
-0.09653 -0.06218 -0.05525
-0.09302 -0.06607 -0.09798
-0.10249 -0.05556 -0.05594
-0.07999 -0.08053 -0.09835
-0.42573 -0.06524 0.07291
0.03792 0.08962 -0.04846
-0.26528 0.13010 0.14576
-0.11202 0.12923 0.14576
0.25269 -0.03120 0.10690
-0.20067 -0.01286 -0.06071
0.11136 -0.09623 0.12039
0.19767 -0.01274 -0.10470
0.39266 -0.10583 -0.01620
-0.42093 -0.06934 -0.08184
-0.39223 -0.07401 -0.07060
0.34098 0.00266 -0.12480
-0.00801 0.14760 0.04309
-0.39170 -0.01504 -0.03812
0.12803 -0.08690 -0.14742
0.40995 0.00293 0.00620
-0.25961 -0.09183 0.05318
0.27432 -0.04182 -0.05998
-0.37066 -0.02855 -0.05207
0.03654 -0.07358 0.08788
0.03996 -0.07462 0.02219
0.17745 -0.09990 -0.00359
0.04508 0.07927 0.09128
-0.10605 -0.13214 0.10390
-0.10636 -0.08562 0.10463
0.20381 0.00935 -0.09799
-0.32514 -0.10311 -0.13007
-0.32735 0.06246 0.13494
-0.31943 0.09552 0.13494
-0.31905 0.01316 0.13494
-0.32823 0.03585 0.13494
0.03249 -0.07018 -0.13117
0.08030 0.09727 0.07894
0.24279 0.00073 -0.14065
0.41183 -0.00629 0.08133
-0.01922 -0.10339 -0.14197
-0.40351 -0.03725 0.04390
0.25713 0.01210 -0.08304
0.18251 -0.00683 -0.12132
0.03968 0.05240 -0.01682
0.26737 -0.09238 0.02048
0.25609 -0.11495 -0.13034
0.21547 -0.07014 0.02069
0.21882 -0.00612 0.14655
0.40129 -0.02994 -0.05845
0.04922 -0.02871 0.13517
-0.07719 0.01615 0.05436
0.39575 -0.09500 -0.05708
-0.37162 -0.06866 0.01629
-0.09426 -0.10188 0.00096
0.40280 0.00333 -0.04026
0.03992 -0.09896 0.14300
0.38432 -0.09951 -0.04583
-0.40079 -0.05009 0.11196
0.35845 -0.10340 0.00540
0.07116 -0.02255 -0.04464
0.24876 0.00435 -0.12252
0.39898 -0.10595 -0.03395
0.04900 -0.03708 0.13380
-0.09792 -0.09447 -0.13650
0.34145 -0.03018 -0.14141
-0.24299 -0.07242 0.14576
-0.30303 -0.03117 0.14576
-0.23206 -0.06539 0.14576
-0.21700 -0.04634 0.14576
0.25060 -0.03239 -0.12973
-0.18065 -0.12790 -0.13172
0.35172 -0.10640 -0.09695
0.22012 0.03430 -0.01436
0.23590 -0.09994 -0.08274
-0.34461 -0.06618 0.14576
0.09307 -0.08810 -0.01788
0.35732 -0.05510 0.01397
-0.32104 0.08720 -0.10868
0.21180 0.01232 0.11863
0.08518 0.09138 -0.01437
-0.15220 -0.15403 0.10515
-0.38012 -0.05263 -0.00641
-0.04377 -0.01830 0.03918
-0.30450 -0.01651 0.04292
-0.13451 0.13243 0.05291
0.11012 -0.05179 -0.07738
0.39614 -0.03993 -0.01697
0.21332 -0.09174 -0.07160
0.22626 -0.08291 -0.06491
-0.08645 0.15024 -0.04250
0.11440 0.09453 0.10153
0.27552 -0.04746 -0.14793
0.29305 0.01087 0.07923
-0.03009 0.00207 -0.04821
0.06362 -0.08155 -0.01333
-0.21503 0.03363 0.14576
0.21472 -0.11624 0.12181
0.26582 -0.06232 0.03753
-0.19604 0.11032 0.14013
0.14093 -0.11244 0.15699
-0.28335 0.07473 0.14013
-0.06902 -0.11267 -0.12146
0.04986 -0.09852 -0.11782
0.19249 0.07363 -0.02930
0.31344 -0.14069 -0.12503
0.21857 -0.10405 0.11836
0.07413 -0.05886 -0.14926
0.19850 -0.05210 -0.12065
0.21075 0.04722 -0.02449
0.20370 -0.05067 -0.13793
0.02620 -0.04058 0.14576
0.30810 0.00583 -0.11860
0.13026 -0.11755 -0.00910
0.36384 0.00186 -0.11450
0.25089 -0.06927 -0.14796
-0.19032 0.15438 0.16486
0.02615 0.15444 0.16486
-0.11039 0.12433 -0.12723
-0.22463 0.12433 -0.08093
-0.23075 0.12433 -0.08057
-0.15854 0.12433 -0.07250
-0.14975 0.12433 -0.10548
-0.16651 0.12433 -0.09166
-0.12848 0.12433 -0.11916
-0.26839 0.12433 -0.07915
-0.21803 0.12433 -0.09371
-0.11330 0.12433 -0.08423
-0.19193 0.12433 -0.08771
-0.15185 0.12433 -0.07125
-0.10580 -0.02225 0.09145
-0.10691 -0.02225 0.10367
-0.10983 -0.02225 0.12928
-0.16107 -0.02225 0.13939
-0.11391 -0.02225 0.11628
-0.27620 0.09736 -0.13608
-0.18045 0.09735 -0.13608
0.30379 -0.02808 0.14458
-0.12369 0.14101 -0.04652
-0.05985 0.05686 -0.14611
-0.40158 -0.06524 -0.11210
0.06433 -0.04759 -0.12043
0.35018 -0.15191 -0.09921
0.41017 -0.00003 0.13284
-0.03185 -0.01230 -0.03163
-0.07383 0.09068 0.14576
-0.07825 0.01173 0.14576
0.36727 -0.08286 -0.04726
0.12280 0.07633 0.11935
0.20465 -0.03418 -0.12068
0.38056 0.00754 -0.04296
0.04878 0.06986 -0.11310
0.07695 0.09129 0.07204
-0.10721 0.03032 -0.13608
0.30395 -0.01038 0.14760
0.41058 -0.03023 0.11303
0.40995 0.01103 0.13688
0.27018 -0.05120 0.08191
0.30135 -0.04525 0.08456
-0.08815 0.06666 0.14013
0.03622 -0.10351 -0.13983
0.18943 -0.09403 -0.14561
0.36590 -0.08606 -0.06466
-0.01922 0.12373 0.14576
0.42991 -0.07774 0.10632
0.05357 -0.08388 -0.12089
0.05431 -0.05497 -0.12033
0.20983 0.04170 -0.08585
-0.20382 0.14352 0.14576
0.35154 -0.10634 0.03179
0.20469 -0.02926 0.12377
-0.13075 -0.05847 -0.12503
-0.15853 0.13513 0.05199
-0.14280 -0.09875 0.08264
0.41547 -0.09154 -0.01431
-0.29666 -0.02960 0.02593
0.15890 0.08583 -0.06844
0.14471 -0.07846 -0.01043
0.35425 -0.08418 0.06692
0.18435 0.08289 -0.08930
-0.18052 -0.06963 0.13579
-0.32395 -0.07812 0.10712
0.17631 0.07034 0.11609
0.36519 -0.09299 -0.00280
0.03411 -0.00083 0.02347
0.03422 0.00208 0.03585
0.03326 -0.03804 0.01976
0.03395 -0.00491 0.00913
0.11743 -0.09487 -0.02244
-0.06111 0.00322 0.07383
-0.03924 0.07282 0.07383
-0.04274 0.10552 0.07383
-0.06916 -0.00436 0.07383
-0.05535 0.05554 0.07383
-0.04379 0.09543 0.07383
-0.02397 0.10858 0.07383
-0.02672 0.11448 0.07383
-0.03922 0.05995 0.07383
0.00715 0.09253 -0.14472
0.33987 -0.10472 -0.00261
0.34502 -0.10486 -0.00031
0.11594 -0.05574 0.11799
-0.18278 0.01666 0.14013
0.41031 -0.08965 -0.12444
-0.00763 -0.10411 0.00458
0.24529 0.01429 0.06355
0.21157 0.01516 -0.06061
0.21219 0.01506 -0.10555
0.24186 -0.08921 0.10946
0.16098 0.06602 -0.05419
0.30394 -0.04846 -0.04844
0.31956 -0.04340 -0.04032
0.09739 -0.11468 -0.11864
0.04820 -0.11379 -0.12637
0.17070 0.08667 0.01233
0.25292 -0.00868 -0.08428
0.04758 -0.06991 0.12062
0.25482 -0.03388 -0.08325
0.28844 -0.08533 -0.05660
0.24033 -0.05497 0.09065
0.07402 -0.05142 -0.08972
-0.27605 0.00139 0.14013
-0.32019 0.02677 0.09890
0.05425 0.09228 0.02645
0.03597 0.09132 0.00103
0.20775 0.00930 0.13042
0.33206 -0.10676 -0.01552
-0.34233 -0.07460 -0.13144
0.07403 -0.08470 0.01440
0.09687 -0.07566 0.00422
0.10521 0.09493 -0.01349
0.26833 -0.02834 -0.10705
0.31014 -0.03011 -0.09480
0.04898 -0.04126 -0.11520
0.30125 -0.02908 -0.13680
-0.08871 -0.12011 0.12093
0.21284 -0.11644 0.13775
0.24597 -0.01776 0.02238
0.21538 -0.09313 -0.13037
0.22238 -0.09093 -0.13032
-0.16977 0.07364 0.14013
0.41067 -0.02912 -0.06203
0.11617 0.07637 0.11533
0.40189 -0.07594 0.13893
0.20724 0.05186 0.03230
0.04087 -0.09702 -0.13864
-0.09131 0.00537 -0.04966
0.42449 -0.06625 -0.07899
-0.39890 -0.05120 -0.00094
0.23854 -0.06212 -0.11225
0.24075 -0.05751 -0.12813
-0.13744 -0.08450 -0.12005
0.20982 -0.11718 0.12195
-0.09575 0.08004 -0.13608
0.06499 -0.07714 0.14886
0.03275 -0.06178 -0.09657
0.40503 -0.10596 0.01187
0.13148 0.08492 -0.09835
0.23894 -0.03468 -0.12283
0.23709 -0.05953 -0.12307
0.24014 0.01376 -0.08426
0.10751 0.09827 0.05979
-0.10012 0.12836 -0.14197
0.40913 -0.05359 -0.13564
-0.09846 0.10911 0.16250
0.14585 0.08854 0.04972
-0.19434 0.03719 -0.13608
0.27151 -0.02904 0.01192
0.13528 0.08771 0.08059
0.05062 0.07769 0.11533
0.04883 0.08997 -0.08642
0.33257 -0.04330 -0.03400
0.29145 -0.04163 -0.02189
0.27936 -0.04114 -0.02520
-0.10007 0.08218 0.14013
-0.05761 0.15196 0.03551
0.07535 -0.04966 0.00080
0.10662 -0.05529 0.11765
0.23521 -0.02762 0.13484
0.04261 0.07943 0.04602
-0.31853 0.14113 -0.07606
-0.23059 -0.01959 -0.13608
0.41427 -0.01221 -0.11236
0.40682 -0.08542 0.09509
0.35706 -0.07845 -0.12952
0.14478 -0.08102 -0.14788
-0.09235 -0.01163 -0.03342
0.22342 -0.06546 -0.01696
0.11636 -0.07843 0.01164
0.13378 -0.09521 -0.04706
0.06167 -0.09376 -0.03796
0.10971 -0.09471 -0.05393
0.12680 -0.09498 -0.09323
0.13266 -0.09523 -0.02718
0.07429 -0.09402 -0.03885
0.11967 -0.09488 -0.06898
0.08631 -0.09428 -0.02686
0.41596 -0.07985 0.02823
0.22965 -0.10385 -0.07593
-0.32796 0.12147 -0.00658
-0.28230 0.07234 -0.13608
-0.18228 0.07610 -0.13608
0.04941 0.08346 -0.06765
0.32923 -0.05873 -0.09345
0.03707 -0.05949 0.14809
-0.39847 -0.04858 0.01068
-0.08001 0.10900 0.14576
0.35592 -0.06901 -0.02974
0.21895 -0.02684 -0.14218
0.11894 0.08722 -0.07732
0.37739 -0.07462 0.14613
0.01017 -0.07985 -0.01016
0.00724 -0.07977 0.00460
-0.22304 0.10488 0.11016
-0.22304 0.03459 0.12112
-0.22304 -0.01290 0.14324
-0.22304 0.11520 0.12911
-0.22304 0.10568 0.09747
-0.22304 0.04687 0.13890
-0.22304 0.08517 0.12589
-0.22304 0.06901 0.11332
0.22361 0.02932 0.01600
-0.41648 -0.06595 -0.07625
0.09875 0.09874 0.00568
0.23730 -0.06041 -0.02486
0.29851 -0.14165 -0.12631
0.04227 0.01335 0.09066
0.43807 -0.09738 0.02299
0.10937 -0.10635 0.14442
0.20935 0.01937 0.11751
0.00393 -0.11081 0.14576
0.25932 -0.08917 -0.06039
-0.39496 -0.05370 0.02510
0.03436 -0.01293 0.13678
-0.05269 -0.01332 0.01524
-0.14076 -0.01332 -0.01267
-0.06737 -0.01332 -0.01114
-0.21803 -0.01332 -0.02135
-0.25323 -0.01332 -0.01592
-0.13679 -0.01332 -0.00093
-0.19254 -0.01332 -0.02088
-0.12109 -0.01332 -0.01647
-0.15009 -0.01332 -0.02386
-0.10947 -0.01332 -0.01721
-0.09578 -0.01332 -0.00227
0.29724 -0.14783 0.14369
0.11854 -0.05070 -0.07652
0.22389 -0.10110 -0.14306
0.31266 -0.03272 0.08952
0.05254 -0.07458 0.00880
0.13850 0.07778 0.12309
0.40164 -0.10295 -0.05710
0.17465 0.08743 -0.02613
0.39479 -0.03098 -0.12719
-0.33132 -0.07916 0.13145
0.04015 0.06084 0.05683
0.19043 0.07601 -0.03442
-0.19550 -0.08471 -0.09610
0.03958 0.04998 -0.02299
-0.14869 0.00875 -0.13608
0.14602 -0.07907 -0.02566
-0.32147 0.07728 -0.08899
0.02560 0.10638 0.14576
0.00507 0.09047 0.10455
0.00507 0.04993 0.12619
0.00507 0.10707 0.14493
0.00507 0.10015 0.10018
0.00507 0.01130 0.13399
0.00507 0.10794 0.10456
0.00507 0.05956 0.12639
0.00507 0.11274 0.11906
-0.32120 -0.09268 0.07446
0.11883 -0.06932 -0.14902
0.17897 -0.09199 0.14631
-0.10904 -0.12812 0.14389
-0.03271 -0.09552 -0.08073
0.08522 -0.11158 -0.08051
-0.02748 -0.09672 -0.08071
0.17960 -0.04967 -0.14827
-0.31853 -0.03729 -0.03767
-0.35599 0.12232 0.15095
0.00760 -0.00896 -0.14611
0.06710 -0.11161 0.15769
-0.26838 -0.11235 0.14576
-0.08672 0.07527 -0.14197
0.25300 -0.05804 0.15034
0.34625 -0.10854 0.02853
0.38320 -0.10651 -0.02609
0.38409 -0.07627 -0.04473
0.38443 -0.06475 -0.05046
0.38430 -0.06910 -0.00969
0.38406 -0.07746 -0.01687
-0.15219 0.11539 -0.13608
-0.15169 0.12148 -0.13608
0.20336 0.00617 0.05855
-0.42939 -0.09856 -0.04758
0.19210 0.08098 0.08183
0.10686 0.09827 -0.00654
-0.05614 0.14314 -0.04495
0.08757 -0.05512 -0.05555
0.30476 -0.08340 0.10552
0.34806 -0.07523 0.14427
0.25838 -0.08214 -0.08593
0.27869 -0.00832 0.14766
-0.06957 0.11270 0.05881
-0.00867 0.11619 0.05881
-0.02156 0.12263 0.05881
-0.04131 0.08595 0.05881
-0.02246 0.08800 0.05881
-0.03859 0.06385 0.05881
0.25303 -0.01654 0.10737
-0.06489 -0.08933 0.09508
0.34336 -0.08354 -0.09612
-0.03714 0.06404 -0.14403
-0.37208 -0.02958 -0.07060
0.05948 -0.04340 -0.11565
0.06842 -0.01286 0.05676
0.08837 -0.05424 -0.09082
0.03246 -0.07043 0.01339
0.04172 0.05578 0.11706
-0.15271 0.14943 0.04065
0.06595 -0.03391 0.12048
0.15047 -0.09471 -0.08811
0.18365 -0.09565 -0.09735
0.12582 -0.09418 -0.10922
0.12402 -0.09408 -0.09969
0.14086 -0.09446 -0.08882
0.15733 -0.09498 -0.10150
0.17291 -0.09518 -0.06692
0.26913 0.00721 -0.12339
-0.32571 0.11774 -0.07349
0.24821 0.00894 -0.11987
-0.33681 -0.02893 -0.14197
-0.32931 -0.00004 -0.14197
-0.32045 0.04149 -0.14197
-0.32142 0.08263 -0.14197
-0.31919 0.00982 -0.14197
0.27819 -0.06845 0.13242
0.23066 -0.07919 -0.10973
0.22866 -0.08354 -0.10630
0.18611 -0.06742 -0.14842
0.19531 -0.09593 -0.07469
0.16779 -0.09484 -0.02663
0.18733 -0.09566 -0.08200
0.22712 -0.06129 0.00836
0.42107 -0.02490 0.02258
-0.10491 -0.02960 0.03148
0.38126 -0.03107 -0.10247
0.42008 -0.04708 0.08352
-0.07369 -0.09420 -0.11250
0.29801 -0.05104 -0.03508
-0.10221 0.12810 0.16434
-0.31536 -0.09087 0.14738
-0.34785 -0.03079 -0.13257
0.18250 -0.07941 0.01664
-0.37357 -0.02130 -0.06594
0.29967 -0.04898 -0.10583
-0.17091 -0.16311 0.13417
0.13182 0.08500 0.10848
-0.16756 0.06027 0.14013
-0.17047 -0.07020 -0.09795
0.19861 -0.06939 0.01380
0.40451 -0.08521 -0.01013
0.40478 -0.08121 -0.04949
0.35165 -0.08194 -0.03055
0.39421 -0.11159 -0.05504
0.24442 0.00144 0.00993
0.24446 0.00065 0.09444
0.09533 0.08918 0.09554
0.18335 -0.08688 0.02558
-0.26657 -0.07687 -0.14197
-0.27562 -0.06130 -0.14197
0.23893 -0.05866 -0.13608
0.23785 -0.06026 -0.09900
-0.31609 -0.02711 0.05716
-0.06108 0.12387 -0.05412
0.33454 -0.08201 0.06238
0.04350 -0.08628 -0.04941
0.03881 0.03737 0.08808
0.37166 -0.05709 -0.14648
0.22533 -0.02434 -0.14335
0.03683 0.02701 -0.12084
-0.16815 -0.14122 0.14247
0.03372 -0.01430 -0.00076
0.03424 0.00817 -0.00623
0.03418 0.00342 -0.01654
0.26947 -0.07683 0.12480
0.24368 -0.11348 0.00335
-0.07404 -0.08101 -0.07213
-0.10133 -0.02676 0.03025
-0.10133 -0.00051 0.04152
-0.10133 -0.01789 -0.00759
-0.10133 -0.01538 0.06500
-0.10133 0.00901 0.05557
-0.10133 -0.02256 -0.04184
-0.10133 -0.01973 -0.04726
0.03380 -0.01261 0.08673
0.03400 0.00276 0.09190
0.06212 0.01195 0.03190
0.41302 -0.03253 0.08906
0.40025 -0.00382 -0.11244
0.26314 -0.14029 -0.11580
-0.33264 0.15910 0.13523
0.04809 -0.08139 0.13168
0.04815 -0.07774 0.13498
0.20413 -0.05843 -0.14715
0.09478 -0.01430 0.12002
-0.42939 -0.07623 0.04352
0.24197 -0.05503 0.13500
0.23579 -0.06843 0.14372
0.04736 0.09072 -0.06729
0.05847 0.08407 0.11625
0.31102 -0.10495 0.05792
-0.05549 0.11171 0.15993
-0.14724 -0.09474 0.07632
0.41522 -0.00408 0.06269
-0.20781 -0.03669 -0.14197
-0.23844 -0.03564 -0.14197
-0.15906 -0.03500 -0.14197
0.19837 -0.00797 -0.02398
0.21503 0.01491 -0.05365
0.25728 -0.08677 -0.06958
-0.39087 -0.05244 -0.06945
0.22202 -0.07251 0.12471
0.23878 -0.03655 0.12490
0.41219 -0.01280 -0.12801
0.23776 -0.02118 -0.13209
0.08440 -0.07494 -0.00036
0.05404 0.07718 -0.11228
0.21927 -0.08082 0.03382
-0.07277 0.08835 -0.14511
0.40142 -0.10596 0.03591
-0.19121 -0.07390 0.08562
-0.15571 -0.06812 0.08578
0.37813 -0.09666 0.01402
-0.33351 0.09464 0.16434
0.03250 -0.06997 0.11346
-0.39646 -0.07401 -0.11287
0.20396 -0.03632 0.12751
0.20216 -0.11375 0.13297
0.13378 -0.07656 0.11860
0.04011 0.05299 -0.05197
0.07034 -0.01906 -0.04925
0.00946 -0.07163 -0.14314
0.07134 -0.11066 0.12350
-0.31562 0.13222 0.14576
0.04028 0.08897 0.00443
0.10249 -0.06122 -0.12065
0.12757 0.08420 0.11170
-0.26243 -0.11267 -0.13375
-0.31268 -0.11267 -0.13177
-0.31212 -0.11267 -0.13983
-0.25585 -0.11267 -0.08175
-0.22531 -0.11267 -0.12746
-0.27260 -0.11267 -0.12774
-0.22279 -0.11267 -0.06499
-0.22014 -0.11267 -0.07918
0.07014 -0.02007 -0.06820
-0.22632 -0.01310 -0.02773
0.20242 0.01092 -0.12588
0.22665 0.01448 0.08115
0.06855 -0.07616 -0.00781
0.35473 -0.01390 -0.14513
0.15959 0.08192 0.11282
0.06590 -0.10370 -0.14299
0.35031 -0.05401 -0.05348
0.19724 -0.06452 -0.00411
0.26562 -0.10019 0.00874
-0.11120 0.12352 0.13196
-0.15034 0.12352 0.11974
-0.14106 0.12352 0.14566
-0.19687 0.12352 0.10024
-0.20436 0.12352 0.10336
-0.19274 0.12352 0.08485
0.40220 0.00450 0.13306
0.20086 -0.03033 -0.12065
0.10498 0.09835 0.08708
-0.10237 0.04994 0.03173
0.27177 -0.08521 -0.13684
-0.07369 -0.09489 0.12879
0.10552 0.09624 0.03272
0.10047 0.08943 -0.03816
0.05185 -0.11310 0.12380
0.36255 -0.04299 -0.03232
0.18466 -0.04773 0.14819
0.20763 -0.03652 0.14626
0.10034 0.09000 -0.01002
0.20068 -0.00500 -0.10340
0.19638 -0.01588 -0.12488
-0.32796 0.12143 0.04862
0.31263 -0.04274 -0.08327
-0.43133 -0.07909 -0.01588
0.17760 0.08025 0.04014
0.24701 -0.08955 -0.05154
-0.09929 -0.09265 0.09522
0.06319 0.00852 0.03926
0.36191 -0.09033 0.07173
0.23023 -0.04431 0.14855
0.03279 -0.05888 -0.06667
0.13963 0.08958 -0.01910
0.10687 0.09036 -0.04080
0.01316 -0.06996 0.04682
-0.18069 -0.10801 -0.13441
0.36671 -0.10086 0.14348
0.05596 -0.09356 -0.09761
0.09863 -0.09439 -0.10521
0.06166 -0.09375 -0.04424
0.04867 -0.09351 -0.03021
0.04959 -0.09342 -0.10416
0.40892 -0.08075 0.07453
-0.02736 0.01890 -0.14197
-0.06673 0.06684 -0.14197
-0.07799 0.12397 -0.14197
-0.04760 0.04813 -0.14197
-0.04772 0.02841 -0.14197
-0.06686 -0.05185 -0.14197
-0.00805 0.07266 -0.14197
-0.06443 -0.02006 -0.14197
-0.07231 0.05290 -0.14197
-0.02357 0.10538 -0.14197
-0.06340 -0.04416 -0.14197
-0.06791 -0.03009 -0.14197
-0.06507 0.11276 -0.14197
-0.07446 0.03624 -0.14197
-0.04828 0.12148 -0.14197
-0.05893 0.07707 -0.14197
0.21237 0.01534 -0.00708
-0.32067 -0.10311 0.11358
-0.18255 -0.10300 -0.13571
0.41197 -0.08655 -0.04307
0.14505 -0.08686 0.09938
-0.35693 0.10743 0.15095
0.41561 -0.00027 0.00593
0.06124 -0.10454 -0.11745
0.37293 -0.09803 0.00718
-0.34915 -0.10311 -0.09233
0.22146 0.01494 0.06954
-0.06882 0.10532 -0.14784
-0.31609 0.10996 -0.06044
-0.15320 -0.07591 -0.09770
0.33413 -0.14019 0.14048
0.01693 -0.06488 -0.14242
0.09700 -0.05241 0.04509
0.12844 0.07619 0.11575
-0.38601 -0.07401 -0.03508
0.03971 0.08686 0.10199
-0.28246 0.03802 -0.05413
-0.27103 0.03899 -0.05413
-0.25996 0.04565 -0.05413
-0.28344 0.02732 -0.05413
-0.29748 0.05668 -0.05413
0.04897 -0.03836 -0.14051
0.04955 -0.07480 -0.00322
-0.32138 0.08141 0.11535
0.10166 -0.09453 0.05909
0.12471 -0.09494 0.09593
0.11687 -0.09478 0.09125
0.07955 -0.09412 0.04105
0.11628 -0.09479 0.07921
0.11845 -0.09492 0.02907
0.14104 -0.09538 0.02946
0.11522 -0.09480 0.06000
0.08843 -0.05417 0.05116
0.24731 0.01452 -0.04608
-0.27176 0.15026 0.15858
0.04743 0.07935 0.10895
0.00837 0.14414 -0.06566
-0.08122 0.14414 0.03630
0.00785 0.14414 -0.00912
-0.12314 0.14414 0.03068
-0.05314 0.14414 -0.02524
-0.03069 0.14414 -0.02750
-0.23077 0.14414 0.05226
-0.04016 0.14414 0.00722
-0.18330 0.14414 0.05388
-0.00844 0.14414 -0.04263
-0.00101 0.14414 -0.02368
-0.04073 0.14414 0.04728
-0.06160 0.14414 -0.03682
-0.04318 0.14414 -0.00537
-0.08715 0.14414 0.04407
0.00239 0.14414 0.02040
-0.07566 0.14414 -0.02070
-0.05772 0.14414 0.01785
-0.25571 0.14414 0.07366
0.00446 0.14414 -0.01680
-0.13003 0.14414 0.07329
-0.12812 0.14414 0.02979
-0.18031 0.14414 0.06601
-0.25575 0.14414 0.06677
-0.05235 0.14414 -0.01673
-0.02769 0.14414 -0.00055
-0.16158 0.14414 0.01412
-0.16015 0.14414 0.02245
-0.22366 0.14414 0.03820
-0.02963 0.14414 0.04541
0.00498 0.14414 -0.06115
-0.22292 0.14414 0.04706
-0.14914 0.14414 0.00344
-0.13217 0.14414 -0.00091
-0.08567 0.14414 0.05041
0.20147 -0.00075 0.07512
0.14462 0.08765 -0.03297
0.14908 0.08694 -0.05359
-0.27033 -0.04618 -0.14197
-0.21854 -0.05693 -0.14197
-0.28416 -0.03399 -0.14197
-0.19977 -0.12586 0.13893
-0.10491 -0.09448 -0.13722
0.35536 -0.05960 -0.09876
0.43769 -0.09068 -0.05220
0.05253 -0.04178 -0.12733
0.22461 -0.08661 -0.07950
0.22700 -0.08585 -0.09194
-0.14273 -0.09949 0.03260
0.31460 0.01292 -0.01823
0.23073 -0.08020 0.10480
0.22692 -0.08814 0.13305
0.29550 -0.16237 -0.09867
-0.20839 0.02512 0.09867
-0.20839 0.03905 0.14397
-0.20839 0.04171 0.12935
-0.20839 0.06120 0.12150
-0.20839 0.03194 0.11009
-0.20839 0.01576 0.11562
-0.20839 0.04687 0.11268
-0.20839 -0.00932 0.11309
0.04607 0.09208 -0.01472
0.17635 0.07838 0.11558
0.16868 0.01351 -0.12065
0.07901 0.09228 0.02570
0.26615 -0.05362 0.00536
0.33210 -0.04852 -0.10770
-0.13936 -0.11520 0.01216
0.17986 -0.09637 0.08115
0.17151 -0.09613 0.07294
0.13084 -0.09509 0.09862
0.13637 -0.09521 0.07938
0.00802 -0.01842 -0.14778
0.07402 -0.05317 -0.07817
0.07200 -0.03188 0.07807
0.32117 -0.02720 -0.00719
0.07055 -0.07729 0.11727
-0.18485 -0.02838 -0.14197
-0.25493 0.09914 0.14013
0.20112 0.00029 0.11209
-0.26223 -0.09800 -0.05229
-0.17268 -0.16161 0.10924
-0.20128 -0.00928 -0.03812
-0.33316 -0.06524 -0.06575
-0.34938 -0.06524 -0.11254
-0.32032 -0.06524 0.03461
-0.35561 -0.06524 -0.09117
-0.35828 -0.06524 -0.12575
-0.34192 -0.06524 -0.09061
-0.33344 -0.06524 0.04254
-0.31860 -0.06524 0.10751
-0.33579 -0.06524 -0.05650
-0.32441 -0.06524 -0.09881
-0.34746 -0.06524 -0.05858
-0.31853 0.09290 -0.12934
0.09364 0.09267 -0.08614
-0.18463 -0.08120 -0.07577
-0.15269 0.00326 -0.13608
-0.28848 -0.00353 -0.13608
0.23485 0.01439 -0.08331
0.01840 0.02738 0.14576
0.01789 -0.05098 0.14576
0.39864 -0.10600 -0.10995
0.04047 0.00688 0.13837
0.04005 0.05432 -0.03253
0.07331 -0.04552 -0.07657
0.09124 0.09124 -0.01940
0.04742 0.05867 0.12003
-0.20936 -0.07807 -0.08709
0.03411 -0.00160 0.10792
-0.28157 0.00799 0.05843
0.04183 -0.07597 -0.05579
-0.20109 -0.08076 0.08552
-0.21253 -0.07480 0.08559
0.35091 0.00118 0.13039
0.04146 -0.00327 0.11877
0.11908 0.08920 -0.06071
0.13719 0.08846 -0.06062
0.35402 -0.04834 0.00895
-0.05453 0.06892 -0.14576
-0.31853 0.07503 0.07476
-0.03501 -0.06579 0.14730
0.40756 -0.07499 0.02001
0.41293 -0.05599 0.04672
0.06646 -0.00119 -0.02330
0.34815 -0.10087 0.06902
0.18325 0.08190 -0.09793
0.04340 0.08090 0.00660
0.10185 0.08965 0.02865
0.12742 0.08864 0.02488
0.42510 -0.06045 -0.07735
0.32696 -0.05464 -0.05737
0.23619 0.01677 -0.02316
0.40180 -0.08107 -0.09867
0.05933 0.06658 0.12251
0.28842 -0.02147 -0.14491
0.12961 -0.04972 0.02978
-0.09288 0.15653 0.03380
0.08424 0.08755 0.10252
0.19409 -0.10830 0.07685
0.22398 0.01158 0.11739
-0.02830 -0.10763 0.07749
-0.01025 -0.09547 0.07731
0.03180 -0.09661 0.07734
0.26063 -0.09392 -0.13603
0.39371 -0.05052 -0.02590
0.39301 -0.07441 0.02355
0.39355 -0.05612 0.03851
0.39390 -0.04402 0.01799
0.32584 -0.07931 0.02599
0.30870 -0.08154 0.02309
-0.01688 0.00844 0.14013
-0.42895 -0.08887 0.00145
0.07366 -0.05713 0.04695
0.02721 0.05058 -0.14197
-0.37222 -0.04238 0.00078
0.37326 -0.08711 -0.02723
0.01344 0.01647 -0.14611
0.26177 -0.06563 0.14824
-0.27691 0.12752 -0.14197
0.10326 0.08996 0.00187
0.25234 -0.00005 -0.06876
0.39773 -0.10391 0.07141
0.33145 -0.05486 0.10078
-0.20477 0.12739 0.05859
-0.31609 0.03097 -0.06230
-0.03742 0.13292 -0.05295
-0.20057 -0.10534 -0.12599
0.32533 -0.07684 0.10557
0.08614 -0.11446 0.14050
0.07176 0.07521 0.12176
0.36273 -0.08732 0.13912
-0.06779 0.04812 -0.14611
-0.40689 -0.07401 -0.03672
0.20683 -0.09609 0.06666
0.34337 -0.07155 -0.09845
0.04176 0.01756 -0.05220
-0.22259 -0.02306 -0.09870
-0.23657 -0.02306 -0.07870
-0.26591 -0.02306 -0.09800
-0.28223 -0.02306 -0.07098
-0.29178 -0.02306 -0.07983
-0.28081 -0.02306 -0.07772
-0.16493 -0.02306 -0.07759
-0.27075 -0.02306 -0.08383
-0.12509 -0.02306 -0.07013
-0.15512 -0.02306 -0.07381
-0.25733 -0.02306 -0.11098
0.04322 0.08528 0.09229
0.34963 -0.10376 0.00507
0.43150 -0.08041 -0.03637
-0.37858 -0.08963 0.13423
0.17422 -0.02957 0.14313
0.30362 0.01127 -0.07099
-0.38371 -0.05914 0.10885
-0.31314 -0.01947 0.06701
-0.24848 0.15646 0.03411
-0.30278 0.11986 0.14576
-0.07524 -0.00589 -0.14197
-0.05534 0.00340 0.14013
0.35256 -0.04401 0.08543
0.34989 -0.04584 -0.03212
0.33537 -0.05008 -0.02537
0.22512 -0.10908 0.12226
0.12919 0.08979 0.02926
-0.17447 -0.10868 -0.12225
0.39779 -0.08102 -0.10171
-0.08190 0.10459 -0.14197
-0.12636 -0.05233 0.07288
-0.13101 -0.05233 0.01900
-0.17466 -0.05233 0.12849
-0.11121 -0.05233 -0.02219
-0.10861 -0.05233 -0.09737
-0.12314 -0.05233 0.12328
-0.10958 -0.05233 -0.10976
-0.13705 -0.05233 0.10577
-0.12081 -0.05233 -0.03035
-0.11497 -0.05233 0.02565
-0.11991 -0.05233 -0.01566
-0.10695 -0.05233 -0.04854
-0.15517 -0.05233 0.07941
-0.12229 -0.05233 0.06696
-0.11313 -0.05233 -0.04145
-0.19270 -0.13631 0.10711
0.16961 -0.11660 -0.13787
0.05068 0.08343 -0.08097
-0.07037 0.09385 -0.14197
-0.43073 -0.08016 -0.02549
0.19573 -0.09686 0.07225
0.17511 -0.09620 0.05393
-0.05989 0.14117 0.05440
-0.33790 -0.08807 0.13494
0.18988 -0.11106 0.12087
-0.00299 0.10123 0.15095
-0.42301 -0.07909 -0.07765
0.08425 -0.10667 -0.15750
-0.39309 -0.01703 0.06342
0.08160 0.09220 0.04594
-0.11262 0.15253 -0.03946
0.42358 -0.04769 0.12923
0.20950 -0.10673 0.13722
-0.04227 0.08712 -0.14472
0.20383 -0.11733 -0.11934
-0.10338 0.15167 0.04531
0.13359 -0.06650 0.11846
0.38900 -0.10565 0.02496
-0.14759 0.13701 0.05633
0.35155 -0.02989 0.13074
-0.22352 -0.06943 -0.14197
-0.28973 -0.03744 -0.14197
-0.24577 -0.06243 -0.14197
-0.16099 -0.07947 0.07729
-0.21740 -0.07919 0.07730
0.18161 -0.01850 0.14619
-0.31480 -0.09630 0.02781
0.03790 0.02989 0.12096
-0.20112 -0.11091 0.13496
0.42639 -0.01566 -0.01864
0.06399 0.09179 0.04874
-0.42939 -0.08006 0.06453
0.06026 0.01554 0.09161
-0.12566 -0.10017 0.14285
0.04675 -0.08671 0.01972
0.11581 -0.06881 -0.12099
0.35185 -0.07756 -0.00887
0.41773 -0.04615 0.03146
0.43142 -0.10223 -0.02991
0.40661 0.00282 0.03248
-0.05436 0.14590 0.04494
0.07109 -0.02873 -0.09672
0.20355 -0.05469 0.14698
-0.05797 0.13751 -0.04851
-0.43133 -0.07638 -0.02021
-0.12616 -0.16650 0.13562
0.19540 0.08046 0.04663
-0.10306 0.00360 0.05137
0.26188 0.01039 -0.08570
-0.02149 0.00137 0.05026
0.23091 -0.06106 -0.01045
0.12344 0.08740 -0.09157
0.18604 0.03618 0.12349
0.41211 -0.05420 -0.07217
0.41480 -0.04782 -0.06358
0.41119 -0.05025 0.13842
0.07839 -0.07476 0.00733
0.06850 -0.01054 0.04797
-0.19682 0.03320 -0.07004
-0.19731 0.00256 -0.07004
-0.21253 -0.00732 -0.07004
-0.12125 0.00452 -0.07004
-0.15233 0.07535 -0.07004
-0.17627 0.01065 -0.07004
-0.12783 0.09325 -0.07004
-0.16184 -0.01461 -0.07004
-0.09563 0.01530 -0.07004
-0.13175 0.00378 -0.07004
-0.09599 0.07575 -0.07004
-0.12073 0.03536 -0.07004
-0.28507 -0.01758 -0.07004
-0.15042 0.08010 -0.07004
-0.10438 0.11205 -0.07004
-0.26371 -0.00106 -0.07004
-0.13963 0.07269 -0.07004
-0.15869 0.05741 -0.07004
-0.19394 -0.00858 -0.07004
-0.27998 -0.01732 -0.07004
-0.09809 0.06731 -0.07004
-0.09246 -0.01982 -0.07004
-0.22842 -0.00832 -0.07004
0.22752 -0.10843 -0.12395
-0.32014 0.07223 -0.13144
-0.32957 0.00398 -0.13144
-0.32045 0.11925 -0.13144
-0.34279 -0.03792 -0.13144
0.40783 -0.02822 0.05244
-0.32336 -0.08555 -0.11488
-0.13019 -0.09814 0.10525
-0.13559 -0.07818 0.10558
-0.29807 -0.09699 0.14576
-0.29929 -0.07155 0.14576
-0.28909 -0.08646 0.14576
-0.28372 -0.06425 0.14576
-0.33696 -0.09926 0.14576
-0.30850 -0.07410 0.14576
-0.30821 -0.09060 0.14576
-0.32998 -0.10288 0.14576
-0.34373 -0.09369 -0.14197
-0.32420 -0.06296 -0.14197
-0.31631 -0.06121 -0.14197
-0.25911 -0.08879 -0.14197
-0.33804 -0.08291 -0.14197
-0.31085 -0.06541 -0.14197
0.07117 -0.02583 0.05852
-0.16165 0.12490 -0.05185
0.01748 -0.06762 0.14738
0.13517 -0.10900 -0.12065
-0.05460 0.15379 0.15523
-0.04421 0.15379 0.15731
0.20066 -0.00372 0.08489
0.04126 0.07284 -0.04595
0.41578 -0.04308 0.13949
0.19281 0.07383 0.01783
0.09280 -0.11390 -0.12667
0.11226 0.09808 -0.04066
-0.16690 0.10362 0.06773
-0.02202 0.14226 0.06773
-0.28184 0.13999 0.06773
-0.15556 0.09440 0.06773
-0.16005 0.07785 0.06773
-0.15110 0.09662 0.06773
-0.13750 0.10978 0.06773
-0.30491 0.06263 0.06773
-0.29134 0.08949 0.06773
-0.14872 0.13508 0.06773
-0.10128 0.12130 0.06773
-0.21845 0.10179 0.06773
-0.24501 0.03532 0.06773
-0.19545 0.04137 0.06773
-0.07299 0.14219 0.06773
-0.23806 0.02527 0.06773
-0.20136 0.07496 0.06773
-0.01684 0.13524 0.06773
-0.20332 0.13143 0.06773
-0.29550 0.09617 0.06773
-0.28728 0.10238 0.06773
-0.25019 0.05308 0.06773
-0.14277 0.13257 0.06773
-0.22773 0.10947 0.06773
-0.31403 0.06847 0.06773
-0.21903 0.05881 0.06773
-0.12233 0.12698 0.06773
-0.23267 0.13694 0.06773
-0.16526 0.09842 0.06773
-0.29762 0.05112 0.06773
-0.12618 0.11936 0.06773
-0.30025 0.01041 0.06773
-0.29432 0.07049 0.06773
-0.27199 0.06401 0.06773
-0.26761 0.03459 0.06773
-0.24117 0.08495 0.06773
-0.18165 0.06875 0.06773
-0.26198 0.00860 0.06773
-0.30115 0.05938 0.06773
-0.25771 0.12569 0.06773
-0.13124 0.10387 0.06773
0.14840 0.08441 -0.09651
0.30563 -0.09940 0.06702
0.07471 -0.04870 0.14911
0.40960 0.00127 -0.03358
0.12982 -0.11187 0.13622
0.17783 -0.10622 -0.07227
0.41879 -0.00505 -0.03910
0.41423 -0.05739 -0.00701
0.41542 -0.04796 -0.05180
0.22346 -0.09385 0.07724
-0.03729 -0.10618 -0.00710
-0.17632 -0.01373 0.04691
-0.07658 -0.08748 -0.09421
0.17677 -0.09487 0.02932
0.08120 -0.11436 -0.13841
0.03454 0.01306 -0.12392
0.23426 -0.10766 -0.07327
-0.25385 0.12352 0.13463
-0.29857 0.12352 0.09846
-0.28946 0.12352 0.13326
-0.28499 0.12352 0.10429
-0.28247 0.12352 0.13845
0.31275 -0.05621 0.01711
0.31960 -0.05649 0.01357
0.27401 -0.05465 0.00036
0.27850 -0.05483 0.02691
0.23147 -0.07896 0.03909
0.23197 -0.07540 -0.03897
0.23458 -0.07081 -0.12240
0.10473 -0.05151 -0.10174
-0.35700 -0.04464 0.12996
0.09252 0.09004 0.02733
0.02412 -0.10330 0.00103
0.07007 -0.10162 -0.00714
0.08851 -0.10071 -0.14536
0.07306 -0.11213 -0.14488
0.21145 -0.09006 0.01337
0.19074 -0.06971 0.01095
-0.05348 0.13872 -0.14197
-0.22257 0.13952 -0.14197
0.22262 -0.08024 0.01340
-0.18737 0.09708 -0.05200
-0.11477 0.12214 -0.05200
-0.18442 0.10857 -0.05200
-0.08325 0.10151 -0.05200
-0.12688 0.10758 -0.05200
-0.14232 0.11169 -0.05200
-0.01149 0.06428 -0.05200
-0.12067 0.08587 -0.05200
-0.03430 0.04949 -0.05200
-0.07300 0.09782 -0.05200
-0.00626 0.02082 -0.05200
-0.01011 0.12040 -0.05200
-0.08366 0.05683 -0.05200
-0.07982 0.07889 -0.05200
-0.14241 0.07410 -0.05200
-0.03524 0.09439 -0.05200
-0.13876 0.10538 -0.05200
-0.19513 0.11868 -0.05200
-0.04321 0.10685 -0.05200
-0.02309 0.04905 -0.05200
-0.00181 0.07176 -0.05200
-0.19604 0.08943 -0.05200
0.16096 -0.11018 -0.15680
0.26635 -0.04833 0.02511
0.20478 -0.10282 -0.07978
0.38806 -0.10560 0.12267
0.19633 -0.03325 0.14338
0.10148 -0.09358 -0.08836
0.12464 -0.09403 -0.07924
0.14274 -0.09430 -0.04816
0.06734 -0.09277 -0.04980
0.07562 -0.09297 -0.06134
0.10314 -0.09347 -0.03936
0.24759 -0.03270 0.00601
0.30307 0.00837 -0.08889
-0.31988 0.08030 -0.09914
0.20468 -0.01753 -0.14187
0.10488 -0.11417 0.15088
0.09201 0.09127 -0.01460
-0.32796 0.11819 -0.06688
0.04325 0.03266 0.12344
0.30301 -0.03841 -0.00961
0.18602 -0.05017 0.01147
0.20411 -0.04580 0.14009
0.28720 -0.05105 -0.10416
0.33741 -0.05211 0.01154
0.29252 -0.05029 0.01236
-0.08830 0.00523 -0.07744
-0.08830 0.03156 -0.09889
-0.08830 0.03775 -0.07520
-0.08830 0.03509 -0.08333
-0.08830 0.02601 -0.11490
-0.08830 0.09517 -0.07366
-0.08830 0.03282 -0.07608
-0.08830 -0.01208 -0.07967
-0.08830 -0.01035 -0.08945
-0.31853 0.06838 -0.07250
-0.13884 -0.09265 0.08595
0.41874 -0.04601 0.01027
-0.05894 0.09077 0.14013
-0.10487 0.12125 0.05881
-0.11706 0.10844 0.05881
-0.13434 0.11771 0.05881
-0.14942 0.10176 0.05881
-0.11086 0.08529 0.05881
-0.13445 0.05191 0.05881
0.09321 0.09859 0.00961
0.27342 -0.09696 0.06298
0.03271 -0.06270 0.08283
0.35252 -0.06082 0.02939
0.41434 -0.06761 0.08117
0.06860 0.08915 -0.07077
0.05897 -0.10836 0.12087
0.24453 0.00845 -0.03504
-0.00327 -0.00441 -0.04378
0.40476 -0.10593 -0.12860
0.33588 -0.08391 -0.05545
-0.28286 0.14352 -0.14197
-0.13240 0.14191 -0.14197
-0.24924 -0.11267 0.08302
-0.32182 -0.11267 -0.03093
-0.25460 -0.11267 0.06456
-0.22528 -0.11267 -0.00764
-0.23220 -0.11267 0.08869
-0.31900 -0.11267 -0.03502
-0.23758 -0.11267 0.06949
-0.26450 -0.11267 -0.00369
-0.30827 -0.11267 -0.05152
-0.31528 -0.11267 -0.04671
-0.25465 -0.11267 -0.02729
-0.29218 -0.11267 -0.05002
-0.23419 -0.11267 -0.04745
-0.26080 -0.11267 0.01937
-0.23100 -0.11267 0.00900
-0.23434 -0.11267 -0.03251
-0.31497 -0.11267 -0.03823
-0.25638 -0.11267 0.01752
-0.23363 -0.11267 0.07976
-0.01351 0.06663 -0.14368
-0.30547 0.08669 -0.14197
0.41639 -0.10172 -0.06138
0.35134 -0.04568 -0.00237
0.16972 -0.09894 -0.11724
0.15041 -0.09566 -0.11723
-0.42498 -0.06524 -0.06066
0.26570 0.00396 -0.13562
0.24109 -0.10848 -0.01903
-0.40385 -0.03577 0.06041
0.06847 -0.04948 -0.14905
-0.31498 0.10408 0.06773
-0.32263 0.02084 -0.10325
0.35269 0.00996 0.04740
0.14027 -0.05342 -0.12039
0.28233 -0.08662 -0.02086
0.05022 0.00395 0.13061
0.12010 -0.04884 -0.12054
0.12950 0.09008 0.01623
-0.39597 -0.05195 0.07603
-0.13378 0.14414 -0.03388
-0.22551 0.14414 -0.03425
-0.24075 0.14414 -0.04657
-0.20657 0.14414 -0.03068
0.00157 0.14414 -0.00562
-0.10135 0.14414 0.01218
-0.10664 0.14414 -0.04520
-0.02361 0.14414 0.01417
-0.08859 0.14414 0.00976
-0.15039 0.14414 -0.04932
-0.07869 0.14414 -0.03779
-0.02781 0.14414 0.03439
-0.03036 0.14414 0.05066
-0.11676 0.14414 -0.05494
-0.04312 0.14414 -0.05769
-0.06349 0.14414 -0.04269
-0.15120 0.14414 -0.01009
-0.13951 0.14414 -0.06166
-0.21122 0.14414 -0.06560
-0.10390 0.14414 -0.05879
-0.07651 0.14414 0.01490
-0.13600 0.14414 -0.02003
-0.01319 0.14414 0.04180
-0.08430 0.14414 0.02847
0.00351 0.14414 -0.01214
-0.01934 0.14414 -0.02639
-0.19811 0.14414 -0.05051
-0.03521 0.14414 -0.04360
-0.01544 0.14414 -0.00573
-0.18021 0.14414 -0.02645
0.00065 0.14414 0.04723
-0.07825 0.14414 -0.02751
-0.00530 0.14414 -0.01923
-0.01971 0.14414 0.04070
-0.08563 0.14414 -0.05439
-0.20857 0.14414 -0.05596
0.16604 0.08703 0.00191
0.16685 0.01625 0.05239
0.11259 -0.09375 0.07481
0.14345 -0.09428 0.04476
0.09300 -0.09329 0.05377
0.12808 -0.09397 0.04483
0.13646 -0.09417 0.05568
0.10159 -0.09352 0.07204
0.25386 -0.04394 0.08487
0.36697 0.00191 0.11233
0.32806 -0.07568 -0.07280
0.10890 -0.07648 0.00685
0.21668 -0.11319 -0.13130
0.14691 -0.07668 -0.03391
-0.39386 -0.07401 -0.09681
0.13374 0.08855 -0.00916
-0.14922 -0.02472 -0.14197
-0.36190 -0.05466 -0.12037
0.20230 -0.09613 0.11052
-0.40842 -0.09130 0.11242
0.19540 0.07852 0.02153
0.24134 -0.04359 -0.02864
0.24179 -0.04155 -0.04521
0.24605 -0.01857 -0.02559
0.35352 -0.13352 0.14494
-0.26293 -0.08156 0.07582
0.26567 -0.07001 0.02189
0.29018 0.00792 0.10767
0.07808 -0.00803 0.14830
-0.31853 -0.01994 0.13195
0.20586 0.05463 -0.00320
-0.00700 0.04529 0.14013
-0.37913 -0.02111 -0.06665
0.22057 -0.11343 -0.10943
0.16277 0.01598 -0.14674
0.41107 -0.05563 0.08200
0.36774 -0.01165 -0.14369
0.21743 0.03784 -0.02186
0.17680 -0.06987 -0.00399
0.10906 -0.08140 -0.01358
0.41695 -0.09846 0.01796
0.19128 -0.06355 0.01419
0.32541 -0.00221 -0.13936
0.24432 -0.00714 -0.05657
0.24451 0.00576 -0.04569
0.24427 -0.00946 -0.03529
0.07216 -0.02662 0.04057
-0.23343 0.09453 0.15712
-0.01087 0.09453 0.15398
0.05896 0.01964 -0.06276
0.18657 0.07813 -0.11035
0.15815 -0.01536 -0.11988
0.35549 -0.05212 -0.13000
0.22605 0.02541 -0.02445
-0.01757 0.05918 0.14013
-0.11184 -0.08811 -0.09427
0.04914 -0.08278 -0.14220
0.33792 -0.01290 -0.14522
0.20184 -0.11668 -0.13013
0.21108 0.04508 0.05401
-0.15582 -0.01622 0.14013
0.07880 0.09827 0.04784
-0.26436 -0.07881 -0.01974
0.19218 0.08353 0.04011
0.15358 0.08756 -0.06575
0.15082 0.08659 -0.08899
0.05121 0.09139 -0.04919
-0.14219 0.15337 0.02903
0.36172 0.00418 0.09018
-0.18293 0.05075 -0.05413
-0.19457 0.06014 -0.05413
-0.22361 0.08203 -0.05413
-0.21766 0.04512 -0.05413
-0.20586 0.03340 -0.05413
-0.17364 0.03966 -0.05413
-0.16989 0.02327 -0.05413
0.06556 -0.06439 0.12159
-0.39859 -0.01997 -0.04465
0.04902 -0.04068 0.14800
-0.43028 -0.08265 -0.04913
-0.31314 -0.02803 0.02877
-0.41366 -0.09034 0.10697
0.16411 0.08542 0.07047
0.34762 -0.04669 0.14975
0.00689 -0.09402 -0.07208
-0.02670 -0.09996 -0.07216
0.02644 -0.09512 -0.07210
0.06955 0.09085 -0.07592
0.36346 -0.03079 -0.10570
-0.31670 -0.01377 0.06773
-0.15331 -0.08608 0.10547
0.39048 -0.00892 0.14104
0.32451 -0.07781 -0.09764
0.20256 -0.08831 0.13564
-0.13758 -0.10977 0.14821
-0.20183 -0.01079 0.04997
0.41198 -0.02883 0.03962
0.08636 -0.05487 -0.10782
0.14558 0.08040 0.11704
0.16846 -0.05528 0.14910
0.04780 -0.09593 0.13517
-0.00646 -0.02225 0.09795
0.00108 -0.02225 0.12530
0.00235 -0.02225 0.07881
-0.03675 -0.02225 0.14522
-0.19642 -0.09033 -0.12996
0.33927 -0.09051 0.07146
0.09950 -0.07295 0.14921
0.29247 0.01287 -0.04651
0.27647 0.01315 -0.05487
-0.32876 0.11568 -0.02959
-0.28520 -0.07618 -0.05760
-0.28506 -0.07186 -0.02671
0.04000 0.03787 0.12078
0.37649 -0.08129 0.05543
0.43142 -0.08929 0.03214
0.19071 0.08500 0.00397
0.13588 -0.04092 0.14743
0.10972 0.09827 0.04842
0.12263 -0.10992 0.07763
0.03266 -0.10522 0.07748
-0.00950 -0.10786 0.07751
0.32868 -0.08962 -0.09723
-0.40603 -0.03443 -0.04882
0.23560 -0.06546 0.09304
-0.39532 0.00531 -0.12451
0.09021 0.00085 -0.14390
0.25180 -0.06598 0.15016
0.19152 -0.11715 0.12648
0.13468 0.07951 -0.11696
0.06323 -0.09375 0.06691
0.05196 -0.09345 0.11764
0.04956 -0.09345 0.08763
0.06919 -0.09380 0.11324
0.06843 -0.09383 0.08243
-0.08371 0.13355 -0.05012
-0.04267 0.14984 0.15324
-0.10601 0.14984 0.15642
0.17301 -0.10640 0.11910
-0.40011 -0.02461 0.05436
0.08329 0.09874 0.02679
0.25544 -0.03679 0.06577
0.33769 0.00926 0.07238
0.35246 0.01020 -0.03980
0.39344 -0.10587 0.12231
0.18266 0.08476 0.06595
0.24909 -0.01792 -0.13039
0.33996 -0.04889 0.12923
-0.32124 -0.07916 0.08875
0.31913 0.00406 0.12781
-0.08967 -0.10032 0.12213
0.23809 -0.03037 -0.12953
0.34719 -0.04098 0.02622
-0.14646 -0.07916 -0.08034
-0.12630 -0.06467 0.10641
0.32852 0.01128 0.04679
-0.20612 0.15379 0.15880
-0.15246 -0.09550 -0.05422
0.27416 -0.04616 -0.02745
0.28502 -0.07554 -0.07335
0.10303 -0.01982 0.14597
0.30571 -0.16916 0.12559
-0.40610 -0.05026 0.02969
0.42201 -0.04297 -0.02436
0.16615 0.07523 -0.11502
0.37281 0.00833 0.04561
0.36460 0.01043 0.01168
0.05556 -0.09837 -0.14470
-0.12941 0.13404 -0.14197
0.33440 -0.13180 -0.12194
-0.28374 0.04996 0.07383
-0.24405 0.10546 0.07383
-0.28167 0.11561 0.07383
-0.27334 0.04090 0.07383
-0.28958 0.00169 0.07383
-0.27248 0.09366 0.07383
-0.23983 0.09544 0.07383
-0.29059 0.09211 0.07383
-0.29188 0.07444 0.07383
-0.40363 -0.03091 0.01596
0.39258 -0.08879 0.14244
0.41254 -0.03177 0.09387
0.42184 -0.06971 -0.10805
-0.29964 0.05575 0.14218
-0.29964 0.02204 0.13412
-0.29964 -0.01815 0.13102
-0.29964 0.03311 0.13282
-0.29964 -0.00196 0.13776
-0.29964 0.01654 0.12584
-0.29964 0.00953 0.14546
-0.29964 0.03754 0.11227
-0.07152 0.10261 0.14571
-0.07152 0.04953 0.12033
-0.07152 0.01154 0.10095
-0.07152 0.05960 0.14538
-0.07152 0.06756 0.14075
-0.07152 -0.01358 0.12772
-0.07152 -0.00822 0.14481
-0.07152 -0.00455 0.11075
-0.22109 0.12469 -0.05407
0.34882 -0.10666 -0.01233
-0.30082 0.09442 -0.14197
0.35255 -0.06143 -0.02000
0.32427 -0.10204 -0.01869
-0.39235 -0.07022 -0.02898
0.28132 -0.02758 0.00098
0.10515 -0.10961 -0.14109
0.07923 -0.09310 0.07995
0.04830 -0.09248 0.07864
0.06741 -0.09295 0.10522
0.08028 -0.09316 0.09001
-0.14809 0.00944 -0.06247
-0.05548 -0.00863 -0.06247
-0.27762 -0.00553 -0.06247
-0.29222 -0.00263 -0.06247
-0.29036 0.07076 -0.06247
-0.27874 0.01135 -0.06247
-0.22861 0.07019 -0.06247
-0.17971 0.03631 -0.06247
-0.15097 0.04641 -0.06247
-0.29584 0.09630 -0.06247
-0.17848 0.03083 -0.06247
-0.25084 0.09274 -0.06247
-0.27789 -0.01805 -0.06247
-0.09658 0.00217 -0.06247
-0.21963 0.07572 -0.06247
-0.31253 0.11668 -0.06247
-0.17016 0.01928 -0.06247
-0.25583 0.08914 -0.06247
-0.07299 -0.01416 -0.06247
-0.24288 0.03904 -0.06247
-0.26984 -0.01678 -0.06247
-0.09378 -0.01999 -0.06247
-0.31320 0.10267 -0.06247
-0.27232 0.07434 -0.06247
-0.31541 0.14370 -0.06247
-0.26411 0.04034 -0.06247
-0.16935 -0.01705 -0.06247
-0.28049 0.04555 -0.06247
-0.06616 -0.00883 -0.06247
-0.00868 -0.02415 -0.06247
-0.30729 0.02633 -0.06247
-0.24310 0.06600 -0.06247
-0.29101 0.12995 -0.06247
-0.12930 0.01136 -0.06247
-0.25227 0.10024 -0.06247
-0.10960 0.02938 -0.06247
-0.02832 -0.01151 -0.06247
-0.19934 -0.02240 -0.06247
-0.12386 0.00347 -0.06247
-0.15537 0.00313 -0.06247
-0.30045 0.10001 -0.08324
-0.30045 0.00934 -0.07994
-0.30045 0.07210 -0.10549
-0.30045 0.10425 -0.09502
-0.30045 0.05880 -0.09126
-0.30045 0.09143 -0.11397
-0.30045 -0.00238 -0.07669
-0.30045 0.10640 -0.12801
0.17000 0.02034 0.12340
0.37204 -0.09341 0.06217
0.21667 -0.10050 0.13849
0.10725 -0.05120 -0.11021
0.20297 0.01701 0.12235
-0.29530 0.00395 0.03248
-0.29530 -0.02317 0.06409
-0.29530 -0.00353 0.02055
-0.29530 -0.01795 0.00614
-0.29530 0.01949 0.01854
-0.29530 0.00101 0.01455
-0.29530 -0.00228 0.04051
-0.29530 -0.02237 -0.03367
0.21297 -0.09243 0.07526
0.22452 -0.08515 0.04522
0.22383 -0.08888 0.11770
0.33178 -0.14968 0.10445
-0.22591 0.09781 0.08798
0.05188 -0.06821 0.13062
-0.24298 0.10939 0.16241
0.29703 -0.02848 -0.12492
0.31720 -0.02989 -0.10560
-0.28670 0.01666 0.14013
-0.34758 -0.09447 0.14576
0.32146 -0.07327 -0.09669
0.03019 -0.09624 -0.00751
-0.34469 0.15164 -0.12731
0.03330 0.09780 0.10774
0.42065 -0.05469 0.10816
0.08245 0.08784 0.10691
-0.27714 -0.05905 -0.16224
0.26522 -0.08219 0.00902
0.01276 -0.07993 -0.08031
-0.40735 -0.07401 0.00435
0.09940 0.08622 -0.10727
0.07415 -0.03762 -0.05881
0.28371 -0.09407 0.06195
0.09093 0.08835 -0.07728
0.04793 0.09114 0.05572
-0.14294 -0.10177 -0.11757
-0.14924 0.12966 0.15920
-0.16294 -0.05978 0.13158
-0.27918 -0.07708 -0.08033
-0.28451 -0.07556 -0.08035
0.10095 -0.10170 -0.15559
-0.18922 0.02007 0.05446
-0.13578 0.05845 0.05446
-0.16371 0.02168 0.05446
-0.06622 0.07258 0.05446
-0.27109 0.01895 0.05446
-0.12345 0.03062 0.05446
-0.13730 0.03769 0.05446
-0.04871 0.08513 0.05446
-0.04511 0.09975 0.05446
-0.12896 0.04031 0.05446
-0.05665 0.06429 0.05446
-0.08801 0.07691 0.05446
-0.02026 0.06205 0.05446
-0.18659 0.05264 0.05446
-0.01607 0.10368 0.05446
-0.10639 0.07460 0.05446
-0.04747 0.04991 0.05446
-0.04099 0.02680 0.05446
-0.05994 0.05552 0.05446
-0.01021 0.02328 0.05446
-0.07027 0.05019 0.05446
-0.00956 0.10144 0.05446
-0.01956 0.03619 0.05446
-0.02954 0.10590 0.05446
-0.20193 0.00425 0.06393
0.36472 0.01022 -0.01488
0.33744 -0.14178 0.10515
0.39176 -0.11136 -0.02461
-0.03750 0.11146 -0.14472
0.20331 -0.06585 -0.12337
0.05926 0.08842 0.10543
-0.39327 -0.04977 -0.12709
0.02543 0.09051 0.15854
0.11869 -0.05000 -0.06774
0.19430 0.05808 -0.09800
0.20024 0.05543 0.08744
0.22422 -0.11005 0.01458
0.22641 -0.10390 0.11511
0.20343 0.00668 0.09292
-0.29965 0.01559 0.14576
0.22687 0.01455 -0.01263
0.12061 -0.04982 -0.04601
0.27143 -0.03627 0.14527
0.26763 0.01313 -0.06260
0.02280 -0.08522 -0.14197
0.10951 -0.11294 0.15664
0.24871 0.01497 -0.02705
0.32940 0.00480 0.11503
-0.21396 0.12118 0.14576
-0.31853 -0.09891 0.11284
-0.18535 -0.06829 0.07703
-0.25088 -0.07038 0.07716
0.26123 -0.10355 0.14448
-0.22220 0.01728 -0.05196
0.29224 -0.08045 0.07066
0.24115 -0.05096 -0.03347
0.07077 0.09263 0.02302
-0.00154 -0.07640 -0.06074
0.31618 -0.10311 0.01060
0.04809 -0.07448 0.14961
0.14748 -0.07469 0.06495
0.14403 -0.09258 0.09679
0.19353 0.08071 0.05819
-0.27965 -0.07867 -0.01251
-0.27962 -0.07765 0.04435
0.40640 -0.02935 0.09132
0.08609 -0.05471 0.02994
0.05010 0.08116 0.11873
0.15180 -0.02114 0.14539
-0.07988 -0.06824 -0.07191
0.37370 0.00717 0.06385
0.27017 -0.10412 -0.13723
0.35072 -0.05053 -0.08041
0.12015 0.08675 0.08840
0.15683 0.08609 0.06749
-0.06468 0.04000 -0.14611
-0.14989 -0.09430 -0.08494
0.36300 0.00987 -0.02792
0.26627 -0.05127 -0.01435
0.04401 -0.00098 0.09104
0.08761 0.09298 0.09244
0.39044 -0.09784 -0.06634
-0.42792 -0.07858 0.06929
0.40863 -0.08577 0.03928
0.05168 -0.07759 -0.12946
0.36561 -0.06182 -0.11119
0.05006 -0.01843 -0.13911
0.11537 -0.09864 0.14518
0.27830 -0.13899 -0.09618
-0.28972 0.13800 -0.14197
-0.25178 0.13770 -0.14197
0.23300 -0.07156 0.11643
0.29531 -0.03769 0.14596
0.15823 -0.09576 -0.04152
0.16674 -0.09605 -0.09414
0.13208 -0.09512 -0.08547
0.13084 -0.09510 -0.10037
0.17836 -0.09637 -0.10525
-0.25874 -0.07895 0.01539
0.37002 -0.03373 -0.08734
0.21478 0.04094 0.03909
0.24684 -0.02631 0.03792
0.12389 -0.10863 -0.11768
0.14192 -0.10801 -0.11742
-0.12009 0.12100 0.14013
0.18492 -0.10339 0.12081
0.10913 -0.08699 -0.11656
-0.35704 -0.07240 -0.13023
0.28532 0.01180 0.07693
-0.10010 -0.10181 0.00157
-0.05225 -0.09891 -0.00677
0.28627 0.01413 -0.00312
0.20365 0.05474 -0.05994
-0.27939 -0.04568 -0.15949
0.08465 0.08908 0.06610
0.09967 0.07802 0.12244
0.31376 -0.05117 -0.01110
0.29200 -0.05030 -0.00683
0.22814 -0.00088 0.13252
0.03358 -0.02355 0.03979
0.03303 -0.04408 0.03314
0.03387 -0.00406 0.08118
-0.16902 -0.10365 0.13612
-0.14940 0.06698 -0.05413
-0.11209 0.01753 -0.05413
-0.14854 0.11143 -0.05413
-0.08438 0.01654 -0.05413
-0.10163 0.04676 -0.05413
0.42168 -0.10589 -0.04961
0.29513 -0.02671 0.00462
0.33609 -0.05126 0.01647
-0.18883 -0.14666 -0.13574
0.40899 -0.02786 -0.00803
-0.13253 -0.07685 -0.08040
-0.31609 0.02336 -0.05667
0.16326 -0.00925 -0.14708
-0.15034 -0.06582 0.14485
-0.00435 0.02781 0.03127
-0.00435 -0.00045 0.02168
-0.00435 -0.02642 0.06171
-0.00435 0.03815 0.05728
-0.00435 -0.02959 -0.04499
-0.00435 -0.01565 0.03793
-0.00435 -0.01474 0.00898
-0.00435 0.00978 0.03271
0.09584 -0.11479 0.13409
0.36048 0.01080 0.00374
0.03293 -0.05482 0.11271
0.25442 -0.02862 0.08646
-0.39022 -0.04630 0.10395
0.03994 0.04969 -0.08826
0.22615 -0.10597 -0.10509
0.08989 -0.11102 -0.12102
0.14557 -0.07395 -0.00730
-0.05923 -0.01435 0.14013
-0.00206 0.05088 -0.14368
-0.31853 0.00940 -0.02205
-0.31853 -0.03319 0.01537
-0.31853 0.00970 -0.01133
-0.31853 -0.02749 0.05121
-0.31853 0.00121 -0.06639
-0.31853 0.02033 -0.01269
-0.31853 0.03870 -0.02824
-0.31853 0.02663 -0.05950
-0.31853 0.05525 -0.01253
-0.31853 0.04119 -0.05082
-0.31853 -0.03460 -0.00322
-0.31853 -0.00431 -0.05899
-0.31853 0.01724 -0.00369
-0.31853 -0.01771 0.03987
-0.31853 0.01191 -0.06465
0.41731 -0.07067 -0.09663
0.03297 -0.04991 -0.08907
0.19618 0.08295 -0.00567
-0.00862 0.09623 0.16299
0.12006 0.08758 -0.06830
0.18707 0.05512 -0.11255
0.06688 -0.06698 -0.11503
0.20419 -0.01890 0.13612
0.11918 -0.09950 0.00280
0.03335 -0.03912 -0.11157
0.24074 -0.03389 0.05407
-0.37606 -0.06524 -0.12354
0.31307 -0.09944 -0.01669
0.30075 -0.09937 -0.02232
0.31178 -0.09943 -0.01183
0.04877 -0.04847 -0.12500
-0.39322 -0.06524 0.10100
0.15973 0.08878 0.00278
0.41500 -0.09569 0.08972
-0.30085 0.01206 0.04780
-0.30085 -0.00886 0.05892
-0.30085 0.03194 0.03184
-0.30085 0.03775 -0.00973
-0.30085 0.02734 0.04554
-0.30085 0.02504 -0.00178
-0.30085 0.02288 0.01393
0.14461 -0.08936 0.02510
-0.22536 0.13590 -0.05207
0.00598 0.15205 0.15229
-0.18196 -0.11747 0.14338
0.39466 0.00477 -0.05556
0.09929 -0.11103 0.12020
-0.31314 0.10148 -0.02297
0.35509 -0.09838 -0.06613
-0.37115 -0.04000 -0.06378
0.24795 -0.08948 -0.09815
0.08380 0.09837 -0.06925
0.16743 0.03130 0.12197
-0.33054 0.01560 0.14576
0.18202 0.08580 0.04342
-0.10613 0.02024 -0.05724
0.22606 0.02433 -0.04527
0.08750 0.09083 0.04452
0.15044 0.00067 -0.14307
0.23644 -0.05889 -0.01165
-0.42939 -0.08919 0.02597
0.24812 -0.03899 -0.04596
0.19023 0.08280 0.06636
0.25140 -0.10260 0.01967
0.24351 -0.03960 0.00942
0.24310 -0.04150 0.10508
0.40292 -0.07293 0.10404
0.39757 -0.08191 0.11875
0.40407 -0.08024 0.06704
0.23125 0.01330 0.10429
