0.26764 -0.05189 -0.18102
-0.02276 -0.11571 0.14440
-0.05366 -0.11436 0.13983
0.01652 -0.11742 0.14891
0.00598 -0.11676 0.13608
-0.04482 -0.11472 0.13950
-0.25657 -0.09098 0.15672
-0.36344 0.01619 -0.12016
-0.21393 -0.12745 0.14819
0.25727 -0.02034 0.13704
0.25104 -0.02101 0.10930
0.25411 -0.02068 0.11724
0.25091 -0.02102 0.08945
-0.34520 -0.01669 0.12070
0.39468 -0.03142 -0.09864
-0.18468 0.06544 0.14622
-0.15748 0.05973 0.14971
-0.22714 0.08319 0.13824
-0.12592 0.06341 0.15075
-0.19674 0.06519 0.14549
-0.20064 0.07423 0.14261
-0.17563 0.07195 0.14495
-0.21777 0.07712 0.14062
-0.26743 -0.06945 0.13467
0.26584 -0.08527 -0.14827
-0.36736 0.01485 0.11747
0.16008 -0.07303 -0.18590
-0.38945 -0.09109 -0.14084
0.26547 -0.13467 -0.16657
0.21809 -0.08328 0.14662
-0.23871 0.16423 0.00159
-0.24889 0.16281 0.00106
-0.25815 0.16152 -0.01883
-0.26325 0.16081 0.00918
0.30017 -0.15224 0.17643
0.10602 0.06089 -0.17067
0.20521 -0.14275 0.15247
-0.27490 -0.15823 0.16823
-0.40775 -0.04288 0.00308
-0.40960 -0.04413 -0.01481
-0.41217 -0.04585 -0.02241
-0.40111 -0.03843 0.01275
-0.40197 -0.03901 0.02408
0.05261 0.14857 0.11510
-0.05809 0.05306 0.15846
-0.02687 0.05026 0.15993
0.25982 0.04364 0.14977
0.25031 0.04417 0.15068
0.40456 -0.09325 0.13271
-0.21395 -0.12751 -0.16162
-0.31235 -0.10057 -0.15683
0.41705 -0.06739 -0.01984
-0.09002 0.13145 -0.13412
-0.33820 -0.07781 0.15936
-0.33467 -0.06930 0.14231
-0.31176 -0.13752 -0.16780
0.19209 -0.11649 0.17745
0.03874 -0.08862 0.18217
0.25559 0.04551 -0.06828
-0.36153 -0.01294 0.13257
0.38555 -0.02111 0.09769
0.23252 -0.06916 0.14827
-0.10732 -0.05644 -0.18239
0.38619 -0.12157 -0.04044
0.39633 -0.11755 -0.03312
0.39331 -0.11875 -0.00986
-0.33139 -0.09253 0.16825
0.27209 -0.06996 -0.14827
0.17858 -0.10792 0.03432
0.17260 -0.10792 -0.06466
0.18168 -0.10792 -0.00845
0.17786 -0.10792 -0.03447
0.17211 -0.10792 0.00279
0.17110 -0.10792 -0.02584
0.17157 -0.10792 0.03840
0.31160 0.01688 0.16866
0.31981 0.01133 0.17078
-0.31237 -0.04489 0.15867
-0.30921 -0.04246 0.14934
-0.10454 -0.06400 0.18497
-0.31658 -0.08243 0.16637
0.30465 -0.09468 -0.18029
0.29389 -0.10669 0.17089
-0.34119 -0.10970 0.13309
0.24225 -0.06427 0.14827
0.41163 -0.00598 -0.02685
0.40576 -0.01372 -0.12214
-0.24002 0.15505 -0.10910
0.30927 -0.03633 -0.17347
0.31385 -0.03978 -0.14296
0.32039 -0.04482 -0.08910
0.30735 -0.03494 -0.18113
0.31505 -0.04081 -0.12336
0.25987 -0.04813 0.18163
-0.19182 -0.09526 -0.16960
0.14314 0.06988 -0.08478
0.15810 0.05602 -0.07034
0.14780 0.06907 -0.06376
0.15667 0.05590 -0.07850
0.14089 0.07508 -0.07234
0.14966 0.06413 -0.07712
0.14841 0.06086 -0.09918
0.12915 0.09069 -0.06143
0.15885 0.05143 -0.08792
-0.02006 0.02697 -0.17572
-0.19841 -0.10720 -0.15061
-0.25110 -0.13892 -0.16640
-0.29116 0.01640 -0.15823
-0.26093 0.00461 -0.16579
-0.26762 -0.00466 -0.16738
-0.15201 -0.06053 0.18264
0.36752 -0.09472 -0.15915
0.39686 0.02038 -0.08639
0.40461 0.01277 -0.09988
-0.28571 -0.07006 -0.13467
-0.25535 -0.09083 -0.13467
-0.25631 -0.07596 -0.13467
0.40440 -0.02809 0.13421
0.29310 -0.02788 -0.17907
0.29880 -0.03018 -0.14705
0.30246 -0.03166 -0.13007
0.29763 -0.02971 -0.17346
0.29669 -0.02933 -0.13396
0.30012 -0.03072 -0.10872
0.05482 0.15517 -0.02703
0.06576 0.15231 -0.02200
0.02472 0.16306 -0.02161
0.37174 0.03132 -0.05156
-0.01069 -0.02341 0.18342
-0.05650 -0.01810 0.18296
-0.02585 -0.01471 0.18234
-0.05310 -0.00908 0.18173
-0.23926 0.15556 0.10770
-0.22796 -0.03192 -0.16414
-0.22621 -0.03313 -0.14126
0.18989 -0.10044 -0.17327
0.38829 -0.08694 -0.15026
0.31616 -0.04099 0.17642
0.31113 -0.03766 0.16763
0.30905 -0.03618 0.17348
0.31764 -0.04237 0.14275
0.32366 -0.10909 0.14760
0.30160 0.04218 -0.12694
0.33558 0.03717 -0.13030
0.31262 0.04083 -0.11588
0.40362 -0.04218 -0.13394
0.25702 -0.11668 -0.14827
0.27198 -0.13351 0.14827
0.09945 -0.08734 -0.18282
-0.25377 -0.02015 -0.11490
-0.26538 -0.02015 -0.15383
-0.25565 -0.02015 -0.16344
-0.25928 -0.02015 -0.12420
0.19863 -0.06767 0.17122
0.21792 -0.11871 0.14621
0.37819 0.03034 -0.01132
0.36320 0.03408 -0.01000
-0.31490 -0.13825 0.16822
-0.19790 -0.10174 -0.15650
-0.19823 -0.09867 -0.14739
0.27398 0.01636 -0.17157
-0.42540 -0.08367 -0.02115
-0.42540 -0.07620 -0.00279
-0.42540 -0.07983 -0.03949
-0.42540 -0.08335 -0.01472
0.26222 -0.14078 0.14827
0.30728 -0.08883 0.18134
0.04039 0.04472 -0.16273
-0.41481 -0.04896 -0.05711
-0.40261 -0.04177 -0.07009
-0.26993 -0.13089 -0.13467
0.32708 0.03679 -0.14442
0.15694 0.06546 0.01284
0.37804 0.00353 -0.15543
-0.29296 -0.12812 0.13467
-0.29046 -0.12136 0.13467
-0.35716 -0.01132 -0.13891
-0.34682 0.00976 0.11621
-0.20897 -0.09201 0.14284
0.41300 -0.02946 0.00947
0.34492 -0.10028 0.15076
0.34442 -0.09624 0.09096
0.34422 -0.09464 0.10373
0.41148 -0.02808 0.03242
0.32657 -0.05471 -0.17868
0.31826 -0.04351 -0.18010
-0.33534 0.01516 -0.14577
-0.32690 0.02135 -0.14658
-0.31915 0.00728 -0.15415
-0.30517 0.01517 -0.15631
-0.33609 0.02181 -0.14321
-0.32567 0.01134 -0.15047
-0.30986 0.02216 -0.15225
-0.19620 -0.11053 0.15358
0.25726 -0.16452 0.18052
0.14486 0.07814 -0.03335
0.12373 0.10123 -0.03894
0.11250 0.11347 -0.04211
0.15828 0.06120 -0.04320
0.13505 0.08790 -0.04162
0.40886 -0.00152 -0.07353
-0.21946 -0.13791 -0.14510
0.24493 -0.15001 -0.18119
-0.28955 -0.15876 -0.16797
-0.29080 -0.07593 0.00090
-0.29657 -0.07593 0.04065
-0.29045 -0.07593 -0.06433
-0.30210 -0.07593 -0.04836
-0.30842 -0.07593 -0.02587
-0.30987 -0.07593 -0.00822
-0.28238 -0.07593 -0.01776
-0.27461 -0.07593 -0.02326
-0.30746 -0.07593 0.03374
-0.28479 -0.07593 -0.00207
-0.31137 -0.07593 0.04262
-0.28660 -0.07593 -0.07241
-0.27994 -0.07593 -0.03022
-0.28983 -0.07593 0.01588
-0.28555 -0.07593 -0.03538
-0.30539 -0.07593 0.05430
-0.29903 -0.07593 -0.03996
-0.29056 -0.07593 -0.01914
-0.27311 -0.07593 -0.03497
-0.29325 -0.07593 -0.07079
-0.28035 -0.07593 -0.05770
-0.27876 -0.07593 -0.03918
-0.36766 -0.01758 0.12308
0.27471 -0.07892 -0.14827
0.26257 -0.04352 0.14422
0.35418 0.02331 -0.15583
0.05475 0.14019 -0.13018
0.17014 0.02667 0.16968
0.17411 0.03255 0.16676
0.09566 0.05264 0.16667
0.33390 0.03426 0.14977
0.15531 0.01066 0.17641
0.17181 -0.11540 0.16661
0.10197 0.07047 0.19556
-0.23320 -0.02842 0.13059
0.02565 -0.09640 0.17757
0.04659 -0.09175 0.17859
0.40765 -0.09128 0.12218
0.26142 -0.03383 0.14885
-0.19031 -0.07196 -0.17519
0.41188 -0.01424 0.06679
0.28677 -0.02170 -0.18121
0.15547 0.06716 0.00275
0.16774 0.05373 -0.01264
0.12136 0.10451 -0.00201
0.16818 0.05325 -0.00292
0.14247 0.08140 0.00461
0.10301 0.12459 0.00158
0.09194 0.05623 -0.16769
0.23004 0.02768 0.16748
0.24456 0.02028 0.17062
0.23636 0.02184 0.17012
0.18020 -0.01286 -0.18109
0.17648 -0.02961 -0.18336
0.20976 -0.09998 -0.18010
-0.05600 0.16480 0.05653
-0.00736 0.16257 0.06016
-0.06689 0.16448 0.06946
-0.01658 0.16309 0.05786
0.24347 0.04455 -0.15123
0.22888 0.04585 -0.14810
0.22090 0.04648 -0.14706
0.09511 0.11173 -0.12638
0.12122 0.07816 -0.13629
-0.05899 -0.08709 0.17962
-0.06220 -0.11315 -0.13452
-0.00787 -0.11131 -0.12862
0.00190 -0.11549 -0.13406
-0.03009 -0.11274 -0.13202
-0.00104 -0.11184 -0.12898
0.38507 -0.12141 0.06005
0.38460 -0.12017 0.09962
0.20127 -0.07210 0.18067
-0.24481 -0.08967 -0.13467
-0.23428 -0.09730 0.16486
0.09604 0.07423 0.16199
0.20594 -0.05848 0.14674
-0.03558 0.02715 0.17693
0.19494 -0.07657 -0.17155
0.21860 -0.11126 -0.17601
-0.36148 0.03365 -0.11482
-0.29443 0.15567 0.01555
-0.30734 0.14865 -0.02413
-0.29474 0.15550 -0.02881
-0.30211 0.15149 -0.00822
0.27060 -0.11321 0.16444
-0.16890 -0.10256 -0.16651
-0.09525 -0.10015 -0.17269
-0.10602 -0.10092 -0.17155
-0.41985 -0.08008 0.08397
-0.03583 -0.08280 -0.18271
-0.42045 -0.05790 -0.00700
-0.42077 -0.05896 -0.01332
0.08478 -0.10902 -0.17186
0.06404 -0.10584 -0.17326
0.13161 -0.10140 -0.17712
-0.34202 -0.09500 -0.14718
0.41237 -0.08682 -0.10232
0.30088 0.04163 0.13785
0.09862 0.08024 0.18728
-0.28356 0.04924 0.14449
-0.29686 0.04973 0.14176
0.40072 -0.10481 -0.11031
-0.24918 -0.15855 -0.16686
-0.25399 -0.13160 0.13467
-0.29070 -0.16495 -0.13149
-0.35378 -0.01415 -0.14529
-0.08930 0.16005 -0.10997
0.19724 0.04862 -0.12135
0.20708 0.04836 -0.11034
0.18330 0.04904 -0.12612
0.09299 0.05560 -0.19239
0.20697 -0.05650 0.16578
0.00998 0.16410 -0.01726
-0.02297 0.16546 0.00180
-0.04083 0.16620 -0.00950
-0.01663 0.16520 -0.00665
-0.00277 0.16462 -0.01244
-0.01277 0.16504 -0.01474
0.00702 0.16422 -0.01164
0.00491 0.16431 0.00165
0.07918 0.13570 0.11284
0.41813 -0.08182 -0.03889
0.41813 -0.08377 0.01682
-0.26417 -0.13545 0.13467
0.27729 -0.11956 -0.14827
0.41454 -0.00644 -0.03568
-0.35339 -0.06860 0.09022
-0.18239 0.15879 0.10475
0.30178 -0.05055 -0.14982
0.07526 0.14605 0.07223
0.07375 0.14351 0.09424
-0.29263 -0.09079 -0.13467
0.39157 -0.11279 -0.13143
0.41516 0.00721 0.00776
0.20533 0.04828 0.13259
0.16953 0.04943 0.13323
-0.06272 0.06432 0.15260
-0.06456 0.07030 0.15095
-0.06871 0.08291 0.14746
0.23575 -0.07259 -0.16811
0.39307 -0.08283 -0.14768
0.40783 -0.04311 0.10438
0.36980 0.03074 0.11338
0.29745 0.04038 0.14790
-0.30249 -0.08472 -0.13467
-0.30184 -0.09290 -0.13467
0.41446 -0.00756 0.00243
0.03117 -0.09077 -0.17928
-0.22670 -0.14734 0.16004
0.24426 -0.14526 0.17978
0.00254 -0.01316 -0.18197
0.00927 -0.01862 -0.18267
0.09238 0.08153 -0.18632
0.34264 0.00921 -0.16582
0.35400 0.01556 -0.15971
-0.29816 -0.03783 -0.15965
-0.31452 -0.02335 -0.15312
-0.27367 0.07705 -0.13236
-0.25785 0.08827 -0.13163
-0.25353 0.09346 -0.13078
-0.27380 0.06635 -0.13560
-0.25572 0.08164 -0.13401
-0.25312 0.06155 -0.14058
0.20270 -0.08750 -0.18189
0.32412 -0.10601 0.17456
0.32332 -0.11209 0.16435
-0.23877 0.04980 -0.15148
-0.25861 0.05599 -0.14205
0.06754 0.13823 -0.12796
0.32132 0.03956 0.11639
0.31683 0.04010 0.12119
0.30497 0.04203 0.11192
0.31177 -0.13973 0.16922
0.13864 -0.09391 -0.18184
0.25313 -0.06764 -0.16423
-0.27312 -0.10935 -0.15478
0.05780 -0.09171 0.17914
-0.30199 0.03468 0.14893
-0.30197 0.04417 0.14414
-0.42531 -0.07539 0.04035
-0.42328 -0.08320 0.05813
0.03963 0.15630 -0.07271
-0.27051 -0.02015 0.16576
0.33684 0.02959 0.15646
-0.38036 -0.01376 -0.11393
-0.32037 -0.02578 -0.15894
-0.29071 -0.10389 0.13467
0.39058 -0.01604 -0.14818
0.22257 -0.10799 0.16793
0.28328 -0.12564 0.16852
-0.32619 -0.02900 -0.13785
-0.32679 -0.02954 -0.15310
-0.32809 -0.03071 -0.11350
0.25198 -0.13894 -0.14827
-0.34520 -0.00971 0.11991
-0.42441 -0.07083 0.00606
0.25224 -0.03490 -0.17900
0.27732 -0.10157 0.14827
0.27687 -0.11108 0.14827
0.15096 0.04995 -0.13720
-0.24197 -0.10713 0.13467
0.40005 -0.05105 -0.12309
0.16143 -0.08281 -0.18407
-0.35387 0.04582 -0.11759
-0.40264 -0.04621 -0.10509
-0.39691 -0.04418 -0.11769
-0.29591 -0.11469 -0.15943
-0.32319 -0.02717 -0.14588
-0.27050 -0.16513 0.16640
0.34470 0.02347 0.15848
-0.10340 0.16812 0.00934
-0.09994 0.16816 -0.00038
-0.14158 0.16774 -0.01558
-0.11213 0.16804 -0.01729
-0.09423 0.16822 0.00482
-0.11539 0.16800 -0.00593
0.30619 -0.14440 -0.14475
-0.06261 0.07399 -0.14989
-0.06219 0.06060 -0.15363
-0.06254 0.11693 -0.13786
0.27200 -0.16632 0.17483
-0.28278 -0.10922 -0.15155
0.35765 -0.02298 0.16566
0.37026 -0.00340 0.15933
0.34356 -0.04105 0.17254
0.36633 -0.01637 0.16163
-0.21427 -0.07429 0.13313
-0.04267 -0.07263 -0.18152
-0.01491 -0.08367 -0.17966
-0.04029 -0.08569 -0.17908
-0.03673 -0.07450 -0.18121
0.24339 -0.16642 -0.15990
0.25431 -0.16786 -0.14990
-0.05187 -0.07286 -0.18141
0.14834 -0.12159 -0.14278
0.19041 -0.09746 -0.14742
-0.19802 -0.10058 0.12760
-0.19800 -0.10076 0.14278
-0.19784 -0.10225 0.09860
0.08981 0.04782 -0.15800
-0.31533 -0.11214 0.13467
0.24479 -0.03494 -0.15697
-0.17251 -0.10976 0.12509
-0.18370 -0.11260 0.12780
-0.18010 -0.03714 -0.17775
-0.14401 -0.02759 -0.18003
0.13634 -0.09293 0.17997
0.27303 -0.06423 0.17597
-0.30223 -0.12931 0.13467
0.26259 -0.16756 -0.17104
-0.19752 -0.03479 0.17659
-0.18923 -0.03717 0.17715
-0.33522 -0.11299 -0.16760
-0.26798 0.15307 0.10551
-0.24874 -0.11719 -0.13467
-0.29923 -0.12732 -0.15474
-0.19503 0.16446 -0.06091
-0.21658 0.16420 -0.05999
-0.20716 0.16461 -0.05547
0.27144 -0.07104 0.14827
0.40500 -0.04153 0.11862
-0.32665 -0.14375 0.14374
-0.28461 -0.09167 -0.13467
0.09110 0.10873 -0.13782
0.13296 0.05523 -0.15299
0.20294 0.04869 -0.00949
0.21403 0.04833 0.00406
0.20751 0.04854 -0.00161
0.40892 -0.01175 0.00736
0.36915 -0.11767 -0.10203
0.35746 -0.11341 -0.10138
-0.15406 -0.08460 -0.17503
0.12001 0.10582 0.00989
0.09661 0.13156 0.03358
0.11005 0.11678 0.01059
0.10239 0.12521 0.03695
0.13818 0.08584 0.02197
0.10699 0.12014 0.02090
0.16670 0.05446 0.02457
0.13040 0.09440 0.01840
0.13313 0.09139 0.02896
0.15536 0.06694 0.02774
0.09792 0.13012 0.02664
0.10858 0.11840 0.02938
0.40816 -0.02808 0.01391
0.31130 -0.00744 -0.17764
0.31200 -0.01826 -0.17992
0.08824 0.02399 0.17234
-0.34984 0.01624 -0.13310
0.05689 0.04426 -0.16261
-0.20563 0.15966 0.09655
-0.15449 0.16087 0.09528
-0.11870 0.16175 0.09412
0.25025 0.04493 -0.14256
0.29421 0.04234 -0.13880
0.36267 0.03377 0.02116
0.36188 0.03397 0.03691
0.39168 0.02220 -0.10631
0.38494 0.02564 -0.10393
0.39515 -0.02903 -0.11243
-0.33398 0.07363 -0.11829
-0.33435 0.06537 -0.12306
-0.31660 0.10741 -0.11300
-0.30923 0.11540 -0.11467
0.10825 0.06940 0.19140
0.32291 -0.09017 -0.14644
0.14554 -0.07586 -0.18223
0.23413 -0.09472 -0.14827
0.32043 -0.08373 -0.17985
-0.32851 -0.06022 -0.15777
-0.28710 -0.08641 -0.15180
-0.36452 0.05030 -0.01028
-0.36403 0.05119 -0.02803
-0.36289 0.05328 0.01996
-0.36242 0.05413 0.01096
-0.36682 0.04611 -0.00297
-0.36088 0.05695 -0.01991
0.34111 -0.00961 0.17114
0.33159 -0.01823 0.17631
0.33737 0.00023 0.17035
0.40729 -0.03621 0.01624
0.36965 -0.11642 -0.04585
0.34747 -0.10893 -0.04655
0.34553 -0.10828 -0.06888
0.37566 -0.11845 -0.03613
0.37185 -0.11716 -0.03026
0.34754 -0.10896 -0.05907
0.34447 -0.10792 -0.00476
0.10241 -0.11382 0.16556
0.12900 -0.11292 0.16856
0.10990 -0.11757 0.15991
0.08118 -0.11420 0.16375
0.12970 -0.11907 0.15860
0.41326 -0.02554 -0.02745
-0.25544 -0.06586 0.13467
-0.25958 -0.16480 -0.16584
-0.20810 -0.09862 -0.14255
-0.02789 -0.05519 0.18347
-0.01825 -0.04461 0.18347
0.00527 -0.05436 0.18347
-0.04870 -0.05640 0.18347
-0.01314 -0.05872 0.18347
-0.01089 -0.04356 0.18347
0.14570 -0.10877 -0.17321
0.23701 -0.16477 -0.15212
0.22738 -0.16078 -0.16713
-0.42096 -0.08659 -0.07837
-0.42241 -0.08139 -0.06575
-0.39263 -0.04663 -0.12777
0.25227 -0.13814 -0.17218
0.25134 -0.08710 0.14827
-0.28538 -0.16693 -0.14822
-0.22119 -0.03744 -0.13388
0.25186 -0.11144 -0.14662
-0.41160 -0.06733 0.11285
0.38581 -0.11940 -0.10759
0.36309 -0.05558 -0.16187
-0.36585 -0.01581 -0.12291
0.28216 -0.10522 0.17261
0.31977 -0.12487 -0.16540
0.38661 -0.02552 0.10594
-0.25721 0.06884 0.13766
-0.27518 0.08162 0.13071
-0.26026 0.05798 0.14045
-0.26873 0.07933 0.13251
-0.26577 0.07375 0.13471
-0.28479 0.05769 0.13637
-0.26200 0.08726 0.13123
-0.27204 0.07164 0.13428
-0.41995 -0.06759 0.06995
-0.25972 0.15724 0.09105
-0.24374 0.15713 0.10101
-0.31161 -0.02245 -0.16065
-0.23736 -0.08839 -0.16240
-0.30195 -0.16215 0.14417
0.41384 -0.00833 0.03619
0.22341 -0.04798 0.18074
0.21291 -0.05153 0.14577
-0.21724 -0.04150 -0.12959
-0.21919 -0.03944 -0.16036
0.40810 -0.06734 0.12704
0.07579 -0.11246 -0.12844
0.08667 -0.11308 -0.12870
0.04694 -0.11748 -0.13478
0.10449 -0.11863 -0.13386
0.10826 -0.11473 -0.12963
0.19324 -0.11285 0.14463
0.17009 -0.12037 0.15865
-0.39188 -0.10631 0.11275
-0.36728 -0.10631 0.12438
-0.36761 -0.10631 0.10755
-0.37703 -0.10631 0.12897
-0.38461 -0.10631 0.11924
-0.38847 -0.10631 0.13219
0.09880 0.06224 -0.19648
0.40981 0.00887 -0.09240
-0.27436 0.15651 0.08793
-0.27105 0.15455 0.09707
-0.29803 0.14913 0.10156
-0.34896 -0.00563 -0.13966
-0.30579 -0.02103 -0.13251
0.23082 -0.07655 0.16862
-0.30098 0.07009 -0.13023
-0.29753 0.11453 -0.11817
-0.30888 0.06457 -0.13065
-0.33825 -0.12095 -0.13184
-0.22728 0.16153 -0.07698
-0.23032 0.16256 -0.06807
-0.22926 0.16056 -0.08285
0.35020 -0.05095 0.16931
0.37761 -0.04199 0.15484
-0.23327 -0.14718 -0.16718
0.14328 0.04124 0.16261
0.19473 0.04849 0.13921
0.18394 0.04879 0.14041
0.32381 -0.09316 0.14964
0.29896 -0.09500 0.18005
0.02242 -0.11757 -0.14372
-0.06198 -0.11419 -0.15047
-0.02320 -0.11578 -0.14908
-0.02832 -0.11548 -0.14444
-0.01202 -0.11626 -0.15032
0.17004 0.00615 -0.17726
0.33120 -0.05828 0.10708
0.32252 -0.04738 0.09466
0.32943 -0.05605 0.13791
0.39926 0.00259 -0.14223
0.20215 -0.03851 0.18347
-0.27186 -0.02015 -0.12050
-0.27561 -0.02015 -0.16325
-0.33596 0.02862 -0.14043
-0.32856 0.03963 -0.13833
-0.31913 0.03202 -0.14488
-0.41444 -0.09756 0.09506
-0.31638 0.13501 0.05489
-0.31556 0.13451 0.06446
-0.34935 -0.00540 -0.13346
0.40928 -0.02078 -0.06398
-0.24110 -0.02434 0.13641
-0.24106 -0.02435 0.10313
-0.21188 -0.12060 -0.13226
-0.22917 0.06716 0.14275
-0.20051 -0.07713 -0.17241
-0.20060 -0.07630 -0.16107
-0.32983 -0.06484 0.16610
0.20621 0.04237 0.15875
0.18825 0.04472 0.15760
0.26488 0.03392 0.16326
0.22982 -0.04702 -0.18140
-0.09173 -0.09047 0.17771
-0.24706 -0.02194 -0.15427
-0.24623 -0.02220 -0.09864
0.22446 -0.12632 -0.17939
0.41226 0.01064 0.02196
-0.14979 -0.02365 0.17965
-0.17435 -0.02268 0.17807
-0.18046 -0.02400 0.17768
-0.15868 -0.02530 0.17908
-0.15798 -0.03716 -0.17916
-0.13074 -0.04452 -0.18090
-0.14507 -0.04280 -0.17998
-0.14271 -0.03498 -0.18013
-0.09468 -0.03368 -0.18320
-0.15529 -0.04246 -0.17933
-0.10909 -0.04105 -0.18228
-0.13561 -0.03591 -0.18059
0.16012 -0.09524 0.17962
0.28034 -0.08487 -0.16869
-0.30020 -0.11902 -0.13467
-0.26341 -0.13673 -0.13467
0.26205 -0.06868 0.14827
0.39915 -0.04684 0.13959
-0.38095 0.01766 0.00114
-0.38031 0.02023 -0.03829
0.41813 -0.07624 -0.01749
0.41813 -0.07560 -0.01041
0.01622 0.05161 -0.15687
-0.05044 0.04877 -0.16234
0.00231 0.05145 -0.15758
0.09938 -0.06331 -0.18477
0.17993 0.02651 -0.16960
0.16068 0.03295 -0.16678
-0.34614 0.01014 -0.11650
-0.29982 -0.04631 -0.16790
0.22340 -0.15906 0.15504
0.07492 0.13771 -0.11661
0.22046 -0.04474 0.15428
-0.23382 -0.10275 0.13467
0.07610 0.13582 0.11928
-0.37161 -0.09274 0.15203
-0.27431 0.15927 -0.03068
-0.36429 -0.04389 -0.14682
0.22829 -0.06943 -0.14712
-0.18696 -0.11373 -0.12928
0.26626 -0.12935 0.16457
0.34467 -0.09832 -0.12871
0.34516 -0.10223 -0.16576
-0.24220 -0.05115 -0.16795
-0.07918 -0.00190 0.18091
-0.06159 -0.00451 0.18116
-0.27825 -0.12928 -0.13467
0.25817 0.00332 -0.17673
0.24913 -0.00187 -0.17796
0.26606 -0.01486 -0.18049
0.26727 -0.00410 -0.17818
0.25314 -0.01278 -0.18023
0.23622 -0.00322 -0.17843
0.13800 0.08106 0.05877
0.17205 0.00934 0.17657
-0.17191 0.11584 0.13248
-0.36696 0.00329 -0.11293
0.22215 -0.09469 0.14827
0.25243 -0.03394 0.15927
0.29623 -0.15331 -0.14477
-0.29647 -0.16442 -0.13700
-0.20315 0.15528 -0.11306
-0.32485 -0.10398 -0.16733
0.28692 -0.07429 0.17564
-0.19546 -0.10264 -0.16548
-0.41507 -0.10049 0.08599
0.32016 -0.12392 0.17223
0.03465 -0.11369 -0.13080
0.02564 -0.11122 -0.12760
0.01116 -0.11161 -0.12811
0.03144 -0.10923 -0.12503
0.27477 -0.10241 0.16325
-0.23198 0.15467 -0.11138
0.38251 -0.03748 -0.15212
-0.25462 -0.03692 0.13466
-0.35927 0.00081 0.11396
-0.34719 -0.00106 0.11514
0.37592 -0.11514 -0.14680
-0.32640 0.11940 -0.04206
-0.33514 0.10142 -0.05169
-0.35393 0.06614 -0.05636
-0.34344 0.08834 -0.04174
-0.35345 0.06944 -0.04476
-0.33353 0.10618 -0.04302
-0.34792 0.07593 -0.06204
-0.41479 -0.10060 -0.08707
-0.35444 -0.07778 0.09230
-0.35444 -0.08499 0.10144
-0.35444 -0.08587 0.13623
0.35757 0.03456 0.08378
0.35502 0.03493 0.09562
0.35854 0.03418 0.08992
-0.28403 -0.10900 0.13307
0.40784 -0.03683 0.05752
-0.26274 0.16013 -0.04175
0.21300 -0.14763 -0.14421
-0.19627 0.16710 0.01686
-0.29596 0.15426 0.04888
0.41091 -0.00833 0.05390
-0.31846 -0.13917 -0.16821
-0.15297 0.03457 -0.16629
-0.11570 0.03338 -0.16943
-0.17791 0.02578 -0.16885
-0.16846 0.02418 -0.17028
-0.10862 0.03801 -0.16767
-0.11964 0.03948 -0.16620
-0.09518 0.02955 -0.17271
-0.09361 0.04391 -0.16584
-0.13725 0.03961 -0.16493
-0.23591 -0.08719 0.16571
-0.26472 -0.03666 -0.16619
-0.35422 -0.09514 0.11345
-0.35683 -0.02411 -0.12633
0.02336 -0.11162 -0.16463
0.06265 -0.11020 -0.16918
0.04104 -0.11003 -0.16823
0.11529 -0.11211 -0.16908
0.04855 -0.11185 -0.16570
-0.25843 -0.08036 0.15741
-0.22796 0.03376 -0.16153
0.05067 -0.11873 0.15325
0.05748 -0.11882 0.14425
0.10533 -0.12060 0.15022
0.03418 -0.11792 0.13991
0.08145 -0.11980 0.15217
0.09138 -0.12014 0.15163
-0.27028 -0.16759 -0.15931
-0.27092 0.15246 -0.10657
-0.36005 -0.02524 0.13518
0.40451 -0.03769 0.12489
-0.28997 -0.13708 0.16125
-0.00367 -0.11389 0.13209
-0.06866 -0.11177 0.13292
-0.02338 -0.10938 0.12678
-0.02944 -0.11043 0.12864
-0.29737 -0.10452 0.15935
0.25571 0.04534 0.02227
0.27450 0.04412 0.02234
0.23420 0.04675 0.02445
0.26334 0.04484 0.03022
0.40613 -0.07241 -0.13544
0.02377 0.15706 0.09666
0.15239 0.06726 0.04623
0.16078 0.05592 0.05462
0.14538 0.07357 0.05402
0.10529 0.12116 0.04481
-0.26447 -0.03472 -0.13657
-0.27371 -0.03350 -0.13503
0.11775 0.10831 -0.00575
0.04091 0.15882 -0.01205
-0.31464 -0.07741 -0.16631
0.31750 0.02785 -0.16240
0.28667 0.03328 -0.16148
-0.09528 0.05670 -0.15585
-0.10630 0.05166 -0.15998
-0.12166 0.05437 -0.15620
-0.13557 0.04922 -0.16022
0.27475 -0.03766 0.17978
-0.20858 -0.00872 -0.17414
-0.08666 0.04012 -0.16782
-0.07479 0.04380 -0.16579
0.37893 -0.12147 0.11807
0.34332 -0.10730 -0.08720
0.24070 -0.09083 -0.16673
-0.28593 -0.05535 -0.16613
-0.35283 0.00888 0.13468
0.37518 -0.10697 0.15077
-0.05847 -0.05901 0.18399
0.37294 -0.00935 -0.15839
0.40772 -0.03427 -0.02997
-0.40531 -0.04177 0.04653
-0.40774 -0.04296 0.04064
-0.40749 -0.04385 0.05451
0.16703 -0.11599 -0.13151
-0.18513 -0.10811 -0.15754
0.41480 0.00645 -0.04440
0.41431 -0.00833 0.02405
-0.30653 -0.10459 0.13467
0.15659 -0.11366 -0.16884
-0.28072 -0.08328 0.15111
-0.36461 0.02644 0.11866
-0.41884 -0.09982 0.06158
0.28590 -0.08029 0.14827
0.12847 0.09253 -0.05586
-0.30425 -0.08043 0.15424
-0.41995 -0.10294 -0.01075
-0.42177 -0.09889 -0.03093
0.32634 0.03944 0.01725
0.33213 0.03860 0.02026
0.34516 0.03671 0.01781
0.31116 0.04165 0.02448
-0.23497 -0.04739 0.14760
-0.22590 0.05277 0.15011
-0.35834 -0.10006 0.09415
0.33007 0.03863 0.06403
0.34332 0.03685 0.05281
0.32209 0.03983 0.06077
0.03475 -0.09615 -0.17768
0.06907 -0.09733 -0.17768
-0.31725 -0.05285 0.16678
-0.32230 -0.05253 0.13412
-0.20322 -0.04699 0.17627
0.31195 0.04158 0.07268
0.32823 0.03920 0.07399
0.30516 0.04214 0.10492
0.34891 0.03621 0.07289
0.33954 0.03753 0.07633
-0.19936 -0.08804 -0.15959
-0.19907 -0.09083 -0.14018
-0.35039 0.07591 0.04056
-0.33409 0.10236 0.05641
-0.34686 0.08092 0.04746
-0.32484 0.12134 0.04635
-0.33266 0.10768 0.04346
-0.35522 0.06678 0.04206
-0.32659 0.11617 0.05588
-0.31883 0.12957 0.05948
0.39527 -0.11355 0.10241
0.39959 -0.11011 0.08253
0.40236 -0.10397 0.10106
0.40526 0.01648 -0.00296
-0.27077 0.15898 -0.04498
-0.27895 -0.02015 0.08975
-0.28874 -0.02015 0.09091
-0.28456 -0.02015 0.12036
-0.28009 -0.02015 0.09552
-0.27888 -0.02015 0.13428
-0.21560 -0.00176 -0.17274
-0.22609 0.00319 -0.17098
-0.39936 -0.10353 -0.12744
0.21597 0.04783 0.04636
0.17685 0.04904 0.06602
0.13527 -0.05977 0.18347
0.10647 0.11236 0.08068
0.09327 0.13121 0.06222
0.09547 0.12278 0.09067
0.08902 0.12884 0.09670
0.12240 0.09337 0.08500
0.09389 0.13353 0.04774
0.13170 0.07917 0.10238
0.08810 0.13126 0.09016
0.11553 0.09795 0.10037
0.14727 0.06092 0.10506
0.10434 0.11967 0.05727
0.09111 0.12913 0.08393
0.08914 0.12680 0.10585
0.11509 0.10479 0.07007
0.13967 0.06996 0.10313
-0.26767 -0.06344 -0.13467
-0.25620 -0.14380 0.16640
-0.38803 -0.02000 -0.08823
-0.38486 -0.00999 -0.08684
-0.37793 0.01245 -0.08282
-0.38043 -0.00232 -0.09506
0.22998 -0.03969 0.17389
0.23777 -0.03646 0.17261
-0.29226 0.04658 -0.14494
-0.29902 0.03967 -0.14721
-0.27783 0.03181 -0.15465
-0.27023 0.04069 -0.15155
0.34660 0.00684 0.16544
0.36111 0.01436 0.15786
0.27570 -0.03596 0.16359
0.28229 -0.03870 0.15036
-0.05355 0.16013 0.09885
-0.08631 0.16212 0.09429
-0.07760 0.16072 0.10173
-0.07178 0.16085 0.09906
-0.25674 -0.16550 0.15487
-0.27053 -0.07955 -0.15793
0.24627 0.04624 -0.01577
-0.21346 -0.08030 -0.16618
0.35490 -0.11548 -0.15893
0.41178 -0.04154 0.04793
-0.38937 -0.10631 0.09015
-0.40490 -0.10631 0.10035
-0.40452 -0.10631 0.09184
-0.37774 -0.10631 0.09525
-0.37256 -0.10631 0.08701
-0.40070 -0.10631 0.08406
-0.29693 -0.03732 0.15652
-0.29380 -0.03602 0.16251
0.21126 -0.03300 0.12473
0.20597 -0.03664 0.09059
0.20573 -0.03681 0.10595
0.21351 -0.03145 0.15590
-0.36066 -0.08456 0.15976
-0.32188 -0.07654 0.16799
-0.35218 0.05547 -0.10247
-0.36624 0.03882 -0.07939
-0.35843 0.05147 -0.08352
-0.35430 -0.03135 0.12981
0.02677 0.15773 -0.08723
0.06701 0.14886 -0.07815
0.07608 0.14902 -0.04990
0.06242 0.15104 -0.06662
0.06829 0.15053 -0.05536
-0.31554 0.13974 -0.02516
-0.31363 0.14321 0.00970
-0.26961 -0.03405 0.16298
0.38888 -0.01068 0.10139
-0.19985 0.15763 0.10643
-0.17580 0.15820 0.10719
-0.32071 -0.02594 0.09477
0.06717 0.10517 -0.13985
0.06495 0.05254 -0.15449
0.06101 0.05807 -0.15299
0.06546 0.12501 -0.13435
0.08126 0.09337 -0.14299
0.06606 0.06203 -0.15184
0.08135 0.08268 -0.14596
0.06081 0.07645 -0.14789
0.07155 0.08188 -0.14627
0.10521 0.06795 -0.14981
0.07159 0.08903 -0.14429
0.03972 0.07856 -0.14751
0.06408 0.08612 -0.14517
0.04629 0.07250 -0.14913
0.10120 0.05344 -0.15388
0.04688 0.09489 -0.14290
0.06330 0.11568 -0.13697
0.09432 0.07746 -0.14728
0.35111 -0.12093 -0.15460
0.39941 0.01379 -0.12843
0.39135 0.01070 -0.14469
-0.35454 0.05590 0.09037
-0.36073 0.04317 0.09400
-0.35632 0.04562 0.10832
0.07321 0.14326 -0.09824
0.07946 0.13885 -0.09544
-0.20863 -0.05324 -0.16385
-0.20813 -0.05407 -0.17333
0.23451 -0.14146 -0.17973
0.29502 -0.04536 0.16739
0.29118 -0.04242 0.15940
-0.15706 0.03427 0.16616
-0.14819 0.03430 0.16675
-0.12016 0.02620 0.17262
-0.17663 0.03679 0.16359
-0.19673 0.03915 0.16105
-0.18469 0.03488 0.16396
-0.21552 0.03299 0.16276
-0.16468 0.02455 0.17036
-0.24176 0.07168 0.13942
-0.23819 0.06225 0.14290
-0.41874 -0.05231 0.00826
0.24549 -0.12451 -0.17102
0.37625 -0.05556 0.15444
0.40619 -0.02871 -0.13025
-0.13173 0.14711 0.12669
-0.08165 0.15979 0.10952
-0.32343 0.05428 0.13330
-0.00263 0.16307 0.04871
-0.01811 0.16359 0.05062
-0.02714 0.16388 0.05205
-0.01059 0.16305 0.05443
0.00280 0.16367 0.03490
0.00844 0.16214 0.05656
-0.02251 0.16441 0.04006
-0.18625 0.02803 0.16919
-0.32057 0.10769 0.10878
-0.30047 0.14406 0.10406
-0.35052 -0.00527 0.14008
-0.31080 -0.09084 -0.13467
-0.05023 -0.07737 0.18144
-0.09240 -0.04845 0.18335
-0.09258 -0.03980 0.18334
-0.10054 -0.04098 0.18283
-0.23936 -0.04402 -0.13827
-0.40074 -0.06137 0.12784
-0.07657 -0.08711 0.17853
0.34474 -0.04947 -0.17231
0.37760 -0.02689 -0.15538
0.36726 -0.03076 -0.16082
0.36679 -0.03733 -0.16084
-0.35427 -0.09416 -0.09270
-0.27961 -0.13616 0.13467
-0.24098 -0.02439 -0.12746
-0.23921 -0.02515 -0.13780
0.29323 -0.15735 0.17743
-0.27999 0.04417 0.14820
-0.29081 0.02845 0.15412
-0.28426 0.03400 0.15249
-0.27628 0.03446 0.15361
0.01242 -0.07496 0.18456
-0.36962 -0.10631 0.06808
-0.36820 -0.10631 0.05076
-0.38713 -0.10631 0.03267
-0.41034 -0.10631 0.04342
-0.39978 -0.10631 0.02688
-0.36643 -0.10631 0.08397
-0.37433 -0.10631 0.05269
-0.41356 -0.10631 0.03843
-0.39372 -0.10631 0.04378
-0.36643 -0.10631 0.02979
-0.37037 -0.10631 0.07849
0.24263 -0.13473 -0.14827
0.23690 -0.11508 -0.14827
0.22407 0.04718 -0.13240
0.26127 0.04478 -0.13146
-0.21064 -0.11139 0.16588
0.29985 0.04290 -0.01229
0.25685 0.04570 -0.01221
0.27787 0.04433 -0.01508
0.27287 0.04466 -0.00880
0.29450 0.04324 -0.00876
0.30916 0.04229 -0.00326
0.06126 0.13609 -0.13128
0.14971 0.01686 -0.17477
-0.34316 -0.02175 -0.15475
-0.20361 -0.06419 0.09293
-0.20322 -0.06533 0.12152
-0.27204 -0.12243 0.13467
-0.35448 -0.03121 -0.12594
0.24052 -0.08725 0.14827
0.40626 -0.00937 -0.07435
0.02860 0.14611 -0.12826
-0.31122 0.12025 -0.10966
-0.32252 0.10280 -0.11020
-0.38216 0.01397 -0.03008
-0.38261 0.01266 0.00573
-0.38172 0.01524 0.01674
-0.26515 -0.16692 0.15141
0.27230 -0.14377 0.17991
-0.22088 -0.10022 -0.08011
-0.23238 -0.09053 -0.00547
-0.22388 -0.09769 -0.08654
-0.24837 -0.07706 0.07004
-0.24707 -0.07815 -0.08391
-0.22794 -0.09427 -0.06958
-0.24896 -0.07656 0.00299
-0.24424 -0.08054 -0.05088
-0.22058 -0.10047 -0.06778
-0.23133 -0.09142 -0.03289
-0.23602 -0.08746 -0.02891
-0.23766 -0.08608 0.02302
-0.24240 -0.08209 -0.07065
-0.22875 -0.09359 -0.07939
-0.24237 -0.08211 0.03118
-0.23057 -0.09206 -0.06123
-0.24064 -0.08357 -0.00606
0.40533 -0.06660 -0.13432
-0.35476 -0.01400 0.13796
0.22977 -0.16128 -0.17823
0.24581 0.04616 -0.08834
0.27400 0.04421 -0.10624
0.22908 0.04730 -0.08039
0.23088 0.04707 -0.09911
0.25299 0.04564 -0.09695
0.29615 0.04277 -0.10435
0.28822 0.04329 -0.10539
0.25300 0.04557 -0.10751
-0.20777 -0.01509 0.17506
-0.21918 -0.06403 -0.16308
-0.20250 -0.06741 -0.12718
-0.21541 -0.04349 0.11270
-0.30364 -0.02066 0.10129
0.41448 0.00363 -0.03111
0.17209 -0.11767 -0.14482
0.11330 0.06807 0.14971
0.32667 -0.02957 -0.17918
0.34465 -0.02854 -0.17147
0.33403 -0.04624 -0.17685
0.32869 -0.02289 -0.17800
0.36317 -0.01483 -0.16291
0.35398 -0.02315 -0.16723
0.32812 -0.04174 -0.17915
0.19022 0.03903 -0.16304
0.25417 0.04071 -0.15731
0.21292 0.03976 -0.16087
0.29241 -0.11212 -0.14827
0.27811 -0.13469 0.17558
0.16564 0.04907 0.14802
0.26133 -0.15855 -0.18179
-0.34689 0.01594 -0.12401
0.36724 -0.11635 0.08477
0.36502 -0.11497 0.06857
0.34773 -0.10919 0.08878
0.38028 -0.12134 0.08804
0.36415 -0.11553 0.09447
-0.05358 0.02400 0.17499
0.01587 0.04205 0.16482
0.00609 0.03019 0.17078
-0.01669 0.02761 0.17249
0.23004 -0.08997 -0.16576
0.24774 -0.02136 -0.14280
0.25531 -0.02055 -0.16557
0.25624 -0.02045 -0.11548
0.25799 -0.02027 -0.17771
-0.32066 -0.15030 -0.13981
-0.31912 -0.15147 -0.14672
-0.22683 0.16588 -0.01536
0.31034 -0.03741 0.11142
0.30546 -0.03380 0.12273
0.30718 -0.03507 0.14873
0.30433 -0.03296 0.15986
0.30661 -0.03465 0.10112
0.31193 -0.03858 0.10005
0.29481 -0.08236 -0.17947
0.16466 -0.11711 0.13256
0.16828 -0.12064 0.13641
-0.20664 0.16695 -0.01686
0.24490 0.02720 -0.16725
0.22366 0.03634 -0.16348
0.20821 0.03570 -0.16428
0.24252 0.03222 -0.16488
0.32363 -0.10976 -0.17558
0.32458 -0.10254 -0.15829
0.41223 -0.04108 -0.00373
-0.23992 -0.08317 0.13467
0.03871 0.15939 -0.02717
-0.07938 0.16492 -0.07074
-0.09024 0.16557 -0.06728
-0.01995 0.16265 -0.06748
-0.05327 0.16431 -0.06284
-0.01011 0.16209 -0.07002
-0.04350 0.16367 -0.06680
-0.31513 -0.04701 -0.16016
0.37092 -0.12111 0.13513
0.19050 -0.10570 -0.16832
0.41288 -0.02145 -0.05057
-0.05263 -0.10324 -0.17214
0.02223 -0.10012 -0.17566
0.00564 -0.09886 -0.17599
-0.23029 -0.01404 0.17306
0.27834 -0.03706 -0.14782
-0.40352 -0.06791 0.12714
0.31249 -0.06276 -0.15621
0.40679 -0.01636 -0.08422
0.22229 -0.08415 0.02287
0.22212 -0.08438 0.00294
0.21439 -0.09465 0.04270
0.21561 -0.09302 0.08053
0.22561 -0.07973 0.05788
0.22642 -0.07866 0.08445
0.20842 -0.10257 0.07501
0.21296 -0.09654 0.06943
0.22722 -0.07760 -0.01563
0.21064 -0.09963 0.08432
0.21708 -0.09106 0.02039
0.22305 -0.08313 0.06927
0.20271 -0.06205 -0.17016
-0.24048 -0.15839 0.13865
-0.23688 -0.15563 0.15841
0.18153 -0.06165 0.11641
0.18215 -0.06031 0.09238
0.17517 -0.07528 0.10549
0.17681 -0.07176 0.11684
-0.09007 0.01351 0.17777
-0.07943 0.01437 0.17750
-0.32682 -0.05802 0.15019
-0.15341 0.02156 0.17189
-0.29766 -0.11641 0.15622
0.40560 -0.01920 0.07430
0.05998 -0.02104 -0.18274
0.13368 -0.02615 -0.18308
0.09858 -0.01681 -0.18199
0.03430 -0.02511 -0.18341
0.10554 -0.02732 -0.18337
0.11602 -0.01977 -0.18230
-0.29275 0.15136 -0.09637
-0.28471 0.15163 -0.09999
0.24125 -0.13751 0.14827
0.23891 -0.11422 0.14827
-0.31322 -0.10867 -0.13467
-0.02019 0.08952 -0.14505
0.00739 0.09569 -0.14300
0.02025 0.06995 -0.15006
-0.01318 0.06993 -0.15045
0.01417 0.10011 -0.14168
0.01978 0.14117 -0.13012
-0.01311 0.05681 -0.15412
-0.00568 0.08518 -0.14610
0.02089 0.07634 -0.14826
-0.02669 0.08328 -0.14687
0.01410 0.06203 -0.15235
-0.01281 0.09827 -0.14251
-0.02093 0.08048 -0.14759
-0.01034 0.07507 -0.14898
0.40555 -0.03707 0.10151
-0.20975 -0.11551 0.14378
-0.25026 -0.08889 -0.15554
0.32369 -0.09225 -0.15839
0.34327 -0.11922 -0.14554
0.09133 0.06440 -0.20132
0.32901 -0.05554 -0.16842
0.32883 -0.05532 -0.16125
0.32098 -0.04551 -0.16038
-0.28132 -0.06271 0.13467
0.39692 -0.07000 -0.14500
0.09499 0.13335 -0.00966
0.10572 0.12154 -0.03816
0.11672 0.10945 -0.01523
0.09617 0.13204 -0.04111
0.10087 0.12688 -0.03899
0.11317 0.11335 -0.02372
0.11084 0.11591 -0.01072
0.09171 0.13696 -0.00220
0.15186 0.07078 -0.02380
0.09679 0.13137 -0.03093
0.12520 0.10011 -0.01968
0.40872 -0.00833 0.07428
0.35010 -0.11889 0.13916
0.35778 -0.11940 0.13719
-0.00956 0.15260 -0.12245
-0.08882 0.15675 -0.11990
-0.04907 0.15548 -0.11879
0.34346 0.03696 -0.03783
0.32282 0.03995 -0.03726
0.32293 0.03994 -0.02637
0.39051 0.02518 -0.03035
0.08847 0.11420 0.13366
0.07728 0.12795 0.13046
0.07191 0.13400 0.12974
0.40243 -0.03355 0.09557
-0.36323 -0.03087 0.14097
0.17334 0.04890 -0.14658
-0.38838 -0.06483 -0.13977
-0.41903 -0.06833 -0.07963
-0.28125 -0.03408 0.15906
-0.33408 -0.01819 -0.15746
0.41320 -0.02078 0.00315
0.41020 -0.10011 -0.04578
0.40086 -0.10861 -0.08052
0.40636 -0.10335 -0.06214
-0.33289 -0.08684 0.16803
-0.00549 -0.07840 -0.18377
0.09338 -0.11152 0.12680
0.12491 -0.12033 0.13490
0.07238 -0.11028 0.12628
0.13259 -0.12085 0.13516
0.14537 -0.00100 0.17896
-0.15663 0.10875 -0.13559
-0.11090 0.09581 -0.14259
-0.19654 0.14126 -0.12354
-0.12005 0.08928 -0.14375
-0.17719 0.14022 -0.12526
-0.13456 0.12965 -0.13137
-0.13686 0.10316 -0.13862
-0.11980 0.13023 -0.13230
-0.10814 0.11778 -0.13665
-0.14754 0.10333 -0.13778
-0.10139 0.13273 -0.13296
-0.10298 0.12205 -0.13583
-0.15517 0.12728 -0.13051
-0.09076 0.09003 -0.14570
-0.11357 0.12318 -0.13473
-0.10052 0.09392 -0.14389
-0.12200 0.14148 -0.12899
-0.13274 0.12079 -0.13399
-0.17716 0.12383 -0.12985
-0.11320 0.13201 -0.13229
-0.12648 0.11491 -0.13609
-0.10622 0.13881 -0.13090
-0.10554 0.07881 -0.14775
-0.16293 0.12317 -0.13109
-0.18191 0.13468 -0.12646
0.24846 -0.06706 -0.14827
0.26552 -0.10954 -0.14613
0.25817 0.04476 0.13739
-0.41702 -0.10594 -0.05346
-0.27780 0.08768 -0.12859
-0.28132 0.10088 -0.12435
-0.27334 0.09771 -0.12640
-0.28379 0.10777 -0.12205
-0.28728 0.09886 -0.12407
-0.27670 0.12272 -0.11885
-0.28701 0.08946 -0.12676
0.22453 -0.08105 -0.14827
-0.32881 -0.07205 0.16774
-0.29130 -0.07778 -0.13467
0.19062 -0.10657 0.15529
0.19106 -0.10995 0.14955
0.38104 0.02649 0.11931
-0.29402 0.15255 -0.09005
-0.29952 0.15035 -0.08033
-0.20147 0.05177 0.15289
-0.11550 0.04965 0.16127
-0.14919 0.05030 0.15816
0.30203 -0.13525 -0.18186
-0.30395 0.14772 0.08299
0.01310 0.15976 0.08182
-0.00878 0.16082 0.08066
-0.03996 0.16103 0.08840
0.00379 0.15840 0.09427
0.35979 0.03449 -0.01887
0.37239 0.03135 -0.04163
-0.03259 0.02774 -0.17677
0.41099 -0.03543 -0.06102
-0.05644 0.02328 -0.17539
0.17481 -0.00765 -0.18017
0.18216 0.00158 -0.17815
-0.35670 0.00678 -0.11412
-0.29387 0.15522 -0.05170
-0.30999 0.14709 -0.04141
0.30145 -0.03125 0.10779
0.30253 -0.03169 0.17577
0.29023 -0.02673 0.11677
0.29512 -0.02870 0.14733
0.37439 -0.12000 0.10978
0.36442 -0.11631 0.10816
0.35892 -0.11417 0.10538
0.29475 -0.15594 -0.17802
-0.23210 0.06571 -0.14288
0.13446 0.03232 -0.16750
-0.28204 -0.03922 -0.16735
-0.19950 -0.10788 0.09145
0.30278 -0.03182 -0.15103
0.31566 -0.04133 -0.10930
0.30796 -0.03565 -0.15407
0.16250 -0.09422 -0.17911
-0.07456 0.06957 0.15127
-0.07742 0.06051 0.15384
0.40724 0.00264 -0.12647
0.18974 -0.10792 -0.02984
0.19630 -0.10792 -0.02291
0.18332 -0.10792 -0.08326
0.18503 -0.10792 -0.05623
0.17805 -0.10792 -0.05373
0.18966 -0.10792 -0.01945
0.20096 -0.10792 -0.08201
0.18791 -0.10792 -0.01340
0.20326 -0.10792 0.01309
0.20437 -0.10792 0.03124
0.18646 -0.10792 -0.07087
0.41970 -0.09269 0.06945
-0.41339 -0.06154 -0.09624
0.28868 -0.07925 -0.05620
0.29392 -0.08696 -0.01001
0.29363 -0.08653 0.02890
0.29094 -0.08257 0.03547
0.29039 -0.08176 -0.08665
0.29460 -0.08797 -0.06619
0.29589 -0.08986 0.00079
0.28863 -0.07918 -0.01143
0.29579 -0.08972 -0.04764
0.29207 -0.08423 -0.01497
0.28693 -0.07667 0.07183
0.29178 -0.08380 0.01157
0.29765 -0.09245 -0.02576
0.28855 -0.07905 0.02333
0.28936 -0.08024 0.04484
0.29910 -0.09459 -0.05725
-0.34568 0.08471 -0.02460
-0.35249 0.07228 -0.03243
-0.32869 0.11572 0.01681
-0.33053 0.11236 0.00048
-0.32329 0.12559 0.02900
-0.32310 0.12592 0.01881
-0.33373 0.10652 -0.00208
-0.32218 0.12760 0.00089
-0.35761 0.06293 -0.03817
-0.33216 0.10939 -0.00933
-0.32780 0.11735 -0.00926
-0.32137 0.12910 -0.00726
-0.32816 0.11669 -0.01728
-0.33688 0.10078 -0.03786
-0.33619 0.10203 0.00260
-0.34776 0.08090 -0.02877
0.34309 -0.11655 0.13822
-0.28381 -0.16081 0.16769
-0.33543 0.05094 -0.13107
-0.20179 -0.07024 -0.16330
-0.20126 -0.07261 -0.13596
0.09974 0.07778 0.19287
-0.02373 -0.06308 0.18347
-0.19847 -0.10543 -0.09200
-0.19881 -0.10623 -0.06085
0.41144 0.00325 -0.07894
0.38395 -0.05977 0.15026
0.33054 0.02901 -0.15857
0.38228 0.02897 0.01639
-0.29433 -0.11295 -0.13467
-0.29592 -0.13157 -0.13467
0.01249 0.02195 0.17466
0.19286 -0.11996 -0.15803
0.25309 -0.15521 0.14422
0.26963 -0.08606 -0.16655
0.41076 -0.00108 0.04613
0.06246 -0.06535 -0.18347
-0.27679 -0.13979 0.16073
0.10865 0.07021 -0.18777
-0.27454 0.15924 0.01952
-0.26552 0.16050 0.01575
-0.24898 -0.07064 -0.16266
-0.02091 0.16409 -0.04419
-0.02429 0.16534 -0.02583
0.00350 0.16357 -0.03616
-0.01743 0.16484 -0.02947
-0.06593 0.16716 -0.02430
0.02214 0.16155 -0.05688
0.01907 0.16207 -0.05040
-0.01064 0.16352 -0.04663
0.29129 -0.08775 0.14827
-0.28391 -0.02015 -0.16874
-0.28943 -0.02015 -0.13394
-0.29573 -0.02015 -0.16699
-0.28282 -0.02015 -0.11804
0.19207 -0.08390 0.17076
-0.19830 -0.09138 0.17105
-0.30880 -0.07100 0.13083
0.41469 -0.09379 -0.00776
-0.16785 -0.05671 0.17931
0.38430 -0.02372 -0.10051
-0.04786 -0.10959 -0.12760
-0.08586 -0.11205 -0.13386
-0.07967 -0.10993 -0.12847
-0.08750 -0.10996 -0.12854
-0.16574 0.16642 -0.03540
-0.20077 0.16583 -0.03679
-0.17894 0.16612 -0.03722
-0.19240 0.16540 -0.04586
-0.21636 0.16576 -0.03421
-0.21037 0.16580 -0.03501
-0.19844 0.16486 -0.05339
-0.16890 0.16584 -0.04434
-0.13735 0.16612 -0.04723
-0.18656 0.16596 -0.03804
-0.02722 -0.06321 -0.18342
0.01036 -0.06588 -0.18321
-0.02051 -0.06810 -0.18255
0.01428 -0.07040 -0.18239
-0.14967 -0.11354 -0.14186
-0.17838 -0.11392 -0.14482
-0.10986 -0.11298 -0.13591
-0.16416 -0.11366 -0.13954
-0.14135 -0.11331 -0.13421
0.03154 0.15972 0.05189
0.04327 0.15754 0.04149
-0.26097 -0.01161 0.17025
-0.26775 -0.11698 -0.13467
0.23258 -0.11667 -0.16586
-0.41427 -0.06181 0.09250
0.37770 -0.11914 0.00272
0.37407 -0.11792 -0.01419
0.36861 -0.11607 -0.00116
0.35605 -0.11183 -0.01206
0.36562 -0.11506 -0.01448
0.37922 -0.11965 0.02300
0.36217 -0.11390 0.01854
0.37546 -0.11838 -0.02235
-0.36179 0.02056 -0.12591
0.22946 -0.03990 -0.17226
0.22720 -0.04084 -0.16173
-0.13157 -0.06921 -0.17930
-0.15197 -0.07264 -0.17742
-0.09982 -0.08431 -0.17838
-0.12305 -0.08137 -0.17752
-0.10545 -0.06643 -0.18141
-0.11057 -0.08362 -0.17786
-0.21230 -0.09994 -0.16713
0.35674 0.02685 -0.15137
-0.33954 0.07852 0.10246
-0.23534 0.16229 0.06209
-0.26123 0.15978 0.05134
0.40785 -0.02778 0.02444
0.04056 0.15165 0.10985
-0.23384 -0.09652 -0.16585
-0.18871 -0.06504 0.17657
0.32325 -0.04477 0.17955
-0.17294 -0.08646 -0.17643
0.39984 0.01481 0.11807
-0.20522 -0.10399 0.08120
-0.20361 -0.10582 0.04388
-0.19894 -0.10555 0.04769
-0.20114 -0.10445 0.07067
-0.26822 -0.11039 0.13298
-0.36525 -0.04963 0.15180
-0.36238 0.05381 0.04154
-0.37536 0.02963 0.04386
-0.36018 0.05206 0.06919
-0.36262 0.04849 0.06491
0.22020 -0.11833 0.17827
0.39874 0.02032 -0.06095
0.19929 -0.09206 0.18167
-0.08875 0.16187 -0.09681
-0.07630 0.15982 -0.10772
-0.05127 0.15901 -0.10614
0.13925 -0.12173 0.15058
0.15453 -0.12176 0.15290
-0.35014 0.05624 0.10997
0.41271 -0.02271 0.01923
-0.20050 -0.07716 0.10675
-0.42449 -0.09284 -0.02322
-0.42451 -0.09280 -0.00492
0.30438 -0.08909 0.08720
0.31999 -0.09590 0.08720
0.32737 -0.09884 0.08720
-0.27841 -0.13987 -0.16127
0.28440 -0.10589 -0.14827
0.03218 -0.06094 0.18624
-0.31659 0.13611 -0.01346
0.21380 -0.03125 -0.13931
-0.30729 -0.10322 -0.13467
-0.22788 -0.03197 0.12722
-0.22704 -0.03256 0.14743
-0.36116 0.00661 0.11352
-0.37453 0.02879 -0.05513
-0.37677 0.02662 -0.04593
-0.37449 0.02744 -0.06199
-0.37375 0.03260 -0.04374
0.24041 0.04632 -0.04719
0.30290 0.04221 -0.05133
0.25371 0.04546 -0.04640
0.29329 0.04288 -0.04464
0.27870 0.04377 -0.05532
0.05703 0.14724 -0.11838
0.33294 -0.06045 -0.10438
0.33320 -0.06079 -0.14950
0.33183 -0.05907 -0.08956
0.33342 -0.06106 -0.11388
0.33228 -0.05963 -0.13593
-0.22375 0.16006 0.08933
-0.02987 0.15746 -0.11057
0.38837 0.02624 0.02138
0.33686 0.03777 0.06738
0.31094 -0.14081 -0.16073
0.09785 0.05555 -0.17956
0.41110 -0.07925 0.11497
0.15770 -0.08179 0.18119
-0.12328 0.16263 0.08721
-0.15896 0.16214 0.08557
-0.13365 0.16230 0.08803
-0.14461 0.16256 0.08465
-0.11473 0.16399 0.07872
-0.10042 0.16347 0.08446
0.40814 -0.01530 -0.07441
-0.13028 0.16317 -0.08235
-0.16447 0.16438 -0.06879
-0.09577 0.16334 -0.08604
-0.09261 0.16465 -0.07719
-0.11825 0.16483 -0.07220
-0.14679 0.16370 -0.07618
0.14786 -0.09102 0.18244
-0.14558 -0.11351 0.14279
-0.13231 -0.11346 0.14865
-0.16060 -0.11367 0.14255
-0.17173 -0.11382 0.14357
-0.10176 -0.11319 0.15308
0.21062 -0.06374 -0.18153
0.11229 -0.05049 -0.18347
0.08336 -0.02959 -0.18347
0.11757 -0.03519 -0.18347
0.08863 -0.04055 -0.18347
0.10481 -0.03721 -0.18347
0.12538 -0.03240 -0.18347
0.12319 -0.05211 -0.18347
0.06944 -0.03474 -0.18347
0.23443 -0.02328 -0.15749
0.23504 -0.02305 -0.13315
0.31777 -0.02518 0.18107
-0.35267 0.01229 -0.12575
0.19968 0.04872 0.06928
0.19205 0.04894 0.08044
0.17086 0.04965 0.07279
0.18378 0.04922 0.07366
0.12212 0.06324 -0.15096
0.11296 0.07371 -0.14814
-0.40791 -0.08371 0.12489
-0.39738 -0.08777 0.13432
0.40896 -0.01113 0.03830
0.00191 -0.10789 0.16926
-0.07749 -0.10407 0.17013
-0.01884 -0.10829 0.16721
0.01231 -0.10937 0.16756
-0.06014 -0.10553 0.16891
0.06841 0.05189 0.15475
0.25207 0.04580 0.07989
0.22649 0.04744 0.08461
0.24094 0.04647 0.08980
0.24018 0.04663 0.07117
0.26082 0.04526 0.07399
0.23086 0.04710 0.09449
0.22715 0.04731 0.09946
0.24465 0.04627 0.08207
-0.22800 -0.14882 -0.16134
-0.22772 -0.14860 -0.15058
0.41326 -0.07104 -0.09673
0.13245 0.08627 0.06468
0.14798 0.06176 0.09723
0.13069 0.08573 0.07657
0.14033 0.07566 0.07257
0.15221 0.06032 0.08145
0.14915 0.06597 0.07121
0.12201 0.09626 0.07325
0.11228 0.11103 0.05557
0.15091 0.06297 0.07592
0.12308 0.09638 0.06700
-0.37382 0.03633 0.00378
0.07888 0.13684 -0.10932
0.13634 0.01231 -0.17618
-0.11754 -0.05965 -0.18176
-0.41437 -0.09322 -0.10451
-0.34035 -0.04140 0.16287
0.03599 0.15361 -0.10231
0.04921 0.15065 -0.10300
-0.24511 0.02053 -0.16478
-0.23588 -0.00039 -0.17077
-0.23369 0.00648 -0.16967
-0.25053 0.02284 -0.16339
-0.05385 0.16674 -0.02156
-0.25656 0.03190 0.15813
-0.25004 0.02717 0.16151
-0.27052 0.02362 0.15984
0.21185 -0.08813 -0.17992
-0.33999 -0.00137 0.14962
-0.34299 0.00490 0.14636
0.00364 0.14974 -0.12556
-0.01571 0.15005 -0.12602
-0.29434 0.10504 0.12131
0.41393 -0.07703 0.08935
0.19414 0.04854 0.01903
0.36419 -0.06131 0.16148
0.18829 0.01988 -0.17260
0.20137 0.01852 -0.17284
0.24498 0.01106 -0.17508
-0.35444 -0.08584 -0.09384
-0.35444 -0.07999 -0.09839
-0.35444 -0.07628 -0.13228
-0.38115 -0.03325 -0.12530
0.09970 0.11007 -0.11955
0.10463 0.10361 -0.12183
-0.09353 0.16005 0.10985
-0.30502 -0.02087 0.13644
-0.19995 0.02577 -0.16924
0.17959 -0.06581 -0.17134
0.18180 -0.06105 -0.10080
0.18174 -0.06120 -0.16046
0.19368 -0.12106 -0.14688
0.07639 0.01865 -0.17514
0.24081 -0.03941 0.14422
0.16536 -0.07633 0.18227
0.22744 -0.12985 0.17900
-0.24283 0.15771 -0.09660
-0.27936 0.15675 -0.08408
0.20806 -0.05770 -0.14474
-0.42154 -0.06208 -0.04128
-0.27643 -0.15718 0.13061
0.40885 0.01311 0.02864
0.40551 0.01594 -0.03243
0.25339 -0.16771 0.17669
-0.16843 0.15678 -0.11212
0.32050 -0.10572 0.18050
-0.27559 0.15851 0.04347
-0.28484 0.15759 0.04055
-0.13889 -0.11325 0.15168
-0.15308 -0.10918 0.15753
-0.16256 -0.10592 0.16231
-0.13936 -0.10934 0.15801
-0.23412 -0.10916 0.16616
-0.26547 -0.06362 -0.15932
0.10788 0.10588 -0.10408
0.11192 0.10513 -0.08567
0.13448 0.07653 -0.09988
0.11510 0.10390 -0.07423
0.08525 0.13636 -0.08120
0.09267 0.13321 -0.05596
0.12713 0.08460 -0.10126
0.14048 0.06879 -0.10433
0.09604 0.12381 -0.08258
0.10224 0.12099 -0.06237
0.09099 0.13637 -0.04993
0.13263 0.07698 -0.10782
0.10064 0.11890 -0.08109
0.14557 0.06233 -0.10755
0.09610 0.12135 -0.09410
0.09476 0.12676 -0.07541
0.10930 0.10913 -0.08080
0.09131 0.12936 -0.08178
0.09089 0.12664 -0.09709
0.06408 0.15275 -0.00416
0.05057 0.15629 0.01098
0.30006 -0.15232 -0.17361
0.30261 -0.15036 -0.16658
0.40625 -0.03617 -0.05478
-0.09786 -0.01928 -0.18283
-0.12392 -0.00857 -0.17968
-0.13916 -0.01052 -0.17894
-0.13210 -0.01313 -0.17975
-0.16133 -0.01866 -0.17858
0.09729 0.04270 -0.16275
-0.01667 -0.08884 0.17880
-0.24927 -0.16241 -0.14777
-0.25363 -0.16422 -0.15937
-0.01829 -0.06123 0.18652
0.34904 0.03598 -0.05598
0.33696 0.03789 -0.04441
0.34242 0.03691 -0.05812
-0.31735 -0.05714 -0.16778
0.40517 -0.03683 0.06742
-0.41928 -0.09480 -0.07740
-0.29469 -0.07176 0.15325
0.15179 -0.07726 0.18201
-0.16823 0.15321 0.11969
-0.10209 0.15383 0.12444
-0.11674 -0.08695 -0.17686
-0.26790 -0.09139 -0.13128
-0.32721 -0.14302 -0.14494
-0.35980 -0.10171 -0.10364
-0.36252 -0.10479 -0.08741
-0.42109 -0.09700 0.05297
0.23827 -0.05566 -0.18075
-0.37691 -0.00190 0.11082
-0.37450 0.00669 0.10814
-0.37390 0.01369 0.09962
-0.37305 0.01887 0.09519
-0.23725 0.15831 -0.09477
0.40156 -0.00793 -0.13995
-0.29281 0.14289 -0.11083
-0.30730 0.11034 -0.11795
0.34227 -0.08100 0.13272
0.34004 -0.07575 0.11262
0.34127 -0.07865 0.15812
0.33772 -0.07029 0.09234
-0.33946 -0.04125 -0.16336
0.13641 0.08371 -0.05434
0.15986 0.05525 -0.06267
0.14328 0.07608 -0.05344
0.15004 0.06775 -0.05645
0.16184 0.05491 -0.05368
-0.03802 -0.10965 0.12774
-0.10731 -0.11031 0.12941
-0.07269 -0.10941 0.12715
-0.09622 -0.11062 0.13020
-0.04831 -0.10862 0.12512
-0.32093 0.11472 -0.09489
-0.32493 0.10401 -0.10214
-0.12516 -0.06147 0.18418
-0.35293 -0.06623 -0.10658
-0.35305 -0.06681 -0.14376
0.35709 0.03541 0.00823
0.34031 0.03785 -0.01347
0.40491 0.01624 -0.04607
0.03829 0.15763 0.05976
0.25262 -0.07523 0.17172
0.24185 -0.07285 -0.14827
-0.06896 -0.06281 0.18317
0.32102 -0.12042 0.17842
0.05304 -0.02311 0.18305
0.05003 -0.01132 0.18148
0.06665 -0.01797 0.18230
0.09153 -0.02385 0.18297
0.03013 -0.00912 0.18128
0.04087 -0.01232 0.18166
0.38108 0.02894 0.05402
0.38119 0.02907 0.04678
0.40674 -0.08646 -0.13403
-0.24705 -0.02194 0.13096
0.00284 -0.08323 0.17988
0.01981 -0.08795 0.17912
-0.04266 -0.08577 0.17905
0.02209 -0.07654 0.18129
-0.02266 -0.08797 0.17879
0.01971 -0.06714 0.18305
-0.34325 -0.04610 -0.08968
-0.34253 -0.04526 -0.10815
0.27967 -0.12110 0.16380
0.13739 0.02186 0.17253
-0.20835 -0.10484 -0.14236
-0.27254 -0.11000 0.15375
-0.18599 -0.08958 0.17165
0.19599 -0.04384 -0.10608
0.19310 -0.04723 -0.15659
0.19634 -0.04343 -0.17318
0.18909 -0.05193 -0.17524
-0.05802 -0.07629 0.18071
0.39465 -0.06148 0.14352
-0.21692 -0.06695 -0.13468
0.21510 0.04782 -0.05910
0.19068 0.04865 -0.04657
0.20810 0.04808 -0.04778
0.15530 -0.08843 -0.17992
0.09686 0.07564 -0.19609
0.41193 -0.04296 -0.05748
-0.04578 0.02819 -0.17479
-0.28545 0.02581 -0.15630
-0.24363 0.03556 -0.15850
0.02850 0.15956 -0.06670
-0.21637 -0.01467 -0.17435
-0.23134 -0.01646 -0.17321
0.34738 -0.08335 0.17105
-0.39980 -0.03582 -0.04129
0.38928 -0.11273 0.13541
-0.19750 -0.08082 0.17311
-0.23433 0.00137 0.17065
-0.26629 0.01736 0.16194
-0.23619 0.01197 0.16808
0.34581 -0.12173 0.15643
0.34558 -0.11405 0.11754
0.07928 0.08500 0.14533
0.05194 0.08265 0.14625
0.07805 0.09905 0.14144
0.06975 0.10708 0.13929
0.07155 0.08321 0.14591
0.03599 0.06093 0.15244
0.07321 0.09017 0.14396
0.05895 0.11236 0.13793
0.04336 0.07513 0.14843
0.00729 -0.07642 0.18120
-0.28992 -0.13426 -0.15640
-0.16470 -0.11224 -0.12799
-0.15023 -0.11190 -0.12866
-0.12409 -0.10895 -0.12549
0.37975 0.01421 0.14962
0.38571 -0.02640 0.15066
0.19102 -0.10875 -0.17724
0.03980 0.01939 0.17540
-0.27874 0.15785 -0.06498
-0.28373 0.15755 -0.04715
-0.28567 0.15715 -0.06467
0.04191 -0.10192 0.17504
0.04822 -0.10676 0.17242
0.11830 -0.11029 0.17181
0.31495 0.02752 0.16309
-0.23501 -0.09313 0.13467
-0.34007 -0.08232 -0.13799
0.39885 -0.11603 0.00223
0.39833 -0.11674 0.01291
0.39948 -0.11516 -0.04139
0.40374 -0.10931 -0.00276
0.40383 -0.10918 -0.03549
0.28080 -0.08719 -0.14827
0.29148 -0.11835 0.14827
0.38015 0.02868 0.08895
-0.25983 0.15209 -0.11078
0.01862 0.03206 -0.16962
-0.02578 0.04097 -0.16618
0.02096 0.02658 -0.17223
-0.00647 0.04043 -0.16606
-0.30209 0.05437 -0.13639
-0.29547 -0.13483 0.16149
-0.35905 -0.10086 0.12521
-0.36078 -0.10282 0.13098
0.12807 0.07875 0.11706
0.10535 0.10751 0.10919
0.12020 0.08948 0.11225
0.09872 0.11533 0.10844
0.14462 0.05744 0.12374
0.15213 0.05171 0.11615
-0.34957 0.00142 0.14388
0.21063 -0.05917 0.18080
-0.31845 -0.05185 -0.13101
-0.35525 -0.06750 -0.16199
-0.27445 0.15835 0.05913
-0.41877 -0.05599 0.04920
-0.37630 -0.01857 0.11759
-0.36401 -0.01355 0.11701
0.39260 -0.04324 0.14575
-0.39705 -0.09583 0.13260
-0.01950 0.16139 -0.07979
0.01390 0.15989 -0.08065
-0.01256 0.16016 -0.08650
0.01121 0.15848 -0.09146
0.00919 0.16090 -0.07483
0.34692 -0.09281 -0.16960
0.35270 -0.10101 -0.16522
-0.42108 -0.06066 0.04149
-0.40033 -0.08454 -0.13168
0.05948 0.15395 0.03414
-0.34056 -0.11657 0.16371
-0.24895 0.16098 -0.05558
-0.25613 0.16026 -0.05461
-0.33467 -0.13226 0.14526
-0.04745 -0.06173 0.18652
0.39218 -0.06533 -0.14697
-0.34211 -0.09569 0.15775
0.30032 -0.08940 0.14519
-0.39133 -0.02224 -0.07408
-0.39569 -0.03269 -0.06772
-0.39233 -0.02650 -0.07831
0.04911 0.14993 -0.10890
-0.26945 -0.06286 0.15976
0.05853 -0.07869 -0.18113
0.03712 -0.08200 -0.18036
0.03900 -0.08897 -0.17906
0.07682 -0.08750 -0.17959
0.03722 -0.07394 -0.18188
-0.04039 -0.05800 0.18559
0.35691 -0.11945 -0.13797
0.34924 -0.11160 -0.10293
0.35050 -0.11895 -0.13925
-0.22717 0.15075 0.11677
-0.23281 0.15251 0.11428
0.36419 0.03248 -0.10261
0.35554 0.03494 -0.08959
0.37250 0.03045 -0.10081
0.24829 0.04500 0.14341
0.31834 -0.07322 0.16362
-0.20769 -0.05478 0.12244
-0.20954 -0.05175 0.10501
-0.27869 -0.11115 0.15204
0.21176 -0.05141 -0.17164
-0.25835 0.05322 0.14480
-0.23594 0.05026 0.15151
0.17926 0.01164 0.17603
0.18224 -0.00458 0.17947
0.13589 0.07188 -0.11157
0.14987 0.05414 -0.11652
0.10360 0.10947 -0.10926
0.12857 0.08145 -0.10823
0.11778 0.09013 -0.11794
-0.22563 0.10700 0.13140
-0.21705 -0.04170 0.11884
-0.21752 -0.04120 0.12959
-0.10733 -0.05758 0.18240
-0.13170 -0.10941 0.12567
-0.15790 -0.11320 0.13043
-0.12631 -0.11182 0.13068
-0.20515 -0.10422 -0.07661
-0.20800 -0.10376 -0.08693
-0.19901 -0.10558 -0.04707
-0.20614 -0.10495 -0.06225
0.30756 0.01821 -0.16831
0.30614 0.02838 -0.16346
0.19986 -0.13577 -0.17272
0.19935 -0.13511 -0.15905
0.08416 0.14096 0.05907
-0.30157 -0.02039 -0.16348
0.37432 -0.06772 -0.15757
0.18679 -0.05462 0.11553
0.18844 -0.05269 0.08754
0.19631 -0.04347 0.15789
0.19290 -0.04747 0.15463
0.19642 -0.04334 0.14944
0.19497 -0.04504 0.14108
-0.19842 -0.11400 0.14508
-0.05166 -0.02428 -0.18347
-0.02421 -0.03033 -0.18347
-0.00226 -0.04674 -0.18347
0.01039 -0.05215 -0.18347
0.00708 -0.04647 -0.18347
0.02199 -0.05740 -0.18347
-0.03527 -0.02866 -0.18347
-0.01736 -0.02459 -0.18347
-0.35138 -0.02408 0.12611
-0.34540 -0.04862 0.14307
-0.34157 -0.04414 0.10382
0.24305 0.04599 -0.12998
0.22811 0.04703 -0.12395
0.23982 0.04635 -0.11557
0.22112 0.04761 -0.11211
0.15169 -0.08502 0.18359
0.26034 0.04504 0.11232
0.23322 0.04683 0.11121
0.23899 0.04646 0.11025
0.22127 0.04751 0.12018
-0.27367 -0.04618 0.13061
0.38607 -0.10723 0.14322
0.35483 -0.05240 -0.16675
-0.30672 -0.12659 -0.16398
0.22089 -0.04441 -0.14773
0.41477 -0.09366 -0.02398
0.41541 -0.09220 -0.03753
-0.21561 -0.07004 0.13962
0.26539 -0.06455 -0.14827
-0.22802 -0.12594 0.16813
0.08118 0.14348 -0.05905
0.27390 -0.14280 -0.17997
-0.38699 -0.00524 0.06040
0.00715 -0.10966 0.12559
0.01770 -0.11247 0.12922
0.04213 -0.11278 0.12962
0.25135 -0.13893 0.14827
0.20000 -0.13193 0.14450
-0.25235 0.15146 -0.11246
-0.28043 0.05330 -0.14098
0.18282 0.04907 0.12415
0.18809 0.04888 0.12867
0.16792 0.04959 0.11732
0.15019 0.05009 0.13124
0.35877 -0.11275 0.03622
0.34813 -0.10916 0.02299
0.35452 -0.11131 0.02252
0.35366 -0.11102 0.06593
0.35541 -0.11161 0.07428
0.34599 -0.10844 0.01075
0.35361 -0.11101 0.04810
0.37072 -0.11678 0.05227
0.37124 -0.11696 0.03140
0.10283 -0.06867 -0.18331
-0.19531 0.02849 0.16954
0.22790 -0.11494 0.14827
-0.29875 -0.06894 0.13467
-0.29970 -0.09304 0.13467
0.40216 -0.05699 0.11677
0.17277 0.04463 -0.15836
-0.36454 -0.04260 0.14540
-0.08563 -0.10926 -0.16114
-0.04691 -0.10609 -0.16890
-0.02302 -0.10629 -0.17018
-0.03051 -0.10751 -0.16770
-0.07968 -0.11008 -0.16020
-0.05740 -0.10641 -0.16766
-0.01178 -0.10709 -0.16963
0.03614 0.16007 0.01871
-0.34130 -0.11198 0.14362
-0.30963 -0.07348 -0.13189
-0.41269 -0.08048 -0.11738
-0.22807 -0.09569 0.16658
0.25023 -0.16732 0.15288
0.19739 -0.03815 -0.18347
0.18341 -0.04830 -0.18347
0.19484 -0.04669 -0.18347
0.27895 0.04161 -0.15386
0.05096 0.04710 -0.16004
0.02855 0.05205 -0.15597
0.03366 0.04675 -0.16098
-0.31808 -0.15227 0.14068
-0.00594 -0.06441 0.18641
-0.25150 -0.08388 0.13467
-0.40566 -0.07173 -0.12627
0.19686 -0.12960 0.15707
0.28609 0.01505 0.17136
-0.19844 -0.10534 -0.13102
0.27909 -0.14687 -0.18130
0.22602 -0.12441 -0.14827
-0.36872 -0.01902 -0.11813
-0.36381 -0.00739 -0.11546
0.36283 -0.02486 0.16339
0.23529 -0.13151 0.17235
0.08313 -0.06373 0.18347
-0.25174 -0.04470 -0.16765
0.10487 0.07608 0.18967
0.28585 -0.16138 -0.16300
0.28293 -0.16259 -0.17153
0.29636 -0.05602 -0.18158
0.02974 0.00850 -0.17779
0.04970 0.00966 -0.17740
0.11159 0.01212 -0.17641
0.06308 0.00394 -0.17852
0.03245 -0.00241 -0.18010
0.12492 0.01440 -0.17582
0.05536 0.00562 -0.17822
-0.02703 0.02449 0.17600
0.21266 0.02049 0.17153
0.37163 -0.05186 0.15742
-0.26426 0.14169 -0.11528
-0.26497 0.12527 -0.11982
-0.25016 0.12021 -0.12338
-0.26676 0.13578 -0.11659
-0.27841 0.14045 -0.11359
-0.27095 0.14558 -0.11322
0.16498 0.05636 0.01818
0.14807 0.07496 0.01554
0.10013 -0.12027 -0.14173
0.08420 -0.11973 -0.14292
0.02643 -0.11786 -0.15242
0.06562 -0.11900 -0.13811
0.06505 -0.11911 -0.14571
0.07736 -0.11949 -0.14290
-0.28540 -0.11667 -0.13467
-0.27883 -0.14068 -0.13467
0.19606 -0.10532 0.18113
-0.22479 0.05938 -0.14529
0.31384 0.04107 -0.09047
0.32303 0.03964 -0.09809
0.33216 0.03834 -0.09607
0.30858 0.04199 -0.07842
-0.24856 -0.07448 0.15767
0.14663 0.04997 -0.14119
0.36925 -0.11629 -0.06097
0.37384 -0.11894 -0.08816
0.35274 -0.11090 -0.08386
0.37751 -0.12013 -0.08286
0.35952 -0.11314 -0.07539
0.36973 -0.11722 -0.08288
0.36802 -0.11689 -0.09207
0.32225 0.00474 0.17380
0.33300 0.01041 0.16808
-0.07167 0.08112 -0.14800
-0.07564 0.09043 -0.14544
0.38347 -0.01394 -0.10276
0.34099 0.01494 -0.16367
0.34747 0.02204 -0.15843
-0.34591 -0.09283 0.08720
0.41436 -0.09410 -0.04481
-0.21299 -0.04665 -0.16076
-0.31077 0.02535 0.15066
-0.32625 0.03750 0.14005
-0.32397 0.02461 0.14634
-0.35139 -0.00282 -0.12132
-0.19379 0.15581 0.11242
0.37388 -0.07978 -0.15797
0.35685 -0.08161 -0.16637
0.10047 0.07594 0.16648
0.15930 -0.11059 -0.12576
0.09162 -0.10887 -0.12420
0.13612 -0.11525 -0.12999
0.37668 -0.05846 -0.15419
-0.22056 -0.08996 -0.16829
0.21644 -0.15373 -0.15789
-0.30036 -0.05394 -0.16807
0.16304 0.00612 0.17582
0.36165 -0.11773 -0.12532
0.36412 -0.11997 -0.13527
0.25099 -0.12018 0.16893
0.30797 -0.05687 0.16763
-0.26700 -0.03438 0.14723
-0.27094 -0.03387 0.14139
-0.21803 0.16603 0.02939
-0.18935 0.16639 0.03031
-0.21235 0.16642 0.02422
-0.18227 0.16708 0.02056
-0.21571 0.16539 0.04056
0.35632 -0.11462 0.11311
0.36015 -0.11811 0.12868
-0.22519 0.14412 0.12022
0.38892 -0.01889 -0.10470
0.24965 -0.07197 0.14827
-0.01787 0.14783 0.12821
-0.03915 0.14925 0.12771
-0.08913 0.15412 0.12505
-0.19945 -0.08710 0.08768
-0.19883 -0.09311 0.09251
-0.31574 -0.02382 0.10884
-0.24121 -0.06039 -0.16806
-0.29173 -0.14730 0.16724
0.37020 0.01985 -0.15133
-0.34520 -0.00628 -0.11948
-0.21218 -0.10917 -0.16673
-0.33856 -0.12288 -0.14427
-0.17601 -0.06558 -0.17725
0.37992 0.02762 -0.11187
0.36601 0.02763 0.14431
-0.21526 -0.10418 0.00644
-0.21410 -0.10446 -0.04917
-0.20554 -0.10649 -0.01491
-0.21480 -0.10429 0.07651
-0.20319 -0.10705 0.01283
0.10570 0.05574 0.16965
0.24603 -0.07940 -0.14827
-0.23920 -0.01996 -0.17297
-0.26188 -0.02175 -0.17152
-0.26323 -0.01523 -0.17078
-0.23980 -0.01311 -0.17225
0.35699 0.03393 -0.11348
0.35308 0.03472 -0.11836
-0.12877 -0.10788 -0.16096
-0.11104 -0.10876 -0.16050
-0.12028 -0.10955 -0.15872
-0.14241 -0.10936 -0.15782
-0.09673 -0.10761 -0.16315
-0.19916 -0.06055 -0.17661
-0.24515 -0.10132 -0.15057
0.41273 0.00801 0.06536
-0.10848 0.16807 0.01877
-0.24304 -0.13972 -0.16761
-0.18717 -0.09728 0.16847
-0.28897 -0.07021 -0.15076
0.36895 -0.02440 0.16014
0.37932 -0.01717 0.15480
0.37213 -0.01563 0.15874
0.26317 -0.03406 -0.15289
0.13675 0.04606 -0.15810
0.40517 -0.03175 -0.06984
0.16692 0.04952 0.06734
-0.34682 -0.05089 -0.13438
-0.34891 -0.05589 -0.09977
0.25320 -0.11120 0.16521
-0.39244 -0.10631 -0.04613
-0.39231 -0.10631 -0.06170
-0.38577 -0.10631 -0.02469
-0.38052 -0.10631 -0.03265
-0.37454 -0.10631 -0.00834
-0.39897 -0.10631 -0.04958
-0.38176 -0.10631 -0.05751
-0.38238 -0.10631 -0.04371
0.09772 0.05607 0.19114
-0.18597 0.15093 -0.12042
-0.21497 0.14938 -0.11955
-0.16907 0.15327 -0.11957
0.36680 -0.06988 0.16147
0.34916 -0.07557 0.17017
0.04929 0.02225 0.17385
0.22847 -0.15928 -0.14462
-0.27690 -0.07521 -0.13467
0.29040 -0.08089 -0.14827
-0.22026 -0.06260 0.13608
0.35607 0.03174 0.14086
-0.16606 -0.00859 0.17692
-0.20091 -0.02039 0.17622
-0.18979 -0.01225 0.17585
-0.18662 -0.02090 0.17722
-0.13929 -0.01350 0.17933
-0.17447 -0.00786 0.17627
0.02976 0.14554 0.12880
-0.16208 0.09987 -0.13776
-0.15525 0.09237 -0.14039
-0.10347 0.06059 -0.15307
-0.21373 0.05765 -0.14654
-0.19719 0.13152 -0.12624
-0.17598 0.10136 -0.13640
-0.18436 0.10350 -0.13522
-0.21149 0.07037 -0.14300
-0.18366 0.08231 -0.14141
-0.19435 0.09161 -0.13800
-0.14084 0.06993 -0.14786
-0.19984 0.11744 -0.13014
-0.12395 0.06400 -0.15071
-0.21005 0.12647 -0.12684
-0.19683 0.07445 -0.14280
-0.17850 0.08818 -0.14005
-0.14144 0.07728 -0.14569
-0.20546 0.05831 -0.14690
-0.14792 0.07422 -0.14614
-0.19407 0.06189 -0.14662
-0.19333 0.10685 -0.13365
-0.19172 0.12469 -0.12858
-0.12306 0.07957 -0.14626
-0.15619 0.07237 -0.14613
0.28638 -0.09872 -0.16643
-0.30094 0.06821 0.13077
0.08787 0.12288 0.12034
0.10089 0.10637 0.12484
0.08335 0.12632 0.12286
0.32054 0.03894 -0.13585
-0.24319 -0.04165 -0.15638
0.27694 -0.06933 0.17064
-0.35954 -0.10141 -0.14921
0.38837 -0.05236 -0.14756
0.13428 -0.11224 0.12726
0.12431 -0.11173 0.12680
0.14959 -0.11399 0.12885
-0.03390 -0.10469 0.17175
-0.08294 -0.09368 0.17685
-0.05491 -0.10000 0.17392
-0.08784 -0.09669 0.17502
-0.30772 -0.10286 0.14986
0.10848 0.04535 0.15977
-0.39675 -0.03247 0.05777
0.15230 -0.02296 0.18257
-0.33426 -0.03049 0.16129
-0.34638 -0.01784 0.15215
-0.33924 -0.02719 0.15814
-0.00937 0.00291 -0.17932
-0.02681 0.00374 -0.17930
-0.04163 0.00547 -0.17906
-0.03027 -0.00312 -0.18079
-0.01604 -0.00020 -0.18004
-0.04789 0.00477 -0.17926
-0.17949 -0.11197 -0.12721
-0.30370 0.03609 -0.14771
-0.31202 0.04658 -0.13995
-0.31066 0.04122 -0.14306
-0.24594 -0.07076 -0.13459
0.32155 -0.11963 -0.14680
-0.02274 0.15410 0.11964
-0.05410 0.15559 0.11907
0.09155 0.04625 0.15947
-0.25287 -0.06920 -0.13467
-0.08037 -0.00315 -0.18108
-0.23254 -0.09696 -0.13309
-0.27752 -0.16796 0.15560
0.41266 -0.01390 0.05845
-0.34271 -0.10126 -0.14785
0.40918 -0.02511 -0.04185
-0.20515 -0.06013 -0.11902
0.28716 -0.00145 0.17711
0.28127 -0.00184 0.17737
-0.38632 0.00205 -0.02339
-0.39456 -0.02083 0.01718
-0.38729 -0.00064 0.04236
-0.39095 -0.01081 0.02363
-0.39197 -0.01362 0.00879
-0.38896 -0.00527 0.03407
-0.38766 -0.00165 -0.01635
-0.38988 -0.00784 0.00479
-0.31851 0.13430 -0.00753
0.32087 -0.07934 -0.15867
0.27738 -0.07622 -0.04698
0.23306 -0.07622 -0.07554
0.25970 -0.07622 -0.05815
0.28596 -0.07622 0.05255
0.25457 -0.07622 -0.04997
0.26350 -0.07622 -0.06720
0.26671 -0.07622 -0.05664
0.27839 -0.07622 0.04444
0.27229 -0.07622 -0.03264
0.26610 -0.07622 -0.03110
0.24182 -0.07622 -0.06035
0.28037 -0.07622 -0.07444
0.27881 -0.07622 0.00511
0.27907 -0.07622 -0.00818
0.25662 -0.07622 -0.01077
0.26260 -0.07622 -0.02098
0.25669 -0.07622 -0.02024
0.27991 -0.07622 0.05306
0.28137 -0.07622 -0.03295
0.26584 -0.07622 -0.04248
0.27750 -0.07622 0.02532
0.27639 -0.07622 0.01925
0.24286 -0.07622 -0.05412
-0.03188 0.05969 0.15354
-0.03665 0.08318 0.14702
-0.04332 0.06036 0.15348
-0.02350 0.09455 0.14368
-0.05513 0.12907 0.13438
-0.03421 0.07061 0.15051
-0.06202 0.12696 0.13505
-0.01484 0.09257 0.14413
-0.04478 0.12099 0.13652
-0.01688 0.05728 0.15404
0.01094 0.06320 0.15206
-0.05174 0.11281 0.13890
-0.05415 0.06505 0.15230
-0.01899 0.07459 0.14922
-0.03684 0.11162 0.13906
-0.34930 -0.05682 0.10864
-0.35223 -0.06385 0.09347
-0.35240 -0.06426 0.13584
0.02807 0.04467 0.16320
0.05431 0.04512 0.16186
0.07873 0.04521 0.16094
-0.08090 0.16786 0.02140
-0.34520 0.01124 -0.13384
0.23843 -0.16536 0.15266
-0.18527 -0.08325 -0.17340
-0.28850 -0.03503 -0.15832
-0.25668 -0.02015 0.10801
-0.25790 -0.02015 0.12940
-0.25313 -0.02015 0.15813
0.15871 0.06283 0.03067
0.15362 0.06767 0.03625
0.15642 0.06383 0.04018
0.14389 0.07831 0.03882
0.05337 0.14754 0.12129
0.09575 0.11634 0.11482
0.10350 0.10580 0.11941
-0.28087 -0.13003 -0.15118
0.30788 0.04184 0.06029
0.23064 0.04685 0.06578
0.29564 0.04268 0.05338
0.28384 0.04337 0.06617
-0.31859 -0.02492 0.14519
-0.30605 0.12258 0.11309
-0.31938 0.08819 0.12239
-0.32394 0.09190 0.11601
-0.34205 0.06264 0.11785
0.21043 -0.09038 0.18035
-0.17762 0.15948 -0.10186
-0.21050 0.15900 -0.10056
-0.18305 -0.02475 -0.17751
-0.19814 -0.02432 -0.17654
-0.13330 -0.02470 -0.18071
0.27330 -0.02212 0.10151
0.27144 -0.02187 0.13453
0.28064 -0.02314 0.12866
0.26299 -0.04740 -0.18178
-0.25342 0.15483 0.10622
-0.21256 -0.04721 0.10762
-0.07169 -0.08067 -0.17978
0.26436 -0.05853 -0.14680
0.16407 -0.10417 0.17615
0.21271 -0.01465 -0.18105
0.23257 -0.16043 0.17994
0.39254 -0.11396 0.11995
0.25780 -0.08105 -0.14827
-0.10791 0.14839 -0.12809
-0.28835 -0.09278 0.13467
-0.28722 -0.08596 0.13467
-0.41083 -0.05056 -0.09246
0.15995 -0.00450 -0.17960
-0.42416 -0.07149 -0.04362
0.34118 -0.06699 -0.17410
0.34681 -0.06945 -0.17132
-0.32409 -0.02769 0.10126
-0.37483 -0.10631 -0.13792
-0.36505 -0.10631 -0.09980
-0.37301 -0.10631 -0.12093
-0.31070 0.14467 -0.05826
-0.06968 0.04825 0.16353
-0.08420 0.04518 0.16531
0.39427 -0.02870 0.11181
-0.09012 -0.06803 -0.18202
-0.08134 -0.07186 -0.18136
0.41308 -0.05324 -0.02579
0.41264 -0.05577 -0.01842
0.27095 -0.12759 -0.14827
0.22319 -0.09367 0.16678
0.22077 -0.01268 0.18066
0.22785 -0.00329 0.17856
0.18471 0.00674 0.17702
0.21106 -0.00204 0.17852
0.25374 -0.01402 0.18048
-0.21173 -0.12171 -0.16382
-0.10862 0.16600 0.05612
-0.15811 0.16506 0.05982
-0.19572 0.16472 0.05645
-0.16310 0.16531 0.05443
-0.08490 0.00351 -0.17986
-0.40274 -0.10631 -0.00521
-0.36579 -0.10631 -0.00090
-0.41058 -0.10631 -0.02648
-0.40722 -0.10631 0.00208
-0.38859 -0.10631 0.01094
-0.39745 -0.10631 -0.02319
-0.41091 -0.10631 -0.00762
-0.39301 -0.10631 0.02042
-0.39037 -0.10631 0.00365
0.23333 -0.05005 0.18188
0.17385 0.04953 -0.07790
0.19342 0.04883 -0.10125
0.18873 0.04900 -0.09637
0.16445 0.04981 -0.08854
-0.27853 -0.08779 0.13467
-0.21141 -0.08017 -0.13799
0.04563 0.15606 -0.05669
0.04081 0.15839 -0.03716
0.28070 0.04371 -0.03893
0.21975 0.04769 -0.02455
0.26152 0.04496 -0.03700
0.22611 0.04728 -0.02555
0.25546 0.04536 -0.03520
0.33211 0.03689 0.13939
-0.35013 -0.02692 0.12082
0.32313 -0.04816 0.11599
0.32372 -0.04893 0.16293
0.32626 -0.05210 0.15480
0.32044 -0.04480 0.10866
-0.20651 -0.05725 0.09972
0.21200 -0.14973 -0.17826
0.40774 -0.02808 0.06127
0.40978 -0.08428 -0.12338
-0.25714 -0.10602 0.13467
0.34451 -0.00498 -0.16896
0.34068 -0.01014 -0.17141
0.32885 -0.00581 -0.17462
0.10442 0.06174 0.16769
-0.33257 -0.03475 0.11522
-0.33096 -0.03330 0.10218
-0.28521 -0.10747 -0.13092
-0.27406 -0.05641 0.13153
0.38497 -0.12093 -0.07446
0.39084 -0.11922 -0.05727
0.33740 0.03287 -0.15099
0.21434 -0.13611 0.18189
0.05812 0.15410 -0.03959
0.14428 -0.09089 -0.18244
0.24425 -0.10566 -0.14827
