0.28445 -0.07716 0.13910
0.15068 0.07635 0.17734
-0.16839 -0.01530 -0.08960
0.01037 0.13161 -0.10828
0.22892 -0.11771 -0.15171
-0.26851 0.07172 0.02413
-0.24856 0.07172 0.00592
-0.29957 0.07172 0.05242
-0.28667 0.07172 0.04040
-0.31099 0.07172 0.05792
0.12503 0.11978 0.07511
-0.16111 0.01414 0.02649
-0.13790 0.05040 0.14262
-0.29305 -0.01975 0.14920
0.22718 0.05453 0.00146
0.15624 0.05226 0.15706
0.05660 0.03418 -0.14589
-0.39415 0.02354 -0.11219
-0.22156 0.06624 -0.13497
0.25196 0.00070 0.14632
0.26970 -0.10940 -0.15533
0.23575 -0.05381 -0.12322
-0.21274 0.04497 0.14517
-0.27772 -0.12352 0.13220
-0.14429 0.05734 0.10703
-0.22656 -0.05804 -0.12440
0.26287 -0.12120 0.11162
-0.39469 -0.01594 0.07462
-0.00086 0.08519 0.12143
0.09612 0.12767 0.03210
0.09177 0.12748 0.06629
0.21277 -0.06964 -0.14049
0.32642 0.04822 -0.02241
0.15570 -0.08901 0.12640
0.09308 0.04891 -0.14005
-0.12349 0.11706 -0.11011
0.31843 -0.13047 -0.13996
0.26156 0.05212 -0.07013
-0.15289 0.08140 -0.07726
-0.41162 0.05323 -0.01912
0.37816 0.00003 0.13222
0.17066 0.05507 0.12526
-0.40104 -0.01147 -0.02160
-0.42147 -0.02571 -0.06139
-0.39928 -0.01605 -0.11436
-0.12553 -0.06328 0.09276
-0.14548 -0.06272 0.02108
-0.13947 -0.06289 0.04753
-0.14941 -0.06263 0.03603
-0.15875 0.13499 0.09346
0.18904 0.04510 0.14429
0.18551 0.00562 -0.14607
0.18435 0.03327 -0.14311
0.08824 0.11942 0.11164
0.00554 -0.05520 -0.10637
-0.15094 -0.07892 -0.12851
-0.28622 0.05675 0.10372
-0.25538 0.02115 0.10633
-0.20565 0.01738 0.10476
-0.17495 -0.00979 0.10647
-0.16748 -0.00140 0.10527
-0.22604 0.04902 0.10216
-0.23663 0.01522 0.10622
-0.33795 0.05539 0.10592
-0.19635 0.04668 0.10123
-0.30397 0.06053 0.10402
-0.26997 0.04839 0.10397
-0.29475 0.04089 0.10577
-0.31497 0.04379 0.10626
-0.15950 -0.08318 -0.11632
-0.19167 -0.09357 -0.15245
-0.20676 -0.03119 -0.13784
0.25009 -0.05962 -0.15157
-0.28269 0.06805 0.13430
0.25820 -0.02447 0.14798
0.02793 -0.06188 -0.11996
0.39884 0.02492 0.07197
0.40057 -0.08984 0.12267
-0.13217 -0.06089 0.14046
0.30783 -0.06873 -0.14954
-0.14655 0.01809 0.10840
0.14710 0.09220 -0.11927
-0.08706 0.12480 0.10520
-0.23029 0.08296 0.11283
0.01818 -0.08745 -0.13064
0.03886 -0.08805 -0.13046
-0.15997 -0.00953 0.07732
0.22251 -0.05328 -0.10659
0.22812 -0.04551 -0.10659
-0.03622 0.12355 -0.08761
-0.15982 -0.05261 0.00067
-0.15963 -0.05944 0.04730
0.41996 -0.06183 0.07589
0.30532 0.00749 -0.15655
-0.25414 0.00335 -0.11791
-0.00006 -0.00767 -0.13547
-0.11863 0.09977 0.12241
0.34878 -0.04144 -0.11417
0.32018 -0.02114 -0.11832
0.13477 -0.06800 0.12320
0.18202 -0.06761 0.11680
0.16330 -0.06721 0.11085
0.13091 -0.06732 0.11286
0.15751 -0.06736 0.11325
0.16056 -0.06827 0.12707
0.42062 -0.04481 0.11095
-0.03183 -0.06749 -0.09858
0.02516 -0.06749 -0.10847
0.07140 -0.06638 -0.04169
0.09164 -0.06649 -0.05265
0.15580 -0.06647 -0.06366
0.10338 -0.06692 -0.08420
0.01479 -0.06702 -0.07512
-0.01261 -0.06764 -0.11218
0.02591 -0.06698 -0.07456
0.12536 -0.06633 -0.04833
-0.01991 -0.06747 -0.09925
0.13128 -0.06650 -0.06089
0.02120 -0.06711 -0.08222
-0.06714 -0.06754 -0.09504
-0.02023 -0.06721 -0.08117
0.00979 -0.06733 -0.09502
-0.03396 -0.06735 -0.08866
-0.05735 -0.06781 -0.11578
0.12601 -0.06686 -0.08455
-0.07896 -0.06788 -0.11651
0.01243 -0.06755 -0.11062
-0.01784 -0.06776 -0.11962
0.11460 -0.06646 -0.05541
0.11036 -0.06683 -0.07957
-0.00323 -0.06724 -0.08635
-0.03149 -0.06766 -0.10977
-0.27304 -0.05197 -0.15357
-0.33211 0.07172 0.06464
-0.33258 0.07172 0.07101
-0.32271 0.07172 0.01268
-0.33026 0.07172 0.09380
-0.34262 0.07172 0.08990
-0.16220 0.06064 -0.06085
-0.16203 0.04994 -0.07507
0.41860 0.01689 -0.01709
-0.28032 -0.07652 -0.13822
0.28373 -0.01305 0.11074
0.40230 0.03380 -0.09326
-0.13340 0.03997 -0.13581
-0.03854 0.12788 -0.08475
0.27896 -0.06627 0.14654
0.17096 -0.00881 0.12494
0.17334 0.02334 -0.12402
-0.14119 0.12567 0.03797
0.21734 0.05923 0.02704
-0.41175 0.01377 0.11814
-0.41167 0.01399 0.07645
0.14537 0.01322 -0.14753
-0.22060 -0.04132 -0.14563
0.27287 -0.10508 0.14789
-0.11857 0.12344 -0.11303
-0.42049 -0.03934 -0.04846
-0.24846 -0.09252 -0.14071
-0.15242 0.07295 -0.03513
0.28841 -0.00703 0.13773
-0.05042 -0.08617 -0.12738
-0.09864 -0.08071 -0.12819
0.17710 -0.04106 -0.12429
0.16961 0.08756 -0.10352
0.39561 -0.00518 -0.10710
0.22536 -0.07094 -0.15810
-0.39928 -0.01258 0.03464
-0.16648 -0.08520 0.15255
0.01755 0.13563 -0.05955
0.26503 -0.10618 -0.14955
-0.24259 -0.05222 -0.11990
-0.28504 -0.05929 -0.11375
0.39618 0.02972 0.06575
0.39292 -0.02121 -0.14668
-0.39995 0.01849 -0.11670
-0.36445 -0.00922 0.10654
-0.27165 -0.01047 0.10654
0.32837 -0.12235 0.12005
-0.16122 0.01839 0.08126
-0.16126 0.01566 0.06538
-0.15964 0.07348 -0.01073
0.16776 0.06935 -0.12350
0.41154 0.02492 -0.05008
-0.12255 0.09608 -0.11867
0.03720 -0.03643 0.14605
0.21586 0.01809 0.14765
0.03859 0.14079 -0.04314
-0.12193 0.04773 -0.10655
0.38966 -0.00714 -0.11959
0.21864 0.05387 -0.06046
-0.22337 -0.10305 -0.15533
0.32239 -0.00305 0.14282
0.29030 -0.00756 0.14868
0.06994 0.12741 0.07490
0.12155 0.12465 0.01642
0.10653 -0.06338 0.09589
0.08858 -0.06332 0.08077
0.08848 -0.06324 0.06295
0.11182 -0.06334 0.08782
0.12542 -0.06339 0.10108
0.10738 -0.06325 0.06760
0.11015 -0.06314 0.04469
0.35126 -0.08827 0.12531
-0.21435 -0.06110 0.13494
0.39961 -0.00875 -0.11690
-0.30142 0.01286 0.14749
-0.43691 -0.03638 0.11648
0.09335 0.03877 0.14542
0.07758 0.02915 0.14637
-0.43796 -0.05947 -0.02952
-0.41205 0.03009 0.06751
-0.41205 0.02782 0.11933
-0.13206 -0.02844 0.12243
0.25157 -0.12029 -0.11375
-0.08447 0.13133 -0.10911
0.33248 -0.05248 0.11068
-0.17641 -0.06560 -0.13712
-0.16456 -0.06736 -0.11937
0.19727 -0.02046 0.01060
-0.15987 -0.00359 -0.06288
-0.20293 0.05566 0.14031
0.00729 0.09256 -0.12543
0.03839 -0.06531 0.13786
-0.02526 0.13705 -0.09149
0.01605 0.02643 -0.13737
-0.30402 0.02667 0.14696
-0.19641 0.00981 -0.15564
-0.40167 0.06008 -0.04607
-0.18156 -0.06858 -0.13782
-0.39842 0.05277 -0.11495
0.15982 -0.06074 0.05999
-0.40786 0.07187 -0.05261
-0.41482 -0.03980 0.03309
0.01397 0.10461 0.12096
-0.22226 -0.13924 -0.11705
0.17284 -0.05381 0.05529
0.19181 -0.03865 0.10364
-0.00105 -0.07197 0.12846
0.04833 -0.07823 0.12754
-0.01433 -0.08155 0.12778
-0.01889 -0.07893 0.12803
-0.04730 -0.07665 0.12845
-0.08298 -0.07664 0.12875
0.37842 0.00539 -0.14127
-0.38479 -0.03987 0.12050
-0.15955 0.01581 0.14790
0.31148 -0.05765 0.10576
0.28094 -0.05070 0.10576
0.27439 -0.05533 0.10576
-0.21426 -0.04777 -0.15083
-0.36218 0.01536 -0.14476
-0.28405 -0.00768 -0.15472
-0.17038 -0.10386 -0.14530
0.43053 -0.04126 0.07907
0.01677 -0.02405 0.14725
0.14166 0.05488 -0.17028
-0.16608 0.11410 -0.10046
-0.01052 0.13108 0.10526
0.20580 0.04778 -0.12283
0.19417 0.04556 -0.11848
0.26697 0.00178 -0.15337
0.25720 0.05418 -0.07971
0.42404 -0.02421 0.02599
-0.39664 -0.00347 -0.11862
0.37748 -0.05541 -0.15266
-0.26609 -0.01683 0.11655
0.39104 0.00570 -0.09778
-0.24743 -0.05202 -0.12576
0.32671 -0.04513 0.14314
0.18754 -0.02067 0.12996
0.10273 0.11478 -0.10455
0.12726 0.00356 -0.14768
-0.20128 0.06823 0.09840
0.06111 -0.04519 -0.14457
-0.37071 -0.04105 -0.14705
-0.32616 -0.04690 -0.14769
0.32887 0.04524 -0.12142
-0.24576 0.06418 0.13585
0.33807 0.00755 0.15177
-0.32123 -0.04569 -0.13298
-0.38097 -0.05094 -0.13024
-0.37628 -0.04516 -0.13058
-0.17148 -0.01925 0.10896
-0.15319 0.06222 0.13872
-0.19598 -0.03908 -0.12965
0.05016 0.13778 0.07280
0.33064 0.02802 -0.13428
0.15829 0.08060 0.12429
-0.23416 -0.05839 0.15227
-0.39863 -0.04806 -0.13721
-0.12324 0.06208 -0.12889
-0.43861 -0.05911 -0.00207
0.26143 -0.13931 0.14632
0.33281 -0.05815 0.13249
0.38919 -0.08125 0.11450
0.23378 0.05465 -0.11322
-0.06920 0.13152 0.08644
0.30144 -0.11976 -0.14738
0.19038 -0.06335 -0.13452
0.23076 -0.07156 0.13608
-0.40104 0.02180 0.01642
-0.15351 0.13149 -0.07722
0.22580 0.05430 -0.00693
-0.26745 -0.10862 0.13619
-0.02418 -0.06387 -0.11825
0.35955 0.00302 -0.09649
0.35894 -0.01779 -0.10661
-0.17960 -0.05442 -0.15335
-0.05865 0.08868 0.12551
-0.11005 0.09467 0.12382
-0.10134 0.09006 0.12544
-0.32926 0.07172 -0.00590
-0.38393 0.07172 -0.04721
-0.38883 0.07172 -0.04071
-0.38481 0.07172 -0.00904
-0.36836 0.07172 -0.01495
-0.39133 0.07172 -0.05928
-0.21780 -0.02035 0.11276
-0.23748 -0.02584 -0.14050
0.30735 0.00007 -0.14046
-0.41425 -0.01895 -0.05362
0.22688 -0.08805 -0.11955
0.37288 0.00424 -0.14569
0.01277 0.00443 -0.14766
-0.12419 0.03962 -0.09804
-0.12940 -0.01191 -0.12315
0.19346 -0.03672 0.09692
0.18503 -0.04195 0.04569
0.19465 -0.03463 0.08173
0.11817 0.12309 -0.02211
-0.12915 0.07023 0.12635
-0.24675 -0.07776 0.13494
0.01321 0.06045 0.13585
0.28517 -0.12968 -0.15601
-0.14291 0.12736 -0.02102
0.30326 -0.12495 -0.14435
-0.16699 0.09551 0.11992
0.39347 0.03567 0.09972
-0.08522 -0.06267 -0.11666
0.26050 -0.06312 -0.12235
0.29115 -0.02493 0.11068
0.21881 -0.01605 0.13237
0.32512 0.03529 0.13357
-0.11964 -0.07531 0.13451
-0.23875 -0.10602 0.14799
-0.15119 0.06578 -0.13709
0.34040 -0.10542 -0.14485
-0.32341 0.03837 -0.14530
0.05968 -0.08465 -0.12696
0.16147 -0.07418 -0.12701
0.19607 -0.06966 -0.12703
0.41430 -0.01740 0.09725
-0.41205 -0.01394 0.11382
-0.42853 -0.03531 -0.05513
-0.30628 0.06822 -0.09787
-0.13001 -0.02414 -0.11840
0.33013 -0.07212 -0.15612
0.00021 -0.05027 0.14358
0.00490 -0.04458 0.14469
0.42265 -0.09382 -0.03459
0.08526 0.12612 0.00386
0.22758 -0.05918 -0.14909
-0.39914 0.07022 0.03888
-0.33133 0.07275 0.12940
0.01337 0.13109 -0.04704
0.17592 0.07210 0.12992
0.11448 0.12408 -0.08588
0.42335 -0.08385 -0.05924
-0.22173 -0.12907 0.15120
0.00375 0.09625 0.09699
0.18662 0.07595 0.10146
-0.24162 0.07550 -0.11648
0.41367 -0.02849 0.12752
0.37764 0.02477 -0.13310
-0.15115 0.07294 0.05711
-0.40998 -0.01112 0.04863
-0.27990 -0.05011 -0.14878
0.35074 -0.08432 -0.13781
0.02305 0.12783 -0.10377
-0.30575 0.07172 0.09462
-0.30451 0.07172 0.07812
-0.26598 0.07172 0.06874
-0.24790 0.07172 0.03391
-0.26035 0.07172 0.05689
-0.29202 -0.10334 -0.12893
0.24926 -0.01747 0.10563
0.32117 -0.00505 0.10555
-0.24727 -0.00878 0.15025
0.35634 -0.06726 -0.09029
0.28811 -0.06446 -0.09628
0.30254 -0.06380 -0.09728
-0.22134 0.06823 -0.09786
0.18014 -0.04542 -0.12992
0.01534 0.12037 -0.11418
-0.29144 -0.10196 0.14936
-0.12909 0.10347 0.09831
0.00988 -0.00791 -0.14775
0.39169 0.03930 -0.08397
0.20737 -0.08527 0.10825
-0.09498 0.06538 -0.13320
-0.17672 0.01509 -0.15247
-0.27358 -0.10443 0.15504
-0.37834 0.07143 0.09754
-0.18724 0.04236 0.14545
0.34984 -0.04813 0.15356
0.19202 0.00103 -0.12995
-0.19573 0.00133 -0.12173
0.38536 -0.05335 0.14985
0.03741 0.11244 0.11728
-0.16919 0.12816 0.09440
0.16865 0.05999 0.11360
-0.11257 0.12114 0.10599
-0.27800 -0.09695 -0.15810
0.22960 -0.08886 -0.15810
0.23551 0.03294 -0.13544
0.33355 0.04821 -0.08832
-0.39914 0.07082 -0.09586
0.34958 -0.05028 -0.12511
0.04056 0.12683 0.08880
0.36477 0.00316 -0.14755
0.09690 0.12723 -0.04054
0.39079 0.02972 0.07008
0.43661 -0.03593 -0.02385
-0.22431 -0.01820 0.11083
0.20316 -0.03248 -0.15057
0.22996 0.04355 0.14357
0.01647 -0.03992 -0.14559
0.35850 0.02319 -0.13484
-0.18249 0.04459 -0.09688
-0.20043 0.09164 0.10524
-0.06794 0.00560 0.14764
-0.12002 0.13590 0.10543
-0.16936 -0.02152 -0.11734
-0.39066 -0.05451 0.12953
0.33592 -0.00519 -0.10157
-0.40051 0.00987 0.12847
0.39121 -0.10455 -0.12013
-0.16545 0.01124 -0.15140
0.22404 -0.05638 -0.09072
0.09596 0.13470 0.04179
0.11044 0.12895 0.04581
-0.16239 0.07131 0.04560
-0.19890 -0.12132 -0.15602
-0.08394 0.14067 0.07016
0.00102 -0.05734 -0.13497
-0.34361 0.05612 0.09398
-0.14045 0.13939 0.07370
-0.07141 0.13221 -0.10303
0.03775 0.02897 -0.14353
-0.08679 0.13238 0.10295
0.02803 0.01708 -0.14747
-0.30088 -0.07430 -0.12427
0.42854 -0.03237 -0.03307
-0.12895 0.07153 -0.11880
0.30941 -0.01323 -0.13889
-0.20769 -0.02500 0.12812
0.24042 -0.12844 -0.14944
0.21094 -0.04340 -0.13526
0.12226 -0.07364 0.13457
0.11959 0.11561 -0.10393
-0.16605 -0.08413 -0.15550
0.42335 -0.00239 -0.01900
-0.15775 0.01749 -0.04557
-0.40873 -0.00254 0.13437
0.06490 0.05486 -0.13629
0.06273 0.06862 -0.13236
0.05356 0.05483 -0.13618
0.43694 -0.05128 0.00383
-0.41106 0.00281 -0.07089
-0.41034 -0.00437 -0.00945
0.42500 -0.02526 -0.02414
0.17870 0.01815 0.14744
0.39146 -0.02073 0.14571
-0.01182 0.12877 -0.02869
0.22041 0.05578 0.05475
0.35005 -0.05137 0.13525
0.03656 -0.00591 0.14779
0.02785 0.12078 -0.09679
0.07781 0.13236 0.00608
-0.09501 0.13881 0.09822
-0.00964 -0.04374 -0.14485
0.00581 -0.04727 -0.14416
-0.14585 -0.08925 0.13023
-0.10350 -0.05181 0.14328
-0.40104 0.02751 0.04581
0.22184 0.02293 -0.13047
-0.28844 0.02971 -0.14663
0.35050 -0.05927 -0.14372
0.14105 -0.03260 -0.14642
0.42471 -0.06779 -0.08418
-0.24665 -0.03098 0.10878
-0.27244 -0.02649 0.10886
-0.13784 -0.00277 -0.14233
0.18452 -0.00149 -0.11237
0.19209 -0.00891 -0.11222
0.02281 -0.05215 -0.14092
0.28081 -0.14185 -0.12166
-0.02294 0.12832 0.03386
-0.01710 0.12853 0.03880
0.03565 0.13354 -0.07283
-0.14832 -0.02722 0.14859
0.28901 -0.08341 0.13494
-0.31212 -0.04769 -0.13345
-0.33187 -0.06422 -0.13251
0.39004 -0.09728 -0.11900
0.16995 -0.02177 -0.12376
-0.16238 -0.04288 0.10949
0.39730 -0.01026 -0.12258
-0.21254 -0.11836 -0.15533
-0.38744 -0.01526 0.01156
0.38843 0.01448 0.09981
-0.13165 0.08126 0.13011
0.39663 -0.01443 -0.09819
-0.30073 0.00911 -0.14752
0.39351 0.04066 -0.01065
-0.15387 0.07764 0.02295
-0.14480 0.10188 0.07774
-0.14943 0.09002 0.07090
-0.28632 -0.07579 0.14436
-0.28271 -0.08368 -0.11375
-0.16126 0.04679 -0.09186
0.00863 0.02312 -0.14606
-0.35828 0.07283 -0.11830
0.41228 -0.09272 0.05286
0.38625 0.03486 0.10705
0.30376 -0.03104 0.11256
-0.26786 0.00107 0.14617
0.22978 -0.00339 0.08986
0.16044 0.05415 0.14133
0.38239 -0.01443 0.14092
-0.24342 -0.03239 0.14974
-0.02544 0.13123 0.10376
-0.41583 -0.04418 -0.01647
0.02419 0.13440 0.10648
0.20064 0.04271 -0.14473
-0.17938 0.00410 -0.15564
0.36053 -0.10343 0.14000
0.40764 -0.08160 0.06892
-0.15316 -0.02599 0.06760
-0.15478 0.00268 0.02298
-0.15379 -0.00759 0.05793
-0.15452 0.00868 0.04187
-0.15350 0.00785 0.08803
-0.27271 0.01425 -0.15413
-0.02334 -0.06609 -0.12355
-0.06796 -0.01291 0.14764
0.40559 -0.09671 0.07108
-0.13911 0.14105 -0.03700
0.35996 0.04428 0.01967
0.35311 0.04519 0.02484
-0.21430 -0.09350 -0.14147
0.42558 -0.08830 0.01747
-0.18827 0.07172 -0.00291
-0.19633 0.07172 -0.00118
-0.21418 0.07172 -0.04151
-0.19736 0.07172 -0.03312
-0.22546 0.07172 -0.00950
0.42921 -0.04551 -0.08516
-0.13917 -0.01922 -0.14752
-0.20406 -0.11976 0.15504
0.06260 -0.01814 0.14754
-0.13212 0.03420 -0.13348
-0.40104 0.00271 0.04402
0.40093 -0.09445 0.09049
-0.16237 0.06792 -0.02302
-0.13555 0.14176 0.03760
0.33020 -0.07725 -0.11375
-0.12058 0.11227 -0.11625
-0.35284 0.07186 0.10048
-0.40997 -0.00478 -0.13007
0.19294 -0.06299 -0.14071
-0.21842 -0.05750 0.12158
-0.40672 0.05891 0.00955
-0.18565 0.02101 -0.15100
-0.40104 0.00506 -0.04214
-0.07902 -0.07308 0.13556
0.02898 0.14178 -0.01483
0.08509 0.13173 -0.10603
-0.13004 0.04549 0.13193
0.16170 0.09656 0.05294
0.15681 0.10112 0.00649
-0.13440 -0.07253 -0.13075
-0.28237 -0.05336 -0.15810
-0.39658 -0.02530 0.08034
-0.39669 -0.03023 0.08626
0.07781 0.12950 -0.05993
0.26116 -0.04130 0.15073
0.11741 0.12556 -0.05449
-0.41196 0.02031 -0.06784
-0.16189 0.11313 -0.09301
0.40514 -0.05624 0.13789
0.27497 -0.07200 0.14048
0.03188 0.13637 0.09200
-0.24115 0.08426 -0.12098
-0.09067 -0.07525 -0.13454
-0.32104 0.07136 -0.04265
-0.24866 -0.07370 0.13840
-0.15026 0.04621 0.10303
0.05614 0.02689 -0.14564
-0.06000 0.13000 -0.04824
-0.25564 0.07027 -0.09925
-0.18454 -0.00254 -0.13572
-0.16273 -0.03992 -0.14564
0.20157 0.00580 0.10242
0.19896 -0.01011 0.10905
-0.21156 -0.01297 0.11209
-0.23493 0.07172 0.01789
-0.22748 0.07172 0.04555
-0.23154 0.07172 0.05322
-0.23595 0.07172 0.03212
-0.16170 0.04232 0.00359
0.28666 0.05098 0.00276
0.29324 0.05048 0.02411
-0.14824 -0.04135 0.10744
0.17806 0.04247 0.11370
0.18509 -0.07576 0.13429
-0.42737 -0.02571 -0.11585
-0.31268 -0.07752 0.13397
-0.32709 -0.06247 0.13281
-0.31457 -0.05486 0.13345
-0.00786 0.10888 -0.11751
-0.09216 0.11220 -0.11618
-0.08370 0.10666 -0.11824
0.25569 -0.13036 0.11091
-0.13139 -0.03501 -0.13193
-0.09494 -0.08233 0.13227
-0.12094 -0.08838 0.13037
0.32136 -0.02943 0.11068
0.14969 0.05831 0.13156
-0.40104 -0.01097 0.07013
-0.40104 0.01146 0.07099
-0.17786 -0.01029 -0.11063
-0.10954 0.11971 0.09720
-0.23879 -0.02042 0.13705
0.40186 -0.01494 -0.11816
-0.16330 -0.07301 -0.15148
-0.20554 0.00902 -0.15564
0.23500 0.04298 -0.14458
0.29771 -0.12130 -0.12289
0.02175 -0.07514 -0.12991
-0.41603 -0.04049 0.01328
-0.04658 -0.05159 -0.14332
-0.01641 -0.04451 -0.14470
0.27757 0.04411 0.13415
0.20475 0.06518 -0.08118
-0.20619 -0.07845 -0.14147
0.27298 0.04759 0.14187
0.33554 0.01348 0.14949
0.31071 -0.00043 0.13463
-0.16161 -0.04899 -0.10413
-0.16125 -0.04343 -0.02688
-0.21620 -0.09136 0.13702
0.19903 0.07100 0.00089
0.18119 0.08352 0.01390
0.01139 -0.01687 0.14551
0.18307 0.07810 -0.10516
0.01415 0.13260 -0.01453
-0.26366 -0.12059 0.15504
-0.29534 -0.09515 0.12695
0.40194 -0.00034 0.12647
0.32858 -0.10176 0.13161
-0.11588 -0.06263 0.11492
-0.39942 0.07209 -0.00577
-0.17999 0.02201 0.14995
0.33470 -0.08744 0.15504
-0.13269 -0.03946 0.14490
-0.01550 -0.06199 0.00197
-0.01042 -0.06211 0.01569
-0.07269 -0.06256 0.03291
-0.06231 -0.06227 0.00898
-0.08710 -0.06298 0.06642
-0.06604 -0.06280 0.05883
-0.09299 -0.06251 0.01931
-0.10686 -0.06324 0.08378
-0.13152 -0.06286 0.03726
-0.08891 -0.06265 0.03500
-0.11970 -0.06267 0.02361
-0.09367 -0.06265 0.03260
-0.09104 -0.06313 0.07998
-0.11725 0.02868 -0.14897
-0.18016 -0.07238 0.11068
-0.22596 -0.00624 0.12891
-0.31840 0.07298 0.12995
-0.30015 -0.00701 0.15395
-0.00021 -0.08537 0.13132
-0.02293 -0.08315 0.13201
-0.34491 -0.01273 -0.14597
0.41439 -0.08385 0.05870
-0.06348 0.13451 -0.01591
0.04407 -0.06065 -0.14138
0.00673 0.12523 -0.10590
0.08144 0.13720 0.05854
-0.28040 -0.05361 0.15504
-0.13780 0.11883 -0.01725
-0.14384 0.10337 -0.03208
-0.14429 0.10226 -0.03862
0.42371 0.00472 -0.02432
-0.14512 0.13799 0.08244
0.06481 0.12508 0.10233
-0.16778 -0.05597 0.11345
0.41145 0.02492 0.05241
0.40703 0.00052 -0.10031
0.24813 -0.01693 -0.11629
0.33009 0.01050 0.15267
-0.13602 0.12049 -0.04024
-0.27638 -0.09067 -0.15533
0.11739 0.12340 -0.04947
0.05372 0.13951 0.06939
0.29818 -0.12801 0.11068
-0.22859 -0.02526 0.15311
0.18959 -0.05628 0.12997
-0.14576 -0.05432 -0.10820
0.10720 0.12863 -0.07601
0.12137 -0.07115 -0.13551
-0.20878 -0.01016 0.12002
-0.38223 -0.06656 0.13709
-0.26561 0.00020 -0.11134
-0.01707 0.13296 -0.10458
0.18430 -0.03852 -0.13201
0.16530 -0.06632 0.03364
0.14608 -0.06619 0.02764
0.18809 -0.06653 0.04912
0.20028 -0.06672 0.07023
0.18450 -0.06640 0.03174
0.16842 -0.02606 0.11406
-0.03778 0.14185 0.00942
-0.02120 0.14152 0.02022
-0.08166 0.14220 0.01176
-0.03176 0.14117 0.04706
0.21621 0.05688 0.11101
0.26250 -0.02893 0.10538
-0.19527 -0.03297 0.13578
0.18551 0.00191 0.14023
-0.01178 -0.06234 -0.13193
0.25971 0.05233 -0.03358
0.25534 0.05260 -0.00237
0.30440 -0.08120 -0.15533
0.25674 -0.01088 0.12826
-0.40712 0.06409 0.10845
0.09831 -0.07265 -0.13576
0.08326 0.12611 0.07822
-0.31268 -0.03978 -0.12788
-0.36464 -0.03978 -0.13005
-0.12757 0.06060 0.10460
0.24052 0.01529 -0.13543
0.25566 0.03100 -0.13530
0.34836 -0.01338 0.12671
0.23953 0.05426 0.11891
-0.13267 0.03848 -0.12772
-0.12724 0.05417 -0.14236
-0.29812 0.07396 -0.12243
-0.08251 0.06649 0.13278
0.07696 0.13539 0.08416
-0.05689 0.12752 -0.00880
-0.15976 -0.00041 -0.04653
0.24982 -0.02888 0.14175
-0.39928 -0.01816 0.07363
-0.14961 0.13142 -0.06831
-0.05192 -0.08483 0.12761
-0.09135 -0.08040 0.12826
-0.12361 -0.07273 0.12940
-0.40419 0.05251 -0.12180
0.43612 -0.03955 -0.03569
-0.24280 0.05591 -0.10123
-0.31882 0.07372 -0.12342
0.35037 -0.07654 -0.13702
0.23111 -0.06511 0.09758
0.30197 -0.06072 0.10339
0.38065 -0.10331 -0.13750
-0.24564 -0.08541 -0.14563
-0.05904 0.01735 0.14747
-0.27934 -0.10091 -0.12976
-0.43144 -0.05142 0.04308
0.42339 -0.08982 0.05227
0.20314 0.00207 0.14779
-0.41357 -0.01708 -0.05899
-0.12337 0.14232 -0.01068
0.07384 0.12475 0.10394
0.16755 0.03336 -0.12405
-0.11664 0.12793 0.11083
-0.24751 -0.01573 0.09052
-0.37533 -0.01582 0.07184
-0.29491 -0.01576 0.08606
-0.32165 -0.01577 0.08843
-0.41411 -0.02145 -0.01500
0.08989 -0.06567 -0.01087
0.06041 -0.06536 -0.01755
0.04779 -0.06516 -0.00650
-0.00800 -0.06450 -0.00339
0.28531 -0.09335 0.14468
-0.30489 -0.05986 0.13401
-0.12551 0.12277 -0.07573
0.05602 0.04532 0.14389
0.22129 0.05559 -0.13435
-0.41074 -0.02386 -0.02713
-0.41124 -0.02386 0.11096
-0.00310 -0.06533 -0.13919
0.39134 0.02277 0.13478
-0.39138 0.06690 0.11261
-0.10115 0.01660 0.14748
0.09089 0.13265 -0.09082
0.24012 -0.12573 -0.11685
-0.09337 0.02658 0.15061
-0.21212 -0.03954 0.09536
-0.22403 -0.04023 0.07610
-0.21333 -0.03938 0.10083
-0.16416 -0.04060 0.04643
-0.23906 -0.03968 0.09869
-0.21910 -0.03981 0.08860
-0.19554 -0.03947 0.09259
-0.17528 -0.03996 0.07080
-0.26870 -0.04010 0.09368
-0.25609 -0.06187 0.15104
0.09598 -0.06609 -0.12885
-0.39813 0.06932 0.00885
-0.35981 0.06914 0.03478
-0.38548 0.06927 0.01058
-0.38558 0.06922 0.08948
-0.30906 0.06889 0.07488
-0.37725 0.06919 0.06705
-0.36710 0.06916 0.04496
-0.38910 0.06926 0.04841
-0.35251 0.06910 0.05040
-0.21700 0.06848 0.08597
-0.34855 0.06907 0.06318
-0.25806 0.06865 0.09609
-0.39320 0.06926 0.06689
-0.34598 0.06907 0.04267
-0.37507 0.06921 0.03054
-0.35555 0.06909 0.07819
-0.19057 0.06835 0.09617
-0.38468 0.06924 0.03858
-0.23191 0.06854 0.09646
-0.00798 0.12751 0.08880
-0.00611 -0.07576 0.13245
-0.05038 -0.06354 -0.10664
0.04621 0.03001 -0.14318
-0.09371 0.02149 0.14435
0.19596 -0.02846 0.04471
0.20276 0.01312 0.06815
0.19738 -0.01978 0.05643
-0.23305 -0.05826 0.14256
0.12252 0.10381 -0.12185
0.35113 -0.08919 0.13322
-0.30523 -0.05548 -0.13398
0.33597 -0.09018 -0.11497
0.40057 0.03894 0.02928
0.08371 0.13182 0.10622
-0.16110 0.08572 -0.09644
-0.17706 -0.04123 0.15432
0.42071 -0.00655 -0.04014
0.38009 0.04170 0.05449
-0.31676 0.02299 -0.14735
0.42153 -0.05983 -0.10274
0.40664 0.02492 0.07816
0.19765 0.06280 -0.13136
0.42879 -0.06308 -0.02389
0.24873 0.05289 -0.01936
0.26482 0.05205 -0.05414
0.24333 0.05316 -0.02110
-0.08069 0.14210 -0.01668
-0.08723 0.14137 -0.05441
-0.06643 0.14127 -0.05347
-0.08034 0.14156 -0.04333
-0.05787 0.14164 -0.03281
-0.01281 -0.02295 0.14736
0.00914 0.12973 -0.06991
0.16991 0.08185 -0.11611
0.40922 0.02493 -0.08179
0.22942 -0.00360 0.15573
-0.06450 0.00318 -0.14768
0.18923 -0.03318 -0.14561
-0.26934 0.00548 0.15566
0.03555 0.12512 -0.08985
-0.01996 -0.07593 -0.13425
0.13161 0.10090 0.11143
0.13823 0.07389 -0.18002
0.16842 -0.03914 0.11911
0.41515 0.02888 0.03713
-0.16177 -0.04482 0.07934
-0.16078 -0.05462 0.09134
0.14708 0.07780 0.17228
-0.41663 -0.02571 0.11309
0.39803 -0.08001 -0.13708
0.24782 0.05291 0.03917
0.25330 0.05262 0.05028
0.26798 0.05190 0.05107
-0.16437 -0.01562 0.05153
-0.16204 -0.01566 0.08193
-0.41131 -0.01294 -0.09926
-0.17598 -0.00543 -0.15557
0.28597 -0.07437 -0.15026
0.12980 -0.01304 0.14764
-0.05692 0.05402 -0.13181
-0.00306 -0.10087 0.15171
-0.05016 -0.10189 0.15010
0.26346 -0.00912 0.11565
0.05393 -0.05557 0.14255
0.37913 0.00030 0.11965
-0.27314 -0.03945 0.13165
-0.11003 -0.01181 0.10550
0.29274 -0.07296 -0.15459
-0.24149 0.07118 0.07336
-0.24495 -0.14083 -0.14616
-0.01092 0.14122 -0.03271
-0.23026 -0.06985 0.14048
0.01415 0.13347 0.00280
0.38956 0.02913 0.00371
0.11476 -0.07473 0.13478
-0.39928 0.04440 0.10732
-0.18188 0.10760 0.11242
-0.13582 0.06693 -0.13619
-0.29686 -0.03668 0.14838
0.16842 0.04154 0.12149
-0.36245 -0.06937 0.13839
-0.16031 -0.06186 0.12999
0.09291 0.13560 -0.05115
-0.39980 0.00607 -0.03570
0.17402 0.08667 -0.07696
-0.41119 -0.02086 -0.13718
-0.23492 0.08028 -0.12927
0.15561 0.07879 0.11254
0.21270 -0.03440 -0.13391
-0.14115 0.10512 0.12158
-0.41007 0.04618 0.12455
0.07695 0.13097 0.10389
0.38004 0.03083 -0.13824
0.02871 0.11177 0.11748
0.08501 0.09174 0.12536
0.03581 0.08063 0.12863
0.02623 0.08882 0.12559
0.26249 -0.02355 0.08950
0.24288 -0.00015 0.08979
0.26186 -0.00603 0.08954
0.25014 -0.02654 0.08964
0.33482 0.04757 0.04590
-0.16038 0.00477 -0.05661
0.27256 -0.00596 0.10576
-0.40104 -0.01227 -0.05029
0.18483 -0.01329 0.13196
0.23295 0.05467 0.02650
0.29450 0.03063 0.14576
0.20207 0.00890 -0.06737
0.19989 -0.00445 -0.07506
0.19497 -0.03454 -0.09491
0.19648 -0.02527 -0.06242
0.23140 -0.10061 0.14726
0.18267 -0.04885 -0.14185
0.02566 0.14124 0.03465
0.37608 -0.08267 0.14728
-0.16018 0.00673 -0.07952
0.19831 0.06928 -0.08117
0.18679 0.07791 -0.07266
0.23077 -0.10360 -0.11518
0.24455 0.02472 0.14757
0.24668 0.05386 0.12296
-0.41130 0.00616 0.06233
-0.41048 -0.00341 0.03721
-0.18626 -0.09693 -0.12482
0.16830 -0.06299 0.14029
0.18981 0.02553 -0.12994
0.31078 -0.05216 0.08875
0.34680 -0.06645 0.08820
0.26005 -0.04871 0.08946
0.23080 -0.06625 0.08979
0.24993 -0.05821 0.08956
0.25141 -0.06544 0.08951
0.32497 -0.06493 0.08850
0.34036 -0.05726 0.08832
-0.37805 0.00236 -0.14353
-0.22599 0.07034 0.13346
-0.14569 0.08125 0.13092
-0.10934 -0.01701 0.10767
-0.33980 0.06142 -0.09381
-0.36343 0.05796 -0.09381
0.43536 -0.04012 0.04662
0.29908 -0.03259 -0.15478
-0.40325 -0.04561 -0.12193
0.10214 -0.07576 -0.13194
-0.16216 0.03941 0.10084
-0.00101 0.00322 -0.00283
0.40162 0.02404 0.11048
0.12443 -0.00702 0.14777
0.15224 -0.00622 0.14778
-0.14878 0.02478 -0.10723
0.29318 -0.12960 0.15296
-0.32733 0.00442 0.14686
0.34701 -0.03617 -0.10987
-0.18807 -0.09129 0.15211
0.40341 -0.02712 0.14229
0.38709 -0.08300 -0.12207
0.40841 -0.08181 0.00727
-0.13937 0.08597 -0.09217
-0.43712 -0.03751 -0.10962
0.15438 0.02455 -0.14680
0.14112 0.01921 -0.14733
0.41245 -0.10534 0.01946
-0.41180 0.01608 -0.10300
0.02193 0.08097 -0.12891
-0.43862 -0.05663 0.05241
-0.17965 0.06852 0.00366
-0.22913 0.06867 0.01626
-0.18758 0.06840 0.06673
-0.27911 0.06886 0.01169
-0.27233 0.06879 0.03136
-0.26763 0.06872 0.05250
-0.31102 0.06899 0.00973
-0.29679 0.06887 0.03544
-0.31574 0.06898 0.01899
-0.17899 0.06839 0.05730
-0.33116 0.06907 0.00610
-0.20693 0.06860 0.00982
-0.36850 0.06919 0.01064
-0.19777 0.06857 0.00817
-0.33960 0.06906 0.02142
-0.16868 0.06846 0.00966
-0.33667 0.06910 0.00122
-0.34529 0.06912 0.00703
0.38219 0.03314 0.13100
0.20339 0.01694 -0.02974
0.19795 -0.01632 -0.03111
-0.01940 -0.00518 -0.14780
-0.29845 -0.07068 0.13414
0.40813 -0.00688 0.09487
0.19318 0.06433 0.12501
-0.37763 0.06938 0.11365
0.04853 0.02666 0.14973
0.32332 0.04588 0.13489
0.39780 0.02913 -0.02477
-0.39928 0.01588 -0.03161
0.30790 -0.13542 -0.14125
-0.13793 0.11872 0.04267
-0.14570 0.09840 0.01452
-0.14166 0.10896 0.02771
-0.11041 0.14240 -0.00729
-0.39928 0.00727 0.10370
0.30482 -0.11821 0.13338
-0.22924 -0.08311 0.14256
0.00224 0.10268 0.10723
0.14540 0.10848 -0.03896
0.14091 0.11190 -0.02936
0.02586 -0.06837 0.13777
0.01415 0.13810 -0.04448
-0.36770 -0.01522 -0.14708
0.34633 0.04618 0.09027
0.18835 -0.07361 0.12705
0.17531 -0.08144 0.12704
0.19659 -0.07048 0.12706
-0.13517 0.06846 0.13190
-0.15284 0.12585 -0.11088
0.23917 -0.02741 -0.09060
0.29617 -0.00740 -0.08995
0.24864 -0.01533 -0.09051
0.24199 -0.04832 -0.09052
0.24731 0.00048 -0.09056
-0.11337 -0.06202 0.13193
-0.07981 0.14108 0.06680
-0.06884 0.14100 0.06731
-0.05145 0.14111 0.05694
-0.06874 0.14123 0.05621
-0.07289 0.14181 0.02862
-0.03965 -0.06267 -0.11712
0.25984 -0.11980 -0.12138
0.26242 -0.06346 0.13702
-0.11055 0.13231 -0.06950
-0.35824 0.00252 -0.14478
0.28710 -0.02025 -0.15309
0.25407 -0.02584 -0.11375
-0.19500 -0.01842 -0.10890
-0.27285 -0.02099 -0.10890
0.34019 0.04312 0.12450
0.10574 0.12248 -0.11002
0.10447 0.12226 -0.00271
-0.22501 0.03300 0.14692
-0.18857 -0.12641 -0.12374
-0.41254 0.03776 0.00874
0.41391 -0.03989 -0.12939
0.12851 -0.06609 -0.12169
0.41043 -0.06007 -0.12666
-0.41205 0.02917 -0.02874
-0.40431 -0.02386 -0.04038
-0.40252 -0.02386 -0.03253
-0.33851 0.06500 0.13313
0.42001 -0.09402 0.03588
-0.13212 0.00489 -0.13972
-0.13892 0.14158 0.01353
0.25933 0.01527 -0.15458
-0.31772 0.02481 0.14718
0.18548 0.06000 0.13178
0.15254 0.09686 -0.11639
0.05760 0.12764 0.08498
0.23646 0.02139 0.14945
0.19250 0.05702 0.13009
-0.12137 0.12746 -0.07194
-0.12983 0.02750 0.13193
-0.07795 0.13211 0.10767
0.42753 -0.08541 -0.03414
0.17230 0.08659 0.09300
0.15367 -0.02065 -0.14749
-0.02439 0.07861 -0.12885
0.28350 0.00146 0.15017
0.30253 -0.00005 0.12962
-0.14461 0.11441 -0.08529
0.13082 -0.00787 -0.14775
-0.41026 0.07181 0.10125
0.09704 -0.00072 -0.14774
-0.40941 0.07183 0.06727
0.34402 -0.05173 -0.14475
-0.13047 0.12107 -0.05533
-0.11698 0.13151 -0.00540
-0.30707 0.07238 -0.10495
-0.35712 -0.03827 0.14833
-0.32483 -0.03681 0.15017
-0.14880 0.09054 0.02724
0.25766 -0.06808 0.15086
-0.35999 -0.03424 -0.14869
-0.21054 -0.06810 0.13494
-0.30340 -0.01533 0.09550
-0.22897 -0.01523 0.09555
-0.20696 -0.08845 0.15227
0.28711 0.05320 0.10069
0.11345 -0.02612 0.14705
-0.39928 -0.02105 -0.10103
-0.31694 -0.01578 -0.08008
-0.32606 -0.01579 -0.07304
-0.27546 -0.01575 -0.08562
-0.26306 -0.01574 -0.08497
-0.06935 0.09147 0.12454
0.14906 0.05866 0.13814
0.21671 0.05355 0.03419
-0.32485 -0.08255 0.13362
-0.33418 -0.00577 -0.10652
-0.32389 -0.01127 -0.10652
0.00124 -0.08925 0.12724
0.22903 -0.08658 0.11068
-0.40104 0.03931 -0.04475
-0.12954 0.01414 -0.12520
-0.31151 0.00598 0.10654
-0.32987 0.00312 0.10654
-0.32033 0.03376 0.10653
-0.33054 0.03421 0.10653
-0.33130 0.00807 0.10654
-0.30554 0.01332 0.10654
-0.25496 -0.00448 0.10654
-0.36834 0.00726 0.10654
-0.23988 0.00957 0.10653
-0.37000 0.03168 0.10653
-0.37917 0.01367 0.10654
-0.19026 -0.00831 0.10654
-0.30481 0.02576 0.10653
-0.17580 -0.01006 0.14918
0.28406 -0.05504 -0.14563
-0.15281 0.08146 0.07094
0.12112 0.12420 -0.03837
-0.15927 -0.08898 -0.12972
-0.43589 -0.06198 -0.06862
-0.16239 0.07077 -0.09866
0.25223 0.00266 0.11048
0.27788 0.00226 0.13220
0.38663 -0.10116 -0.13058
-0.38463 0.05144 -0.13203
0.23433 -0.06108 0.15004
-0.20245 -0.00648 0.10893
-0.14515 0.03298 -0.14599
0.00573 0.09830 0.12330
0.07781 0.13111 0.04358
-0.01331 0.12896 0.10996
-0.00923 0.14123 0.03164
-0.43309 -0.05970 0.10051
0.30349 -0.02483 -0.15065
0.22082 0.00918 -0.15396
-0.18659 -0.00190 0.12916
0.21306 -0.06983 0.13481
-0.40823 -0.06280 -0.12841
-0.00677 0.11915 0.09765
0.20565 0.02975 0.03213
0.20407 0.02084 0.02379
0.26686 -0.04881 0.15130
-0.29646 -0.05590 -0.13424
0.23839 -0.03954 -0.14654
-0.09671 0.13562 -0.10633
0.12454 0.10376 -0.11417
-0.12687 0.06902 -0.12765
-0.36804 0.05588 -0.10672
0.23032 -0.12017 -0.12797
-0.18102 -0.09783 0.14872
-0.39989 0.02977 0.02990
-0.20174 -0.01390 0.14966
-0.22425 -0.14175 0.13161
-0.40075 0.00479 0.05619
-0.40813 0.00888 0.13655
0.37187 0.02359 0.13289
-0.43880 -0.05722 0.02650
0.01481 0.03350 0.14598
0.31983 0.01874 -0.13438
0.20638 -0.07619 -0.11900
-0.40991 0.04647 -0.09389
0.34215 0.02744 0.13320
0.33479 0.04160 0.13336
0.39099 0.01362 -0.13847
0.18962 -0.08628 0.13150
0.22401 -0.01071 -0.12258
-0.40069 0.00156 -0.11732
-0.12744 -0.06415 0.13162
-0.14720 0.09513 0.04949
0.39800 -0.04572 0.14623
0.21400 -0.06424 0.12540
-0.10440 0.12444 0.11103
0.00443 0.09528 -0.09716
-0.39204 0.02174 0.10913
0.38248 0.01587 0.10019
0.41667 -0.08586 0.09502
-0.10886 -0.08308 -0.13201
-0.02921 0.13195 -0.10858
-0.42011 -0.02571 0.07444
0.28645 0.05075 -0.06935
-0.13146 0.08650 -0.12815
-0.10843 -0.00042 0.14773
-0.29206 -0.04080 0.06815
-0.34524 -0.03993 0.11077
-0.24979 -0.04092 0.05618
-0.21807 -0.04124 0.03826
-0.31891 -0.03992 0.10661
-0.23943 -0.04115 0.04545
-0.13319 0.02093 0.13815
0.14312 -0.08160 -0.13248
0.11410 -0.07862 -0.13341
-0.09244 0.14012 -0.07430
0.17620 0.08628 -0.04950
0.17219 0.08901 -0.05589
0.19027 0.07619 -0.05093
0.10526 -0.06328 -0.07476
0.08961 -0.06344 -0.10668
0.12542 -0.06327 -0.07480
0.09828 -0.06318 -0.05078
0.13592 -0.06335 -0.09376
0.06452 -0.06337 -0.08631
0.10491 -0.06325 -0.06735
0.08434 -0.06320 -0.05388
0.06835 -0.06348 0.11249
0.22446 -0.00394 -0.10426
0.32915 -0.00073 -0.12700
0.08490 0.04179 -0.14514
0.07353 0.03905 -0.14541
0.40993 -0.10313 0.05685
-0.15017 0.13632 0.09263
-0.16152 0.02691 -0.07973
-0.16146 0.02396 -0.07481
0.00847 0.12052 -0.10795
-0.22379 -0.05812 -0.13800
-0.30906 -0.06467 -0.14319
-0.35684 0.07273 0.11535
0.37297 0.04241 -0.08059
0.42973 -0.03261 -0.00169
0.11228 0.12336 0.10855
0.03746 -0.06218 -0.00042
0.05224 -0.06235 -0.00042
0.38192 0.01895 -0.13555
0.38594 0.02109 0.12541
-0.23979 -0.10750 -0.15533
-0.03658 -0.00113 0.14774
0.20006 -0.00342 -0.00418
-0.40774 -0.02566 -0.12019
-0.16226 0.06367 0.02126
0.10281 0.12599 -0.01272
-0.06971 0.01039 -0.14757
-0.12820 0.06201 0.11969
0.10082 -0.06413 0.13975
0.30112 -0.07125 0.13494
-0.33050 -0.05537 0.14510
-0.32808 -0.04907 0.14700
-0.05765 0.12248 -0.08581
-0.02575 -0.06430 0.00236
0.00792 -0.06470 0.00554
0.08479 -0.06556 0.00015
0.05997 -0.06536 0.01783
0.01985 -0.06484 0.00672
0.00686 0.14072 -0.05376
-0.23508 -0.09179 -0.15209
0.04637 -0.04308 0.14498
0.11425 0.11337 0.10890
-0.06078 0.13110 0.02918
-0.12622 -0.02739 -0.14693
0.08688 0.13405 -0.08429
-0.24110 -0.07001 -0.15327
0.13591 0.07085 -0.18548
-0.17999 0.00619 0.15566
-0.15245 0.13861 0.05747
0.17710 0.05546 -0.12732
0.17341 0.08041 -0.12395
0.20560 0.05675 -0.13609
0.20894 0.04820 0.01959
0.15749 0.09785 0.08151
-0.12996 -0.03233 -0.12197
-0.21243 -0.07726 -0.15533
0.25974 0.04419 0.13443
0.26685 0.00824 -0.13509
0.28067 0.02776 -0.13480
0.30947 0.02799 -0.13444
0.27935 0.01505 -0.13489
0.28405 -0.02544 0.13913
0.20925 0.04998 0.12290
0.20594 0.03134 0.10856
-0.22405 0.00328 0.11309
-0.24805 0.00364 0.13583
-0.15572 0.11442 0.11648
-0.20924 -0.02420 -0.14378
0.41364 0.01478 -0.06772
-0.40921 0.04915 -0.08455
-0.43159 -0.06114 -0.10604
0.01472 0.07661 0.13112
0.15185 0.07444 0.12576
0.41353 0.03036 -0.04396
-0.00151 -0.10083 -0.15186
0.13945 -0.10169 -0.15050
-0.35578 0.07172 0.03738
-0.36591 0.07172 0.05498
-0.34740 0.07172 0.02121
-0.38120 0.07172 0.05373
0.26420 0.00849 0.13429
0.30145 0.04097 0.13364
0.31481 0.02457 0.13357
0.29685 0.02756 0.13378
-0.40006 0.02699 0.06471
-0.20716 -0.13781 0.12046
-0.24159 0.07114 -0.02966
-0.12471 0.09420 -0.11255
-0.03225 0.02248 -0.14702
-0.05874 0.02217 -0.14705
0.20682 0.03632 -0.09533
0.20887 0.04783 -0.11577
-0.11307 -0.10062 0.13944
-0.34374 0.03006 0.14485
-0.29855 -0.04871 0.13942
-0.02399 -0.06238 -0.14057
-0.05065 -0.06174 -0.14087
-0.24095 -0.04167 -0.14563
0.21931 0.05395 0.06102
0.20779 -0.08086 -0.13366
-0.25424 0.06731 -0.12018
0.32948 -0.07975 0.13076
0.40033 0.03894 -0.03370
0.15824 0.07309 0.11688
0.07842 0.13764 -0.05965
-0.10367 -0.09825 -0.14136
0.03177 -0.09825 -0.14081
-0.10363 -0.09825 -0.15092
-0.07283 -0.09825 -0.15112
0.31854 -0.03001 -0.10624
0.28367 -0.02577 -0.10608
0.30562 -0.02645 -0.10610
0.37794 -0.01798 -0.14836
0.34083 -0.10251 0.11505
0.12538 0.10700 0.12040
0.24997 -0.12091 0.14603
-0.26611 -0.00383 -0.10651
-0.28880 0.02562 -0.10651
-0.26822 0.00843 -0.10651
-0.32177 0.00634 -0.10651
-0.30695 0.03184 -0.10650
-0.26935 0.01875 -0.10651
-0.23528 -0.00760 -0.10652
-0.31781 0.01927 -0.10651
-0.32105 0.04098 -0.10650
-0.30483 0.01535 -0.10651
-0.37974 -0.00236 -0.10652
0.01506 0.11198 -0.11288
0.23901 0.01834 0.13461
0.33178 -0.11853 -0.12431
-0.27528 -0.09635 -0.14883
0.21404 -0.08436 -0.14925
0.32399 0.04576 -0.13737
-0.37468 0.06625 -0.11029
-0.20688 0.10187 0.10586
-0.38681 0.05842 0.12837
-0.23785 -0.00310 0.10893
0.07970 0.04758 -0.14148
-0.10145 -0.02789 0.14688
-0.16139 0.07361 0.03354
0.25213 0.04480 0.14300
0.08804 0.12937 -0.02175
0.19582 0.02226 -0.13473
0.19997 0.01054 0.14674
-0.08079 0.13637 0.09925
-0.32670 0.07333 -0.12522
-0.12184 0.04058 -0.10484
-0.31966 0.06577 0.09384
-0.28847 0.06445 0.09384
-0.29438 0.07151 -0.13243
-0.15359 -0.06281 0.02223
-0.03401 -0.06424 0.04114
-0.14772 -0.06288 0.08970
-0.14326 -0.06294 0.08692
-0.10607 -0.06338 0.02264
0.05849 -0.06535 0.03142
0.00106 -0.06466 0.04630
-0.13556 -0.06303 0.03156
-0.10409 -0.06340 0.06344
-0.10648 -0.06338 0.05434
-0.04438 -0.06412 0.06139
-0.12047 -0.06321 0.00837
-0.03288 -0.06426 0.01658
-0.01574 -0.06446 0.05734
0.03252 -0.06504 0.04848
-0.07216 -0.06379 0.05418
0.04380 -0.06517 0.04134
-0.02444 -0.06436 0.02965
-0.13207 -0.06307 0.04696
-0.01801 -0.06443 0.03720
-0.24757 0.03372 -0.14679
-0.26787 -0.08494 0.14779
-0.32307 0.06896 -0.05442
-0.34228 0.06906 -0.03253
-0.35970 0.06915 -0.01964
-0.26996 0.06872 -0.06951
-0.25166 0.06864 -0.06141
-0.30253 0.06886 -0.08273
-0.23822 0.06857 -0.08250
-0.27506 0.06873 -0.09610
-0.39157 0.06926 -0.06473
-0.25583 0.06865 -0.08696
-0.28551 0.06878 -0.07779
-0.38482 0.06922 -0.08562
-0.33774 0.06903 -0.04399
-0.25307 0.06864 -0.07778
-0.31980 0.06894 -0.06399
-0.32705 0.06899 -0.03944
-0.26432 0.06870 -0.06064
-0.16026 0.00483 0.02583
0.34693 -0.06623 0.13953
-0.19822 -0.13419 0.12915
-0.16091 -0.01483 -0.05281
-0.41721 -0.05142 -0.00846
-0.22047 0.03268 -0.14694
0.06617 -0.07741 0.13381
0.09083 -0.08181 0.13244
0.16844 -0.07281 0.13569
0.26932 -0.03605 0.14765
-0.15105 0.13396 0.10642
0.21444 0.05880 -0.08901
-0.39815 -0.01595 0.00246
-0.40751 0.05337 -0.03955
-0.13494 0.04369 -0.11066
-0.01334 -0.00370 -0.14778
-0.25764 0.07370 0.11707
-0.28223 0.07203 0.10160
-0.25973 -0.03369 -0.10871
-0.22585 -0.02351 -0.10889
0.42706 -0.07454 0.01805
0.00943 -0.07438 -0.12991
0.37695 0.01749 -0.13858
0.00638 0.13132 -0.10297
0.14813 0.06233 -0.14440
0.20859 0.04622 -0.07187
0.04172 0.14050 0.05118
0.05041 0.14033 0.05254
-0.18922 -0.04057 -0.05471
-0.21178 -0.03960 -0.09329
-0.16257 -0.04041 -0.05192
-0.21887 -0.03989 -0.08566
-0.24521 -0.03997 -0.09085
-0.29007 -0.03998 -0.10367
-0.19326 -0.03921 -0.10065
-0.22412 -0.03952 -0.09947
-0.19917 -0.03975 -0.08471
-0.16924 -0.04069 -0.04477
-0.24624 -0.04033 -0.07924
-0.16651 -0.03915 -0.09481
-0.21891 -0.05531 0.14256
-0.32821 -0.02128 -0.15190
0.11402 0.12129 -0.11081
0.38051 -0.08817 -0.13491
0.20271 0.01278 -0.07594
0.20192 0.00795 -0.07899
0.41672 -0.06223 -0.06525
0.24817 -0.03160 0.15504
-0.34486 0.04133 0.14312
0.41303 -0.06383 0.07591
0.18845 -0.04641 -0.12994
-0.02531 0.05612 -0.13583
-0.01831 0.05706 -0.13549
0.04247 0.05022 0.13311
0.00812 0.13929 0.08046
0.41076 -0.08380 0.07913
-0.06704 -0.01993 -0.14750
-0.26999 -0.01509 0.09188
0.34494 -0.02644 0.15363
-0.09126 0.13377 0.04372
-0.07204 0.13522 0.06593
0.03026 0.12101 0.09800
0.06616 0.02072 -0.14719
0.06040 0.12412 0.09198
-0.11961 0.07557 -0.12722
-0.21270 -0.00821 -0.12735
-0.40038 0.05588 -0.09798
-0.12659 0.08652 0.11837
0.22950 -0.00177 -0.11794
0.26886 -0.12879 0.12147
-0.19693 0.00248 0.13940
-0.40154 0.06003 0.00593
0.41226 0.01658 0.07232
0.22068 0.05395 -0.00067
-0.39928 0.05955 -0.07517
0.20797 -0.05889 -0.10945
-0.27743 0.05591 -0.09909
-0.31766 0.05591 -0.10011
-0.40643 -0.01516 0.12113
0.40837 -0.00586 0.11269
-0.34237 0.07172 -0.05609
-0.36978 0.07172 -0.06380
-0.34579 0.07172 -0.09688
-0.36585 0.07172 -0.08964
-0.38414 0.07172 -0.07967
-0.33328 0.07172 -0.07644
0.36240 0.04396 -0.01825
0.34184 -0.04693 -0.13602
0.11209 0.12888 0.02935
0.19455 -0.04285 0.14443
-0.20194 -0.03710 0.10866
0.22973 -0.05204 -0.11375
-0.12453 -0.00650 -0.14777
0.38218 0.01089 0.11635
0.43541 -0.05190 0.03039
-0.21615 -0.02730 -0.15677
0.31028 -0.12366 0.11181
0.29955 0.05004 -0.03042
-0.11023 -0.06559 0.13907
-0.40585 0.05510 -0.01154
0.07814 0.13629 0.07654
-0.38376 0.06629 0.09433
-0.26918 0.03163 0.14684
0.17505 0.06273 -0.13056
0.02333 0.04305 -0.14506
0.40489 0.02807 -0.03290
0.42558 -0.08751 -0.04726
-0.15236 0.09383 0.12524
0.09793 0.11840 -0.10290
0.24347 0.05399 -0.13742
0.21294 0.01639 -0.13012
-0.15397 0.02896 0.03233
-0.15141 0.04797 0.06029
-0.15334 0.02181 0.10189
-0.15319 0.03013 0.06517
0.05598 0.05215 -0.12585
0.02040 0.09300 -0.11909
0.33842 0.01157 -0.15042
-0.29936 -0.05538 0.10932
-0.18105 -0.07736 -0.15810
-0.19750 -0.13062 -0.15546
0.09824 0.12406 -0.09070
-0.43977 -0.05335 -0.04619
0.17806 -0.00253 0.14777
-0.11016 0.13234 -0.04088
-0.10773 0.13253 -0.03060
0.28168 0.04328 -0.13489
-0.11706 0.13138 0.05375
-0.22028 -0.10983 -0.15533
0.29595 -0.10095 0.15227
0.15910 0.06957 -0.15134
-0.43200 -0.05142 -0.00732
-0.41376 -0.02271 -0.10204
0.21008 -0.04986 0.12440
0.04412 0.13642 0.09051
0.08102 0.07861 -0.12967
0.09905 0.07376 -0.13124
0.06407 0.07570 -0.13034
0.17064 0.00460 0.14766
-0.24259 -0.14072 -0.13302
0.42202 -0.02410 -0.05543
0.23762 -0.06389 -0.10136
0.41901 -0.09396 -0.00144
-0.16226 0.05591 0.10394
-0.30790 0.05591 0.10549
0.17710 0.04241 -0.12876
0.31611 -0.01645 0.13159
-0.26943 0.07373 -0.12777
-0.15697 0.13488 0.08274
0.09747 0.00569 0.14764
-0.40058 -0.02383 -0.11171
0.41834 0.02562 0.02006
-0.24538 -0.06078 -0.14147
0.31975 0.04860 0.05180
-0.33961 0.05969 -0.13550
0.35635 -0.05228 -0.15543
0.37458 0.01580 -0.14443
-0.18901 0.01314 0.15545
-0.00289 0.12189 0.10574
0.12127 -0.06390 -0.13986
-0.12136 0.09905 -0.10758
-0.00643 -0.08925 -0.12700
0.18059 0.08373 -0.02397
0.18535 0.08008 -0.03483
0.17527 0.08802 -0.00217
-0.32503 0.07351 -0.11916
0.19545 -0.05331 -0.13000
-0.20871 0.10536 -0.11440
-0.08405 0.05721 -0.13570
0.32648 -0.02390 -0.14661
-0.04802 0.03168 -0.14616
-0.23708 -0.08521 0.15072
0.01955 -0.03469 0.13498
-0.23683 -0.00707 0.12880
-0.03701 -0.03498 0.14619
0.34531 -0.09419 -0.14341
0.06118 0.14023 0.03337
0.40963 -0.10010 0.01509
0.40968 -0.10110 -0.02648
-0.13784 -0.01405 0.14759
0.36223 0.02324 0.12521
0.11460 0.11443 0.10257
-0.22190 0.00325 -0.12620
-0.24719 0.00363 -0.14594
0.24332 -0.08496 0.14810
0.41994 -0.00025 0.04406
-0.39139 0.04662 0.12546
0.01994 0.13971 -0.07132
-0.05501 0.12522 0.08492
-0.11260 0.11688 0.11065
0.01631 0.13563 0.05698
-0.09065 0.01719 -0.14747
-0.23903 0.02282 0.15102
-0.03292 0.12796 -0.02051
-0.01732 0.12852 -0.01727
0.27896 0.05138 0.13463
-0.04598 0.14037 -0.07051
0.08400 0.12790 -0.02653
0.20751 -0.07033 0.13214
-0.00755 0.05352 -0.13775
-0.22229 -0.06392 -0.14147
-0.10162 0.14044 -0.07242
0.17957 -0.04843 -0.09102
0.16895 -0.05691 -0.07809
0.18009 -0.04801 -0.07836
0.14072 0.09298 0.11114
-0.08322 -0.06570 0.09276
-0.03366 -0.06639 0.07770
-0.09756 -0.06733 0.10434
-0.09297 -0.06658 0.09972
-0.14622 -0.06615 0.11717
0.37172 0.01884 0.12061
-0.12324 0.14148 0.05228
0.18433 -0.03311 0.14283
-0.41008 -0.00790 -0.09088
-0.41012 -0.00746 -0.03778
0.17858 0.03762 0.12994
-0.26125 -0.02283 0.10893
-0.20316 -0.01851 0.10893
-0.13333 -0.04267 -0.14506
0.37312 -0.00858 -0.14570
-0.41230 0.06785 -0.08447
-0.15222 0.01888 0.14739
0.42060 -0.00795 0.04147
0.26898 -0.12778 -0.11375
0.00122 0.14031 0.06884
0.34661 -0.09033 -0.13158
-0.06954 0.14201 -0.01697
-0.02398 0.14108 -0.04835
-0.03588 0.14182 -0.01010
-0.05276 0.14186 -0.01696
-0.04990 0.14203 -0.00480
0.07192 0.12211 -0.10309
0.29295 -0.01546 0.15504
-0.23591 0.06176 -0.09381
-0.24128 0.06448 -0.09381
0.02984 0.12837 -0.08258
-0.41031 -0.00556 0.12054
-0.41119 0.00345 0.11999
0.39608 0.02607 -0.08872
-0.16019 0.00120 0.05808
0.11409 0.12282 0.02018
0.25944 0.00255 -0.11177
0.26465 0.00247 -0.12029
0.27041 0.00237 -0.12819
0.25520 0.00262 -0.12870
0.38881 0.00016 0.11350
0.22941 -0.07560 -0.15810
-0.15381 0.03192 0.01952
-0.15204 0.04384 0.03103
-0.15103 0.04980 0.02351
-0.14883 0.06327 0.01461
-0.14830 0.06853 0.04833
0.29050 0.05059 -0.05563
0.30389 0.04968 -0.05776
0.19700 -0.03189 -0.14776
-0.06931 0.05088 0.13947
0.29693 -0.12742 0.14221
0.17139 -0.10127 -0.13950
-0.41397 -0.02571 -0.13212
0.30938 -0.11874 -0.11375
0.40413 0.02492 -0.07091
0.19601 -0.00029 0.13860
0.18253 -0.03153 0.13046
0.21421 0.05593 0.12934
0.30931 0.05089 0.09692
0.26255 -0.07958 0.15167
0.07022 0.13029 -0.10350
0.16087 0.05470 -0.13866
-0.21436 -0.11779 0.15000
0.39875 0.02723 0.11747
0.02367 0.07300 0.13071
0.10170 0.06020 0.13515
0.03551 0.05520 0.13589
0.35587 0.00947 0.14725
0.19913 0.05097 0.12152
0.20743 0.04448 0.12252
0.20459 0.02676 -0.13004
0.25544 -0.01813 -0.10635
0.30614 -0.00804 -0.10637
0.41250 -0.09396 0.02930
-0.17880 -0.05395 0.11068
0.13613 0.05329 0.13661
0.30668 -0.05141 -0.10659
-0.38986 0.05664 -0.10649
0.35546 0.03642 -0.14242
-0.17091 -0.01543 0.00515
0.31010 0.03942 -0.14404
-0.29380 -0.09913 -0.14435
-0.34302 -0.03998 -0.10843
-0.25098 -0.04065 -0.06672
-0.37744 -0.04005 -0.11188
-0.27524 -0.04061 -0.07229
-0.38082 -0.03994 -0.11686
-0.31951 -0.04008 -0.10056
-0.30796 -0.04002 -0.10082
0.40123 -0.00703 0.10828
0.40699 0.02492 0.03854
0.40864 0.01743 -0.10393
0.10946 -0.05061 0.14351
-0.21712 0.05591 0.09696
-0.18768 0.05591 0.09441
-0.33121 0.05591 0.09999
0.29484 -0.00809 0.11992
0.33952 0.04718 -0.00677
-0.13201 -0.01067 0.13193
-0.10385 0.13285 0.10414
0.08125 0.04932 0.13975
-0.16024 0.00383 0.07517
0.42722 -0.05897 -0.09218
-0.04258 -0.06498 -0.13193
0.18951 0.02177 -0.14706
-0.07431 0.11914 -0.11300
0.33790 -0.03825 -0.14488
0.06158 0.13619 0.08958
0.39161 -0.06367 0.14608
-0.40071 -0.01316 0.01451
-0.22888 -0.02519 0.11068
0.06241 -0.07280 -0.13497
0.39813 -0.00582 0.11450
-0.34724 -0.02420 0.15065
-0.23886 -0.09386 0.13813
0.00977 0.05422 0.13713
0.08805 0.13692 0.02305
-0.01006 0.12885 0.05097
-0.00276 0.12920 0.05202
-0.14022 0.11341 -0.07616
-0.39658 -0.02523 0.03773
-0.39679 -0.03444 0.07235
-0.24576 -0.05169 0.15110
0.26163 0.05226 0.02143
0.25076 0.05283 0.00049
0.24783 -0.01646 0.11401
0.00090 -0.01344 0.14763
0.26722 -0.07177 0.13840
-0.23325 -0.00700 -0.15383
0.04570 -0.06294 -0.05759
0.09338 -0.06296 -0.02502
0.07998 -0.06295 -0.03425
0.03545 -0.06261 -0.03910
0.06890 -0.06287 -0.03556
0.02639 -0.06274 -0.05591
0.26011 -0.03787 -0.15313
0.37556 -0.10371 0.13758
-0.14020 0.00428 -0.11051
0.11019 0.05013 0.13643
0.30211 0.00187 -0.11322
0.27972 0.00223 -0.09225
0.31476 0.00167 -0.11339
0.19021 -0.06678 -0.08703
0.20375 -0.06668 -0.06078
0.15563 -0.06637 -0.04960
0.19132 -0.06670 -0.07383
0.20374 -0.06649 -0.03169
0.15037 -0.06626 -0.03538
0.13740 0.06520 -0.18256
0.33131 -0.09604 -0.14803
0.21485 0.04863 -0.14326
-0.11101 0.02326 0.14499
-0.10230 -0.02920 -0.14675
-0.25054 0.05441 0.14174
0.38268 -0.03787 0.15189
0.08146 -0.08396 0.13177
0.12948 -0.08641 0.13101
-0.14267 0.12693 -0.04785
0.18863 0.04202 -0.12994
-0.05012 0.12746 0.05745
-0.03219 0.12802 0.05305
-0.05109 0.12741 0.04839
-0.08102 0.09345 -0.12392
-0.08281 0.10123 -0.12051
0.32756 0.00267 0.13359
-0.24697 0.04188 -0.14561
-0.39928 -0.01766 0.03092
0.07060 -0.08926 -0.12708
-0.16238 0.06972 0.00254
0.38960 -0.02638 -0.15183
0.34411 0.04649 0.01442
0.00298 0.12142 -0.10756
0.13434 0.10744 0.11676
-0.18459 0.07796 -0.11267
-0.25124 0.07280 0.13259
0.40930 -0.01593 0.11055
0.33379 -0.08913 0.13118
-0.13089 -0.02631 0.13193
-0.40505 0.05593 0.02498
0.31549 -0.11014 0.11108
-0.11151 -0.06352 0.10888
0.18230 0.05015 0.14096
0.29395 -0.00093 0.10781
0.27067 0.00047 0.12401
0.26229 0.00029 0.11635
0.26617 -0.14018 -0.14119
0.33116 0.00383 -0.13444
0.40646 0.00790 -0.11640
-0.24834 0.07910 0.12251
0.40516 -0.08384 -0.06569
-0.23073 -0.01735 0.15364
-0.12480 0.09435 -0.12599
0.41316 -0.01581 -0.09798
-0.23672 -0.09738 0.15227
-0.00307 -0.03019 0.13193
0.35905 -0.01036 0.13215
0.29575 -0.10608 0.15189
-0.33207 -0.01583 -0.09833
0.24360 -0.03394 -0.13557
0.28334 -0.05478 0.11663
-0.13047 0.00204 0.13193
0.18929 0.01742 -0.13043
0.33532 -0.04056 -0.11529
0.19409 -0.05959 -0.12999
0.15368 0.09781 0.10573
-0.28827 -0.01277 0.13745
-0.14897 0.13154 0.05876
-0.11196 0.14050 -0.10005
0.29549 0.05245 0.08973
-0.14655 -0.04532 -0.14601
-0.23386 -0.08625 0.13723
0.09190 0.12270 0.01219
-0.36824 -0.05683 0.14241
-0.36387 -0.04713 0.14568
0.20401 0.06658 0.04543
0.34787 -0.07098 0.13481
-0.12722 -0.04465 -0.13193
0.14641 0.10765 0.04355
0.15391 0.10209 0.05319
-0.16104 0.02221 -0.14707
0.15905 0.09542 -0.09722
0.26082 -0.12615 -0.14961
0.43548 -0.04520 -0.03867
0.05235 0.05025 0.13907
0.41409 0.02492 0.00742
0.13696 -0.06334 0.02518
0.14873 -0.06342 0.05929
0.26425 0.05293 0.11788
-0.26931 -0.12957 0.12776
0.24639 -0.02014 -0.10635
0.32638 -0.01678 -0.10574
0.03107 0.13474 0.07284
-0.39720 -0.01562 -0.14437
0.23248 -0.00062 0.11194
-0.10082 -0.06609 0.12072
0.38202 0.04157 -0.03962
-0.43686 -0.02734 -0.09368
0.31274 -0.11946 -0.14448
-0.11884 0.10753 0.10148
0.16237 0.08575 0.12556
0.29297 -0.03159 0.15163
0.15484 0.09097 -0.12331
0.01688 0.13704 0.08904
-0.28970 0.03268 0.14635
-0.23069 -0.08840 0.15227
-0.11241 0.00400 0.14767
-0.19090 0.06853 -0.01757
-0.21977 0.06852 -0.06592
-0.34531 0.06913 -0.00382
-0.17299 0.06847 -0.01203
-0.19790 0.06849 -0.04239
-0.22224 0.06857 -0.04676
-0.18016 0.06850 -0.00998
-0.22312 0.06859 -0.04155
-0.24311 0.06874 -0.01020
-0.19454 0.06851 -0.02857
-0.18443 0.06836 -0.07591
-0.29812 0.06888 -0.03184
-0.26753 0.06874 -0.04340
-0.27776 0.06881 -0.03166
-0.23030 0.06861 -0.04242
-0.18838 0.06842 -0.05937
-0.23969 0.06863 -0.04844
0.03952 -0.07563 -0.13381
0.31806 -0.03459 0.11764
0.36419 0.04323 0.09789
-0.11562 0.05787 0.13945
0.32540 -0.00564 0.11415
-0.00154 0.09185 0.12570
-0.13310 0.00318 0.14668
-0.07265 0.13518 -0.06078
-0.11017 0.13234 -0.05144
-0.08366 0.13435 -0.05063
-0.19460 0.07648 -0.12096
0.28384 -0.00567 -0.10659
-0.03298 -0.02629 -0.14703
-0.06875 -0.02650 -0.14701
-0.16301 0.12614 0.11047
0.33094 0.03387 -0.14511
-0.17257 -0.01639 -0.12784
-0.39658 -0.02516 -0.00772
-0.39680 -0.03502 -0.01098
-0.39665 -0.02817 -0.03457
0.10868 0.12566 -0.01436
0.00111 -0.06844 -0.12870
-0.00706 -0.07520 -0.12822
-0.04842 -0.07684 -0.12842
0.03884 -0.08055 -0.12740
-0.09599 -0.07344 -0.12909
0.00559 -0.08331 -0.12745
-0.36663 0.07096 -0.12817
0.28741 -0.05571 0.13840
0.00755 0.12409 0.09079
0.02471 -0.05510 -0.13476
-0.13346 0.11814 -0.11566
0.27321 0.00102 -0.13689
0.27415 0.00127 -0.14230
0.29219 -0.00022 -0.12178
0.06805 0.13998 -0.01280
-0.13551 -0.04798 0.14302
0.21302 -0.03318 0.13075
-0.27563 0.06494 -0.13583
0.34525 -0.09188 0.11640
0.33631 0.02310 0.14626
-0.39156 -0.01561 -0.04429
0.31456 0.00168 0.12649
0.30471 0.00183 0.10633
0.28802 0.00210 0.10161
-0.15871 -0.06260 0.02438
0.15789 -0.06134 -0.10951
0.20866 0.00198 -0.15182
-0.16193 0.04551 0.05979
-0.16170 0.03311 0.05267
0.20408 0.02089 -0.00724
0.20793 0.04254 -0.04676
-0.16627 0.08138 -0.09854
0.34038 -0.10625 0.12898
0.16842 0.03417 -0.11746
-0.02828 0.12338 0.09801
0.08616 -0.03588 0.14610
-0.16549 -0.09168 0.12374
0.15615 0.10171 -0.00139
-0.15002 -0.01734 -0.14963
-0.14092 0.13914 -0.07492
-0.04249 0.05431 0.13590
0.04965 0.14125 -0.00840
-0.08772 0.13404 0.01521
0.32189 -0.12624 -0.11776
0.16842 0.05253 -0.11879
-0.22456 -0.08520 -0.14563
-0.23537 -0.02499 -0.11375
0.15718 0.02396 0.14686
0.15398 0.02868 0.14639
0.07582 0.13912 -0.00097
0.08853 0.11957 -0.11421
0.40828 0.02494 0.08453
0.24443 0.05510 0.10600
-0.32678 -0.06969 0.14057
-0.35623 -0.06937 0.13890
0.07860 -0.02764 -0.14690
-0.40558 -0.04742 0.12563
-0.41186 -0.01504 -0.12118
0.15432 0.09743 -0.10559
0.37593 0.02076 0.12942
0.00245 0.00783 0.00140
0.35998 0.01754 0.10260
-0.34587 0.03755 -0.14375
0.23425 -0.09299 0.12156
-0.24864 -0.10594 -0.14563
0.40157 0.00294 -0.12768
0.08615 -0.08926 0.12920
0.22815 -0.00551 -0.14704
0.21419 -0.01783 0.13019
-0.25004 0.07172 -0.08956
-0.27508 0.07172 -0.07052
-0.29636 0.07172 -0.08999
-0.28002 0.07172 -0.05189
-0.28922 0.07172 -0.08808
-0.22231 -0.02054 0.13507
0.28164 -0.04675 -0.11901
0.37662 0.00953 -0.11653
0.14452 0.10040 0.12291
0.15091 -0.06344 -0.06976
0.14384 -0.06336 -0.09137
0.11829 -0.06316 -0.04383
-0.41181 0.03845 -0.12117
0.34817 -0.07227 -0.13484
0.40062 -0.01508 0.12577
0.20714 0.05970 -0.12353
-0.10652 0.13988 0.08107
0.18017 0.08151 -0.08981
-0.06051 0.13832 0.08488
-0.00347 0.14151 0.01141
0.38466 -0.00748 0.13737
-0.36428 -0.05549 -0.14304
-0.00378 -0.01659 -0.13193
-0.10849 0.05561 0.13042
-0.14826 0.07025 -0.07466
-0.15265 0.04014 -0.03467
-0.14871 0.06680 -0.06398
-0.14926 0.06227 -0.04547
0.17036 -0.07576 -0.13417
0.15207 0.07012 -0.14644
0.38822 0.00263 -0.10112
0.24482 -0.13152 0.14210
-0.14330 0.10496 -0.04814
-0.16226 0.06357 0.03832
0.30840 0.00075 0.15573
0.22428 0.05126 -0.14236
0.14019 0.09023 -0.12593
0.16402 0.06508 -0.11355
-0.07126 0.13634 -0.09881
0.16676 -0.05858 -0.02977
0.39865 -0.09132 -0.12515
0.36090 -0.09923 -0.14045
-0.15355 -0.01689 -0.05906
-0.15406 -0.00632 -0.04677
-0.15434 0.01150 -0.05285
-0.15311 -0.00955 -0.08761
-0.15350 0.02005 -0.10129
-0.15243 -0.03950 -0.08689
-0.15531 0.01797 -0.01479
0.15156 -0.06332 0.03110
0.33749 -0.11119 0.12850
0.22497 -0.00373 -0.13360
0.30742 -0.06420 -0.13813
0.02092 0.13565 -0.09774
0.42389 0.00105 0.02592
-0.29010 -0.01526 -0.09431
-0.21975 -0.01510 -0.09307
0.33468 -0.06453 -0.12879
-0.20542 0.10469 0.11905
-0.13399 0.08766 0.10222
-0.25697 0.05546 0.14090
0.26466 -0.04858 0.14256
-0.19621 0.00241 -0.15109
0.11594 -0.06281 -0.12118
-0.22954 0.09180 0.11899
0.23297 0.01345 0.15341
0.35916 -0.00742 -0.12941
0.02634 -0.07542 0.01869
0.25891 -0.07855 0.10376
0.12205 -0.07671 0.04409
0.20981 -0.07789 0.00169
0.11854 -0.07666 0.06926
-0.19486 -0.07244 0.08498
0.19587 -0.07771 0.01971
0.13369 -0.07687 0.01662
0.36832 -0.08003 0.10266
0.12928 -0.07681 0.08392
0.08225 -0.07617 0.09161
0.35490 -0.07985 -0.07268
0.24198 -0.07833 0.02815
-0.06108 -0.07424 0.08097
0.29008 -0.07898 0.09016
-0.03677 -0.07457 0.02352
0.18826 -0.07760 0.05314
0.04206 -0.07563 0.00834
0.30350 -0.07916 0.00780
0.26389 -0.07862 0.02409
-0.07554 -0.07405 0.09497
0.25566 -0.07851 0.06013
0.04917 -0.07573 0.00223
0.12843 -0.07680 0.03379
-0.24689 -0.07174 0.09035
0.32055 -0.07939 0.01561
0.23454 -0.07823 0.03981
-0.06647 -0.07417 0.06005
-0.35019 -0.07035 0.10546
-0.28091 -0.07128 0.09029
-0.22731 -0.07200 0.08334
0.23394 -0.07822 0.09928
0.17004 -0.07736 0.07428
0.27355 -0.07875 -0.01383
0.14562 -0.07703 0.07842
0.35268 -0.07982 -0.06308
0.11487 -0.07661 -0.00357
-0.32301 -0.07071 0.10727
0.06361 -0.07592 0.03559
-0.27136 -0.07141 0.08948
0.17466 -0.07742 0.02094
0.32862 -0.07949 0.06636
0.32934 -0.07950 -0.02061
-0.07629 -0.07404 0.05126
0.25320 -0.07848 0.00559
0.28266 -0.07888 0.03758
-0.00890 -0.07495 0.00197
0.14743 -0.07705 0.03112
0.31056 -0.07925 0.02224
0.24288 -0.07834 0.06917
-0.11287 -0.07354 0.10594
0.15712 -0.07718 0.02843
-0.04194 -0.07450 0.02491
0.15849 -0.07720 -0.04571
0.00507 -0.07513 0.08472
0.29544 -0.07905 0.01622
0.10029 -0.07642 0.09464
0.22301 -0.07807 0.09050
0.27749 -0.07881 -0.02257
0.17767 -0.07746 0.03604
0.23345 -0.07821 0.10507
0.12127 -0.07670 0.02429
0.11932 -0.07667 0.08466
-0.08975 -0.07386 0.08374
0.33369 -0.07956 -0.09586
0.14508 -0.07702 -0.00752
0.19022 -0.07763 0.02726
0.29158 -0.07900 -0.06089
0.32744 -0.07948 0.03537
0.32893 -0.07950 -0.00537
0.28978 -0.07897 0.04322
0.05850 -0.07585 0.02581
-0.07871 -0.07400 0.04569
0.20562 -0.07784 -0.02188
0.02191 -0.07536 -0.00021
-0.21073 -0.07222 0.09165
0.24183 -0.07832 0.09400
0.31245 -0.07928 -0.06533
0.14346 -0.07700 -0.03223
0.34527 -0.07972 -0.04742
-0.04588 -0.07445 0.08250
0.24511 -0.07837 0.04177
0.18780 -0.07760 0.07406
0.31610 -0.07933 -0.08534
0.34122 -0.07966 0.02973
0.30176 -0.07913 -0.07703
-0.09550 -0.07378 0.08020
-0.09499 -0.07378 0.06414
0.17561 -0.07743 0.02920
-0.02574 -0.07472 0.00705
0.21660 -0.07798 0.04063
-0.02277 -0.07476 0.05370
0.15069 -0.07710 0.07746
-0.03948 -0.07453 0.07657
0.26078 -0.07858 -0.01137
0.09875 -0.07640 0.07626
0.08132 -0.07616 0.06229
0.17350 -0.07740 0.06313
0.29741 -0.07907 -0.06918
0.15848 -0.07720 0.06324
0.29451 -0.07903 -0.05598
-0.06266 -0.07422 0.04063
0.04241 -0.07564 0.06920
0.26011 -0.07857 0.04832
0.08404 -0.07620 0.07628
0.11392 -0.07660 -0.03283
0.14819 -0.07706 -0.02145
0.24663 -0.07839 0.08971
0.25388 -0.07849 0.02814
0.38780 -0.08029 -0.05043
0.07301 -0.07605 0.00318
0.16947 -0.07735 0.05207
0.15234 -0.07712 0.01785
-0.10777 -0.07361 0.09780
0.26222 -0.07860 -0.05219
-0.15662 -0.07295 0.10598
0.14661 -0.07704 0.04036
-0.14661 -0.07309 0.08163
-0.18073 -0.07263 0.07749
0.34660 -0.07974 -0.09204
-0.04136 -0.07451 0.06628
0.04790 -0.07571 -0.00993
0.05206 -0.07577 -0.00487
-0.24654 -0.07174 0.07680
0.19730 -0.07772 0.11196
0.29799 -0.07908 0.04011
0.10572 -0.07649 -0.00829
-0.09836 -0.07374 0.05702
0.00294 -0.07510 0.10831
0.13836 -0.07693 0.11041
-0.10874 -0.07360 0.08109
-0.18469 -0.07258 0.10074
0.25984 -0.07857 0.01823
0.13775 -0.07692 0.00672
-0.03047 -0.07465 0.08217
0.26096 -0.07858 -0.07439
0.30185 -0.07913 -0.04808
0.34690 -0.07974 0.05355
-0.21894 -0.07211 0.09455
0.28137 -0.07886 0.00852
0.38119 -0.08020 -0.02311
0.24165 -0.07832 -0.05339
0.04589 -0.07568 0.01303
0.40519 0.02749 -0.02679
-0.11716 0.02861 0.14974
0.29527 -0.05747 -0.12368
-0.34232 0.05664 0.13746
0.41437 -0.00759 -0.09253
-0.37563 0.06357 0.08914
0.03313 0.12348 0.11093
0.14542 0.10450 0.09739
-0.20927 -0.03431 -0.15533
0.37783 0.02247 -0.11503
-0.41404 0.01824 -0.01206
0.07570 0.12950 -0.07067
0.42546 -0.06213 0.05803
0.39920 -0.05397 -0.14564
0.30873 -0.12226 0.13284
-0.15187 0.03912 -0.08408
-0.15212 0.03867 -0.07380
-0.15404 0.02990 -0.02385
-0.15254 0.03635 -0.06485
-0.15356 0.02268 -0.08635
0.34238 -0.04883 0.11830
0.22939 -0.10331 -0.15810
-0.29470 -0.09546 -0.12678
0.01171 -0.02479 0.14492
-0.13299 0.13963 0.07797
0.05903 0.12720 -0.11036
-0.11521 -0.05952 -0.14178
0.26497 -0.12192 -0.14596
-0.06613 0.02441 0.14685
-0.01676 0.03685 0.14566
0.04922 -0.09823 0.14624
0.17914 -0.09823 0.14749
0.16058 -0.09823 0.14977
0.33309 -0.03309 -0.11949
-0.18262 0.06702 0.09595
0.29264 -0.05822 -0.14992
-0.23660 0.02728 0.14843
0.18384 0.01997 -0.11359
-0.04458 -0.03750 -0.14595
0.35318 0.04052 0.13516
-0.18064 0.07172 -0.08520
-0.17831 0.07172 -0.07820
-0.17541 0.07172 -0.09617
-0.18814 0.07172 -0.06358
-0.20254 0.07172 -0.09541
-0.16542 0.07172 -0.08243
0.37389 0.03632 -0.12425
0.29826 -0.05921 -0.14008
0.20262 0.04183 -0.13182
0.01895 -0.02426 -0.13942
0.14183 -0.07327 -0.12991
-0.03700 0.04691 0.14305
0.22014 -0.01281 -0.15165
-0.15867 -0.06596 0.11160
0.40908 0.03602 -0.01812
-0.28453 -0.01004 -0.11329
-0.13731 -0.03346 0.13403
-0.33777 0.06357 0.09384
-0.35477 0.06451 0.09384
-0.20985 -0.12558 0.14993
0.19692 0.07003 0.08596
0.04493 -0.06230 0.00811
-0.26293 0.00213 0.14299
0.24664 -0.01680 -0.15430
0.23218 -0.12120 0.14914
-0.43220 -0.06324 0.03518
0.15732 0.06847 -0.16547
-0.41139 0.00975 0.00264
0.09174 0.12485 -0.11191
-0.14089 0.08772 0.12850
0.23654 0.03383 -0.14630
0.15068 0.10293 0.07717
0.19546 -0.02589 0.13057
-0.15788 -0.01044 0.15349
0.30202 -0.00963 -0.12875
0.35044 -0.07940 0.12728
0.00782 0.04183 0.14519
-0.00890 0.03170 0.14615
0.04587 -0.07156 0.13549
0.35045 -0.07964 -0.12733
0.15957 0.05516 0.13124
-0.11614 -0.00897 0.14773
0.08807 0.13657 -0.03928
-0.40153 0.06015 0.01510
-0.23016 0.07450 0.11407
0.37944 -0.00604 0.14377
0.32837 -0.06092 -0.12910
-0.20156 -0.02846 -0.10880
-0.22177 -0.03791 -0.10862
-0.25338 0.06617 -0.13509
0.21676 0.05901 0.01057
0.37319 0.03653 0.12230
-0.28169 -0.04092 0.03720
-0.24755 -0.04122 0.00558
-0.29977 -0.04076 0.01683
-0.30359 -0.04072 0.00355
-0.21764 -0.04148 0.01878
-0.38069 -0.04005 0.06567
-0.31504 -0.04062 0.03875
-0.34588 -0.04035 0.01220
-0.22268 -0.04144 0.03000
-0.23539 -0.04133 0.01277
-0.28965 -0.04085 0.03981
-0.37364 -0.04011 0.06413
-0.39514 -0.03992 0.02040
-0.25524 -0.04115 0.03336
-0.25731 -0.04113 0.02194
-0.38903 -0.03997 0.04759
-0.34986 -0.04032 0.09195
-0.27507 -0.04098 0.00704
-0.27590 -0.04097 0.03514
-0.38276 -0.04003 0.02986
-0.36361 -0.04020 0.04407
-0.27921 -0.04094 0.05845
-0.33709 -0.04043 0.05603
0.41319 -0.07361 0.05036
-0.29673 -0.03403 0.11576
0.40329 -0.09563 0.07776
0.19092 -0.00002 0.11275
0.19294 -0.01200 0.11209
0.10506 0.11511 0.10947
0.40650 0.01021 0.11432
0.25644 -0.07995 -0.13800
-0.23169 -0.14220 0.12796
-0.13212 0.01490 0.13911
0.41726 -0.02330 0.08042
0.27963 -0.12509 0.15504
-0.05785 0.08013 -0.12868
-0.07000 0.08313 -0.12769
-0.07736 0.08209 -0.12815
-0.15997 0.03998 -0.14531
-0.10798 -0.06609 -0.12044
-0.11815 -0.06609 -0.12631
-0.00713 -0.05649 -0.11261
0.09205 0.12279 -0.10443
0.38313 -0.00228 0.10796
0.35319 0.04527 0.08237
0.43232 -0.06292 0.00779
-0.41312 -0.01584 0.10329
-0.12762 -0.00013 -0.14773
0.35331 0.04469 0.06885
-0.42622 -0.04637 -0.13013
0.06277 0.13993 -0.04247
0.16635 0.09339 0.04660
0.18598 0.07910 0.05722
0.18086 0.08274 0.05844
0.31548 -0.08438 -0.14563
0.31836 0.04762 -0.11261
-0.41142 0.04069 0.08604
-0.40992 0.04646 0.11189
-0.20646 0.00302 -0.15154
-0.21069 0.00309 -0.12286
-0.40104 -0.00006 0.09170
0.29803 -0.07268 0.15055
0.19890 -0.00617 -0.12998
0.42442 -0.07233 0.09050
0.24931 -0.09281 0.14857
0.40299 -0.02531 -0.14387
0.41423 -0.06071 0.11451
-0.40936 -0.02386 0.02233
-0.43857 -0.03222 0.07369
0.34857 -0.04014 0.13998
0.00066 0.02083 -0.13615
0.31520 0.04898 -0.02700
0.23390 -0.09141 -0.11541
0.38756 0.02692 -0.13386
-0.39759 -0.01923 0.12116
-0.11949 0.12594 -0.10571
-0.36826 0.05831 -0.08978
0.12509 -0.06348 0.11422
-0.16461 -0.03344 0.12060
0.39775 0.00023 -0.09653
0.21043 0.06227 -0.05348
0.35046 -0.05843 0.14126
-0.35020 -0.01566 0.10625
-0.27479 -0.01567 0.10590
-0.09020 0.07653 0.13027
0.13691 0.05418 -0.17942
0.35329 -0.04801 -0.08898
0.10311 0.13268 -0.01765
0.10874 0.13105 -0.00392
-0.03060 0.12324 -0.09965
-0.15062 0.08648 -0.04950
-0.14834 0.09245 -0.05831
0.35746 -0.01625 0.13294
0.35569 0.01306 0.13377
0.14715 0.06039 -0.13869
-0.17553 -0.07741 -0.13539
0.03477 0.10714 -0.11921
0.07036 0.08656 -0.12699
0.04407 0.10648 -0.11957
0.01556 0.09091 0.09801
-0.40643 -0.05750 0.13376
0.20912 -0.05656 0.13283
0.23935 -0.11187 0.14832
0.02374 -0.06708 0.08078
-0.02854 -0.06760 0.10662
0.08996 -0.06635 0.04335
0.13279 -0.06688 0.08685
-0.07917 -0.06794 0.12065
0.07353 -0.06708 0.08964
0.08038 -0.06697 0.08371
0.10186 -0.06696 0.08657
0.01987 -0.06740 0.10181
-0.04972 -0.06759 0.10192
-0.01220 -0.06730 0.08907
-0.03693 -0.06752 0.09920
-0.07349 -0.06772 0.10652
0.00663 -0.06727 0.09027
0.05268 -0.06676 0.06411
0.10169 -0.06667 0.06733
0.05714 -0.06648 0.04620
-0.05906 -0.06760 0.10079
0.15520 -0.06690 0.09246
0.10200 -0.06640 0.04868
-0.06261 -0.06775 0.11041
0.09771 -0.06727 0.10690
-0.05046 -0.06771 0.10997
0.04054 -0.06707 0.08330
-0.00363 0.01838 -0.13193
0.33516 -0.08145 -0.13905
-0.39086 0.04744 -0.10737
-0.01962 0.12146 -0.11156
-0.23122 0.07239 -0.10492
-0.19120 0.07245 -0.10547
-0.19027 -0.03715 -0.14635
0.22302 0.05308 0.13469
0.37763 0.02888 0.13133
0.40286 0.03604 0.07194
0.32826 -0.00726 -0.13195
-0.21580 0.01949 -0.15268
-0.17302 0.03502 -0.10153
-0.23753 0.04158 -0.10339
-0.20550 0.03781 -0.10252
-0.21379 0.04125 -0.10248
-0.18714 0.01518 -0.10423
-0.16567 0.01287 -0.10363
-0.19173 0.02912 -0.10291
-0.22081 0.02635 -0.10437
-0.25795 0.04973 -0.10332
-0.17417 -0.00857 -0.10628
-0.20767 0.04330 -0.10202
-0.22176 0.03522 -0.10345
-0.34223 0.05279 -0.10635
-0.27440 0.04488 -0.10450
0.31398 -0.01776 0.15232
0.04672 -0.06652 -0.13533
0.20894 0.06278 0.07293
0.32064 0.00263 0.15573
0.22751 0.04750 -0.13548
-0.13220 -0.10190 0.14236
0.15496 -0.04859 -0.14391
0.22901 -0.11768 0.13270
0.35058 -0.08300 0.12049
0.01459 0.06749 0.13323
0.24574 0.05504 0.08090
-0.38561 0.02481 -0.10650
-0.08035 -0.06287 0.11485
-0.29669 -0.03375 -0.12588
0.23703 -0.02186 0.12863
0.24274 -0.11869 0.11068
-0.03279 0.06081 0.13440
-0.41085 0.06680 0.01021
-0.31345 0.06658 -0.13409
-0.20409 -0.03134 -0.11375
-0.10624 0.12291 -0.11196
-0.40799 0.05648 0.01840
-0.21156 0.05628 -0.09384
0.33825 -0.01660 0.10991
0.34574 -0.03333 0.11211
-0.13752 -0.01635 -0.13709
0.12552 0.12139 -0.04702
0.00076 -0.10210 0.13944
-0.22254 -0.07508 -0.11853
0.12260 0.11727 0.11265
0.27951 -0.06329 -0.08996
0.28002 -0.05226 -0.09000
0.26247 -0.05162 -0.09024
0.29257 -0.05323 -0.08982
0.31331 -0.02246 -0.08967
0.31753 -0.04886 -0.08950
0.29865 -0.05367 -0.08974
-0.07080 -0.05749 0.14217
-0.05798 -0.04667 0.14428
0.40483 0.03826 -0.00966
-0.20174 0.11031 -0.11175
0.16450 0.03988 -0.14527
0.29175 -0.05540 -0.14563
-0.23815 -0.12930 -0.14231
0.39392 -0.07345 0.12370
-0.05203 0.12635 -0.10447
-0.41204 0.03296 -0.10537
-0.41205 0.02983 -0.09353
-0.00036 -0.01749 0.13193
-0.12050 0.05362 -0.13094
0.38189 -0.07598 0.14721
-0.24229 -0.08167 0.14256
0.41548 -0.02576 -0.12441
0.25797 -0.01037 0.14848
-0.41206 0.02639 0.00579
-0.18964 0.11962 0.10531
0.38176 0.00653 -0.11909
0.08055 0.12567 0.09152
0.27271 -0.14100 -0.14332
-0.33392 -0.06909 -0.14033
-0.32105 -0.06530 -0.14247
-0.25972 0.07251 -0.10607
-0.13392 0.14226 -0.01184
0.17436 -0.05192 -0.03617
0.19285 -0.03642 -0.08201
0.19026 -0.03723 -0.05307
-0.23850 -0.07539 -0.14216
-0.39884 0.06851 0.11028
0.26916 -0.03325 0.10554
0.31056 -0.02322 0.10515
0.30305 -0.03527 0.10561
-0.22241 0.00326 0.14542
-0.23181 0.00340 0.15369
-0.22115 -0.04569 -0.15064
-0.16690 0.09760 0.09594
-0.31810 -0.01681 0.15063
-0.26069 0.06543 -0.09592
-0.12197 0.10859 -0.11278
-0.40902 0.07184 0.02230
0.15436 0.05027 0.13429
-0.25378 0.00778 -0.15564
0.41074 -0.07351 -0.06650
-0.41022 0.00101 0.13091
0.05068 -0.06348 -0.11478
-0.18760 -0.00736 -0.10890
-0.11910 0.14120 0.06645
-0.12364 0.01931 0.14733
0.29428 -0.07040 -0.12291
-0.18242 0.11985 -0.11275
0.34178 -0.00905 0.09666
0.07471 0.12656 -0.10274
-0.13989 -0.06006 -0.10845
-0.01204 0.12877 0.00940
-0.40094 0.03236 -0.02714
-0.13663 0.04106 0.14443
0.43861 -0.05855 0.02767
-0.30142 -0.05827 -0.12974
0.40232 -0.09317 -0.07445
0.26578 -0.06215 -0.12009
0.41046 -0.07807 -0.05010
-0.03739 0.12608 0.10453
0.32250 -0.02177 0.14610
-0.19645 0.07568 -0.10628
0.39448 -0.06896 -0.14471
0.20550 0.02889 0.07224
-0.06195 0.13131 -0.08604
0.18246 -0.05089 0.13940
-0.27895 -0.10266 0.14697
-0.00838 -0.06778 -0.12091
0.07160 -0.06819 -0.12648
0.11575 -0.06763 -0.11759
0.02354 -0.06798 -0.12373
-0.26638 0.05822 -0.13833
0.17842 0.06529 -0.13391
0.34164 -0.04614 0.13305
0.29466 -0.13589 0.11148
-0.06513 0.13069 -0.10283
0.37712 0.00600 -0.13197
0.14483 -0.06348 -0.11520
-0.06840 -0.07390 -0.12991
0.42198 -0.08758 0.06992
0.30498 0.04944 0.07089
-0.40936 0.04861 0.02356
0.01407 0.02609 -0.14668
-0.27771 -0.02451 0.13544
-0.25467 -0.06682 -0.14147
0.40201 0.02972 -0.04028
0.38942 -0.00494 0.11028
0.03787 0.12256 -0.10003
-0.43882 -0.05181 0.01527
-0.14035 0.11291 -0.06823
0.41908 0.00804 -0.04562
-0.30142 -0.06096 0.12373
0.13676 0.06768 0.13335
0.10943 0.06534 0.13376
0.12300 0.07598 0.13083
-0.12186 0.13182 -0.10435
0.00224 0.10271 -0.11184
-0.15154 0.12264 0.11258
-0.12167 0.10546 -0.12141
-0.13991 0.13698 -0.09278
0.04155 0.02357 0.14443
0.16755 0.03691 0.12441
-0.08053 0.13458 0.07769
0.20779 -0.07064 -0.11254
-0.18195 -0.02810 0.15063
-0.18118 -0.07542 0.11732
-0.23856 -0.04325 -0.15264
-0.25962 -0.00214 -0.10890
0.05809 0.14073 0.01696
0.03912 0.14156 0.01617
-0.21871 0.08438 -0.10998
0.19678 -0.02343 0.02463
0.19817 -0.01497 0.02343
0.19975 -0.00527 0.02911
-0.42448 -0.05142 0.01393
0.39006 -0.01514 -0.09258
-0.18833 0.09803 0.10759
0.41354 -0.00261 0.08345
0.34694 -0.06335 0.09666
0.34230 -0.06551 0.09281
0.05745 0.12355 0.10103
0.25302 -0.03335 0.15313
-0.04761 0.12756 -0.06476
-0.04098 0.12774 -0.05270
-0.02882 0.12812 -0.05050
-0.39258 -0.04700 -0.14196
-0.42270 -0.04045 0.05289
-0.10781 0.14206 0.02384
-0.00719 0.08105 0.12781
-0.03526 0.09265 0.12348
-0.05138 0.10054 0.12054
-0.18638 -0.05330 0.11288
0.43635 -0.06386 -0.02078
0.07960 -0.04152 -0.14528
0.12487 0.10558 0.10757
0.40660 -0.00784 -0.09536
-0.27265 -0.01570 -0.10488
-0.38026 -0.01594 -0.09678
-0.03241 0.11550 -0.11492
-0.29842 -0.04760 -0.12531
0.07501 0.12263 0.10893
0.28290 -0.12993 0.14783
0.30571 -0.08798 0.15067
0.22820 0.05500 -0.12274
0.22921 -0.05696 -0.15810
0.10557 0.12595 0.10587
0.15131 -0.06336 -0.11916
-0.08213 -0.06535 -0.09097
-0.10156 -0.06672 -0.10335
-0.13732 -0.06707 -0.11757
0.03004 -0.06664 -0.05581
0.01678 -0.06554 -0.05624
-0.39649 -0.02127 -0.06442
-0.39644 -0.01896 -0.08905
-0.37711 0.05575 -0.09332
-0.20067 0.07172 0.05878
-0.21198 0.07172 0.08762
-0.17573 0.07172 0.04250
-0.18632 0.07172 0.05218
0.31078 -0.09251 -0.15155
0.14888 0.07138 -0.18264
-0.11865 -0.06119 -0.13193
0.00479 0.04716 0.14164
0.35607 -0.04587 0.08809
0.03268 0.13580 -0.09566
-0.41016 -0.01143 -0.12541
-0.41275 0.06851 -0.10337
0.39734 -0.09456 0.10308
0.01718 0.08231 0.12924
-0.16122 -0.05284 -0.14070
0.38565 0.02076 -0.12521
0.15278 -0.05621 0.14242
0.12355 -0.05473 0.14271
0.24901 -0.08372 0.15227
0.41386 -0.08946 0.09155
-0.16286 -0.07428 0.14533
0.06874 -0.06165 -0.14091
-0.13923 -0.06264 0.10661
0.34347 -0.02731 -0.13389
-0.00501 0.11869 -0.11447
-0.09310 -0.06262 -0.03028
-0.07881 -0.06235 -0.00991
-0.13894 -0.06267 -0.01582
-0.03632 -0.06238 -0.03031
-0.03287 -0.06212 -0.00724
-0.09528 -0.06273 -0.04000
-0.06295 -0.06228 -0.01001
-0.04474 -0.06224 -0.01324
-0.11408 -0.06335 -0.09070
-0.14090 -0.06278 -0.02540
-0.10805 -0.06328 -0.08660
-0.05674 -0.06252 -0.03587
-0.09942 -0.06242 -0.00809
-0.12482 -0.06320 -0.07258
-0.07940 -0.06247 -0.02098
0.01668 0.12287 0.11284
0.22319 0.05408 -0.04955
-0.40605 0.00639 0.12120
-0.40365 0.06157 -0.07853
-0.15066 0.09933 0.12333
0.22157 0.05562 -0.09732
0.17837 -0.04136 -0.11193
0.03453 0.12869 0.10979
0.25986 -0.02973 0.11287
0.42638 -0.08018 0.01421
-0.15232 -0.04620 0.07619
-0.15421 -0.00912 0.02112
-0.15335 -0.02594 0.04904
-0.15207 -0.05076 0.06023
-0.15163 -0.05922 0.06268
-0.15300 -0.03284 0.06676
-0.24485 -0.12087 -0.14563
0.25908 -0.06767 -0.13800
0.17771 -0.00943 -0.14772
0.25953 0.03541 0.14519
0.07662 -0.06840 0.12993
0.36272 0.02007 -0.10207
-0.13604 0.11540 0.05512
0.33142 -0.00853 0.14752
0.15805 0.09361 0.11344
0.19552 0.00699 0.14763
-0.17418 -0.01527 0.08924
0.29267 -0.04372 0.10576
0.34504 -0.04031 0.10576
0.29310 -0.04941 0.10576
0.38894 0.04112 0.00462
-0.22056 0.00221 -0.10890
-0.12768 0.12168 0.00442
0.41548 -0.00986 -0.07763
-0.43301 -0.02571 -0.10616
-0.39914 0.06519 -0.00135
-0.33365 0.04794 0.14280
0.10959 -0.00113 0.14774
0.19852 -0.05316 0.14361
0.21326 -0.07834 -0.12662
0.28898 -0.07516 0.14256
0.07297 -0.07164 0.13542
-0.16989 -0.01978 0.13048
0.29631 -0.12669 -0.11375
0.28686 -0.06562 0.15007
0.07265 0.01671 0.14748
0.02142 0.08389 0.12329
0.25574 -0.12420 0.13369
-0.25655 -0.09059 0.14865
-0.08545 0.03437 0.14595
-0.17036 -0.04323 -0.12610
-0.40401 0.05701 0.08474
-0.07466 0.05085 -0.13956
-0.11230 0.06250 -0.13332
0.17511 -0.01599 0.11236
-0.13212 -0.02095 0.14452
-0.41313 -0.02371 -0.11564
-0.38516 0.00689 -0.14186
-0.00540 0.11672 0.11262
-0.31074 0.07172 -0.01611
-0.30431 0.07172 -0.06436
-0.29509 0.07172 -0.01778
-0.27644 0.07172 -0.01491
-0.29694 0.07172 -0.00938
0.01951 -0.03019 -0.13196
0.40863 -0.08429 -0.01188
0.17594 0.08083 -0.11574
-0.23550 -0.12415 0.14599
-0.39439 0.06702 -0.11096
0.38165 0.04105 -0.08940
0.23581 0.05450 -0.13271
0.21257 -0.03490 0.14246
0.35541 -0.05676 0.15371
-0.08212 -0.07148 0.12993
0.14892 0.07780 -0.16868
-0.14916 0.13969 -0.01418
-0.23705 0.07374 0.11749
0.32392 -0.06191 0.15157
0.27590 -0.12822 -0.15810
-0.04308 -0.07448 0.13490
-0.21879 -0.08590 -0.14147
-0.11886 0.14129 -0.06200
-0.11999 0.14191 -0.03147
-0.17728 0.08148 -0.10092
0.41714 0.02922 -0.00992
-0.20809 -0.11724 0.14724
-0.18853 -0.04174 -0.01299
-0.29418 -0.04081 -0.06695
-0.32911 -0.04050 -0.05756
-0.39302 -0.03994 -0.06659
-0.35843 -0.04024 -0.06280
-0.38741 -0.03999 -0.08320
-0.34464 -0.04036 -0.02638
-0.32072 -0.04057 -0.05930
-0.35390 -0.04028 -0.04265
-0.39133 -0.03995 -0.06082
-0.24211 -0.04127 -0.00371
-0.39305 -0.03994 -0.02339
-0.38270 -0.04003 -0.06341
-0.20791 -0.04157 -0.01689
-0.20520 -0.04159 -0.00084
-0.34048 -0.04040 -0.01092
-0.31196 -0.04065 -0.04577
-0.36959 -0.04014 -0.02644
-0.38734 -0.03999 -0.01125
-0.38034 -0.04005 -0.05159
-0.28667 -0.04087 -0.01593
0.36980 0.04273 0.05627
-0.10770 -0.06350 -0.10886
0.22130 -0.00015 -0.13261
-0.18176 -0.10088 0.11276
-0.10963 0.03754 -0.14569
-0.30716 0.05446 -0.14152
0.00823 0.13048 -0.00955
-0.19881 -0.05892 0.14555
-0.14488 -0.04111 0.14539
0.07819 -0.07510 -0.13401
0.20193 -0.07577 -0.13473
0.15665 0.03096 -0.14616
0.39205 -0.09380 -0.11249
-0.37551 -0.07235 0.13000
-0.35458 -0.05154 0.13140
-0.22025 -0.04924 0.12013
-0.24365 0.07165 0.09752
-0.30142 -0.04197 0.12660
0.01552 0.05350 -0.13223
-0.20490 -0.06848 0.14256
-0.25595 -0.06177 -0.15297
-0.13009 -0.01682 -0.12481
0.20789 0.04232 -0.00492
0.20846 0.04552 -0.01505
-0.35464 -0.03978 0.13007
-0.34138 -0.03978 0.12859
0.40646 -0.10099 0.06165
-0.40764 0.04837 0.01242
-0.21871 0.06546 0.11248
