-0.01422 0.05668 0.04589
0.16168 -0.03238 0.15968
0.36294 0.00481 0.07691
-0.20858 -0.05403 0.14769
-0.13707 0.14254 0.11177
-0.38435 -0.09565 0.08275
-0.01569 0.12055 0.11691
-0.32750 -0.08600 0.18840
-0.24953 0.12875 0.07855
-0.20328 0.13425 0.07396
-0.40110 0.04419 -0.03810
-0.39844 -0.10969 0.04953
0.04585 0.05052 0.15861
-0.33171 -0.08654 -0.12641
0.16846 -0.11631 -0.17508
-0.39681 0.05865 -0.05834
-0.35049 0.01508 -0.16432
-0.13932 0.01977 -0.04266
-0.32821 -0.10648 -0.16216
-0.07898 -0.09413 -0.15951
-0.15188 -0.08100 -0.16273
-0.24205 -0.14516 0.13952
-0.24003 -0.09356 0.05838
0.25817 -0.11953 -0.18809
-0.34660 -0.07540 -0.12144
0.27396 -0.02891 -0.14022
-0.20753 -0.11479 -0.18854
0.27995 -0.02616 0.13943
-0.08590 0.14176 -0.04817
-0.08437 0.14189 -0.03589
-0.11022 0.14053 -0.04641
0.28210 -0.01991 -0.15125
-0.36494 0.01146 0.16736
0.24051 -0.08650 -0.18608
-0.24596 -0.00617 -0.12993
-0.18531 0.06610 0.04649
-0.18384 -0.02465 0.18031
-0.29998 0.02491 -0.15982
-0.25950 -0.06783 0.18152
0.20093 -0.06280 -0.18150
-0.19789 -0.09403 0.07160
0.22485 -0.05062 0.11347
0.28303 -0.09036 0.11257
0.23666 -0.09733 0.11347
0.18149 -0.04854 0.11427
0.20237 -0.04351 0.11385
0.28066 -0.11187 0.11272
0.21079 -0.11189 0.11403
0.16350 -0.08876 0.11480
0.28857 -0.08923 0.11246
0.26352 -0.06613 0.11282
0.22221 -0.10451 0.11378
0.19849 -0.00961 0.11376
0.24336 -0.06742 0.11320
0.25370 -0.09331 0.11313
0.20509 -0.13530 -0.16407
0.14868 -0.07788 -0.17633
0.25045 -0.00953 0.18359
0.20945 -0.13249 -0.17194
0.40858 -0.10655 0.07173
-0.25172 -0.09884 0.09818
0.35668 -0.01106 0.07369
-0.32120 0.05855 0.13798
0.31942 0.02701 -0.08617
0.33344 0.02239 -0.08517
-0.26916 -0.10398 0.05077
-0.15458 0.15584 -0.01283
0.32330 0.00195 -0.13665
0.16939 -0.03377 0.11441
-0.28132 -0.10913 -0.12480
-0.29218 -0.12287 -0.12285
-0.24425 -0.11550 -0.12398
-0.21791 -0.09663 -0.12667
-0.23999 -0.11945 -0.12343
-0.22318 -0.11789 -0.12368
-0.22200 -0.07339 -0.12992
-0.24696 -0.10314 -0.12570
-0.24824 -0.04605 -0.13370
-0.23134 0.01210 -0.14188
-0.22493 -0.04578 -0.13378
0.29113 -0.03711 0.16082
-0.32833 -0.07534 0.14480
-0.19201 -0.08940 -0.18261
-0.07287 -0.02579 -0.04797
-0.34711 -0.08379 -0.14564
0.25334 -0.01073 -0.19574
0.19231 0.00109 -0.15613
0.25308 -0.06871 0.18142
0.22147 -0.08715 -0.19275
-0.04153 0.14363 0.07500
-0.03791 0.14398 0.06581
-0.19548 -0.05322 -0.17622
-0.33105 -0.03249 -0.14300
0.02873 0.07497 -0.14010
-0.02744 0.12084 -0.12369
-0.36728 0.01795 -0.13507
-0.26681 0.05449 0.13237
0.19427 0.00322 0.14432
0.19630 0.00369 0.11894
-0.22209 -0.11592 0.05315
-0.16059 0.01240 0.11254
0.21010 -0.02139 0.14441
0.19477 -0.04753 0.17165
-0.25053 -0.14120 0.15836
-0.05492 0.03193 0.16285
-0.12702 0.03047 0.16431
-0.00809 0.02302 0.16415
-0.06322 0.02297 0.16502
-0.01636 0.02576 0.16365
-0.14564 0.03113 0.16446
-0.04104 0.02444 0.16434
0.26564 -0.01749 0.14835
-0.40348 -0.11774 -0.03926
0.28036 -0.02714 0.12869
-0.35058 -0.00307 0.17678
0.34600 0.01902 0.07503
-0.30770 -0.10898 0.07508
0.04369 0.05531 -0.14054
0.22331 -0.07763 -0.18091
-0.27671 -0.12512 -0.09359
-0.26194 -0.12515 -0.11092
-0.28996 -0.12451 0.03269
-0.21922 -0.12495 -0.10689
-0.23502 -0.12470 -0.04579
-0.28710 -0.12474 -0.01206
-0.28210 -0.12436 0.05598
-0.27261 -0.12461 0.00021
-0.24868 -0.12512 -0.11400
-0.26414 -0.12481 -0.04449
-0.27477 -0.12496 -0.06472
-0.27552 -0.12503 -0.07650
-0.23339 -0.12505 -0.11440
-0.28683 -0.12516 -0.09187
-0.23314 -0.12487 -0.08018
-0.26256 -0.12521 -0.12123
-0.29053 -0.12428 0.07675
-0.24785 -0.12486 -0.06572
0.30121 -0.01583 -0.16202
-0.26348 -0.14414 -0.17439
-0.02682 0.15091 -0.03783
0.28788 -0.04432 -0.14843
0.21556 0.03716 -0.13700
0.22992 0.03553 -0.14236
-0.36190 0.02561 0.12485
-0.35655 0.00651 0.15558
0.15794 -0.08736 -0.17240
-0.41848 -0.06480 -0.00561
-0.13065 -0.02619 -0.12919
-0.04221 0.14708 -0.05820
-0.33752 -0.10772 0.12853
-0.33144 -0.07947 0.12825
-0.33624 -0.05605 0.12829
-0.21952 -0.06312 0.12504
-0.29432 -0.03783 0.12704
-0.23059 -0.07485 0.12540
-0.32432 -0.09535 0.12811
-0.30276 -0.02841 0.12725
-0.29988 -0.07378 0.12734
-0.28518 -0.07564 0.12693
-0.36174 0.01338 0.16049
-0.21233 -0.11242 -0.13920
0.19612 -0.13740 0.15285
-0.32123 -0.10538 0.07692
0.19214 -0.11383 -0.18502
-0.22816 -0.03043 -0.14077
0.36582 -0.08175 -0.15290
0.24368 -0.10565 -0.18674
-0.34051 -0.08813 0.15980
-0.20568 -0.05906 -0.15079
-0.19076 -0.06245 -0.14146
0.35689 0.00239 -0.12118
-0.18971 -0.09550 0.14628
-0.19876 -0.06733 -0.13113
-0.21946 0.13197 -0.05228
-0.21540 0.13221 -0.05624
-0.40328 -0.09118 0.09438
0.18472 -0.03783 -0.14741
-0.27714 -0.03634 -0.17062
0.16944 -0.07360 0.12712
-0.21435 -0.09104 0.09415
-0.15208 0.13840 -0.01077
-0.27481 -0.11307 0.06930
0.16135 -0.07946 0.11479
-0.00141 0.10887 -0.12153
0.15878 0.06356 0.05912
0.20626 0.06465 0.06425
0.19538 0.06467 0.05579
0.16741 0.06527 0.01928
0.16061 0.06469 0.03005
-0.32739 -0.09680 -0.15504
0.20905 -0.00638 -0.18089
0.18211 -0.13346 -0.15690
-0.07180 -0.01672 -0.12340
0.32469 0.00444 -0.13156
-0.26553 -0.09873 0.07500
-0.35333 -0.09908 -0.12777
-0.35226 -0.11611 -0.16472
-0.32285 -0.11729 -0.17822
-0.20343 -0.03478 -0.14307
-0.23600 -0.02619 -0.15659
0.31914 -0.00355 -0.11945
-0.17521 0.13453 0.09287
-0.21209 0.12672 0.10575
-0.18968 0.13116 0.09900
0.19643 0.00849 0.17948
-0.06227 -0.03558 0.10497
0.03303 0.09229 0.08943
0.02921 0.09742 0.08079
0.06893 0.06004 0.10358
-0.28272 -0.01400 -0.14259
-0.29959 -0.09075 0.08398
0.31491 -0.10812 -0.18608
-0.29182 -0.08998 0.06234
0.15887 -0.00660 0.17699
-0.20303 -0.01338 -0.03498
-0.21292 -0.01338 -0.02390
-0.23873 -0.01338 -0.02644
0.20613 -0.12139 -0.18353
-0.19642 0.03390 0.16404
-0.04557 0.03980 0.15583
-0.13526 0.03636 0.16063
-0.11429 0.03737 0.15928
-0.21899 -0.11027 0.05196
0.27104 -0.01996 0.15999
-0.20153 0.13392 -0.00216
-0.19391 0.13468 -0.00887
-0.30211 0.04837 -0.13587
0.26909 -0.03500 -0.18035
-0.05293 0.14303 0.02121
-0.07618 0.14228 0.03722
-0.03703 0.14395 0.04344
0.30233 -0.02604 -0.17441
0.33468 0.01989 0.08494
-0.35595 0.04264 0.16112
0.40787 -0.09001 -0.06922
-0.31473 -0.11670 0.08123
0.03166 0.08577 -0.11554
0.25103 -0.06616 0.17210
-0.31321 -0.00286 -0.12883
-0.17261 0.03640 0.10860
-0.17252 0.05585 0.11064
0.34373 0.01176 -0.11991
-0.31115 -0.12238 0.14725
0.29998 -0.12128 0.12900
-0.21719 -0.04137 0.16464
-0.14468 0.15149 0.08420
0.17201 -0.09320 -0.17693
-0.00071 0.04352 -0.03044
0.23079 -0.01413 -0.14935
-0.34708 -0.06352 -0.17675
-0.40480 -0.10064 0.07587
0.17720 -0.08118 0.16569
0.17908 -0.09063 0.13806
-0.05386 -0.00594 -0.03100
-0.21521 -0.04383 -0.13585
-0.23796 -0.00938 -0.13021
0.24524 -0.14074 0.16712
-0.41730 -0.01285 -0.06999
-0.30651 -0.01554 0.14506
0.29790 -0.08666 -0.17075
-0.15545 0.04249 -0.05072
-0.25869 0.00162 -0.14819
-0.26443 0.00245 -0.16209
-0.17004 0.07947 0.03858
0.21676 -0.10916 -0.19126
0.32857 0.00541 0.11012
-0.31469 -0.03066 0.14030
-0.18105 -0.07375 0.12386
-0.29643 -0.10127 0.12735
-0.22710 -0.08409 0.12525
-0.25798 -0.11464 0.12607
-0.26441 -0.10617 0.12631
-0.21781 -0.07609 0.12500
-0.22043 -0.08511 0.12504
0.17948 -0.09329 0.14918
-0.26238 0.08983 -0.11642
-0.25866 -0.01613 0.19410
0.21293 -0.01997 0.12959
-0.28555 0.05739 0.13078
-0.21078 -0.10151 0.04715
-0.02630 0.04764 0.05693
-0.01104 0.04923 -0.07324
-0.32062 -0.10740 0.18203
0.30126 -0.07102 0.15212
0.02095 -0.07226 -0.16837
-0.06184 -0.02870 -0.08699
-0.21055 0.13266 -0.11750
0.28265 -0.03229 -0.19511
-0.05949 -0.06571 -0.16846
-0.09850 -0.06620 -0.16768
0.07172 -0.05970 -0.17205
0.03589 -0.06272 -0.17077
-0.26585 -0.01433 0.15924
0.29058 -0.12836 -0.14630
-0.32621 -0.09343 0.08728
-0.31956 -0.10780 -0.17305
-0.01325 0.07429 0.03533
-0.06857 -0.04707 -0.06776
-0.32416 -0.10244 0.14479
-0.38893 -0.11713 0.12106
0.24684 -0.15423 -0.17953
-0.33849 -0.02852 0.18609
0.37781 -0.05278 -0.14209
0.39068 -0.04677 -0.11974
0.16564 -0.11152 -0.16828
-0.39966 0.05895 0.01287
-0.01939 0.13485 0.08295
-0.02557 0.14464 0.06669
-0.01006 0.12981 0.07613
-0.01731 0.12871 0.09758
-0.02637 0.14174 0.07802
0.38634 0.00181 -0.02345
0.39754 -0.01125 -0.01649
0.21223 0.06661 0.01426
0.19664 0.06628 0.01231
0.19656 0.06665 0.00194
0.16473 0.06597 -0.00182
0.16459 0.06626 -0.01009
-0.24756 -0.11544 0.06298
-0.22037 0.02829 0.16670
-0.37306 -0.01155 -0.16867
0.33481 -0.03617 -0.18289
0.29448 -0.05665 -0.16451
-0.14653 -0.03122 -0.12239
-0.21074 -0.04460 0.14854
0.39908 -0.06118 -0.02162
0.40453 -0.04918 -0.00976
0.39613 -0.07695 -0.02292
0.40342 -0.05889 -0.00813
-0.18823 -0.05869 -0.13673
0.34022 0.00914 0.12927
-0.32492 -0.13232 -0.15642
-0.08849 -0.02930 -0.12550
0.27907 -0.01075 0.14203
0.22231 -0.13781 0.15788
0.11061 -0.08752 0.15679
0.20884 -0.13130 0.14140
-0.21750 -0.02162 -0.18454
0.34063 0.01204 0.09588
0.25396 0.04445 -0.03923
0.26015 0.04346 -0.06649
0.24157 0.04640 0.00856
0.23560 0.04668 -0.05450
0.23140 0.04792 0.03839
0.22034 0.04915 0.01463
-0.20207 -0.07210 -0.18867
-0.28186 0.07825 -0.12958
-0.30202 0.05396 -0.13743
0.22282 -0.13778 -0.15965
-0.21334 -0.11732 0.16318
-0.34941 0.05341 0.15259
-0.31324 -0.03153 -0.12801
0.27882 -0.04094 -0.18961
-0.12600 -0.05122 0.00244
-0.14010 -0.05122 -0.12735
-0.16978 -0.05122 0.04063
-0.11560 -0.05122 -0.05396
-0.16175 -0.05122 -0.02994
-0.15074 -0.05122 -0.07152
-0.11539 -0.05122 -0.07221
-0.14062 -0.05122 0.02714
-0.12369 -0.05122 -0.10119
-0.02602 -0.05122 -0.07230
-0.08249 -0.05122 -0.09677
-0.11579 -0.05122 -0.10573
-0.04671 -0.05122 -0.08707
-0.07230 -0.05122 -0.02824
-0.18892 -0.05122 0.02042
-0.13180 -0.05122 -0.07965
-0.15576 -0.05122 0.05938
-0.11910 -0.05122 -0.03741
-0.15423 -0.05122 -0.02729
-0.17415 -0.05122 0.02888
-0.20187 -0.05122 -0.10541
-0.19456 -0.05122 -0.08882
-0.19482 -0.05122 0.05656
-0.09215 -0.05122 -0.10067
-0.19984 -0.05122 -0.06794
-0.02800 -0.05122 -0.11571
-0.01184 -0.05122 -0.10191
-0.14905 -0.05122 -0.12595
-0.11515 -0.05122 0.01485
-0.13675 -0.05122 -0.07630
-0.05699 -0.05122 -0.09765
-0.16003 -0.05122 -0.10126
-0.17182 -0.05122 -0.05357
-0.20658 -0.05122 -0.08494
-0.12356 -0.05122 0.01634
-0.19649 -0.05122 -0.10929
-0.14215 -0.05122 0.03937
-0.10703 -0.05122 -0.07328
-0.12577 -0.05122 -0.07051
-0.19406 -0.05122 0.01172
-0.14788 -0.05122 -0.06337
-0.07553 -0.05122 -0.04948
-0.16444 -0.05122 -0.11289
-0.20835 -0.05122 -0.02682
-0.13572 -0.05122 -0.02554
-0.18864 -0.05122 -0.05655
-0.05960 -0.05122 -0.10323
-0.28906 -0.01936 -0.13600
-0.20722 -0.11554 0.19514
-0.28950 -0.13715 0.17555
0.29481 -0.09647 0.16632
-0.30279 0.08426 0.01092
-0.32170 0.06286 -0.00824
-0.31938 0.06508 0.03380
-0.32693 0.05707 -0.02539
-0.29729 0.09047 0.01724
-0.31583 0.06915 0.03246
-0.31308 0.07260 0.00187
-0.27433 0.11702 -0.01424
-0.31071 -0.12068 -0.17661
-0.13665 0.13938 0.01132
0.29078 -0.09918 -0.15874
-0.21968 -0.02245 -0.13078
-0.22401 -0.10816 0.07750
-0.02351 0.15277 0.00107
-0.25053 -0.07368 0.18774
-0.16411 0.04425 -0.12383
0.05875 0.02721 -0.12775
0.04128 -0.02165 -0.12775
0.09878 0.02385 -0.16992
-0.32980 -0.07400 0.19719
0.29238 -0.06113 -0.15036
0.19684 -0.01252 -0.18407
-0.41649 -0.07016 0.00122
0.23914 -0.04213 -0.19125
-0.06334 0.14299 -0.11258
0.30297 -0.05992 0.15624
0.20767 -0.13066 0.13536
0.29379 -0.03193 -0.14789
-0.40198 -0.04119 0.16914
-0.40421 -0.06120 0.13514
0.29392 -0.05533 -0.15050
-0.32714 -0.08963 -0.17597
0.15248 -0.04929 -0.14598
0.37801 -0.06429 -0.13768
0.37483 -0.06519 -0.14375
-0.33321 -0.11510 0.07925
-0.21129 -0.05620 -0.15787
-0.28768 0.09916 -0.11181
0.34385 -0.00220 -0.14350
-0.27684 0.08682 -0.10733
-0.35287 -0.11528 0.05872
-0.36830 -0.04066 0.18521
0.23335 -0.14034 0.13759
-0.14812 0.02398 0.02920
-0.36682 0.05320 -0.14399
-0.07918 -0.00841 0.16867
-0.16512 0.01128 0.16698
-0.04731 0.00019 0.16773
-0.12183 0.02139 0.16586
0.02902 0.00952 0.16659
-0.06736 -0.00623 0.16842
-0.11295 0.00452 0.16749
0.03856 0.00001 0.16750
-0.14436 0.02269 0.16579
-0.01367 0.00980 0.16668
-0.02766 0.00503 0.16720
-0.00620 0.00055 -0.09461
0.18659 -0.11524 -0.16064
-0.14696 0.15044 -0.08435
0.18026 -0.09521 0.16840
0.40640 -0.05493 -0.08402
0.37478 -0.05483 -0.14722
0.37278 -0.01303 0.06336
0.32204 -0.11128 0.17098
0.38922 -0.03933 -0.07334
0.39265 -0.03502 -0.06483
-0.31153 -0.01968 0.16946
-0.15073 0.00244 0.11491
0.30060 -0.06706 0.15629
0.20895 0.00428 -0.19433
0.22903 0.00582 -0.19304
0.35137 0.00063 0.06656
0.24238 0.04136 -0.09610
0.37640 -0.10209 -0.15023
0.23573 0.04764 0.07415
0.29804 -0.07278 -0.18776
-0.09128 0.15589 -0.04600
-0.05373 0.15448 -0.04775
-0.11966 0.15689 -0.05042
-0.31418 -0.12677 -0.12622
0.39299 -0.09896 0.12121
-0.23282 -0.00464 -0.13450
-0.22169 -0.00982 -0.17167
-0.19440 -0.10408 -0.15077
0.36464 -0.04841 -0.15828
-0.34588 -0.09655 -0.16638
-0.18719 -0.06500 -0.16958
0.20059 0.04218 0.08801
-0.26213 -0.09546 0.06885
-0.21275 -0.04089 0.15636
0.33099 0.01220 0.11490
-0.25823 -0.06699 0.19381
0.10490 0.05190 0.08867
-0.19522 -0.07478 0.13804
0.37467 -0.00805 0.08407
-0.18801 -0.11489 0.09695
-0.39992 0.05919 -0.01136
-0.26953 -0.03074 0.18868
0.30581 -0.01044 0.12795
-0.25348 -0.09105 -0.17258
-0.15887 0.02336 0.03115
0.02221 -0.01976 0.06375
0.27659 -0.02296 0.16738
0.15868 0.02142 0.16204
-0.26826 -0.01262 -0.15242
-0.26312 -0.13979 -0.15321
-0.05399 0.14284 -0.02726
-0.05976 0.14275 -0.03142
0.26471 -0.06009 -0.18353
-0.29244 -0.06963 -0.18156
-0.32857 0.03282 -0.15217
0.27159 0.00984 0.17524
-0.29709 -0.01909 -0.15637
-0.30056 -0.02728 -0.17829
0.41809 -0.09930 -0.06125
-0.39559 0.03768 -0.06572
-0.19274 -0.11448 0.06568
0.30720 0.00915 0.15373
0.25916 -0.00132 0.11268
0.28808 -0.03833 0.11221
0.27309 -0.01962 0.11245
0.24741 -0.00271 0.11289
-0.30311 0.00218 0.13215
-0.29451 0.00372 0.17100
-0.08573 0.14074 -0.11976
-0.34697 -0.08224 -0.13944
-0.41044 -0.09514 0.00088
-0.41397 -0.08175 -0.01430
-0.26467 -0.08077 0.19026
0.24398 -0.01485 -0.16356
0.17097 -0.07357 -0.19481
0.33351 -0.01250 -0.16003
0.34889 0.01601 0.10658
-0.25179 -0.00209 -0.17871
-0.38123 -0.01174 -0.16094
0.31708 -0.01367 -0.17596
0.32629 -0.01370 -0.12126
0.29443 -0.00965 0.11840
0.29146 -0.00777 0.13592
-0.14452 -0.01445 -0.06007
0.32010 -0.06868 0.15820
-0.21405 -0.04115 -0.18818
0.09644 0.04295 0.03449
0.05755 0.07553 0.01015
0.08992 0.04714 -0.03383
0.05878 0.07346 -0.04142
0.07706 0.05753 -0.06121
0.07740 0.05838 -0.00385
0.03786 0.09221 0.00735
0.06542 0.06884 0.00992
0.05534 0.07620 -0.05128
0.08863 0.05002 0.05647
0.09254 0.04417 -0.07150
0.07029 0.06468 0.00886
0.09506 0.04341 -0.00181
0.08190 0.05524 0.03098
0.08886 0.04892 0.01065
0.06315 0.07051 -0.00282
0.03651 0.09278 -0.02197
-0.00091 0.12444 -0.03025
0.19086 -0.13641 -0.13939
-0.40294 -0.00025 -0.05379
-0.39802 0.01069 -0.05032
-0.38076 0.02668 -0.11697
-0.02053 0.04423 0.05880
-0.20061 -0.01820 0.12415
0.13910 0.05548 0.03084
-0.26680 -0.14445 -0.16245
0.39789 -0.04771 0.09380
0.10897 0.00104 -0.17537
0.16864 -0.01581 0.13181
0.32882 -0.00998 -0.13918
-0.17785 -0.09263 0.05823
-0.39510 0.01243 0.07479
-0.16497 0.02087 0.03432
-0.37170 0.02139 -0.13558
-0.21395 -0.09545 0.05428
0.28744 -0.02435 -0.15100
-0.16740 0.14547 -0.09479
-0.32222 -0.04803 -0.15072
0.23923 -0.14092 0.14577
0.35751 -0.04772 0.15357
0.16491 -0.07015 0.14478
-0.31233 -0.02562 0.14064
-0.30651 -0.01364 -0.12754
-0.32498 -0.06055 0.18535
-0.40033 0.04158 0.02137
-0.39524 0.02944 0.03879
-0.30734 -0.09130 0.08274
-0.36467 -0.11762 0.05630
-0.22162 -0.09437 0.06704
-0.34095 -0.10708 -0.13656
-0.38683 -0.00880 -0.08589
0.17024 -0.08469 -0.14409
0.26093 0.03252 -0.10773
-0.00432 0.06176 0.08783
-0.32287 -0.04233 -0.12701
-0.32679 -0.09279 0.17240
-0.26591 0.02311 -0.16367
-0.33266 -0.01801 0.12653
-0.31936 -0.00852 0.13693
-0.17748 -0.09253 0.15836
-0.31525 -0.10570 0.07773
-0.26037 -0.15557 0.15844
-0.27968 -0.14038 0.19230
0.17816 -0.08207 -0.18695
0.19256 -0.14206 -0.17603
0.21070 -0.13771 -0.15285
-0.38015 0.03906 0.14957
-0.38712 -0.00856 -0.14392
-0.16163 0.12788 0.11382
0.26843 -0.13232 -0.15559
0.18062 0.06410 -0.06298
0.20442 0.06486 -0.06171
0.15842 0.06301 -0.07113
0.25873 -0.01927 -0.17370
0.22382 -0.06506 -0.19181
-0.39943 -0.00341 -0.07560
-0.38913 0.01975 -0.07393
-0.15549 -0.03655 -0.16886
-0.11155 -0.02690 -0.16995
0.02907 -0.02206 -0.07332
0.02907 -0.02206 0.03213
-0.38711 0.02952 0.10508
-0.28510 -0.12031 0.18860
0.27926 -0.01756 -0.18243
-0.21709 0.14146 0.09560
-0.19552 0.14125 0.10490
-0.28543 -0.09662 0.19307
-0.23655 -0.13601 0.15666
0.13724 -0.00332 0.16665
-0.01216 0.01683 0.04962
-0.19565 -0.04562 0.15902
-0.17695 0.08392 0.04925
-0.18746 -0.09302 0.05921
-0.39747 0.04743 -0.09766
-0.39792 0.04477 -0.08105
-0.17772 -0.09197 0.06794
-0.26079 0.01967 0.17821
-0.18859 -0.03648 0.12914
-0.32237 -0.12721 0.14555
0.25382 -0.13594 0.14921
-0.13894 0.14782 -0.09328
-0.32456 -0.07624 0.16170
-0.19875 -0.03265 0.12412
0.16828 -0.09889 0.14676
-0.20510 -0.03337 -0.15531
0.21463 0.03925 0.14180
-0.17055 0.13691 -0.06660
-0.19600 0.13401 -0.07407
0.26568 -0.02694 -0.16006
-0.17815 -0.04996 0.00672
-0.24114 -0.04996 -0.01834
-0.18434 -0.04996 -0.01478
-0.03687 -0.04996 0.00692
-0.20091 -0.04996 0.00697
-0.22933 -0.04996 -0.00621
-0.07097 -0.04996 0.00527
-0.17752 -0.04996 -0.00009
-0.25739 -0.04996 -0.03367
-0.24676 -0.04996 0.01040
-0.39961 -0.11816 -0.08816
-0.38589 -0.11918 -0.06960
0.19048 -0.13267 0.14473
-0.23692 0.14234 -0.07491
-0.20355 0.14662 -0.07352
-0.20059 -0.08348 0.14533
0.09246 0.00426 -0.17409
0.17219 0.05219 -0.02468
0.18562 0.05116 -0.04679
0.18153 0.05170 -0.00516
0.17874 0.05136 -0.08598
0.20922 0.05020 0.04749
0.18959 0.05123 0.00445
0.21563 0.04983 0.05557
0.21576 0.04892 -0.08377
0.17258 0.05182 -0.07802
0.20868 0.04987 -0.00982
-0.23802 -0.01290 -0.18768
-0.15515 0.15583 -0.00585
-0.18246 -0.10731 -0.14476
0.13369 0.04719 0.11171
0.13399 0.04699 0.09109
0.21571 -0.14845 0.17358
-0.06316 0.00774 -0.16901
-0.14032 0.01203 -0.16601
-0.02819 -0.00876 -0.17202
-0.17088 -0.01274 -0.16782
-0.04424 0.00470 -0.16997
-0.12003 0.00923 -0.16699
0.07429 -0.00026 -0.17440
-0.11560 0.00370 -0.16776
-0.17783 0.02483 -0.16334
-0.09462 0.01066 -0.16766
-0.06265 -0.00071 -0.16999
-0.20521 -0.09432 -0.15663
-0.25994 0.13192 -0.07149
0.18976 -0.04290 0.12792
-0.20663 -0.06528 -0.14083
-0.39070 0.06175 -0.05377
-0.33721 -0.05803 0.18877
0.33827 -0.09578 -0.18027
-0.18975 -0.05431 -0.18573
-0.24793 -0.06212 -0.17509
-0.18412 -0.09330 -0.18352
0.42038 -0.02322 -0.04408
-0.41230 -0.08578 -0.06037
-0.41609 -0.07402 -0.03202
-0.40845 -0.10614 -0.03094
-0.35784 -0.01971 0.18280
-0.32358 -0.05549 0.17157
0.11768 -0.04383 0.16717
0.27552 -0.02966 -0.17467
0.16925 0.04344 0.11263
0.15021 0.04520 0.10123
0.16505 0.04379 0.10467
-0.24951 0.12855 0.11618
-0.28587 0.06363 0.14044
0.18299 -0.05013 0.15650
-0.18261 -0.10773 -0.16447
0.23244 -0.13658 0.14441
-0.27106 -0.11824 0.09218
0.25674 -0.09989 0.17033
-0.28848 -0.13408 -0.16543
-0.14743 0.13892 0.04689
-0.35779 -0.09097 0.05855
0.21089 0.00704 0.12138
0.20573 -0.13271 -0.14196
0.33643 -0.02586 -0.11645
0.35123 -0.02348 -0.08655
0.18012 -0.06323 -0.18756
-0.41805 -0.04921 0.10938
-0.42176 -0.04122 0.10895
0.40745 -0.02907 -0.09617
0.27797 -0.12472 -0.17657
0.10165 0.05627 0.04273
-0.02353 -0.03543 0.16841
-0.12132 -0.03600 0.16938
-0.15741 -0.04498 0.16977
-0.14245 -0.03889 0.16960
0.17221 -0.09480 -0.18779
0.09953 -0.06125 0.16420
0.25416 -0.01391 0.14189
-0.09539 -0.03571 -0.04805
-0.29776 -0.01896 -0.17873
-0.43044 -0.03370 -0.03761
0.27336 -0.14173 0.18435
-0.19228 0.15072 0.05701
-0.22870 0.14434 0.05655
0.26463 -0.02903 -0.17539
0.22717 -0.07592 0.17930
-0.33439 -0.05079 0.19550
-0.16688 0.13015 0.10669
-0.38678 -0.01102 0.09790
-0.00904 0.12008 -0.09086
0.06022 0.06620 -0.09594
-0.02294 0.14079 -0.05847
0.05496 0.07176 -0.09092
-0.00750 0.12618 -0.06784
0.04673 0.07634 -0.09610
-0.03910 0.14291 -0.08098
0.34852 -0.00954 -0.14536
-0.40995 -0.02219 -0.15583
0.29521 -0.11086 0.14891
0.41165 -0.08512 -0.00420
0.09756 0.05101 -0.01944
-0.28819 -0.13832 0.15680
0.31189 -0.06000 -0.19783
-0.34687 -0.08746 -0.14976
0.22329 -0.02502 0.17105
0.30313 -0.05920 0.13792
-0.24988 0.00658 -0.18152
-0.17758 -0.08698 0.18147
-0.24799 -0.09644 0.07386
0.30861 -0.09210 0.12796
0.22673 -0.01405 0.15295
-0.32799 -0.11639 0.05416
0.23417 0.00888 0.13763
0.23697 0.00914 0.15298
0.29263 -0.03887 0.18290
-0.11698 -0.01824 -0.06595
-0.30771 -0.07428 -0.01821
-0.30382 -0.09178 -0.00451
-0.30141 -0.10146 0.06094
-0.30011 -0.10798 0.03316
-0.30173 -0.09938 0.09233
-0.30578 -0.08110 0.07891
-0.30256 -0.09700 0.02366
-0.30296 -0.09680 -0.05767
-0.30127 -0.10293 0.02256
-0.29880 -0.11624 -0.07675
-0.30230 -0.09965 -0.04743
-0.32476 0.00661 0.11787
-0.29867 -0.11713 -0.09030
-0.30102 -0.10290 0.07794
-0.32545 0.01008 0.13250
-0.31187 -0.05270 0.10492
-0.30728 -0.07550 0.01813
-0.32636 0.01367 0.10474
-0.31030 -0.06120 0.03959
-0.29894 -0.11357 0.02234
-0.30934 -0.06701 -0.02743
-0.30570 -0.08413 -0.05151
-0.29767 -0.11998 -0.00566
-0.29985 -0.11131 -0.07010
-0.30657 -0.07913 -0.00145
-0.30936 -0.06618 0.00683
-0.30102 -0.10537 -0.04256
-0.32436 0.00419 0.08913
-0.31809 -0.02506 0.06287
-0.30218 -0.09957 -0.01876
0.07505 0.03746 -0.14151
-0.23249 -0.06871 -0.17290
-0.18348 0.07114 -0.10178
0.23525 -0.09250 -0.19063
-0.36838 -0.05034 -0.18112
0.19477 -0.02833 -0.14513
-0.34372 0.05713 0.10485
-0.36434 0.05479 -0.10734
-0.35511 0.05608 -0.00604
-0.36454 0.05562 -0.08725
-0.36915 0.05785 -0.06346
0.40851 -0.02435 -0.02857
0.40454 -0.02412 -0.03899
-0.14702 0.01989 -0.09893
-0.11880 0.14791 0.09910
0.18618 0.00012 0.15567
-0.28042 0.02845 -0.15858
0.39669 -0.02856 0.10842
0.40318 -0.04206 0.08526
-0.37396 -0.01031 0.13879
0.29732 -0.03594 -0.15530
-0.14888 -0.02196 -0.12098
-0.15249 0.03749 -0.04323
-0.38910 -0.03387 0.17599
-0.32603 -0.09602 0.15668
0.14600 0.04410 -0.10489
0.14895 0.04347 -0.15056
0.18096 0.04039 -0.14923
-0.32711 -0.06813 0.17328
-0.23541 -0.13759 -0.12951
-0.03485 0.14959 0.03286
0.18277 -0.11639 -0.16895
-0.08405 0.14933 -0.09703
-0.07588 0.14768 -0.10293
0.18620 -0.05750 0.17790
-0.03780 0.15055 -0.03194
0.17586 0.05928 -0.03858
0.19455 0.05959 -0.06620
0.16496 0.05919 -0.00202
0.17102 0.05923 -0.02510
0.16848 0.05912 -0.03358
0.14729 0.05869 -0.01837
0.28348 -0.02896 0.17170
-0.25145 -0.13892 -0.13452
-0.36281 -0.11156 0.07190
-0.29583 -0.01845 -0.17035
0.03861 0.05933 0.13750
-0.18092 0.11428 -0.06822
-0.24794 -0.12021 -0.17175
-0.15430 0.13821 -0.02616
0.27489 -0.11665 -0.17997
-0.23237 -0.02327 -0.14474
0.33677 0.02771 -0.04572
0.34684 0.01941 -0.07493
0.31211 0.03048 -0.07746
0.35072 0.02214 -0.05135
0.33827 0.02526 -0.05720
0.24028 -0.01255 0.15390
-0.32750 -0.05047 -0.13784
0.17608 -0.07686 -0.18969
-0.40865 -0.08142 0.10395
-0.42614 -0.03267 0.08607
-0.42799 -0.02605 0.04567
0.21192 0.02004 -0.17866
0.19031 -0.14026 -0.15569
-0.17666 -0.04301 -0.17604
0.31559 -0.10644 -0.14629
0.29645 -0.05574 0.16212
0.00094 0.11066 -0.11409
0.02014 0.09591 -0.11699
0.04128 0.07964 -0.12031
-0.34533 -0.09607 0.05119
-0.10560 -0.07312 0.16470
-0.04025 -0.07161 0.16404
0.04229 -0.05646 0.16596
-0.07051 -0.06944 0.16494
-0.06449 -0.06912 0.16491
-0.21745 -0.01928 0.15617
0.34360 -0.06335 0.16483
-0.26039 -0.07503 0.18686
0.32292 -0.01210 0.12040
-0.24043 -0.09935 0.10178
-0.10535 -0.08697 0.16016
-0.21159 0.13289 0.01123
-0.25143 0.12869 0.02119
-0.15283 -0.04615 0.06657
-0.13058 0.15739 0.02727
0.40728 -0.11219 -0.04633
-0.22765 -0.09266 0.05303
0.20981 -0.02083 0.17019
0.28859 -0.01750 0.14436
-0.26692 -0.14284 0.17124
0.13060 -0.09636 0.16518
0.24105 0.00258 -0.13616
-0.31127 -0.01388 -0.18336
0.17390 -0.00919 0.16490
-0.16045 -0.06938 -0.16613
-0.18247 0.13584 -0.03619
-0.16987 0.13704 -0.04715
-0.12915 0.13962 -0.03238
0.20255 -0.12264 0.14781
-0.22238 -0.00967 -0.18450
-0.24141 -0.00020 -0.17997
0.25242 -0.02508 -0.18658
-0.29377 -0.09571 0.05083
-0.19962 -0.10915 -0.13129
-0.39469 -0.11593 0.09067
-0.33478 0.05669 -0.01467
-0.35713 0.05384 -0.13467
-0.35787 0.05369 -0.14059
-0.40682 -0.11457 0.05254
-0.25204 0.13991 -0.06941
-0.32651 -0.09483 0.15153
0.19309 -0.11809 0.18282
-0.37767 -0.11766 0.14422
-0.17548 0.15351 -0.02485
-0.16764 0.15483 -0.03881
0.18127 -0.09668 0.18232
0.09608 -0.02934 -0.04862
0.09639 -0.05946 -0.02615
0.09616 -0.05095 -0.07531
0.09587 0.01816 -0.00157
0.09564 -0.01230 -0.14004
0.09629 -0.01976 0.03393
0.09620 -0.06534 -0.09746
0.09622 -0.00704 0.04390
0.09620 0.00074 0.05652
0.09626 0.00477 0.08204
0.09587 -0.01518 -0.07923
0.09617 0.00127 0.04953
0.09581 0.00002 -0.06058
0.09597 0.00114 -0.01031
0.09633 -0.06307 -0.05385
0.09636 -0.05333 -0.02089
0.09542 0.01436 -0.14315
0.09614 -0.06103 -0.10253
0.09618 -0.06645 -0.10310
0.09616 -0.00496 0.03122
0.09641 -0.09607 -0.10601
0.09602 -0.02187 -0.04841
0.09611 0.01736 0.06693
0.09619 -0.08505 -0.14401
0.09556 -0.00036 -0.13474
0.09608 -0.04496 -0.08560
0.09577 -0.00248 -0.07816
0.09636 -0.02039 0.05379
0.09630 -0.05349 -0.03858
0.09551 0.00917 -0.12857
0.09615 -0.03474 -0.04051
0.09635 -0.00760 0.08142
-0.29935 -0.15013 -0.14086
-0.28748 0.10090 0.04805
-0.27662 0.11269 0.05249
-0.27346 0.11659 0.04637
-0.20074 -0.12074 0.16416
0.31333 -0.07108 -0.17800
-0.42064 -0.04894 0.09392
-0.41433 -0.06325 0.09282
-0.02505 0.15405 0.01941
-0.02786 0.15415 0.03877
-0.02333 0.15398 0.02725
-0.33264 -0.09265 0.05457
0.24589 -0.15247 0.12944
-0.24705 0.09074 0.12581
0.18095 -0.06481 -0.17958
0.16371 0.04244 -0.10252
0.20254 0.03874 -0.10548
0.22759 -0.06256 0.17716
-0.39160 -0.09938 0.05328
0.26842 -0.02801 -0.15109
0.18701 -0.12952 0.15765
-0.00250 0.09764 -0.11070
-0.04502 0.12941 -0.10393
0.22136 -0.00268 0.16426
-0.22192 0.00149 -0.08443
-0.21278 -0.04865 -0.10474
-0.21899 -0.01488 -0.10187
-0.22322 0.00912 -0.05884
-0.21374 -0.04340 -0.10312
-0.21979 -0.00997 -0.07789
-0.22500 0.02064 0.01934
-0.22673 0.02958 0.00051
-0.20825 -0.07254 -0.07321
-0.21575 -0.03139 -0.05629
-0.20404 -0.09576 -0.09013
-0.22342 0.01278 0.04986
-0.21471 -0.03688 -0.04973
-0.22060 -0.00363 0.00332
-0.21996 -0.00954 -0.10122
-0.22588 0.02683 0.08021
-0.22304 0.00648 -0.13096
-0.22470 0.01773 -0.03463
-0.22516 0.01991 -0.04955
-0.22812 0.03476 -0.10076
-0.22738 0.03045 -0.11399
-0.20505 -0.09079 -0.11044
-0.21873 -0.01360 0.01174
-0.21894 -0.01587 -0.13333
-0.22381 0.01194 -0.07580
-0.22374 0.01517 0.07842
-0.22679 0.03186 0.08266
-0.22745 0.03387 0.01634
-0.21799 -0.01972 -0.07911
-0.22240 0.00606 0.00071
-0.20482 -0.09117 -0.07416
-0.21447 -0.03791 -0.03865
-0.21018 -0.06116 -0.03646
-0.21762 -0.02033 -0.01726
0.27146 -0.14689 0.16033
-0.21435 -0.01522 -0.18461
0.40586 -0.01838 -0.06442
0.12507 -0.09467 -0.17240
-0.05503 -0.00799 -0.00045
0.29679 -0.06571 -0.14159
-0.26127 0.10517 -0.10745
-0.01425 0.01194 -0.00812
-0.17655 -0.09757 0.10042
-0.31106 -0.00270 0.14992
-0.36925 0.03049 0.12556
-0.35086 -0.05799 -0.15463
-0.35137 -0.07224 -0.18585
-0.24255 0.04493 0.15037
-0.22460 -0.03251 -0.13445
0.21210 0.00467 -0.15817
0.22357 0.00564 -0.13832
-0.20503 -0.05297 0.18693
-0.36658 -0.09299 0.05460
-0.17771 -0.11290 0.09876
-0.07819 -0.00824 -0.02005
-0.26984 -0.13977 0.14555
-0.38914 -0.02961 -0.17218
-0.21869 -0.11106 0.07049
-0.42751 -0.04554 -0.03080
-0.42350 -0.05224 -0.06125
-0.41437 -0.03409 0.13712
-0.28731 0.07946 -0.10880
0.26325 -0.09190 0.17698
0.30500 0.02434 -0.10867
0.31666 0.02183 -0.10780
-0.24694 -0.13702 0.15044
0.16486 -0.07564 0.12959
-0.24327 -0.02287 -0.12037
-0.19502 -0.06899 -0.12062
-0.23289 -0.04690 -0.12025
-0.25549 -0.00539 -0.12037
-0.22033 -0.04074 -0.12054
-0.22036 -0.12304 -0.13576
0.02664 0.06763 -0.18132
-0.11361 -0.04423 -0.05008
0.40147 -0.08329 0.01422
0.39568 -0.08321 0.04410
-0.22844 -0.12912 -0.17616
-0.18838 -0.00858 -0.03753
0.27276 -0.12469 0.16570
-0.38548 -0.00163 0.14171
-0.39469 -0.00198 0.11209
-0.14003 -0.01602 0.10714
0.29788 -0.07536 -0.14723
0.03154 -0.01889 0.16778
0.07248 -0.01611 0.16737
-0.13756 -0.03276 0.16951
0.05744 -0.01162 0.16747
-0.05407 -0.02314 0.16863
0.18323 -0.11052 -0.16199
0.19900 -0.13588 0.18369
-0.21313 -0.00701 0.15903
0.26191 -0.01937 0.13846
0.34940 0.00755 0.05647
0.03282 -0.08865 -0.16342
0.02059 -0.07769 -0.16670
0.01155 -0.07865 -0.16625
0.03474 -0.07420 -0.16804
-0.21122 -0.05278 -0.14387
0.11919 -0.08241 -0.17047
0.27989 -0.12231 0.15823
-0.04495 0.14476 -0.10653
0.29367 -0.13129 0.16793
0.23511 -0.00856 -0.19601
0.29926 0.02731 0.12953
-0.12604 -0.02936 -0.04904
-0.30851 -0.10255 0.07667
-0.13826 -0.03214 0.03455
0.19263 -0.13447 0.16420
0.11612 0.04756 -0.10765
0.12808 0.04607 -0.11691
-0.22147 -0.02680 0.12447
0.36399 -0.09562 -0.15795
-0.35188 -0.08310 -0.18404
-0.35165 -0.11411 -0.18764
-0.35213 -0.10544 -0.17123
-0.29919 -0.10631 0.04789
0.26815 -0.13453 0.15497
-0.38799 -0.05374 0.17399
-0.37582 -0.10203 0.07384
0.10516 -0.02956 -0.17523
0.28459 -0.03394 0.14252
0.01357 0.08091 -0.12501
0.25586 -0.13920 0.17947
-0.19149 -0.05422 0.17863
-0.42510 -0.01323 0.01429
-0.13620 0.01620 -0.12987
-0.40877 -0.10029 -0.06235
0.29025 -0.05351 -0.14345
-0.38529 0.01055 -0.14046
0.31130 -0.07014 0.18463
-0.27198 -0.04561 0.18882
0.17690 -0.10623 -0.16774
0.37768 -0.09159 -0.13644
-0.21457 -0.10811 -0.15368
0.33197 -0.05446 0.17336
0.33974 -0.01036 0.07647
0.30072 0.00292 0.16305
0.17171 -0.04558 0.15327
-0.29411 0.01318 -0.17395
-0.27852 0.08659 0.11399
0.16515 -0.01523 -0.13652
0.16199 -0.02192 -0.14810
0.07153 0.04432 0.13304
0.02672 0.07886 0.11374
-0.06864 -0.11064 0.18556
0.03680 -0.10746 0.17958
-0.08009 -0.10244 0.17196
-0.10310 -0.10382 0.17439
-0.03763 -0.10866 0.18205
-0.10578 -0.10042 0.16875
-0.13558 -0.10221 0.17192
-0.22897 -0.10168 0.05064
-0.24257 0.12699 -0.08578
-0.19664 0.12746 -0.10364
-0.21421 -0.12294 -0.18830
-0.20198 -0.09496 0.17034
0.37826 0.01122 0.01435
0.37960 0.00880 0.01963
-0.27593 -0.14338 -0.14640
0.35520 0.00599 0.10798
0.35868 0.00953 0.09568
-0.25890 -0.08379 0.18687
-0.32781 -0.08910 0.15064
0.17585 -0.03013 -0.16475
-0.29643 -0.13407 0.14806
-0.34824 -0.07657 -0.16501
0.36027 -0.02947 0.15315
-0.33959 -0.04543 -0.15346
-0.40379 -0.02223 0.16449
0.22210 0.02380 0.16564
-0.07086 0.14260 0.05245
-0.12439 0.14019 0.04107
0.29612 -0.06106 -0.18444
0.41596 -0.10237 -0.06669
0.30467 -0.08926 0.14175
-0.27894 0.01117 0.18802
0.21243 -0.11161 0.16834
-0.18955 -0.03349 0.17664
0.29927 0.02990 -0.09624
0.28820 0.03024 -0.10018
0.16348 -0.00000 0.17602
0.25137 -0.09010 -0.19208
0.32222 -0.01916 0.10726
0.32177 0.00945 -0.15416
0.03556 0.06930 -0.16089
0.27894 -0.00111 0.12208
0.31416 -0.08445 -0.18170
0.31474 -0.09341 -0.17421
0.34697 -0.02600 0.08940
0.35559 -0.02363 0.06960
-0.33415 -0.11580 0.06383
0.32247 -0.05030 -0.19049
-0.17943 -0.01678 0.16996
-0.27353 0.10692 0.12002
-0.30575 -0.08444 -0.07684
-0.31425 -0.04419 -0.01158
-0.31718 -0.03299 -0.11977
-0.30897 -0.06981 -0.08259
-0.32978 0.02634 -0.04128
-0.32632 0.01165 0.01484
-0.30649 -0.08149 -0.09812
-0.30990 -0.06520 -0.06481
-0.32550 0.00757 -0.00140
-0.31313 -0.05027 -0.05842
-0.30005 -0.11146 -0.12227
-0.32721 0.01301 -0.11608
-0.32220 -0.00775 -0.01098
-0.30998 -0.06555 -0.10092
-0.31085 -0.06101 -0.07325
-0.31773 -0.02860 -0.02884
-0.33097 0.03059 -0.09932
-0.31630 -0.03680 -0.10861
-0.32890 0.02309 -0.00142
-0.32619 0.01159 0.04138
-0.32013 -0.01811 -0.05338
-0.31305 -0.05090 -0.07146
-0.30628 -0.08190 -0.07174
-0.31312 -0.05146 -0.11403
-0.32245 -0.00542 0.04627
-0.31453 -0.04445 -0.08640
-0.32656 0.01153 -0.04233
-0.31615 -0.03630 -0.05203
-0.33115 0.03191 -0.07437
-0.29841 -0.11883 -0.11458
-0.32391 -0.00021 -0.02480
0.28797 -0.06820 -0.18245
-0.17392 0.13009 -0.10121
0.23981 -0.00192 -0.18513
-0.21205 -0.00307 -0.17669
-0.21717 -0.02050 0.07958
-0.21357 -0.04157 0.01358
-0.20534 -0.08378 0.12129
-0.20574 -0.08301 0.06101
-0.22061 -0.00191 0.07511
-0.20009 -0.11600 -0.03854
-0.21882 -0.01192 0.06236
-0.21284 -0.04525 0.02717
-0.20580 -0.08391 0.00729
-0.20486 -0.08651 0.11452
-0.21170 -0.05008 0.08409
-0.20168 -0.10423 0.09646
-0.21019 -0.05858 0.07278
-0.20378 -0.09592 -0.03648
-0.20090 -0.10902 0.07217
-0.20739 -0.07330 0.09119
-0.20201 -0.10554 -0.03639
-0.21308 -0.04161 0.12522
-0.20522 -0.08762 -0.01661
-0.20688 -0.07847 -0.00901
-0.22212 0.00700 0.10495
-0.20088 -0.11078 0.00268
-0.21019 -0.05826 0.08606
-0.20556 -0.08671 -0.05660
-0.20890 -0.06791 -0.02843
-0.22290 0.01107 0.09726
-0.20361 -0.09434 0.07033
-0.19910 -0.11871 0.07705
-0.20615 -0.08162 0.02587
-0.20586 -0.08450 -0.02992
-0.17418 0.09902 0.12906
-0.12059 0.12653 0.11885
-0.24590 0.05694 0.14452
0.35821 -0.00947 0.08243
-0.27575 -0.07790 0.18509
-0.01145 0.00743 0.00268
-0.27095 -0.01775 0.19352
0.36007 0.01178 0.07689
-0.22107 -0.11347 0.07711
-0.13331 0.15696 -0.03627
-0.18366 -0.09648 -0.15860
-0.21854 -0.04123 -0.14658
-0.40627 -0.11091 0.02587
-0.40531 -0.11443 0.03457
-0.30862 -0.14473 -0.13635
-0.28745 0.10220 -0.02886
-0.30059 0.08744 -0.04863
-0.26508 0.12788 -0.03548
-0.31563 -0.09521 0.09539
0.34705 -0.00770 -0.09030
-0.20122 0.01846 0.16704
-0.19985 0.13449 0.03235
-0.22351 0.13172 0.02497
0.30575 -0.07229 -0.19487
-0.35369 -0.03818 -0.18654
0.19909 -0.12400 0.13852
-0.20447 -0.08427 0.16737
0.15543 -0.06218 0.12289
0.15666 -0.05342 0.12816
0.01449 -0.04581 -0.17289
0.02682 -0.03945 -0.17322
-0.02442 -0.04266 -0.17196
-0.32734 -0.06767 0.15651
0.26012 0.00573 0.12343
0.18565 -0.02540 0.14928
0.24706 -0.13295 0.17699
-0.26809 -0.14419 -0.15257
-0.40643 -0.01230 -0.10667
-0.40951 -0.01382 -0.13423
0.38912 -0.03040 0.06460
0.19780 0.00231 -0.18277
-0.36375 -0.00051 0.15179
0.01778 0.05550 -0.17342
0.28356 0.02905 -0.11733
0.28078 0.02941 -0.13812
0.27258 -0.12770 0.15795
-0.31736 0.06042 -0.09409
-0.29769 0.08586 -0.07814
-0.28946 0.09927 -0.05553
-0.30440 0.08261 -0.05217
-0.28824 0.09782 -0.07202
-0.28059 0.10730 -0.06823
0.28397 -0.02933 0.17847
-0.11410 -0.03906 0.11000
-0.09084 0.14136 0.00108
-0.05029 0.14306 0.01470
-0.11732 0.14028 -0.00005
0.17526 -0.03977 0.13733
-0.04835 0.14246 -0.07999
-0.04526 0.14342 -0.06163
-0.09914 0.14068 -0.06065
-0.36333 -0.10854 0.05224
0.26424 -0.14849 -0.15243
-0.31066 -0.11313 -0.12155
-0.22174 -0.09423 -0.12130
-0.32089 -0.04187 -0.12019
-0.32797 -0.08466 -0.12099
-0.30486 -0.01082 -0.11962
-0.21228 -0.09327 -0.12129
-0.28586 -0.09083 -0.12115
-0.30173 -0.05502 -0.12046
-0.26034 -0.05826 -0.12057
-0.30923 -0.02115 -0.11981
-0.31383 -0.00775 -0.11955
-0.23169 -0.11678 -0.12171
-0.31149 -0.07662 -0.12086
-0.30918 -0.03351 0.16188
-0.14614 -0.04560 0.10691
-0.13951 -0.03225 -0.05150
-0.19264 -0.09624 0.09600
0.06050 0.05029 -0.14938
0.31003 -0.09088 -0.15776
-0.04425 0.13958 0.11474
-0.04215 0.05654 0.04480
-0.37675 -0.06706 0.17801
-0.19705 -0.11454 0.17391
-0.15803 -0.01644 0.10865
-0.15865 -0.02303 0.10865
-0.34755 -0.03800 -0.13245
-0.23333 -0.11295 0.08103
-0.32450 -0.09426 0.07879
0.40953 -0.08519 -0.01995
0.31077 -0.05002 -0.16566
-0.27835 -0.01947 0.15284
0.30530 -0.07095 0.16137
-0.31166 -0.11715 0.14994
0.36888 0.00938 -0.08679
-0.28471 -0.13899 0.16583
0.35903 -0.11105 0.15717
-0.19417 -0.05985 -0.13198
-0.24204 -0.07379 0.18196
0.22588 -0.00252 -0.19254
-0.10053 0.13503 0.10344
-0.06939 0.13674 0.10320
-0.08809 0.13406 0.10820
-0.14710 -0.04252 -0.16902
0.01690 -0.03047 -0.17301
-0.13945 -0.02392 0.05823
0.18427 -0.10525 0.18014
0.23777 -0.14077 0.16177
-0.33283 -0.11154 0.14326
-0.40765 -0.09494 0.08304
0.02283 0.07715 0.12341
-0.00353 0.09801 0.11631
0.17686 -0.07384 0.17953
-0.42768 -0.01481 -0.00469
-0.40198 0.04424 -0.00962
-0.40409 0.04870 -0.02601
-0.01421 0.05136 0.03801
-0.03288 0.14706 0.07829
0.38376 -0.02155 0.12751
-0.29252 -0.02423 -0.16604
0.33028 0.00569 -0.11965
-0.37133 -0.01338 -0.11482
-0.32511 -0.08126 0.15484
0.34297 0.00172 -0.08012
0.20174 -0.13341 -0.15144
-0.00806 0.11382 -0.10693
-0.28444 -0.14214 -0.16011
0.35281 0.00704 -0.07243
0.22756 -0.15474 -0.18992
0.27825 -0.02654 -0.13660
0.23903 -0.01954 -0.13598
0.21784 -0.00050 -0.13575
0.26763 -0.03283 -0.13638
0.30697 -0.02106 0.16481
0.25172 -0.15064 -0.19440
0.19144 0.05121 0.02071
0.19817 0.05095 0.05011
0.17499 0.05264 0.07324
0.20207 0.05064 0.04191
0.17067 0.05277 0.04841
0.16571 0.05319 0.06361
0.18729 0.05143 0.01292
0.14943 0.05349 -0.05791
0.13705 0.05414 -0.08451
0.14791 0.05383 -0.02080
-0.20395 -0.10020 0.17185
-0.30713 -0.04119 0.18978
0.18099 0.02259 -0.17074
-0.21366 -0.08695 -0.17395
0.29878 -0.02099 -0.13695
0.17656 0.03970 0.14703
0.29836 -0.09647 0.14943
-0.19082 -0.10060 0.16892
0.23060 -0.15504 -0.14748
-0.19654 0.14998 0.05268
-0.24424 0.14168 0.04156
-0.22287 -0.14163 -0.13412
0.24798 -0.07458 0.17977
0.25552 0.03857 0.08455
0.18494 -0.03800 -0.19358
-0.24907 0.13327 -0.09856
-0.20139 0.14902 -0.02434
-0.23692 0.14284 -0.03376
-0.25762 0.13928 -0.02004
-0.14361 -0.04396 0.03593
-0.38124 -0.06920 -0.17277
0.30579 -0.01114 0.14771
0.15309 -0.09178 0.11739
-0.20061 -0.08736 0.16129
-0.33935 -0.02209 -0.13498
0.24269 -0.09052 0.17910
-0.24549 -0.13961 0.16536
0.29796 -0.05153 -0.13678
0.25706 -0.03613 -0.13619
0.28477 -0.06987 -0.13646
0.23931 -0.03244 -0.13592
0.30514 -0.06439 -0.13683
0.29694 -0.09146 -0.13655
-0.28668 -0.13830 -0.13086
0.26489 -0.02134 0.15679
0.38858 -0.08216 0.10257
0.38112 -0.06554 0.12537
-0.18686 -0.07613 0.18021
-0.34875 -0.11219 0.09756
0.24910 0.04568 0.04169
0.24541 0.04626 0.05548
0.27850 0.04159 -0.00406
0.24103 0.04669 0.03856
0.27144 0.04290 0.05123
0.26822 0.04321 0.03725
0.31345 -0.03250 0.16204
0.31490 -0.04197 0.11304
-0.25833 -0.01525 0.14925
0.35940 -0.05715 0.15130
-0.32285 -0.05297 0.14779
0.30178 -0.12231 0.15767
-0.22474 0.12171 0.11407
-0.22701 -0.02717 0.15696
-0.20722 -0.05010 0.16531
0.17805 -0.06950 0.14634
-0.16226 0.13767 -0.08095
-0.18378 0.11385 0.06211
-0.39287 0.05937 -0.07729
0.17738 -0.07138 0.15722
0.21675 0.00760 0.15537
0.22925 0.00846 0.11982
-0.04259 0.15365 0.08384
-0.08736 0.15293 0.08573
0.23810 -0.05312 0.17004
-0.16144 0.00965 0.03515
0.26278 -0.01637 0.17975
-0.25693 -0.14331 -0.15033
0.14458 -0.09358 0.17675
-0.27404 0.06174 -0.13674
-0.27048 0.08762 -0.12662
0.15832 -0.06836 -0.13438
-0.13440 0.13321 -0.09947
0.21727 -0.12130 0.16961
0.29207 -0.11509 0.14531
0.39360 -0.04724 0.04368
0.39285 -0.06180 0.03583
0.40135 -0.03904 0.01798
0.39041 -0.04766 0.05652
0.32107 -0.10980 0.11770
-0.37873 0.00012 0.15601
0.37713 -0.01566 0.10757
0.38160 -0.00153 0.05610
0.26469 0.00121 -0.19662
-0.15794 0.15556 0.05420
-0.24860 -0.06580 0.19274
0.24463 -0.08399 -0.18027
0.34711 -0.00313 0.08675
-0.19820 -0.09401 -0.12087
-0.21855 -0.08446 -0.12108
0.27499 -0.12740 -0.18766
-0.15255 -0.00039 0.01328
-0.22809 -0.12403 -0.16249
0.40077 -0.09680 -0.09937
0.28965 -0.10926 0.17825
-0.27542 -0.00378 0.19482
-0.36977 -0.09322 0.09803
-0.27786 -0.15446 0.16344
-0.36520 -0.08881 -0.17975
-0.37626 -0.09652 -0.17223
0.30000 -0.00301 -0.17672
-0.39922 0.05551 0.06217
-0.15505 0.05255 -0.06511
-0.27881 0.11152 0.01942
-0.27885 0.11125 0.03543
-0.28613 0.10292 0.03823
0.20457 -0.11956 0.17322
0.11666 0.03843 -0.16128
0.21301 -0.01965 0.15346
-0.08210 0.15574 -0.01900
-0.03107 0.15413 0.00138
-0.08046 0.15580 -0.00741
-0.20583 -0.10482 0.07337
-0.28437 -0.13941 0.17136
0.39527 -0.10695 -0.11510
0.20919 0.01328 0.17687
-0.26534 0.00055 -0.13783
0.29154 -0.04252 0.14530
-0.16034 0.00543 -0.04816
-0.23179 -0.12373 -0.18027
0.36323 -0.01502 0.10956
0.36924 -0.01473 0.09720
-0.23419 -0.09228 0.05359
-0.22241 -0.05960 0.17965
0.11264 -0.07717 -0.16932
0.36832 -0.01351 -0.07814
-0.34463 -0.00592 -0.17628
0.01258 -0.12459 0.09242
0.08033 -0.12554 -0.03841
0.07071 -0.12484 0.08556
0.01234 -0.12508 0.00038
-0.01295 -0.12438 0.11415
0.03522 -0.12492 0.04679
-0.00670 -0.12515 -0.02693
0.05459 -0.12550 -0.04942
-0.12398 -0.12416 0.07803
0.00669 -0.12503 0.00558
0.03763 -0.12520 -0.00434
0.07133 -0.12541 -0.02091
-0.12690 -0.12408 0.09211
-0.09229 -0.12448 0.04000
0.06454 -0.12540 -0.02454
0.05060 -0.12498 0.04508
-0.11423 -0.12422 0.07416
0.08048 -0.12527 0.01152
-0.00225 -0.12443 0.11241
-0.03438 -0.12432 0.11045
-0.02029 -0.12438 0.10913
-0.04276 -0.12478 0.01715
-0.00387 -0.12494 0.01553
-0.09342 -0.12433 0.06860
0.07703 -0.12532 -0.00042
0.00267 -0.12498 0.01259
-0.03403 -0.12501 -0.01974
-0.06112 -0.12452 0.05510
0.05453 -0.12494 0.05511
-0.05248 -0.12428 0.10587
-0.06870 -0.12464 0.02718
-0.14406 -0.12410 0.07517
0.09105 -0.12586 -0.09189
0.02799 -0.12472 0.07875
0.04484 -0.12520 0.00064
0.09102 -0.12505 0.05954
0.01637 -0.12486 0.04460
-0.00992 -0.12487 0.02466
-0.12375 -0.12411 0.08758
0.06329 -0.12454 0.13820
0.08189 -0.12549 -0.02969
0.08998 -0.12573 -0.06887
-0.00083 -0.12474 0.05420
0.06602 -0.12502 0.04945
0.08934 -0.12512 0.04622
0.04972 -0.12467 0.10359
-0.09977 -0.12414 0.09994
0.07418 -0.12507 0.04562
-0.01857 -0.12431 0.12424
0.05484 -0.12466 0.10949
0.05688 -0.12461 0.11982
0.02649 -0.12461 0.09773
0.09439 -0.12565 -0.04966
-0.11320 -0.12431 0.05829
0.00359 -0.12512 -0.01427
-0.04276 -0.12456 0.05994
0.06207 -0.12523 0.00572
-0.00121 -0.12520 -0.03269
0.06123 -0.12529 -0.00537
0.02634 -0.12540 -0.05142
-0.01659 -0.12520 -0.04358
-0.38231 -0.00415 0.15200
-0.21303 -0.04684 0.15902
-0.21657 -0.12193 0.19091
-0.21038 -0.10647 -0.17472
-0.10337 0.14047 -0.08065
-0.09793 0.14064 -0.08044
0.35266 -0.01762 0.06364
-0.38158 -0.00946 0.14145
-0.39093 -0.09281 0.08146
0.00600 0.06154 0.08198
-0.34769 0.00159 0.17560
-0.30752 -0.09991 0.05203
-0.06743 0.04526 0.14893
-0.08012 0.04570 0.14857
0.06904 0.03743 0.15702
-0.23810 -0.00673 0.16735
0.19889 -0.13195 -0.17285
0.16249 -0.05341 -0.19170
-0.34748 -0.06147 0.13142
-0.09388 0.14896 0.09930
-0.09949 0.14776 0.10217
0.26802 -0.02251 0.14701
-0.37900 -0.01209 -0.13555
0.28751 0.03022 0.09689
-0.23841 -0.12023 0.18799
-0.13436 0.15547 -0.05899
-0.06673 -0.02853 0.03429
-0.42729 -0.02369 -0.08588
0.27489 0.02464 -0.15857
-0.19121 -0.09751 0.07836
-0.32364 -0.10613 -0.14997
-0.00084 -0.00505 0.09519
-0.36678 0.00388 0.10713
-0.11211 -0.04731 0.03220
-0.12761 -0.04701 0.03318
-0.34287 -0.05232 -0.15826
0.14685 0.06467 -0.03420
0.17188 0.06648 -0.01494
0.14953 0.06402 -0.04776
0.15451 0.06427 -0.04594
-0.38289 0.02956 0.14114
-0.39328 0.01094 0.11120
-0.42204 -0.04649 -0.10681
-0.41264 -0.04877 -0.13664
0.27226 -0.05835 -0.18939
-0.36112 0.02649 -0.11394
-0.34549 -0.11845 0.19678
-0.35527 -0.10079 0.18888
-0.04031 0.06606 0.03948
-0.29418 -0.03084 0.18636
-0.33146 0.05591 -0.08732
-0.33348 0.05592 -0.07816
-0.40426 -0.10428 0.05205
-0.14561 0.13896 0.03185
-0.17708 0.09637 -0.10195
-0.14374 0.13872 -0.05754
0.22923 -0.05389 -0.19212
0.23522 -0.09477 0.17036
0.18007 0.05012 0.08082
-0.23468 -0.14836 -0.16964
-0.41297 -0.06934 0.08031
-0.40199 -0.11567 0.09256
0.40243 -0.11180 0.03077
-0.27013 -0.14429 -0.14423
0.24638 -0.14646 -0.19509
-0.35541 0.00719 0.16362
0.32399 0.01073 0.11686
-0.42470 -0.01779 0.07654
0.21139 0.05516 -0.08662
0.01598 -0.11255 -0.18699
-0.06866 -0.11113 -0.18241
-0.06551 -0.10393 -0.17078
-0.06505 -0.10798 -0.17738
-0.02817 -0.11325 -0.18694
-0.01730 -0.11178 -0.18484
-0.16420 -0.11205 -0.18134
0.04717 -0.11400 -0.19019
-0.31424 -0.03138 -0.14650
-0.15229 0.04117 0.04999
-0.27832 -0.00321 0.14637
-0.35956 -0.01043 -0.15509
-0.36242 -0.00912 -0.14394
0.01192 0.05701 -0.03493
-0.43024 -0.03218 -0.01229
-0.22378 0.00750 -0.17230
-0.18503 -0.07657 -0.14292
-0.33869 -0.02210 -0.18702
-0.25290 -0.08586 0.19266
-0.21417 -0.11816 0.17634
-0.21901 -0.03370 0.14832
-0.16299 0.08388 -0.11412
-0.06303 0.13098 -0.11754
0.03542 0.06185 -0.14276
0.02033 0.07171 -0.13917
-0.18607 -0.04232 0.13120
-0.30883 -0.06452 -0.16907
-0.31691 -0.11849 0.05843
-0.24244 0.12882 0.09096
0.41781 -0.08810 -0.01817
-0.21313 -0.11727 0.19054
0.12525 0.05032 -0.09662
-0.17327 0.06290 0.10902
-0.19468 -0.09891 -0.18699
-0.03724 0.02321 -0.00608
-0.14996 -0.02162 -0.05070
-0.22146 0.11998 -0.11411
-0.23736 0.11083 -0.11525
-0.24686 0.11689 -0.11020
0.20022 -0.12637 -0.19151
-0.14607 0.13100 -0.10355
0.32433 -0.02829 -0.18669
0.05243 -0.02240 0.04326
0.06326 -0.02240 0.09397
0.04694 -0.02240 0.01254
0.05626 -0.02240 -0.04578
0.06556 -0.02240 -0.02165
0.06343 -0.02240 0.05961
-0.27134 -0.13480 0.18932
0.01549 0.11270 0.03304
0.08744 0.05121 0.06189
0.00776 0.11859 0.01777
-0.02004 0.14296 0.01697
-0.01572 0.13828 0.00206
0.19412 -0.01746 0.16231
-0.28239 -0.08368 -0.18115
0.21128 -0.13811 -0.18523
0.23189 -0.03945 -0.18100
-0.32888 -0.11293 0.19699
-0.21190 -0.09304 -0.18105
0.31118 -0.01714 0.17856
-0.31690 -0.11399 0.09497
0.40740 -0.02695 0.08241
0.01515 -0.01653 0.03766
0.01516 -0.01653 0.08745
0.29619 0.02536 0.14127
0.14788 -0.09419 -0.16742
-0.25527 -0.05213 0.18927
0.29290 -0.08955 -0.17131
-0.17490 0.09080 0.05465
0.29192 0.01764 -0.16757
-0.01003 0.07653 0.06534
-0.32614 0.05817 0.03853
-0.38545 0.05834 0.13358
-0.20436 -0.09363 -0.14946
-0.06216 -0.05608 -0.17073
-0.03088 -0.05639 -0.17109
0.05641 0.05047 0.13859
-0.25001 0.13171 0.04077
-0.19163 -0.04733 -0.18826
-0.16418 0.15546 0.02768
-0.13817 -0.01338 -0.00871
-0.14705 -0.01338 -0.00824
-0.15145 -0.01338 -0.01641
-0.03996 0.14401 0.06021
-0.07417 0.14251 0.05909
-0.11591 0.14073 0.06222
-0.21924 0.13968 -0.09484
-0.20774 0.14016 -0.09816
-0.25728 -0.14246 0.17186
-0.20742 -0.10234 -0.15795
0.01346 0.04964 0.14378
-0.05017 0.05927 0.14124
-0.04781 0.10901 0.12395
-0.10455 0.05069 0.14490
-0.03600 0.05557 0.14234
-0.16783 0.05696 0.14352
0.00496 0.04789 0.14450
-0.22912 0.05216 0.14595
-0.14911 0.10119 0.12793
-0.08872 0.05284 0.14395
-0.12914 0.07850 0.13556
-0.18213 0.05868 0.14310
-0.11323 0.08229 0.13404
-0.16703 0.09061 0.13183
-0.19975 0.06511 0.14109
-0.12269 0.08989 0.13152
-0.16235 0.08547 0.13356
-0.06486 0.09631 0.12857
-0.13089 0.05348 0.14426
-0.17453 0.04890 0.14640
-0.22682 0.06328 0.14206
-0.13625 0.10842 0.12526
-0.03056 0.05020 0.14414
0.31843 -0.05675 0.13277
0.34959 -0.01050 0.06373
-0.34563 -0.06181 0.17201
-0.29883 -0.12791 0.16425
-0.20046 -0.08644 -0.13134
0.25684 -0.00624 -0.19419
-0.26821 -0.15424 0.19537
0.37229 -0.04330 -0.15354
-0.22941 -0.01104 0.19251
-0.28602 -0.06376 0.18272
0.20990 0.02866 -0.16799
-0.35736 0.01273 0.16426
-0.29150 -0.13209 0.16568
-0.03882 0.13498 0.09746
-0.23861 -0.02972 0.18183
0.10457 -0.05858 -0.17353
0.15075 -0.05889 -0.17664
0.14977 -0.06800 -0.16358
0.28470 -0.11708 -0.17389
-0.25849 -0.01346 -0.18485
0.38654 -0.07906 0.07006
0.39175 -0.07717 0.03771
-0.27493 0.04504 0.13724
0.17067 -0.08753 -0.17767
-0.26048 -0.07985 -0.17689
0.19801 -0.12110 0.12832
-0.26302 -0.14021 -0.14476
-0.28290 -0.15241 0.19007
-0.32141 -0.09681 0.07066
-0.20712 -0.06049 0.17076
-0.13944 0.12846 -0.11543
-0.34364 -0.05392 -0.16527
0.14788 -0.10085 -0.17664
-0.32704 -0.06828 0.17866
0.29443 0.02855 0.09366
0.30342 0.02649 0.09139
0.30821 0.02539 0.10186
0.31552 -0.01511 -0.12671
0.31078 -0.06857 0.12779
-0.31426 -0.11260 0.07692
0.39581 -0.09332 0.10242
-0.29117 -0.01658 -0.15509
-0.14494 0.01999 -0.12918
0.28621 -0.11689 0.14994
-0.32790 0.04548 -0.14208
0.23126 0.02793 -0.16838
-0.21559 -0.02042 0.17657
-0.31203 -0.04159 -0.17068
-0.20399 -0.01425 0.17582
-0.42292 -0.01309 0.05763
0.23414 -0.15270 -0.19474
0.41170 -0.01789 0.03425
0.23630 -0.15531 -0.19052
-0.13040 0.12957 0.11458
-0.13503 0.13460 0.09900
-0.24429 0.10874 0.11432
-0.36001 0.00818 -0.16617
0.25125 -0.15322 -0.15856
0.03154 -0.03925 0.16792
0.05140 -0.03314 0.16769
0.09200 -0.02408 0.16725
0.06427 -0.02579 0.16752
0.04783 -0.04331 0.16780
0.31558 0.00012 -0.13877
0.07190 0.03091 -0.16766
0.08182 0.01759 -0.17081
0.00589 0.01463 -0.16977
-0.05257 0.02198 -0.16687
0.04505 0.01389 -0.17080
0.08319 0.00847 -0.17284
0.02940 0.02086 -0.16893
-0.33215 -0.01678 0.19294
-0.18475 -0.09481 0.08091
0.20471 0.06035 0.03859
0.19284 0.05982 -0.01202
0.19552 0.06001 0.01340
0.20672 0.06031 0.02076
0.19574 0.06006 0.02332
0.19984 0.06010 0.01031
0.21055 0.06049 0.03712
-0.23511 0.02619 -0.16119
0.20000 -0.14627 -0.17141
-0.12234 0.13854 0.08974
-0.35647 -0.09601 0.10075
-0.32615 -0.05491 -0.13416
-0.06667 0.14490 0.11193
0.12710 0.04345 -0.15402
-0.08824 -0.02006 0.09485
-0.31752 -0.10758 0.15619
0.31310 -0.06248 -0.14126
0.42696 -0.09725 -0.01141
0.20949 -0.00742 0.14829
0.38577 -0.06494 -0.06736
0.38169 -0.06332 -0.08569
0.39323 -0.01973 -0.10736
-0.38417 -0.01472 -0.16704
0.23500 -0.10025 0.18062
0.30379 -0.07323 0.18285
-0.19006 0.13545 0.03831
-0.23231 0.13147 0.04964
-0.27086 -0.11432 0.05154
0.06711 0.05092 -0.08225
0.06711 0.05385 -0.10261
-0.40035 -0.11785 -0.01235
-0.03648 0.06216 0.07569
0.06711 0.01393 -0.10415
0.06711 0.01262 -0.12753
0.06711 -0.02035 -0.11773
0.06711 0.02938 -0.07728
0.06711 -0.01397 0.07732
0.06711 0.00417 -0.11053
0.06711 -0.00663 -0.10293
0.06711 0.00966 -0.05753
0.06711 -0.00994 -0.01374
0.06711 0.01696 -0.07681
0.06711 0.00893 -0.01093
0.06711 -0.02090 0.01534
0.18005 -0.00712 -0.13508
0.17070 -0.06805 -0.16058
-0.20881 -0.09542 0.07283
-0.25676 0.13225 0.04685
-0.21662 -0.03590 0.18133
-0.35596 0.05497 -0.06314
-0.34353 0.05645 -0.02300
-0.34429 0.05625 0.02013
-0.34274 0.05630 0.07974
-0.35037 0.05565 -0.05379
0.28234 0.00252 0.17838
0.25473 -0.08357 0.16852
-0.25262 -0.14418 0.14013
0.07071 0.04419 0.14072
-0.01487 0.10254 -0.12899
-0.23053 0.00128 0.14070
-0.21478 -0.03808 -0.13130
0.16181 -0.10169 -0.19019
0.15918 -0.06151 -0.15536
-0.17685 -0.09838 0.18064
-0.33397 -0.06698 -0.16602
-0.22615 -0.10937 0.07160
-0.37335 0.02786 -0.13618
0.14576 -0.02575 0.17523
0.03987 0.05019 0.16501
0.03873 0.08136 0.13037
0.23333 0.03566 0.14333
0.38262 -0.11267 -0.11941
-0.00443 0.05249 -0.00249
-0.34787 -0.04160 -0.15301
0.07023 -0.02190 -0.17433
0.07885 -0.02254 -0.17453
-0.00043 -0.02080 -0.17262
0.04055 -0.01166 -0.17363
-0.01143 0.05432 -0.14424
-0.09637 0.11087 -0.12410
-0.04849 0.04432 -0.14669
-0.07469 0.07802 -0.13521
-0.16270 0.04891 -0.14276
0.00449 0.07636 -0.13744
-0.02435 0.08119 -0.13526
-0.12400 0.07192 -0.13613
-0.08755 0.05260 -0.14317
-0.03173 0.05176 -0.14464
-0.12348 0.08442 -0.13209
-0.12507 0.07931 -0.13371
-0.13501 0.09493 -0.12844
-0.15401 0.05457 -0.14111
-0.12344 0.06295 -0.13905
-0.05858 0.05218 -0.14393
-0.11992 0.05251 -0.14251
-0.09290 0.08025 -0.13410
-0.09109 0.06718 -0.13837
-0.08261 0.07618 -0.13564
-0.09531 0.12051 -0.12099
-0.08972 0.09842 -0.12827
0.26424 0.01675 -0.17617
-0.25689 0.12223 0.10790
-0.28984 0.08335 0.11834
-0.25634 0.13238 0.06885
-0.26024 0.12620 0.07654
0.26740 -0.13602 0.12897
-0.37074 -0.01033 0.12487
-0.35732 -0.00305 0.14982
-0.37584 0.00218 0.10136
-0.26312 -0.10057 -0.18281
-0.15861 0.04093 0.03435
0.12013 0.04538 -0.14921
0.09271 0.04853 -0.12389
0.11176 0.04734 -0.12771
0.22249 -0.13150 0.16370
0.18382 -0.12547 0.17743
0.27302 -0.00733 0.16662
0.24097 0.00556 -0.15003
-0.41386 -0.01132 -0.04455
-0.14378 0.00778 -0.07166
-0.37301 0.01564 -0.13107
-0.24408 -0.10145 0.12060
-0.25197 -0.04317 0.12762
-0.22978 -0.06530 0.12489
-0.21213 -0.12072 0.11819
-0.25694 -0.10825 0.11982
-0.27116 -0.11197 0.11942
-0.26513 -0.08704 0.12239
-0.23701 -0.08274 0.12282
-0.21990 -0.02932 0.12918
-0.22471 -0.01795 0.13056
-0.24346 -0.02655 0.12959
-0.23447 -0.04725 0.12707
-0.37904 0.02681 0.09262
-0.17220 0.11691 0.09210
0.41597 -0.02511 -0.01196
0.14482 0.05531 -0.08784
0.17392 -0.11168 0.15286
-0.31395 -0.11839 0.17377
-0.08851 -0.01338 0.00722
-0.06350 -0.01338 -0.01249
0.34338 -0.08157 0.16453
-0.15612 0.13875 0.08208
0.21858 -0.07873 0.17044
-0.15408 0.03827 0.06134
0.28301 -0.11907 -0.14522
-0.02003 0.04181 0.06383
-0.04501 0.00958 -0.03370
-0.36126 0.03077 0.15140
-0.19695 -0.11414 0.16477
0.28202 -0.03104 0.13410
0.17718 -0.06669 -0.17553
-0.02951 0.10160 0.12627
-0.00354 0.08778 0.13073
0.12223 -0.11529 -0.19414
-0.33721 -0.10690 0.07476
-0.17593 0.15359 0.04169
-0.22848 -0.03268 0.18833
-0.29553 -0.13471 -0.13043
-0.33835 -0.06088 0.18345
-0.29624 -0.00536 -0.13362
-0.12424 -0.02392 0.09043
0.21312 -0.14780 0.14935
-0.11997 0.14294 -0.11016
0.30460 -0.10765 -0.15010
-0.10645 -0.04217 -0.12493
0.34672 -0.01822 0.07394
-0.38985 0.01783 -0.09886
-0.34642 -0.09772 0.17894
-0.34713 -0.08159 0.16658
-0.27603 0.00674 0.15258
-0.29655 0.00344 0.18694
0.28802 -0.02493 -0.18187
-0.25207 -0.11800 0.06647
-0.21208 0.10443 -0.12213
-0.20440 0.09672 -0.12557
-0.20442 0.08415 -0.13043
-0.18635 0.11392 -0.12003
-0.26459 0.04572 -0.14160
0.32128 -0.01310 0.16904
0.24377 -0.06306 -0.19157
-0.30455 -0.06147 0.18152
0.40213 -0.01518 0.02005
-0.22209 -0.03296 -0.16261
0.30505 -0.03728 0.18300
-0.36368 -0.08960 0.18330
-0.37619 -0.07698 0.17734
-0.33313 -0.02707 -0.12049
-0.29526 0.02140 0.17355
-0.19680 -0.09935 0.10143
-0.14794 -0.00842 -0.12217
-0.24418 0.11015 0.12626
-0.30270 0.04416 -0.14405
-0.27857 0.00364 -0.15726
-0.27988 0.00320 -0.13773
-0.24456 0.11325 -0.11520
-0.37798 -0.10891 0.07897
-0.38441 0.06134 0.07139
-0.38451 0.06100 0.02672
-0.30633 -0.14207 0.14473
-0.26890 0.00742 0.13839
-0.26471 0.00702 0.14411
-0.25889 -0.03185 0.18929
0.40018 -0.02576 0.04725
0.40252 -0.03216 0.01951
-0.18531 0.15185 -0.00537
-0.19332 0.15044 -0.01328
-0.19679 0.14987 -0.00291
-0.32199 -0.11536 -0.13084
0.30237 -0.05704 0.16108
-0.30094 -0.02611 0.14871
-0.21940 -0.11845 0.08945
-0.28924 -0.01985 0.17657
0.28354 -0.12445 0.17435
0.29174 -0.04350 0.15150
-0.08534 -0.00102 -0.01820
-0.42522 -0.04617 -0.09096
0.20264 -0.02644 -0.15348
-0.31614 -0.11791 -0.13586
0.06306 0.07107 0.06202
0.04154 0.09036 0.04619
0.08695 0.05036 0.07473
0.42405 -0.02709 0.00065
0.40816 -0.02386 0.00340
-0.27752 -0.03225 0.12651
-0.26569 -0.03259 0.12611
-0.22416 -0.03881 0.12486
-0.23000 -0.03370 0.12491
-0.25297 -0.01075 0.12504
0.24914 -0.04330 0.17172
0.22293 -0.00244 -0.17720
0.19295 -0.01859 0.17909
-0.31594 -0.00155 0.19058
0.09742 -0.07911 -0.16770
0.10290 0.05637 0.02846
0.12571 0.05562 0.07262
0.10606 0.05608 0.00356
0.11955 0.05551 0.01016
-0.06311 -0.02423 -0.11428
-0.26149 -0.04499 -0.02221
0.29312 -0.02651 0.18396
-0.25951 -0.13971 0.14650
-0.39397 -0.11859 -0.09867
-0.28460 -0.01941 -0.11971
-0.18996 -0.07886 -0.12060
-0.33426 -0.04858 0.17243
-0.16417 -0.00015 -0.05126
0.39951 -0.06757 0.08092
0.40419 -0.07138 0.06869
-0.27811 -0.04818 -0.17290
0.13107 -0.05027 0.17038
0.18143 -0.07319 0.15293
-0.22508 -0.13305 -0.12959
-0.18240 -0.05292 0.19121
-0.25910 0.13484 -0.09376
0.35759 -0.00901 -0.12861
0.00210 0.12256 0.05216
0.06891 0.06405 0.08595
-0.01984 0.14178 0.04110
0.01810 0.10835 0.06500
-0.01544 0.13877 0.02364
-0.02081 0.14328 0.02524
-0.19346 -0.10966 0.07441
-0.37588 0.01667 0.09696
0.31408 -0.08146 -0.17692
-0.05250 0.13913 0.09823
-0.39974 0.01424 0.03350
-0.41209 -0.00777 0.03508
-0.09653 -0.05129 0.03300
-0.10981 -0.05643 0.03448
-0.25936 0.02816 -0.15827
-0.24331 -0.00513 0.15819
-0.25770 0.00667 0.17844
-0.23644 0.00366 0.12605
-0.29529 -0.13850 -0.16199
-0.23435 0.04686 0.14846
-0.27064 -0.05119 -0.13294
-0.29889 0.00588 -0.14088
-0.28654 -0.05084 -0.13296
-0.26728 -0.01709 -0.13772
-0.28958 0.01679 -0.14243
-0.30162 -0.10419 -0.12545
-0.28473 -0.07125 -0.13010
-0.25783 -0.02557 -0.13655
-0.28206 0.02979 -0.14426
-0.30062 -0.07505 -0.12954
-0.27904 -0.07538 -0.12953
-0.29556 -0.09310 -0.12702
-0.26559 -0.04260 -0.13415
-0.10504 -0.03476 -0.12530
-0.39317 -0.11344 0.12748
0.20088 -0.01001 -0.14337
0.23211 -0.14232 -0.16742
-0.38628 -0.01212 -0.10029
0.07777 0.04495 -0.15029
-0.10317 -0.05689 0.16851
-0.12687 -0.05592 0.16921
-0.01015 -0.05335 0.16757
-0.08725 -0.05958 0.16752
-0.42641 -0.04227 0.05524
-0.42794 -0.04114 0.04106
-0.19950 -0.03938 0.15099
-0.25288 0.12858 -0.01006
-0.24763 0.12931 -0.03592
0.06227 0.06853 -0.07869
0.08114 0.05284 -0.08139
0.05651 0.07199 -0.08493
0.10058 0.01293 0.16478
-0.30761 -0.11451 0.09383
-0.04140 0.15422 0.06092
-0.10692 0.15436 0.06979
0.42386 -0.09516 0.00344
0.39797 -0.02506 0.06443
-0.15374 0.05511 -0.10788
-0.32399 -0.05761 0.18959
0.39883 -0.10081 -0.11681
0.15502 0.03879 0.15119
0.00060 0.02054 0.00749
0.00060 -0.01323 0.01187
0.00060 0.00754 -0.00871
0.00060 0.03716 -0.01534
0.32109 -0.08192 0.16211
0.22685 -0.15485 -0.16920
0.18061 -0.00272 -0.15944
-0.05731 0.14266 -0.00406
-0.06115 0.14247 -0.00795
0.26623 0.02773 -0.15502
-0.03957 0.05528 0.03368
0.28646 -0.02381 -0.19162
-0.30922 0.01202 0.18070
0.35395 -0.00058 -0.09568
0.23734 -0.15325 0.17363
-0.30840 -0.03808 0.16619
-0.20337 -0.10631 0.05033
-0.15525 0.03245 0.10753
-0.15511 0.01683 0.10821
-0.15793 0.02042 -0.12479
-0.04984 0.15377 -0.07419
-0.09326 0.15571 -0.05948
-0.03514 0.15330 -0.07150
-0.14029 -0.01824 -0.09992
-0.09563 -0.01338 -0.03568
0.33801 -0.01695 -0.15017
0.25032 -0.15100 0.18350
0.19698 -0.12496 -0.17147
-0.13305 0.14996 0.09117
-0.22266 -0.06874 0.18018
-0.28013 -0.01769 -0.18199
0.13720 -0.08014 0.17363
0.17363 -0.06706 -0.14536
0.18813 -0.12081 -0.14013
0.16764 -0.05617 0.17404
0.26056 -0.13678 -0.18775
-0.24084 -0.13784 -0.13737
0.00110 -0.04833 0.00237
-0.35191 -0.07120 -0.16093
-0.31131 -0.09008 0.09057
0.28384 -0.10997 -0.19085
-0.32062 -0.10888 0.14273
0.11029 -0.10561 0.17790
0.08730 -0.10717 0.17972
-0.01196 -0.09955 0.16800
0.06492 -0.10684 0.17898
-0.07539 -0.09804 0.16509
0.07896 -0.10210 0.17269
-0.04701 -0.09247 0.15787
0.08053 -0.10562 0.17751
-0.27204 0.00039 -0.17594
-0.20223 -0.02723 -0.16763
-0.19666 -0.03621 -0.17541
0.42644 -0.10431 -0.00442
-0.20642 -0.12770 0.17240
0.29778 -0.01209 0.12960
-0.17522 0.13697 0.05689
-0.27784 -0.10421 0.07397
-0.14089 0.13938 0.05769
-0.32111 -0.05019 0.19024
0.27205 -0.13226 0.17505
-0.24775 0.13671 -0.02722
-0.20597 -0.06280 0.15620
-0.15119 -0.01961 -0.04556
0.22720 -0.13899 0.13481
0.19560 -0.02751 -0.18055
-0.21673 -0.11814 -0.14669
0.02463 -0.02267 -0.06486
0.03682 -0.00939 -0.10463
0.03453 -0.01188 -0.09445
0.02511 -0.02216 -0.12737
0.04193 -0.00382 -0.05312
0.04525 -0.00019 -0.02920
0.03805 -0.00805 0.03181
0.01420 -0.03404 -0.10853
0.01900 -0.02881 -0.05780
0.03298 -0.01357 0.01685
0.04311 -0.00253 -0.03820
0.04874 0.00361 -0.03828
0.01312 -0.03523 -0.07264
0.16425 -0.07876 0.16358
0.32733 -0.01859 0.13398
0.22745 -0.13942 0.15548
-0.25474 0.06191 0.14174
-0.23884 0.09679 0.12626
-0.16474 0.15518 -0.02968
-0.24065 -0.14154 -0.12909
-0.14476 -0.02579 0.10823
-0.36663 0.01230 0.10084
-0.39467 0.04974 0.10961
-0.39638 0.04292 0.07289
-0.32146 0.04745 0.15030
0.04314 0.05959 0.18350
-0.13998 -0.00402 0.04916
0.24511 0.00878 -0.19130
0.18748 -0.02910 0.12720
0.24062 0.00062 0.16917
0.25592 -0.13850 -0.18076
-0.34826 -0.01878 0.18557
-0.12388 -0.02290 0.16933
-0.11751 -0.02076 0.16926
-0.23625 -0.09364 0.06534
-0.16820 0.08598 -0.06905
0.22908 -0.01373 0.15873
-0.09752 -0.02225 0.10840
-0.23523 -0.13591 0.18391
-0.22942 -0.13080 -0.14336
0.24100 -0.01225 0.14164
-0.30513 0.07979 0.06369
-0.27158 0.11564 0.06857
-0.29342 0.08301 0.10356
-0.30735 0.07393 0.07769
-0.27955 0.10673 0.06900
-0.01421 0.05865 0.07971
-0.27264 -0.02271 -0.17498
-0.01439 0.02251 0.04233
-0.07261 0.15561 0.00370
-0.11986 0.15726 0.00853
-0.40708 -0.09354 -0.10423
-0.40143 -0.07061 -0.14372
-0.31430 0.02810 0.16471
0.19539 -0.10970 0.17430
-0.33901 -0.11770 0.08310
0.30984 -0.04471 -0.14186
0.20476 -0.02021 0.12694
0.22426 -0.01464 0.17124
-0.07943 0.15603 0.03454
-0.10191 0.15670 0.01836
-0.12071 0.15746 0.03695
-0.15196 -0.03707 -0.05397
-0.20542 -0.06924 -0.13479
-0.18077 0.07546 -0.05794
-0.05028 0.12886 -0.10915
-0.10387 -0.01824 -0.07576
0.25170 0.03516 0.11651
0.23825 0.03651 0.10646
0.22938 0.03745 0.10635
0.38255 -0.11145 0.11269
-0.19152 -0.07348 -0.18515
-0.27264 -0.00228 0.16856
0.24534 -0.06654 0.16686
-0.00381 0.01541 0.06523
-0.30599 -0.00115 -0.13608
-0.04480 0.00995 -0.02602
-0.17370 -0.06181 0.18249
-0.30067 -0.00103 -0.11966
-0.17989 -0.06941 0.13291
-0.28813 -0.08026 -0.17062
0.16349 -0.10727 -0.18223
0.32818 -0.03612 0.17508
0.22773 0.02591 -0.17170
0.30148 -0.09847 0.13437
0.22591 -0.00828 0.12689
-0.22772 -0.03166 0.17191
-0.18065 -0.06233 0.16938
-0.27145 -0.15504 0.17504
-0.11303 0.15680 -0.02544
-0.11275 0.15668 -0.04530
-0.11150 0.15670 -0.03333
0.13770 -0.07070 0.17388
0.26549 0.02509 0.15405
-0.28073 -0.13755 -0.18102
-0.17064 0.10983 0.12481
-0.23433 0.06532 0.14140
-0.21737 0.08590 0.13337
-0.14020 0.12412 0.11977
-0.28781 0.03629 -0.01981
-0.30894 0.03656 0.04875
-0.26437 0.03579 -0.13182
-0.25344 0.03594 -0.11283
-0.30284 0.03633 0.00043
-0.30623 0.03665 0.06402
-0.29854 0.03597 -0.07209
-0.31704 0.03572 -0.10347
-0.31510 0.03557 -0.13407
-0.33172 0.03585 -0.06812
-0.27549 0.03581 -0.12071
-0.30321 0.03578 -0.10285
-0.32866 0.03579 -0.08176
-0.31384 0.03627 -0.00172
-0.30755 0.03605 -0.04857
-0.31328 0.03584 -0.08482
-0.27403 0.03607 -0.07198
-0.29752 0.03658 0.04284
-0.30876 0.03645 0.02769
-0.27191 0.03619 -0.05029
-0.24364 0.03602 -0.10630
-0.19229 -0.10543 0.18526
0.21080 -0.08177 -0.13518
0.20867 -0.06465 -0.13523
0.20386 -0.03719 -0.13531
0.22522 -0.09943 -0.13532
0.21903 -0.05197 -0.13548
0.22043 -0.06362 -0.13543
0.27042 -0.09148 -0.13611
0.18036 -0.08531 -0.13465
0.23894 -0.09090 -0.13559
0.19184 -0.03873 -0.13510
0.19327 -0.04395 -0.13509
0.17348 -0.07345 -0.13460
0.19518 -0.06831 -0.13499
-0.27450 -0.09033 0.05868
-0.41080 -0.05970 -0.12585
-0.40334 -0.05373 -0.16185
-0.38721 -0.09118 0.06755
-0.32256 -0.04096 -0.15010
-0.21350 -0.12434 0.00547
-0.24168 -0.12412 0.06871
-0.22603 -0.12470 -0.05312
-0.20371 -0.12378 0.10376
-0.23067 -0.12386 0.10955
-0.24568 -0.12435 0.02802
-0.23832 -0.12430 0.03206
-0.23585 -0.12440 0.01042
-0.21841 -0.12426 0.02437
-0.21573 -0.12447 -0.01808
-0.27259 -0.12429 0.06058
-0.27470 -0.12422 0.07711
-0.21041 -0.12476 -0.07761
-0.26571 -0.12421 0.07015
-0.22423 -0.12441 -0.00052
-0.23916 -0.12415 0.06153
-0.25991 -0.12408 0.09125
-0.20893 -0.12404 0.05875
-0.33013 -0.05242 -0.18152
0.26689 -0.00003 -0.15118
-0.03794 0.15089 -0.02044
0.26473 -0.13396 -0.15107
-0.20653 -0.10565 0.15945
-0.17577 -0.10994 0.19177
-0.13522 -0.02798 0.03588
-0.13133 -0.03812 0.03624
0.29820 -0.02040 -0.17818
-0.39868 -0.00785 -0.09427
-0.39544 -0.00113 -0.10564
-0.39603 -0.08777 -0.14832
-0.39688 -0.08178 -0.15040
-0.18233 -0.11509 0.08709
0.40286 -0.10531 0.09004
-0.16156 0.00270 -0.12121
-0.30336 -0.14355 0.17573
-0.05657 0.15274 -0.08953
-0.07223 0.15284 -0.08626
-0.06088 0.15375 -0.08283
0.22352 -0.14180 -0.16752
-0.36119 -0.11504 0.09371
-0.06854 -0.05430 0.09056
-0.03635 0.06826 0.05176
-0.22083 -0.11375 0.18071
-0.33215 -0.03334 -0.15215
0.28539 -0.00838 -0.19585
0.20074 -0.13249 -0.14465
0.32921 -0.00989 -0.12951
-0.26058 -0.14281 0.16626
0.30486 -0.08221 0.18191
0.26523 -0.11510 -0.17841
-0.24587 0.13614 0.09943
-0.19273 -0.09375 0.08287
-0.01799 0.04598 -0.01036
-0.27782 -0.04046 -0.17838
0.17784 -0.08789 0.17498
-0.29186 -0.09723 -0.17068
-0.27328 0.03655 0.01770
-0.24454 0.03609 -0.09148
-0.22788 0.03730 0.12382
-0.28956 0.03654 0.03054
-0.25536 0.03714 0.11630
-0.23855 0.03613 -0.08798
-0.27335 0.03679 0.06452
-0.28580 0.03667 0.05077
-0.29427 0.03671 0.06630
-0.28687 0.03663 0.04425
-0.26604 0.03687 0.07252
-0.27114 0.03660 0.02575
-0.24179 0.03660 0.00207
-0.22817 0.03706 0.07863
-0.28336 0.03659 0.03433
-0.29351 0.03677 0.07664
-0.30843 0.03702 0.13487
-0.30083 0.03700 0.12531
-0.26240 0.03657 0.01458
-0.26747 0.03665 0.03360
-0.24250 0.03730 0.13631
-0.27006 0.03632 -0.02821
-0.20082 -0.06806 0.13930
-0.30703 -0.10416 0.04782
0.09718 -0.11339 0.08367
0.09638 -0.01732 0.06759
0.09693 -0.08270 0.07958
0.09697 -0.10707 0.03509
0.09706 -0.08146 0.12105
0.09709 -0.09439 0.09928
0.09704 -0.07593 0.12734
0.09696 -0.08045 0.09371
0.09681 -0.08943 0.02946
0.09660 -0.03470 0.09179
0.09709 -0.10372 0.07901
0.09657 -0.04018 0.07047
0.09691 -0.07310 0.09465
0.09657 -0.05591 0.03503
0.09679 -0.05077 0.11259
0.09684 -0.12385 -0.04169
0.09699 -0.09381 0.07300
0.09687 -0.12128 -0.02788
0.09728 -0.10416 0.13568
0.09712 -0.08316 0.13605
0.09666 -0.11509 -0.07509
0.09691 -0.10755 0.01582
0.09688 -0.08083 0.06825
0.09697 -0.11502 0.01648
0.09647 -0.02279 0.08127
0.09665 -0.12050 -0.09095
0.09634 0.00972 0.11734
0.09665 -0.04686 0.07956
0.09669 -0.06916 0.04065
0.09692 -0.08817 0.06500
0.29144 -0.09964 -0.14385
0.13749 0.03777 -0.15922
0.24591 0.03122 -0.15624
0.31834 -0.10058 0.11196
0.30013 -0.04615 0.11201
0.19508 -0.00416 0.11380
0.30242 -0.07370 0.11212
0.22355 -0.01598 0.11331
-0.20371 -0.08876 -0.15885
0.14197 0.01313 -0.17405
-0.30014 -0.15056 -0.17685
-0.31460 -0.04028 0.18401
-0.13600 -0.05535 0.10831
-0.13034 -0.01728 0.00220
-0.25679 0.13780 0.08834
-0.01453 0.04061 0.04766
-0.01421 0.06067 0.03358
-0.06371 -0.04357 -0.17101
-0.11293 -0.05154 -0.16979
-0.25698 -0.09070 0.05715
0.32129 0.03245 -0.03950
0.30336 0.03680 0.03148
0.28509 0.04046 0.01650
0.29375 0.03859 0.00843
0.30595 0.03547 -0.05804
0.29270 0.03904 0.03398
0.31562 0.03396 -0.00177
0.36074 0.02458 -0.00169
0.10667 0.03721 0.15733
-0.26103 -0.10046 -0.17212
0.29770 -0.04700 0.14182
-0.26373 -0.14313 0.18197
-0.28961 0.09178 -0.09573
-0.27618 0.10948 -0.08163
-0.25813 0.12605 -0.09402
-0.38932 0.04463 -0.13422
0.30694 -0.02159 0.14616
0.01019 -0.00596 0.16788
-0.13442 -0.01184 -0.03810
0.36770 -0.01850 -0.08302
0.37703 -0.01586 -0.08309
0.18678 -0.10372 0.13497
-0.32802 -0.07568 0.18556
0.30982 0.02023 -0.14693
-0.35249 -0.10529 -0.18836
-0.19704 -0.09412 0.09326
-0.20201 -0.09272 0.15287
-0.25834 0.13213 -0.01697
-0.02806 0.14991 -0.04701
-0.27014 -0.15152 0.14058
0.15361 -0.08656 0.12901
0.28550 -0.01491 0.14827
-0.14923 0.03119 -0.12140
-0.28351 0.09485 -0.12021
0.20896 -0.11174 -0.18037
-0.20078 -0.11258 -0.18737
-0.15177 0.03761 -0.07940
-0.19446 -0.03969 -0.14572
-0.32755 -0.09011 0.06236
-0.34086 -0.03703 0.18757
-0.14112 -0.05021 0.05907
-0.17643 -0.10783 0.14596
0.37047 0.00363 0.08027
0.29918 -0.10358 0.14941
0.13281 -0.05239 -0.18401
-0.34734 -0.10154 0.15893
-0.34733 -0.11352 0.15729
-0.34763 -0.09358 0.15409
-0.11201 0.13365 -0.10223
-0.22998 -0.13193 -0.13372
0.17232 0.00335 -0.18857
0.30040 -0.00607 -0.16548
-0.00080 0.05390 -0.03863
0.32077 -0.08674 -0.19223
0.31659 -0.00993 0.15940
-0.29445 0.06125 0.12288
-0.33443 -0.08659 -0.16127
0.25669 0.00656 0.14763
-0.38566 -0.11890 0.00213
-0.24360 -0.02042 -0.13811
-0.40592 -0.00328 0.05682
-0.40834 -0.00294 0.04329
0.30401 0.00761 0.13820
0.19741 -0.03555 0.17979
0.25493 0.03455 0.09193
0.26812 0.03313 0.09339
0.41046 -0.02552 0.04193
-0.00515 -0.10121 -0.16986
0.01722 -0.10821 -0.18026
0.00560 -0.10234 -0.17187
0.04419 -0.09924 -0.16953
-0.08910 -0.09689 -0.16016
0.04627 -0.09479 -0.16369
0.11401 -0.09470 -0.16675
0.06738 -0.10920 -0.18393
-0.08414 0.00531 -0.01038
-0.30698 0.06502 0.13396
-0.28859 0.09565 0.11467
0.41730 -0.01880 -0.03098
0.15484 -0.10536 0.18507
-0.18951 -0.07259 -0.14163
-0.40498 -0.08902 0.10996
-0.39880 -0.08180 0.13375
-0.39842 -0.07814 0.13751
-0.03331 0.11950 -0.10724
-0.26154 -0.06283 -0.17114
0.04961 0.06032 0.17206
0.18223 0.01374 0.17111
-0.24256 -0.00003 -0.15976
-0.25353 0.00118 -0.15842
0.21608 -0.02119 -0.16619
-0.36152 0.02481 -0.13958
-0.36935 0.00329 -0.09156
-0.25135 -0.13799 -0.14666
-0.10921 -0.03126 0.03382
0.28302 -0.02820 0.16378
0.22046 -0.00281 -0.18202
-0.21839 0.02197 0.16858
0.38897 -0.01436 -0.06808
0.34508 -0.06195 -0.17361
0.35658 -0.01397 0.13553
-0.29266 0.05461 -0.12596
-0.28427 0.07009 -0.12013
-0.39475 0.00078 0.08680
0.26442 -0.13647 0.16877
0.37994 -0.01960 -0.13525
0.31903 0.00470 -0.13308
-0.23945 -0.15126 -0.15705
-0.26603 0.07904 0.13538
-0.26934 0.05685 0.14390
-0.10586 -0.01338 -0.00575
0.32233 -0.01522 -0.13472
-0.14489 0.00694 -0.00364
-0.16420 0.00694 -0.01716
-0.17781 0.00694 -0.03409
0.14519 0.06107 -0.07860
-0.32056 -0.09799 0.09820
-0.24892 -0.14061 -0.18113
0.40041 -0.01611 0.04970
-0.31919 0.02052 0.16900
0.14195 -0.05647 0.17715
0.21286 -0.06692 -0.18185
0.30149 -0.00892 -0.18115
0.19846 -0.01121 -0.15723
-0.05204 -0.00275 -0.02124
0.40562 -0.05873 0.06451
0.25975 -0.01920 0.14711
-0.20980 -0.09603 -0.18578
-0.30794 -0.10078 0.09941
-0.29842 -0.12018 -0.17581
-0.20551 -0.12233 -0.18050
0.24218 0.01729 0.17274
-0.01421 0.05539 0.05899
0.24089 -0.04955 -0.19178
-0.31527 -0.03318 -0.13930
-0.17425 -0.08321 0.18593
-0.19858 -0.00721 -0.03428
-0.08696 -0.01395 -0.17064
0.05566 -0.00343 -0.17402
-0.26075 -0.10535 0.07391
0.22646 -0.13848 -0.19110
-0.25917 0.13220 -0.04504
-0.17994 0.14222 0.10641
0.24470 -0.13447 0.16404
-0.08543 0.04116 -0.15209
-0.15614 0.03379 -0.15842
-0.15191 0.04370 -0.14767
-0.17401 0.04325 -0.14762
0.11914 0.05544 -0.00405
0.13604 0.05464 -0.01267
0.11468 0.05548 -0.03153
0.11474 0.05528 -0.06303
0.11814 0.05541 -0.01764
0.15769 -0.00837 -0.18930
0.28632 -0.13781 0.14335
-0.40948 -0.01297 0.14037
-0.38830 -0.01072 0.14894
0.06064 0.06795 0.12225
0.08445 0.04901 0.12784
0.03247 0.09025 0.11616
-0.01531 0.12771 0.10758
-0.14330 0.11088 -0.12312
-0.15474 0.11119 -0.12283
-0.27448 -0.11507 0.09798
-0.37853 0.00442 -0.11300
-0.30793 -0.02393 0.13009
-0.31803 0.01487 0.13477
-0.26344 0.02990 0.13642
-0.29621 -0.01216 0.13146
-0.31351 0.00821 0.13396
-0.26870 -0.05721 0.12598
-0.24725 0.02875 0.13623
-0.30008 -0.04673 0.12733
-0.28137 -0.05004 0.12688
-0.18200 0.15150 0.06494
-0.17972 0.15021 0.07458
-0.21396 0.14494 0.08301
0.32013 -0.07553 0.12827
0.23892 -0.14537 0.18442
0.05789 0.06252 0.15167
0.19615 0.05126 0.07720
0.39293 -0.00933 0.02195
-0.26135 -0.11296 0.07692
0.28645 -0.11470 -0.16091
-0.39205 0.02528 0.05257
0.17005 -0.08204 -0.17309
0.08065 -0.07673 0.16043
-0.11269 -0.08957 0.15943
-0.03685 -0.08475 0.15975
0.04490 -0.07496 0.16150
0.21855 -0.14957 0.14252
-0.27491 0.04303 -0.14075
0.12751 0.02093 0.16294
-0.42473 -0.03399 -0.10941
0.19453 -0.14131 -0.19447
-0.40995 -0.00323 0.00867
-0.41197 -0.00700 0.01397
-0.42389 -0.05175 0.01584
-0.28354 -0.14249 -0.14730
0.21202 0.03920 0.10151
0.16686 0.04384 0.13403
-0.21675 -0.13587 -0.16313
0.24548 0.00445 -0.17982
-0.22157 -0.12397 -0.15994
-0.30049 -0.13611 -0.16380
0.00984 -0.07280 0.16282
-0.14186 -0.07582 0.16452
-0.10226 0.03407 -0.15956
0.03848 0.03520 -0.16234
0.06080 0.03439 -0.16395
-0.04093 0.03500 -0.16025
0.06524 0.04375 -0.15303
-0.20105 -0.08712 0.15586
-0.01421 0.05575 0.07362
-0.20046 -0.11626 0.06912
-0.03086 0.14516 -0.00215
-0.30283 0.05773 0.12025
-0.27381 0.11376 0.11109
0.16517 -0.01417 -0.17950
0.12266 -0.05159 0.16611
0.30449 0.03497 0.05716
0.35039 0.01960 0.05556
0.36246 0.02041 0.02339
0.36837 0.01549 0.04240
0.29794 0.03769 0.05390
0.25392 -0.02162 -0.16458
0.17256 -0.06139 -0.14602
0.17268 -0.07097 -0.14106
0.25607 -0.15223 0.13611
-0.35854 -0.11888 0.18548
-0.14459 0.00287 0.06649
-0.20526 -0.05386 0.16132
-0.21276 -0.00554 0.19137
0.02645 0.05747 -0.02893
0.33674 -0.01672 -0.17192
0.18568 -0.05367 0.15278
-0.24743 0.14113 0.01134
-0.24660 0.14125 0.00212
-0.24807 0.13603 -0.03366
0.17680 -0.10817 0.12743
-0.36324 0.00765 0.14197
-0.27244 -0.14409 -0.17255
-0.34425 -0.04160 0.13375
0.17306 0.04724 -0.09627
-0.28401 -0.10876 0.07256
0.15370 -0.09924 0.13742
-0.02126 0.03260 0.04189
-0.22413 -0.03134 -0.17291
-0.28604 -0.13530 -0.17790
0.15533 -0.06526 0.13963
0.24656 0.00009 0.15872
-0.26677 -0.07631 -0.18032
-0.33038 -0.04145 0.16534
0.14838 -0.11265 -0.17468
0.20357 -0.02264 -0.17359
0.29367 -0.00267 -0.15771
0.34597 -0.00817 0.13893
0.31870 -0.00136 0.15440
0.25587 -0.13457 -0.16115
0.08206 0.03849 0.11658
-0.27158 -0.03956 0.18530
-0.25009 -0.01585 -0.16375
0.26735 -0.13295 -0.18394
0.10662 -0.07446 0.16085
-0.40050 -0.01319 -0.15029
0.29719 -0.02549 0.15996
-0.24963 -0.14141 0.18806
0.05337 0.05708 -0.11058
0.04116 0.05708 0.02544
0.03983 0.05708 -0.10545
0.05982 0.05708 -0.11604
0.05356 0.05708 -0.06103
-0.27766 -0.01347 -0.16812
0.00839 -0.01251 0.00781
0.00674 -0.01128 -0.04806
0.42664 -0.10506 -0.01076
-0.22680 -0.13064 0.19014
-0.08995 0.13125 -0.11270
-0.08582 0.13600 -0.10000
-0.14127 -0.04430 -0.06875
0.36207 -0.07423 0.14779
-0.22748 -0.14447 -0.16105
-0.00345 -0.00262 0.02231
0.15663 -0.03319 -0.17053
-0.04044 0.14412 -0.09440
-0.20172 -0.01919 -0.18337
-0.26198 -0.02217 0.18626
0.29418 -0.08897 -0.14878
-0.38048 0.05982 -0.04949
-0.37337 0.05908 -0.05335
-0.36220 0.05921 0.12545
-0.37003 0.05979 0.09727
-0.38054 0.06077 0.08722
-0.37853 0.06070 0.10649
-0.38333 0.05976 -0.09936
-0.36231 0.05885 0.07273
-0.37066 0.05904 -0.02100
0.13203 0.04726 0.12920
0.12533 0.04698 0.13976
-0.03802 0.12608 0.11980
-0.01494 0.10837 0.12489
0.23005 -0.00791 0.18374
-0.00831 0.12917 -0.05588
0.05660 0.07437 -0.07015
0.06007 0.07190 -0.06377
-0.01142 0.13294 -0.03715
-0.22434 -0.03444 -0.14757
-0.33529 -0.02034 0.13819
0.31478 -0.03798 0.15865
-0.28597 -0.06358 -0.17999
-0.30808 -0.12909 -0.12732
-0.38371 0.02107 -0.08127
-0.29930 0.02783 0.16572
-0.22649 -0.02641 0.18610
-0.25378 -0.14176 0.19234
0.04484 0.06119 0.13461
0.14271 0.05969 -0.00307
0.18669 -0.04040 -0.15184
-0.14343 -0.03000 0.11506
0.35397 -0.02269 -0.07576
0.34067 -0.01154 -0.08789
-0.29592 -0.01761 0.19674
0.29509 -0.04757 0.18197
0.25093 -0.02028 -0.15697
