0.22995 0.01505 -0.15284
0.35129 -0.15313 -0.10141
-0.05112 0.16493 -0.02153
-0.08239 0.16493 -0.04563
-0.04218 0.16493 -0.03846
-0.04801 0.16493 -0.03566
0.28245 0.16079 -0.10398
-0.08333 0.14657 0.14748
0.27333 0.15675 -0.06516
0.25592 -0.13369 -0.12258
-0.04968 -0.09753 -0.14139
0.28498 0.10211 -0.14139
0.33298 -0.01893 0.10532
0.03393 0.20411 0.04830
0.29610 0.11978 -0.12345
0.38629 -0.08976 -0.14147
-0.27219 -0.15066 -0.04386
0.12590 0.02584 0.13037
0.09666 0.19569 -0.05535
-0.07869 0.06665 -0.14123
-0.06215 -0.04326 0.14066
0.22988 0.15759 0.04085
0.24787 0.15759 0.02673
0.23856 0.15759 0.06058
0.23173 0.15759 0.02135
0.15262 0.15759 0.08935
-0.14437 -0.16821 -0.11727
0.00125 0.06087 -0.13819
-0.19050 -0.15409 -0.12112
0.10118 -0.07843 -0.05339
0.10118 -0.07620 -0.08216
0.10118 -0.08724 -0.11384
0.02122 0.17344 0.05269
0.13093 0.03599 0.07407
0.13093 -0.00299 0.06424
0.13093 0.03331 0.04792
0.01972 -0.06203 -0.14561
0.16442 -0.14352 0.00378
0.32872 -0.09253 -0.07490
-0.29209 -0.03653 -0.14139
0.22404 -0.02256 -0.13483
0.09345 -0.11730 -0.05284
-0.30320 -0.17047 -0.01356
-0.35149 -0.17047 -0.03207
-0.37140 -0.17047 -0.04851
-0.33399 -0.17047 -0.03009
0.17938 -0.17047 0.04168
0.17439 -0.17047 0.06319
0.27266 -0.09818 -0.00693
-0.40262 -0.07547 -0.07305
0.34324 -0.18595 0.12257
0.27878 0.05638 0.13467
-0.09165 -0.12300 -0.00357
-0.10877 -0.12300 -0.01291
-0.10362 -0.12300 -0.00224
0.17841 -0.17047 0.13321
0.15995 -0.17047 0.12445
-0.10603 0.08601 0.13998
0.09345 0.04886 0.12001
0.09345 0.06743 0.10441
-0.12322 0.14415 -0.14591
-0.18682 0.16493 0.07668
0.27951 -0.14371 0.05449
-0.22884 0.16436 -0.13591
0.14673 -0.02253 -0.14139
0.27237 -0.14813 -0.12772
-0.37322 0.10733 0.13023
-0.33615 0.12231 0.13023
-0.28641 0.13238 0.13023
-0.33154 0.10933 0.13023
-0.37370 0.15669 0.13023
-0.38500 0.10005 0.13023
0.27933 0.16245 0.03775
-0.23034 -0.04351 0.06596
-0.41252 0.15460 -0.10326
0.33553 -0.05434 0.13402
0.03691 0.13872 -0.13137
0.20079 0.15525 0.14030
0.31283 -0.06195 0.02260
0.13881 0.06990 -0.14373
0.00860 -0.11196 -0.14139
-0.29457 0.05847 -0.14139
-0.24758 0.07651 -0.14139
-0.41097 -0.01721 0.00875
0.30308 -0.06820 -0.05702
-0.41097 -0.10044 0.13379
0.25224 -0.07419 0.02765
0.28563 -0.09747 0.03280
-0.13003 0.10853 0.14030
-0.10862 -0.13123 -0.07048
-0.20059 -0.07709 0.05668
-0.17081 -0.11216 0.05668
-0.14433 -0.10135 0.05668
-0.20690 -0.12168 0.05668
-0.19697 -0.06349 0.05668
-0.33487 -0.08054 0.14030
-0.31583 -0.08159 0.14030
0.13684 -0.10605 -0.14139
0.30411 0.08926 0.09556
0.22015 0.00199 0.05200
0.33993 -0.09130 0.01783
-0.03299 -0.17047 0.13713
-0.05988 -0.17047 0.12662
-0.26280 -0.11601 0.14030
0.26349 -0.07326 -0.12953
-0.27309 -0.16442 0.01080
0.22085 -0.13978 0.09468
-0.41097 0.07789 -0.00305
-0.40262 -0.02910 -0.03091
-0.28864 0.16493 -0.12956
-0.26049 0.16493 -0.11440
-0.40215 -0.13864 -0.01751
0.11880 0.15759 -0.04237
0.12594 0.15759 -0.03223
0.14065 0.17202 -0.01556
-0.08454 -0.12860 0.14030
0.40438 -0.09840 -0.12053
-0.31633 0.07278 -0.14139
-0.29661 0.04719 -0.14139
-0.29978 0.07207 -0.14139
0.35002 -0.10529 0.08018
0.35503 -0.07008 -0.03789
0.32780 -0.10679 0.08565
-0.23152 -0.18384 -0.10075
-0.34430 0.15699 -0.02059
-0.24897 0.15692 -0.11286
-0.24433 0.15734 -0.03905
-0.35908 0.15700 -0.00657
-0.36465 0.15691 -0.01877
-0.23678 0.15692 -0.12364
-0.24097 0.15708 -0.08916
-0.28574 0.15722 -0.02613
-0.39903 0.06727 0.13023
0.07113 -0.12298 0.05394
0.10921 0.18201 0.05779
-0.12332 -0.16394 0.11316
0.30571 -0.11999 0.12778
0.01439 0.16493 0.05715
0.39324 -0.13106 0.03953
0.37520 -0.07103 -0.14147
0.13419 -0.12298 0.02788
0.12609 -0.12296 0.06225
-0.35529 0.07965 -0.13140
-0.34132 0.06874 -0.13140
-0.23961 0.05700 -0.13140
-0.27542 0.08019 -0.13140
-0.26404 -0.03832 -0.14139
0.21612 -0.16628 0.11569
0.34275 -0.09081 -0.08599
-0.35600 -0.03116 0.14030
0.33334 -0.13151 -0.12832
-0.21094 -0.08594 0.08581
0.16995 0.16493 0.05471
0.15723 0.16493 0.06222
0.40059 -0.10239 0.11355
0.26110 -0.14820 0.00333
0.21137 -0.14837 0.00433
-0.05536 -0.14780 -0.14139
-0.36793 -0.06693 0.14030
0.16424 -0.08565 -0.14144
0.18192 -0.15639 0.13819
0.36302 -0.08436 0.03030
-0.00633 0.08942 0.13608
0.10618 -0.02709 -0.05424
-0.01359 -0.11004 0.06508
-0.01373 -0.09106 0.06881
-0.01391 -0.10196 0.08785
-0.27310 -0.16447 -0.04147
-0.27324 -0.16658 -0.00116
-0.21248 0.15085 -0.14865
-0.40262 -0.03160 0.01422
-0.41097 0.02794 -0.12523
0.31593 0.03690 0.11474
0.31143 0.05412 0.10622
0.14971 0.14459 0.14030
-0.35864 -0.18624 -0.07890
-0.16719 -0.09313 -0.11061
-0.01184 -0.12300 -0.00361
-0.05938 -0.12299 -0.03492
-0.00888 -0.12298 -0.01638
0.38812 -0.08840 0.13315
0.29246 0.02216 0.13467
0.19381 0.12561 0.14030
0.19234 0.11628 0.14030
0.10527 0.01769 0.10345
0.26666 0.06396 0.14030
0.20483 0.08022 0.13205
-0.40262 0.12768 0.00289
0.23063 -0.05192 0.13483
0.39466 -0.12521 0.07432
-0.40306 -0.11505 -0.12843
-0.40262 -0.05667 0.11757
0.36826 -0.03092 0.03517
0.19724 0.00594 0.13710
0.29255 0.13340 -0.13469
0.23269 -0.08350 -0.00514
-0.02826 -0.06979 -0.14145
0.09345 -0.04629 0.09103
-0.16647 0.13505 0.13023
0.30107 -0.09820 0.12041
-0.02012 0.15594 -0.14357
0.35535 -0.07468 -0.13349
-0.40817 -0.13677 -0.04130
-0.13379 -0.11526 -0.07799
-0.17800 -0.12261 -0.07799
-0.12613 -0.12725 -0.07799
-0.24385 -0.11256 0.11997
0.09345 -0.00905 0.11651
0.09345 -0.02379 0.12750
0.09345 0.04144 0.08342
-0.19405 -0.14783 -0.09649
0.15664 -0.15825 0.01985
0.34787 -0.03258 -0.07912
0.35631 -0.03652 -0.06852
0.11507 -0.11446 0.14030
-0.28017 -0.17413 -0.05402
-0.40215 -0.15184 -0.00833
0.20939 -0.16839 0.11353
0.29493 -0.14782 0.02233
0.13866 -0.03564 0.13044
-0.00826 0.04609 -0.13725
0.32176 -0.07301 0.03161
-0.23764 -0.12363 -0.12088
-0.40817 0.07394 0.13672
0.23652 -0.01974 -0.14139
0.31392 0.02157 -0.13142
-0.27711 -0.08684 -0.14139
0.07837 0.15715 -0.14133
0.30268 -0.16087 -0.10233
0.06894 -0.08153 -0.13134
0.03771 -0.09796 -0.13136
0.29155 0.14296 0.06402
-0.06246 0.04597 0.14030
-0.12288 -0.13395 0.08130
-0.13130 -0.11862 0.08491
0.27564 -0.11902 0.10275
0.09140 0.16493 -0.12242
-0.19827 -0.15662 0.11899
-0.04908 -0.17047 0.09039
-0.02523 -0.17047 0.04251
-0.01472 -0.17047 0.05963
-0.40817 -0.16197 0.07807
-0.24534 -0.16116 0.12874
-0.17460 -0.07375 -0.14139
-0.39605 0.16493 -0.05601
0.09118 0.11698 -0.14139
0.36984 -0.04359 0.10184
0.02602 0.13664 -0.14141
0.39466 -0.09220 0.00733
0.39466 -0.09089 0.04656
0.16710 -0.15431 -0.13107
0.31415 -0.02343 0.00767
-0.20659 -0.13955 -0.03662
-0.27006 -0.13955 -0.03282
-0.25613 -0.13955 -0.00622
-0.26221 -0.13955 -0.01756
-0.18213 -0.13955 -0.03214
-0.16814 -0.13955 -0.01484
0.15608 0.01045 -0.13561
-0.31952 0.16493 0.05656
-0.37622 0.16493 0.07359
0.31989 -0.01588 0.02154
0.39597 -0.12368 0.14030
-0.21092 0.16493 -0.08202
0.17923 0.00486 -0.13686
0.34568 -0.14410 -0.10141
-0.36889 0.16493 -0.12807
-0.38417 0.16493 -0.10554
0.38202 -0.04880 -0.06473
-0.17856 -0.19275 0.10305
0.25282 -0.01806 0.10522
0.33821 -0.02070 -0.09791
0.05990 0.11253 0.13023
0.08383 0.13875 0.13023
0.07594 0.11617 0.13023
-0.20011 0.16493 0.12977
0.42479 -0.13635 0.03489
-0.20520 0.15725 -0.06526
-0.12673 0.15752 -0.01458
-0.16502 0.15752 -0.01342
-0.12485 0.15742 -0.03261
-0.19187 0.15752 -0.01367
-0.21263 0.15729 -0.05720
-0.03713 0.15752 -0.01401
-0.15982 0.15747 -0.02289
-0.10762 0.15739 -0.03857
-0.10093 0.15754 -0.01090
-0.15500 0.15715 -0.08339
-0.14381 0.15749 -0.01960
-0.22871 0.15756 -0.00677
0.09292 -0.17047 -0.05025
0.05655 -0.17047 -0.03603
0.04262 -0.17047 -0.05391
0.06627 -0.17047 -0.05875
0.00283 -0.17047 -0.07891
0.29740 0.11478 0.00314
-0.41097 0.02345 0.11753
0.07621 -0.05446 0.14030
-0.28914 -0.02775 0.14030
-0.16704 -0.15636 -0.06582
0.40326 -0.13081 0.07741
0.12422 0.08183 -0.14139
0.11347 0.08520 -0.14139
-0.16328 0.16493 -0.11805
-0.18232 0.16493 -0.11752
-0.24453 0.18873 -0.05809
-0.01798 0.13046 0.14170
0.31279 -0.08777 0.08014
0.30165 -0.13135 0.07741
0.28793 -0.15649 0.06638
0.01083 -0.10674 0.14030
-0.28532 -0.14792 0.14030
0.08004 0.17504 -0.05701
0.07404 -0.01332 -0.14139
0.07614 0.00165 -0.14139
0.09393 -0.00429 -0.14139
0.02399 0.16365 -0.13687
0.04826 -0.12290 -0.10429
0.07960 -0.12297 -0.07182
0.05688 -0.12289 -0.10980
-0.20882 -0.03120 0.13538
-0.38097 -0.14710 -0.14139
-0.38933 -0.12610 -0.14139
-0.03137 0.09589 -0.13897
-0.03244 -0.04006 0.14170
-0.33580 0.16493 -0.08929
-0.30605 0.16493 -0.07933
0.29714 -0.06709 0.08425
0.13098 0.07078 -0.08420
0.30210 -0.10125 0.06720
0.10821 -0.00268 0.13027
0.36374 -0.11414 -0.08442
-0.41097 0.01861 0.12795
0.25700 -0.00630 0.04141
0.14194 -0.08401 0.13453
0.26290 -0.18367 0.12702
-0.02202 0.14533 -0.13135
-0.19659 0.17128 -0.00496
-0.19659 0.17344 0.04269
-0.41409 0.10259 -0.14052
0.26603 0.04683 0.13046
-0.09760 -0.06287 -0.14561
-0.40262 -0.09971 -0.08434
-0.26445 -0.15767 -0.11742
0.30591 0.07248 0.04295
0.30525 0.07501 0.01580
0.27295 0.16410 0.08168
0.36213 -0.14128 -0.05866
-0.39067 -0.10735 -0.10504
0.28008 -0.04085 -0.10053
-0.27820 0.03057 0.13023
-0.32468 0.03740 0.13023
-0.31444 0.03672 0.13023
-0.36730 0.06415 0.13023
0.37977 -0.13721 0.04247
0.29225 0.04671 0.13538
-0.40262 0.00719 0.04266
-0.40262 0.02603 0.05838
0.29131 -0.13362 -0.13084
-0.41097 0.09760 -0.06942
0.03185 0.16493 -0.06131
0.36243 -0.03934 0.05041
0.30493 -0.09377 0.08666
0.40400 -0.04702 0.01245
-0.40262 0.09454 0.03948
-0.24177 -0.16623 -0.10211
0.17103 -0.12300 0.06253
0.21717 -0.12300 0.03413
0.24917 -0.03660 0.03948
-0.35151 0.11591 -0.14139
0.40613 -0.07272 0.13830
-0.02782 0.06807 -0.13819
-0.02106 0.07474 -0.13819
-0.40684 0.13995 0.03814
-0.15011 -0.16555 0.10242
0.27981 -0.04644 0.01831
-0.40817 -0.14906 -0.07051
-0.19419 -0.03471 -0.13819
0.32198 -0.08180 0.05610
0.33148 -0.02296 -0.12961
0.31769 0.03015 -0.07474
0.30743 0.06945 -0.07573
0.30399 0.03477 -0.13585
-0.02638 0.15201 0.14748
-0.40950 -0.13486 0.08043
0.20041 -0.17047 -0.06894
0.19153 -0.17047 -0.03702
-0.38479 -0.12300 0.05521
-0.40262 -0.09857 -0.09694
0.36786 -0.04074 -0.13119
0.29107 0.14316 0.00702
0.30461 -0.10794 -0.07721
0.31249 -0.06375 0.04963
-0.41097 0.06918 0.05790
0.38593 -0.05087 -0.07093
0.30814 0.06675 0.09979
0.30724 0.07018 0.07691
0.37689 -0.04680 0.09642
0.37964 -0.14020 0.07020
-0.24659 0.16493 0.13064
-0.23853 0.14713 0.14748
0.10118 0.10329 -0.11960
0.10118 0.09810 -0.12600
0.10118 0.11454 -0.05845
0.10118 0.13081 -0.12340
0.40870 -0.08869 -0.12658
0.16829 -0.13790 0.13944
-0.42335 -0.16685 -0.05329
0.25970 -0.04877 -0.14139
-0.22121 -0.13459 -0.10363
-0.41312 -0.08634 0.13858
0.27367 -0.00336 0.12059
0.05682 -0.09384 0.14030
0.09152 -0.08081 0.14030
-0.41097 -0.07494 -0.02284
0.29737 -0.05008 0.07720
0.31608 -0.06376 0.13317
0.10118 -0.06804 -0.11233
0.10118 -0.04883 -0.12458
-0.15389 -0.12946 0.10242
0.17485 0.03550 0.13639
0.25439 -0.01367 0.08175
0.27338 0.16401 -0.05469
0.32073 0.01583 0.02968
0.05528 -0.16234 0.14030
0.09345 0.10676 -0.05284
0.09345 0.08049 -0.06251
0.09345 0.08510 -0.06947
0.13819 0.11861 -0.13145
0.14017 0.09897 -0.13154
0.27766 0.12982 0.14030
-0.08764 -0.08874 0.14030
-0.06650 -0.06951 0.14030
-0.15796 -0.15638 0.05633
-0.12802 -0.15641 0.05486
0.27999 -0.04243 -0.04971
0.01095 0.14138 0.13023
0.33375 -0.07058 -0.13511
-0.18515 -0.09344 0.12437
-0.06730 0.14445 0.14827
0.33070 -0.09489 0.06960
0.38671 -0.10294 -0.06089
-0.40262 -0.07035 0.10202
0.14241 -0.01654 0.13483
0.35777 -0.02748 0.01190
0.34566 -0.02280 0.02408
0.25826 -0.00288 0.08689
-0.32225 -0.12496 -0.14139
-0.30004 -0.14213 -0.14139
0.31180 0.05975 -0.13172
0.05656 -0.12288 0.11401
0.04043 -0.12290 0.10235
0.09162 -0.12290 0.10306
0.14194 -0.09295 0.13550
-0.39067 -0.10519 0.11606
-0.41097 0.13668 -0.13295
-0.33498 -0.05918 0.14423
-0.06420 0.10453 0.13998
-0.40262 -0.10052 0.03965
-0.40262 0.05747 -0.11778
-0.40262 -0.06537 0.08239
0.32637 -0.18972 -0.13101
0.22895 -0.02343 0.13944
0.03326 0.07504 -0.13138
0.08894 0.03304 -0.13132
-0.12484 0.06797 -0.14201
0.15812 -0.00093 -0.13686
-0.39788 0.14274 -0.14287
0.39466 -0.10972 0.02180
0.29536 -0.14091 0.08997
0.40607 -0.11365 0.10698
0.13804 -0.02838 -0.13160
0.12549 -0.09457 0.13037
0.10618 -0.07178 -0.10914
0.33307 -0.05713 -0.14142
-0.23826 0.12850 -0.14139
-0.23030 0.14277 0.13023
-0.41097 -0.11770 -0.02142
-0.01180 -0.07109 0.14030
0.25342 -0.13806 0.05066
0.29144 -0.10107 -0.10106
0.29060 -0.10151 -0.07748
0.26478 -0.11209 -0.09123
-0.42382 -0.16085 0.09542
0.41176 -0.09121 0.06428
-0.08146 0.06737 0.13538
-0.16232 -0.06035 0.14451
-0.39218 -0.12298 0.06966
0.31934 -0.03413 -0.07887
0.30766 -0.03430 -0.09490
0.40302 -0.06706 0.00231
-0.41097 -0.03699 -0.01827
-0.40262 0.11290 -0.07038
-0.40543 0.13995 -0.04802
-0.26594 0.09254 0.14030
0.23903 0.07390 -0.13483
-0.20603 0.19421 -0.00639
-0.19521 0.19421 -0.02034
0.29754 -0.15934 -0.08283
-0.41097 0.09448 0.13021
-0.01396 -0.03647 -0.13819
0.27771 -0.11788 0.05540
-0.41097 0.00883 0.13757
-0.13296 0.13605 0.14030
0.10118 0.06148 0.09274
0.10118 0.07766 0.12744
0.10118 0.05528 0.06503
-0.02841 -0.15649 0.00057
0.22583 0.05242 0.16592
-0.35250 -0.06411 -0.14459
-0.20869 -0.14394 0.06185
-0.39067 -0.04823 0.07238
-0.24464 -0.14180 -0.07483
0.29128 0.11464 0.04712
0.29967 0.08612 0.04184
0.28875 0.12320 0.01451
0.29144 0.14053 -0.05882
-0.40262 -0.04545 -0.05470
-0.09850 0.04043 -0.13819
-0.01626 0.02020 -0.13819
-0.01566 -0.01932 -0.13819
-0.19364 -0.14753 0.06410
0.16605 0.08856 -0.13160
0.23234 0.13869 -0.13139
0.23852 0.10099 -0.13154
0.18613 0.09396 -0.13157
0.21081 0.08964 -0.13159
0.03760 -0.15738 -0.14139
-0.01444 -0.07605 -0.12949
-0.01383 -0.04428 -0.09673
0.27053 0.15144 0.14030
-0.41097 0.07549 -0.04952
0.16612 -0.14748 -0.00273
0.29424 -0.14449 -0.00187
0.38111 -0.09130 -0.05545
-0.21616 -0.02715 0.13608
0.31846 -0.03850 -0.08411
-0.27143 0.15732 0.01841
-0.24590 0.15703 0.09409
-0.24571 0.15692 0.11542
-0.28212 0.15725 0.02360
-0.34249 0.15708 0.00470
-0.35747 0.15694 0.01746
-0.29126 0.15719 0.02655
-0.30330 0.15713 0.02691
-0.24891 0.15729 0.04408
-0.24351 0.15713 0.07774
-0.27858 -0.17047 -0.11837
0.14194 0.02675 -0.13492
0.34923 -0.16537 0.13234
0.36711 -0.09189 0.14030
0.27490 -0.10807 -0.04189
0.24415 -0.12061 -0.08091
-0.09546 0.06289 -0.14201
-0.40817 0.07822 -0.13664
0.32314 -0.08696 -0.08015
0.01249 0.05177 0.13645
0.40059 -0.12028 -0.12055
-0.05109 0.12653 0.14170
-0.14932 -0.17207 -0.07148
0.17432 0.13433 0.13029
0.17410 0.15130 0.13024
0.21962 0.13401 0.13030
0.15844 0.10739 0.13038
0.30656 -0.05313 -0.01745
0.31929 -0.05313 -0.00358
-0.33690 -0.03031 0.13023
-0.25799 -0.11445 -0.14139
0.10482 -0.11101 0.10946
0.12233 -0.12297 -0.00990
-0.40817 0.05915 -0.06652
-0.00753 -0.13463 -0.14144
0.12884 -0.06092 -0.05304
0.20568 -0.12300 -0.00266
0.17379 -0.12300 -0.04828
0.18219 -0.12300 -0.01693
0.14187 0.16528 0.03580
-0.08833 0.09196 0.13538
-0.07106 -0.03923 -0.13850
0.30383 -0.16173 -0.01031
0.10118 -0.00697 0.12409
0.10118 -0.00433 0.11815
-0.28404 -0.10338 -0.14139
-0.39067 -0.05039 -0.10111
-0.39067 -0.06493 -0.11816
-0.09174 -0.16936 -0.14139
0.21104 -0.09355 -0.14139
0.23240 0.02150 -0.13834
0.12646 -0.01325 -0.04239
0.27997 -0.10615 -0.10420
0.21475 -0.16675 -0.10497
0.33076 -0.02258 0.07225
0.34724 -0.03281 -0.10224
0.13522 0.05529 0.09064
0.24989 0.05256 -0.13483
0.38047 -0.05863 0.02501
-0.18610 -0.12300 -0.03646
-0.16108 -0.12300 -0.01681
-0.19093 -0.12300 -0.05696
-0.18499 -0.12300 -0.02657
-0.15843 0.13913 -0.14139
0.23802 -0.14606 0.06083
-0.26114 -0.14992 0.11945
0.26835 0.10986 0.14030
-0.11367 -0.14751 0.00813
-0.05988 -0.16823 0.03074
-0.26606 -0.16819 -0.05377
0.08169 0.06492 -0.14139
0.05459 0.07519 -0.14139
0.42271 -0.13265 0.13303
0.33914 -0.14411 0.05122
-0.40817 0.16315 0.08274
-0.11763 -0.15891 0.04401
0.17806 0.01384 0.13639
0.31447 -0.06911 -0.09627
-0.33677 -0.06617 0.14041
-0.08615 -0.04346 0.11810
-0.08151 -0.04349 0.09034
-0.08048 -0.04350 0.07847
-0.08864 -0.04349 0.08753
0.35749 -0.03688 0.02127
0.36114 -0.03882 0.07212
0.10225 0.15759 0.09455
0.10443 0.15759 0.04005
-0.12932 -0.15642 -0.01087
-0.18449 0.14375 -0.14865
-0.40817 -0.16927 -0.13800
0.04352 0.06306 0.13023
0.03768 0.07722 0.13023
-0.19183 0.15533 0.13023
-0.17887 0.14542 0.13023
-0.18785 0.13796 0.13023
0.37412 -0.06559 0.03232
-0.38947 0.15600 0.14030
0.32655 -0.03450 0.02252
-0.39067 -0.07085 -0.09106
-0.39067 -0.09198 -0.07137
-0.39067 -0.07929 -0.09053
0.01446 0.16493 -0.08989
0.03028 0.19361 0.05418
-0.37488 -0.17047 0.11129
-0.39620 -0.17047 0.10010
-0.41443 -0.17047 -0.02353
-0.40817 -0.16982 0.09969
-0.19058 -0.09392 0.12922
0.29851 -0.00570 0.06422
-0.41062 0.05367 -0.07675
-0.01131 0.16493 -0.08607
0.30848 -0.09436 -0.01264
0.33852 -0.02013 -0.05338
0.30520 -0.09093 0.13418
0.10118 -0.06205 0.07107
0.10118 -0.06198 0.12097
-0.19683 -0.04351 0.06667
-0.20568 -0.04348 0.10178
-0.35953 -0.16937 -0.06403
0.10207 -0.01148 0.05090
0.31321 -0.07492 0.03100
-0.19979 -0.15390 -0.09618
0.10238 -0.07751 -0.11008
0.22406 -0.13628 -0.13544
0.27372 0.16394 -0.00693
0.23899 0.13340 -0.14139
0.20176 0.13466 -0.14139
0.18813 -0.07521 0.05150
0.18472 -0.07521 0.08477
0.27603 -0.10744 0.04953
0.40887 -0.10399 0.09886
-0.15185 0.00121 0.13608
-0.18859 0.01980 0.13608
-0.15574 -0.02161 0.13608
-0.40406 0.16493 0.09430
0.29106 0.13911 -0.02377
0.29158 0.14258 -0.13454
0.30346 -0.01980 0.12850
0.34042 -0.10861 0.13683
0.03323 0.08971 -0.14139
0.13159 -0.06352 0.05020
0.11771 0.16493 0.13129
0.22168 0.00783 0.05844
0.31944 -0.03386 -0.14139
0.29840 -0.03435 -0.01519
0.29898 -0.03434 -0.02785
-0.01543 0.18994 0.03797
0.19727 -0.04614 0.13483
0.29358 -0.19197 -0.10141
0.25867 0.15739 -0.07699
-0.00581 0.02513 -0.13819
-0.20088 -0.08063 0.14030
0.21650 0.16493 0.10006
0.25197 0.16493 0.10768
0.28788 0.12632 -0.11328
0.28293 0.14335 -0.11114
0.12606 0.02741 0.04271
0.30915 -0.15100 0.08502
0.06608 0.14916 -0.14865
-0.12271 -0.16901 0.13465
0.32125 0.02366 0.00085
0.29885 -0.03443 -0.10526
0.02971 0.19837 -0.05343
-0.11651 -0.13439 -0.14139
0.39030 -0.04781 -0.11126
-0.32282 -0.12300 -0.00553
-0.36600 -0.12300 -0.02168
-0.07009 0.04150 -0.14108
-0.42261 -0.16861 0.03676
-0.40817 -0.16729 0.12775
0.38784 -0.04733 0.13490
-0.22916 -0.19029 0.09633
0.35177 -0.17241 0.10645
0.25113 0.15759 -0.08122
0.23648 0.15759 -0.06461
0.21011 0.15759 -0.07432
0.22292 0.15759 -0.09789
0.28030 -0.12038 0.01415
-0.28744 -0.12300 -0.02971
-0.28058 -0.12300 -0.00693
-0.30141 -0.12300 -0.04250
-0.01741 -0.04349 -0.08760
-0.01609 -0.04350 -0.07413
-0.03855 -0.04348 -0.09506
-0.03208 -0.04351 -0.06481
-0.24264 -0.16940 -0.09196
0.42347 -0.15401 -0.00995
0.41316 -0.13647 0.04096
0.29224 -0.14055 -0.05868
0.37158 -0.11070 -0.01129
0.39088 -0.04290 0.07944
0.33365 -0.01854 -0.10428
0.21282 0.09461 0.14030
0.22557 0.09315 0.14030
-0.15521 -0.04472 0.14030
0.39284 -0.12526 0.00577
0.34057 -0.02903 -0.04780
0.39535 -0.07943 0.14030
-0.31045 -0.11769 -0.14139
0.15340 -0.05039 -0.13483
0.00237 -0.12361 0.14030
-0.42194 -0.15977 0.04331
0.10818 -0.06314 -0.14561
0.19736 -0.04838 -0.13483
0.28012 -0.03974 0.00237
0.33722 -0.02990 0.12947
0.36769 -0.13124 -0.13604
0.09684 -0.09614 0.14030
-0.19575 -0.09948 -0.10685
0.06235 0.16493 0.06408
-0.41097 -0.01150 -0.02707
-0.11111 -0.07471 0.14030
0.30148 -0.17369 0.13039
-0.06811 -0.17047 -0.09930
-0.05154 -0.17047 -0.11065
-0.19737 -0.08619 -0.09538
0.03615 0.01466 0.13023
0.07367 0.01763 0.13023
-0.26513 0.11050 -0.14139
-0.11423 -0.04345 0.12825
-0.16648 -0.04349 0.09031
-0.19041 -0.04346 0.11171
-0.19171 -0.04350 0.08141
0.18163 -0.15428 -0.01661
-0.26921 -0.16932 0.11065
0.23575 -0.15225 -0.08674
0.28785 -0.10005 -0.13019
-0.38442 -0.04351 -0.06191
-0.37392 -0.04338 -0.12471
-0.27697 -0.04339 -0.11892
-0.34271 -0.04337 -0.12633
-0.37977 -0.04350 -0.06534
0.24210 -0.00516 0.13495
-0.07783 0.07296 -0.13819
0.04063 0.14035 -0.14233
0.22273 -0.14201 -0.10097
0.05055 -0.15046 -0.01244
0.01450 -0.14491 -0.00639
0.13906 -0.16498 -0.02828
0.10282 -0.15920 -0.02198
-0.11254 -0.05729 0.14140
-0.21206 -0.17846 -0.10363
0.26525 -0.07904 -0.14139
-0.15800 -0.09598 -0.10034
0.31894 0.02271 0.08027
0.30342 0.01986 -0.13655
-0.17228 0.16493 -0.08628
-0.13184 0.16493 -0.06578
-0.41097 0.08988 0.09759
0.08686 0.01806 -0.14139
0.04635 0.02699 -0.14139
-0.01923 -0.00421 0.13538
-0.04979 0.03548 0.13538
-0.17204 -0.17830 0.12997
0.14534 -0.13135 0.09312
-0.20104 -0.10981 -0.07149
0.24210 0.01423 0.13653
-0.00363 -0.06392 -0.13140
0.24075 0.04278 -0.13709
-0.40611 0.10562 -0.12843
0.07738 0.16493 0.07498
0.08494 0.16493 0.06592
0.16548 -0.11069 0.13944
0.02688 0.15521 0.14403
0.17955 -0.14698 0.00645
-0.40262 0.13903 -0.07011
-0.01307 -0.12288 0.09630
0.01001 -0.12293 0.06627
0.04084 -0.12295 0.06400
0.00813 -0.12294 0.05681
0.32139 -0.02704 0.14030
-0.16113 0.16465 0.13443
0.27115 0.14161 0.13027
-0.08634 0.03419 -0.13897
-0.04666 0.02255 -0.13897
-0.02268 0.01352 -0.13897
-0.12591 0.08526 0.14069
0.04068 -0.10935 0.13023
0.01218 -0.10185 0.13023
-0.08253 -0.04817 -0.14141
-0.01315 0.03756 -0.13897
0.18313 0.00849 0.13639
0.26740 -0.12402 -0.07721
0.07007 0.09275 -0.13134
0.39099 -0.07490 -0.14147
-0.30982 -0.01262 -0.13140
-0.33891 -0.01918 -0.13140
-0.24181 0.00342 -0.13140
-0.28890 -0.02832 -0.13140
0.41139 -0.10412 -0.06569
-0.07945 0.04905 -0.13897
0.30895 -0.13657 -0.13549
0.16491 -0.06092 0.08932
-0.05697 -0.04350 0.08026
-0.05252 -0.04351 0.07368
-0.05612 -0.04352 0.06208
-0.06396 -0.04350 0.08103
-0.16549 -0.15735 0.00115
-0.23721 0.09125 -0.14139
0.27552 0.10139 0.14030
0.31976 -0.09489 0.07140
0.30213 -0.08436 0.00945
0.30317 -0.08436 0.00249
0.03499 -0.02687 -0.14139
0.10863 0.20420 -0.01521
0.09317 0.20420 0.03383
0.04273 -0.09053 -0.14139
0.12629 -0.05593 -0.13151
0.12857 -0.06641 0.04560
0.35430 -0.12250 0.07612
0.40887 -0.10979 0.11465
-0.40445 -0.07319 0.13023
0.09345 0.00852 0.05189
0.09345 -0.02319 0.05314
0.09345 -0.01732 0.09888
0.09345 -0.04794 0.05692
0.09345 0.01941 0.07317
-0.24396 -0.09023 0.14030
-0.04316 -0.16969 -0.03342
-0.07990 -0.15424 -0.01657
-0.16474 0.04188 -0.14139
0.04380 -0.01447 0.14030
0.08847 -0.00727 0.14030
0.06898 -0.01264 0.14030
0.12242 0.16493 0.08092
0.17887 -0.13647 -0.14142
0.30228 0.08189 -0.02280
-0.06298 0.11855 -0.13897
0.06530 0.11770 0.14030
-0.13539 -0.11177 0.14030
0.25413 0.04002 0.14089
-0.33667 -0.12300 0.01524
-0.34227 -0.12300 0.01388
0.41346 -0.14323 -0.12526
0.26084 -0.11957 -0.10342
-0.14256 0.16493 0.09693
-0.12751 0.16493 0.09674
-0.40262 0.05714 -0.08749
0.26392 0.16883 -0.11731
0.28329 -0.10003 0.04613
0.39193 -0.08425 0.04215
-0.19878 -0.01365 0.13538
0.20432 -0.14520 -0.09679
0.22924 -0.12932 -0.09390
0.38815 -0.07146 -0.03210
0.26874 0.17380 0.11923
0.17596 -0.14350 -0.00485
0.28881 -0.05896 -0.04323
0.22068 -0.03003 -0.14139
-0.40262 0.10188 0.10690
-0.14830 -0.16133 -0.10107
-0.39067 -0.10293 0.06571
-0.39067 -0.08233 0.06538
-0.22141 0.04108 0.14018
0.28421 -0.10712 0.05304
0.02690 -0.00652 -0.14140
0.32292 0.00746 0.06974
0.41293 -0.12970 -0.04595
0.12540 0.08806 0.13037
0.30953 0.06840 -0.00176
0.41435 -0.14556 -0.14498
0.34567 -0.09622 -0.06547
0.37192 -0.12122 0.07612
0.21994 -0.03482 0.13944
-0.14641 -0.17213 -0.07722
0.09345 -0.08824 -0.09208
0.09345 -0.09517 -0.12184
-0.17803 0.12732 -0.13679
-0.36790 0.03765 -0.14139
-0.34773 0.02894 -0.14139
-0.39044 0.04360 -0.14139
-0.15824 0.15578 0.14282
-0.41322 -0.16654 0.13738
0.26132 0.08529 0.13044
-0.41097 -0.11653 0.06020
0.30507 0.08557 0.08815
0.15095 0.03760 0.13944
0.31058 0.05464 -0.08922
0.30575 0.07308 -0.08945
0.13020 0.15743 -0.10634
0.01841 0.15702 -0.10699
0.07912 0.15723 -0.06774
0.05212 0.15715 -0.08419
0.07684 0.15729 -0.05732
0.04444 0.15691 -0.12759
0.08074 0.15748 -0.02125
-0.40309 -0.14311 -0.00835
0.29935 -0.01079 0.11275
0.28057 -0.10281 -0.12580
-0.35436 -0.18624 -0.09801
-0.29049 -0.18624 -0.06849
0.25413 -0.08796 0.14207
0.29156 -0.03442 -0.07318
0.20255 -0.08492 0.13944
0.39459 -0.12015 -0.06370
0.11230 -0.12292 0.02106
-0.40262 -0.08417 -0.10336
0.26983 -0.07860 -0.02913
-0.07590 0.11527 0.13538
0.18744 0.16493 -0.06190
0.16229 0.16493 -0.07562
0.15699 0.16493 -0.07966
-0.16004 -0.19062 -0.09221
0.07669 0.17982 -0.05849
-0.37966 -0.18002 -0.09130
-0.05599 0.07121 0.13998
-0.17437 -0.14783 -0.01237
0.28291 -0.16173 0.00824
0.30353 -0.04582 -0.00657
-0.37503 0.04773 0.14030
-0.32555 0.02917 0.14030
0.37046 -0.03750 0.12045
-0.11790 -0.15489 -0.06359
-0.22485 0.13371 0.13023
0.25356 -0.14976 0.10405
-0.01299 0.19800 -0.02702
0.23352 0.05715 0.13717
0.13070 -0.01240 0.11563
0.28282 0.16060 0.01873
0.08602 0.08282 0.13023
0.05326 0.16493 -0.08289
0.03572 0.16493 -0.09353
0.10170 -0.08578 -0.05754
-0.41036 -0.15696 0.08541
-0.02105 -0.07697 0.14030
0.31150 -0.11498 -0.10233
0.23011 -0.15774 -0.12212
0.38879 -0.09130 0.02536
0.29238 -0.09529 -0.07663
0.08947 -0.07182 0.13023
0.05952 -0.06185 0.13023
-0.05233 0.04767 0.13538
-0.41165 -0.00966 -0.01020
-0.40880 -0.17047 0.04327
-0.06774 0.06669 -0.13897
-0.08187 0.06041 -0.13897
-0.40274 -0.01237 -0.13140
0.27320 -0.13557 -0.00326
-0.41097 -0.00609 0.00348
-0.12566 -0.05785 -0.14332
0.22109 -0.01596 -0.14020
-0.36988 0.02240 0.14030
-0.33906 0.01059 0.14030
-0.32146 0.02079 0.14030
0.09772 -0.09296 -0.14139
0.13237 -0.07622 -0.14139
0.13941 0.15759 0.07470
0.12874 0.15759 0.04005
-0.11949 -0.06372 0.14408
-0.18544 -0.09365 -0.08045
0.00431 0.02270 0.13608
-0.13030 -0.13955 -0.07255
-0.13308 -0.13955 -0.04521
-0.12364 -0.13955 -0.01185
-0.18573 -0.13955 -0.07597
-0.19130 -0.13955 -0.04584
-0.12494 -0.13955 -0.02695
-0.12551 -0.14212 0.10240
-0.20706 0.00639 -0.13819
-0.10533 -0.04348 -0.10092
-0.16990 -0.04351 -0.06672
-0.15271 -0.04350 -0.07611
-0.12894 -0.04350 -0.08239
0.30313 -0.16087 0.05548
-0.12898 0.04925 -0.14196
0.19775 -0.00718 -0.13709
-0.00556 0.07638 0.13608
0.10618 -0.04354 0.10693
-0.02344 -0.12172 0.14030
-0.18595 -0.15241 -0.10335
0.15503 -0.00097 0.13710
0.26263 -0.07254 0.14030
-0.06348 -0.02515 -0.13897
-0.40262 -0.03062 -0.08771
0.29474 -0.10698 0.07612
-0.19684 0.02605 0.13608
0.35189 -0.02449 0.00948
-0.16915 0.04267 0.14030
-0.40262 0.08044 -0.06061
0.39278 -0.06210 0.04362
-0.08413 0.16493 0.13364
-0.10279 0.16493 0.11627
-0.35134 -0.12300 0.03236
-0.26875 -0.12300 0.02005
-0.27516 -0.12300 0.03337
-0.30201 -0.12300 0.01603
-0.11180 0.14301 -0.14950
-0.10498 0.16493 -0.10516
0.11906 -0.12298 -0.08507
0.37288 -0.10658 -0.07908
-0.41014 0.11416 -0.00109
-0.40137 0.15686 0.11052
-0.26641 -0.15590 -0.05708
0.31857 0.02679 -0.11785
0.40887 -0.07957 -0.11044
0.40119 -0.06160 -0.07336
0.36890 -0.09130 0.06362
0.28723 -0.00704 0.04560
0.22111 -0.16442 0.10190
0.14128 -0.09711 -0.13162
-0.28165 0.16493 0.09346
-0.20062 -0.05216 0.14030
0.04168 -0.12295 -0.07000
-0.00910 -0.12291 -0.06967
0.00539 -0.12291 -0.08483
0.00535 -0.12288 -0.10934
0.24993 -0.07111 0.13483
0.20821 -0.04386 0.13944
-0.21913 -0.14799 -0.10953
-0.17888 -0.11916 -0.12997
-0.07316 0.09790 0.13608
-0.10110 0.09015 0.13608
0.11370 0.14045 0.14149
0.32655 -0.00649 0.12672
0.31825 0.02536 0.12621
0.13655 -0.07521 0.07479
-0.40817 0.03916 -0.07463
-0.35544 0.10815 0.14030
-0.30786 0.10977 0.14030
0.35675 -0.02713 -0.03396
0.38647 -0.10626 0.13386
0.33942 -0.01976 -0.04681
0.33580 -0.01825 -0.01410
0.18296 -0.17047 -0.09255
0.14555 -0.17047 -0.09266
-0.25489 0.15689 -0.12541
-0.34239 0.15689 -0.06573
-0.37777 0.15689 -0.11478
-0.36004 0.15689 -0.07440
-0.38743 0.15689 -0.10033
-0.28181 0.15689 -0.09497
-0.38621 0.15689 -0.11072
-0.38274 0.15689 -0.07899
-0.32577 0.15689 -0.09599
-0.35421 0.15689 -0.05991
0.05637 0.15739 0.03744
0.08190 0.15734 0.04763
0.08624 0.15747 0.02249
0.02890 0.15750 0.01633
0.08102 0.15759 0.00021
-0.00185 0.15758 0.00213
0.01853 0.15743 0.03096
0.32517 -0.19828 -0.10322
-0.07184 -0.01456 0.13608
-0.07059 0.00057 0.13608
-0.09990 -0.01099 0.13608
0.10458 -0.11637 -0.05153
-0.34868 -0.16830 -0.14139
-0.41919 -0.15696 0.05864
0.30140 -0.14157 0.07448
0.37905 -0.13872 -0.03080
-0.29185 -0.17746 -0.04092
0.31708 -0.14455 -0.05379
-0.08145 -0.01962 0.13538
-0.08504 0.01701 0.13538
-0.09574 0.00052 0.13538
0.31924 -0.09130 0.01715
0.34179 -0.09130 0.04666
-0.15040 -0.05931 0.14442
-0.16057 -0.15872 0.10504
0.17759 -0.12830 -0.13483
-0.33401 0.07229 0.13023
-0.30204 0.06236 0.13023
-0.25396 0.06622 0.13023
-0.26403 0.06899 0.13023
0.39466 -0.07367 0.00101
-0.11592 0.15843 -0.14094
0.26663 -0.18437 0.13204
-0.22333 -0.10356 0.07768
0.40943 -0.08271 0.06018
-0.29521 0.19173 -0.03663
-0.19759 -0.02274 0.13538
0.40059 -0.07026 0.05494
0.31769 -0.17790 -0.12698
0.24585 -0.13358 -0.04575
0.32061 0.01633 -0.10216
-0.20520 -0.15144 -0.06269
-0.02449 -0.02004 -0.13897
-0.04227 -0.02159 -0.13897
-0.07937 -0.02092 -0.13897
-0.40817 -0.16714 0.05750
0.22371 0.16493 -0.11238
0.18873 0.16493 -0.10178
-0.40159 -0.12291 -0.11609
0.31343 -0.07115 -0.04004
-0.03942 0.16493 0.05354
-0.08276 0.16493 0.06642
0.02704 0.03442 -0.14139
-0.41097 -0.07523 -0.03681
-0.26734 0.16958 0.05692
0.31399 0.04163 0.09308
0.31705 0.02994 0.09996
-0.40543 -0.00578 0.10791
0.30813 -0.04358 0.04163
-0.20030 -0.04348 -0.09483
-0.21535 -0.04351 -0.07048
0.27865 -0.14357 -0.05914
-0.18675 -0.15233 0.06050
0.40765 -0.08697 -0.13706
-0.40262 -0.00819 0.07634
-0.40262 -0.00222 0.06628
-0.07008 0.11353 -0.13897
-0.09214 0.11363 -0.13897
0.38059 -0.12015 0.07491
0.27901 -0.05142 -0.00860
-0.40030 -0.04822 0.13023
-0.38393 -0.07782 -0.14139
-0.36474 -0.07945 -0.14139
0.29637 0.06520 -0.13885
0.36968 -0.08436 -0.06969
0.40153 -0.06757 0.11306
0.29800 -0.11314 0.00396
0.33069 -0.02436 0.10614
0.21877 -0.04564 -0.13483
-0.20832 -0.17249 0.10498
0.33640 -0.09130 -0.03918
0.31956 -0.09130 -0.01993
-0.21541 -0.14340 0.10498
-0.40972 0.06725 -0.13946
-0.40262 -0.07824 -0.01927
-0.41097 0.02085 -0.04770
-0.41097 0.01144 -0.05647
-0.10350 0.10839 -0.14139
0.40899 -0.07293 0.05542
0.32280 -0.08436 0.04863
0.30284 -0.10046 -0.03687
0.30014 -0.08155 -0.05351
0.30239 -0.09730 -0.09382
-0.41199 0.15391 -0.12348
0.10118 0.06527 -0.08354
0.10118 0.03217 -0.12145
0.10118 0.06515 -0.13089
-0.30859 0.13052 0.14030
-0.01181 0.12699 0.13770
-0.41304 -0.13919 0.06504
0.30417 0.07910 0.12409
0.30463 0.07734 0.08287
0.09345 0.07474 0.08031
0.09345 0.09543 0.08247
-0.25350 -0.13373 0.14030
0.13947 -0.07521 -0.09941
-0.40262 0.11941 0.00901
0.13268 -0.15126 -0.14139
0.12250 -0.13775 -0.14139
-0.32012 -0.03852 -0.13140
0.32125 -0.10455 0.10356
-0.40262 0.06984 0.08223
0.15473 0.10259 -0.14139
0.19436 0.08799 -0.14139
0.08384 -0.04677 -0.13132
0.03978 -0.07739 -0.13136
0.28309 -0.11861 0.07612
0.13224 0.03334 0.14030
0.13033 0.03969 0.14030
0.12091 0.04661 0.14030
0.27857 -0.00941 -0.13585
0.09622 0.19995 0.05249
0.30130 0.05506 0.12981
0.39150 -0.05501 0.09721
-0.20096 -0.20317 0.10934
-0.29345 -0.17047 0.11267
-0.31060 -0.17047 0.11790
0.29952 0.05493 0.13538
0.30507 -0.03423 -0.00779
-0.41097 0.12759 0.07123
0.21963 0.03693 -0.13905
0.28645 0.15667 0.04092
-0.18740 -0.15735 -0.00270
-0.15845 -0.10409 -0.12410
-0.08186 0.15107 -0.14865
0.40663 -0.05182 -0.06561
0.07440 0.01104 0.13023
0.03985 -0.00858 0.13023
0.01421 0.12426 -0.14280
-0.14992 -0.17823 0.11764
0.25413 -0.03778 0.13884
0.29976 -0.14736 -0.02343
-0.04490 -0.15662 0.14030
-0.24439 -0.13619 0.09398
-0.00721 -0.09889 -0.14139
0.29006 -0.13885 -0.08424
0.30538 0.08438 -0.07662
0.20454 -0.16435 0.14030
0.32203 -0.03680 0.06445
0.29759 -0.04871 0.06817
0.08843 -0.03352 0.14030
0.26219 -0.11687 0.05449
0.40059 -0.08860 -0.09645
0.09345 0.12265 -0.11297
0.09345 0.14864 -0.11324
0.09345 0.12938 -0.10916
-0.41061 0.05368 -0.10225
-0.13842 0.13774 -0.13140
-0.41097 -0.08472 -0.12440
0.40887 -0.10656 -0.12827
-0.41097 -0.11910 0.03712
0.04299 0.11202 0.14030
0.04583 0.10466 0.14030
0.13964 -0.01935 0.14256
-0.39122 -0.17047 0.05139
-0.32764 -0.17047 0.02940
-0.35192 -0.17047 0.05111
-0.36302 -0.17047 0.06296
0.19376 0.08906 0.13043
0.24925 0.09160 0.13043
0.22077 0.09668 0.13041
0.24295 0.13451 0.13029
0.20695 0.10620 0.13038
0.13882 0.16493 0.12753
0.28754 -0.15173 -0.09567
-0.38336 0.10374 0.14030
-0.33371 0.08719 0.14030
0.29199 -0.06508 -0.12051
-0.26896 -0.15579 -0.00433
-0.26294 -0.15605 0.00309
-0.08796 -0.16142 0.14030
0.19699 -0.07121 0.13944
0.32097 0.01761 0.06875
0.32755 -0.00751 0.04120
0.29952 -0.12280 -0.01781
0.32442 -0.14211 -0.00221
0.11444 0.04670 0.13030
0.41423 -0.16027 0.07209
-0.24518 -0.08536 -0.14139
0.35466 -0.16719 -0.11971
0.09345 0.15305 0.10411
0.09345 0.15664 0.04936
-0.12918 0.09068 -0.14201
0.39459 -0.10986 -0.06636
-0.39686 -0.02678 -0.13140
0.06278 0.04863 -0.13135
0.03003 0.06595 -0.13138
0.16272 -0.15066 -0.13483
0.19218 -0.15663 -0.13483
0.30643 -0.07084 0.01957
0.32567 -0.07482 0.01948
-0.25558 0.10868 0.14030
-0.14784 -0.14415 -0.07149
0.39013 -0.14612 -0.04891
0.16362 -0.09349 -0.13483
0.27304 0.17469 -0.12159
-0.25421 -0.01076 0.14030
-0.23499 0.00286 0.14030
-0.09892 0.04303 0.13608
0.26719 0.02860 -0.13163
0.24849 -0.00634 0.14062
0.39032 -0.14585 0.08565
0.30505 -0.08206 0.10530
0.30229 -0.08809 0.09543
-0.20138 -0.15735 0.01497
-0.20892 -0.13436 -0.07989
0.18419 -0.17047 0.10154
0.15676 -0.17047 0.09881
0.05623 0.15674 0.14078
-0.38963 0.00978 -0.14139
-0.36384 -0.01552 -0.14139
0.27013 -0.10714 -0.13031
-0.40262 -0.08431 -0.08080
-0.01580 0.18615 -0.01233
0.19018 -0.06092 -0.07468
0.39912 -0.06244 0.09249
0.32427 0.00228 -0.12899
0.38938 -0.06602 0.03227
0.32377 -0.15659 0.01070
-0.27236 -0.15316 0.05072
-0.40817 0.00519 -0.13872
-0.16667 -0.11654 -0.10170
0.10440 0.20420 0.03752
0.11918 0.20420 0.02422
-0.06019 0.02070 0.13608
-0.05175 0.00732 0.13608
-0.04268 0.00094 0.13608
0.41424 -0.16043 0.08568
0.40072 -0.04462 0.03174
0.30172 -0.09264 0.03610
0.29979 -0.07914 0.05623
0.29875 -0.07184 0.04917
-0.06645 0.07402 -0.14201
-0.20111 0.16689 -0.05894
-0.12400 0.11927 -0.14201
0.31141 -0.04198 0.09664
0.40059 -0.09118 0.12989
-0.08415 0.08861 -0.13819
0.14780 0.05953 -0.14139
0.36510 -0.08601 -0.07692
0.30779 0.06809 -0.12426
0.35843 -0.07984 -0.08579
-0.01480 0.18122 -0.05822
-0.41046 -0.17047 -0.12333
-0.22433 0.16493 0.06626
-0.26911 -0.05928 -0.14547
0.40887 -0.07383 -0.13357
0.34592 -0.05313 0.01439
-0.18388 -0.15443 0.10595
0.38818 -0.06777 0.05844
0.38818 -0.07776 0.04480
0.30886 -0.15768 0.07674
0.30886 -0.15695 0.07101
0.14021 -0.06092 -0.09268
0.14235 -0.06092 -0.09977
-0.21485 -0.03533 -0.13897
-0.01251 -0.09101 -0.11031
-0.01156 -0.07150 -0.06067
-0.00985 -0.10495 -0.08386
0.40059 -0.10745 -0.08449
0.31501 -0.15023 -0.13364
-0.35723 -0.00669 -0.13140
-0.33365 -0.00010 -0.13140
-0.32181 0.01852 -0.13140
-0.34921 -0.00393 -0.13140
0.28598 -0.07402 0.11954
-0.01487 -0.08406 0.05668
-0.03036 -0.04632 0.05668
-0.02522 -0.08315 0.05668
-0.01531 -0.04579 0.05668
-0.41053 -0.14553 -0.10925
-0.10226 -0.17047 -0.07973
-0.11288 -0.17047 -0.09571
-0.09440 -0.17047 -0.04030
0.39268 -0.05509 -0.09090
0.16510 0.15703 -0.12485
0.39722 -0.16243 0.14443
0.32706 -0.03331 -0.00973
-0.10852 0.03195 0.13538
-0.13852 0.02732 0.13538
-0.19002 -0.19363 -0.13129
-0.40262 0.05457 0.02667
0.14314 0.03976 0.13483
-0.19878 -0.15735 -0.05285
0.42236 -0.13175 -0.11396
-0.14260 0.12833 0.14170
-0.40978 -0.01701 0.08144
-0.40262 0.12896 -0.08820
0.01958 -0.16440 0.14030
-0.17199 -0.12480 0.10480
0.41690 -0.12651 0.01002
0.30934 0.06214 0.05073
0.31709 0.03245 0.04402
0.28649 0.13091 -0.08190
0.29217 0.11159 -0.05960
0.28020 0.15225 -0.03838
0.28867 0.12351 -0.07688
0.15671 -0.05640 0.13944
0.28695 -0.10647 0.13234
0.23076 -0.05948 -0.14139
0.16636 -0.06092 0.06563
0.14645 -0.15913 0.14030
-0.23059 0.19421 0.03724
-0.23511 0.19421 0.01411
-0.23134 0.19421 -0.01757
-0.28083 0.19421 0.05539
0.27090 -0.00958 -0.13655
0.33173 -0.08436 0.01354
0.33408 -0.08436 0.04265
-0.18670 -0.11961 -0.10363
0.33223 -0.12386 -0.01695
0.29887 -0.12433 -0.12613
0.15024 -0.02062 -0.13483
-0.05903 -0.14739 0.00800
-0.01474 -0.14792 0.00858
0.33312 -0.01884 -0.08231
0.29225 -0.07198 -0.05801
-0.41097 -0.04895 0.02961
0.09345 -0.04037 -0.04240
0.09345 0.00793 -0.10613
0.09345 0.02767 -0.06559
0.09345 0.03214 -0.07670
0.09345 0.02029 -0.10539
-0.08444 -0.04573 0.14030
0.28983 -0.00221 0.07392
-0.38841 -0.06416 -0.14452
-0.34740 -0.01055 0.13023
-0.29015 0.01189 0.13023
-0.35042 0.02677 0.13023
-0.36396 0.02671 0.13023
-0.40812 -0.12300 -0.02694
0.40364 -0.13573 -0.00602
-0.26377 0.05243 0.14030
-0.25965 0.03534 0.14030
0.40779 -0.05846 -0.00786
-0.06790 0.15885 0.13968
-0.19349 -0.14469 -0.07865
0.17606 0.11257 -0.14371
-0.26513 0.16493 -0.13140
0.41731 -0.12651 -0.03435
-0.24142 -0.14213 0.07283
-0.04801 0.11243 -0.14123
0.28657 -0.00100 0.08275
0.26809 -0.01005 0.13375
0.36744 -0.12236 -0.08674
0.00415 -0.15261 -0.01479
0.00450 -0.15789 -0.02055
0.03073 -0.16934 -0.03304
-0.41097 -0.07959 -0.07500
-0.01552 0.16493 -0.11783
-0.01969 0.16493 -0.12431
0.38833 -0.03936 -0.04789
0.10332 -0.08038 0.05692
-0.34213 -0.10584 -0.14139
-0.41097 -0.09240 0.06959
0.29390 -0.03076 -0.06829
0.12126 0.04532 -0.10132
-0.20998 -0.18279 0.10504
0.10118 0.01636 0.08209
0.10118 0.03206 0.04481
0.10118 -0.02267 0.04990
0.10118 -0.00722 0.07002
-0.38395 0.03662 -0.13140
-0.38117 0.06508 -0.13140
-0.34867 0.02904 -0.13140
0.09345 -0.10297 0.12757
0.09345 -0.11696 0.06940
0.25834 0.16493 -0.05929
0.26740 -0.03546 0.10937
0.00842 -0.03847 0.13538
-0.08556 0.12803 -0.13581
-0.41097 -0.11068 -0.08033
0.14194 -0.12731 -0.09692
0.26199 -0.04920 -0.13163
0.18283 0.15700 0.12528
0.16341 0.15700 0.12497
-0.32015 -0.12300 -0.04807
-0.38930 -0.12300 -0.05204
0.41070 -0.08737 0.02208
-0.20332 -0.14783 0.01510
0.32284 0.02383 0.01901
0.29808 -0.15528 0.02595
-0.01739 0.06566 0.14170
-0.39174 0.06985 -0.13140
0.29848 -0.12930 0.13180
0.27190 -0.19253 0.11137
0.38818 -0.10400 0.02344
-0.39116 -0.16438 -0.14139
0.31411 -0.11242 0.08018
0.25958 0.10118 0.14030
-0.00868 0.20420 -0.02197
0.01345 0.20420 -0.03831
0.11423 0.13980 0.13028
-0.41097 -0.06785 0.09810
0.26563 0.16493 -0.06582
-0.27547 -0.11658 0.14030
0.37283 -0.03344 -0.05448
0.00538 -0.03093 -0.13897
0.16465 -0.08032 0.13483
-0.34187 -0.04096 -0.14139
0.12628 -0.03795 -0.11828
0.13865 -0.11927 0.13044
-0.05495 -0.05103 0.14030
0.21281 -0.15418 0.12703
0.24124 -0.11130 -0.12256
0.10118 0.00022 -0.05381
0.10118 0.00204 -0.07973
0.10118 0.01769 -0.05188
0.10118 -0.03337 -0.11060
0.10118 -0.00732 -0.09834
-0.20852 0.16493 -0.07208
0.21801 0.06454 0.13788
0.29466 -0.10296 -0.05960
-0.40740 -0.12297 0.10479
0.28946 0.04844 -0.13655
0.07088 -0.16621 -0.14139
0.09345 0.00092 -0.10708
0.09345 -0.04086 -0.06091
0.32242 -0.13659 0.07627
-0.20387 -0.15158 -0.07246
-0.40262 0.02934 0.08873
0.28598 -0.15436 0.01818
0.40362 -0.12634 0.06945
-0.16310 -0.19362 0.12850
-0.40262 0.01420 -0.11634
0.16129 0.03659 -0.13686
0.23411 -0.11596 -0.03074
-0.41240 -0.08336 -0.13787
0.15396 0.05599 0.13573
-0.13151 0.15703 -0.10563
-0.13034 0.15710 -0.09266
-0.16570 0.15695 -0.12022
-0.07434 0.15703 -0.10584
-0.07936 0.15724 -0.06661
-0.05555 0.15731 -0.05287
-0.08404 0.15711 -0.09066
-0.13988 0.15710 -0.09246
-0.05536 0.15690 -0.13025
-0.05083 0.15708 -0.09633
-0.06306 0.15725 -0.06448
-0.09318 0.15705 -0.10163
-0.12602 0.15690 -0.13015
-0.07383 0.15697 -0.11757
-0.19129 -0.20169 -0.10264
0.08707 0.16493 0.09987
-0.09120 0.10754 -0.14201
-0.09130 0.08163 -0.14201
-0.41097 0.12938 -0.10451
0.41346 -0.14310 -0.07097
-0.17794 -0.19885 -0.13098
0.31574 -0.14650 0.01954
0.30935 0.06209 -0.01264
0.30765 0.06862 -0.02973
-0.12777 0.03009 -0.13897
-0.11239 0.00448 -0.13897
-0.18540 0.03723 -0.13897
-0.11811 -0.15175 0.06598
0.29584 0.12078 0.09570
-0.12374 -0.08690 -0.14139
0.28947 0.07182 0.13467
-0.22141 0.08645 -0.13797
0.10609 0.00539 -0.13136
0.12040 0.01606 -0.13146
-0.09875 0.08138 0.13998
0.22673 -0.12300 -0.01873
0.22498 -0.12300 -0.02536
-0.36513 -0.17047 -0.13979
-0.31073 -0.17047 -0.12274
-0.36330 -0.17047 -0.13026
0.16615 -0.00517 -0.13749
0.28403 -0.12041 0.02683
-0.21827 0.14213 0.14676
-0.17691 -0.03114 -0.13897
0.35027 -0.13837 -0.13100
-0.09558 0.16493 -0.13434
0.09345 0.12412 -0.04187
0.09345 0.14783 -0.05975
0.09345 0.14035 -0.07267
0.37514 -0.04548 -0.06436
0.29413 0.12733 0.10108
0.32222 0.01013 -0.04257
-0.40262 0.04299 0.10194
-0.40262 -0.07225 0.01367
0.12668 0.04532 0.08651
0.19703 0.04709 0.13729
-0.40817 0.03505 0.13417
-0.13095 -0.03409 0.13538
-0.16850 -0.04398 -0.14139
0.26708 0.17119 0.10349
-0.40262 0.01692 -0.03981
-0.40262 0.01542 -0.05755
0.35834 -0.09388 -0.08070
-0.03419 -0.17047 -0.09492
-0.02790 -0.17047 -0.08919
-0.29629 0.14865 -0.14778
-0.19044 -0.16251 0.10595
0.01304 -0.12295 -0.04369
0.01596 -0.12297 -0.03707
0.05117 -0.12299 -0.03326
-0.15182 -0.02504 -0.13819
0.26284 -0.02309 0.14030
-0.11305 -0.13588 0.14030
0.16539 -0.05083 -0.14139
0.29599 0.12020 -0.02876
0.01585 -0.02188 0.13142
0.28367 -0.19814 0.13070
0.20676 -0.15431 0.10859
0.17874 -0.15431 0.11331
0.27877 -0.08529 0.12201
-0.28295 -0.17047 0.04024
-0.29574 -0.17047 0.05743
-0.30855 -0.17047 0.05030
-0.31812 -0.17047 0.06762
-0.32044 -0.17047 0.05424
-0.33741 -0.17047 0.08785
-0.34694 -0.17047 0.05634
-0.17437 -0.10359 -0.07379
0.19613 -0.12300 0.07416
0.23314 -0.12300 0.09157
0.23443 -0.12300 0.07190
0.31397 -0.11863 0.08505
-0.04009 0.15755 0.00796
-0.20443 0.15715 0.08256
-0.06469 0.15754 0.00937
-0.17131 0.15754 0.00991
-0.22936 0.15701 0.10777
-0.15863 0.15749 0.01978
-0.22133 0.15696 0.11719
-0.17991 0.15733 0.04811
-0.18869 0.15729 0.05702
-0.23167 0.15736 0.04296
-0.15972 0.15717 0.07822
-0.15112 0.15728 0.05763
-0.18196 0.15717 0.07777
-0.07575 0.15759 -0.00007
-0.11256 0.15754 0.00912
-0.22229 -0.11301 -0.07799
-0.18769 -0.11868 -0.07799
-0.40262 0.00209 -0.12719
-0.33602 -0.14646 0.14030
-0.38747 -0.14931 0.14030
0.25033 -0.12622 -0.03383
-0.13261 -0.13369 -0.11893
0.33549 -0.17755 -0.10141
0.41999 -0.16243 -0.06537
0.31806 0.03583 0.13095
0.25356 0.01641 -0.13483
-0.23517 -0.11961 -0.08278
-0.10696 -0.00137 0.14014
0.25307 -0.05212 -0.01050
-0.40262 -0.06363 -0.05841
0.29599 0.12018 0.00519
-0.23793 -0.10704 -0.11957
-0.40967 -0.12208 -0.08914
0.25223 -0.11905 0.04469
0.24724 -0.12210 0.08155
-0.33054 -0.17047 -0.09085
-0.30673 -0.17047 -0.05072
-0.28742 -0.17047 -0.06229
-0.30748 -0.17047 -0.08567
-0.34962 -0.17047 -0.09769
-0.34395 -0.17047 -0.06492
-0.30673 -0.17047 -0.09664
0.21563 0.02786 -0.13905
0.01804 0.11834 0.13023
0.27148 -0.09719 0.14030
-0.41624 -0.17047 0.07190
-0.07553 0.13701 0.13023
0.21757 0.10525 -0.14139
-0.24570 -0.15900 0.09596
0.22751 -0.06303 0.13483
-0.16305 -0.11203 -0.05668
-0.21420 -0.06478 -0.05668
-0.19919 -0.11145 -0.05668
-0.15044 -0.11282 -0.05668
-0.20881 -0.11942 -0.05668
-0.19801 -0.05925 -0.05668
-0.21666 -0.11384 -0.13129
-0.19092 -0.16087 -0.10461
0.19170 -0.08217 -0.14140
-0.21746 -0.13825 0.11161
0.32229 0.01256 0.01058
0.32566 -0.00028 0.00880
-0.01603 0.17978 0.04171
0.22624 -0.10533 0.02039
0.18125 0.16493 0.09604
0.23412 0.16493 0.09234
0.24890 0.16493 0.08363
0.24531 0.16493 0.09243
0.40039 -0.06757 -0.11069
0.29725 0.11536 -0.06309
0.31327 -0.08436 -0.01038
-0.35906 0.14146 0.14178
0.32420 -0.06710 0.06916
0.38460 -0.03730 -0.06288
-0.35664 0.08032 -0.14139
-0.36368 0.09537 -0.14139
-0.12031 0.11899 0.13998
0.23323 0.00143 0.13717
0.22105 -0.16446 0.05323
0.31081 -0.15480 0.13322
-0.26516 0.17095 -0.05809
0.21329 -0.02902 0.13944
-0.18243 -0.13576 0.06640
0.09418 0.14308 -0.14220
0.10118 0.10807 0.06111
0.10118 0.06131 0.05170
0.07628 0.19418 -0.05510
-0.13421 0.14347 0.14827
-0.41237 -0.13855 0.05805
-0.40817 0.16354 -0.06147
0.25663 0.16493 0.02630
0.03492 0.05511 0.13023
0.06887 0.03185 0.13023
-0.36782 0.16493 -0.00562
-0.34119 0.16493 0.02781
-0.34847 0.16493 -0.00240
-0.34852 0.16493 -0.02664
-0.31496 0.16493 0.03659
-0.31123 0.16493 0.02596
0.13522 0.06644 0.08328
-0.20192 -0.15404 -0.11764
-0.24270 -0.06288 0.14451
0.20889 0.01370 0.13788
0.33296 -0.11679 0.13235
0.40887 -0.07518 0.10680
-0.15160 -0.08731 -0.05668
-0.11713 -0.07879 -0.05668
-0.16304 -0.06938 -0.05668
-0.17454 -0.04698 -0.05668
0.15314 -0.12020 0.13483
0.31580 -0.09202 0.07614
-0.40279 -0.12288 -0.12486
0.10119 0.12295 0.04698
0.10125 0.15467 0.05904
0.32902 -0.03634 0.13373
0.30811 0.06686 0.03395
0.29800 -0.08387 -0.00273
-0.41146 -0.17047 0.02826
0.35417 -0.16145 0.13045
-0.41097 0.13148 -0.07300
-0.40543 -0.00044 0.09093
0.18673 0.08022 -0.14060
-0.41367 0.14736 0.00125
0.29004 0.11885 0.08223
0.28305 0.14257 0.03959
0.28140 0.14820 0.02853
0.28341 0.14137 0.05994
-0.37321 0.15689 0.07558
-0.29033 0.15689 0.12555
-0.38947 0.15689 0.07077
-0.37436 0.15689 0.06593
-0.28619 0.15689 0.10858
-0.37585 0.15689 0.03348
-0.38235 0.15689 0.10809
-0.34539 0.15689 0.06374
-0.29580 0.15689 0.08266
-0.35894 0.15689 0.10902
-0.40262 0.11936 0.07068
0.31726 -0.10637 -0.10141
-0.20993 -0.16383 -0.04568
0.21637 -0.08596 -0.13483
-0.19253 0.12928 0.13290
0.30886 -0.15079 0.05044
-0.13204 0.16493 0.11040
-0.15556 0.16493 0.09940
-0.11847 -0.14611 -0.06114
0.10618 -0.09315 0.10362
-0.00765 -0.07089 0.13023
0.00016 -0.07539 0.13023
-0.00637 0.11915 -0.13897
-0.19370 -0.13651 0.06558
0.00216 -0.00526 -0.13819
0.10494 -0.06923 0.10946
0.11475 0.14993 -0.13132
0.10373 0.10324 -0.13132
0.36963 -0.04259 -0.00136
0.20428 -0.15696 -0.13964
0.30101 0.09353 0.13762
0.21008 -0.01087 -0.13905
-0.41097 0.03302 0.01858
0.34688 -0.10863 0.04385
0.32066 -0.14382 0.01241
-0.41097 -0.01069 -0.08326
0.38813 -0.10540 -0.04565
0.31878 -0.03419 0.14030
0.38818 -0.10694 0.05246
-0.19149 -0.15644 0.04667
0.14697 -0.07581 0.13944
0.16888 -0.07521 -0.10656
-0.18722 -0.10076 0.12943
-0.09020 0.08231 0.14069
-0.17029 -0.17661 0.10011
0.26805 0.01375 -0.13971
-0.02083 0.12022 0.14069
0.15606 -0.14020 -0.09588
0.40059 -0.12409 -0.00071
0.13628 -0.15505 0.14030
-0.41069 0.04043 0.08415
0.38928 -0.08436 -0.05668
0.32541 -0.06992 -0.07007
-0.01702 0.18414 0.05305
0.10958 0.17466 -0.05625
0.34817 -0.02428 -0.08505
0.19194 -0.15431 0.10196
0.33789 -0.08903 -0.06238
-0.22438 -0.19380 -0.08267
-0.20926 -0.10807 -0.10108
-0.01716 0.08859 0.13608
-0.22421 -0.12300 -0.03363
-0.19938 -0.12300 -0.02790
-0.26758 -0.12300 -0.01909
-0.22436 -0.12300 -0.00425
0.36725 -0.09130 -0.01885
0.36174 -0.09130 -0.03343
-0.29129 0.16493 0.09151
0.16200 -0.06294 0.04496
-0.40262 0.07821 0.01707
0.39720 -0.09373 0.14030
-0.14822 -0.14565 -0.10107
-0.41248 -0.07787 -0.14474
0.33665 -0.08686 0.06832
0.15929 -0.02400 -0.13483
0.38818 -0.07491 0.00449
0.14835 -0.15433 0.13483
0.14719 -0.12666 0.13483
0.35607 -0.15480 0.12252
0.25412 -0.01437 0.05068
0.42299 -0.13200 0.00123
-0.19214 -0.14783 0.05637
-0.34003 -0.09525 -0.14139
-0.31616 -0.07744 -0.14139
-0.40817 -0.15836 -0.02239
-0.16763 0.16493 -0.01566
-0.16713 0.16493 0.05650
-0.12608 0.16493 0.02744
-0.16867 0.16493 0.02641
0.28077 0.07299 -0.13655
-0.00120 0.16493 -0.13308
0.24295 -0.07679 0.02715
-0.40817 -0.01071 -0.13927
0.16805 0.00969 -0.13749
0.15159 0.02317 0.13944
0.31422 -0.06256 -0.04586
-0.01402 -0.10001 0.12427
-0.01415 -0.09481 0.10741
0.00163 -0.04064 -0.14280
0.30623 -0.09584 0.00454
0.08455 0.16493 -0.10506
0.39211 -0.15501 -0.08017
0.41063 -0.11347 0.00894
-0.19037 -0.05470 0.14030
0.26379 0.15717 0.03998
-0.23266 -0.13635 0.07526
0.24028 -0.14511 -0.10021
-0.39279 -0.12300 0.01050
-0.25539 -0.11201 0.08756
-0.12325 -0.12300 0.05022
-0.13731 -0.12300 0.01918
-0.15035 -0.12300 0.00468
-0.13756 -0.12300 0.00937
-0.19473 -0.12198 -0.11105
-0.16595 0.16493 0.12862
-0.17956 -0.18852 0.13264
0.32318 -0.03267 0.00298
0.30955 -0.18210 0.12739
0.40920 -0.10039 0.06974
0.42377 -0.14803 -0.00979
0.38812 -0.09303 -0.05579
0.38816 -0.10929 -0.01918
0.38816 -0.11918 -0.01896
-0.16337 -0.11605 -0.07149
0.26499 -0.05003 0.08271
0.39282 -0.06210 0.01148
0.30459 -0.04586 -0.09246
0.30095 -0.05600 0.06240
0.32132 -0.02837 -0.09961
-0.03821 0.16493 0.08698
-0.01999 0.16493 0.08278
-0.04011 0.08490 -0.13819
-0.04202 0.10186 -0.13819
-0.21972 0.16493 -0.11221
0.14194 -0.11982 -0.13765
0.26077 0.07653 -0.14139
0.05201 -0.17047 0.11139
0.01692 -0.17047 0.11012
-0.00928 -0.17047 0.11804
-0.02407 0.05273 0.13608
0.10247 -0.12300 0.01861
0.01968 0.11581 0.14030
0.06988 -0.12300 0.00216
0.10378 -0.12300 0.00306
0.09192 0.16493 -0.05986
-0.22077 -0.19380 -0.13039
-0.14597 -0.11120 -0.11748
-0.22288 0.03537 0.14170
0.32517 -0.02759 -0.00203
0.28308 0.01356 0.13467
0.38144 -0.10991 -0.13553
0.06370 -0.12299 0.03613
-0.00112 -0.12298 0.02031
0.05216 -0.12298 0.04186
0.01639 -0.11140 -0.13137
0.07082 -0.11943 -0.13133
-0.22702 0.04958 0.13023
0.20731 0.16493 -0.07071
0.22152 0.16493 -0.06608
0.25369 0.16493 -0.08056
-0.40262 0.14488 0.00532
-0.40262 -0.03910 0.04251
0.27006 0.04407 -0.13585
0.37090 -0.08436 0.06310
-0.40262 -0.11458 0.01118
0.11328 0.16493 0.05168
0.32953 -0.14078 0.05320
0.37375 -0.04472 0.03402
-0.22307 -0.19448 -0.11619
-0.01390 -0.04788 0.07162
-0.13171 0.10860 -0.14182
0.31300 -0.08011 0.04985
0.10118 0.07797 -0.05044
0.10118 0.09292 -0.08335
0.10118 0.08079 -0.12128
-0.40817 -0.16354 -0.09801
0.39011 -0.14455 0.00742
0.13528 -0.17047 -0.04219
0.03729 -0.17047 -0.09463
0.06833 -0.17047 -0.06972
0.11671 -0.17047 -0.04881
0.10432 -0.17047 -0.08284
0.37091 -0.12839 0.00400
0.18409 0.16493 -0.13485
0.14281 0.16493 -0.12205
-0.40262 -0.04109 0.02249
0.01435 -0.02337 0.14170
-0.40817 -0.16758 0.01996
0.39777 -0.14650 -0.04192
0.19503 -0.12300 -0.09096
0.17340 -0.12300 -0.08855
0.19911 -0.12300 -0.06190
0.11954 0.04327 -0.14139
0.11202 0.04412 -0.14139
-0.40817 -0.03335 -0.13753
0.32680 -0.10132 -0.02050
0.36129 -0.07332 -0.02302
0.36573 -0.11000 -0.01972
0.39459 -0.07716 -0.06782
0.38486 -0.12059 -0.14147
0.26829 0.15697 0.06891
0.41046 -0.10992 -0.05159
0.09345 -0.07490 0.04665
0.09345 -0.08660 0.04911
0.09345 -0.07824 0.05143
0.40059 -0.11319 0.02923
-0.40262 0.00836 0.00241
-0.27905 0.12119 0.14030
0.11628 0.15726 0.11323
-0.09930 0.12699 -0.14003
-0.06948 -0.12296 0.04909
-0.11664 -0.12300 0.04950
-0.09978 -0.12298 0.01796
-0.40070 0.02316 0.14030
0.29464 0.10320 -0.03571
0.29172 0.11312 -0.04018
0.29427 0.10447 -0.04710
0.28370 0.14038 -0.01511
0.36989 -0.10547 0.13412
0.26421 -0.02277 0.03248
0.14194 -0.00658 0.13394
0.22003 -0.09608 0.13483
0.11801 -0.12299 -0.09484
-0.18444 -0.11937 0.10498
0.17313 -0.07844 0.13483
0.09831 -0.05854 -0.14436
-0.35251 0.09447 -0.13140
-0.26987 0.13225 -0.13140
-0.31925 0.10409 -0.13140
-0.24371 0.10196 -0.13140
-0.25215 0.09460 -0.13140
-0.26735 0.08650 -0.13140
0.37905 -0.03571 0.02658
0.14214 0.18321 0.03437
0.37738 -0.05000 -0.14147
0.14194 0.03387 0.13685
-0.41097 0.05694 -0.02654
-0.40262 0.01716 0.03238
0.10119 0.13058 -0.06663
0.06407 0.02629 -0.13135
0.06438 0.01904 -0.13135
0.29207 -0.10512 -0.03384
0.07865 -0.09780 -0.14139
0.03517 -0.11718 -0.14139
0.26097 -0.11910 -0.07230
-0.04020 -0.04261 -0.13256
0.14579 0.15593 -0.14139
-0.18964 -0.13299 0.07690
-0.16686 -0.11772 0.07690
-0.03693 0.14465 -0.14950
0.11952 -0.03184 -0.13146
0.24225 -0.14499 0.07612
0.26992 0.12813 -0.14139
0.30558 0.08236 0.04942
-0.40817 0.15879 0.10437
0.24981 0.02639 0.13483
0.09726 0.11887 0.02227
0.15883 0.12013 -0.13147
0.17595 0.14447 -0.13137
0.14975 0.08924 -0.13159
0.15569 0.09990 -0.13155
0.20761 0.13654 -0.13140
-0.07579 0.12699 0.13956
0.31707 -0.14198 -0.13409
0.27594 -0.10752 -0.09318
-0.34089 0.09788 0.13023
-0.37551 0.08158 0.13023
-0.26430 0.13167 0.13023
-0.25052 0.08262 0.13023
-0.29466 0.08790 0.13023
-0.30493 0.10866 0.13023
-0.41097 0.01819 0.08133
0.19834 0.16350 0.13595
-0.15196 -0.05877 -0.14471
-0.16342 -0.03541 0.13538
-0.04583 0.12397 0.13998
0.13093 -0.03434 0.10276
0.13093 -0.05097 0.07968
0.13093 -0.05694 0.05007
0.30866 -0.18323 -0.12543
-0.19002 -0.13955 0.04667
-0.13577 -0.13955 0.01656
-0.14396 -0.13955 0.01763
-0.22069 -0.13955 0.06379
0.11058 0.18966 -0.05772
0.03361 0.08219 -0.13138
0.05591 0.09346 -0.13136
0.03036 -0.04827 -0.14139
-0.41097 0.11206 0.13734
0.02570 0.04311 -0.14139
-0.19939 -0.10003 -0.08838
-0.25859 -0.15868 -0.13632
-0.40023 0.03150 0.14030
0.42238 -0.13177 0.11025
-0.40326 -0.17047 0.01271
-0.35091 -0.17047 0.01009
-0.40236 -0.17047 0.02023
0.08988 0.08532 0.14030
0.13355 0.10346 0.14030
0.24621 -0.13537 0.12298
0.39900 -0.04258 0.01076
-0.17934 -0.14783 -0.00506
-0.00363 -0.15329 0.01444
0.02386 -0.15451 0.01577
0.01808 -0.15430 0.01555
0.06675 -0.15992 0.02167
-0.32704 0.16493 0.10119
-0.29961 0.16493 0.13000
0.16456 -0.06098 0.11160
-0.24775 0.07149 0.14030
-0.25853 0.07879 0.14030
0.34666 -0.02251 -0.03348
0.25119 -0.05217 0.01621
-0.40262 -0.03539 -0.02987
-0.04305 -0.08986 -0.05668
-0.03885 -0.05081 -0.05668
-0.04736 -0.06991 -0.05668
-0.02472 -0.04579 -0.05668
-0.41097 0.13465 0.01894
-0.13881 -0.08399 0.14030
-0.40817 -0.12596 -0.00945
-0.21308 -0.04347 -0.10457
0.19943 -0.11182 0.13483
0.40059 -0.07919 -0.11430
0.17186 0.09564 0.14030
0.21079 0.08128 0.14030
-0.35514 -0.04008 0.14030
-0.39032 -0.04579 -0.14139
-0.21942 -0.08571 0.08128
0.05627 0.14358 0.14225
-0.35191 0.13230 -0.14139
-0.31410 0.16493 -0.05280
-0.36481 0.16493 -0.02651
-0.41097 0.05177 -0.12675
-0.04944 -0.04347 -0.10188
-0.08696 -0.04348 -0.09553
0.22784 0.15759 0.00164
0.19631 0.15759 0.00007
0.16933 0.15759 0.00332
0.18202 0.15759 0.05112
0.20269 0.15759 0.03817
0.26901 -0.18577 -0.13052
-0.09499 0.07180 0.14069
-0.05429 0.05969 0.14069
0.26820 -0.16781 0.10276
0.31651 -0.13427 -0.07502
-0.24475 -0.12017 0.14030
0.02894 0.16493 -0.11082
-0.22017 0.13822 -0.14139
-0.14091 -0.12482 -0.13029
0.15104 0.02757 0.13483
-0.41097 -0.00582 -0.13571
-0.22007 0.03548 -0.13819
0.00925 0.15750 -0.01834
-0.00632 0.15758 -0.00242
0.07017 0.15749 -0.01961
0.05626 0.15741 -0.03561
0.00597 0.15702 -0.10831
0.02264 0.15727 -0.06044
-0.40262 0.15104 0.04465
0.35013 -0.05813 -0.02103
0.18069 -0.01596 -0.13773
0.16622 -0.17047 -0.10419
-0.01138 -0.03771 0.13608
0.37141 -0.07987 0.01356
0.25145 -0.13015 -0.09450
0.30722 0.06747 -0.04840
0.39493 -0.06240 0.12082
0.34070 -0.02199 0.13026
-0.20862 0.16493 0.09978
-0.17902 0.15607 -0.14330
-0.07212 -0.04008 0.13490
0.34278 -0.18276 -0.13099
0.21489 -0.01324 0.05949
0.15216 -0.07521 0.07422
0.15002 -0.07521 0.08675
-0.24407 -0.16278 -0.07366
-0.41097 -0.02319 -0.10760
-0.26373 -0.04346 0.08587
-0.31814 -0.04348 0.07717
-0.31115 -0.04348 0.07720
-0.34413 -0.04350 0.06574
-0.24022 -0.04347 0.07965
-0.24239 -0.04344 0.09749
-0.06837 -0.17047 0.04631
-0.04474 -0.17047 0.03356
-0.11583 -0.17047 0.07692
0.41293 -0.12746 0.08689
-0.01123 0.00704 0.13608
0.04750 0.12091 -0.13137
0.07011 0.10295 -0.13134
0.05746 0.10628 -0.13135
-0.01069 -0.17047 -0.09860
0.02389 -0.17047 -0.10845
0.03264 -0.17047 -0.11284
0.15026 -0.06254 -0.04499
-0.37836 0.07845 0.14030
-0.29736 0.06830 0.14030
-0.31048 0.04187 0.14030
0.32572 -0.19127 0.13235
0.35572 -0.02682 0.06770
0.33907 -0.02029 0.03859
0.11715 0.06379 -0.13144
-0.13215 -0.12598 0.14030
0.37484 -0.08270 -0.02758
0.31488 -0.14959 0.08027
0.04091 -0.04023 -0.13137
-0.15050 -0.13857 -0.13128
-0.27501 -0.04061 0.13023
-0.08761 -0.09421 -0.05668
-0.11720 -0.11726 -0.05668
-0.06632 -0.10883 -0.05668
-0.10258 -0.07669 -0.05668
0.39415 -0.13107 -0.03139
-0.06919 0.12092 -0.14201
-0.31789 -0.06863 0.14030
-0.22893 -0.18945 -0.07847
-0.03221 -0.11013 0.14030
-0.16623 -0.10829 0.08715
-0.33846 -0.12635 0.14030
0.09345 -0.05051 -0.12130
0.09345 -0.05732 -0.10860
-0.07901 0.12784 -0.13607
-0.19071 0.13338 -0.14139
-0.13861 -0.01802 -0.13819
-0.16524 -0.00547 -0.13819
-0.19395 -0.02190 -0.13819
0.34509 -0.06195 -0.02242
0.34934 -0.08436 0.00019
0.40136 -0.13111 -0.06974
-0.19659 0.17049 -0.04380
-0.19659 0.18434 -0.00015
0.27812 -0.10675 0.06619
-0.25332 0.16493 0.10013
-0.40262 -0.08553 0.03643
-0.41199 0.14784 0.13074
-0.39993 0.15683 -0.09140
-0.40262 0.15446 0.09554
0.13141 -0.17047 0.09647
0.04845 -0.17047 0.08106
0.12858 -0.17047 0.05971
0.05286 -0.17047 0.07512
0.01480 -0.17047 0.08726
-0.20076 -0.15527 -0.10483
-0.24907 0.16493 -0.07207
-0.20956 0.14382 0.14265
-0.11200 -0.10435 0.14030
0.29565 -0.05015 0.00374
-0.41097 0.04996 0.12529
0.13627 0.16493 -0.12642
-0.29571 -0.17047 0.13965
0.13093 -0.03426 -0.05695
0.13093 -0.00087 -0.05189
0.13093 -0.02479 -0.07447
0.09345 0.13557 0.00941
0.40676 -0.06051 0.10155
-0.29488 0.17189 0.02655
0.24956 -0.12922 0.06511
0.29496 -0.02657 0.00734
0.13093 -0.02365 -0.11025
0.13093 0.03744 -0.10322
0.13093 0.04079 -0.05194
0.34612 -0.18336 -0.12395
0.05419 -0.01035 -0.13136
0.07873 0.00819 -0.13133
0.39067 -0.04012 0.01812
-0.41090 -0.15696 -0.05145
0.33655 -0.11120 0.12503
-0.38122 -0.04393 0.14030
-0.26474 0.14281 0.14557
-0.25187 0.16454 0.13456
0.01948 0.16493 0.08666
0.12613 0.15690 -0.13082
-0.12954 0.05203 0.14069
0.12150 0.04947 -0.13147
-0.35752 -0.04341 0.11208
-0.38479 -0.04342 0.10513
-0.25912 -0.04338 0.12168
-0.37205 -0.04341 0.11159
-0.32582 -0.04339 0.12053
-0.38820 -0.04345 0.09133
0.14343 0.06741 0.13944
-0.04246 0.15540 0.14363
-0.19518 0.16610 0.04636
0.36973 -0.05201 -0.00996
0.10980 -0.12290 0.04991
0.10803 -0.04077 0.13027
-0.22859 -0.02992 0.13023
-0.12810 -0.00907 -0.13897
-0.19065 -0.00537 -0.13897
-0.18286 -0.02021 -0.13897
-0.24871 -0.12077 0.12593
0.39172 -0.06161 0.12869
-0.26544 -0.11504 0.05668
-0.30216 -0.11091 0.05668
-0.29811 -0.09077 0.05668
-0.32230 -0.09142 0.05668
-0.29073 -0.09105 0.05668
-0.26548 -0.14822 0.14030
0.36329 -0.04056 -0.10738
0.24996 0.00310 -0.14139
0.28169 0.12631 -0.14139
0.34131 -0.02059 0.07469
0.26954 -0.18182 -0.10141
-0.04814 0.16257 0.13717
0.29465 -0.17236 -0.13035
0.40610 -0.05874 -0.09904
0.34445 -0.09316 -0.08088
-0.04960 -0.12296 0.02760
-0.01389 -0.12295 0.03886
-0.05873 -0.12296 0.02891
-0.13211 -0.13888 0.12245
0.12458 -0.12473 0.14030
0.03482 -0.13603 0.14030
-0.15463 0.15691 0.12646
-0.03572 0.15694 0.12119
-0.17938 0.15706 0.09988
-0.13645 0.15691 0.12684
-0.18473 0.15696 0.11683
-0.06454 0.15731 0.05302
-0.01675 0.15717 0.07800
-0.03450 0.15739 0.03712
-0.06515 0.15717 0.07779
-0.06058 0.15728 0.05835
-0.02078 0.15754 0.00869
-0.02992 0.15747 0.02327
-0.11645 0.15694 0.12111
-0.31979 -0.09114 -0.05668
-0.28480 -0.08600 -0.05668
-0.33151 -0.11949 -0.05668
-0.30445 -0.12092 -0.05668
-0.28163 -0.06868 -0.05668
0.10760 0.13219 -0.14139
0.13814 0.12481 -0.14139
0.31779 0.03687 -0.00174
-0.13663 0.16493 -0.00277
-0.12856 0.16493 -0.01784
-0.13590 0.16493 -0.03676
-0.13751 0.16493 -0.04336
-0.12367 0.16493 -0.00306
-0.03164 0.16493 -0.07446
-0.03434 0.16493 -0.06367
0.42479 -0.15663 0.05250
0.10118 -0.00288 -0.12435
0.10118 0.04601 -0.06107
0.10118 0.02958 -0.11360
0.23042 -0.04748 -0.14139
0.22984 0.04859 -0.16304
0.05062 0.17888 0.05753
0.26748 -0.10695 0.10826
0.37936 -0.03869 -0.08318
0.28646 0.15666 -0.09805
0.19335 -0.13396 0.13944
-0.29593 0.19421 -0.05602
-0.23184 0.19421 -0.05517
-0.26270 0.19421 -0.05172
-0.27662 0.19421 -0.05570
-0.19554 -0.15735 0.10552
0.20631 -0.16938 0.08788
0.36843 -0.08747 0.01920
0.34533 -0.11529 0.01857
0.08007 -0.03918 0.13023
-0.21134 0.19421 -0.04830
-0.22534 0.19421 -0.04127
0.34455 -0.06116 0.02210
-0.40817 0.04970 -0.13595
-0.21613 -0.09192 -0.10684
-0.01512 0.19096 -0.04752
0.29469 0.12516 -0.05851
0.40859 -0.11331 -0.09966
0.00624 0.16493 -0.10322
-0.30945 -0.02744 0.13023
-0.31147 -0.00211 0.13023
-0.25442 -0.00020 0.13023
-0.33065 -0.02291 0.13023
0.33929 -0.06604 -0.02367
0.30210 0.09690 -0.05011
0.11680 -0.16004 0.02180
0.13195 -0.16332 0.02539
0.06145 -0.15267 0.01376
0.08358 -0.15858 0.02021
-0.18009 -0.08573 -0.08721
0.41333 -0.14023 0.11057
0.30139 0.09958 -0.10878
-0.22613 -0.01747 0.14030
-0.14815 -0.12910 0.08479
0.18968 0.15753 0.10038
0.15668 0.15756 0.09877
-0.40262 0.07944 -0.09379
-0.40817 -0.14690 0.04825
0.38109 -0.11486 -0.07561
0.28529 -0.07802 0.03015
-0.40853 -0.13888 -0.07245
0.13052 0.04227 0.08262
0.15255 -0.12300 0.00216
0.18422 -0.12300 0.03613
0.18320 -0.12300 0.01824
0.16214 -0.12300 0.00685
-0.19117 -0.15752 -0.07714
0.29808 -0.15091 -0.06404
0.29808 -0.15735 0.03459
0.33655 -0.12560 0.01522
0.29184 0.09993 0.12964
0.22301 0.16493 -0.01503
0.23612 0.16493 0.00496
0.24753 0.16493 0.01882
0.30678 0.02567 0.13750
-0.19466 -0.11642 0.07690
-0.22876 -0.12911 0.07690
0.14144 0.15759 -0.08522
0.13462 0.15759 -0.08925
0.24136 -0.15014 0.07864
-0.21468 -0.12300 0.04059
-0.12889 -0.12300 0.05580
-0.25852 -0.12300 0.02792
-0.21753 -0.12300 0.03430
-0.24772 -0.12300 0.04863
0.40637 -0.09644 0.09555
-0.29219 0.01434 -0.14139
-0.28491 -0.01266 -0.14139
0.09345 -0.10365 -0.07129
0.09345 -0.10568 -0.08773
0.09345 -0.09316 -0.08136
0.07590 0.20420 0.01070
0.06851 0.20420 0.00586
0.07698 0.20420 -0.02708
-0.34383 -0.12085 0.14030
-0.06830 0.11587 0.13998
-0.14538 -0.04346 -0.11270
-0.15936 -0.04345 -0.12959
-0.18823 -0.04347 -0.10414
0.28280 0.16060 0.09483
-0.14540 -0.13440 0.12606
-0.16934 -0.14333 -0.07682
0.41024 -0.10621 0.13196
0.32814 -0.01259 -0.02096
0.06591 -0.07179 0.14030
0.03005 -0.08456 0.14030
-0.37743 -0.10727 0.14030
-0.37236 -0.10116 0.14030
0.08802 0.17525 0.05631
0.16234 -0.17047 0.05851
0.16209 -0.17047 0.09444
-0.41097 0.11472 0.06310
-0.22786 0.07945 0.13023
-0.01381 0.17051 0.03185
0.00432 0.15738 0.03882
0.08669 0.15692 0.12513
0.04595 0.15696 0.11761
0.05549 0.15711 0.09029
0.01447 0.15694 0.12119
-0.00866 0.15710 0.09085
0.02030 0.15721 0.07118
0.14031 -0.12299 -0.05590
0.13065 -0.12296 -0.06348
-0.03379 -0.12049 -0.14145
0.22425 -0.11207 -0.01578
-0.10477 0.02290 0.13608
0.22826 0.13544 0.14030
0.17790 0.13413 0.14030
0.28509 -0.11611 -0.08088
-0.40817 -0.12305 -0.06475
0.09345 -0.05926 0.12819
0.34182 -0.10393 0.04364
0.13688 0.19321 0.01189
-0.34909 -0.06459 0.14277
0.35193 -0.17298 -0.10702
0.10917 0.16493 -0.08746
-0.20640 0.04150 0.13662
-0.19634 -0.08669 0.08053
-0.13063 -0.03855 -0.13819
-0.39240 0.15687 -0.00911
-0.41097 -0.03720 -0.07802
0.15147 0.03147 -0.14139
-0.19913 -0.15735 0.04737
-0.11830 0.14421 0.14471
0.29641 0.09719 0.10963
-0.06162 -0.03759 -0.13819
-0.12434 -0.13286 -0.08559
-0.13001 -0.12164 -0.08655
-0.41097 0.08350 0.03129
-0.10204 0.06382 0.13640
0.12930 -0.02234 0.11752
-0.40069 -0.01579 0.13023
-0.19363 -0.14886 0.10595
-0.19979 -0.14861 0.08561
0.26039 0.13533 -0.13141
0.09263 0.13284 0.14030
0.09560 0.12770 0.14030
-0.39068 0.15689 0.00989
0.27423 0.18494 0.11048
-0.07634 0.14979 -0.13135
-0.15566 0.14634 -0.13139
-0.10937 0.14880 -0.13137
-0.40262 0.01594 0.12327
-0.41097 -0.06736 -0.09772
0.10863 -0.04947 0.14030
0.06166 -0.04073 0.14030
0.19737 0.00698 -0.13617
-0.40262 0.03873 0.11906
-0.06969 0.16493 0.10811
-0.02385 0.16493 0.11220
0.36486 -0.03026 0.02009
-0.01606 -0.15825 0.14030
-0.11474 -0.09657 0.14030
0.30284 0.08197 -0.10034
-0.30305 0.16493 -0.12334
-0.35546 0.16493 -0.09892
-0.40262 0.08748 0.01050
-0.12740 -0.10445 -0.14139
0.10120 0.12772 -0.00609
0.10120 0.12724 0.01287
0.26027 -0.17523 0.10339
-0.22797 -0.12399 -0.10108
0.15682 0.06138 0.13569
-0.10046 0.11951 0.14069
0.12781 -0.12300 0.10527
0.29060 0.11729 0.12033
0.28508 0.13657 0.12433
-0.40262 -0.11918 -0.10191
0.29715 -0.04005 -0.14139
-0.20287 -0.13955 0.00646
-0.24845 -0.13955 0.05128
-0.24933 -0.13955 0.02088
-0.24415 -0.13955 0.01163
-0.22744 -0.13955 0.02537
-0.17890 -0.13955 0.02011
-0.19144 -0.15944 0.11137
-0.13076 -0.15642 0.04105
-0.02339 0.09370 0.13538
-0.03488 0.08452 0.13538
0.36428 -0.13053 0.14030
-0.10579 0.07083 0.14030
-0.16495 -0.17293 0.10450
0.07055 0.18713 0.05613
0.10126 0.15732 -0.03037
0.10123 0.14265 -0.05058
-0.41097 0.05612 -0.05094
0.39115 -0.09934 0.06519
0.39465 -0.07211 -0.01140
-0.17837 -0.14818 0.02298
0.31229 0.05084 -0.03694
0.31231 0.05077 -0.06562
0.08742 -0.05997 -0.14561
-0.22142 0.06806 -0.14141
0.08881 0.14199 -0.14727
-0.23668 -0.10740 0.12366
0.27490 0.16370 0.05422
-0.13729 -0.12314 -0.14139
-0.40262 0.03228 -0.00469
0.28207 -0.12867 0.12666
0.21704 -0.16034 -0.02682
0.02496 -0.17047 -0.13206
0.37953 -0.03510 -0.00681
0.11455 0.16620 -0.05072
0.28708 -0.15173 -0.01375
0.21770 -0.15918 0.02546
-0.10423 0.16493 -0.01258
-0.10173 0.16493 0.01109
-0.07352 0.16493 0.02031
-0.08681 0.16493 0.01859
-0.08506 0.16493 0.03159
-0.19537 -0.09561 0.13904
-0.23782 0.02832 0.14030
-0.26458 0.01305 0.14030
0.41293 -0.12690 0.06599
0.37561 -0.14543 -0.08402
-0.40262 -0.00365 -0.06691
-0.40262 0.01403 -0.08613
-0.41097 0.09459 0.07091
-0.41097 0.08250 0.06874
-0.30019 -0.17047 -0.10628
0.19611 -0.09738 -0.14139
-0.05923 0.08784 -0.14123
-0.26215 -0.07344 0.14030
-0.00149 0.08175 -0.13819
0.08054 -0.12300 -0.02328
0.05052 -0.12300 -0.00535
-0.00195 0.16493 0.12743
-0.36711 -0.02947 -0.13140
0.28937 0.14560 -0.05005
-0.31705 0.09051 -0.14139
-0.32091 0.09902 -0.14139
-0.36349 0.14688 -0.14139
0.40679 -0.11324 -0.04851
0.12420 -0.06850 -0.11547
-0.41097 0.09181 0.00131
-0.41097 -0.06730 0.07971
0.19030 -0.06652 0.13483
0.27461 -0.05314 -0.14139
0.22678 0.07079 0.13483
0.22287 -0.14005 0.12695
0.22368 0.08022 -0.13290
0.12913 0.20086 0.00291
0.02529 0.20420 0.01458
0.00362 0.20420 0.03593
0.40942 -0.10518 -0.00633
0.21628 -0.11946 -0.13483
0.01462 -0.11732 0.14030
-0.40817 -0.16672 0.00059
-0.41097 0.10329 -0.02432
-0.40262 0.08030 0.04610
0.26658 0.08679 -0.14139
0.34124 -0.08436 -0.04931
0.22657 0.16493 0.12731
0.15803 0.16493 0.12734
-0.20223 0.14693 -0.14865
-0.03671 0.09597 -0.14201
0.00649 0.09253 0.13538
-0.18070 -0.16808 0.10498
0.00443 0.10987 -0.13819
-0.41068 -0.05845 -0.13908
0.33113 -0.01396 -0.05702
0.40059 -0.11903 0.03887
0.32109 0.01715 -0.00592
0.14194 -0.14835 -0.11267
0.40887 -0.08282 -0.10537
0.27861 -0.03466 0.05323
0.24688 -0.13086 0.03107
-0.00543 0.16493 0.11243
0.14428 -0.15431 -0.11479
-0.06163 -0.12677 -0.14142
-0.01701 -0.14392 -0.14142
-0.33868 -0.02054 0.14030
-0.35478 0.00491 0.14030
0.14923 -0.00525 -0.13483
0.18258 -0.10704 -0.13483
-0.40817 -0.15656 0.10063
0.04674 -0.15073 -0.14139
0.06011 -0.12434 -0.14139
0.30786 -0.14736 0.01953
0.30884 -0.14736 0.06053
-0.40262 -0.11339 0.07372
0.29090 -0.15268 -0.04765
-0.08904 0.13168 -0.14140
-0.40262 0.13886 0.07114
0.32127 -0.11885 -0.10259
-0.36265 -0.17047 -0.10554
-0.34486 -0.17047 -0.11306
0.36099 -0.03534 0.13857
-0.28393 -0.17047 -0.00140
-0.38332 -0.17047 -0.02657
-0.37950 0.16493 0.01942
0.31590 -0.16173 -0.00987
0.34980 -0.03330 0.00029
0.22037 0.16220 0.13766
0.14109 0.12972 -0.14139
-0.00750 0.10647 0.13608
0.40364 -0.13760 -0.07363
0.22926 -0.10767 0.13944
-0.29488 0.18153 0.01979
-0.27263 -0.15221 0.04180
-0.17586 -0.15921 -0.02219
-0.01576 -0.07572 -0.14144
-0.23438 -0.11876 0.08540
-0.20711 -0.14341 -0.10740
-0.41006 0.09351 0.14037
-0.36478 0.15965 -0.14056
0.03005 0.07145 0.14030
0.03367 0.07828 0.14030
0.03588 0.04419 0.14030
-0.06874 -0.01882 -0.13819
-0.08368 0.00850 -0.13819
-0.40262 0.09700 -0.02700
-0.19740 0.14289 -0.14346
0.24829 -0.08188 0.13944
0.32189 0.01409 -0.07225
0.28332 -0.09730 0.14030
0.01417 0.07699 0.13375
0.10118 -0.09204 0.07693
0.10118 -0.08618 0.04327
0.10118 -0.10501 0.08290
0.35664 -0.14477 -0.05417
-0.39232 -0.12300 -0.05985
-0.26580 -0.16245 -0.14139
-0.34309 -0.17312 -0.10228
0.04213 0.15051 -0.14865
-0.40262 -0.09119 -0.01513
-0.32991 -0.07050 0.05668
-0.39053 -0.06099 0.05668
-0.35532 -0.06929 0.05668
-0.27503 -0.06241 0.05668
-0.32765 -0.08481 0.05668
-0.33498 -0.07673 0.05668
0.31354 0.05134 0.02019
-0.06182 0.16493 -0.06834
-0.10203 0.16493 -0.05787
0.32541 -0.04373 0.14030
0.16071 -0.11575 -0.14144
-0.19196 -0.15962 -0.06692
0.14216 0.15704 -0.12458
0.14252 0.15731 -0.11161
-0.37618 0.10651 -0.13140
-0.38306 0.15329 -0.13140
-0.31583 0.12306 -0.13140
-0.37211 0.11558 -0.13140
-0.26328 0.14246 -0.13140
-0.20588 -0.13581 0.07096
-0.12450 -0.15177 -0.14139
0.39340 -0.04336 -0.07937
0.15751 -0.14507 -0.14145
0.15072 -0.15234 -0.14146
0.04855 0.16493 0.10040
-0.03526 -0.02756 -0.13819
-0.17133 -0.16777 0.10498
-0.24037 -0.17395 -0.10813
-0.39234 0.14923 0.13023
0.34403 -0.08436 -0.01944
0.32632 -0.00280 -0.09387
0.32865 -0.01170 -0.11780
0.31431 0.04042 -0.10251
0.31712 0.02968 -0.12710
0.29026 0.11809 -0.11231
0.37527 -0.13866 -0.02490
-0.27378 -0.03248 -0.14139
0.23676 0.11779 -0.14139
0.32565 -0.14197 0.13174
0.22565 -0.16106 -0.06919
0.32013 -0.03773 -0.05844
-0.16951 0.00073 0.13538
-0.16451 -0.02205 0.13538
0.26574 -0.10911 -0.02043
-0.17046 -0.06087 -0.14561
0.12475 -0.00736 0.14030
0.07445 0.01275 0.14030
0.13099 0.00949 0.14030
-0.09181 0.07316 0.13608
-0.07142 0.07864 0.13608
0.40528 -0.12252 -0.14033
0.31212 -0.07504 0.07912
-0.40262 -0.09340 0.07162
0.27741 -0.10677 0.03141
0.31838 0.04388 -0.02288
0.29699 -0.05956 -0.00607
0.00728 0.05910 0.13608
0.39372 -0.15501 0.08000
-0.40262 0.13691 -0.01141
-0.19317 -0.14783 -0.02690
-0.09030 -0.17047 0.10264
-0.05212 -0.17047 0.10165
0.14812 -0.03191 -0.14688
0.29066 -0.06832 -0.02929
-0.40817 -0.14594 -0.12418
-0.40262 0.01518 -0.02066
-0.21929 -0.17972 -0.10089
0.27864 0.17842 0.11529
-0.02113 0.08600 0.14069
0.24995 -0.02608 0.12290
0.29229 -0.19936 0.10275
0.41308 -0.13468 0.12309
-0.24461 -0.08393 0.05668
-0.22194 -0.04476 0.05668
0.40059 -0.06855 -0.07204
-0.32133 0.16493 0.13392
-0.37222 0.16493 0.12704
0.38199 -0.04875 0.05434
-0.13529 -0.15601 -0.00002
-0.20628 -0.11590 0.10380
-0.40840 0.13983 -0.01118
-0.14108 -0.04352 0.05742
-0.14528 -0.04348 0.09422
-0.15276 -0.04352 0.06143
-0.11005 -0.17047 -0.13279
-0.11035 0.02092 -0.13819
-0.15484 0.01265 -0.13819
-0.11054 0.04088 -0.13819
0.26995 -0.10819 0.08913
0.27454 0.01285 0.13538
0.27083 -0.00348 0.13538
-0.29230 -0.09284 0.14030
-0.15052 -0.12262 -0.12701
-0.12832 -0.15506 0.12112
0.35324 -0.06170 0.14030
-0.15539 -0.09433 0.08863
-0.11403 -0.11382 -0.14139
-0.12729 0.16493 -0.07635
-0.15066 0.16493 -0.09675
0.09922 0.01162 -0.04203
-0.28759 -0.01792 -0.14139
-0.23364 0.01805 -0.14139
0.29071 -0.05867 0.03740
0.06194 0.20420 0.03625
0.05146 0.20420 0.03302
0.07698 0.20420 0.03412
0.26863 -0.10878 -0.11230
0.35582 -0.14809 0.10508
-0.31899 -0.00693 -0.14139
-0.35790 0.01375 -0.14139
0.03445 0.18211 -0.05896
0.09345 0.04666 -0.08515
0.09345 0.06675 -0.09139
0.09345 0.05824 -0.07167
-0.35653 -0.07463 -0.05668
-0.38500 -0.11990 -0.05668
-0.32372 -0.07411 -0.05668
-0.32471 -0.04731 -0.05668
-0.38788 -0.07019 -0.05668
-0.29568 -0.04949 -0.05668
-0.06928 -0.15092 -0.01295
-0.07310 -0.14401 -0.00541
0.38064 -0.07727 -0.03227
-0.18748 -0.13928 0.10911
-0.42107 -0.15977 -0.04874
0.07927 -0.04366 -0.14139
0.15750 -0.04067 0.13944
0.32937 -0.14187 0.00161
0.42481 -0.13369 -0.08842
0.24698 -0.12056 -0.00946
-0.15948 -0.15745 -0.01833
-0.22830 -0.04344 -0.11016
0.39025 -0.04010 0.04830
0.12266 0.06981 0.13035
-0.41097 -0.08029 0.05543
-0.16361 -0.11864 0.10242
-0.40262 -0.10125 0.01265
0.35441 -0.06441 -0.02383
0.32561 -0.06524 -0.02379
-0.15364 0.02678 0.13608
-0.16020 0.03652 0.13608
-0.10895 0.01346 0.13608
0.09345 0.13043 0.07831
0.09345 0.11010 0.08094
0.09345 0.15091 0.12391
0.41300 -0.13307 0.01293
0.00908 0.02971 -0.13897
0.32487 -0.08436 -0.07128
0.29763 -0.08436 -0.06923
0.26920 0.16488 0.10869
-0.16178 -0.14271 0.07286
0.32661 -0.09130 -0.00449
0.33220 -0.09130 -0.00313
0.31123 0.02134 0.13037
0.12141 0.04532 0.05047
-0.24313 -0.13361 0.12046
0.10118 0.15098 0.12054
0.10118 0.10537 0.12654
0.10118 0.13258 0.08619
-0.24893 -0.10179 -0.05668
-0.22681 -0.06075 -0.05668
-0.00688 -0.12238 -0.10512
-0.00855 -0.11323 -0.11371
0.32529 -0.01688 -0.02452
0.31118 0.05236 0.04336
0.31167 0.05050 0.05207
0.28869 -0.15649 -0.08778
-0.07951 -0.09434 0.05668
-0.04247 -0.10694 0.05668
-0.10239 -0.09056 0.05668
-0.08728 -0.09647 0.05668
0.12739 0.16805 0.04954
0.10118 -0.11658 -0.05729
0.10118 -0.11032 -0.11956
0.10098 -0.02232 -0.11008
0.23310 -0.12388 -0.12346
-0.23557 -0.12318 0.10346
0.18026 -0.17047 -0.13599
-0.40262 0.08408 -0.00018
-0.18675 -0.15207 -0.06471
0.32751 -0.01267 0.12577
-0.16935 -0.19704 0.10757
0.31316 -0.08847 -0.07870
-0.28109 0.16493 -0.08902
-0.40344 0.16493 -0.00476
0.20812 0.15759 -0.03908
0.19813 0.15759 -0.04076
0.14744 0.15759 -0.06104
0.17953 0.15759 -0.00657
0.21405 0.15759 -0.00898
-0.42105 -0.16455 -0.02700
-0.41097 0.09357 -0.04538
-0.12405 -0.16458 -0.11725
-0.19267 -0.14783 -0.06016
-0.08640 0.07757 0.14069
-0.19106 -0.14192 -0.11447
-0.06097 -0.17047 -0.13014
-0.05242 -0.17047 -0.12191
-0.40262 -0.01128 -0.03496
0.35370 -0.14685 -0.10141
-0.35311 0.16493 0.09553
-0.32897 0.16493 0.07423
0.26307 0.15687 0.11264
0.01249 -0.00744 0.13908
-0.23204 0.02943 -0.14139
-0.20216 -0.02838 0.13538
0.31085 0.05362 -0.04934
0.31290 0.04580 -0.02883
-0.40543 -0.01632 0.09967
0.39695 -0.14650 -0.05542
0.05803 -0.10216 0.13023
0.05340 -0.08548 0.13023
-0.40817 -0.15507 0.03413
0.40059 -0.11455 0.08364
0.39641 -0.14650 0.03258
0.29402 -0.03866 0.14030
0.13677 -0.17047 0.13744
0.11454 -0.17047 0.13451
0.02060 -0.17047 0.13695
-0.36404 0.16493 -0.08082
-0.35679 0.16493 -0.06086
-0.37622 0.16493 -0.08273
-0.35960 0.16493 -0.07009
0.23890 -0.06247 0.01820
0.28551 -0.11090 0.04140
0.24534 -0.12408 0.01133
0.41327 -0.13894 -0.10525
-0.36266 -0.04352 -0.06034
-0.24360 -0.04340 -0.11596
-0.28394 -0.04344 -0.09404
-0.30984 -0.04350 -0.06527
-0.24621 -0.04346 -0.08696
0.41097 -0.07611 -0.04329
0.28551 -0.11558 -0.04420
0.28191 -0.03969 0.14030
-0.15251 -0.18199 -0.09914
0.18084 -0.07521 -0.05102
-0.40817 -0.16231 -0.08674
-0.40262 -0.11914 -0.02685
-0.16312 -0.05422 0.05668
-0.13255 -0.06208 0.05668
-0.13644 -0.09408 0.05668
0.40887 -0.10730 0.10556
0.01561 0.18907 0.05580
-0.00622 -0.17047 0.04982
0.00362 -0.17047 0.04954
-0.00406 -0.17047 0.07865
-0.00826 -0.17047 0.08920
0.04092 -0.17047 0.06353
0.40738 -0.09859 0.13636
0.10118 -0.10810 0.12862
0.10118 -0.08730 0.12722
0.30185 -0.07626 -0.09454
0.33269 -0.01936 -0.03583
-0.26105 -0.12966 0.09625
0.04537 -0.17047 -0.13517
0.12912 -0.17047 -0.13688
0.22283 0.02357 0.16526
0.12598 0.15748 0.10277
0.19047 0.16493 0.02412
0.18651 0.16493 0.00290
0.17196 0.16493 0.02665
0.15785 0.16493 -0.02809
0.17571 0.16493 0.00987
0.14529 0.16493 -0.02625
-0.04127 0.07720 -0.14123
-0.18014 -0.18210 -0.10363
0.13522 0.05320 -0.06359
-0.20200 -0.14119 -0.07682
-0.23517 -0.16205 -0.05457
