0.39662 -0.03037 0.10909
-0.24495 -0.01255 -0.07176
-0.24961 -0.01278 -0.05143
-0.24695 -0.01265 -0.08286
0.17940 -0.10366 0.14253
0.20015 -0.10359 0.13405
0.13925 0.03844 0.10727
-0.08022 0.03975 0.13737
0.24074 -0.05412 0.11373
0.29077 -0.12403 0.17112
-0.01682 -0.08348 0.15757
0.02362 -0.10037 0.15687
-0.09272 -0.09232 0.15731
-0.07274 -0.09017 0.15737
0.42565 -0.03484 0.03685
0.10727 0.08352 -0.06931
0.37094 -0.10347 0.15412
0.25652 -0.00576 -0.13307
-0.26131 -0.05062 0.16240
-0.04694 0.13235 -0.02004
-0.11319 0.08192 0.12740
0.20437 -0.08095 -0.15569
-0.30717 -0.05352 0.14618
-0.13686 0.07560 0.12958
-0.26868 -0.02198 -0.12212
0.11960 0.07886 0.05012
0.12844 0.03941 -0.04898
0.00312 0.08093 -0.12792
-0.00376 0.08150 -0.12766
-0.11444 0.12580 0.04221
0.26818 0.02231 -0.13843
-0.07670 -0.03951 0.01932
0.13404 -0.07324 0.13025
0.39718 -0.10285 0.09031
-0.23584 0.10000 -0.07116
-0.03656 0.03618 -0.12222
0.31363 0.01665 -0.13093
0.43049 -0.06897 -0.03049
0.34574 -0.04035 -0.15036
0.34048 -0.03326 -0.12781
0.24028 -0.02553 -0.12560
-0.41657 -0.09171 0.05808
0.36746 -0.00607 -0.12912
0.27636 0.02884 0.11057
0.27644 -0.01012 -0.13052
0.33122 0.02829 -0.01917
0.11432 0.04591 -0.17878
0.32454 -0.05574 0.17573
-0.22823 0.10297 -0.06911
-0.29409 -0.03577 -0.09367
0.28797 -0.06660 0.14852
-0.02389 0.01802 -0.16386
0.30666 -0.10891 0.17032
0.20378 0.01101 -0.14767
0.18156 0.01380 -0.14879
-0.18698 0.11628 -0.05821
0.10462 0.03503 0.16624
-0.24011 0.08996 -0.10567
-0.35268 0.05200 -0.11908
-0.04160 0.07419 -0.09075
0.16286 -0.06814 0.02765
0.17267 -0.08114 0.02890
0.16684 -0.07383 0.02819
0.26293 0.03359 -0.06851
0.16110 0.00443 -0.16139
0.12008 0.06741 0.11273
-0.01784 0.08108 0.12784
-0.10255 0.07491 0.13139
-0.03706 0.00058 -0.16682
0.22138 -0.04523 0.16936
-0.32311 -0.07745 0.05065
-0.33975 -0.07689 0.06644
-0.35496 -0.07638 0.03576
-0.33739 -0.07697 0.04745
-0.37574 -0.07568 0.02735
-0.33244 -0.07713 0.04541
-0.35637 -0.07633 0.08480
-0.34645 -0.07666 0.04098
-0.33240 -0.07714 0.07891
-0.34622 -0.07667 0.03590
-0.38032 -0.07552 0.08475
-0.29323 -0.03930 -0.15104
-0.23751 -0.14014 -0.12807
-0.09233 -0.08853 0.16700
-0.35444 -0.09413 0.07076
0.18760 -0.09852 -0.15633
-0.17033 -0.04773 -0.16970
0.13339 0.02201 0.15601
0.11189 0.02041 0.15798
-0.39408 0.04456 0.02658
0.26510 -0.01629 -0.13776
-0.04342 0.07973 -0.08126
0.17669 0.02443 -0.15193
-0.08008 -0.02905 0.16346
-0.08260 0.00378 0.15580
-0.43817 -0.03327 0.04024
-0.43453 -0.04747 -0.06319
-0.08807 -0.09366 -0.16728
-0.34394 0.05730 -0.08233
0.03948 0.03859 -0.14638
0.29968 -0.05645 0.16528
0.33369 0.00657 0.07894
0.30408 0.01225 0.09274
0.35538 0.00210 0.07461
0.23948 0.02586 0.09983
-0.31523 0.06685 -0.07151
0.18934 -0.02331 -0.16612
0.17330 0.04185 -0.03337
0.06093 0.09691 0.00134
-0.17849 -0.07861 0.16717
0.35531 -0.08377 -0.11388
-0.41794 0.02225 0.07977
0.41674 -0.09713 0.01051
0.29172 -0.09447 -0.15362
0.20879 -0.01411 0.15061
-0.14205 0.12418 0.02978
-0.13657 0.12538 0.00466
-0.27666 -0.02135 0.00214
-0.32195 -0.09789 0.15375
0.19719 0.00617 0.14886
-0.25684 -0.09584 -0.15651
0.39485 -0.10421 -0.03056
-0.44006 -0.02874 0.00701
-0.28986 0.08151 -0.04150
-0.36539 -0.08085 0.14589
0.03117 0.10669 0.05603
0.34852 -0.06051 0.15617
0.03884 -0.03458 -0.16928
-0.25255 -0.13813 0.12763
-0.07567 0.12322 0.02924
-0.02299 0.12253 0.00052
-0.07259 0.12353 0.01470
-0.26536 0.09388 0.01255
0.10918 -0.06702 -0.16644
0.13087 -0.07142 -0.16583
-0.26985 -0.01990 0.14590
0.16113 -0.08234 -0.15812
0.35631 0.00398 -0.13342
0.08355 0.09505 -0.07296
0.06800 0.02932 0.15471
0.05333 0.10687 -0.06343
-0.03230 0.02802 -0.15835
-0.00351 0.03155 -0.15548
-0.40505 0.01721 -0.08002
-0.40450 0.02361 -0.07044
-0.43520 -0.07411 -0.03540
-0.21246 0.09970 -0.10535
-0.30055 0.04372 -0.13936
0.26194 -0.00242 -0.14560
0.09871 0.09261 -0.00632
0.20815 -0.03663 0.15238
0.17766 -0.03497 0.15463
0.38296 -0.08176 -0.15013
0.14174 -0.05089 -0.14885
-0.03137 -0.06886 0.10056
-0.42088 0.02505 0.01423
-0.14791 -0.10370 -0.02224
0.34256 -0.00575 -0.14744
-0.15333 0.04296 0.14940
-0.26355 -0.13411 0.17012
0.06479 -0.07016 0.14705
-0.28093 0.08726 0.00944
0.23445 0.03861 -0.06859
0.14892 0.02817 0.14898
0.09990 0.05091 -0.17387
-0.19323 0.08221 -0.12180
0.36970 -0.00462 0.13487
-0.21881 0.04352 0.01252
-0.21193 0.02822 0.01668
-0.21304 0.03051 0.02236
-0.22116 0.04697 0.07858
-0.19557 -0.00821 0.02779
-0.21078 0.02474 0.05264
-0.21867 0.04285 0.02579
-0.21680 0.03834 0.04047
-0.21391 0.03299 0.00112
-0.21123 -0.01873 -0.10119
-0.21545 -0.01701 0.00718
-0.21613 -0.01673 -0.04818
-0.04163 0.02779 -0.07841
-0.15448 0.12337 0.01922
0.16108 -0.10352 -0.13959
0.12096 -0.10339 -0.14152
0.17463 -0.10345 -0.13295
0.18423 -0.10353 -0.13519
0.34364 0.00429 -0.08139
0.30014 0.01357 -0.08410
0.38218 -0.00350 -0.07084
0.30844 0.01159 -0.08745
0.39181 -0.00607 -0.08012
-0.00214 -0.07589 0.15792
-0.38068 0.04874 -0.11711
-0.27698 0.06361 0.12744
0.38585 -0.07413 0.08631
-0.06584 0.13572 0.03891
-0.28491 -0.02975 0.16554
0.36221 -0.01314 0.14831
0.19793 0.03691 -0.02764
-0.15125 0.05644 0.13727
-0.36595 -0.08234 -0.01438
-0.05444 0.12186 -0.04775
0.11040 0.04334 -0.13075
-0.34599 -0.04092 -0.15609
0.12435 -0.07367 -0.15314
0.00675 -0.07132 -0.15679
0.26310 0.02247 0.07872
0.23425 0.03031 0.06680
0.20981 0.03353 0.08845
0.25420 0.02367 0.08638
0.38952 -0.00460 0.06343
0.36014 0.00213 0.06286
-0.35670 0.05669 -0.06351
0.15589 0.05698 0.05656
-0.09083 0.10389 -0.10317
0.30862 -0.00583 -0.12083
0.23549 -0.11614 -0.14359
-0.41235 -0.08589 0.05495
-0.04161 0.06618 0.07721
-0.25123 0.00737 -0.16198
0.35347 0.01961 -0.04500
-0.09284 0.10144 0.11253
-0.19115 0.03174 0.15479
-0.40978 -0.03692 -0.04601
-0.41045 -0.03211 -0.05729
-0.41069 -0.03039 -0.07222
0.03117 0.11958 -0.01326
0.08070 -0.07771 0.15794
0.23184 -0.09316 0.11839
0.33876 -0.06229 -0.15538
0.07198 0.08682 0.11099
0.41762 -0.02025 -0.05817
0.41565 -0.01649 0.05453
0.41310 -0.01174 0.06990
0.11987 0.00932 0.13005
0.32867 0.02427 -0.05735
0.33171 -0.02865 -0.11388
-0.09081 0.03422 -0.15571
0.25200 0.02202 0.14355
-0.30174 -0.04604 0.11873
0.12078 -0.10969 -0.15520
0.25514 -0.01418 0.16710
0.13922 -0.06501 -0.13046
-0.06481 -0.01907 0.15153
-0.20027 -0.11526 0.12554
-0.19598 -0.09383 -0.12957
0.27464 -0.05953 0.15440
-0.20093 0.08196 0.11017
-0.29532 -0.03817 0.08810
-0.27871 0.08547 -0.05209
-0.18152 0.09191 0.11866
-0.28095 -0.10032 0.15290
0.01614 0.08234 -0.12694
-0.08467 -0.04796 0.16838
0.31463 -0.04161 -0.11943
-0.41800 -0.01735 -0.11935
-0.26537 -0.01642 -0.13501
-0.26967 -0.01787 0.04137
-0.23551 -0.06399 -0.09400
-0.22644 -0.05718 -0.09319
-0.22532 -0.03334 -0.09292
-0.05335 -0.02839 0.16911
-0.06971 -0.02524 0.16909
0.27784 -0.13822 -0.16032
0.05512 0.10816 -0.01766
0.03590 0.10748 -0.02872
0.06363 0.10831 -0.01902
-0.39527 -0.06425 0.14150
0.08793 0.02618 0.08029
0.33988 -0.04918 -0.12032
0.20582 0.03771 0.12223
0.10948 0.03814 0.17620
0.37356 -0.09941 0.00253
0.37611 -0.09929 0.04383
0.35875 -0.10022 0.00640
0.35756 -0.09249 -0.11529
0.15655 -0.04925 -0.15949
0.21483 0.04280 -0.04581
0.13095 0.07092 -0.06496
0.30790 0.01219 -0.13009
0.41792 -0.01792 -0.03181
-0.05563 0.04352 -0.14500
-0.04275 0.04495 -0.14441
-0.28042 -0.02656 -0.14312
-0.43011 -0.06246 0.04300
0.10486 0.01857 -0.08165
0.10485 0.02097 -0.05071
0.04507 -0.10647 0.15592
0.00176 -0.10681 0.15585
0.01880 0.03905 -0.14613
-0.03507 0.04157 -0.14211
0.31250 -0.11439 -0.15260
-0.04370 0.04557 -0.08701
0.28563 -0.01305 -0.15851
-0.37329 0.05503 -0.05002
0.29330 0.01804 -0.13771
-0.24718 -0.06911 0.15278
-0.23616 -0.09418 -0.05313
-0.04951 0.04499 0.05587
0.18819 -0.10357 0.15645
0.02464 -0.06587 -0.13847
0.00928 -0.06542 -0.13861
-0.22220 -0.08368 -0.15592
-0.02800 -0.02290 0.04022
0.12580 0.04543 -0.02338
-0.41540 0.00868 -0.09717
0.18877 -0.08322 -0.16485
0.24271 -0.09174 0.14874
-0.34320 -0.08696 0.06863
-0.25548 0.09119 -0.08001
-0.42420 -0.00913 -0.02576
-0.36946 0.05643 0.01258
0.16999 0.03823 -0.13264
0.41363 -0.08702 -0.01518
0.32870 -0.03984 -0.15783
0.19741 0.02858 0.12978
0.33355 0.00460 0.10226
0.26037 0.01952 0.10839
0.30585 0.00978 0.10656
0.26258 0.01730 0.11573
0.30044 -0.08810 -0.14507
-0.40241 0.04896 -0.08878
0.33834 -0.02963 -0.15072
0.31476 0.03326 -0.03110
0.03261 0.01806 0.16283
0.26298 -0.01176 -0.14316
-0.42489 -0.08023 0.06398
-0.39108 -0.05571 -0.12397
0.21666 -0.06400 0.16727
0.19274 -0.01658 -0.16376
-0.16869 -0.06590 0.16863
-0.08272 -0.02135 0.16479
0.36317 0.01900 -0.00080
0.11333 0.04242 -0.02379
-0.23925 0.10302 0.03026
-0.18536 -0.09129 -0.04217
-0.17243 -0.09391 -0.06964
-0.18542 -0.09127 -0.05126
-0.19415 -0.08950 -0.05079
0.23884 -0.01445 0.16979
-0.39055 -0.09414 -0.04573
-0.08953 0.07817 0.12376
0.04468 -0.02096 -0.16911
0.42228 -0.09671 -0.07797
-0.18433 0.10094 0.09851
-0.03211 0.01127 -0.03530
0.12713 0.06722 0.09873
0.04908 -0.06745 -0.11095
-0.01059 -0.07203 -0.08008
0.25638 -0.02972 -0.17684
0.24572 -0.01958 0.16480
-0.26317 -0.13590 -0.16314
0.34205 -0.05753 -0.11638
0.41951 -0.02967 0.05231
-0.38781 -0.09414 0.02294
0.07997 0.10170 -0.00852
0.41570 -0.06603 0.08759
0.32755 -0.08524 -0.03074
0.35009 -0.09666 -0.00464
0.32050 -0.08167 -0.07589
0.33354 -0.08828 -0.04565
0.17952 -0.08529 0.15715
0.14468 0.03179 0.14686
-0.06370 -0.05235 -0.12826
-0.08562 -0.05503 -0.12618
-0.11136 -0.05675 -0.12377
-0.09182 -0.00965 -0.12694
-0.11754 -0.06605 -0.12294
-0.13293 -0.06926 -0.12144
-0.09403 -0.06317 -0.12517
-0.11008 -0.01706 -0.12505
-0.05875 -0.05699 -0.12857
-0.00961 0.12189 -0.04395
0.12824 0.05895 0.12512
-0.05416 -0.00797 -0.06006
-0.43893 -0.04210 -0.00850
0.29834 -0.13127 -0.16741
0.32431 -0.04277 -0.11116
0.34145 0.01199 -0.12258
-0.16333 -0.08565 0.16730
-0.00490 0.12484 -0.01167
-0.02555 -0.03348 -0.01687
-0.00434 -0.04157 -0.01706
0.38747 -0.01416 0.09355
0.21615 -0.05890 -0.12786
-0.28465 0.07477 0.09700
-0.41342 -0.08234 -0.09561
-0.06941 -0.09008 0.16795
-0.36293 0.05063 0.03314
0.15012 0.05636 -0.08310
0.09936 0.05772 0.12832
0.08990 -0.06903 -0.13006
-0.17006 -0.10138 -0.15725
-0.42474 -0.01655 0.09133
-0.40999 0.01603 -0.11393
0.22229 -0.08429 -0.14501
0.26168 -0.13308 -0.15878
-0.22594 -0.08861 -0.13903
-0.04976 -0.05922 0.15070
0.26947 0.04009 0.02039
-0.04653 -0.05640 -0.14307
0.11422 -0.08209 0.16589
0.23722 -0.02603 -0.16936
-0.17807 -0.07659 0.13350
0.37201 -0.00764 0.12083
-0.28596 0.05906 -0.06054
-0.23681 0.05497 -0.10599
-0.26977 0.05865 -0.04273
-0.25516 0.05823 -0.02828
-0.24313 0.05549 -0.10037
-0.24524 0.05629 -0.07663
0.14117 0.03828 0.12676
0.26782 0.02677 -0.12816
0.05553 0.02914 -0.15541
0.11225 0.04536 0.04265
-0.31667 0.06091 0.09758
0.11125 0.03404 -0.14565
0.13926 -0.05447 0.16669
0.13625 -0.06562 0.16609
-0.26472 0.08829 -0.07439
0.21369 -0.08691 0.15506
-0.07800 -0.02031 -0.16131
0.14936 -0.01263 0.15259
0.33783 -0.09045 0.01280
0.32036 -0.08160 0.07273
0.31032 -0.07651 0.03253
0.31325 -0.07800 0.08623
0.30961 -0.07615 0.00414
-0.03569 0.12762 0.05946
-0.39547 0.04613 0.10810
-0.22319 -0.01459 0.09718
-0.21913 -0.01565 0.17152
-0.41174 -0.00225 0.11219
0.26314 -0.07610 -0.03093
0.26315 -0.07612 -0.01267
0.27658 -0.07599 -0.01162
0.26414 -0.07606 -0.06195
0.26560 -0.07607 -0.03615
0.12594 -0.03760 -0.02683
0.13725 -0.03091 -0.03719
-0.15821 -0.04163 0.01584
-0.10440 -0.03451 0.00264
-0.15465 -0.08234 0.15607
-0.43362 -0.05546 -0.05717
-0.32540 0.06179 0.07351
-0.42802 -0.07740 -0.07317
0.32425 -0.01866 -0.12981
-0.27748 0.08890 0.00589
0.40231 -0.01050 0.09828
0.03467 0.11869 0.01629
-0.03703 -0.05243 -0.04607
-0.01761 -0.06211 -0.04476
-0.34805 -0.06600 0.12952
-0.35140 -0.05778 0.13149
0.30194 -0.10207 0.16937
-0.27786 -0.12836 -0.14980
0.09502 -0.08975 0.16536
0.32483 -0.01826 0.16905
0.02767 -0.06987 0.13548
-0.01539 -0.06833 0.13013
0.25298 0.04164 0.00350
-0.00686 -0.03174 -0.16927
-0.05627 0.10563 -0.07708
-0.32460 0.06707 -0.02713
-0.04837 -0.02608 -0.10546
-0.04946 -0.02790 -0.09906
0.21063 0.04136 -0.07266
0.36243 0.01210 -0.09762
0.25162 -0.02659 -0.16265
-0.04516 0.06543 0.08678
0.13562 -0.02630 0.06446
0.12444 -0.01806 0.05209
0.12410 -0.01781 0.06671
-0.31104 -0.06995 0.11019
0.23129 -0.09409 -0.17066
-0.24221 0.09522 0.08532
-0.40107 -0.01312 -0.11585
-0.39642 -0.02854 -0.12266
0.21287 -0.07417 -0.11388
-0.37138 -0.07170 0.14674
0.12186 0.04715 0.14063
0.10489 -0.07212 0.13894
0.02227 -0.07013 0.14090
-0.22351 -0.07156 0.15246
-0.12201 -0.06969 -0.16743
0.16694 0.02420 0.15275
-0.31380 -0.08921 -0.15610
-0.31526 -0.06670 -0.13788
-0.04424 -0.06432 0.14661
0.03784 -0.06831 0.06545
0.05107 -0.06729 0.05542
0.02372 -0.06939 0.08055
0.12585 0.02745 -0.13880
0.09673 0.07076 0.13194
0.33670 -0.11618 0.15498
-0.22872 0.05582 0.06194
-0.42398 -0.08411 -0.05705
-0.25601 -0.13805 -0.15201
0.34491 0.02088 0.05279
0.17504 -0.10568 -0.15999
0.12589 0.07540 -0.05043
-0.30756 -0.01666 0.16223
0.03900 0.11514 -0.06012
-0.07631 -0.03992 0.12719
-0.07416 0.02805 0.12938
-0.12089 -0.04779 0.12289
-0.09367 -0.02097 0.12616
-0.07018 -0.01307 0.12854
-0.11121 -0.04624 0.12382
-0.09375 -0.03806 0.12565
-0.12903 -0.05306 0.12199
0.31089 0.00169 0.16018
-0.10537 -0.05066 -0.16832
0.03773 -0.07899 -0.12138
-0.20949 -0.05827 -0.13674
-0.21658 0.09369 -0.11489
-0.06975 0.09894 0.11769
0.07264 -0.03459 -0.02015
0.12628 -0.05200 -0.02307
-0.20181 0.01760 -0.16027
-0.37025 0.04961 0.00619
-0.42081 -0.08186 0.02673
-0.30727 0.06669 -0.09200
-0.07273 0.12206 -0.05240
0.15852 -0.05151 0.16081
-0.30064 0.06023 0.02513
-0.31331 0.06027 0.05729
-0.30502 0.06015 0.04264
-0.30943 0.05976 0.07996
-0.30650 0.06045 0.02635
-0.31291 0.06050 0.04079
0.41639 -0.01075 0.00688
-0.18621 -0.08950 0.17114
-0.40499 0.04489 0.10414
-0.31049 0.06153 0.10493
0.14389 -0.03551 -0.15527
0.40404 -0.10259 0.01302
0.15912 0.04434 0.00095
-0.41804 -0.09126 -0.06742
0.34102 -0.01524 -0.14229
-0.33672 0.05576 -0.10929
-0.20073 -0.09885 0.14649
0.21750 -0.08818 0.00613
0.06933 0.03645 -0.14571
-0.39753 -0.08355 -0.07685
-0.34709 0.05800 0.06301
0.14751 0.04576 -0.00085
-0.15448 0.09569 -0.10796
0.30123 0.01569 -0.14091
-0.24092 0.08015 0.12190
-0.02549 -0.02417 0.10609
0.03963 -0.10108 0.15686
0.11830 -0.08386 0.15787
0.04896 -0.09154 0.15735
-0.43942 -0.03897 0.00397
-0.40221 -0.07289 -0.02691
-0.40361 -0.06787 -0.08757
0.17051 -0.07942 -0.02598
0.15131 -0.08571 -0.02489
0.17260 -0.08741 -0.02616
0.36385 0.00878 0.10682
0.06935 0.00682 0.16544
-0.39932 -0.05926 -0.10823
0.04024 -0.07050 -0.13947
0.09941 -0.07238 -0.14498
0.41361 -0.01765 -0.02195
-0.37221 0.05340 -0.08400
-0.20262 0.10835 -0.05043
-0.21595 0.10901 -0.03858
-0.24407 -0.01314 0.15524
0.43148 -0.05665 -0.06648
0.43224 -0.10455 -0.00176
-0.17070 -0.07331 -0.16852
0.03398 -0.03270 -0.01694
0.06903 -0.05740 -0.01974
0.09498 -0.05455 -0.02117
0.15150 0.03840 -0.12118
0.43752 -0.10144 0.02114
-0.14972 -0.04603 -0.01492
0.28545 -0.01313 0.15612
-0.38543 -0.09414 -0.05131
-0.37518 -0.09410 -0.05220
0.42338 -0.10288 -0.04931
-0.16085 -0.06145 -0.01640
-0.11958 -0.04630 -0.01492
0.22939 -0.03148 0.17020
-0.16584 0.05151 -0.13036
-0.41989 -0.06705 -0.10083
-0.25623 -0.03096 0.12601
-0.03734 -0.03770 0.02012
-0.05134 -0.03264 0.01988
-0.00228 -0.05156 0.02075
-0.34648 0.05465 -0.01693
0.37801 -0.02953 0.12746
-0.40706 0.04852 -0.09062
0.40506 -0.00054 -0.06462
0.40543 -0.00716 0.08717
0.42702 -0.10414 0.03064
0.28174 0.03058 0.07834
-0.35126 0.04953 -0.10159
0.04088 0.11633 -0.03961
0.22413 -0.06578 0.14218
-0.32899 -0.06967 -0.15810
0.06539 -0.03555 0.16876
-0.36106 0.05738 0.02330
0.42106 -0.01931 0.04951
-0.01144 -0.07388 -0.15460
-0.25778 -0.05571 -0.15361
0.00397 0.11414 -0.10611
0.35664 -0.07380 0.13865
-0.18840 -0.04257 0.12849
-0.41552 0.03645 -0.08406
0.37695 -0.10655 -0.12152
0.16951 -0.06964 0.16540
-0.15060 -0.04125 0.16797
0.11335 0.05561 -0.15464
0.01522 -0.07737 0.16735
0.42080 -0.08490 0.06091
-0.20497 -0.10535 -0.14438
-0.20480 -0.02201 0.12801
-0.20350 -0.02282 0.01878
0.41828 -0.00448 0.02273
-0.34261 -0.09365 0.13765
-0.23487 -0.06577 0.14957
0.15254 0.04172 -0.14091
0.37520 -0.08192 0.13093
-0.30245 -0.08587 -0.16752
0.11913 0.02822 0.04751
-0.35213 -0.02996 0.13120
-0.32095 -0.04505 0.13728
-0.33595 -0.05210 0.13449
0.36389 -0.02948 -0.12241
0.39981 -0.09818 0.00785
-0.01993 0.12135 -0.08597
-0.42707 -0.01617 0.03384
0.35735 -0.07760 -0.13256
0.11573 0.03285 0.02899
0.34648 0.01724 -0.09702
-0.15247 0.09279 0.11951
-0.24664 0.08443 0.10310
0.16323 -0.10904 0.15441
-0.42998 -0.04598 -0.08860
0.07498 -0.09343 0.16530
0.14824 0.03921 0.10141
0.29739 -0.00828 0.16786
0.38950 -0.02097 0.08621
-0.23137 -0.07301 0.09340
-0.21859 -0.05713 0.09220
-0.28582 -0.09199 -0.15911
-0.38226 -0.08799 0.13888
-0.01936 -0.08223 -0.11401
-0.24678 0.10070 0.01824
-0.03737 0.03355 -0.03813
0.40244 -0.03091 0.10169
0.42409 -0.08447 -0.04117
-0.29828 0.07288 0.08031
-0.08700 0.12278 0.04797
-0.05964 -0.05530 0.16817
0.00865 -0.07129 0.15615
0.09822 -0.07359 0.15603
-0.29614 -0.03561 0.15055
0.33736 -0.08081 0.14527
-0.40496 0.04954 -0.07052
0.35328 -0.05592 0.14638
-0.43179 -0.01860 0.07326
0.32226 0.00667 0.11234
0.31524 0.00889 0.11763
0.19362 0.02908 0.13589
0.40301 -0.09330 0.06472
0.37854 -0.02020 0.11696
0.05691 0.06991 0.13239
-0.02750 0.07301 -0.13242
-0.02070 0.07275 -0.13249
-0.30178 0.01824 -0.15263
-0.43811 -0.03954 0.03461
-0.04359 -0.00034 0.16697
0.21067 -0.01399 -0.16144
-0.19563 -0.03333 -0.13212
-0.07737 0.02306 0.16743
-0.33339 -0.04544 -0.13519
-0.34332 -0.04158 -0.13326
-0.37178 -0.05076 -0.12794
-0.20345 0.10268 0.10504
0.38811 -0.09852 -0.04635
0.41344 -0.02044 0.08103
-0.05525 0.04238 0.05807
0.16300 0.04229 0.05193
0.30505 -0.00717 0.17060
-0.23234 0.06029 -0.04010
0.31999 0.00547 0.15082
-0.19690 0.02608 0.11939
-0.21478 0.03795 0.11840
-0.12537 -0.00171 0.12408
-0.15000 -0.04139 0.12069
-0.18225 0.00559 0.11982
-0.17619 0.04356 0.12167
-0.14967 -0.05472 0.12023
-0.18458 0.04449 0.12103
-0.13487 -0.01021 0.12301
-0.11838 -0.01237 0.12425
-0.09716 0.03479 0.12763
-0.08530 0.03224 0.12849
-0.11070 0.02155 0.12608
-0.14103 -0.06214 0.12065
0.35070 -0.08663 -0.13986
0.24573 -0.07878 0.05728
0.23382 -0.08716 0.06465
0.24484 -0.07935 0.11276
0.01417 0.08927 0.12274
0.00036 -0.06882 0.14486
0.14875 -0.02480 0.13025
0.16060 -0.03900 0.13026
0.17351 -0.00805 0.13027
0.16722 -0.05310 0.13026
0.17072 -0.03915 0.13026
-0.19780 0.11252 0.06942
0.13760 0.01258 -0.14832
-0.20450 -0.02502 0.16507
0.21575 -0.07029 0.14981
-0.42778 -0.01616 -0.01635
0.10476 0.01270 -0.09209
0.10823 0.01973 -0.11523
-0.42236 0.03315 -0.04332
-0.28420 -0.02674 -0.15834
0.26587 0.04058 -0.01324
-0.11555 0.07622 -0.12959
-0.06591 -0.00180 -0.13357
-0.05320 -0.03923 -0.13209
-0.05058 0.05124 0.05319
-0.13756 0.10187 -0.10103
0.33999 -0.10779 0.16374
-0.22464 -0.01546 -0.14752
0.11301 0.05489 -0.17238
-0.21702 -0.03204 0.09194
-0.23443 -0.01463 0.09327
-0.22189 -0.01962 0.09226
-0.40141 -0.08828 0.03966
0.07654 -0.06640 0.14036
-0.02038 -0.06563 0.13585
0.38378 0.00629 -0.08710
-0.28749 -0.12030 -0.13759
0.09150 -0.10013 0.15689
0.14467 -0.08707 0.15775
0.13467 -0.00004 -0.13614
0.13121 0.01547 0.13255
0.40363 -0.10040 -0.03310
-0.30036 -0.08754 0.03483
-0.29289 -0.08180 0.12524
0.17267 0.03648 -0.14086
-0.24428 0.10171 -0.01633
-0.40505 0.03830 -0.02394
0.27138 -0.12935 0.12061
0.36625 -0.05803 0.16110
0.18572 -0.06552 -0.16570
-0.05151 -0.03913 -0.13719
0.14367 -0.09226 -0.15754
0.15499 -0.10201 -0.15681
0.27233 -0.06082 -0.15097
-0.32292 -0.00715 0.13679
0.05780 0.08186 -0.12607
-0.41491 -0.01105 -0.10850
-0.31905 -0.00431 0.14461
-0.31843 -0.00791 -0.14847
-0.41608 -0.07284 0.11523
0.32207 -0.09443 0.18034
-0.37354 -0.08719 -0.12689
-0.10884 0.11997 -0.09620
0.12261 0.03234 0.02081
0.26653 0.03964 -0.03502
-0.03000 -0.01984 0.09180
-0.16962 0.11355 -0.09629
0.38794 -0.05766 0.14672
0.07909 0.07139 0.13090
-0.02047 0.09596 -0.11929
-0.17331 -0.08006 0.10569
-0.17420 -0.06882 0.09481
-0.16330 0.12015 -0.05658
-0.24219 0.06232 0.06713
0.07375 0.07154 -0.13117
0.11360 -0.00537 -0.08383
0.11015 -0.00511 -0.06569
0.11006 -0.00035 -0.10444
0.13182 -0.02347 -0.04131
-0.43911 -0.02823 0.03209
0.24019 -0.08271 0.01669
0.24455 -0.07965 0.01046
0.21640 -0.09939 0.02250
0.04775 -0.05360 0.02244
0.14168 -0.06268 0.02651
0.11978 -0.04982 0.02610
0.08358 -0.03499 0.02511
0.16381 -0.06695 0.15714
0.24028 -0.04860 -0.18084
0.23201 -0.04869 -0.15869
-0.28605 -0.02520 -0.17138
-0.14888 0.10782 0.03610
-0.18994 0.10909 0.01345
-0.21965 0.10916 0.03467
-0.16677 0.10824 0.03213
0.40995 -0.03505 -0.11100
0.14372 -0.08734 -0.03107
0.03249 -0.08734 0.04808
0.09232 -0.08734 -0.00007
0.09942 -0.08734 0.03308
-0.02158 -0.08734 0.08095
0.10167 -0.08734 0.06182
-0.03591 -0.08734 0.08957
0.07826 -0.08734 0.05135
0.14874 -0.08734 -0.10314
0.16844 -0.08734 0.06053
-0.04412 -0.08734 0.12414
0.04468 -0.08734 0.06058
0.08979 -0.08734 0.02673
0.08671 -0.08734 0.11902
0.07832 -0.08734 -0.02191
0.08402 -0.08734 0.01417
0.04364 -0.08734 0.03348
0.10284 -0.08734 -0.01958
0.16741 -0.08734 0.00808
0.10136 -0.08734 -0.06596
0.15024 -0.08734 0.01227
0.13798 -0.08734 -0.00374
0.15709 -0.08734 0.05714
0.00346 -0.08734 0.03168
0.00720 -0.08734 0.05360
0.05517 -0.08734 0.04185
0.10003 -0.08734 0.11754
0.14734 -0.08734 0.06071
0.13327 -0.08734 0.13244
0.09153 -0.08734 -0.04694
0.08434 -0.08734 -0.04164
0.05695 -0.08734 0.00198
-0.01219 -0.08734 0.05956
0.16666 -0.08734 0.04831
0.13620 -0.08734 -0.08525
0.14522 -0.08734 -0.06391
-0.00939 -0.08734 0.12168
0.11349 -0.08734 0.10528
-0.00918 -0.08734 0.07534
0.04740 -0.08734 0.08354
0.02568 -0.08734 0.07268
-0.01666 -0.08734 0.05477
0.08282 -0.08734 -0.01059
0.07085 -0.08734 -0.00262
0.16373 -0.08734 -0.11928
0.13962 -0.08734 0.08167
0.01963 -0.08734 0.09069
-0.22508 -0.13170 0.12569
0.19851 0.03895 -0.04440
-0.06298 -0.07790 0.15757
-0.11919 -0.09308 0.15709
-0.13238 -0.09221 0.15684
-0.35891 -0.07246 0.12577
-0.33896 -0.07499 0.13068
-0.17441 0.10344 0.09506
-0.02416 -0.06111 -0.16799
-0.19354 -0.07113 0.12934
0.12856 0.07460 0.04226
0.11090 0.04492 0.02381
-0.09096 -0.08531 -0.16754
0.21554 -0.07138 -0.15184
0.41248 -0.04912 -0.11635
-0.03860 -0.05787 0.04125
-0.03408 -0.07165 0.04003
0.01370 0.11354 0.10531
0.40272 -0.02935 0.09179
-0.07008 -0.09896 -0.12511
-0.13121 -0.09778 -0.11779
-0.09240 -0.10222 -0.15281
-0.12612 -0.09679 -0.10951
-0.10883 -0.09745 -0.11424
-0.04400 -0.10253 -0.15342
-0.07897 -0.09901 -0.12586
-0.22597 -0.03134 0.13124
0.00506 0.11578 -0.10097
0.12715 -0.08151 -0.15814
-0.07837 0.02714 -0.14351
-0.20728 -0.02342 -0.13843
-0.20299 0.11571 0.00350
-0.27915 -0.07723 -0.03315
-0.27320 -0.07817 -0.05340
-0.27388 -0.07666 -0.01909
-0.31022 -0.07616 -0.01444
-0.34106 -0.07669 -0.03208
-0.28268 -0.07661 -0.01973
-0.30032 -0.07699 -0.03141
-0.26958 -0.07707 -0.02765
-0.32338 -0.07679 -0.03111
-0.31639 -0.07693 -0.03291
-0.31918 -0.07566 -0.00465
-0.03143 0.02002 0.10504
0.01527 0.09805 -0.11014
-0.23308 -0.08960 0.14985
0.07222 0.03263 0.06848
-0.09787 0.12716 0.00909
-0.41610 -0.02190 -0.13338
0.36548 -0.10013 0.11572
-0.36548 -0.07451 -0.03404
-0.36403 -0.07451 -0.04414
0.37144 0.01199 -0.07143
0.41856 -0.10583 -0.02109
0.26893 -0.13854 -0.13100
-0.27326 -0.06526 -0.16019
0.05611 -0.07058 -0.14657
-0.02307 -0.06915 -0.14985
0.06888 0.00768 0.08102
-0.42832 -0.05557 0.08267
-0.26061 0.01237 0.15807
0.14443 0.01536 -0.15911
0.10922 0.00909 -0.16390
-0.36884 0.04976 -0.01587
-0.39523 0.04465 -0.00654
-0.35620 -0.07560 0.07657
0.23027 -0.03375 -0.16398
0.17802 -0.02213 0.15355
0.12923 -0.02792 0.03348
-0.25071 -0.02331 0.16991
-0.04091 0.04081 0.14755
-0.03220 -0.05351 0.03291
0.28255 0.01211 0.15192
-0.03939 0.10505 -0.08160
0.17684 0.04624 0.03487
0.32011 -0.02084 0.14073
-0.02372 -0.02257 -0.16917
-0.22727 0.10692 0.03372
0.16552 -0.06720 -0.16554
-0.25062 0.08088 -0.11826
0.02951 0.03782 -0.12982
0.08162 0.01503 -0.13002
0.10560 0.03495 -0.13017
0.04738 0.03285 -0.12989
0.00974 0.03939 -0.12972
0.38922 -0.06976 -0.14609
-0.34634 -0.01396 -0.15269
0.20624 0.02139 0.14531
-0.22453 0.10871 0.01168
0.23693 0.02634 0.13956
-0.08000 0.02832 0.14977
-0.35968 -0.09406 0.05098
-0.39057 -0.09414 0.05990
-0.21356 0.05484 -0.13496
0.20355 0.02791 0.13995
-0.40139 -0.08819 -0.06934
0.04972 0.08594 0.11842
0.07872 0.10184 0.03008
-0.18192 -0.07862 0.12454
-0.42339 -0.01147 0.04021
-0.37045 -0.07451 -0.05702
-0.39359 -0.07451 -0.02189
0.27943 0.03216 -0.06549
-0.02379 -0.04329 -0.12953
-0.04481 0.02646 -0.12946
0.04567 0.00308 -0.12985
-0.02197 -0.00221 -0.12955
-0.04595 -0.02722 -0.12944
-0.00772 -0.00519 -0.12961
-0.03020 -0.04480 -0.12951
-0.06233 -0.00593 -0.12937
0.03687 -0.01942 -0.12981
0.05304 -0.00870 -0.12988
0.01927 -0.00934 -0.12973
-0.00084 0.02117 -0.12965
0.03010 0.01614 -0.12979
0.35782 -0.09909 0.14433
-0.37221 0.04802 -0.08089
-0.27895 -0.11184 -0.16426
0.05281 0.10817 0.01484
0.04394 0.10702 0.05518
0.03426 0.10722 0.03804
0.13578 0.03611 0.14656
0.40446 -0.08784 -0.11352
-0.01006 -0.07109 -0.05389
-0.15313 -0.03673 -0.16821
0.29377 0.02730 0.09068
-0.13923 0.09818 -0.11487
-0.41419 0.01969 0.04359
-0.41067 0.01383 0.11219
-0.28683 -0.06690 0.15460
-0.26658 -0.13476 -0.14188
0.40309 -0.08874 -0.07618
-0.18089 0.02059 0.16073
0.11109 0.03056 -0.10686
0.22228 -0.06525 -0.14095
0.16508 -0.00611 -0.13043
0.18987 -0.04411 -0.13043
0.16279 -0.02575 -0.13042
0.17589 -0.07504 -0.13041
0.14704 -0.01621 -0.13041
0.18198 -0.03584 -0.13043
-0.37512 -0.07612 0.14469
0.30822 0.02425 -0.10048
-0.29270 -0.03887 -0.13742
0.12191 0.03582 -0.02888
0.23991 -0.10655 -0.13520
0.40996 -0.01018 -0.06474
-0.01014 0.12080 0.04454
0.33230 -0.03951 -0.11396
0.08932 0.09644 -0.03176
-0.23031 -0.00534 0.17126
0.00583 0.10721 -0.01963
0.02372 0.10794 -0.00642
0.24070 -0.04111 0.11926
0.17584 -0.08365 -0.16501
-0.01390 0.03011 0.15662
-0.24080 -0.04143 -0.16315
0.15805 0.03163 0.14627
-0.08635 -0.02984 -0.00823
-0.01429 -0.03253 -0.11271
-0.22375 0.00883 -0.16204
-0.07530 -0.05124 -0.16725
0.09285 -0.06423 0.13011
0.10346 0.05803 -0.16193
0.29854 0.01075 -0.13882
0.38312 -0.09938 0.12481
0.01528 -0.07632 0.10792
-0.16752 -0.04286 -0.00125
-0.17583 -0.04396 0.00959
0.42052 -0.01638 0.00781
0.12327 0.07944 0.00182
-0.41459 0.01939 0.05408
0.39953 0.00579 -0.02809
0.08852 -0.08073 0.16132
0.05233 -0.08128 0.16447
-0.26022 -0.08161 0.15464
-0.30614 -0.05587 0.09262
-0.04705 -0.05256 0.13887
0.19688 0.04242 0.05389
0.24564 -0.01172 -0.13277
-0.25760 -0.07236 0.15540
-0.30206 -0.05774 -0.14421
-0.25260 0.09554 0.05993
-0.28628 -0.02899 -0.11028
0.14542 -0.01090 -0.15239
0.31881 -0.12864 -0.12223
-0.02182 0.02431 -0.16043
-0.09200 0.01687 -0.16432
0.18653 0.04548 0.03404
0.18968 -0.10713 -0.15541
0.34595 0.02259 -0.02718
0.38400 0.00181 -0.10072
-0.02762 0.04794 0.14301
0.00366 0.04501 0.14399
-0.07759 0.08699 0.12505
-0.41892 -0.08276 -0.01012
0.39102 -0.02678 0.10770
-0.11186 0.05473 -0.13599
-0.07543 0.11214 -0.11089
0.14059 -0.04373 0.14737
-0.28464 -0.06214 -0.15614
0.32249 0.02540 0.05707
-0.17372 -0.07461 -0.09317
-0.17217 -0.09476 -0.12643
0.38166 -0.04656 -0.15021
-0.33923 0.06039 0.01046
-0.21630 -0.02776 -0.12168
-0.40489 -0.06323 -0.02349
0.39488 -0.09724 0.04367
0.24304 -0.10249 -0.13767
-0.00271 -0.08253 0.02356
-0.00246 -0.08806 0.02376
-0.08687 -0.05717 0.01987
0.04903 -0.08619 0.02540
-0.01784 -0.07184 0.02268
0.01256 -0.07890 0.02393
0.10807 -0.08732 0.02739
-0.04479 -0.06818 -0.15818
-0.32079 0.06117 0.01000
-0.29770 0.06026 0.01145
0.36717 -0.00166 0.10359
0.14605 0.05527 -0.10010
-0.25217 -0.12103 0.16322
0.26456 -0.11544 0.12061
0.21587 -0.06854 -0.16068
0.25773 -0.02200 0.13307
-0.08032 0.04971 0.13858
0.06383 0.10808 0.03418
0.27029 -0.04482 -0.16665
0.40257 -0.10155 0.07457
-0.24323 0.02725 0.15479
-0.27715 -0.10974 0.16937
0.10080 0.06153 -0.13315
-0.41504 -0.00397 0.09108
0.38824 0.00678 -0.06664
-0.03019 -0.01900 -0.10479
-0.16748 -0.01722 -0.16753
-0.29242 0.05893 -0.12788
0.00681 -0.07064 0.16754
-0.18499 -0.09079 0.08903
-0.18342 -0.06806 0.08876
0.15196 -0.06970 0.15636
0.07236 0.10264 -0.00642
0.20344 -0.04403 -0.16682
0.40838 -0.00573 0.00376
0.09270 0.00386 0.05809
-0.00183 -0.07970 -0.12986
0.09488 -0.07292 -0.13029
0.04802 -0.07947 -0.13008
0.10501 0.03239 0.14963
-0.42303 -0.00775 -0.03183
-0.06196 0.10550 0.10121
0.21246 0.03749 -0.11336
-0.05869 0.00154 -0.07823
-0.23088 -0.05603 -0.15213
0.36498 -0.09991 -0.06617
0.35764 -0.10029 -0.03384
-0.03756 -0.06366 -0.13391
-0.01380 -0.02535 0.00472
0.01920 -0.02821 -0.00408
0.23951 0.03571 0.09066
0.16411 0.05492 0.01583
0.35272 -0.07143 0.14128
-0.24218 -0.01242 0.07171
-0.24093 -0.01236 0.17037
0.37219 -0.03040 0.11942
-0.01862 -0.06794 -0.14691
0.39416 -0.10739 0.04836
0.42813 -0.03665 0.06811
0.37362 -0.01689 0.13989
0.23390 -0.08706 -0.10195
0.22804 -0.09120 -0.09249
0.23151 -0.08878 -0.06439
0.39697 -0.06295 -0.13894
-0.10459 -0.04203 0.16848
0.02073 -0.07052 -0.15476
-0.20736 -0.06921 0.16308
-0.19433 -0.02959 -0.05305
-0.19813 -0.02629 0.08235
-0.42606 0.03580 0.00021
-0.43620 -0.07413 -0.02773
0.28405 -0.00301 0.17105
0.00411 0.12037 0.07445
-0.32080 -0.00516 -0.15699
0.13526 -0.04192 0.16729
0.08585 -0.04525 0.16807
0.02012 0.11890 0.06569
0.24954 -0.04063 -0.13185
0.12727 -0.07397 -0.15790
0.00613 0.00835 -0.16571
-0.00767 -0.07148 0.10306
0.03052 0.10461 -0.08627
0.08046 0.01682 0.07859
-0.25243 -0.03170 0.15332
0.10580 0.05019 -0.00633
0.00010 0.00795 0.16572
-0.09286 -0.09588 -0.05879
-0.00691 -0.09796 -0.02586
0.08262 -0.10012 -0.04146
-0.02449 -0.09753 -0.03080
-0.13759 -0.09480 -0.03313
-0.00579 -0.09799 -0.04375
-0.07813 -0.09624 -0.04686
0.19548 -0.10285 -0.02624
-0.06915 -0.09645 -0.07059
-0.05790 -0.09673 -0.03722
-0.06958 -0.09644 -0.04804
-0.07547 -0.09630 -0.03819
0.06821 -0.09977 -0.02613
0.08860 -0.10027 -0.04188
-0.04713 -0.09699 -0.03590
0.04107 -0.09912 -0.04768
-0.15684 -0.09433 -0.05454
-0.06754 -0.03222 0.15791
-0.27489 -0.04449 0.14782
-0.22740 0.04937 0.13950
0.09624 -0.01607 0.00810
0.09133 -0.00194 0.16602
-0.16678 -0.10012 -0.13837
-0.17176 -0.09444 -0.09199
0.23108 -0.06940 -0.17804
-0.07747 -0.06566 -0.15769
-0.27785 -0.02192 -0.13342
0.31787 -0.13073 0.16116
0.36502 -0.06021 -0.16215
0.25110 -0.11951 -0.13236
-0.16718 0.04448 0.14666
0.10478 -0.10821 -0.15837
0.27141 -0.03367 -0.16469
-0.13771 0.01159 -0.16416
-0.34315 0.05199 0.11092
-0.30267 0.04165 0.14028
-0.43162 -0.06420 0.01486
0.08409 0.03643 0.14554
0.33715 -0.11324 -0.15673
0.22068 -0.01088 -0.14973
-0.14306 0.10724 0.06440
-0.11455 0.10681 0.06942
0.31789 0.00663 -0.15000
0.26876 0.04034 0.01112
0.33892 -0.01701 -0.16551
-0.36557 0.05206 -0.10922
-0.18865 0.11906 -0.00599
0.13179 -0.02141 0.13025
0.06222 -0.05471 0.12995
-0.00476 -0.04347 0.12962
0.08043 -0.04759 0.13003
0.04639 -0.04018 0.12986
0.10721 -0.06165 0.13018
0.11650 -0.04526 0.13020
0.09452 -0.04385 0.13010
-0.15532 0.10278 -0.09752
-0.01255 -0.04217 -0.16890
0.01523 -0.03940 -0.16908
-0.30155 0.07698 0.03436
-0.04109 0.07679 0.06755
0.08386 -0.00704 0.16688
0.30378 -0.05096 -0.12967
0.42940 -0.03642 0.02475
-0.01083 0.12294 -0.02242
0.00787 -0.00777 0.16818
-0.41973 0.01359 -0.07265
0.27354 -0.06303 0.14350
-0.16272 -0.02650 0.16812
-0.20288 0.10641 0.09252
-0.11109 -0.06463 0.15651
0.04303 -0.05915 0.02662
-0.21528 -0.08523 0.07825
-0.20609 -0.08709 0.07009
-0.19585 -0.08916 0.06313
-0.01105 -0.06196 0.10302
-0.04690 0.12008 -0.10160
0.36074 -0.00038 -0.10405
0.21893 0.02531 -0.13397
0.38891 -0.01313 -0.09085
-0.18990 0.11708 0.04322
-0.30390 -0.06372 0.14005
0.22134 0.01446 0.15491
-0.09263 -0.06502 -0.16312
0.18170 0.00106 -0.15083
0.17160 0.01083 -0.14997
-0.30067 -0.09956 -0.14969
-0.16336 0.08860 -0.12163
-0.00266 0.03903 -0.14775
-0.09376 0.12054 -0.09646
-0.03674 0.12001 -0.06669
0.34728 -0.09185 0.14022
0.05417 0.10596 0.07505
0.04813 0.10505 0.08484
-0.20599 0.06560 -0.13088
0.33249 -0.07386 -0.13018
-0.27378 0.05003 -0.13596
0.30968 -0.12125 -0.16106
-0.34264 -0.08606 -0.06300
-0.20700 -0.07279 0.14080
0.38083 -0.08195 0.15152
0.33168 -0.08735 0.08482
0.33286 -0.08796 0.10730
0.34997 -0.09660 0.01793
0.32166 -0.08226 0.09391
0.15520 0.03925 -0.09630
0.14608 0.03815 -0.10018
0.15719 0.03860 -0.10889
0.12789 0.00285 0.16462
-0.30437 -0.08513 0.13333
-0.05100 0.05901 0.13902
-0.01717 0.05641 0.13984
0.09761 0.01875 0.15957
0.13926 -0.01628 -0.14792
0.31482 0.02527 0.07262
-0.01712 0.04086 0.13153
0.01730 0.03916 0.13408
-0.31147 -0.07107 -0.11233
0.29338 0.01571 0.13240
-0.07432 -0.00530 -0.15062
-0.08364 0.01271 -0.15405
0.30425 -0.01116 -0.11443
0.31596 -0.01316 -0.11673
-0.40556 -0.06082 0.02444
-0.20789 -0.04530 -0.14925
-0.21717 -0.01944 0.16829
0.39385 -0.05266 -0.14153
-0.33615 0.02541 0.14663
-0.41861 0.01739 0.07818
-0.29912 -0.03980 -0.15418
-0.05807 0.13500 -0.00761
0.12962 0.03947 -0.12885
-0.42328 -0.00813 0.03066
-0.10459 -0.01544 0.16844
0.33900 -0.07175 0.14171
0.14997 0.02858 -0.15145
-0.43949 -0.02364 0.02581
0.00030 0.12382 0.02412
-0.15806 0.08545 -0.12371
-0.24521 -0.09918 0.04973
-0.17224 -0.08711 0.15707
0.34586 -0.05643 0.16110
-0.12181 0.07217 -0.13216
0.12005 -0.07497 0.13021
0.00365 -0.09370 0.12958
-0.41442 0.00709 0.10116
-0.28333 -0.01898 -0.16736
-0.24998 -0.01395 0.12908
0.29341 0.03063 -0.05846
-0.35656 -0.07591 -0.09848
-0.18946 -0.09015 -0.03563
-0.18799 -0.08992 -0.02213
-0.23764 -0.07950 -0.06512
-0.21801 -0.08356 -0.04691
-0.04967 0.12043 0.06535
-0.38516 -0.07533 0.00876
-0.33288 -0.07539 0.00067
-0.29604 -0.07636 0.01612
-0.28385 -0.07614 0.00887
-0.25619 -0.07633 0.00815
-0.27855 -0.07625 0.01043
-0.29841 -0.07707 0.03267
-0.25388 -0.07805 0.04672
-0.25811 -0.07709 0.02587
-0.26617 -0.07659 0.01582
-0.24908 -0.07708 0.02386
-0.22990 -0.12822 0.12601
0.02552 -0.06940 0.11019
-0.40197 -0.07586 0.00774
0.20303 -0.06596 0.16651
0.03592 -0.08109 0.15784
0.02304 -0.08048 0.15783
-0.16015 -0.08980 0.16671
0.21736 0.03571 -0.12956
-0.42659 -0.01598 0.02688
-0.00987 -0.06931 -0.14129
0.01479 -0.07357 -0.15242
0.03145 -0.07091 -0.14686
0.06520 -0.07536 -0.15333
0.06923 -0.02626 -0.00873
0.04223 -0.02991 0.00245
-0.28934 0.02075 -0.15348
-0.36049 -0.00791 0.15122
0.36273 -0.02460 0.14413
0.32581 -0.05819 0.16714
-0.29451 -0.03257 -0.14388
0.38323 -0.09997 -0.12455
0.22925 -0.02619 -0.13946
0.37425 -0.03844 0.11373
0.37015 -0.06208 0.11373
-0.39514 -0.05666 -0.14415
0.33222 -0.08762 -0.07435
0.35324 -0.09828 -0.05465
0.33581 -0.08943 -0.05287
0.34789 -0.09558 -0.07982
0.06726 0.10733 0.01536
0.39779 -0.10816 0.03469
0.17496 0.04117 -0.06253
0.11026 0.02385 0.11804
0.10936 0.02505 0.05500
0.12734 -0.01624 -0.10561
0.13367 -0.02318 -0.08228
0.13609 -0.02582 -0.12330
-0.23488 0.09575 0.09331
-0.06618 -0.05035 0.15688
0.30360 -0.12987 0.17706
-0.34920 0.04104 0.13425
0.26312 -0.03788 0.13095
-0.19561 0.00535 -0.16358
-0.01512 0.12386 0.02903
-0.01036 0.12244 0.03455
0.14077 0.06555 -0.06158
-0.22097 0.01221 0.16056
0.19119 0.01861 0.15448
-0.11619 -0.00962 0.16794
0.33190 -0.08107 -0.13268
-0.39535 -0.04015 0.14591
-0.24131 -0.09910 -0.05236
-0.38522 0.04616 -0.03698
0.32083 -0.02759 -0.11627
-0.15028 0.12143 -0.06143
-0.17751 -0.05196 0.00267
-0.17661 -0.05416 -0.05729
0.01736 0.10155 -0.11476
-0.01697 -0.05734 -0.12958
-0.02661 0.11966 0.06832
-0.32143 0.01049 0.15194
0.10439 -0.01675 0.16761
-0.17151 0.12061 -0.03711
-0.08845 -0.01375 0.16702
-0.19237 -0.06128 0.16898
-0.13928 0.09321 -0.12010
-0.20427 0.08297 -0.12372
0.09676 0.05877 -0.13191
-0.20736 0.07620 0.12091
-0.28158 -0.10147 0.16236
0.42318 -0.09095 0.04724
0.08015 0.08837 -0.11680
-0.14154 0.08283 0.12563
-0.19833 -0.09630 -0.13800
0.19617 0.04216 -0.03521
0.20985 0.03832 0.10559
0.27059 0.03169 0.08464
0.36557 -0.08304 -0.16125
0.40423 -0.09438 0.03502
-0.20764 0.08594 -0.10726
-0.22527 -0.12106 0.14655
-0.32469 -0.09802 -0.15248
0.19326 -0.10391 -0.15171
0.17142 -0.10383 -0.15305
-0.41183 0.00785 0.10994
-0.41986 -0.01576 -0.10572
0.41872 -0.06713 -0.04640
-0.03840 -0.02472 0.03170
-0.34551 -0.09358 -0.07287
-0.33744 -0.08287 0.15250
-0.24771 0.07560 -0.12412
0.10803 -0.07203 0.16619
0.34944 -0.02616 0.16415
-0.20699 -0.02065 -0.15541
-0.20713 -0.02056 -0.00141
0.10180 0.04785 0.14065
-0.29933 -0.00215 -0.14205
-0.42464 0.02654 0.01867
0.00077 -0.08293 0.12962
0.04208 -0.08160 0.12983
0.07588 0.07522 0.12909
-0.37052 -0.09213 -0.13052
0.15765 -0.01533 -0.15344
0.10614 0.08903 -0.00418
-0.40531 -0.05807 0.09541
-0.35257 -0.00115 0.13553
0.24842 -0.06037 0.11970
0.35571 -0.02429 0.14095
-0.15558 -0.05127 -0.16840
-0.05286 0.09296 -0.12154
-0.42965 -0.01681 0.03910
-0.12846 -0.02885 0.16838
-0.20075 -0.10692 -0.16922
-0.26278 0.07597 0.10536
0.27822 0.03359 0.05130
-0.29548 -0.05541 -0.09433
-0.25109 -0.02339 -0.09442
-0.24649 -0.06056 -0.09446
-0.28617 -0.02486 -0.09434
-0.35067 -0.05822 -0.09419
0.10074 0.03902 0.14035
0.11471 -0.06774 0.14197
-0.03370 0.10487 0.08427
-0.05110 0.06635 0.06282
0.13172 0.04718 0.07343
-0.34293 0.05817 -0.02392
-0.05517 0.01268 0.16488
0.21532 -0.05316 0.15168
0.08495 -0.02396 0.01908
0.08820 -0.02312 -0.00330
0.05262 -0.02963 0.01472
-0.28921 -0.08593 0.12901
-0.16010 0.05128 0.13280
-0.39761 0.04219 -0.09597
0.10338 0.01502 0.05538
0.07179 -0.07002 0.13140
-0.28663 -0.08991 -0.14708
0.18355 -0.10256 0.04396
0.12720 -0.10120 0.06172
-0.06421 -0.09657 0.08025
0.19897 -0.10293 0.03638
0.20505 -0.10308 0.04658
0.16547 -0.10212 0.08688
0.04753 -0.09927 0.05978
0.14864 -0.10172 0.07304
0.14413 -0.10161 0.05998
-0.06378 -0.09658 0.07237
0.19044 -0.10273 0.06169
0.13465 -0.10138 0.09826
0.11329 -0.10086 0.04715
0.17389 -0.10233 0.08097
0.18224 -0.10253 0.05690
0.19430 -0.10282 0.07451
0.12612 -0.10117 0.09949
0.00690 -0.09829 0.09924
0.16460 -0.10210 0.08105
0.10227 -0.10060 0.05400
0.18843 -0.10268 0.03070
0.17602 -0.10238 0.10644
0.07204 -0.09987 0.06783
0.06101 -0.09960 0.08933
-0.23483 -0.02641 0.16998
0.40741 -0.10734 0.02268
-0.39353 0.04661 0.11694
0.10216 0.07124 0.12982
-0.37432 -0.07512 -0.07685
0.36597 -0.01368 -0.13617
0.42520 -0.07303 -0.03159
0.10651 0.02604 -0.02387
-0.41355 -0.01780 -0.07788
-0.20383 -0.03732 -0.16787
-0.32437 -0.04615 -0.16110
-0.04630 0.13069 0.05463
0.06570 0.10478 0.00513
-0.25789 0.08983 0.08214
-0.23101 -0.01630 -0.16756
-0.04506 -0.01515 0.16877
0.14354 0.04338 0.05787
0.35201 0.00532 0.13358
0.07598 0.03626 0.14157
-0.41583 -0.00085 0.00359
-0.41168 0.01621 0.00238
-0.03912 -0.02311 -0.00798
-0.02614 -0.02394 0.00354
-0.22650 -0.01373 0.02477
-0.22127 -0.01509 -0.15522
-0.22440 -0.01427 -0.12209
0.15026 -0.10839 0.15737
-0.36127 -0.04363 0.15315
-0.33131 -0.00923 0.14916
-0.40139 -0.07947 0.02563
0.05881 0.03593 0.14776
-0.40139 -0.08650 0.01730
0.32687 0.01037 0.13447
0.41863 -0.10126 -0.06647
0.14324 -0.02693 -0.16731
0.02871 -0.10824 0.15835
0.05260 0.11340 -0.01951
0.17596 0.04230 0.03083
0.17581 0.01160 0.15926
-0.28593 -0.00846 -0.14568
0.12634 -0.06647 -0.13946
-0.23426 0.05724 0.02259
-0.19061 -0.09890 0.04960
0.23484 -0.11171 0.14018
-0.04347 0.06985 0.13384
-0.21049 -0.03434 0.12446
0.34090 -0.03400 0.12721
0.26253 -0.00173 0.14524
-0.17070 -0.09390 0.16113
-0.19126 0.09264 0.11952
0.39348 -0.09457 -0.13688
0.36760 -0.03712 -0.15687
-0.19324 0.08108 0.12367
0.05047 0.03357 0.12991
0.11496 0.02517 0.13020
0.04457 0.02299 0.12986
0.07657 0.02935 0.13002
-0.07234 0.04335 0.12934
0.23418 -0.02897 0.15718
-0.14613 0.10749 0.04557
-0.15805 0.10779 0.04332
-0.20315 -0.04172 -0.09101
-0.20907 -0.06059 -0.09151
-0.02034 -0.05817 -0.08943
0.02614 0.10522 0.11347
-0.40793 -0.01600 0.13501
-0.14793 0.10733 0.05852
-0.20308 0.10813 0.05703
0.11056 0.05917 0.16265
0.23106 -0.07984 0.11334
0.12238 0.07917 0.02751
0.00802 -0.06970 -0.11886
-0.25448 -0.12601 0.12562
0.36025 -0.10018 -0.10548
0.37024 -0.09957 -0.08651
0.29240 -0.02929 -0.15896
0.28667 -0.07586 -0.09683
0.30739 -0.07569 -0.06693
0.27952 -0.07591 -0.07092
0.29554 -0.07579 -0.03760
0.05705 0.11189 0.02313
-0.36402 0.05141 0.11477
-0.36695 -0.09409 -0.06205
-0.18063 -0.07080 0.12436
0.22627 -0.04279 0.11716
-0.25409 -0.01358 0.06657
-0.25500 -0.01376 0.09101
-0.25760 -0.01426 0.14281
0.32538 -0.02925 0.17094
0.40994 -0.01409 -0.08940
0.41803 -0.01856 0.03212
-0.05757 -0.05571 -0.15030
-0.32384 0.05705 0.10004
-0.43949 -0.03062 0.02056
0.27014 -0.01476 0.15564
0.17854 0.03510 -0.12429
0.42984 -0.10468 0.00767
-0.24251 -0.10120 0.15668
-0.00680 0.12184 -0.07460
0.25947 0.03101 0.11324
-0.26436 0.05821 0.04721
-0.25039 0.05814 0.02187
-0.24618 0.05626 0.07909
-0.27161 0.05738 0.09061
-0.24320 0.05557 0.09730
-0.24641 0.05753 0.03532
-0.29740 0.05887 0.08962
-0.02599 -0.01297 -0.11364
0.32883 -0.09500 -0.13156
-0.24235 0.06324 -0.04891
0.05495 -0.08593 0.07311
-0.23148 0.07360 0.07084
0.02953 0.10339 -0.09899
0.29738 -0.10032 0.16126
0.06901 -0.09732 -0.16733
-0.00159 -0.08592 -0.04305
-0.01134 -0.07134 -0.10498
-0.41029 -0.03173 0.01446
-0.41143 -0.02236 0.00698
0.34416 0.01860 0.07651
-0.19171 -0.01701 0.04368
-0.20364 0.00856 0.07469
-0.18281 -0.03619 0.03734
-0.19414 -0.01199 0.07577
-0.20358 0.00837 0.08149
-0.21018 0.02251 0.09919
-0.19740 -0.00497 0.07918
-0.18729 -0.02674 0.06625
-0.18360 -0.03461 0.05449
0.20735 0.04028 -0.00969
-0.39721 0.05243 0.02773
0.13487 0.00848 0.16300
-0.21211 -0.09784 0.06125
0.08005 -0.06800 -0.13685
0.41634 -0.03445 0.08983
0.04735 0.03826 -0.14624
0.00592 0.10822 0.11265
-0.04050 -0.02516 -0.11461
-0.24158 -0.02674 0.17004
-0.17486 -0.04021 0.16975
-0.14478 0.10476 0.09358
-0.41319 -0.00048 0.04746
-0.40310 0.03944 0.04626
-0.13994 0.10795 0.01606
-0.14557 0.10809 0.01531
-0.12417 0.10763 0.00864
-0.10757 0.10707 0.03386
-0.40830 -0.04748 0.08442
-0.40965 -0.03784 0.05317
-0.41015 -0.03424 0.08516
-0.11775 0.04804 0.13326
0.36542 -0.03081 0.13053
-0.12069 -0.06284 0.16331
0.11604 0.00585 -0.16480
-0.15770 0.11041 -0.10837
0.13232 -0.06059 -0.13424
-0.11106 0.12562 -0.04720
-0.17445 -0.06328 0.10929
-0.17228 -0.09331 0.14575
0.04791 -0.00829 -0.16796
0.41036 -0.06718 -0.08765
-0.05286 0.01880 0.08570
0.41824 -0.06591 0.08186
0.31730 -0.00976 0.17015
-0.37916 0.04683 0.08401
-0.33869 0.05270 0.08195
-0.08410 -0.07391 -0.12559
-0.07497 0.10260 -0.11564
-0.15152 -0.04600 0.09124
-0.14939 -0.04617 0.11776
-0.11691 -0.04187 0.06806
-0.10872 -0.04119 0.08233
-0.15613 -0.04697 0.12178
-0.14477 -0.04561 0.11353
-0.10772 -0.04174 0.12514
-0.10005 -0.04011 0.07333
0.24540 -0.05992 0.13826
0.41363 -0.07007 0.02459
0.41363 -0.07297 0.03046
0.29773 -0.00246 0.14033
-0.11677 -0.08896 0.16590
-0.22021 -0.11637 -0.15783
-0.28659 0.00287 -0.15948
0.37803 -0.06269 -0.15398
0.13490 0.01380 -0.13657
-0.19055 -0.03295 -0.08569
-0.18758 -0.03658 0.16409
0.32493 -0.05153 0.15860
-0.15862 -0.04623 0.05803
-0.12533 -0.04209 0.02396
-0.17389 -0.04833 0.08581
-0.09863 -0.03883 0.00049
-0.16830 -0.04680 0.02889
-0.12492 -0.04234 0.04183
-0.12665 -0.04185 0.00030
0.11062 0.02597 0.06167
0.06887 0.09499 -0.10767
0.41835 -0.06410 0.10560
0.22877 -0.05380 -0.13663
0.41126 -0.00970 0.06364
-0.00942 0.10412 0.09987
0.01362 0.10436 0.09196
0.01798 0.10479 0.08154
-0.11336 -0.08812 -0.01175
0.12120 -0.08661 -0.00421
-0.06483 -0.08589 -0.00626
-0.00491 -0.08985 -0.01323
-0.12142 -0.08709 -0.00980
-0.16839 -0.08801 -0.01256
-0.01933 -0.08569 -0.00501
-0.16288 -0.08932 -0.01514
0.22695 -0.04051 -0.13216
0.28234 -0.13829 0.12568
-0.28739 0.08219 0.04561
-0.00443 -0.06680 0.10253
-0.36272 -0.00358 -0.14358
-0.40997 -0.00504 0.11919
0.28124 -0.03042 -0.15919
0.31676 0.02290 0.09784
0.30295 -0.12089 0.15244
-0.40457 -0.08442 -0.01545
-0.22420 0.09376 0.11219
-0.20028 0.08752 -0.12276
0.03412 -0.04023 0.02092
0.02533 -0.00174 0.12976
0.06219 -0.00674 0.12992
0.00361 0.00009 0.12967
0.00033 -0.03867 0.12964
-0.05287 -0.01295 0.12941
-0.03315 0.02672 0.12951
0.02305 -0.03492 0.12974
0.03809 -0.01622 0.12981
-0.00816 -0.03729 0.12960
0.01990 -0.01553 0.12973
0.01306 0.01741 0.12971
-0.03111 0.00944 0.12951
-0.02197 -0.00062 0.12955
-0.04534 -0.01465 0.12945
0.01699 0.02049 0.12973
0.08828 -0.05383 -0.13008
0.01901 -0.04736 -0.12974
0.10740 -0.02744 -0.13014
0.07103 -0.03613 -0.12997
0.09783 -0.06015 -0.13013
0.02962 -0.03798 -0.12978
-0.03146 -0.05067 -0.12950
-0.30778 0.07489 -0.02666
0.42197 -0.08688 -0.07280
0.28339 0.01809 0.14230
-0.19185 0.11712 0.03431
0.33550 0.00929 -0.02283
0.34966 0.00515 -0.04344
0.37062 0.00026 -0.04864
0.38373 -0.00196 -0.03481
0.37377 0.00148 -0.00963
0.36098 0.00346 -0.02691
0.39101 -0.00266 -0.01628
0.26141 0.02600 -0.01613
-0.21380 0.10744 -0.07034
0.15835 0.01189 -0.15824
0.02359 0.11086 0.10712
-0.28679 -0.07826 -0.15816
0.30195 0.00585 0.14000
0.27391 -0.00873 0.16485
-0.11282 0.08728 -0.12465
-0.41798 -0.08321 -0.00044
0.12953 -0.09034 -0.13029
0.09887 -0.07880 -0.13028
0.08928 -0.08038 -0.13023
0.10724 0.05349 0.15651
0.40433 -0.08467 -0.06344
-0.00359 -0.07886 0.16391
-0.41854 -0.04188 0.12826
-0.20095 0.00412 -0.01116
-0.19173 -0.01611 -0.00578
-0.22095 0.04719 -0.05256
-0.22119 0.04821 -0.03462
-0.19392 -0.01144 -0.01202
-0.20512 0.01301 -0.02325
-0.20472 0.01133 -0.05387
-0.19391 -0.01121 -0.00245
-0.19502 -0.00954 -0.03216
0.33631 -0.02739 0.15006
0.23250 0.03596 -0.09788
0.31984 -0.01527 -0.13141
0.42643 -0.08575 0.01251
-0.40972 0.00163 0.07518
0.12531 0.04079 0.09918
-0.22345 0.07200 -0.05754
-0.01951 -0.06158 -0.07138
0.10631 -0.01251 -0.03092
0.41417 -0.02062 -0.00184
-0.18098 -0.04575 0.05503
-0.18114 -0.04550 0.08968
-0.17855 -0.04959 0.07860
-0.23226 0.09461 -0.10057
-0.32193 0.03530 0.14247
-0.42710 -0.05038 0.09810
-0.20377 -0.04797 0.13240
0.28350 -0.03015 0.14687
0.24189 0.01932 0.14280
0.39408 -0.09829 0.07157
0.14368 0.04321 0.03351
-0.14004 -0.04152 0.01640
-0.35614 -0.03318 0.15445
-0.32230 0.00400 0.15418
-0.22441 -0.12004 0.15268
0.33698 0.02286 -0.05263
-0.23505 0.03202 -0.15265
-0.08078 -0.08600 0.01280
-0.08580 -0.05752 0.04580
-0.08510 -0.06141 0.05363
-0.08748 -0.04786 0.07365
-0.08766 -0.04721 0.01311
-0.03963 0.13100 0.00511
-0.01790 0.12509 0.01250
-0.22722 -0.13793 -0.15901
0.24465 -0.03451 0.12510
0.32903 -0.01114 0.11373
-0.03188 -0.01055 -0.11966
-0.23500 -0.02099 0.12383
0.28667 -0.10698 0.16327
-0.02637 -0.03351 0.07244
0.28767 -0.05198 -0.15780
0.25132 -0.11162 -0.17961
-0.31176 -0.02647 0.13978
-0.28298 -0.09618 -0.02890
-0.29544 0.08093 -0.00766
0.41741 -0.03348 -0.08287
0.38993 -0.10582 -0.11539
-0.24002 0.07043 -0.07055
-0.12761 0.10744 -0.03590
-0.11669 0.10713 -0.04056
-0.19486 0.10929 -0.00859
0.12741 0.04660 0.02490
0.32787 -0.05362 -0.14060
-0.12427 0.12094 -0.08648
0.14796 -0.09122 0.16453
-0.42000 -0.06027 -0.09899
-0.11174 -0.09346 0.02182
0.18626 -0.08884 0.00547
0.18532 -0.10005 0.02104
0.20587 -0.09498 0.01333
-0.01649 -0.09238 0.01713
0.06137 -0.09919 0.02399
0.15761 -0.09617 0.01658
-0.13918 -0.09410 0.02362
-0.02272 -0.09280 0.01794
0.12624 0.06945 -0.08999
0.05274 -0.06641 -0.04576
0.11184 0.04075 -0.04324
0.01645 0.10653 -0.05026
0.08481 -0.08393 -0.15795
-0.33121 -0.05590 0.15836
-0.06887 -0.02593 -0.01604
-0.24252 -0.09840 -0.15728
-0.33670 0.00640 -0.15186
-0.39890 -0.07476 -0.10089
0.16511 -0.04840 -0.16658
-0.31508 -0.08047 0.14346
-0.24736 -0.00046 0.16799
0.20163 -0.04763 0.16656
-0.15462 0.03780 0.15263
-0.03206 -0.01064 -0.06344
0.21225 -0.09650 0.13404
-0.27120 -0.11490 0.12829
0.11313 -0.00473 0.10169
0.11784 -0.00712 0.12094
0.10929 -0.00681 0.05797
-0.08588 0.12338 -0.07213
-0.41808 -0.08773 0.05185
-0.39278 -0.08312 -0.11645
-0.03906 0.02280 0.02559
-0.00042 -0.07269 -0.15818
0.42256 -0.05984 -0.09475
0.15802 0.00604 0.13027
0.17351 0.01416 0.13028
0.43474 -0.06790 -0.02696
-0.29187 -0.03324 0.11134
-0.13858 0.12422 -0.03665
-0.11639 0.12665 -0.00925
0.35853 0.00028 -0.11699
0.26499 -0.07271 0.15252
-0.35388 -0.04366 0.15438
0.43066 -0.07089 -0.07316
-0.01009 -0.07442 0.03152
0.31302 -0.06838 0.17220
-0.19028 -0.06862 -0.08969
-0.17428 -0.06224 -0.08813
-0.40674 0.02668 0.11633
-0.11755 0.08995 -0.12004
0.34161 -0.06677 -0.10860
0.17941 0.04377 -0.04391
-0.27216 -0.01910 -0.09897
-0.27518 -0.02063 -0.12309
0.40442 -0.09071 -0.03092
0.27274 -0.05597 -0.11388
-0.13114 0.12250 0.06753
0.11135 0.02762 0.01446
0.29957 -0.13488 -0.11923
-0.05550 0.01051 -0.09024
-0.34792 0.04285 -0.13339
-0.16088 0.11345 0.10131
-0.06560 0.06344 0.13708
-0.03153 0.06352 0.13679
0.30702 -0.00101 -0.16574
-0.33869 0.05683 0.09784
-0.22636 -0.06305 -0.13701
0.24914 0.00643 -0.14504
-0.26863 -0.11573 0.17148
-0.10500 -0.03972 -0.01268
-0.16419 -0.04643 -0.03397
-0.17051 -0.04777 -0.07411
-0.16481 -0.04635 -0.02494
-0.15780 -0.04581 -0.03764
-0.13746 -0.04391 -0.05566
-0.15256 -0.04502 -0.02374
-0.16712 -0.04645 -0.01566
0.19468 0.04244 -0.08838
-0.11500 0.10729 -0.02808
-0.14483 0.10806 -0.01643
-0.18799 0.10915 -0.00540
-0.15496 0.10838 -0.00423
0.02851 0.03643 0.14983
0.38048 -0.03011 -0.13967
-0.37363 0.04792 -0.04881
0.12980 0.03253 -0.13614
-0.17072 -0.10171 0.15700
0.39718 -0.10515 -0.11616
-0.01595 -0.03225 -0.12057
-0.40641 -0.05777 0.07988
0.38455 -0.02727 -0.10494
0.16922 0.05183 -0.01477
-0.01079 0.11893 -0.09530
0.42599 -0.09398 -0.05517
0.29936 -0.03214 -0.12037
-0.19612 -0.03261 -0.14213
0.43661 -0.03848 -0.00543
-0.09030 0.10620 0.11136
-0.36609 -0.09399 0.01845
0.17127 0.04224 -0.02576
-0.25805 -0.01565 -0.12951
-0.01213 -0.08734 0.02257
0.06167 -0.08734 -0.11967
0.00273 -0.08734 -0.08764
0.05018 -0.08734 -0.03689
0.12128 -0.08734 -0.11571
-0.08903 -0.08734 -0.06206
-0.08181 -0.08734 -0.08429
-0.08413 -0.08734 0.03805
0.02387 -0.08734 -0.04044
0.12485 -0.08734 -0.12242
0.02812 -0.08734 -0.10113
-0.06857 -0.08734 -0.09018
0.00374 -0.08734 -0.05080
-0.05426 -0.08734 0.02515
0.05907 -0.08734 -0.03554
-0.00678 -0.08734 -0.12088
0.02957 -0.08734 -0.05987
0.13509 -0.08734 -0.09992
-0.01411 -0.08734 -0.02949
0.00516 -0.08734 -0.00020
0.05198 -0.08734 -0.08392
0.01604 -0.08734 -0.02669
-0.06565 -0.08734 -0.12676
0.07739 -0.08734 -0.11433
0.03624 -0.08734 -0.08584
-0.02304 -0.08734 -0.03447
0.07966 -0.08734 -0.06328
-0.05840 -0.08734 -0.12927
-0.07952 -0.08734 -0.05525
-0.02281 -0.08734 -0.13332
0.06287 -0.08734 -0.07881
-0.02632 -0.08734 0.05560
-0.02889 -0.08734 0.01481
0.08211 -0.08734 -0.09772
0.05683 -0.08734 -0.09394
-0.07136 -0.08734 -0.09811
-0.07732 -0.08734 0.05415
-0.01106 -0.08734 0.00177
-0.08984 -0.08734 0.09364
-0.07288 -0.08734 -0.05201
-0.03771 -0.08734 -0.12617
-0.05797 -0.08734 0.04238
0.05806 -0.08734 -0.04635
0.08894 -0.08734 -0.06114
-0.04138 -0.08734 0.00560
0.07202 -0.08734 -0.04988
-0.05757 -0.08734 -0.08419
0.04428 -0.08734 -0.02421
0.06091 -0.08734 -0.10663
0.36793 -0.10992 -0.13895
0.24934 -0.03071 -0.17373
-0.41548 -0.00311 0.02263
-0.41229 0.00973 0.02077
0.36846 -0.00457 -0.13741
-0.40139 -0.08491 -0.01069
0.35234 -0.03581 -0.16640
0.02996 0.06396 -0.13629
-0.00599 0.06137 -0.13783
-0.11465 0.10078 0.10729
0.27687 -0.00986 0.13564
-0.17979 -0.06203 0.15429
-0.24934 0.05267 0.13615
-0.07811 0.11292 -0.07629
0.18575 0.04152 0.02238
0.08428 0.09514 0.07008
-0.18698 -0.04463 -0.14955
-0.20286 0.10782 0.06508
-0.19435 0.10649 0.07989
-0.21462 0.10762 0.06592
-0.22218 0.05772 0.05911
0.13597 0.04658 0.14072
-0.11164 0.04227 -0.14993
0.15393 -0.02059 0.16674
-0.32309 -0.01795 -0.15877
-0.04332 0.06119 -0.07246
-0.21597 -0.07682 0.14605
-0.16169 -0.06315 -0.15559
-0.14256 -0.10087 -0.15720
0.42190 -0.09713 -0.06578
0.11410 0.03683 -0.16141
0.00193 -0.05308 -0.16846
-0.01239 -0.05332 -0.16841
0.38111 -0.02745 -0.11411
0.34893 0.02143 -0.03394
-0.40614 0.03880 -0.00216
-0.41655 -0.01019 -0.03881
0.28347 -0.00347 0.13755
-0.26316 -0.03409 0.16248
0.38032 -0.02463 0.11202
-0.20232 -0.12406 -0.16766
0.15812 0.05474 0.06266
-0.43129 -0.08776 -0.04114
-0.27861 0.06870 -0.10730
-0.24199 0.06936 -0.11189
0.07881 -0.07127 0.15077
-0.27219 -0.11897 -0.16850
0.39622 0.00827 -0.00387
-0.20266 -0.12671 -0.13034
-0.19702 -0.12125 0.16492
-0.05873 -0.01686 -0.16881
0.24778 0.02294 0.14097
-0.41388 -0.06395 -0.12378
-0.24389 0.01033 0.16012
-0.36477 -0.07770 0.11560
-0.37210 -0.07755 0.11763
-0.07670 0.03714 0.14161
-0.02911 0.12457 0.07497
0.43189 -0.09401 0.07144
0.06527 0.10652 -0.04645
-0.39896 0.03479 -0.12354
-0.42320 -0.01546 0.00345
-0.41324 -0.01808 0.05252
-0.25303 0.01897 -0.15688
0.00436 -0.08251 -0.15788
-0.39576 -0.08822 0.10905
-0.26228 -0.04932 -0.15752
-0.01819 0.03329 0.15473
0.05912 -0.10589 0.16153
0.42116 -0.06713 0.00628
0.20164 0.04306 0.01243
0.40259 -0.01624 0.10057
-0.14321 0.03759 -0.15316
-0.42256 0.02514 -0.00693
-0.19397 0.08689 0.12066
0.03431 0.10983 -0.10263
-0.07533 0.13718 0.04762
0.16187 -0.07576 -0.15780
0.23327 -0.11230 -0.13748
-0.18187 0.11709 0.06041
0.19503 0.02885 0.14397
0.39045 -0.09838 -0.09428
0.30596 -0.02613 -0.16369
0.40661 -0.03238 -0.00543
0.40407 -0.04656 -0.02501
0.39977 -0.07063 -0.05835
0.33617 -0.08485 0.18496
0.10251 0.08529 0.07395
0.41905 -0.00702 0.03059
0.41464 -0.02731 0.05846
-0.01965 -0.06102 0.07144
0.14134 0.02455 -0.13042
0.18307 0.01630 -0.13044
0.36478 -0.04311 -0.11388
-0.11826 0.01376 -0.16423
0.29674 -0.12304 -0.16759
0.32787 0.02149 -0.08575
0.00930 0.10447 -0.08872
0.00467 0.10466 -0.08326
-0.24927 -0.01443 -0.16544
-0.34321 0.05777 0.07702
0.40867 -0.10625 -0.03564
-0.40182 -0.01251 -0.13862
0.30164 -0.07574 0.05599
0.28861 -0.07584 0.10781
0.28200 -0.07589 0.06112
0.26364 -0.07604 0.09188
0.28992 -0.07583 0.09492
0.03751 -0.10294 0.13782
0.08928 -0.10301 0.13006
0.00769 -0.10304 0.14902
-0.10410 -0.10262 0.15317
-0.00276 -0.10294 0.14657
-0.10108 0.10233 0.10512
0.40715 -0.09669 -0.09628
-0.37575 -0.01359 -0.13026
-0.39204 -0.01525 -0.12876
-0.37154 -0.02843 -0.12878
0.14443 0.06505 0.04600
-0.21203 -0.11126 -0.16899
-0.03433 0.01651 -0.12505
0.37079 -0.03376 -0.11869
0.16584 0.03136 -0.14539
-0.29310 -0.03422 0.16583
-0.43149 -0.06581 -0.01218
-0.19806 -0.05774 -0.13699
-0.03890 0.01813 -0.06626
0.35592 0.00515 0.12985
-0.00624 0.12133 -0.01846
0.28338 -0.06028 -0.14645
0.19375 0.04074 0.06854
-0.20542 -0.08441 -0.01112
-0.19244 -0.08098 -0.00183
-0.15733 0.12356 -0.00371
0.23385 -0.02183 -0.11388
0.17228 0.00189 -0.16367
-0.21295 -0.11084 0.17103
-0.41637 0.01206 -0.03695
0.17481 0.04214 0.03966
-0.05326 -0.08796 -0.01901
-0.03224 -0.08965 -0.01973
0.02490 -0.07416 -0.02094
0.04612 -0.07608 -0.02167
-0.00319 -0.09103 -0.02068
0.12556 -0.09001 -0.02463
0.07311 -0.08244 -0.02273
-0.43083 -0.06617 0.02818
-0.17720 0.11161 -0.09765
0.23668 -0.05268 0.15710
0.21038 0.02604 -0.12838
0.25927 0.02003 -0.10745
0.27460 0.01531 -0.11295
0.32810 0.00526 -0.10480
-0.08463 0.13716 0.02424
-0.14116 -0.02219 -0.16851
0.21410 -0.06705 -0.14949
0.25558 -0.06505 -0.16951
-0.11910 0.11911 -0.09701
0.31969 -0.10789 0.16023
-0.18571 0.07772 -0.12621
-0.12914 0.11526 0.10530
0.13382 -0.02510 0.03559
-0.01522 0.12198 -0.01221
-0.05311 0.12292 -0.01610
-0.05142 0.12329 -0.00197
0.12336 0.04372 0.09337
-0.18082 0.06821 0.13081
-0.41798 -0.07939 -0.05025
-0.08718 -0.04966 -0.05270
-0.08497 -0.06237 -0.01699
-0.08881 -0.04029 -0.08750
-0.08476 -0.06332 -0.05172
-0.23630 0.08957 -0.11176
0.23516 -0.07317 0.10957
0.00085 0.10772 0.00244
0.01074 0.10772 0.00688
0.34011 -0.01082 -0.15989
-0.19414 0.12157 -0.00492
0.30855 0.02938 -0.04386
-0.16482 -0.08752 -0.16734
0.01324 -0.06845 0.02312
-0.02701 -0.06311 0.02167
-0.04247 -0.06055 0.02099
0.23969 0.03240 -0.12719
-0.26654 -0.13083 -0.16949
0.18618 -0.03694 0.16668
-0.15959 0.05178 -0.13879
-0.28930 -0.03515 0.13666
0.30682 0.03656 0.02670
-0.01555 -0.05973 0.09286
-0.37805 -0.07451 0.01889
-0.21245 0.07223 0.12697
0.01549 -0.08506 -0.04092
-0.29822 -0.03711 -0.14247
0.02349 0.09648 0.10812
0.07875 0.07040 0.12386
-0.37923 -0.01922 0.12902
-0.39031 -0.01975 0.12807
0.25971 -0.06951 -0.16863
0.13533 -0.07537 0.15058
-0.38787 0.05174 -0.07465
-0.03079 -0.08001 -0.09770
-0.03027 -0.08126 -0.06154
-0.03343 -0.07368 -0.05866
-0.03336 -0.07387 -0.08201
0.38492 -0.02990 -0.12020
0.03804 0.09919 -0.11817
0.32647 -0.02032 0.12789
-0.17661 -0.05416 0.15037
0.26963 -0.03460 0.12216
0.42680 -0.02310 0.02282
0.06642 0.00872 0.06676
-0.07024 0.10609 0.08762
-0.41477 0.02473 0.02149
-0.21354 0.05307 -0.12536
-0.13637 0.03862 0.15230
-0.20729 0.03630 -0.15151
-0.05603 0.02281 0.07480
-0.10866 0.12464 0.06067
0.25183 -0.03437 0.16017
0.19973 0.03702 0.01423
-0.40982 -0.07586 0.06748
-0.00959 0.12103 0.05570
0.08494 -0.10668 -0.15612
0.02307 -0.10370 -0.15690
-0.19668 -0.03218 0.13359
-0.27201 -0.01903 0.08679
-0.27281 -0.01943 0.04747
0.00496 0.03971 -0.13715
-0.02957 0.04137 -0.13708
-0.00632 -0.07893 0.03101
-0.04369 0.00692 -0.16576
-0.33110 0.05707 -0.09197
-0.04128 -0.06231 -0.12997
-0.23678 -0.01309 0.15991
-0.01914 -0.03007 0.03760
0.26378 -0.01927 -0.16250
0.41510 -0.02804 -0.08084
0.16565 0.03990 -0.08617
-0.25086 -0.06232 0.15375
0.41363 -0.09186 -0.02749
-0.07421 0.01816 0.16923
0.04847 0.11228 0.06080
-0.28117 0.00806 0.15761
-0.21255 -0.06994 0.14674
0.21191 -0.09487 0.12661
-0.23157 -0.01294 -0.07654
-0.23758 -0.01242 -0.03910
-0.23629 -0.01254 -0.17133
-0.05584 0.12311 0.08524
0.38374 -0.02172 -0.10784
0.39893 -0.07809 -0.03101
0.40426 -0.04749 -0.00134
0.05440 -0.08049 -0.16304
-0.33967 -0.02019 -0.15672
-0.03876 0.03223 0.09076
-0.04632 -0.01598 -0.04500
0.17675 0.03173 -0.13885
0.41395 -0.01927 -0.01642
0.24609 0.02054 -0.14763
0.23926 -0.11061 -0.17134
0.13221 0.06479 0.09541
-0.04864 -0.03232 -0.06268
-0.04389 -0.04795 -0.06279
-0.40417 -0.08941 -0.05618
0.15341 -0.00008 -0.16438
-0.36699 0.05645 0.03051
-0.09474 0.12718 -0.01087
-0.31221 0.06057 -0.03428
-0.28695 0.05958 -0.03126
-0.28959 0.05930 -0.05714
-0.25710 0.05854 -0.01928
-0.26527 0.05901 -0.01027
-0.05950 -0.06625 0.15879
-0.09745 0.12371 -0.07787
-0.20818 -0.06592 -0.14023
0.25501 -0.07612 0.08907
0.29607 -0.07579 0.01986
0.26414 -0.07609 0.03339
0.25479 -0.07614 0.06770
0.27634 -0.07595 0.04698
-0.05184 0.01641 0.16476
0.22666 -0.06668 0.13244
-0.09551 -0.07633 -0.15740
-0.08704 -0.07899 -0.15765
-0.10470 0.06150 0.13759
-0.18093 -0.05843 -0.15785
0.29521 0.02790 -0.08258
-0.21066 0.10711 0.07825
0.36583 0.01717 0.02993
-0.02811 -0.02648 0.08059
-0.35053 -0.07942 -0.03907
-0.17025 -0.10094 0.14499
-0.14724 -0.10151 0.14887
0.06432 0.10043 0.09374
-0.19542 0.11614 -0.03780
-0.10929 0.12150 0.08864
-0.41299 0.00269 -0.04324
-0.41436 -0.00549 -0.05053
0.17773 0.04077 0.11843
-0.33589 -0.03537 -0.15800
0.11396 -0.07460 -0.16602
0.02798 -0.06145 -0.11984
0.05760 0.10739 0.00055
-0.23469 0.05709 -0.02858
-0.41769 -0.01843 0.12431
0.00194 -0.06039 0.12968
-0.15656 0.11958 0.07175
-0.04332 0.13045 -0.04819
0.38176 0.00858 -0.07069
0.25565 -0.01949 0.15760
0.06125 0.09245 -0.12016
0.21329 -0.09590 -0.15146
-0.04058 0.03628 -0.11788
-0.00442 0.09531 0.11925
-0.25016 -0.02895 0.16672
0.31097 -0.02076 0.12908
-0.24008 -0.13695 0.17194
0.14478 -0.09412 -0.01436
0.18312 -0.08682 -0.00293
0.03321 -0.09637 -0.02123
-0.08179 -0.09234 -0.01951
0.19079 -0.10233 -0.02419
0.16369 -0.08995 -0.00793
0.05209 -0.09307 -0.01601
0.20786 -0.08900 -0.00513
0.30705 -0.07904 -0.14810
0.12642 -0.07874 -0.16574
0.37144 -0.10205 -0.15433
-0.01166 0.03269 -0.15493
-0.11810 0.04660 -0.14252
-0.39748 -0.07494 -0.08037
-0.30028 -0.07822 -0.06903
-0.29129 -0.07852 -0.07851
-0.32492 -0.07739 -0.08627
-0.34590 -0.07668 -0.04764
-0.36347 -0.07609 -0.07391
-0.33418 -0.07708 -0.05455
-0.35534 -0.07636 -0.05574
-0.34349 -0.07676 -0.07996
-0.33697 -0.07698 -0.04433
-0.05734 -0.06379 -0.15532
0.35161 -0.07309 0.15213
0.09744 -0.04935 0.16770
-0.39162 0.05372 -0.00041
-0.00209 -0.07138 0.06342
-0.00762 -0.07180 0.08060
-0.42086 -0.08141 0.04284
-0.41196 -0.02049 -0.05637
-0.41156 -0.02182 -0.01815
-0.25900 -0.09885 0.15793
-0.28501 -0.12293 0.14753
0.40741 -0.03123 -0.07646
0.05421 -0.06759 0.08128
0.20227 -0.04399 -0.15338
0.21648 -0.03539 -0.15183
-0.22139 0.06610 -0.12953
-0.07211 0.00600 -0.14791
0.13986 0.05703 0.10789
0.41363 -0.07783 0.02020
0.41363 -0.09324 0.04925
-0.05652 -0.09231 -0.12767
-0.07272 -0.07813 -0.12589
-0.21750 0.10853 0.05397
0.06876 0.01381 0.07398
0.21407 -0.08400 0.11902
0.27903 -0.12201 -0.16556
0.32016 -0.06789 0.17598
0.26498 -0.13647 0.15174
0.22316 -0.09465 -0.03556
0.22030 -0.09666 -0.04186
0.22066 -0.09640 -0.04988
-0.41467 0.05070 -0.02724
-0.13320 0.12557 -0.00631
0.37173 -0.09947 -0.11328
0.02569 -0.03778 0.16917
-0.30233 -0.09455 -0.14395
0.40457 -0.01903 -0.08491
0.38237 -0.11030 0.10742
0.10828 0.04966 0.01183
0.26958 -0.05385 0.15492
-0.11110 -0.04546 0.01712
0.41539 -0.04147 0.10834
0.40628 0.00243 -0.03259
0.26095 -0.06715 -0.14874
0.41727 -0.06713 -0.01720
-0.43654 -0.05386 0.01650
-0.11056 0.06553 -0.13575
-0.42464 -0.07441 -0.05012
-0.02983 -0.08231 0.09114
-0.04621 -0.04307 0.06791
-0.05346 -0.02570 0.07154
-0.26333 -0.12117 -0.16892
0.36828 -0.03166 0.12287
-0.40246 -0.07864 0.06315
0.29306 -0.06342 0.11373
-0.39026 -0.07451 0.06004
-0.39254 -0.07451 0.01600
-0.37147 -0.07451 0.06049
0.22259 -0.08328 0.15313
-0.29440 -0.03466 -0.15866
0.25552 0.04113 -0.01801
-0.23173 0.05553 -0.07809
-0.15360 -0.04633 -0.16835
0.06270 -0.06310 -0.16742
0.10119 -0.05050 -0.16756
0.26115 -0.12769 0.16554
0.13817 0.06833 -0.05196
0.20635 -0.07411 0.16649
0.31418 -0.01294 0.11349
-0.35417 0.05204 0.11802
0.34700 -0.09501 0.15905
-0.35406 -0.08926 0.13181
-0.37001 0.04936 -0.10872
0.20748 -0.00323 0.15881
0.09622 0.06048 0.12520
-0.01604 0.05424 -0.14084
-0.42937 -0.06870 0.05234
0.07232 0.10558 0.00298
-0.07061 -0.00470 -0.15602
0.00686 -0.04280 0.02055
0.10033 0.00254 0.03997
0.10528 0.00270 0.08678
-0.06965 0.12056 -0.10106
-0.04927 0.13338 0.00049
-0.23122 -0.01427 -0.13601
0.25136 0.02655 -0.06580
0.23685 0.02688 -0.09333
0.22358 0.03264 -0.06776
0.24103 0.02716 -0.08186
0.36637 0.00075 -0.06274
0.30833 0.01343 -0.06744
0.05909 -0.10243 0.12806
-0.04510 -0.10040 0.12522
-0.05982 -0.10166 0.13805
0.04442 -0.10106 0.11842
-0.00949 -0.10014 0.11804
-0.03572 -0.09844 0.10716
0.18372 -0.10270 0.11305
0.00590 -0.10040 0.11813
-0.12452 -0.09763 0.11258
-0.00184 -0.10169 0.13022
-0.09258 -0.09996 0.12804
-0.04213 -0.09911 0.11374
-0.10134 -0.10020 0.13130
0.12784 -0.10151 0.11062
0.04118 -0.10152 0.12280
-0.14804 -0.09472 0.09096
-0.07493 -0.09696 0.09996
-0.03148 0.02507 -0.03244
-0.18838 -0.10669 -0.12342
-0.10218 0.08839 -0.11412
-0.07371 -0.07707 -0.16799
0.32531 -0.11242 0.18256
0.36990 -0.02604 -0.14557
0.39149 -0.10135 0.07946
0.06972 0.10491 -0.04175
-0.40781 -0.01225 0.10156
0.13331 -0.03521 0.13872
0.02807 -0.06906 -0.07504
0.03786 -0.06831 -0.07075
0.03142 -0.06880 -0.06573
-0.23371 -0.02573 0.12434
0.17956 0.04570 -0.00920
0.32039 -0.06080 0.11373
-0.18263 0.08707 -0.11714
0.06284 0.00022 0.16634
-0.32543 0.04676 0.13351
0.24034 0.00068 0.16224
0.10886 0.05420 -0.17969
-0.42256 -0.04433 -0.11772
0.12625 0.01256 -0.13034
0.41577 -0.00686 -0.00867
-0.21494 -0.05509 0.14419
0.27510 0.02360 0.00317
0.33066 0.01016 0.02675
0.30299 0.01748 0.00219
0.37271 0.00132 0.01752
0.39045 -0.00324 0.03038
0.28464 0.02112 0.01073
0.33914 0.00902 0.01173
0.34026 0.00839 0.01961
0.35758 0.00366 0.03804
-0.32457 0.06786 0.00201
-0.36643 -0.07604 0.10609
-0.19509 -0.11932 -0.14980
0.19016 0.03642 -0.05551
-0.21093 -0.01886 0.16975
-0.21050 -0.01904 0.13504
-0.33274 0.04823 0.13049
0.04220 0.03546 0.15046
-0.24157 0.00064 -0.16776
-0.34041 0.05864 0.03708
0.00478 -0.06826 0.03228
-0.09485 -0.03914 -0.04680
-0.08991 -0.03887 -0.06461
-0.13098 -0.04356 -0.07793
-0.13104 -0.04409 -0.11262
-0.13085 -0.04424 -0.12408
-0.13024 -0.04361 -0.08713
-0.10168 -0.03978 -0.03989
-0.10421 -0.04088 -0.09436
0.40484 -0.03194 -0.04342
-0.03757 0.10494 0.08931
0.21743 0.03591 0.02024
0.29463 0.01796 0.03219
0.27408 0.02225 0.04692
0.26732 0.02406 0.03695
0.29014 0.01838 0.05439
0.32876 0.00951 0.05617
0.29485 0.01774 0.03847
0.30237 0.01596 0.04079
0.22762 0.03280 0.04896
0.13894 0.05949 -0.10092
-0.20148 -0.12226 0.12523
-0.25911 -0.01455 -0.04394
-0.25366 -0.01350 -0.13576
-0.20224 0.02509 0.15845
-0.05014 0.02643 0.09325
-0.01345 -0.04395 -0.11213
0.13657 -0.01582 0.13256
0.42072 -0.02748 -0.04509
-0.25465 -0.06446 0.15086
-0.08438 0.04801 0.12832
0.16200 0.05437 -0.04436
-0.24497 0.08595 0.11219
0.15919 -0.03874 0.15585
0.30526 -0.12013 -0.14780
0.09874 0.00742 -0.02162
0.10311 0.01861 -0.02851
0.23315 0.04022 0.04939
-0.19582 -0.02829 0.12151
-0.19095 -0.03251 0.10927
-0.19413 -0.02976 -0.01561
-0.19417 -0.07947 0.13675
0.13402 0.05257 0.13696
-0.21744 -0.11816 0.13187
-0.40459 -0.04705 -0.10111
-0.42586 -0.09160 -0.04542
-0.14377 0.12094 0.07456
-0.28567 -0.05891 -0.13113
-0.14836 -0.06936 -0.16755
-0.00977 0.10493 -0.07692
-0.20368 -0.02870 -0.12141
0.28240 0.02242 0.13204
0.05027 0.01624 -0.16307
0.23336 0.04231 0.02127
-0.03107 0.01523 0.10992
0.41914 -0.10362 0.04700
0.42359 -0.06089 0.09187
-0.00634 0.11821 -0.05415
-0.43612 -0.05465 -0.02839
-0.18733 -0.03689 -0.02242
-0.18676 -0.03757 -0.08791
-0.18453 -0.04029 -0.03290
-0.36213 -0.08562 -0.12840
0.24889 -0.04151 0.15849
0.16818 -0.10343 0.13320
0.14980 -0.10375 0.15356
0.19640 -0.10328 0.11978
-0.03307 -0.06560 -0.14364
-0.33003 0.05518 0.11598
-0.35495 0.05717 0.05803
0.38638 -0.09918 -0.11778
0.13593 -0.00644 0.13355
-0.00875 0.12306 -0.00044
0.28416 -0.03058 -0.15348
0.22791 0.03324 -0.03081
0.33253 0.00877 -0.05211
0.21131 0.03665 -0.04448
0.29138 0.01862 -0.03513
0.33375 0.00862 -0.04717
0.33130 0.00886 -0.05921
0.35694 0.00315 -0.05354
0.28743 0.01893 -0.05711
-0.29352 -0.07963 -0.16877
0.14131 -0.01680 0.14385
0.12170 -0.06768 -0.13022
-0.10087 0.12634 -0.03592
-0.23056 -0.09723 -0.15421
-0.42063 0.01265 -0.06655
0.19905 -0.06652 0.15465
0.11279 -0.01075 -0.16672
0.25621 -0.04668 0.11806
0.24668 0.03331 0.10502
-0.05338 0.00958 0.04831
-0.04829 0.04351 -0.06094
0.05432 0.04576 0.14302
0.06639 0.08176 0.12519
0.17400 -0.08465 0.16486
-0.27522 -0.03659 0.17036
-0.23588 -0.01257 0.08166
-0.23141 -0.01296 0.08461
-0.22990 -0.01309 0.16874
0.08957 0.01209 0.07920
0.38089 -0.11232 -0.11304
-0.09065 0.04578 0.13881
0.07475 0.08216 -0.12708
0.23634 -0.07686 -0.14021
0.24688 -0.09242 0.15714
0.13990 -0.01293 0.14927
-0.35969 -0.07914 -0.12169
-0.38119 -0.07615 -0.11388
-0.33551 -0.08222 -0.12897
0.29438 0.02464 0.11836
-0.13555 0.12329 -0.05466
0.11668 0.06770 0.12606
-0.18220 -0.04383 -0.15697
-0.18149 -0.04495 -0.09539
0.25341 0.03610 0.06090
-0.32932 -0.00133 0.15456
0.29067 -0.00825 0.13195
-0.15062 0.00410 -0.16538
-0.07390 -0.02601 -0.00251
-0.21428 -0.13389 -0.13031
0.20573 0.04425 0.03530
-0.26670 -0.01872 0.13337
-0.01786 0.12180 0.02092
-0.02743 0.12168 0.03438
0.21475 -0.06507 0.13396
-0.16754 -0.04773 -0.11934
-0.19080 0.00224 -0.11929
-0.12817 0.00187 -0.12426
-0.17126 -0.04230 -0.11924
-0.14044 -0.00643 -0.12298
-0.18126 0.01365 -0.12046
-0.20857 0.04442 -0.11940
-0.18634 0.01994 -0.12028
-0.13906 0.02018 -0.12405
-0.15247 -0.04058 -0.12079
-0.16826 0.03007 -0.12209
-0.09808 0.04378 -0.12816
-0.14464 -0.06522 -0.12053
-0.17427 -0.00688 -0.12028
-0.10940 0.03534 -0.12696
-0.35707 -0.05751 0.15252
-0.42096 -0.02277 -0.12494
0.18416 -0.01111 -0.15213
0.32501 0.00089 0.15531
0.31534 -0.07143 -0.14723
-0.20729 -0.04478 -0.13916
-0.21923 0.10064 0.09554
0.33171 -0.02343 -0.16504
0.27374 -0.09162 -0.15326
0.31050 0.02370 -0.10994
0.04909 -0.08479 0.16700
0.14935 -0.04502 0.13026
0.19024 0.03689 0.04635
0.30014 -0.06566 0.15033
-0.21608 0.10913 -0.05242
0.18384 0.04115 -0.11874
-0.19715 -0.10891 -0.12316
0.40930 -0.08567 -0.09019
-0.38245 0.05391 0.04485
0.14329 -0.07326 0.13027
0.28774 0.03831 0.02975
0.23515 -0.02955 0.11877
0.25312 -0.01646 0.12425
0.39813 -0.08269 0.00409
0.40276 -0.05606 0.00072
0.06684 -0.07678 0.15581
0.10725 -0.07330 0.14769
0.09658 -0.00843 0.00302
-0.41551 -0.08493 -0.05385
-0.17455 -0.05906 -0.15085
0.00553 -0.07537 -0.04172
0.41255 -0.00232 0.04314
0.05743 -0.07038 -0.05585
-0.08406 -0.09609 0.07147
-0.01499 -0.09776 0.04946
-0.14600 -0.09460 0.04463
-0.09967 -0.09572 0.06782
-0.15254 -0.09444 0.07804
0.12982 -0.10126 0.03598
0.16999 -0.10223 0.02916
-0.04877 -0.09695 0.05025
-0.11443 -0.09536 0.05565
-0.07033 -0.09643 0.04365
0.14740 -0.10169 0.03249
-0.10265 -0.09564 0.02670
0.04308 -0.09917 0.03389
-0.17208 -0.09397 0.07102
-0.02191 -0.09760 0.02678
0.02918 -0.09883 0.05237
-0.16738 0.10430 -0.09268
-0.29357 -0.09769 -0.02938
-0.26827 0.04254 0.14276
-0.00653 0.10982 -0.06536
-0.08939 0.10650 -0.05912
-0.09938 0.10668 -0.04989
0.05883 -0.09814 0.16779
-0.05675 0.12061 -0.06687
-0.20025 -0.06737 -0.16477
0.00232 -0.06525 0.16773
0.28020 -0.12261 0.14606
-0.03250 0.01550 0.02163
0.03065 0.03848 0.13820
-0.26486 -0.07199 0.15964
-0.26236 -0.01541 0.13202
-0.03348 -0.10314 0.16393
0.24109 -0.01101 -0.11388
0.22007 -0.00452 0.15942
-0.30532 0.05312 -0.13050
-0.08703 -0.02875 0.16889
-0.37054 0.04030 0.13048
0.23274 -0.03957 -0.14024
0.21798 0.04352 0.01308
0.26100 -0.08735 0.15410
0.31294 -0.10582 -0.15433
-0.03304 -0.00670 -0.07387
0.09292 -0.08190 -0.02323
0.08312 -0.07605 -0.02169
0.06871 -0.07870 -0.02242
0.21809 0.04364 0.00468
-0.38634 0.04518 0.09398
0.25725 -0.01411 -0.11525
0.39705 -0.02698 -0.08716
-0.18869 -0.02345 -0.03274
-0.20876 0.01952 -0.08778
-0.19969 -0.00022 -0.10578
-0.18246 -0.03741 -0.09834
-0.18149 -0.03897 -0.02784
-0.18729 -0.02669 -0.06169
-0.18351 -0.03486 -0.06077
-0.20127 0.00310 -0.11942
-0.20414 0.00937 -0.10953
-0.21240 0.02735 -0.09387
-0.43107 -0.03820 -0.08779
-0.11745 -0.01156 -0.16832
0.39166 -0.00028 -0.09418
-0.03628 0.00635 0.07136
-0.18657 -0.07349 -0.16847
0.30270 -0.01516 0.14915
-0.07519 0.13607 -0.06312
-0.18549 -0.09973 -0.03309
0.26271 0.00658 -0.16028
-0.11036 0.11172 -0.11027
-0.41624 0.01158 0.04879
0.05580 -0.08061 -0.07478
0.41989 -0.01011 0.03475
-0.13791 0.07062 -0.13218
-0.06374 0.02526 0.16056
-0.40509 0.05131 0.03093
-0.31318 0.02030 0.15047
0.06836 0.07588 -0.12632
0.12802 0.04989 0.12533
-0.26132 0.07931 0.11196
-0.27436 0.08238 -0.08457
0.30135 -0.02394 -0.16413
-0.28821 -0.03605 -0.12327
0.30647 -0.10018 -0.12870
-0.05854 -0.01230 0.06952
-0.04730 -0.03569 0.08542
0.34471 -0.08597 -0.11711
0.40351 -0.09825 -0.08857
-0.38171 0.05133 0.09384
0.29773 0.03808 -0.01586
-0.20798 -0.09278 0.06094
-0.25717 -0.02546 0.09413
-0.26945 -0.03689 0.09411
-0.36404 -0.05826 0.09389
-0.26587 -0.06416 0.09413
-0.25265 -0.06586 0.09417
-0.32505 -0.07616 0.09399
-0.33389 -0.07248 0.09397
0.43778 -0.09736 0.03462
-0.27150 0.03730 0.14614
0.13803 -0.04719 -0.14395
0.21742 -0.09084 -0.00989
0.05589 -0.08004 0.06052
0.17866 0.00721 -0.16141
-0.04996 0.00142 -0.11257
-0.04078 -0.03095 -0.01682
-0.05743 -0.03851 -0.01681
-0.08181 -0.05091 -0.01680
0.36051 -0.02577 0.15707
0.29026 -0.00347 -0.13392
-0.21320 -0.08479 0.04731
-0.21792 -0.08354 0.04568
-0.18381 -0.09115 0.02627
-0.20349 -0.08603 0.02087
0.02847 -0.00281 -0.16742
-0.05756 -0.00759 -0.16822
0.13232 -0.08593 0.00243
0.07467 -0.08620 0.00405
0.06825 -0.08473 0.00116
-0.14556 -0.08720 0.01022
-0.08952 -0.08441 0.00347
-0.00301 -0.08501 0.00307
-0.12677 -0.09119 0.01801
-0.07991 0.08229 -0.12803
-0.16955 0.11796 0.07027
0.16843 -0.07579 -0.15740
0.16582 -0.05337 -0.15654
0.27163 -0.07916 -0.15804
-0.26348 -0.13578 0.16490
-0.31296 -0.07686 -0.15428
0.02135 0.12076 0.03679
-0.42723 -0.03406 0.10447
-0.16215 0.03627 0.15330
-0.05342 -0.03955 0.13284
0.11938 0.04435 -0.14153
-0.33199 0.06158 -0.01290
-0.27898 0.05958 -0.00626
-0.40050 0.04740 0.10634
-0.42476 0.02598 -0.01698
0.17747 0.01948 -0.15507
0.22342 -0.04618 0.15551
-0.18984 0.06742 -0.13094
0.21955 -0.04469 -0.12768
0.42223 -0.04014 -0.09110
0.29369 -0.13939 -0.13122
-0.18305 0.10689 -0.07719
-0.19348 0.10756 -0.06903
0.26596 -0.11334 -0.16499
-0.18342 -0.08806 0.01444
0.09475 0.09250 0.04618
0.31958 -0.04460 -0.14944
0.02831 0.11914 -0.04321
-0.20233 -0.02704 0.13997
0.24276 -0.02052 0.17081
0.02022 -0.05950 0.10971
0.26518 -0.01903 0.13042
-0.09009 0.03730 0.15395
-0.30436 -0.07975 -0.12493
-0.37964 0.05477 -0.02871
0.05539 0.11292 0.00648
-0.01133 -0.04251 -0.11784
0.42234 -0.03155 0.04459
-0.04430 -0.02462 0.16920
-0.27854 -0.04779 0.14470
0.43605 -0.09744 0.02414
-0.14061 -0.08906 0.11985
0.00626 -0.10031 -0.12582
0.07209 -0.10223 -0.13448
-0.08723 -0.09774 -0.11561
0.07730 -0.10227 -0.13374
-0.03202 -0.09925 -0.12151
-0.04671 -0.09784 -0.10725
0.02174 -0.09907 -0.10640
0.07747 -0.10120 -0.12010
0.07447 -0.10268 -0.13962
0.04622 -0.10072 -0.12154
0.12193 -0.10186 -0.11786
0.12324 -0.10286 -0.13017
-0.00646 -0.09966 -0.12060
0.07191 -0.10313 -0.14586
0.40064 -0.06451 0.05385
0.40530 -0.03260 0.02941
0.40043 -0.05874 0.06924
0.15518 0.02959 -0.14942
0.29417 -0.13990 0.14666
0.36299 -0.01791 0.14723
-0.16432 0.12273 0.00290
-0.09445 0.10131 0.10727
-0.37478 0.04871 0.11984
0.23490 -0.01862 0.14653
0.21901 0.04336 -0.01468
-0.42852 -0.07435 0.05244
-0.07987 0.12375 -0.01403
-0.04405 0.12197 -0.04107
0.30590 -0.13555 0.16550
-0.32070 -0.06462 0.16252
-0.07406 0.04151 0.14885
0.16551 -0.00786 0.16503
-0.03217 -0.07241 0.15447
0.12611 -0.07280 -0.13041
0.11235 0.04751 0.12972
-0.39511 0.04399 -0.08640
-0.36441 0.04948 -0.07007
-0.08216 0.13950 0.01807
0.38652 -0.02159 -0.12753
-0.40317 -0.04843 0.10362
0.24252 -0.02851 0.15306
-0.22527 0.10218 0.07990
0.17647 -0.00698 0.16500
-0.17271 -0.08556 -0.14630
-0.17366 -0.06827 -0.14711
-0.42170 0.02937 0.05220
-0.03279 -0.00768 0.04848
0.25892 -0.11245 0.14073
0.25917 0.03421 0.07741
-0.34248 0.02147 -0.14689
-0.41189 -0.08090 -0.03675
-0.04913 -0.07936 -0.15804
-0.07573 -0.09692 -0.15736
0.25436 -0.04036 -0.17747
-0.19285 0.11794 -0.00958
-0.15472 -0.06940 0.16773
-0.37961 0.04676 0.05746
-0.39141 0.04465 0.04751
0.05114 -0.09936 -0.08208
0.01734 -0.09854 -0.08579
0.18215 -0.10253 -0.06897
0.14047 -0.10152 -0.09519
0.15908 -0.10197 -0.09678
0.00322 -0.09820 -0.09946
0.06473 -0.09969 -0.07045
-0.04448 -0.09705 -0.07912
0.05997 -0.09957 -0.08332
-0.05697 -0.09675 -0.09051
-0.12911 -0.09500 -0.08424
0.02823 -0.09881 -0.07916
0.00574 -0.09826 -0.07058
0.16262 -0.10206 -0.06126
0.20587 -0.10310 -0.06736
-0.02834 -0.09744 -0.07609
0.15712 -0.10192 -0.06739
0.14675 -0.10167 -0.06226
0.19476 -0.10283 -0.10876
0.18851 -0.10268 -0.09693
0.15500 -0.10187 -0.04740
0.16394 -0.10209 -0.10447
0.00060 -0.09814 -0.07140
0.13210 -0.10132 -0.08385
-0.40214 -0.08696 0.12209
0.16118 0.04609 0.09895
