-0.18434 -0.12261 0.11138
-0.28163 -0.11864 -0.04799
-0.33852 -0.11864 0.07662
-0.30525 -0.11864 0.11992
-0.34021 -0.11864 0.10497
-0.35293 -0.11864 0.10278
-0.27427 -0.11864 -0.08212
-0.27128 -0.11864 -0.01249
-0.28624 -0.11864 -0.02598
-0.29938 -0.11864 0.02374
-0.32739 -0.11864 0.13462
-0.26260 -0.11864 0.00343
-0.31473 -0.11864 -0.00422
-0.33949 -0.11864 0.05662
-0.30829 -0.11864 0.04254
-0.28141 -0.11864 0.12316
-0.26574 -0.11864 -0.06799
-0.32358 -0.11864 0.10176
-0.11391 -0.09190 -0.15012
-0.05485 -0.07935 -0.15012
-0.13838 -0.06169 -0.15012
-0.07870 -0.08579 -0.15012
-0.03283 -0.06519 -0.15012
-0.09876 -0.06825 -0.15012
0.35812 -0.15217 -0.12193
0.09421 -0.12969 -0.02403
0.34095 -0.09668 -0.08681
0.30276 -0.09708 -0.12227
-0.29062 -0.02374 0.09921
-0.17582 -0.14322 -0.10442
-0.24743 -0.13887 0.11223
-0.17438 -0.12486 -0.05246
0.16271 0.14401 0.02469
-0.26156 -0.11796 0.12668
-0.27704 0.14212 -0.15357
0.13210 0.14096 -0.08887
0.13210 0.12596 -0.07116
0.13210 0.08629 -0.04054
0.13211 0.11082 -0.04931
0.13211 0.11034 -0.03620
0.13212 0.09523 0.00308
0.13210 0.10241 -0.06588
0.13212 0.09267 0.02108
0.13210 0.09423 -0.05374
-0.20422 -0.11385 0.00931
-0.42851 0.16608 0.06475
-0.39553 0.15721 0.09422
0.23930 -0.12133 0.13364
0.26654 -0.11980 0.12937
-0.40591 -0.10955 -0.09940
-0.23504 -0.03036 0.14926
-0.27601 -0.03677 0.14926
-0.07921 0.16420 0.14983
-0.13653 0.16748 -0.14848
-0.04630 0.16945 -0.14650
-0.34115 0.03726 0.14926
-0.29166 0.03792 0.14926
-0.35352 0.02090 0.14926
-0.29263 0.09779 0.14926
-0.28667 0.03543 0.14926
-0.23646 0.05820 0.14926
-0.28022 0.09600 0.14926
-0.24327 0.04626 0.14926
-0.29361 0.05245 0.14926
-0.32799 0.11834 0.14926
-0.36631 0.08441 0.14926
-0.32451 0.07930 0.14926
-0.26810 0.02794 0.14926
-0.36309 -0.01022 0.14926
-0.30979 0.01708 0.14926
-0.38386 0.04907 0.11179
-0.38131 -0.09812 -0.12393
-0.28537 0.04116 0.13160
0.37131 -0.10855 0.11576
-0.29213 0.02155 -0.13002
0.40573 -0.04534 -0.03628
0.35965 0.00356 0.02170
0.34872 -0.04628 -0.12345
0.04756 0.01996 -0.06451
0.13278 0.10614 0.06216
0.13278 0.10955 0.00221
-0.20682 -0.16303 -0.07810
0.30576 0.02336 0.08584
-0.17585 -0.10104 -0.10598
0.41233 -0.03429 0.07363
0.37910 -0.16202 -0.11886
0.19185 -0.08672 0.09990
0.26886 -0.11179 0.09915
0.30939 -0.06199 0.04039
0.23853 -0.05052 -0.08841
0.30173 -0.11621 -0.02697
0.37738 -0.09763 -0.03990
0.36163 -0.10512 -0.03320
0.34181 -0.09720 -0.04398
0.32270 -0.10543 -0.03679
0.20676 -0.07125 -0.02656
0.29735 -0.10279 -0.10861
-0.38131 -0.10626 0.11950
0.09471 -0.06053 -0.05999
0.08251 -0.06053 0.12396
0.13214 0.08184 0.10127
0.13212 0.07986 0.12086
0.13211 0.11324 0.13052
0.13210 0.07828 0.13501
0.27916 0.01578 0.00536
0.42041 -0.03637 0.01730
-0.15879 -0.14638 -0.10667
-0.38268 -0.04559 -0.06635
0.39404 -0.00332 -0.00272
-0.38131 0.02152 0.00717
-0.38131 0.09531 0.01634
0.32808 0.00931 0.02544
0.07970 -0.04775 -0.02801
-0.20294 0.02538 0.14926
-0.22162 0.01678 0.14926
0.29868 -0.14460 -0.10168
0.15316 -0.00072 -0.12234
0.28500 -0.02245 0.01617
0.04938 -0.01898 -0.05218
0.08272 -0.00352 -0.04158
0.16877 0.15104 -0.10985
-0.35375 -0.06053 0.11273
-0.33042 -0.06053 0.02583
-0.29875 -0.06053 0.06700
-0.28577 -0.06053 -0.06739
-0.36167 -0.06053 0.12340
-0.31078 -0.06053 0.09499
-0.30123 -0.06053 0.00753
-0.29110 -0.06053 0.09117
-0.33729 -0.06053 0.09616
-0.38131 -0.05813 0.08948
-0.38131 -0.05867 0.04158
0.17491 -0.00264 -0.07981
-0.22907 -0.07948 0.12214
0.42462 -0.08896 -0.01816
0.37189 -0.10937 -0.10627
-0.15637 0.10968 0.13946
0.32328 -0.04433 -0.10575
-0.27921 -0.05145 -0.12842
-0.27921 -0.04823 -0.11610
0.16482 -0.10973 -0.11700
-0.18060 0.11676 -0.13652
-0.17036 0.11894 -0.13652
-0.29470 0.14603 -0.13653
0.34832 -0.11120 -0.08871
0.41126 -0.10263 -0.09757
0.41683 -0.09434 -0.05807
0.32575 -0.03713 -0.05410
0.16453 -0.08388 0.11216
0.13970 0.08670 0.09642
-0.25683 -0.10249 -0.11480
-0.25114 -0.09046 -0.11342
-0.26286 -0.09420 -0.14695
-0.11570 0.02191 -0.15033
-0.04588 0.01061 -0.15033
-0.19268 0.01345 -0.15033
-0.07848 0.01534 -0.15033
-0.04591 0.03889 -0.15033
0.28703 -0.00482 -0.04091
-0.38131 0.14094 -0.11187
-0.38131 0.09406 -0.13734
-0.38131 0.07928 -0.13301
-0.38131 0.03176 -0.14277
-0.38131 0.15831 -0.13490
-0.31167 -0.02731 -0.06071
-0.38425 0.14974 -0.12185
0.29065 -0.01842 -0.04934
-0.08046 -0.04839 0.14926
-0.12908 -0.04152 0.14926
0.20775 0.09134 -0.02552
0.23373 0.09081 -0.02507
0.22601 0.08990 -0.05460
0.14783 -0.06360 -0.12465
-0.37513 0.11918 0.01416
-0.17142 -0.13886 0.00194
0.12845 -0.09241 -0.14758
-0.37875 0.00585 -0.09807
-0.17638 -0.01511 -0.15012
-0.13186 -0.02673 -0.15012
-0.04806 -0.02983 -0.15012
0.05937 -0.03764 -0.15012
-0.03258 -0.02907 -0.15012
0.38542 -0.03987 -0.03700
0.20339 -0.08253 0.03024
0.20802 -0.08263 0.01938
0.22722 -0.08302 0.04568
0.21079 -0.08269 0.00901
0.16754 -0.08176 0.04715
0.19002 -0.08223 0.05921
0.19406 -0.08234 0.01321
0.07082 -0.02960 -0.03279
-0.38131 0.13618 0.11020
-0.38131 0.12898 0.13790
-0.38131 0.06742 0.12081
0.03728 0.00631 -0.07705
-0.21674 -0.14954 0.13385
-0.20136 0.05174 -0.15393
-0.10117 -0.05769 0.08741
-0.23079 -0.04368 0.08741
0.37261 -0.11144 -0.11435
0.33324 -0.11941 -0.05796
0.24869 -0.08030 0.10922
0.20584 -0.07433 0.10931
0.27278 -0.08188 0.10920
-0.21017 -0.05985 0.10081
-0.19092 -0.05837 0.10855
0.25672 -0.04073 0.01994
0.15304 0.16994 -0.05296
-0.35527 0.00496 -0.12963
-0.37513 0.12546 -0.00614
0.07649 0.03863 0.13753
0.07715 -0.10043 0.13898
-0.17960 -0.09755 0.12416
0.33859 -0.13191 -0.08904
0.29948 0.04617 0.01209
0.26440 0.08032 0.02173
0.35328 -0.00131 -0.04438
0.40572 -0.00991 0.09505
-0.37513 0.09646 0.00196
-0.37513 -0.01006 0.02378
-0.37513 -0.04138 0.01139
0.27093 -0.01866 0.12266
0.23790 -0.00829 0.12250
-0.18954 -0.15367 0.09850
-0.37513 0.03709 0.06611
-0.37513 0.05178 0.07118
0.19586 0.09488 -0.04615
0.09303 0.11055 0.14926
0.11314 0.08787 0.14926
0.12078 0.08021 0.14926
0.09053 0.09813 0.14926
0.22516 -0.01659 -0.11035
0.19469 -0.01219 -0.11027
0.30559 0.01243 -0.10592
0.14395 0.16448 -0.07389
0.07453 -0.11864 0.07321
0.03475 -0.11864 0.06979
0.10475 -0.11864 -0.05372
-0.06310 -0.11864 0.14866
-0.03962 -0.11864 0.09264
0.06822 -0.11864 0.12243
0.12465 -0.11864 0.01775
0.01961 -0.11864 0.13302
-0.02613 -0.11864 0.08878
-0.04635 -0.11864 0.06618
-0.00752 -0.11864 0.14346
0.10578 -0.11864 -0.10757
0.12550 -0.11864 0.15124
0.02721 -0.11864 0.12236
0.11292 -0.11864 -0.03546
-0.03180 -0.11864 0.04138
0.08802 -0.11864 -0.02159
0.05561 -0.11864 0.11968
0.09314 -0.11864 0.14851
0.04542 -0.11864 0.03236
0.00588 -0.11864 -0.01159
0.04130 -0.11864 -0.00395
0.09029 -0.11864 -0.01407
-0.05302 -0.11864 0.12497
0.09364 -0.11864 0.12932
-0.01814 -0.11864 0.12696
0.04333 -0.11864 0.12417
-0.03709 -0.11864 0.04461
0.02439 -0.11864 0.12698
-0.00371 -0.11864 0.00338
-0.01404 -0.11864 0.05025
-0.06445 -0.11864 0.10268
0.11074 -0.11864 -0.06119
0.11238 -0.11864 0.13130
0.09148 -0.11864 -0.04002
0.10536 -0.11864 0.01155
0.05185 -0.11864 0.04370
0.07004 -0.11864 -0.08352
-0.01804 -0.11864 0.13985
-0.09993 -0.11864 0.12540
-0.22624 -0.13779 -0.13395
0.09486 0.13124 -0.12393
0.25542 -0.08355 0.09607
0.26060 -0.08366 0.09166
0.21643 -0.08277 0.07459
0.23891 -0.08324 0.06799
0.27674 -0.08402 0.06493
0.22831 -0.08299 0.09207
-0.19607 -0.17443 0.09204
0.20637 0.08233 0.10444
0.39519 -0.05297 0.08664
-0.18524 -0.09743 -0.11928
-0.26360 -0.12436 -0.05430
-0.38473 0.08869 0.12003
-0.16478 -0.15136 -0.14095
0.14280 0.09162 0.07065
0.12259 -0.13636 -0.01280
0.31742 -0.11275 0.11941
0.41246 -0.06239 0.03612
0.41233 -0.07702 -0.03386
0.41253 -0.05396 0.00475
0.41247 -0.06028 0.02883
-0.23549 0.05373 0.12791
-0.41249 -0.11663 -0.10656
0.21002 -0.03317 -0.11056
-0.37513 -0.03294 -0.04437
-0.37513 -0.06007 -0.07150
0.19080 0.07540 0.10397
0.09452 0.04733 0.11227
0.15266 -0.09121 0.12408
0.06083 0.16672 0.14838
-0.11736 0.16887 0.14623
0.02549 0.17026 0.14484
0.32029 -0.04498 0.11374
-0.16990 -0.11123 -0.08462
0.18781 -0.05694 0.05807
0.28774 -0.08359 -0.06628
-0.37513 -0.02681 -0.03142
-0.22951 -0.15346 0.10597
0.40702 -0.10900 -0.09070
-0.25738 -0.08747 0.15262
-0.25695 -0.02005 -0.08827
-0.27901 -0.04047 -0.08827
-0.25005 0.00297 -0.08827
-0.23682 -0.05757 -0.08827
-0.21297 -0.03492 -0.08827
-0.03936 -0.05566 -0.08827
-0.19267 -0.03338 -0.08827
-0.08732 -0.04499 -0.08827
-0.06071 -0.04031 -0.08827
0.00009 -0.05526 -0.08827
-0.09490 -0.04715 -0.08827
-0.21644 -0.05278 -0.08827
0.06339 -0.05540 -0.08827
-0.16019 -0.01724 -0.08827
-0.27875 0.00736 -0.08827
-0.37990 -0.06915 -0.10794
0.03782 0.03280 0.15314
0.02822 0.02997 0.15311
0.24896 -0.12401 -0.00363
-0.37513 0.00331 -0.12430
-0.37513 0.15790 -0.13040
-0.37513 0.02704 -0.13430
-0.37513 0.07089 -0.11620
-0.37513 0.11207 -0.11443
0.26805 -0.00056 0.10850
0.16537 -0.00635 0.12347
0.16532 0.05892 -0.10902
-0.38030 -0.10564 -0.15012
0.34529 -0.04352 -0.02016
0.28036 0.01302 0.04284
0.03001 -0.11779 -0.02417
0.30839 -0.05911 -0.12206
0.16087 0.08989 -0.06958
0.00965 -0.02772 -0.01334
-0.11692 0.10715 0.14064
-0.17633 -0.16853 -0.11731
-0.04963 -0.11589 -0.02704
0.13213 0.10294 0.08661
0.13211 0.13529 0.07232
0.13212 0.12403 0.05591
0.13214 0.08813 0.09926
0.13213 0.09826 0.05204
0.13210 0.15044 0.09151
0.13210 0.16342 -0.07074
0.13210 0.15187 -0.08017
0.13211 0.13830 0.05865
0.13212 0.12076 0.02514
0.13211 0.14792 0.08269
0.13210 0.15899 -0.02456
0.13211 0.13631 -0.02881
0.12660 0.08098 -0.03808
0.10754 0.08098 -0.03943
0.11656 0.08098 0.00025
0.12532 0.08098 -0.01389
0.25287 -0.06376 -0.02083
0.13207 0.03452 -0.12135
0.15203 0.03130 0.10868
0.16374 0.14508 -0.04327
0.28747 -0.01379 0.02035
0.03447 0.01231 -0.07860
0.03205 -0.03264 0.01611
0.13216 -0.03794 0.12558
-0.41270 -0.11311 0.13951
-0.37740 -0.11410 -0.01120
-0.37623 -0.11642 -0.07783
0.04329 0.03395 -0.07937
-0.24568 -0.06306 -0.14699
-0.38131 0.01755 -0.09915
-0.38131 0.03659 -0.10030
-0.34403 -0.03683 -0.08969
0.41250 -0.05220 0.04264
0.09421 0.07991 0.13565
0.08206 -0.05409 0.13568
-0.17638 -0.13958 -0.12259
-0.40101 -0.12161 0.11668
0.26266 0.05530 0.11164
-0.24173 0.07993 -0.13652
-0.24405 0.10707 -0.13652
-0.27212 0.10121 -0.13652
-0.26316 0.09350 -0.13652
-0.15622 0.16464 -0.15056
0.33761 -0.13007 0.03637
0.06342 -0.06581 0.12328
-0.00091 -0.07270 0.12328
-0.01436 -0.12565 -0.03548
-0.16740 0.13604 -0.15045
0.18196 -0.06237 -0.06264
-0.38131 -0.03954 -0.07940
-0.38131 -0.02720 -0.03536
0.38073 -0.00098 0.02003
-0.37973 0.13822 -0.14552
0.20750 -0.04624 -0.02454
-0.24745 -0.07540 -0.13253
0.41732 -0.03381 -0.07336
-0.06590 -0.05372 0.11666
-0.18176 -0.17093 0.08619
-0.37513 -0.02725 0.13315
-0.37513 0.15283 0.12443
-0.37513 0.05074 0.12875
-0.37513 0.11442 0.13068
-0.18474 -0.13973 0.11307
0.39240 -0.01644 -0.01200
-0.26258 0.14868 -0.15012
0.06093 0.15180 -0.15012
0.07460 0.16354 -0.15012
-0.19733 0.15445 -0.15012
-0.24992 0.14606 -0.15012
-0.01995 0.13305 -0.15012
-0.31234 0.16225 -0.15012
-0.05508 0.16227 -0.15012
-0.17016 0.15619 -0.15012
-0.18250 0.15375 -0.15012
-0.20831 0.14082 -0.15012
-0.27182 0.16302 -0.15012
-0.06629 0.16352 -0.15012
-0.03582 0.13902 -0.15012
-0.16220 -0.15765 0.12244
-0.38224 0.06396 0.06943
-0.37960 0.16755 -0.12991
0.28724 -0.00619 0.07352
0.08411 0.02893 -0.13651
0.01494 0.03560 -0.13651
-0.01134 0.08325 -0.13651
0.03470 0.11781 -0.13651
0.07014 0.11327 -0.13651
0.06345 0.05335 -0.13651
0.01691 0.11098 -0.13651
-0.00154 0.10968 -0.13651
0.04149 0.11943 -0.13651
0.01029 0.05671 -0.13651
-0.01277 0.05728 -0.13651
0.02195 0.12186 -0.13651
0.08380 0.07913 -0.13651
-0.02128 0.07871 -0.13651
0.08196 0.12453 -0.13651
0.06799 0.09704 -0.13651
-0.28855 -0.01896 0.07325
-0.21466 -0.12322 0.11198
0.17011 0.17108 -0.02998
0.23630 0.09126 0.00027
0.19755 -0.11492 0.10057
0.03854 -0.04285 0.14926
0.03047 -0.04275 0.14926
-0.00363 -0.08488 0.14926
-0.17193 -0.11575 0.09840
0.24837 -0.07493 -0.12396
-0.28327 0.12933 0.15268
-0.38131 0.09969 -0.08691
-0.20430 -0.13772 -0.00457
-0.37562 -0.05784 -0.00043
0.28756 -0.02369 -0.02029
0.29211 -0.02388 -0.01243
0.29437 -0.02455 0.03271
0.21075 0.08713 -0.08494
-0.39221 0.14335 -0.01142
0.17525 -0.00985 0.12612
-0.38780 0.13596 -0.05165
-0.27921 -0.04253 0.13453
0.25471 -0.05380 -0.10886
0.27017 -0.04716 -0.10865
-0.00950 0.01608 0.14926
-0.17398 -0.13600 -0.13730
0.17444 0.06451 -0.10520
0.01539 0.04358 -0.15012
0.08615 0.07603 -0.15012
0.09512 0.03625 -0.15012
0.12233 0.06886 -0.15012
-0.00482 0.03919 -0.15012
0.03643 0.05515 -0.15012
-0.04383 0.06934 -0.15012
0.10175 0.11061 -0.15012
-0.08338 0.04775 -0.15012
-0.02347 0.03584 -0.15012
0.07112 0.06694 -0.15012
0.05278 0.02350 -0.15012
0.06638 0.11569 -0.15012
0.08673 0.01215 -0.15012
0.02215 0.05617 -0.15012
-0.03061 0.07021 -0.15012
0.04949 0.07653 -0.15012
0.06347 0.09692 -0.15012
0.08699 0.12096 -0.15012
0.10597 0.02047 -0.15012
0.10156 0.01717 -0.15012
0.37331 -0.03637 -0.10182
-0.24153 0.02220 -0.15033
-0.23085 0.02922 -0.15033
-0.23226 0.02302 -0.15033
-0.17530 0.03481 -0.15033
-0.24048 0.00886 -0.15033
-0.12976 0.03985 -0.15033
-0.41746 -0.12045 -0.11637
0.01819 -0.02311 0.13565
0.03433 -0.02229 0.13565
-0.00901 -0.10173 0.13565
0.34071 -0.12158 -0.05640
0.18500 0.15393 0.07195
0.00811 0.06513 0.13565
0.01430 -0.03848 -0.08827
-0.19523 0.00508 -0.08827
-0.01097 -0.01004 -0.08827
-0.03439 0.01438 -0.08827
0.06916 -0.02521 -0.08827
-0.06644 0.00395 -0.08827
0.01943 -0.02258 -0.08827
0.00606 -0.01200 -0.08827
-0.01636 0.01054 -0.08827
0.08380 -0.00539 -0.08827
0.09055 -0.04369 -0.08827
0.09456 0.01100 -0.08827
0.05304 -0.00275 -0.08827
0.24304 0.08341 0.07476
0.04381 0.02920 0.15315
0.03962 0.04644 0.15314
0.22410 -0.12778 -0.02189
0.13208 0.02211 -0.11629
0.34309 -0.17445 -0.11454
-0.17136 0.04085 0.14946
-0.22811 0.01810 0.14946
-0.12195 0.04606 0.14946
-0.25791 0.03350 0.14946
-0.20907 0.04582 0.14946
-0.20221 0.04428 0.14946
0.13877 0.08723 -0.00021
0.41499 -0.09128 -0.05192
-0.40566 0.16254 0.02548
-0.20773 -0.05614 -0.12328
-0.20367 -0.05273 -0.14306
0.05122 0.01745 -0.11555
0.01083 0.01745 -0.09675
-0.12244 0.01745 -0.09106
-0.02590 0.01745 -0.09496
-0.01548 0.01745 -0.10287
0.05828 0.01745 -0.12589
-0.08141 0.01745 -0.09331
-0.09922 0.01745 -0.10869
0.25319 0.08928 0.03441
0.39185 -0.07979 0.06903
0.27915 -0.04245 -0.02529
0.05220 -0.05500 0.01048
0.15208 0.14751 -0.00830
0.41862 -0.05200 0.03379
0.30588 -0.02557 -0.09786
0.31158 -0.02554 -0.08748
0.08970 -0.07013 -0.15012
0.11655 -0.06274 -0.15012
0.09305 -0.08510 -0.15012
-0.03914 -0.09525 -0.15012
-0.07310 -0.10374 -0.15012
0.07494 -0.08326 -0.15012
-0.03345 -0.08903 -0.15012
0.10298 -0.04636 -0.15012
0.12308 -0.04864 -0.15012
0.20279 0.09389 -0.06523
0.31070 -0.06252 -0.10118
-0.27227 0.15827 0.13568
0.02479 0.15883 0.13566
-0.10429 0.12308 0.13566
-0.15612 0.15773 0.13567
-0.14444 0.16040 0.13567
-0.25927 0.14875 0.13568
0.04115 0.15356 0.13565
-0.16714 0.14257 0.13567
-0.05919 0.16370 0.13567
-0.21180 0.13880 0.13567
-0.21993 0.16392 0.13568
-0.11190 0.13818 0.13566
-0.38018 0.04784 0.12190
0.01797 -0.10626 0.15171
0.13237 -0.03411 -0.12168
0.11020 0.05298 -0.09864
0.10023 0.05623 -0.09671
0.13472 -0.09391 -0.01174
0.13472 -0.10163 -0.12458
0.13472 -0.10526 -0.08468
0.13472 -0.10408 -0.09473
0.13472 -0.09129 0.03295
0.13472 -0.10764 -0.05599
-0.19794 -0.15234 -0.08829
0.28471 -0.01941 -0.11023
0.24919 -0.01414 -0.11018
0.31808 -0.01790 -0.03298
0.39121 -0.03885 -0.01190
-0.19596 -0.10981 -0.00216
0.20174 -0.04966 -0.10962
0.23189 -0.07189 -0.10928
0.39337 -0.10381 0.11010
0.42432 -0.10254 -0.08885
-0.17562 -0.14405 0.13749
0.41752 -0.03362 0.05178
0.22776 -0.13010 0.13628
-0.06387 -0.05020 -0.15261
0.16237 0.14545 -0.09596
0.18807 -0.05808 0.07668
-0.22253 0.04880 0.13566
-0.26452 0.07004 0.13567
-0.34893 0.14469 0.13569
-0.25531 0.04039 0.13566
-0.28141 0.02315 0.13567
-0.26582 0.08111 0.13567
-0.25838 0.00938 0.13566
-0.27120 -0.01315 0.13567
-0.25315 0.00535 0.13566
-0.30991 0.09716 0.13568
-0.24239 0.06686 0.13566
-0.22381 0.05448 0.13566
0.38795 -0.00456 0.07329
0.29838 -0.01361 0.02497
-0.24302 -0.05114 0.05369
0.42736 -0.09777 0.05357
-0.21126 -0.11183 -0.00066
0.32095 -0.03765 0.12129
-0.22857 -0.05163 -0.15156
0.15443 -0.03167 -0.12365
0.28372 -0.05280 -0.12461
0.25463 -0.05155 -0.12511
0.33998 -0.08579 0.09475
-0.13181 -0.04103 0.08741
-0.07015 -0.05415 0.08741
0.30601 -0.01834 -0.11579
-0.35834 -0.05732 -0.06805
-0.38131 0.10767 0.03766
-0.38131 0.12450 0.05060
0.14396 0.15258 0.08609
-0.20480 -0.05097 0.15262
0.12357 -0.12248 0.06411
0.12201 -0.12092 0.03338
0.12027 -0.11918 -0.10179
-0.08765 -0.12669 0.00546
0.42262 -0.04213 0.06131
0.24023 0.02878 0.17902
0.14867 -0.08136 0.11370
-0.04512 -0.04892 -0.15012
-0.14848 -0.04312 -0.15012
0.01104 -0.04481 -0.15012
0.40540 -0.02099 -0.02870
0.13632 0.02486 0.11507
0.35409 -0.10517 -0.07104
0.32676 -0.02940 0.06112
0.32677 -0.02827 0.09741
0.41863 -0.08299 0.01126
0.41693 -0.08894 -0.02327
0.28486 -0.10447 0.08114
-0.27891 -0.03242 0.07502
-0.38268 -0.03115 -0.06953
0.35382 -0.01892 0.06581
0.18911 -0.08082 0.12311
-0.23710 -0.08855 0.13425
0.33711 -0.13464 0.07004
0.40483 -0.10623 -0.05603
0.15976 0.04446 -0.10637
-0.07960 -0.11534 -0.03665
-0.15680 -0.13940 -0.07987
-0.28539 0.16584 -0.12163
-0.12980 0.16584 -0.04263
-0.26064 0.16584 -0.13088
-0.31253 0.16584 -0.05751
-0.36415 0.16584 0.09016
-0.34958 0.16584 0.02424
-0.27252 0.16584 -0.11346
-0.08319 0.16584 -0.10249
-0.21078 0.16584 -0.01854
-0.25730 0.16584 -0.11577
-0.37400 0.16584 0.09784
-0.28347 0.16584 -0.02534
-0.33784 0.16584 -0.08272
-0.23431 0.16584 -0.06630
-0.34711 0.16584 -0.07604
-0.36811 0.16584 0.13044
-0.35197 0.16584 -0.01774
-0.33848 0.16584 -0.04348
-0.30525 0.16584 0.01676
-0.00991 0.16584 -0.08642
-0.21696 0.16584 0.01827
-0.17405 0.16584 -0.08651
-0.19987 0.16584 -0.03370
-0.28071 0.16584 -0.03099
-0.32895 0.16584 -0.02548
-0.05787 0.16584 -0.12531
-0.20314 0.16584 -0.06157
0.03363 0.16584 -0.10109
-0.28989 0.16584 0.07788
-0.29063 0.16584 0.03203
-0.29452 0.16584 -0.08544
-0.31633 0.16584 -0.02489
-0.03036 0.16584 -0.08310
-0.20942 0.16584 -0.12625
-0.24819 0.16584 -0.09718
-0.04719 0.16584 -0.07302
-0.31659 0.16584 0.06748
-0.36672 0.16584 0.06085
-0.16857 0.16584 -0.06593
-0.04645 0.16584 -0.11070
-0.21556 0.16584 -0.12335
-0.06425 0.16584 -0.11731
-0.27287 0.16584 0.03777
-0.09160 0.16584 -0.06926
-0.22530 0.16584 -0.05942
-0.16604 0.16584 -0.13296
-0.05672 0.16584 -0.09665
-0.26182 0.16584 0.03490
-0.20997 0.16584 0.01364
-0.27400 0.16584 0.00670
-0.36567 0.16584 0.11023
-0.15840 0.16584 -0.09209
-0.13609 0.16584 -0.12840
-0.09212 0.16584 -0.03890
-0.35131 0.16584 -0.04877
-0.27152 0.16584 -0.04316
-0.26641 0.16584 -0.10748
-0.34264 0.16584 -0.07064
-0.05672 0.16584 -0.06507
0.06502 0.16584 -0.11998
-0.18119 0.16584 -0.04778
-0.12108 0.16584 -0.05105
-0.34035 0.16584 -0.03539
-0.20950 0.16584 0.03896
0.37909 -0.04490 0.05287
-0.11700 0.05205 -0.14322
-0.38471 0.06599 0.11098
0.17667 -0.07433 0.10883
-0.27485 0.13018 0.15223
0.14520 -0.13699 -0.03346
0.19311 0.08769 0.08379
-0.15294 -0.08059 0.15206
-0.11984 -0.11350 -0.15260
-0.04144 -0.11464 -0.15260
0.39840 -0.03291 -0.01858
-0.22810 0.12087 0.13566
-0.27691 0.13559 0.13567
0.32428 0.02077 0.02399
0.31059 0.03422 0.02638
0.32708 0.01922 0.00569
-0.01633 -0.08271 0.14921
-0.01439 -0.03756 0.14489
0.13589 0.05620 0.10490
0.16912 -0.10153 0.11030
0.00599 -0.12440 -0.02802
-0.16858 -0.05840 0.14170
0.17772 -0.00106 0.10903
0.29175 -0.02516 -0.09139
0.33718 -0.13921 0.05757
0.34595 -0.10631 0.09530
0.29463 -0.07716 0.03931
0.23426 0.08335 -0.04897
-0.39271 -0.10181 0.12580
-0.28226 -0.05456 0.05611
0.18581 0.08738 -0.09877
-0.29231 -0.06053 -0.06432
-0.36637 -0.06053 -0.12750
-0.32315 -0.06053 -0.10794
-0.37039 -0.06053 0.02729
-0.33416 -0.06053 -0.03741
-0.35906 -0.06053 -0.02247
-0.31691 -0.06053 -0.03002
-0.33845 -0.06053 0.01908
-0.33227 -0.06053 -0.00884
-0.31034 -0.06053 -0.10235
-0.37084 -0.06053 -0.02521
-0.35785 -0.06053 0.04609
-0.35124 -0.06053 -0.01080
-0.33110 -0.06053 -0.08620
0.17434 0.00259 0.05345
0.20699 0.09162 -0.01800
0.20219 0.09156 -0.02233
0.17874 -0.00809 -0.09240
-0.37630 0.17084 0.00879
-0.37764 0.16951 0.04864
-0.28972 -0.03182 0.11322
0.41840 -0.05772 0.05523
0.37963 -0.08393 -0.10277
0.15961 -0.13151 -0.04295
0.37549 -0.02155 0.11967
-0.28204 -0.00980 0.12376
0.28552 -0.11243 -0.11263
0.28565 -0.11186 -0.04815
0.28595 -0.11058 0.01727
0.28363 -0.12067 -0.10673
0.28241 -0.12598 -0.10871
0.03474 0.06645 0.14803
0.03324 0.07913 0.14803
-0.20911 -0.12772 0.05246
0.15483 0.14644 0.03794
0.22652 0.09479 -0.02956
0.16698 0.00119 -0.06596
0.07480 -0.02362 0.14926
-0.22734 -0.09497 0.13875
0.33562 -0.04351 0.02054
0.35273 -0.01773 -0.08344
-0.21090 -0.15395 -0.08563
0.13278 0.11961 -0.06535
0.13278 0.12813 -0.03593
0.41098 -0.09454 0.11052
0.29685 -0.07455 -0.08398
0.09481 0.10857 0.12927
0.09488 -0.00925 0.13269
0.09475 -0.02159 0.12535
-0.39229 -0.06915 0.11609
-0.00863 -0.12557 -0.00257
0.41593 -0.03663 0.11837
0.36645 -0.09770 0.10533
0.17201 0.17086 0.04562
0.08048 0.00054 0.14629
-0.21785 -0.07948 0.10506
0.07936 0.04935 0.14384
-0.16281 -0.09085 0.10170
0.28153 -0.10019 0.10808
0.10434 0.13837 0.14926
0.05872 0.12909 0.14926
0.02839 0.11388 0.14926
-0.29986 0.04182 -0.15033
-0.31301 0.04315 -0.15033
-0.32041 0.05513 -0.15033
0.40892 -0.02103 -0.04906
0.21736 0.09607 -0.04841
-0.09121 0.17178 0.14332
-0.33175 0.16714 0.14796
-0.26725 0.16952 0.14558
-0.40721 0.15187 0.04472
0.00304 0.03909 0.14926
0.35382 -0.01966 0.08353
0.29089 0.04650 -0.06385
0.26690 0.07541 -0.04482
-0.38166 0.11765 0.13473
-0.25115 -0.11074 0.11753
0.20499 0.09144 0.02578
0.22793 0.09081 0.03267
0.32265 -0.10362 0.11659
0.36391 -0.00936 0.01682
0.16704 0.04471 -0.05721
0.16196 -0.11864 -0.04714
0.14629 -0.11864 -0.08371
0.13664 -0.11864 -0.10693
0.17360 -0.11864 0.01762
0.22734 -0.11864 -0.06581
0.13978 -0.11864 -0.11838
0.21228 -0.11864 -0.04750
0.14299 -0.11864 -0.06292
0.13085 -0.11864 0.00813
0.23212 -0.11864 -0.07128
0.12440 -0.11864 -0.09746
0.18275 -0.11864 -0.06916
0.17077 -0.11864 0.03878
0.15849 -0.11864 -0.05887
0.17593 -0.11864 0.00952
0.13865 -0.11864 -0.03122
0.20588 -0.11864 -0.06550
0.19346 -0.11864 -0.06519
0.14335 -0.11864 -0.09643
0.11984 -0.11864 -0.02529
0.14854 -0.11864 -0.05437
0.15371 -0.11864 -0.02939
0.19371 -0.11864 -0.02526
0.14851 -0.11864 0.02304
0.25894 -0.11864 -0.11660
0.10297 -0.03142 -0.09379
0.10275 -0.00630 -0.09363
0.28545 -0.02090 0.00662
0.40292 -0.01248 -0.10893
0.02786 0.00849 -0.15012
-0.03318 0.02349 -0.15012
-0.10876 0.01604 -0.15012
0.00387 0.02506 -0.15012
0.04931 0.00806 -0.15012
-0.16348 0.00247 -0.15012
-0.05978 0.03492 -0.15012
-0.09343 0.03096 -0.15012
0.13989 -0.08061 0.12328
0.22933 0.04401 0.10853
-0.24205 -0.04436 0.05657
-0.37669 0.01407 -0.03232
0.01830 -0.11864 -0.10223
-0.00163 -0.11864 -0.14793
0.08958 -0.11864 -0.11957
-0.13641 -0.11864 -0.01665
-0.08957 -0.11864 0.06337
0.11484 -0.11864 -0.14310
-0.02607 -0.11864 -0.04334
-0.13196 -0.11864 -0.02973
0.00384 -0.11864 -0.11574
-0.01242 -0.11864 -0.05081
-0.10149 -0.11864 0.05981
-0.05484 -0.11864 0.00082
0.00140 -0.11864 -0.05629
-0.03449 -0.11864 0.00726
-0.07596 -0.11864 -0.01439
-0.07996 -0.11864 0.06089
0.05758 -0.11864 -0.09046
-0.09334 -0.11864 -0.03335
-0.03083 -0.11864 -0.14736
0.03747 -0.11864 -0.14575
-0.08860 -0.11864 0.03385
-0.06733 -0.11864 -0.05803
0.04696 -0.11864 -0.14611
0.10772 -0.11864 -0.14394
-0.04852 -0.11864 -0.09424
-0.08675 -0.11864 0.07783
-0.01630 -0.11864 -0.06009
-0.08002 -0.11864 -0.09182
-0.08636 -0.11864 -0.03378
-0.09445 -0.11864 -0.13482
-0.13235 -0.11864 -0.12957
0.01716 -0.11864 -0.05576
-0.07393 -0.11864 -0.06346
-0.13213 -0.11864 0.07797
0.02117 -0.11864 -0.12483
0.04890 -0.11864 -0.09311
0.02409 -0.11864 -0.11497
0.04519 -0.11864 -0.12927
-0.09278 -0.11864 -0.00718
-0.10189 -0.11864 0.02286
0.28374 0.06192 -0.00891
0.31144 0.03321 -0.02811
0.25082 0.00545 -0.12063
-0.00018 -0.10623 -0.15171
0.36422 -0.09903 0.12007
-0.13780 0.09730 -0.15393
-0.20014 0.09238 -0.15393
-0.12352 0.10340 -0.15393
-0.37513 -0.05911 0.07695
-0.37513 -0.05848 0.05058
-0.13335 -0.12356 0.00140
-0.38826 0.14332 -0.05722
0.37258 -0.02762 -0.00867
0.18634 0.15788 -0.10768
-0.37797 -0.06053 -0.03017
0.04167 0.08071 0.13762
-0.37513 0.06632 0.09801
-0.37513 -0.01579 0.11255
-0.37513 0.09650 0.09450
-0.37513 -0.02511 0.12729
0.35417 -0.12894 0.02388
0.15281 -0.10478 -0.10236
-0.38018 0.08595 0.02895
0.14863 0.03985 0.11511
0.10462 0.00820 0.14926
0.08535 0.04603 0.14926
-0.21208 -0.13760 0.00093
0.33777 -0.09074 0.09888
-0.36143 -0.04845 -0.07594
-0.39935 0.17224 0.06689
-0.26304 -0.09499 0.14897
0.17760 0.09687 0.00970
-0.39311 -0.11443 0.05805
-0.40819 -0.11443 0.06575
-0.38265 -0.11443 0.06065
-0.38769 -0.11443 0.06730
0.14217 0.15577 -0.01964
-0.21638 -0.15443 0.10877
-0.29027 -0.03690 0.05734
0.41961 -0.03997 0.08860
0.14693 0.15778 -0.03021
0.16457 -0.10467 0.10226
0.38914 -0.03727 -0.11940
0.17099 -0.00937 -0.09195
-0.01943 0.08721 0.13565
-0.06749 0.01785 0.13565
-0.07702 0.05211 0.13565
-0.05246 0.06205 0.13565
-0.05229 0.04527 0.13565
-0.04499 0.06109 0.13565
0.27787 0.06261 0.05791
0.16214 0.17160 0.06967
-0.37513 0.07227 -0.01818
-0.37513 0.05328 -0.03302
-0.37535 -0.10299 0.14926
0.37735 -0.02763 0.10332
-0.40468 -0.12161 -0.14139
0.12907 -0.13232 -0.02150
0.19307 -0.07006 -0.09053
-0.29709 0.12965 0.14926
-0.25773 0.09413 0.14926
-0.23687 0.09327 0.14926
-0.36134 0.15912 0.14926
-0.34010 0.14136 0.14926
0.13233 -0.08087 -0.12019
-0.22475 -0.10561 0.11173
-0.15160 -0.10664 0.08420
0.38199 -0.03634 -0.07793
-0.23094 -0.13600 -0.12089
0.35912 -0.04250 -0.04089
-0.17136 -0.08018 -0.12815
0.19304 0.09355 -0.07305
0.03061 0.01023 -0.07540
-0.37687 0.10267 -0.09620
-0.35922 0.00334 -0.11624
0.06450 -0.02586 -0.00324
-0.38268 0.11166 -0.07175
0.33987 -0.16755 0.09522
-0.38131 -0.01602 -0.01613
-0.38131 -0.01340 -0.00904
0.42316 -0.03272 0.07425
-0.23512 -0.12708 -0.07919
0.13182 0.06946 -0.10190
0.40392 -0.04263 0.10475
0.32906 -0.02535 0.03532
-0.06652 -0.06053 0.07914
-0.00679 -0.06053 -0.05068
-0.12677 -0.06053 0.03418
-0.09201 -0.06053 0.03917
-0.21315 -0.06053 -0.05424
0.04109 -0.06053 -0.03713
-0.04026 -0.06053 -0.06018
-0.12588 -0.06053 -0.06953
-0.25156 -0.06053 -0.06927
-0.01913 -0.06053 -0.00935
-0.08760 -0.06053 0.00883
-0.22941 -0.06053 -0.04771
-0.13515 -0.06053 -0.00038
-0.01659 -0.06053 -0.08053
-0.00952 -0.06053 -0.01346
-0.01544 -0.06053 -0.03861
-0.08675 -0.06053 -0.06393
0.04809 -0.06053 -0.05574
-0.10417 -0.06053 -0.01721
0.01330 -0.06053 -0.04725
-0.22798 -0.06053 -0.08648
0.02944 -0.06053 -0.01718
0.03074 -0.06053 -0.07731
-0.19486 -0.06053 -0.05534
-0.18105 -0.06053 -0.00750
-0.11069 -0.06053 -0.03979
-0.01973 -0.06053 -0.07571
-0.20886 -0.06053 -0.07130
-0.00350 -0.06053 -0.02067
-0.19321 -0.06053 -0.07861
-0.07112 -0.06053 -0.03148
-0.07080 -0.06053 0.06403
-0.01512 -0.06053 -0.05433
-0.14717 -0.06053 -0.03340
0.22288 -0.10123 -0.12157
-0.02323 0.10839 -0.15012
0.07705 0.14246 -0.15012
-0.09165 0.06094 -0.15012
-0.07303 0.08955 -0.15012
-0.02351 0.12716 -0.15012
0.10616 0.15923 -0.15012
-0.08566 0.06729 -0.15012
0.09928 0.15409 -0.15012
0.18044 -0.05182 0.06462
-0.21526 -0.17235 0.12058
-0.06292 0.16413 0.14981
0.24688 -0.07450 0.08069
0.13499 0.08106 0.02727
-0.23114 -0.02899 0.06519
0.25430 -0.10972 0.09937
0.19537 -0.10896 0.10043
-0.24035 -0.12244 -0.14203
-0.38405 0.14020 -0.09158
0.16139 -0.08168 -0.07968
0.14143 -0.08172 -0.00818
-0.07135 -0.12389 -0.03266
0.33487 -0.14164 0.07867
0.36234 -0.04700 -0.04831
0.29193 -0.03278 0.02627
0.27080 -0.05789 -0.11021
-0.14731 -0.09100 -0.15349
0.30448 -0.02517 0.11103
0.24206 0.07359 0.09116
0.28401 0.03402 0.10649
-0.22148 -0.05092 0.10254
0.22999 0.09485 0.00138
0.25087 -0.05170 0.04580
0.31863 0.00860 0.08439
-0.20718 -0.09041 0.11343
0.24919 0.01653 0.10742
0.37208 -0.04617 -0.00974
0.05377 -0.03586 -0.01514
-0.29485 0.12066 -0.15012
-0.27358 0.10661 -0.15012
-0.22470 0.10758 -0.15012
-0.28508 0.10385 -0.15012
-0.23652 0.07626 -0.15012
-0.23786 -0.10158 -0.07858
-0.38131 -0.02592 0.02536
-0.38131 -0.02682 0.09513
0.26450 -0.10829 -0.01087
0.05717 -0.10922 0.15174
-0.00913 -0.11109 0.15174
-0.38131 -0.03262 -0.10643
-0.14131 -0.10078 -0.13921
-0.20997 -0.04655 0.14192
0.36176 -0.04662 -0.02955
-0.18631 -0.14954 0.13779
0.33798 -0.08153 0.06747
0.28854 -0.09717 0.07871
0.32568 -0.08387 0.07468
0.17288 -0.02451 0.06243
-0.14382 -0.09009 0.14359
0.40586 -0.09845 -0.12635
0.16445 -0.07457 0.11804
-0.29781 -0.04534 -0.06055
0.20711 -0.11405 -0.11786
0.34919 -0.03050 0.12104
0.36994 -0.00204 -0.10642
-0.19705 -0.15479 0.11141
0.42229 -0.08888 0.04687
0.18221 -0.00249 0.08415
0.35082 -0.01875 0.05579
0.11763 -0.00487 0.11471
-0.18322 -0.14659 0.11898
-0.16290 -0.13281 -0.07816
0.38048 -0.02902 0.05221
0.42030 -0.07221 -0.04902
0.12383 -0.12274 -0.12450
0.13180 -0.13071 -0.12972
0.12890 -0.12782 0.04124
0.22269 -0.02440 0.12418
-0.28817 0.04880 -0.15012
-0.31526 0.12133 -0.15012
-0.25894 0.03784 -0.15012
-0.26790 0.03709 -0.15012
-0.31724 0.07386 -0.15012
-0.32163 0.06323 -0.15012
-0.36137 -0.00770 -0.15012
-0.33982 0.10824 -0.15012
-0.26444 0.06974 -0.15012
-0.21989 0.04783 -0.15012
-0.29847 0.05386 -0.15012
-0.31949 0.11001 -0.15012
-0.31471 0.06541 -0.15012
-0.35320 0.04110 -0.15012
-0.32622 0.06655 -0.15012
-0.37135 0.11407 -0.15012
0.18518 0.16259 -0.07659
0.34324 -0.01933 0.10375
0.25794 0.06663 -0.10170
0.15389 0.14680 -0.09035
0.28403 0.01230 0.01110
0.23333 -0.05509 -0.07763
-0.38474 0.06298 -0.12274
0.39076 -0.03850 0.03523
0.19564 -0.01531 -0.12523
0.34165 -0.05604 0.10429
0.07683 0.09120 0.13566
0.16511 -0.01328 -0.12059
0.14775 -0.01696 0.12380
-0.39492 -0.07939 -0.10759
-0.39492 -0.10422 -0.11225
-0.26140 -0.02008 0.11558
0.10239 -0.11528 -0.15260
0.07552 -0.10678 -0.15260
0.41412 -0.09846 0.00984
0.19176 -0.05744 -0.06852
0.22575 -0.10780 0.11874
0.18435 -0.09701 0.12230
-0.17076 -0.13670 -0.12444
0.32845 0.00657 0.07191
0.28776 -0.01229 0.03848
-0.37843 0.09200 -0.00043
-0.22268 -0.01982 0.06864
0.15330 -0.04963 0.11632
0.13055 0.16738 -0.03973
0.13152 0.16642 -0.01245
-0.37675 -0.06747 0.14681
-0.17119 -0.12657 -0.13681
0.33106 -0.03567 -0.01735
0.41278 -0.02449 0.00276
0.41257 -0.04959 -0.04697
0.41271 -0.03214 -0.00176
0.41267 -0.03755 -0.03159
0.31951 -0.10762 -0.11988
0.18131 -0.00787 -0.12824
0.41842 -0.06158 0.11116
-0.38131 -0.05161 0.12447
-0.25425 -0.07514 0.09978
-0.23565 -0.07603 0.09978
-0.24891 -0.11085 0.09978
-0.20980 -0.10348 0.09978
-0.26080 -0.06790 0.09978
-0.39248 -0.11913 0.13319
-0.26858 0.05025 0.12776
0.41747 -0.05956 -0.01567
0.06557 -0.01736 -0.15012
0.11732 -0.02213 -0.15012
-0.01367 -0.00834 -0.15012
-0.04566 -0.01178 -0.15012
-0.00067 -0.01093 -0.15012
-0.13218 -0.00428 -0.15012
0.01362 -0.02030 -0.15012
0.25965 -0.02958 -0.12414
-0.18592 -0.09311 0.13245
-0.21257 0.05212 0.14532
-0.16160 -0.12942 0.10616
0.33564 -0.02289 -0.11026
-0.22104 -0.07823 0.13542
-0.00478 -0.01522 0.15053
0.40848 -0.02245 0.04521
0.16567 0.01026 -0.05595
0.18954 -0.02362 0.08746
0.38285 -0.01904 -0.09068
0.27310 -0.05413 0.02512
0.39027 -0.09693 -0.10739
-0.25781 -0.01087 0.14926
-0.31158 -0.01956 0.14926
0.13379 0.08112 -0.07408
-0.38473 -0.00237 -0.01846
0.13000 0.03399 -0.14603
0.16692 0.03331 -0.10861
-0.39953 0.16404 0.02548
0.33890 -0.10386 -0.09633
0.37402 -0.10671 -0.12262
-0.24430 0.03829 0.13460
-0.17187 -0.11594 -0.09158
-0.17358 -0.14131 -0.13631
0.10024 -0.02451 0.14926
0.41944 -0.01993 -0.04913
-0.22495 -0.10041 0.09052
-0.00032 0.04816 0.13565
0.29057 -0.08183 0.02200
0.19823 0.08487 0.09823
0.27877 -0.03484 0.10970
-0.38131 -0.00173 0.08079
-0.38131 -0.01514 0.08885
-0.38131 0.10123 0.09451
0.40075 -0.01116 -0.01367
-0.38304 0.02223 0.05090
-0.38326 -0.00874 0.05443
0.18485 0.15351 -0.02896
0.13149 -0.11258 0.04246
0.13109 -0.11209 0.00509
0.16495 -0.07121 -0.11022
0.19856 -0.05663 -0.11036
0.17445 -0.05788 -0.11036
0.03304 -0.10627 0.14727
0.21182 -0.08629 -0.12492
-0.17452 -0.08668 0.13819
0.40482 -0.06247 0.00142
0.40495 -0.04686 0.02035
0.40472 -0.07368 0.04118
0.40469 -0.07809 0.05382
0.17166 0.17090 -0.00541
0.41828 -0.04626 0.11409
-0.17444 -0.13699 0.08089
-0.26904 0.08138 -0.13652
-0.25074 0.04504 -0.13652
-0.29661 0.10166 -0.13652
-0.36614 0.15393 -0.13653
-0.31257 0.09028 -0.13653
-0.27231 0.03712 -0.13652
-0.32943 0.10228 -0.13653
0.18629 -0.07233 -0.06089
0.23873 -0.05370 -0.05427
-0.38268 0.11081 0.01087
0.24903 0.07609 0.03609
0.05965 -0.05991 0.14926
0.03616 -0.09312 0.14926
0.02822 -0.08296 0.14926
0.39671 -0.13147 0.11392
0.03861 0.03022 0.14803
0.28612 -0.08702 0.12300
0.13389 -0.12679 -0.00446
0.35365 -0.10258 -0.08797
0.41930 -0.07122 0.07913
0.12591 -0.10777 -0.11793
0.12591 -0.10844 -0.07457
-0.38131 -0.00472 -0.10258
-0.38131 -0.01724 -0.11692
-0.38131 0.00374 -0.10846
0.32494 -0.12089 0.05710
0.28935 0.00744 0.01223
0.27086 -0.11705 -0.11018
0.23338 -0.11859 -0.08247
0.18277 -0.11917 -0.10960
0.15798 -0.11963 -0.11561
-0.24461 -0.03138 0.07059
0.33920 -0.10087 -0.12825
0.08325 -0.01725 -0.03310
-0.37828 0.00881 0.09674
-0.40813 0.17422 0.07703
0.14789 0.16793 0.10842
-0.24735 -0.14643 0.12090
0.04741 0.12886 0.15264
0.15736 0.00379 -0.12191
0.36407 -0.03562 -0.10163
0.35501 -0.01063 -0.10677
-0.15440 -0.14590 -0.11713
0.41861 -0.05689 0.08033
-0.24730 -0.11130 -0.11360
-0.42023 0.15054 0.10172
-0.20381 0.17201 0.14178
-0.15016 0.17201 0.12662
-0.12066 0.17201 0.12805
-0.03569 0.17201 0.08324
-0.08934 0.17201 0.10364
-0.21377 0.17201 0.09215
-0.22065 0.17201 0.09272
-0.25157 0.17201 0.14166
-0.02653 0.17201 0.08929
-0.14037 0.17201 0.02321
-0.28914 0.17201 0.11867
-0.09933 0.17201 0.06833
-0.10796 0.17201 0.08771
-0.04585 0.17201 0.06798
-0.25256 0.17201 0.09447
-0.03680 0.17201 0.13754
-0.12029 0.17201 0.08467
-0.16157 0.17201 0.10338
0.00238 0.17201 0.08917
-0.04557 0.17201 0.04798
-0.08073 0.17201 0.07226
-0.14063 0.17201 0.05554
-0.01674 0.17201 0.11972
-0.14233 0.17201 0.10490
-0.17906 0.17201 0.03222
-0.12305 0.17201 0.13292
0.04502 0.17201 0.11824
-0.04790 0.17201 0.10129
-0.12204 0.17201 0.07473
0.01815 0.17201 0.08406
-0.10976 0.17201 0.07089
-0.05702 0.17201 0.13398
-0.08226 0.17201 0.13150
-0.10296 0.17201 0.07551
-0.22818 0.17201 0.10384
-0.06389 0.17201 0.06699
0.17966 -0.04429 -0.09172
-0.38131 -0.07087 0.11241
-0.37513 0.04218 -0.07352
-0.37513 0.09939 -0.08111
-0.19142 -0.03269 -0.15234
-0.19033 -0.17370 -0.12812
0.24201 0.08347 -0.04407
-0.17092 -0.14690 0.10805
0.13418 0.08223 0.08304
0.40915 -0.10674 0.03092
0.32817 -0.04735 0.03090
0.25910 -0.00784 0.05570
-0.28996 -0.03069 -0.05683
0.35060 -0.03999 0.04095
0.24470 -0.10168 -0.11080
0.26601 -0.09868 -0.11056
0.35205 -0.05118 0.02738
0.37348 -0.05167 0.03055
-0.20677 -0.12705 -0.03430
0.29065 0.00772 0.07646
0.15167 -0.07873 0.12450
0.15218 -0.06204 0.12555
0.12979 -0.01914 -0.11261
0.36147 -0.08232 -0.09639
-0.22590 -0.16819 -0.10210
-0.11836 0.08932 -0.15393
-0.11954 0.07643 -0.15393
-0.19919 -0.04506 0.14632
-0.03158 -0.03128 0.14982
0.19665 0.03685 0.11160
0.18503 0.06159 0.10574
0.41609 -0.08485 0.06518
0.18324 -0.03365 0.08209
0.39803 -0.02801 0.08540
0.23025 -0.03242 -0.12355
0.16769 0.17136 0.01968
-0.15095 0.05077 0.14062
-0.20066 -0.08994 -0.10803
0.38623 -0.04973 0.05022
0.35879 0.00393 -0.01757
-0.22487 -0.13972 0.12612
0.30944 -0.09008 -0.00354
0.02344 -0.11446 0.15174
-0.04614 -0.11336 0.15174
-0.12616 0.03979 0.14926
-0.15962 0.00433 0.14926
-0.09658 0.00570 0.14926
-0.11990 0.01526 0.14926
-0.09375 0.02946 0.14926
-0.18065 0.00503 0.14926
0.19340 0.09336 0.07370
-0.12004 0.03709 -0.13651
-0.00244 0.02514 -0.13651
-0.05873 0.02223 -0.13652
0.02420 0.02099 -0.13651
0.01625 0.02039 -0.13651
-0.01485 0.02843 -0.13651
-0.12429 0.02969 -0.13652
-0.15477 -0.11247 -0.11258
-0.37517 -0.00608 -0.15008
0.13760 0.08102 0.04874
-0.18050 -0.05033 -0.15349
0.24867 -0.11292 0.00807
0.06477 0.16485 -0.13651
-0.03882 0.15848 -0.13652
-0.16996 0.12854 -0.13652
-0.17497 0.15600 -0.13652
-0.24988 0.14003 -0.13653
-0.19354 0.14897 -0.13652
-0.25801 0.16376 -0.13653
-0.27986 0.14869 -0.13653
-0.01387 0.15589 -0.13652
-0.03216 0.15076 -0.13652
0.07939 0.16519 -0.13651
-0.12055 0.11495 -0.13651
-0.23942 0.13974 -0.13652
-0.09628 0.15757 -0.13652
-0.18390 -0.16637 -0.07962
0.34727 -0.09111 0.09781
-0.38131 0.14071 0.04522
-0.38131 0.13900 -0.02168
-0.38131 0.14057 -0.00087
-0.01081 -0.06133 0.14205
-0.22789 -0.12727 -0.12194
-0.23351 -0.12324 -0.10474
0.22708 -0.13101 -0.03629
0.22891 -0.13101 -0.02520
0.21743 -0.13101 -0.09395
0.25609 -0.13101 0.06647
0.22507 -0.13101 -0.12166
0.27365 -0.13101 -0.12548
0.27993 -0.13101 0.02563
0.23901 -0.13101 -0.00802
0.22528 -0.13101 -0.11295
0.27343 -0.13101 0.03196
0.23205 -0.13101 -0.01809
0.26421 -0.13101 0.00546
0.25116 -0.13101 -0.01230
0.21033 -0.13101 -0.08874
0.28050 -0.13101 -0.07343
0.18658 -0.13101 -0.06697
0.21194 -0.13101 -0.03205
0.23948 -0.13101 0.00066
-0.26530 -0.10936 0.15174
-0.18099 -0.14786 0.07865
-0.20889 0.06068 0.15307
-0.20237 0.06861 0.15307
-0.29148 -0.06066 -0.15012
-0.27780 -0.08318 -0.15012
-0.25824 -0.07473 -0.15012
-0.32016 -0.06083 -0.15012
-0.38181 -0.09397 -0.09878
-0.15694 -0.10546 0.10464
-0.28434 -0.02464 0.09974
0.15916 0.02622 0.11866
0.07611 0.05019 -0.05664
0.36074 -0.04503 0.05285
-0.09735 -0.12643 0.00561
0.33362 -0.12823 -0.02924
0.27715 0.06763 -0.02248
0.27028 0.07412 -0.02816
-0.01897 -0.06053 0.11144
0.01290 -0.06053 0.06507
-0.02133 -0.06053 0.03939
-0.02383 -0.06053 0.08397
0.00850 -0.06053 0.07849
-0.00854 -0.06053 0.07161
-0.00239 -0.06053 0.04460
0.04815 -0.06053 -0.02488
0.41484 -0.02814 0.11913
0.21439 -0.04370 0.09318
0.29652 -0.06440 0.12349
0.32763 -0.09503 0.12413
0.32473 -0.02555 -0.07888
-0.16179 -0.13162 -0.11077
-0.17369 -0.09056 0.10595
0.32030 -0.04468 0.04593
-0.34134 -0.02706 -0.06024
-0.18377 -0.09444 0.12173
0.41285 -0.09781 0.04964
0.41375 -0.09228 0.06303
0.37600 -0.07115 -0.07109
-0.22083 -0.09681 0.11821
-0.21648 -0.15192 -0.11951
0.00241 0.10142 0.13626
0.36131 -0.01981 0.00154
0.09279 0.14616 -0.15305
0.30235 -0.05289 -0.10601
0.23734 0.06256 -0.10541
-0.21272 -0.09557 0.08247
0.40272 -0.03823 -0.09129
-0.30929 0.16584 0.12849
-0.22876 0.16584 0.05534
0.06874 0.16584 0.07706
-0.09103 0.16584 0.09492
-0.02101 0.16584 -0.00343
-0.07968 0.16584 0.01936
0.05287 0.16584 -0.03790
-0.15845 0.16584 0.08829
-0.33689 0.16584 0.11525
0.01268 0.16584 0.09886
0.04487 0.16584 0.11133
-0.21162 0.16584 0.04756
0.02751 0.16584 -0.04222
0.05777 0.16584 -0.09183
0.05472 0.16584 0.00238
-0.00847 0.16584 0.04524
-0.06232 0.16584 0.06781
-0.07185 0.16584 0.13501
-0.26882 0.16584 0.09416
-0.27660 0.16584 0.11986
-0.28325 0.16584 0.09490
-0.09226 0.16584 0.05566
0.03878 0.16584 0.06332
-0.03026 0.16584 0.07466
-0.05152 0.16584 0.06875
0.08224 0.16584 0.04727
0.03508 0.16584 -0.07920
0.00505 0.16584 0.01417
0.06961 0.16584 0.13143
-0.09982 0.16584 0.10908
0.05864 0.16584 -0.02500
-0.11670 0.16584 0.05453
-0.07730 0.16584 0.08293
-0.24586 0.16584 0.11197
-0.08031 0.16584 0.07623
-0.25825 0.16584 0.10016
-0.00597 0.16584 0.03958
-0.03139 0.16584 0.01187
0.06580 0.16584 -0.07922
-0.04543 0.16584 0.05022
-0.08505 0.16584 0.07949
0.09320 0.16584 0.09002
0.06900 0.16584 -0.01785
-0.21715 0.16584 0.09627
-0.14533 0.16584 0.13447
-0.04788 0.16584 0.05806
-0.03728 0.16584 0.09889
-0.27509 0.16584 0.11238
0.08266 0.16584 -0.04955
0.07303 0.16584 -0.06696
-0.16853 0.16584 0.03392
0.08593 0.16584 -0.03444
0.02903 0.16584 0.03899
-0.04134 0.16584 0.08316
-0.31942 0.16584 0.11134
-0.11738 0.16584 0.10146
0.03940 0.16584 -0.03954
0.07742 0.16584 -0.03663
-0.03481 0.16584 -0.04291
0.05436 0.16584 0.01524
0.03425 0.16584 0.05932
-0.27912 -0.03753 0.12963
-0.27095 -0.03753 0.11045
-0.11606 -0.03753 0.13032
-0.25732 -0.03753 0.13054
-0.25000 -0.03753 0.11216
-0.25679 -0.09111 -0.14505
0.00675 -0.01923 -0.04572
0.36122 -0.14607 -0.12160
0.01570 0.14021 0.14926
0.02484 0.13303 0.14926
0.03939 0.13302 0.14926
-0.38131 -0.03601 0.12457
0.09476 0.10525 0.02384
0.09483 0.10155 0.04618
0.09490 0.12205 0.08840
0.09495 0.08392 0.07277
0.09478 0.12937 0.05458
0.09465 0.08268 -0.03121
0.09487 0.10452 0.06213
0.09473 0.12471 0.03286
0.09500 0.10276 0.10744
0.39177 -0.04975 -0.04496
-0.29293 -0.00923 0.14926
-0.29732 0.01046 0.14926
-0.22240 0.04280 0.14926
-0.25423 0.00932 0.14926
0.01117 -0.13167 -0.02348
0.03308 -0.03235 -0.00959
0.37074 -0.06236 -0.12659
-0.30270 -0.03715 0.14926
-0.22803 -0.04489 0.14926
-0.36606 -0.02736 0.14926
-0.36951 -0.04039 0.14926
0.36252 -0.14233 0.08498
0.29482 -0.11051 -0.11380
0.29230 -0.08903 -0.00765
-0.28653 -0.05994 0.09989
0.39104 -0.08001 0.01835
0.13222 -0.04359 -0.13344
-0.11894 0.06000 0.15307
-0.14691 0.08526 0.15307
0.31175 0.01990 -0.08388
0.29961 0.02131 -0.10270
0.29307 0.01089 0.11668
-0.36139 -0.03100 -0.09419
-0.19505 -0.13433 0.11155
0.34844 -0.05014 -0.06728
-0.22170 0.02312 0.11668
0.28783 0.01519 0.04825
0.31301 0.01141 -0.00262
0.29737 0.01373 0.01919
0.17066 -0.01766 0.06332
0.20435 -0.06073 0.07694
0.30580 -0.12746 -0.01331
-0.18576 -0.09704 -0.10468
0.25632 0.01063 -0.11727
0.24814 -0.00583 0.04190
-0.38131 -0.04933 -0.13821
-0.25544 -0.03554 0.09419
0.32259 -0.05738 -0.10103
-0.17029 -0.13531 -0.10206
0.19978 0.09269 0.08551
0.20272 -0.05584 0.10880
-0.04860 -0.12631 -0.02618
-0.35252 0.02995 -0.13525
-0.38131 0.12478 0.08985
-0.37850 0.06469 0.04536
-0.37850 0.03841 0.04722
0.35382 -0.01126 0.08179
-0.38170 -0.09054 0.04804
0.37032 -0.09680 0.01558
-0.21680 -0.09798 -0.10433
-0.23109 0.14140 0.14946
-0.19653 0.15536 0.14946
-0.17634 0.15039 0.14946
-0.18239 0.14327 0.14946
-0.25180 0.14833 0.14946
0.17527 0.14734 0.01890
-0.32024 -0.11864 -0.14799
-0.35418 -0.11864 -0.06873
-0.36236 -0.11864 0.04364
-0.32638 -0.11864 -0.10751
-0.32797 -0.11864 -0.13220
-0.29746 -0.11864 -0.09387
-0.34272 -0.11864 -0.00350
-0.36656 -0.11864 0.01855
-0.33753 -0.11864 -0.10951
-0.28953 -0.11864 -0.15047
-0.33571 -0.11864 -0.01210
-0.37084 -0.11864 -0.06598
-0.36774 -0.11864 0.07380
-0.31583 -0.11864 -0.07601
-0.34251 -0.11864 -0.05924
-0.36932 -0.11864 -0.04144
-0.34195 -0.11864 -0.13879
-0.33915 -0.11864 0.01560
-0.12130 0.17201 -0.08334
0.03972 0.17201 -0.14012
0.08557 0.17201 -0.13578
-0.16265 0.17201 -0.06732
-0.02532 0.17201 -0.10007
-0.10937 0.17201 -0.11021
-0.16163 0.17201 -0.09710
-0.24445 0.17201 -0.13836
-0.09485 0.17201 -0.10423
-0.29077 0.17201 -0.11026
-0.04350 0.17201 -0.06091
-0.11881 0.17201 -0.02622
-0.02088 0.17201 -0.10998
-0.05621 0.17201 -0.05938
-0.26153 0.17201 -0.13447
-0.08942 0.17201 -0.10530
-0.07190 0.17201 -0.13191
-0.10616 0.17201 -0.07243
-0.20731 0.17201 -0.09065
-0.08206 0.17201 -0.09798
-0.05419 0.17201 -0.04364
-0.11527 0.17201 -0.01173
-0.18310 0.17201 -0.05515
-0.31294 0.17201 -0.12270
-0.08402 0.17201 -0.06751
-0.05124 0.17201 -0.11122
-0.24915 0.17201 -0.12388
-0.13207 0.17201 -0.12319
-0.17926 0.17201 -0.10586
-0.01609 0.17201 -0.12132
-0.35372 0.17201 -0.14226
-0.00869 0.17201 -0.12395
-0.09394 0.17201 -0.05814
-0.11436 0.17201 -0.11525
-0.04366 0.17201 -0.07480
0.34281 -0.15790 0.12468
-0.34077 0.05763 0.14946
-0.32532 0.07078 0.14946
-0.34699 0.06401 0.14946
0.01418 0.00309 0.13736
-0.09402 -0.03753 0.11077
-0.12060 -0.03753 0.08899
-0.14864 -0.03753 0.09305
-0.20081 -0.03753 0.08751
-0.08279 -0.03753 0.09123
-0.07640 -0.03753 0.09990
0.33142 -0.03979 0.11736
0.17659 -0.12932 -0.02252
0.36568 -0.04880 0.04980
0.17731 0.14298 0.11307
-0.40930 -0.10748 0.00160
-0.16769 -0.06882 0.09978
-0.22780 -0.06100 0.09978
-0.17827 -0.07181 0.09978
0.17686 0.08564 0.10110
0.42205 -0.02148 0.01697
0.38998 -0.04312 0.02506
-0.18014 -0.07509 -0.09903
0.35054 -0.05669 0.10331
0.12953 0.08001 0.14564
-0.20646 -0.15546 -0.13542
-0.22851 -0.14265 -0.11199
-0.15239 -0.08367 -0.10290
-0.14142 -0.10821 -0.10320
0.26367 -0.02309 -0.00847
0.40305 -0.00715 0.03310
0.41536 -0.04767 0.05385
0.31410 -0.06011 0.11748
0.12591 -0.10944 0.10786
0.12591 -0.11038 0.11560
0.14839 0.04959 -0.10537
-0.20313 -0.06053 0.03372
-0.14127 -0.06053 0.05187
-0.21842 -0.06053 0.06724
-0.14963 -0.06053 0.06104
-0.27156 -0.06053 0.04380
-0.20148 -0.06053 0.02331
-0.20019 -0.06053 0.07545
-0.12227 -0.06053 0.06169
-0.19589 -0.06053 0.04885
-0.26473 -0.06053 0.05790
-0.13242 -0.06053 0.07155
-0.23668 -0.06053 0.01144
-0.13624 -0.06053 0.08541
-0.25983 -0.06053 -0.06280
-0.25931 -0.06053 -0.03092
-0.25804 -0.06053 0.04896
-0.18325 -0.06053 0.01202
-0.27084 -0.06053 -0.06310
-0.27373 -0.06053 0.00241
0.14280 0.15391 -0.05843
0.20090 -0.01468 0.10945
0.38080 -0.00238 -0.06293
-0.20949 -0.08036 -0.11147
0.23109 -0.06251 0.10941
0.40497 -0.01156 0.11378
0.15065 0.09530 -0.02955
0.07934 -0.02432 -0.02737
0.25858 0.08749 -0.00452
0.30140 -0.05005 -0.12457
-0.21046 -0.09464 -0.13545
0.15341 0.00392 0.11403
0.34463 -0.04642 0.08160
-0.14902 -0.11724 -0.13014
0.21470 -0.13300 -0.02306
-0.22543 -0.11864 0.05376
-0.15799 -0.11864 0.07635
-0.15549 -0.11864 -0.02034
-0.18448 -0.11864 0.04109
-0.18189 -0.11864 0.09710
-0.18039 -0.11864 0.01001
-0.16078 -0.11864 -0.00043
-0.14471 -0.11864 0.04837
-0.15635 -0.11864 0.04980
-0.18818 -0.11864 0.09655
-0.15801 -0.11864 0.06718
-0.19264 -0.11864 0.07327
0.17334 0.01923 -0.08205
0.12836 0.04898 0.10552
0.33676 0.00784 0.02866
0.14087 -0.13065 -0.03437
0.16834 0.02312 0.10865
0.41966 -0.04756 -0.00089
0.39090 -0.01041 -0.00555
-0.20348 -0.07152 0.09949
0.31227 -0.06367 0.08208
-0.38164 0.03723 0.12552
0.16200 -0.13101 0.06336
0.14299 -0.13101 -0.02639
0.20407 -0.13101 0.00365
0.24190 -0.13101 0.06296
0.13831 -0.13101 -0.07195
0.14185 -0.13101 0.03708
0.21475 -0.13101 0.05495
0.17429 -0.13101 0.11278
0.14979 -0.13101 -0.04678
0.21699 -0.13101 0.08894
0.16711 -0.13101 -0.05322
0.25807 -0.13101 0.12635
0.23033 -0.13101 0.11689
0.15510 -0.13101 -0.10531
0.15885 -0.13101 -0.02314
0.16216 -0.13101 0.12283
0.13714 -0.13101 0.09357
0.19384 -0.13101 0.03756
0.24098 -0.13101 0.09663
0.13372 -0.13101 0.08842
0.13369 -0.13101 0.12778
0.39785 -0.00605 0.06102
-0.37850 0.06167 -0.06222
-0.30648 -0.05241 -0.11346
0.20506 -0.09690 0.10980
0.32718 -0.11674 -0.13160
0.39178 -0.05156 0.00045
-0.36206 -0.03093 -0.05705
0.34415 -0.04543 -0.01379
-0.32655 -0.03403 -0.10700
-0.18912 -0.09203 0.10357
0.41717 -0.04139 0.04615
0.31623 0.02203 0.06206
0.28729 0.05147 0.06428
0.06600 -0.02447 -0.03920
-0.29143 -0.09470 0.14926
-0.29072 -0.08343 0.14926
-0.25157 -0.06183 0.14926
-0.31140 -0.08436 0.14926
0.28941 0.04386 -0.08248
-0.38735 0.13596 0.05771
-0.39492 -0.11206 0.10665
-0.39492 -0.09999 0.14174
0.03279 0.03297 -0.06928
0.39510 -0.10917 -0.11022
-0.37513 0.13583 -0.06816
-0.37513 0.14262 -0.06882
-0.37513 0.13831 -0.01481
-0.37513 0.14863 -0.04933
-0.22773 -0.11054 0.08359
-0.09388 -0.12108 -0.04888
0.14853 0.03079 -0.11705
-0.39492 -0.10985 -0.11192
-0.25624 0.00905 0.13006
0.33420 -0.02097 0.11089
0.35168 -0.04564 0.00590
-0.38233 -0.10992 0.10141
-0.29315 -0.01939 -0.07159
-0.19252 -0.11864 -0.02836
-0.23754 -0.11864 0.02173
-0.21327 -0.11864 -0.06270
-0.25851 -0.11864 0.01761
-0.19434 -0.11864 -0.04181
-0.25033 -0.11864 -0.06958
-0.25208 -0.11864 -0.00524
-0.20851 -0.11864 -0.08369
-0.20627 -0.11864 -0.04101
-0.17728 -0.11864 -0.09744
-0.23336 -0.11864 0.04567
-0.15379 -0.11864 -0.07425
-0.25050 0.02576 0.13327
-0.22990 -0.12830 -0.09230
-0.08776 0.10470 0.13565
-0.10461 0.08775 0.13565
-0.08042 0.09058 0.13565
-0.08409 0.08069 0.13565
0.06593 0.00774 0.14926
-0.22816 -0.00973 0.11092
0.33191 -0.17280 -0.11186
-0.11886 0.04956 -0.15393
0.04084 -0.06271 0.13565
0.04815 -0.02758 0.13565
0.05796 -0.02566 0.13565
0.06821 -0.08216 0.13565
0.03829 -0.08039 0.13565
-0.15346 0.16373 0.14950
0.34918 -0.02553 -0.07279
0.36369 -0.01056 -0.00421
-0.38303 0.02948 -0.04345
-0.38277 0.07190 -0.03560
-0.24656 -0.05906 0.05652
0.17991 -0.02546 -0.04281
0.30522 -0.11429 0.09428
0.35156 -0.13044 0.13189
0.05238 0.10791 0.15067
0.24935 0.08405 0.06318
0.22246 -0.04176 0.10848
0.27211 -0.04186 0.10778
-0.23167 -0.13298 0.13788
-0.32927 -0.03391 0.13568
-0.36496 0.04442 0.13569
-0.36409 0.12808 0.13569
-0.36882 0.06616 0.13569
-0.34331 -0.02219 0.13568
-0.36225 0.07854 0.13569
-0.31573 0.00128 0.13568
-0.33849 0.01308 0.13568
-0.30027 -0.00123 0.13567
-0.32096 0.04554 0.13568
-0.35879 -0.02357 0.13569
-0.33189 0.01566 0.13568
-0.19621 -0.15564 0.08222
0.18923 0.09002 0.06401
0.34545 -0.03611 -0.01392
0.35910 -0.03653 -0.01555
-0.31301 -0.02278 -0.11561
0.36220 -0.11381 0.05710
0.06664 -0.04422 -0.02041
0.35433 -0.05208 -0.03731
-0.37513 0.03888 0.08206
-0.37513 -0.03831 0.08896
-0.37513 0.08974 0.09135
-0.15275 -0.12609 0.13618
0.34455 0.00653 0.01945
0.13586 -0.07315 -0.06187
0.13730 -0.08129 0.05008
0.13544 -0.06728 -0.07696
0.32698 -0.03734 0.09051
0.05984 -0.11982 -0.00128
0.23509 -0.00620 0.10906
0.13213 0.00158 0.13144
-0.38291 0.04801 0.06580
-0.38282 0.05420 0.04633
-0.19834 -0.07107 0.08581
-0.26964 -0.12587 -0.11133
0.34108 -0.11169 0.09561
-0.23027 -0.12592 0.11877
0.17978 0.01346 0.11228
-0.38131 -0.07443 -0.12456
0.31311 -0.01561 -0.12201
0.29938 -0.01291 -0.12221
0.16198 0.14609 -0.10985
-0.08303 0.09929 0.14926
-0.10821 0.09222 0.14926
-0.07810 0.10622 0.14926
-0.28258 0.11603 -0.15113
0.19184 0.07044 -0.10435
0.13176 -0.09109 0.05440
0.13224 -0.10059 0.10527
0.24432 0.05322 -0.10353
0.31135 0.00988 0.07786
0.13798 0.06916 0.10559
-0.08563 -0.12975 0.00097
0.37911 -0.00953 -0.00486
0.21873 -0.05962 -0.07824
-0.40102 -0.10627 -0.00742
-0.39112 -0.10627 -0.07775
0.32414 -0.09797 -0.09719
0.27830 0.01413 0.01710
0.42721 -0.09663 -0.06884
-0.38131 0.16494 0.08098
-0.38131 0.15833 -0.12778
-0.38131 0.15828 0.01882
-0.38131 0.14755 -0.10060
0.28097 -0.10233 0.11954
-0.33680 0.13444 -0.15310
-0.37513 0.09372 0.01207
-0.37513 0.09725 0.00792
-0.25842 -0.11701 -0.14986
0.05658 0.04797 0.15186
0.29217 -0.08693 0.01350
-0.18518 -0.11669 -0.11154
-0.17815 -0.13794 0.00910
-0.22300 -0.14237 0.09418
0.33113 -0.05598 0.11664
0.40145 -0.05286 0.09952
0.34852 -0.03844 -0.03640
0.17258 0.14629 -0.10305
0.11857 -0.07405 0.12012
-0.38131 0.10695 0.09022
-0.38131 0.11896 0.09401
0.35679 -0.14293 -0.05598
0.38425 -0.04228 0.09667
0.29248 0.01097 0.10798
0.00246 -0.12506 0.00414
0.32707 -0.04260 -0.08734
-0.21468 -0.04520 -0.15012
-0.24917 -0.03404 -0.15012
-0.33337 0.05414 -0.12892
-0.40930 -0.10699 -0.08862
0.06384 -0.05825 -0.00822
0.35817 -0.09759 0.06954
-0.30411 -0.05629 0.13567
-0.21645 -0.07865 0.07671
-0.22022 -0.10039 0.12868
0.08730 -0.05910 0.14926
-0.27827 0.13535 -0.15012
-0.21022 0.13068 -0.15012
0.15394 0.04460 -0.11345
0.03152 0.14094 -0.13651
-0.00953 0.12024 -0.13651
-0.10108 0.09119 -0.13651
-0.06159 0.08559 -0.13651
-0.01454 0.10790 -0.13651
-0.10612 0.11009 -0.13651
-0.05030 0.09537 -0.13651
0.19325 -0.05653 -0.12615
-0.37853 -0.01083 -0.03138
-0.18036 -0.10107 0.08214
-0.35777 -0.06053 -0.13418
-0.28183 -0.06053 -0.10514
-0.26173 0.01916 0.12489
-0.11699 0.05688 0.14642
0.17279 0.03185 0.05766
-0.28398 -0.02358 -0.15012
-0.25978 -0.02359 -0.15012
-0.36462 -0.06002 -0.15012
0.40312 -0.09228 0.07663
0.42116 -0.08852 0.03429
-0.06217 -0.06053 0.11053
-0.04695 -0.06053 0.12724
0.24720 -0.11899 -0.04462
0.34285 -0.10258 0.08280
-0.35872 -0.06053 0.13423
-0.33037 -0.06053 0.12683
0.33413 0.00837 -0.01224
-0.38166 0.11779 -0.11107
-0.38952 -0.10181 0.13247
0.03689 -0.12041 -0.02089
-0.38131 -0.05913 -0.01075
-0.38131 -0.04763 -0.02834
0.23328 -0.05516 0.05035
0.17952 -0.04745 -0.02807
0.21925 -0.09622 -0.09598
0.25695 -0.08756 -0.09583
-0.36282 -0.02901 -0.06554
0.17906 0.02713 -0.11561
0.17761 0.05371 -0.10906
-0.22637 -0.16746 0.09945
0.31236 -0.12459 -0.12119
0.33243 -0.10707 0.07930
0.14958 -0.12809 -0.14933
0.02290 -0.00119 0.15063
-0.21898 -0.14615 0.09947
-0.18574 -0.09317 -0.09115
0.41663 -0.09653 0.09328
-0.26316 -0.05168 0.11328
0.16062 0.17142 -0.09597
0.18636 0.15795 0.01018
-0.38318 0.01129 -0.03027
0.42037 -0.06113 -0.00446
-0.23912 -0.09500 -0.10716
-0.22227 -0.07943 -0.11359
-0.37916 -0.00493 0.09763
-0.40558 -0.10181 -0.10137
0.32738 -0.02533 -0.00518
-0.22203 -0.14701 -0.10806
-0.30398 0.00684 -0.13028
-0.37966 -0.11913 -0.11737
0.21447 -0.06080 -0.05879
0.27559 -0.05152 -0.11032
-0.21439 -0.07823 -0.14082
0.14285 -0.08171 -0.04841
0.16187 -0.08168 -0.09466
0.39840 -0.03163 -0.00580
0.38307 -0.01801 0.07403
0.29404 0.00144 0.05205
0.33359 -0.10258 -0.07457
-0.23862 -0.06444 0.13805
0.21129 -0.05412 -0.02297
0.33100 -0.09666 0.10643
-0.23346 -0.02199 0.11629
0.37161 -0.01814 0.01483
-0.34769 -0.03949 -0.15012
-0.37027 -0.04225 -0.15012
-0.32603 -0.03531 -0.15012
-0.38164 0.03544 -0.11856
0.18308 0.00830 0.11708
0.29659 -0.08322 0.00364
-0.06590 -0.04985 0.10424
-0.22949 -0.16150 0.07827
0.09493 0.07908 -0.12579
0.09493 0.05030 -0.13569
0.09493 0.01781 -0.11311
0.09493 0.04519 -0.11730
0.00454 0.13262 -0.15033
-0.06237 0.12819 -0.15033
-0.01426 0.14349 -0.15033
-0.04692 0.13464 -0.15033
-0.01068 0.12574 -0.15033
-0.38131 -0.08001 -0.02455
-0.38131 -0.07918 -0.08800
-0.38131 -0.07980 -0.04264
-0.38131 -0.09237 -0.09316
-0.18748 -0.17278 0.11459
-0.19599 -0.08211 0.10790
-0.37990 0.13431 -0.03212
0.25583 -0.05682 -0.02219
0.24852 0.08156 -0.08352
-0.17144 -0.15028 -0.10931
0.39449 -0.03507 0.10433
-0.14377 0.05078 0.14239
0.07683 0.06069 0.13817
0.07946 -0.05160 0.14403
0.38746 -0.08287 0.05500
0.31566 -0.11053 0.03074
0.34452 -0.09263 0.04834
0.35349 -0.08851 0.05214
0.39413 -0.10434 0.02943
0.41764 -0.06007 -0.08403
0.34492 -0.08590 -0.02332
0.18503 0.15404 0.02434
0.05965 0.02437 -0.05702
0.39469 -0.00392 -0.01666
-0.14536 0.05069 -0.15268
-0.38166 0.13695 -0.11769
0.31462 -0.05438 0.12402
0.24948 -0.05914 0.03217
-0.16344 -0.12180 0.00757
-0.38220 0.07219 -0.11104
0.23178 -0.04284 0.10964
0.33972 -0.15222 -0.11989
-0.32774 -0.02874 -0.04907
0.05068 -0.03058 0.14926
0.05951 -0.02460 0.14926
0.18154 0.16650 -0.10158
0.00056 -0.03248 -0.03721
-0.25862 -0.10910 0.10700
-0.24933 -0.07967 0.13024
-0.24054 -0.03439 0.08199
-0.02676 -0.06053 0.13305
0.41885 -0.07508 0.03399
0.03508 0.10031 0.14926
0.12624 -0.10530 0.14893
0.14709 -0.08140 -0.11824
0.28899 -0.09241 -0.08779
0.35639 -0.02596 -0.01527
0.35487 -0.01103 -0.03162
-0.16566 -0.16117 -0.09239
0.32614 -0.01819 -0.10338
0.12745 -0.05994 -0.06211
0.12498 -0.05999 -0.01502
0.11968 -0.06008 -0.00779
0.12476 -0.05999 0.03933
0.12911 -0.05991 0.11650
0.00477 -0.05006 -0.00727
0.36024 -0.04148 0.03093
-0.38315 0.00667 -0.05916
-0.38272 0.06773 -0.06718
0.39223 -0.02866 0.11977
0.07648 -0.03356 -0.03155
0.31647 -0.09731 0.01119
0.32931 0.01429 -0.02994
0.37472 -0.14305 -0.09645
0.29609 -0.07968 0.08208
-0.22311 -0.05714 0.12512
0.02271 -0.12564 -0.02222
-0.01509 0.07607 0.14644
0.26211 -0.11437 -0.11279
-0.29829 -0.03320 -0.05177
0.41739 -0.08072 -0.06573
-0.16956 -0.13317 -0.13101
0.30562 -0.15625 -0.10859
0.41819 -0.09329 0.05100
0.41551 -0.09706 0.03984
-0.09889 -0.06006 0.14926
-0.10516 -0.07314 0.14926
-0.06865 -0.05138 0.14926
-0.05601 -0.04968 0.14926
-0.16443 -0.11551 -0.04810
0.17900 -0.13323 -0.01569
0.22623 -0.06650 0.09406
0.38531 -0.00882 -0.02016
0.00055 -0.04517 -0.01696
0.35186 -0.05022 0.05175
0.40741 -0.00997 -0.06524
0.24014 -0.06591 -0.11023
0.28871 -0.02530 0.10229
0.12965 -0.08436 -0.13029
0.37361 -0.11466 0.10134
0.33876 -0.13613 0.13385
0.41279 -0.05352 0.05917
-0.13770 -0.11654 0.10241
-0.15240 -0.07992 0.11397
0.05012 -0.06053 0.10020
0.03403 -0.06053 0.06180
0.00713 -0.06053 0.11019
0.07785 -0.06053 0.03574
0.01765 -0.06053 0.07161
0.04720 -0.06053 0.04756
0.07142 -0.06053 0.10123
0.08147 -0.06053 -0.00477
0.23111 -0.08269 -0.09226
0.28719 -0.00009 0.02918
0.40776 -0.10779 0.03829
0.41120 -0.10258 0.08893
-0.32811 0.07911 -0.13653
-0.34712 0.07597 -0.13653
-0.35547 0.04659 -0.13653
-0.32841 0.08730 -0.13653
-0.33767 0.03190 -0.13653
-0.37036 -0.01925 -0.13654
-0.35643 0.01182 -0.13653
-0.37353 0.04625 -0.13654
-0.35739 0.05249 -0.13653
-0.32480 0.05946 -0.13653
-0.35827 0.06541 -0.13653
-0.29704 0.02085 -0.13652
-0.38395 -0.01386 -0.10942
-0.21256 0.05767 -0.14847
0.17525 0.02038 0.10806
0.41760 -0.05886 -0.10500
-0.37513 -0.05288 -0.10544
-0.37513 0.08396 -0.09646
-0.37513 0.00216 -0.11024
-0.37513 -0.05524 -0.12526
0.32285 -0.02944 -0.03699
0.30905 -0.06179 -0.05751
0.28495 0.01881 -0.10824
0.28969 -0.05433 -0.02859
-0.22118 -0.17042 -0.12650
0.28309 -0.12301 -0.01998
0.28451 -0.11682 0.04512
0.28229 -0.12650 0.07065
0.28163 -0.12934 0.05091
0.28141 -0.13033 0.09809
0.30396 -0.07800 0.02564
0.32804 -0.07107 0.03244
-0.18485 -0.05453 -0.13606
-0.15696 -0.09503 0.09645
0.25539 -0.11466 -0.10497
0.31836 -0.01893 0.03089
-0.35760 0.01772 -0.12020
-0.38268 -0.05029 0.06364
0.34585 -0.03481 0.07716
0.31416 0.00785 -0.06685
0.35420 -0.13539 -0.02443
0.08298 -0.01116 0.14926
0.15978 -0.06478 -0.11641
-0.18033 0.10962 -0.14052
0.39874 -0.00661 -0.07378
-0.06530 -0.02224 0.14926
-0.02521 -0.00743 0.14926
-0.12862 -0.00177 0.14926
0.25093 -0.03871 0.13290
0.13490 -0.06110 0.02952
0.13540 -0.06465 0.08269
0.13617 -0.07015 0.02509
0.29772 -0.08335 -0.00601
-0.41015 0.15273 0.07373
0.14896 -0.08169 0.05738
0.13318 -0.08172 0.03581
0.05759 0.10195 0.13565
0.04591 0.13547 0.13565
0.07447 0.13267 0.13565
0.29467 -0.02517 -0.03973
0.35947 -0.00749 0.08612
0.34632 -0.13024 -0.13649
0.25911 -0.00079 0.07243
0.16521 0.05834 0.10451
-0.23019 -0.11986 -0.08790
0.18532 0.16218 0.10990
0.19491 -0.05799 0.12520
0.28712 -0.05906 0.12348
-0.16794 -0.16138 0.13310
0.32149 -0.04900 -0.02959
0.36909 -0.05530 0.08812
0.07421 0.02387 -0.05599
-0.34586 0.12980 0.15268
0.28885 -0.10121 -0.02165
-0.29200 0.01228 -0.12310
0.17626 0.14773 -0.05077
-0.37513 0.16180 0.03660
-0.37513 0.15004 0.02781
-0.37513 0.15643 0.09840
-0.37513 0.14462 0.00533
-0.37513 0.16277 -0.03117
0.30610 -0.09106 -0.07400
0.30812 -0.09562 -0.05655
0.11353 0.13796 0.15265
0.25687 -0.02845 -0.11056
0.16011 0.17137 0.11094
0.30187 -0.03608 -0.03024
-0.27874 -0.03722 0.09250
0.17892 0.07409 0.10471
-0.25981 0.17201 -0.04587
-0.36557 0.17201 0.00155
-0.35316 0.17201 0.08787
-0.33817 0.17201 0.03764
-0.34723 0.17201 -0.00604
-0.23167 0.17201 -0.01861
-0.30062 0.17201 -0.06813
-0.35112 0.17201 -0.03856
-0.25985 0.17201 0.05092
-0.25699 0.17201 0.02082
-0.21887 0.17201 -0.00721
-0.32151 0.17201 0.08878
-0.33378 0.17201 0.01828
-0.23985 0.17201 0.01664
-0.28117 0.17201 -0.08012
-0.19753 0.17201 -0.02442
-0.36299 0.17201 -0.04376
-0.22612 0.17201 0.01922
-0.31284 0.17201 0.00388
-0.25420 0.17201 0.00852
-0.30005 0.17201 -0.02709
-0.32854 0.17201 -0.02364
-0.29995 0.17201 0.00512
-0.30810 0.17201 -0.09574
-0.27886 0.17201 0.02706
-0.37365 0.17201 0.06756
-0.32575 0.17201 0.08112
-0.34636 0.17201 -0.06948
-0.27175 0.17201 0.02104
-0.36757 0.17201 0.04507
-0.32981 0.17201 -0.05606
-0.32145 0.17201 0.03636
-0.19071 0.17201 -0.00738
-0.16917 0.17201 -0.01974
-0.29022 -0.02125 0.11585
-0.27921 -0.01547 -0.11401
-0.27921 -0.03646 -0.09710
0.01488 -0.03125 -0.05750
0.16418 0.14402 0.06532
-0.17140 -0.13839 -0.09682
-0.24381 -0.15041 -0.13537
-0.25995 -0.04455 0.11431
0.02543 -0.01167 0.14926
0.00569 0.07178 0.14957
0.15009 0.13979 -0.10547
-0.38475 0.09446 0.12405
-0.38131 0.13289 -0.01283
-0.38131 0.13115 -0.07997
0.31470 -0.12727 0.12419
0.17367 0.17037 -0.01607
-0.38398 -0.03009 0.11848
-0.38268 0.12151 -0.05586
-0.38268 0.12715 -0.03537
-0.15807 -0.12317 -0.14160
-0.32287 -0.09793 -0.15012
-0.34093 -0.08880 -0.15012
-0.17482 -0.13749 -0.13157
-0.38684 -0.07703 -0.09878
-0.30287 -0.02517 -0.13652
-0.28531 -0.05355 -0.13652
-0.30480 -0.03809 -0.13652
-0.30534 -0.00642 -0.13653
-0.38131 0.05441 0.11495
-0.38131 0.00808 0.11690
-0.38131 -0.01517 0.12809
-0.38131 -0.01650 0.09984
0.37616 -0.13357 0.12419
0.20705 -0.08595 0.10943
0.36692 -0.12926 0.12762
0.34800 -0.03497 -0.03055
0.38799 -0.03504 0.04348
-0.37513 -0.00237 -0.00828
-0.37513 0.04117 -0.00887
0.06352 -0.03235 -0.04113
0.32339 -0.05052 0.02140
0.35423 -0.05123 -0.02073
0.24967 0.06258 0.02915
-0.40438 -0.10181 -0.11105
0.31934 -0.12598 -0.12473
0.31910 -0.08915 0.02372
0.31097 -0.08648 0.02412
0.20391 -0.13281 -0.01312
0.17472 -0.00002 -0.05338
0.13703 -0.13241 -0.00645
-0.38395 -0.05049 -0.10698
0.33792 -0.02471 0.10327
-0.21891 -0.05606 -0.12981
0.28306 -0.00096 0.10666
0.21238 -0.10804 -0.11134
0.15268 0.16980 -0.00482
-0.09205 0.15707 0.14926
-0.02854 0.14612 0.14926
-0.29231 0.15781 0.14926
-0.04403 0.15815 0.14926
-0.05125 0.16165 0.14926
-0.16860 0.15387 0.14926
0.04540 0.15933 0.14926
-0.29938 0.16498 0.14926
-0.06919 0.15423 0.14926
-0.18692 0.16252 0.14926
-0.05363 0.12921 0.14926
-0.12062 0.13763 0.14926
-0.12644 0.14882 0.14926
-0.09184 0.12843 0.14926
0.20290 -0.07379 0.09438
0.29007 -0.08413 -0.00057
0.17203 0.03688 -0.05340
-0.42032 0.15474 -0.01964
0.41805 -0.08528 -0.01715
0.18543 -0.03600 0.03514
0.13758 -0.12522 -0.01525
-0.17590 0.15115 -0.15033
-0.16951 0.15083 -0.15033
-0.11763 0.15824 -0.15033
-0.22339 0.13829 -0.15033
-0.14997 0.15332 -0.15033
0.41587 -0.03312 -0.07918
0.25056 0.08296 0.02521
0.10601 0.14610 -0.15354
0.11822 -0.10250 0.14926
0.25903 -0.08371 -0.00562
0.17044 -0.08182 -0.07937
0.22736 -0.08303 -0.04270
0.18814 -0.08219 -0.07369
0.21427 -0.08277 -0.00449
0.19143 -0.08228 -0.01919
0.13273 -0.08521 0.10700
0.24355 -0.08413 0.07637
-0.39679 0.16880 -0.09563
0.17325 0.07509 -0.10184
0.35672 -0.13406 0.06867
0.13145 -0.11875 -0.04637
0.13184 -0.11164 -0.08192
-0.37753 0.13193 0.08436
-0.09826 0.04926 0.14926
-0.03465 0.07620 0.14926
-0.02442 0.09798 0.14926
-0.02884 0.03192 0.14926
-0.03717 0.04521 0.14926
-0.06939 0.06794 0.14926
0.20757 -0.00769 -0.12441
0.15607 -0.11864 0.13565
0.18474 -0.11864 0.06028
0.23096 -0.11864 0.04409
0.25528 -0.11864 0.03326
0.24451 -0.11864 -0.03371
0.12664 -0.11864 0.13997
0.22474 -0.11864 0.04222
0.16837 -0.11864 0.11139
0.23119 -0.11864 0.10426
0.27264 -0.11864 0.00305
0.27565 -0.11864 0.02292
0.20144 -0.11864 0.10973
0.26949 -0.11864 0.09977
0.14965 -0.11864 0.11918
0.22055 -0.11864 0.05212
0.25762 -0.11864 0.07702
0.26157 -0.11864 -0.10033
0.20497 -0.11864 0.08069
0.26526 -0.11864 0.10835
0.26283 -0.11864 -0.08502
0.25487 -0.11864 0.07020
0.20458 0.08452 -0.10181
0.31696 -0.10515 -0.12581
-0.33399 0.06042 -0.13616
-0.38116 0.07355 -0.10049
0.17898 0.09667 0.02107
-0.18435 -0.14739 -0.13668
-0.01301 0.00066 0.14182
-0.15575 0.04152 -0.15012
-0.16629 0.04436 -0.15012
0.03398 0.14584 -0.15357
0.13561 0.08183 0.01900
0.35129 -0.08533 0.12505
-0.28293 -0.03557 0.11441
-0.17110 -0.11921 0.08594
-0.28185 0.00669 0.11369
0.17471 -0.06724 0.12470
0.20521 -0.05970 0.12498
-0.20678 -0.12828 0.08065
0.28818 -0.05133 0.12368
-0.25085 -0.13563 0.12407
-0.24417 -0.07983 -0.04625
0.40321 -0.03632 -0.09874
0.35569 -0.09694 -0.01795
0.42053 -0.08895 -0.08508
0.35576 -0.01189 0.03818
0.33445 -0.04631 0.04908
0.35373 -0.12576 -0.00546
0.35654 -0.02817 0.01217
0.23529 0.00612 0.10925
0.30779 -0.06381 -0.07809
0.30116 -0.07091 -0.08005
0.25954 -0.09127 0.12308
0.22925 -0.10114 0.12066
-0.41661 0.15360 -0.04927
0.39422 -0.10646 0.11714
0.17466 0.01422 0.08290
0.37204 -0.13565 -0.12184
-0.25171 0.12715 0.14926
-0.26370 0.13450 0.14926
-0.22604 0.12691 0.14926
-0.41999 0.15110 0.09626
0.38662 -0.15315 -0.10212
-0.32739 -0.05131 -0.05412
-0.19256 -0.12826 -0.11203
0.42086 -0.04253 -0.00444
0.39970 -0.03080 0.01614
-0.24971 -0.00867 0.12375
0.00780 -0.10627 0.14776
0.19124 -0.07280 -0.12469
0.24935 -0.06227 -0.12480
0.34087 -0.00661 -0.09242
-0.40419 -0.10627 0.09666
-0.39782 -0.10627 0.07783
-0.39711 -0.10627 0.02061
0.17894 -0.03903 -0.02530
0.01887 -0.12033 0.00198
-0.41632 0.14571 0.10173
-0.37541 0.05264 -0.09474
-0.33317 0.04192 -0.12879
0.14764 0.06408 0.10041
0.28820 -0.02617 -0.02530
-0.40922 -0.11017 0.14308
-0.22864 -0.03040 0.09132
-0.23810 0.17009 -0.14586
-0.37151 0.16902 -0.14694
-0.31822 0.17112 -0.14483
-0.41249 -0.12121 0.13642
-0.33842 0.08302 -0.15033
-0.34130 0.06700 -0.15033
-0.34559 0.07257 -0.15033
0.17296 0.01185 0.07451
0.40502 -0.03824 -0.03711
0.40504 -0.03562 -0.04228
0.40482 -0.06173 -0.03107
0.40493 -0.04937 0.00519
-0.20481 -0.13049 -0.02205
0.14031 -0.02943 -0.12377
-0.20134 -0.12314 0.02556
0.32240 -0.09374 0.02297
0.02674 -0.09159 0.12328
0.32259 -0.04448 -0.08281
-0.33789 -0.01558 -0.11764
0.32039 -0.08905 -0.02283
0.32612 -0.08696 -0.01192
0.20337 0.09069 0.05343
0.18851 0.09122 0.04541
0.18018 0.09174 0.03268
0.41332 -0.05828 -0.06301
-0.38268 -0.04862 0.07452
0.29574 -0.07904 0.10971
-0.37658 -0.05640 0.14607
-0.38278 0.08537 -0.10854
0.18338 -0.12399 -0.02562
0.27555 -0.06495 0.02631
-0.37850 0.01347 0.06006
0.41979 -0.05084 0.04088
-0.24608 -0.14819 -0.12588
-0.39374 0.13657 -0.00963
-0.25114 -0.11416 -0.10064
-0.25146 -0.06977 -0.10064
-0.24051 -0.09170 -0.10064
-0.24649 -0.08098 -0.10064
0.18652 -0.05185 -0.04615
0.16583 0.01604 0.04173
0.04687 0.00306 0.14560
0.10300 0.08098 0.02209
0.11608 0.08098 0.04994
0.10909 0.08098 0.02615
0.09834 0.08098 -0.01909
0.12939 0.07654 -0.14664
0.13339 -0.05984 -0.10695
0.10819 -0.06029 -0.05480
0.11586 -0.06015 -0.07953
0.11597 -0.06015 -0.05294
0.09849 -0.06047 -0.02962
0.18079 0.14992 -0.08916
0.20130 0.08842 0.07565
0.38708 -0.04946 0.03033
-0.38131 0.09542 -0.01031
-0.38131 0.06349 -0.01795
0.40150 -0.05293 -0.08678
0.13206 0.04132 -0.10671
-0.41749 -0.11946 0.11719
0.17023 -0.01548 -0.06839
0.06049 0.06711 -0.06016
0.33606 -0.05099 -0.05009
0.38821 -0.05388 -0.04844
0.16741 0.04226 -0.08326
-0.40960 0.16617 -0.02634
-0.39926 0.15515 -0.07690
-0.37910 0.13350 0.05043
0.20125 -0.08247 -0.08652
0.23589 -0.08321 -0.04196
0.24645 -0.08343 -0.07470
0.24668 -0.08343 -0.08693
0.24139 -0.08332 -0.05977
0.23344 -0.08315 -0.05357
-0.28781 -0.05563 0.14926
-0.27287 0.04677 0.13464
0.23252 -0.12531 -0.13580
0.07678 0.04184 -0.04762
-0.16495 0.01745 -0.13263
-0.12520 0.01745 -0.11116
-0.11099 0.01745 -0.13149
-0.16654 0.01745 -0.11476
-0.20135 0.01745 -0.10058
-0.17769 0.01745 -0.13638
-0.22354 0.01745 -0.11641
-0.26203 0.01745 -0.13336
-0.22276 0.01745 -0.13012
-0.30742 -0.00720 -0.15012
-0.29030 0.00666 -0.15012
-0.24993 0.00914 -0.15012
-0.15355 -0.07300 0.12870
0.00039 -0.12577 -0.02699
-0.23042 -0.12284 0.09969
0.16815 0.04449 -0.07126
0.12701 -0.08436 0.08173
-0.37706 0.13147 -0.04468
0.13724 0.08541 -0.01745
-0.27709 -0.02754 0.11550
-0.22522 -0.11562 -0.04597
-0.23159 -0.11170 -0.08492
0.32079 -0.15201 -0.09596
0.00709 -0.02982 -0.02239
0.21464 0.09692 0.01439
-0.02955 -0.03754 0.14926
-0.14483 -0.03924 0.14926
-0.13375 -0.03232 0.14926
0.38997 -0.00486 0.10849
-0.17220 -0.16590 0.12015
0.22748 -0.05584 -0.09491
0.13209 0.11135 -0.13932
0.13209 0.03982 -0.13981
0.13208 0.06898 -0.10983
0.13209 0.03288 -0.14002
0.19940 0.06858 0.10357
0.20393 -0.03014 0.10970
0.07280 -0.05258 0.13565
0.07220 0.03013 0.13565
-0.19864 -0.12878 -0.04057
-0.20591 0.10955 0.14643
0.31602 -0.13836 0.09933
-0.20287 -0.17335 0.10022
-0.21005 -0.07714 -0.10064
-0.18154 -0.08144 -0.10064
-0.14757 -0.10015 -0.10064
-0.21494 -0.07047 -0.10064
-0.21566 -0.14797 -0.12378
-0.26888 0.11490 0.13567
-0.22749 0.11397 0.13566
-0.24239 0.09572 0.13566
-0.32892 0.14225 0.13568
-0.23678 0.08718 0.13566
0.25612 -0.06023 0.10936
0.26912 -0.06745 0.10929
0.12834 -0.06376 0.14683
0.00923 -0.10627 0.12807
0.37521 -0.15584 -0.09658
-0.24017 -0.03078 0.11029
0.18080 -0.05415 0.07529
-0.14901 -0.11568 0.09585
0.09609 -0.07102 0.12008
0.13472 -0.10537 0.13621
0.13472 -0.08846 0.11809
0.13472 -0.10736 0.08707
0.13472 -0.11796 -0.01813
0.12762 -0.11073 -0.14892
0.23292 0.08531 -0.03572
-0.22594 -0.14741 0.10548
-0.37513 0.11217 0.04382
-0.37513 0.10184 0.05725
-0.24169 -0.02711 0.11976
-0.13717 0.12432 0.14946
-0.07687 0.13182 0.14946
-0.02272 0.13939 0.14946
-0.06335 0.13219 0.14946
-0.13866 0.13044 0.14946
-0.30206 -0.03778 -0.11496
0.41158 -0.04831 -0.10781
-0.28965 0.16463 0.14970
0.33171 -0.01616 0.11402
-0.40371 0.15364 -0.03442
0.10967 -0.13502 -0.00901
0.28040 0.04703 0.09099
0.08434 0.01237 -0.03728
0.11816 0.01034 0.11247
-0.38115 0.02096 0.09962
0.33992 -0.05191 -0.12505
0.40464 -0.10648 0.08199
0.21038 -0.04904 -0.08884
0.09486 0.15267 -0.12769
0.09491 0.16273 0.06271
0.09490 0.16076 0.07379
0.09480 0.14329 0.02692
0.09473 0.12988 0.02143
0.09483 0.14846 -0.08190
0.09484 0.15019 -0.06606
0.09489 0.15823 0.10303
0.09470 0.12426 -0.00415
0.09453 0.09482 -0.07716
0.09485 0.15201 0.00291
0.09484 0.14994 0.08161
-0.22682 -0.05046 0.14413
0.20477 0.00645 -0.11159
-0.39180 0.16504 -0.00326
0.14544 -0.08171 0.00722
-0.24261 -0.08738 -0.04037
0.38117 -0.09669 0.00010
0.31939 -0.09728 -0.00783
0.12836 0.16957 0.07832
0.40593 -0.02576 -0.09475
-0.14996 0.05077 -0.14268
-0.42213 0.15911 -0.02634
0.03832 -0.03541 -0.03554
0.12860 -0.06476 -0.11206
0.35560 -0.02757 0.04208
-0.22213 -0.05313 0.15262
-0.19047 -0.15378 -0.10816
0.38881 -0.00328 -0.03936
-0.21047 0.10541 0.15307
-0.38396 -0.03838 -0.11230
0.40892 -0.04323 -0.10731
0.17945 0.14897 0.05641
0.28613 -0.12772 -0.03202
0.18870 -0.04646 -0.09395
-0.23110 -0.13548 -0.10695
0.13711 0.08474 -0.09152
0.07746 0.05802 0.14926
0.33210 -0.09675 0.11890
0.16073 0.08983 -0.09550
0.40832 -0.10638 -0.00984
-0.37533 -0.07394 -0.14991
-0.00583 -0.02745 -0.03018
0.18831 -0.13249 -0.02789
-0.38268 0.11665 0.08198
-0.38131 -0.01086 0.01871
-0.38131 0.03471 0.01450
-0.30554 0.07648 0.14946
-0.27643 0.04468 0.14946
-0.35794 -0.03428 -0.11954
0.41329 -0.06412 -0.05695
-0.05580 0.11697 0.13565
0.07590 0.15427 0.13565
-0.05167 0.10980 0.13565
-0.20212 -0.12262 0.01087
-0.25581 -0.09139 -0.15349
0.28454 -0.08912 -0.11862
0.39466 -0.07258 -0.10162
-0.41100 0.15274 -0.08308
0.37804 -0.11787 0.10456
0.25155 -0.06257 0.00247
-0.21550 -0.15802 -0.11112
0.29758 -0.05627 -0.08545
0.07759 0.17201 -0.10993
0.06130 0.17201 0.05657
0.08966 0.17201 -0.03215
0.03735 0.17201 -0.02157
-0.03872 0.17201 -0.04774
0.11134 0.17201 0.06697
0.07814 0.17201 0.09184
0.03051 0.17201 -0.03433
0.03360 0.17201 -0.06005
0.08133 0.17201 0.00580
0.00270 0.17201 -0.04921
0.10107 0.17201 -0.12497
0.00578 0.17201 -0.02128
0.08691 0.17201 -0.01222
0.10774 0.17201 -0.05738
-0.03384 0.17201 -0.01722
-0.00209 0.17201 0.06489
0.02390 0.17201 -0.04241
0.05938 0.17201 -0.04177
0.09587 0.17201 -0.02714
-0.00305 0.17201 0.03740
0.12292 0.17201 -0.10050
0.11497 0.17201 0.11064
0.11650 0.17201 0.10239
0.09541 0.17201 0.01754
0.00886 0.17201 -0.04564
0.07474 0.17201 -0.07203
0.04455 0.17201 0.00906
0.05164 0.17201 -0.08620
0.07042 0.17201 0.01177
0.11870 0.17201 0.04995
0.11935 0.17201 0.02820
-0.08097 0.17201 -0.01924
-0.02129 0.17201 0.04683
-0.03895 0.17201 -0.03455
-0.01585 0.17201 -0.05285
0.11627 0.17201 0.13488
0.14740 0.09268 -0.07433
-0.37850 0.06572 -0.04857
-0.14095 -0.08002 0.14926
-0.08255 -0.09174 0.14926
-0.12057 -0.08818 0.14926
-0.19592 -0.15221 -0.13394
-0.17005 -0.09686 -0.14208
-0.37513 -0.03326 -0.08361
-0.37513 0.02943 -0.08240
0.24698 0.03253 0.10511
-0.09935 -0.03395 0.13566
-0.24307 -0.00257 0.13566
-0.22450 0.02012 0.13566
-0.23121 -0.00819 0.13566
-0.21395 0.04723 0.13565
-0.19296 0.02018 0.13566
-0.20829 -0.00351 0.13566
-0.13892 -0.03725 0.13566
-0.17483 -0.02707 0.13566
-0.23191 -0.11266 0.11327
0.37624 -0.09106 -0.09648
-0.37764 -0.11360 0.11175
-0.37661 -0.11567 0.11678
0.16391 -0.08706 -0.12296
0.12756 0.11901 0.14762
0.00339 -0.11760 -0.02757
0.18524 -0.04714 -0.08040
0.13493 0.08180 -0.04440
0.22747 0.08876 -0.06657
0.09903 -0.00902 0.11546
-0.13717 0.04711 -0.13651
-0.21309 0.04036 -0.13652
-0.19987 -0.13009 -0.00498
0.21213 -0.02144 0.10279
0.29525 -0.04141 0.02865
-0.27422 -0.11199 -0.15260
0.13101 -0.11820 -0.00071
0.13121 -0.10741 -0.01468
-0.27279 -0.01396 0.11724
-0.01199 0.09641 0.13565
-0.01643 0.07111 0.13565
-0.04026 -0.03516 0.13565
-0.04167 -0.02444 0.13565
-0.02535 -0.04412 0.13565
0.37914 -0.00901 -0.11879
0.31486 -0.07247 -0.08775
0.34343 -0.13032 0.13496
0.24922 -0.10256 -0.00572
0.02805 -0.00193 -0.07485
0.37112 -0.01597 0.07988
0.06344 0.10249 0.13910
0.35414 -0.14039 -0.09266
-0.15230 -0.10446 -0.12958
-0.11981 -0.00271 0.13565
-0.14196 0.03704 0.13565
-0.10938 0.02638 0.13565
-0.16736 0.04756 0.13565
-0.12136 0.01745 0.13565
0.31522 0.02139 -0.06587
0.30197 0.04050 -0.04527
0.00934 0.03901 0.14425
0.16586 0.01728 -0.04268
0.20364 0.01346 -0.11720
0.23203 0.05460 -0.10724
0.28007 -0.11841 0.04965
0.22526 -0.11912 0.06434
0.21871 -0.11919 0.06837
0.22826 -0.11914 0.05421
0.24528 -0.11887 0.05739
0.24272 -0.11884 0.06709
0.05027 0.04967 -0.06607
0.25336 0.08817 -0.04577
0.38556 -0.04255 -0.09144
0.39258 -0.06563 0.12243
0.25200 -0.09550 -0.09626
0.30286 -0.11492 -0.01586
0.32342 -0.03640 0.05638
0.26147 0.00606 0.11668
0.38690 -0.15328 0.10921
0.23477 0.08132 -0.08333
-0.22912 -0.08528 -0.10762
0.19034 -0.11496 -0.10370
0.17717 -0.11502 -0.10673
0.35736 -0.02158 -0.03852
0.10505 0.06054 0.10342
0.29829 -0.09874 -0.02495
-0.30159 -0.03418 -0.08110
0.13265 -0.13398 -0.04093
-0.25238 -0.11908 -0.12161
0.38371 -0.01385 0.08358
-0.38131 -0.10139 -0.05756
-0.38131 -0.10613 0.05365
-0.38131 -0.09801 0.05902
-0.38131 -0.09667 0.07800
-0.38198 -0.11443 -0.09655
-0.39149 -0.11443 -0.09417
-0.38426 -0.11443 0.00271
-0.38020 -0.11443 -0.03067
0.29322 0.00624 -0.10916
-0.24995 -0.12234 -0.11508
0.29764 -0.07431 -0.02816
0.32989 -0.06970 -0.03273
0.41001 -0.10195 -0.06691
-0.13545 0.00378 0.14946
-0.24077 0.00521 0.14946
-0.12895 0.01955 0.14946
-0.04632 0.03896 0.14946
-0.18646 0.01568 0.14946
-0.20750 0.00996 0.14946
