0.28547 -0.07007 0.06334
-0.18053 -0.04749 0.15839
-0.12989 -0.15397 0.10435
-0.21203 -0.03316 0.26711
-0.17318 -0.15420 0.23908
-0.04004 0.02676 0.04686
-0.04004 0.03672 -0.01570
-0.04004 0.00613 0.03986
-0.04004 0.05178 0.04701
-0.04004 0.05142 0.03257
-0.04004 0.05443 -0.03834
-0.04004 0.05497 0.01504
-0.04004 0.04247 0.02877
0.16556 0.07717 0.03345
0.16555 0.04834 0.03345
0.30673 -0.05182 0.06037
-0.17739 -0.10518 0.01660
-0.26980 -0.18557 0.10540
0.17937 0.08514 0.05483
0.28858 -0.14478 0.13819
-0.26405 -0.11499 0.23518
-0.14591 -0.18001 0.18593
-0.05570 0.00919 -0.10690
0.30765 0.03363 0.01572
0.22989 -0.15721 -0.10431
-0.21918 -0.03311 -0.18616
-0.16981 -0.05151 0.11687
-0.17264 -0.05033 0.14656
-0.26406 -0.11489 -0.25033
-0.26422 -0.11370 -0.25562
-0.13704 0.03745 0.13099
-0.16312 -0.18709 0.18403
0.28669 -0.12999 -0.06106
-0.20945 -0.03585 -0.26625
-0.21748 -0.02059 0.26738
-0.07677 -0.09243 -0.00736
-0.01774 -0.08682 -0.00264
-0.07584 -0.09234 0.01262
-0.02831 -0.08783 0.01710
-0.01808 -0.08685 0.00325
-0.02916 -0.08791 0.03921
-0.06368 -0.09118 -0.01009
-0.07653 -0.09241 -0.00248
-0.06238 -0.09106 -0.00165
-0.02316 -0.08734 0.01890
-0.07521 -0.09228 0.01739
-0.01173 -0.08625 0.02508
-0.02396 -0.08741 0.01110
-0.04678 -0.08958 0.03549
-0.25994 -0.14919 0.10678
-0.12614 0.10592 0.08948
-0.11892 0.13793 0.08245
-0.14146 -0.15325 -0.26088
0.28653 -0.15540 -0.09171
0.14911 0.23175 0.04946
0.31503 -0.16016 -0.13407
-0.28729 -0.15040 0.18349
-0.21764 0.16076 0.07814
-0.22964 0.15840 0.07854
-0.24908 0.15752 0.07869
-0.24668 -0.12629 0.16225
-0.29083 -0.17126 0.19551
-0.21394 -0.19861 -0.18564
-0.29235 -0.16928 0.15440
-0.14240 -0.15287 0.13480
-0.14767 -0.15975 0.11808
0.04072 0.00239 0.03067
0.09311 0.00218 0.03067
-0.25877 0.12844 -0.08509
-0.26467 0.09103 -0.09290
-0.26189 0.07316 -0.09643
-0.25880 0.09334 -0.09221
-0.29986 -0.08414 0.26277
0.16861 0.17732 0.05026
-0.09594 -0.15814 -0.12071
-0.20648 -0.00330 0.17695
0.07284 0.02717 -0.06087
0.25879 -0.14269 0.10446
-0.26157 -0.13296 -0.19295
-0.01048 0.03697 0.04843
-0.00597 0.03697 0.03620
-0.26073 -0.10422 0.00061
-0.17148 -0.17543 0.19854
-0.18191 -0.18253 -0.17952
-0.26104 0.16285 -0.02496
-0.26296 0.15160 0.04335
-0.26072 0.16471 0.00547
-0.26124 0.16167 0.00087
-0.26325 0.14989 0.05228
-0.34517 -0.15210 -0.00500
-0.23439 -0.05750 -0.22836
-0.22398 -0.03037 -0.18464
-0.28542 -0.15735 0.26626
0.27189 -0.17084 0.11878
-0.29439 -0.05180 0.26017
-0.12949 -0.11828 -0.16742
-0.30261 -0.14209 -0.10929
0.28445 -0.12288 -0.10292
-0.10078 0.01056 0.10689
-0.02501 0.04474 0.02886
-0.13800 -0.07910 -0.23420
-0.14207 -0.07380 -0.20063
-0.28806 -0.03786 0.14893
-0.28313 -0.11558 -0.26780
-0.13545 -0.09402 -0.17697
-0.21341 -0.04760 0.13826
-0.21325 -0.04758 0.12308
-0.18893 -0.08846 0.20996
-0.14560 -0.15704 -0.14762
-0.14826 -0.16052 -0.14086
-0.18376 -0.11050 -0.10191
0.27464 -0.20025 -0.14099
0.30803 -0.02883 0.05995
0.17570 0.06686 0.05616
-0.01142 -0.08032 -0.07164
0.07137 -0.08615 -0.06229
0.08330 -0.08615 -0.06039
-0.16511 -0.01658 0.18241
0.00098 -0.04641 0.04859
0.13170 0.10922 0.04636
-0.25377 -0.07736 -0.11439
-0.24511 -0.06608 -0.11787
0.25067 -0.14365 -0.10360
-0.15865 -0.21668 -0.13716
-0.14393 -0.19823 -0.18739
-0.18433 -0.17925 0.14407
-0.18701 -0.17961 0.12751
0.22515 -0.18934 0.14416
-0.10484 -0.11887 -0.01495
-0.28983 -0.17916 -0.20823
0.30913 -0.12998 -0.15083
-0.14886 -0.07454 -0.17571
-0.15403 -0.08193 -0.16389
-0.26038 0.16703 -0.06284
-0.26038 0.17148 0.00749
-0.26038 0.17552 0.00152
-0.26038 0.17305 0.02821
-0.20821 -0.04719 -0.11012
-0.18649 -0.15567 -0.15121
-0.19318 -0.15235 -0.14548
-0.19777 -0.04554 -0.12894
-0.19992 -0.04583 -0.17085
-0.12834 -0.16189 -0.10274
0.25338 -0.16870 0.14182
-0.15908 -0.11732 0.01469
-0.14825 -0.04644 -0.18408
-0.25480 -0.01894 0.12577
-0.00075 0.03673 0.05178
0.10713 -0.05239 0.03853
0.29369 -0.13470 -0.09039
-0.14813 -0.02078 0.18126
-0.13210 0.04513 0.11412
0.29867 -0.20114 -0.14573
-0.19535 -0.22410 0.15850
0.23461 -0.21090 -0.11946
-0.12749 -0.05398 -0.09529
-0.15782 -0.03541 -0.09870
-0.19180 -0.01265 -0.10289
-0.22394 0.00862 -0.10679
-0.22952 0.01399 -0.10778
-0.11253 -0.04659 -0.09665
-0.12872 -0.02920 -0.09984
-0.19022 -0.00156 -0.10492
-0.11897 -0.02740 -0.10018
-0.13992 -0.00241 -0.10476
-0.11861 -0.05309 -0.09546
-0.18738 0.00466 -0.10606
-0.12380 -0.01368 -0.10270
-0.12993 -0.00955 -0.10345
-0.11393 -0.05657 -0.09482
-0.12751 -0.03792 -0.09824
-0.09984 -0.05273 -0.09552
-0.21054 0.00035 -0.10527
-0.14551 -0.04443 -0.09705
-0.20227 -0.00432 -0.10441
-0.26769 0.00638 -0.10638
-0.20231 -0.02260 -0.10106
-0.28536 -0.19063 0.20835
-0.22605 -0.00019 0.11277
0.30566 -0.14633 -0.12456
0.28329 -0.21664 -0.15072
-0.07907 -0.07353 -0.09170
-0.10339 -0.07959 -0.18719
0.27766 -0.21330 -0.10359
-0.10657 -0.10679 0.01431
0.27056 -0.14213 0.12354
-0.17587 -0.03761 0.18302
-0.26400 -0.11094 -0.17494
0.13566 -0.08615 -0.02103
0.20059 -0.08615 -0.02520
0.10893 -0.08615 0.00242
0.25083 -0.08615 -0.02821
0.15689 -0.08615 -0.01422
0.20426 -0.08615 -0.02205
0.08371 -0.08615 -0.00885
0.07085 -0.08615 0.00503
0.12609 -0.08615 0.00553
0.13952 -0.08615 -0.00717
0.11617 -0.08615 0.00602
0.17003 -0.08615 -0.01448
0.08554 -0.08615 0.01493
0.08213 -0.08615 0.01929
0.13078 -0.08615 -0.02522
0.12084 -0.08615 -0.00264
0.06628 -0.08615 -0.01854
0.06491 -0.08615 0.00477
0.22398 -0.08615 -0.02332
0.05951 -0.08615 0.02246
0.21351 -0.08615 -0.02863
0.09100 -0.08615 -0.00161
-0.28152 -0.05417 -0.10572
-0.16998 -0.15189 -0.15593
-0.15955 -0.16004 -0.17354
-0.09810 -0.16336 -0.20126
0.34728 -0.18914 0.11883
0.25776 -0.18671 -0.13236
-0.24619 -0.22076 0.20855
-0.29371 -0.04974 0.17712
-0.26205 -0.09607 0.15838
0.31999 -0.11561 -0.12887
-0.15839 -0.18576 0.26718
-0.26991 -0.07983 0.00585
-0.22283 -0.01420 0.04623
-0.11079 -0.14549 0.10267
0.25365 -0.17410 0.13196
-0.24665 -0.15817 -0.12365
-0.25402 -0.14855 -0.15907
0.27279 -0.13700 0.14603
-0.14037 0.05565 -0.09976
-0.14693 0.09216 -0.09217
-0.14178 0.15578 -0.07946
-0.14053 0.09383 -0.09203
-0.13868 0.16051 -0.07860
-0.10255 -0.09496 0.00051
-0.29315 -0.15065 0.18905
0.21695 0.02812 0.06230
0.27374 -0.13688 -0.10708
-0.12856 -0.04490 -0.10309
-0.28713 -0.14025 0.08978
-0.27216 -0.13000 0.08978
-0.26866 -0.14020 0.08978
-0.20681 0.06411 -0.02125
-0.25415 -0.08701 0.03546
-0.24654 -0.08581 0.01861
-0.24641 -0.08579 -0.00278
-0.25362 -0.08693 -0.02949
-0.25107 -0.08652 -0.04928
-0.25352 -0.08691 -0.00640
-0.24870 -0.08615 -0.03772
-0.23887 -0.08460 0.08150
-0.12873 -0.18678 0.18744
0.28956 -0.05253 -0.00108
-0.26273 -0.10129 -0.15307
-0.16426 -0.20217 -0.26735
-0.12943 -0.10842 -0.23115
-0.13052 -0.10015 -0.25629
-0.11129 -0.03682 -0.20696
-0.28403 -0.03377 0.15610
-0.24795 -0.07656 -0.26017
-0.12601 -0.09984 0.18022
-0.20929 -0.06100 -0.24793
0.31653 -0.16741 -0.13242
0.29176 -0.12727 -0.00813
0.21994 -0.08718 -0.02666
0.21601 -0.12188 -0.00713
0.21863 -0.09869 0.01383
0.21538 -0.12740 -0.02031
0.21909 -0.09467 0.01008
-0.14440 -0.20720 -0.19091
0.00750 -0.07881 -0.06255
-0.26488 -0.04720 -0.18608
-0.21087 0.06660 -0.04526
-0.23071 -0.05468 -0.21679
-0.16457 -0.21913 0.25687
-0.12277 -0.14691 -0.26707
0.29898 -0.22202 -0.10361
0.26528 -0.19183 -0.14406
-0.07754 -0.11473 -0.25266
0.24987 -0.22490 0.13315
-0.18938 -0.17992 -0.22926
-0.19037 -0.18005 -0.22079
-0.15344 -0.03336 -0.10243
-0.13711 -0.14510 -0.23185
-0.13772 -0.14658 -0.21482
0.25420 -0.11999 -0.07298
-0.13051 -0.12599 -0.23275
-0.13023 -0.12388 -0.19402
-0.09536 -0.06951 0.17062
-0.13164 -0.13996 0.19105
-0.20465 -0.12725 -0.03819
-0.31454 -0.07563 -0.10384
-0.22965 -0.17211 0.16101
-0.21933 -0.17638 0.12888
-0.14848 -0.05786 -0.18940
0.12166 0.01063 0.06136
0.07591 0.01840 0.06136
0.06690 0.01611 0.06136
0.08903 0.00785 0.06136
-0.00024 0.01920 0.06136
0.20116 0.01020 0.06136
0.22917 0.00944 0.06136
0.10601 0.01050 0.06136
-0.03721 -0.00267 -0.04963
-0.02860 0.01180 -0.04963
-0.10145 -0.17018 -0.25921
-0.05734 0.17872 0.07712
-0.09700 0.17106 0.07712
-0.04365 0.17090 0.07712
0.30004 -0.12220 -0.07159
0.25665 -0.22861 -0.11910
-0.29112 -0.05537 -0.17677
0.08369 -0.07066 0.04397
0.10934 -0.07066 0.04841
-0.19279 -0.19975 -0.18568
-0.31547 -0.11746 0.22547
-0.24961 -0.21041 -0.13178
0.11999 -0.01480 0.06326
-0.17804 -0.17815 -0.14184
-0.17339 -0.17623 -0.13895
0.13233 0.09501 0.04319
-0.01068 -0.10398 -0.00480
-0.01068 -0.09631 -0.05244
-0.01068 -0.10612 0.00505
-0.01068 -0.09071 -0.04748
-0.13392 -0.08882 0.20336
-0.13592 -0.08400 0.19513
0.17797 0.16257 0.05052
-0.24145 -0.16333 0.22521
-0.19964 -0.17981 -0.26017
0.30485 -0.15760 -0.13552
0.22434 -0.15368 -0.14442
-0.02383 0.07799 0.09422
-0.01574 0.03377 0.09983
-0.01722 0.04275 0.09267
-0.01458 0.02784 0.09783
-0.28816 -0.12309 -0.10254
0.03843 0.01838 0.01439
0.05659 0.01838 0.00905
0.07605 0.01838 -0.00209
0.20151 0.01838 0.01149
0.13829 0.01838 -0.00278
0.08512 0.01838 0.00937
0.06355 0.01838 0.00369
0.10386 0.01838 0.00844
0.10088 0.01838 -0.00131
0.11071 0.01838 0.01041
0.08032 0.01838 0.00434
-0.11115 -0.18460 -0.14796
0.30073 -0.17063 -0.09756
0.18675 0.02869 -0.06232
-0.21556 -0.10137 0.12214
-0.24121 0.01476 0.12761
-0.17295 0.01476 0.13165
-0.27801 0.01476 0.11697
-0.23507 0.01476 0.11825
-0.22062 0.01476 0.12755
-0.27576 -0.10561 0.26661
0.22380 -0.17268 -0.10686
0.28789 -0.19525 0.13707
0.15923 -0.01084 -0.06399
-0.23092 -0.05485 -0.15500
-0.12630 -0.13435 0.26404
-0.15163 -0.08479 -0.09003
-0.18929 -0.08695 -0.09003
0.03361 0.00380 0.06326
0.16344 0.05647 0.05844
0.16316 0.06655 0.05846
0.10401 -0.06126 -0.03858
-0.20536 0.16243 -0.07811
-0.18063 0.15965 -0.07858
-0.15421 0.15766 -0.07892
-0.18092 0.15332 -0.07967
0.07411 0.03697 0.04941
0.31130 -0.07793 -0.02462
-0.06618 0.18512 0.00896
-0.02721 0.18512 -0.02157
-0.10040 0.18512 0.06207
-0.07035 0.18512 0.02953
-0.08369 0.18512 0.00487
-0.19496 0.18512 0.06786
-0.03991 0.18512 -0.04747
-0.08986 0.18512 0.02835
-0.21844 0.18512 0.06159
-0.04492 0.18512 -0.04064
-0.06248 0.18512 0.03906
-0.22114 0.18512 0.06965
-0.13175 0.18512 0.03864
-0.13358 0.18512 0.01839
-0.07434 0.18512 -0.01176
-0.05350 0.18512 0.03836
-0.20751 0.18512 0.07712
-0.10856 0.18512 -0.01449
-0.18533 0.18512 0.07545
-0.02809 0.18512 0.04165
-0.05340 0.18512 -0.02626
-0.19870 0.18512 0.07442
-0.10202 0.18512 0.00855
-0.02680 0.18512 0.01842
-0.11194 0.18512 0.03589
-0.11436 0.18512 0.01138
-0.07251 0.18512 -0.00755
-0.11002 0.18512 0.00788
-0.23101 0.18512 0.06175
-0.08995 0.18512 -0.02176
-0.02683 0.18512 -0.05665
-0.18859 0.18512 0.06071
-0.07349 0.18512 -0.02105
-0.02742 0.18512 -0.07369
-0.02859 0.18512 0.06124
-0.05898 0.18512 -0.01077
-0.06025 0.18512 -0.01774
-0.04528 0.18512 -0.01861
-0.05468 0.18512 -0.00718
-0.05198 0.18512 0.06415
-0.16074 0.18512 0.06048
-0.09926 0.18512 0.07338
-0.14940 0.18512 0.03012
-0.12148 0.18512 0.06560
-0.18347 0.18512 0.03913
-0.07896 0.18512 -0.02108
-0.02319 0.18512 -0.04782
-0.05978 0.18512 0.00705
-0.20721 0.18512 0.07135
-0.04392 0.18512 -0.00487
-0.19269 0.18512 0.05531
-0.07085 0.18512 -0.04273
0.31554 -0.22496 -0.11008
-0.28227 -0.12316 0.18476
-0.19609 0.00156 0.17555
0.30270 -0.16043 -0.13037
-0.30275 -0.09975 -0.19100
-0.29681 -0.06021 0.13223
-0.25396 -0.18101 -0.18474
-0.01183 -0.04099 -0.07676
-0.01167 -0.05650 -0.07414
-0.25066 -0.15293 0.20529
-0.24541 -0.15978 0.24546
-0.15929 -0.05706 0.23629
-0.16209 -0.05491 0.23245
0.30697 -0.08615 0.01765
-0.20413 -0.08749 -0.03235
-0.11749 -0.08749 0.05384
-0.17217 -0.08749 0.00452
-0.24115 -0.08749 0.07838
-0.08190 -0.08749 0.06071
-0.08514 -0.08749 0.06986
-0.15693 -0.08749 0.01960
-0.19338 -0.08749 0.02105
-0.16745 -0.08749 0.01493
-0.14331 -0.08749 0.06953
-0.16634 -0.08749 -0.01140
-0.10828 -0.08749 0.01941
-0.17370 -0.08749 0.08425
-0.22901 -0.08749 0.07267
-0.22547 -0.08749 -0.00987
-0.18478 -0.08749 -0.01126
-0.12094 -0.08749 0.04100
-0.24307 -0.08749 -0.07819
-0.15757 -0.08749 0.03344
-0.24930 -0.08749 0.08058
-0.10718 -0.08749 0.07698
-0.13027 -0.08749 0.01454
-0.20821 -0.08749 -0.02893
-0.21924 -0.08749 0.05689
-0.18394 -0.08749 0.00927
-0.20057 -0.08749 0.00396
-0.16323 -0.08749 0.00167
-0.25191 -0.08749 0.00512
-0.12563 -0.08749 0.03680
-0.14739 -0.08749 -0.00887
-0.13563 -0.08749 0.05464
-0.04108 -0.08749 0.07367
-0.22458 -0.08749 0.04727
-0.13527 -0.08749 0.04476
-0.09112 -0.08749 0.06153
-0.09820 -0.08749 0.05256
-0.17166 -0.08749 -0.02211
-0.21959 -0.08749 -0.03242
-0.24526 -0.08749 0.04851
-0.23792 -0.08749 0.06181
-0.25083 -0.08749 -0.02267
-0.15101 -0.08749 0.06089
-0.22488 -0.08749 0.08131
-0.20717 -0.08749 0.08224
-0.24330 -0.08749 -0.05753
-0.14547 -0.08749 0.02796
-0.02909 -0.08749 0.08954
-0.14329 -0.08749 0.02276
-0.09393 -0.08749 0.08797
-0.20327 -0.08749 0.05205
-0.09160 -0.08749 0.03556
-0.19484 -0.08749 0.00212
-0.17496 -0.08749 0.04145
-0.11894 -0.08749 0.08364
-0.22222 -0.08749 -0.04693
-0.21654 -0.08749 -0.01286
-0.24058 -0.08749 0.02633
-0.15132 -0.08749 0.04634
-0.21594 -0.08749 -0.00254
-0.15056 -0.08749 0.07242
-0.20522 -0.00313 -0.12485
0.15095 0.05958 0.05171
-0.02895 0.04868 -0.01776
0.04975 0.02431 -0.06344
-0.28616 -0.16241 0.26528
-0.13150 -0.13159 0.22778
-0.22738 -0.00079 0.13980
0.30673 0.00361 -0.00494
-0.02334 0.07622 -0.07801
-0.02072 0.06267 -0.08222
-0.03827 0.15646 -0.07002
0.33603 -0.14206 0.10386
-0.19040 -0.10209 0.06674
0.02569 -0.12147 -0.05647
0.03480 -0.11604 0.03983
0.03032 -0.11871 -0.03542
0.01013 -0.13075 -0.05087
0.03113 -0.11823 0.00956
0.03200 -0.11771 -0.02956
0.03190 -0.11777 -0.04381
0.00829 -0.13184 -0.02908
0.02053 -0.12455 0.00161
0.03400 -0.11652 0.04549
-0.28035 -0.04971 -0.18040
0.01198 0.03323 -0.05908
0.29784 -0.12132 -0.06580
-0.18849 -0.09421 0.11983
-0.26093 -0.09303 0.19506
-0.25790 -0.08573 0.20985
0.27852 -0.20937 0.14862
0.24718 -0.15488 -0.10408
-0.01196 -0.02767 0.09823
0.28464 -0.13852 -0.13024
0.07825 -0.02263 0.03067
0.20399 -0.01996 0.03067
-0.08351 -0.11494 -0.16832
0.22390 -0.18469 0.11682
-0.10156 -0.05593 0.16112
-0.17714 0.00381 0.23791
-0.31358 -0.03858 0.00346
-0.26855 -0.06089 -0.18473
-0.21853 -0.01535 0.10441
-0.23509 -0.07360 0.08331
-0.25367 -0.05468 -0.01431
-0.24940 -0.05903 0.02379
-0.23618 -0.07250 0.08919
-0.27344 -0.03455 0.08636
-0.26627 -0.04185 0.00559
-0.26219 -0.04601 0.01088
-0.26243 -0.04576 0.03644
-0.26701 -0.04110 0.09017
-0.26746 -0.04064 -0.04744
-0.24452 -0.06400 0.05886
-0.27298 -0.03502 -0.08282
-0.24213 -0.06643 0.07468
-0.25750 -0.05078 0.06710
-0.27266 -0.03534 -0.04489
-0.26985 -0.03820 -0.06960
0.27477 -0.14174 0.06216
-0.21601 -0.07079 -0.15541
0.10171 -0.05039 -0.05478
0.30673 -0.00647 0.02633
0.26359 -0.13538 0.14885
-0.12923 -0.10991 0.23705
0.27331 -0.16877 -0.07104
-0.18535 -0.22278 0.20297
-0.20633 -0.03070 -0.04648
-0.22937 -0.17337 -0.10934
-0.27264 -0.13165 0.10432
-0.18563 -0.04682 -0.20729
-0.17977 -0.04759 -0.23631
-0.14732 -0.21243 -0.17575
0.10777 -0.00915 0.06326
0.07507 -0.01262 0.06326
0.26722 -0.13300 0.07015
-0.30376 -0.13611 0.26083
0.19851 -0.00902 0.03067
0.31130 -0.04044 0.05109
-0.19088 -0.04613 -0.25541
-0.09581 -0.14621 0.10721
-0.26122 -0.20239 0.25739
0.30597 -0.18067 0.13436
-0.18050 -0.16789 -0.16940
-0.17984 -0.16181 -0.16203
-0.14078 -0.04851 0.26774
-0.09257 -0.12569 -0.18060
0.15251 0.19441 0.05331
0.23147 -0.00046 0.06326
0.27811 -0.00060 0.06326
-0.03437 0.05675 -0.00844
0.26455 -0.14306 -0.14602
-0.12157 -0.17249 -0.18631
-0.03321 0.17378 0.04367
-0.02672 0.18067 0.06787
-0.03441 0.17251 0.06253
-0.03675 0.17002 0.06746
-0.02937 0.17786 0.00414
-0.02483 0.18268 0.07439
-0.26184 -0.13100 0.25080
-0.25769 -0.14102 0.19459
-0.28288 -0.16674 -0.10479
0.00336 0.02121 -0.06162
0.19882 0.02100 -0.06162
0.24168 0.02293 -0.06162
0.08990 0.01567 -0.06162
0.05113 0.01217 -0.06162
0.12713 0.01580 -0.06162
0.11691 0.01537 -0.06162
0.14107 0.01787 -0.06162
-0.22454 0.04553 -0.00195
-0.22454 0.01879 -0.04601
-0.22454 0.05728 0.01820
-0.22454 0.04818 0.00342
-0.22454 0.06732 -0.04594
-0.22454 0.06005 -0.01511
-0.22454 0.06684 0.02901
-0.24073 -0.03948 -0.18455
-0.20121 -0.17522 -0.26008
-0.22632 -0.04524 0.18155
-0.23530 -0.13050 -0.23296
-0.23237 -0.12613 -0.22695
-0.21935 -0.19046 0.26681
-0.28382 -0.14250 -0.01004
-0.27595 -0.14250 -0.02963
-0.27630 -0.14250 -0.05323
-0.28234 -0.14250 -0.06866
-0.25370 -0.01809 -0.11373
-0.10754 -0.13395 -0.00369
0.15021 0.03023 -0.06152
0.34242 -0.13987 -0.13503
0.14391 0.06802 0.03536
0.14329 0.09318 0.03558
-0.25751 -0.02102 0.25520
-0.18827 -0.02629 0.18563
0.28620 -0.23325 -0.13613
-0.27308 -0.09809 -0.18292
-0.15823 -0.05788 0.20490
-0.15307 -0.06184 0.20188
-0.19218 -0.21287 -0.10416
-0.18021 -0.00414 0.25859
-0.11074 -0.06070 -0.18751
0.27887 -0.12676 0.01866
-0.11356 -0.04229 0.10938
-0.25972 -0.13612 0.11500
-0.17619 -0.03182 -0.18425
-0.19716 -0.04546 0.24705
-0.18390 -0.11914 -0.10047
-0.13607 -0.09522 0.00250
-0.13955 -0.14916 0.23729
-0.26702 -0.09170 -0.10609
-0.25576 -0.12658 0.01845
-0.14726 -0.06716 -0.17697
-0.19951 0.02070 0.12319
-0.24780 0.02070 0.12659
-0.21335 0.02070 0.12103
-0.27068 0.02070 0.12328
-0.21112 0.02070 0.12878
-0.23821 0.02070 0.12178
-0.21558 -0.00450 0.11178
-0.15199 -0.04869 -0.26624
-0.30683 -0.11958 -0.19360
0.26456 -0.12281 0.10244
-0.22574 -0.22366 0.14211
-0.22747 -0.09078 -0.22703
-0.09910 -0.16578 0.11158
-0.03561 0.03114 0.04937
-0.02034 -0.00100 0.04937
-0.03983 0.04088 0.04937
-0.33365 -0.08276 -0.10311
0.00312 0.03476 -0.05219
-0.12889 -0.11251 -0.15746
0.25426 -0.13154 -0.15098
-0.22526 -0.17393 -0.22856
-0.22941 -0.17221 -0.23604
-0.20164 -0.00266 0.25155
0.28239 -0.18799 -0.12692
-0.29356 -0.04494 0.16165
-0.13021 -0.12378 0.22418
0.31130 -0.06283 -0.02424
0.32746 -0.18250 -0.15030
-0.20952 -0.04709 0.21159
-0.21221 -0.04744 0.25037
-0.16286 -0.19955 -0.18448
0.30673 -0.08508 -0.02660
0.30189 -0.17234 -0.12558
-0.13490 -0.13979 0.22753
-0.13753 -0.14613 0.24858
-0.08177 -0.11222 -0.21939
-0.15234 -0.11832 -0.15260
0.26623 -0.19575 -0.13203
0.10034 0.03507 0.02963
0.01838 0.03507 0.04927
0.03091 0.03507 -0.02251
0.02287 0.03507 -0.03266
0.08787 0.03507 -0.00525
0.01005 0.03507 -0.03074
0.17738 0.03507 0.01203
0.22367 0.03507 0.02266
0.22785 0.03507 0.04536
0.15717 0.03507 0.03141
0.03790 0.03507 -0.03431
0.17909 0.03507 0.03368
0.02509 0.03507 -0.01126
0.04777 0.03507 0.02293
0.05233 0.03507 0.02434
0.17152 0.03507 0.04540
0.02686 0.03507 0.04272
0.12854 0.03507 0.02855
0.12008 0.03507 -0.00090
0.12447 0.03507 0.01057
0.00819 0.03507 0.00070
0.05421 0.03507 0.00977
0.23705 0.03507 0.03032
0.10682 0.03507 0.02920
0.13204 0.03507 0.04610
0.01563 0.03507 -0.01953
0.14963 0.03507 0.02950
0.06294 0.03507 -0.00140
0.04209 0.03507 0.03614
0.02038 0.03507 -0.01729
0.15940 0.03507 0.00672
0.03160 0.03507 -0.00514
0.05931 0.03507 0.04828
0.01588 0.03507 0.00623
0.21165 0.03507 0.03330
0.03751 0.03507 -0.00680
0.07005 0.03507 -0.01618
0.12702 0.03507 0.03724
0.02280 0.03507 0.03874
0.14386 0.03507 0.01498
0.14456 0.03507 0.02695
0.00125 0.03507 0.00148
0.07950 0.03507 -0.01717
0.05326 0.03507 -0.03081
0.17254 0.03507 0.03220
-0.14605 -0.21080 0.10982
-0.13828 -0.01034 0.13958
0.01835 0.02352 -0.06158
-0.16779 -0.07913 -0.04648
-0.13733 -0.08010 -0.04648
-0.12896 -0.07413 -0.04648
-0.22408 0.11880 0.08647
-0.25454 0.05895 0.09909
-0.25338 0.08666 0.09325
-0.21407 0.11091 0.08813
-0.22766 0.13701 0.08263
-0.23892 0.14028 0.08194
-0.21711 0.10438 0.08951
-0.16903 0.14149 0.08168
-0.16568 0.14588 0.08076
-0.22949 0.07776 0.09513
-0.22378 0.14105 0.08178
-0.23397 0.11791 0.08666
-0.18060 0.14715 0.08049
-0.29596 -0.08541 0.10550
-0.27488 -0.03909 0.26236
-0.30001 -0.09571 -0.26374
-0.14719 -0.13487 -0.24874
-0.13992 -0.13083 -0.25585
0.30673 0.00817 0.04737
-0.15488 -0.16581 -0.21387
-0.16121 -0.17066 -0.21830
-0.14450 -0.01542 -0.12480
0.05981 -0.08465 0.03067
0.16381 -0.07456 0.03067
0.25958 -0.08527 0.03067
0.14203 -0.07595 0.03067
0.20241 -0.08143 0.03067
0.09815 -0.08321 0.03067
-0.07992 -0.10396 0.21024
0.25996 -0.15243 -0.14439
-0.02561 -0.14172 -0.02143
-0.01114 -0.14310 -0.05215
-0.03552 -0.14078 0.01766
-0.07771 -0.13678 0.00366
-0.03777 -0.14057 0.00972
-0.01381 -0.14285 -0.01244
-0.09692 -0.13495 0.00267
-0.05110 -0.13931 0.00726
-0.08342 -0.13624 -0.01213
-0.06863 -0.13764 -0.00561
-0.04010 -0.14035 -0.02876
-0.02327 -0.14195 0.04803
-0.03073 -0.14124 0.02919
-0.04322 -0.14005 -0.02000
-0.01135 -0.14308 -0.04472
-0.12711 -0.12372 -0.10786
-0.25163 -0.08291 -0.17697
0.15376 0.07412 0.05441
-0.29359 -0.12977 0.18340
-0.26791 -0.11601 -0.26295
0.03104 -0.10672 0.05914
0.02620 -0.11156 0.05914
0.26947 -0.12208 -0.07888
0.02528 -0.00404 0.06326
0.07708 0.00092 0.06326
0.00893 -0.00288 0.06326
0.08810 -0.00349 0.06326
-0.17101 -0.17524 0.13855
-0.16925 -0.17451 0.11723
-0.19662 -0.01506 -0.00300
-0.19662 -0.02026 -0.01598
-0.19662 -0.02061 -0.04264
-0.15659 -0.21583 0.21722
-0.14787 -0.21222 0.22920
-0.14588 -0.21139 0.23706
-0.04323 0.07935 -0.09506
-0.04281 0.08388 -0.09415
-0.04007 0.11039 -0.08885
-0.05152 0.12959 -0.08450
-0.15791 -0.00987 0.16820
0.01741 0.03581 0.05490
0.12946 -0.00388 0.04272
-0.21857 -0.11142 -0.01466
-0.28542 0.04440 0.07149
-0.27089 0.11330 -0.00162
-0.27553 0.09127 0.03418
-0.26727 0.13046 0.03214
-0.26446 0.14376 -0.02836
-0.26515 0.14051 0.02447
-0.27072 0.11410 0.02114
-0.27967 0.07168 0.04228
-0.26671 0.13308 0.06169
-0.28071 0.06675 0.07286
-0.27900 0.07484 0.06608
-0.27060 0.11464 0.05082
-0.26447 0.14374 0.00466
-0.27034 0.11590 0.01406
-0.26895 0.12249 -0.00800
-0.27520 0.09283 0.05661
-0.28509 0.04596 0.07861
-0.26565 0.13815 0.00209
-0.26886 0.12290 -0.00319
-0.24924 -0.18723 0.10263
-0.12915 -0.04741 0.18593
-0.06104 -0.07868 0.09050
0.02899 0.02437 0.06318
-0.20460 -0.17980 0.12338
-0.19942 -0.18049 0.12039
-0.32998 -0.14798 -0.00578
-0.23514 -0.00985 0.12216
-0.24963 -0.01585 0.14981
-0.25146 -0.01661 0.15810
0.25850 -0.12650 0.07015
-0.27196 -0.16198 -0.10240
0.29717 -0.13832 -0.14610
0.28401 -0.04555 -0.01155
-0.09264 -0.08931 0.19049
-0.25718 -0.11420 -0.01281
0.14637 -0.00128 -0.06413
-0.01590 0.03879 0.00864
0.03434 -0.11005 -0.05940
0.03019 -0.09464 -0.05940
-0.03222 0.05300 -0.04567
-0.18139 -0.09484 0.12420
0.27667 -0.12856 0.06678
0.22902 -0.14321 -0.11770
0.30673 -0.08492 0.03904
-0.27968 0.07263 -0.08300
-0.28673 0.03719 -0.09588
-0.28588 0.04077 -0.10117
-0.28021 0.06883 -0.09511
-0.14606 -0.15765 -0.21329
-0.14283 -0.15344 -0.23317
-0.19657 -0.16709 0.16511
-0.20567 -0.19163 0.18702
-0.26649 -0.18386 -0.18713
0.28136 -0.06941 -0.06352
0.26377 -0.22920 0.13525
-0.08689 -0.10201 0.16806
-0.08551 -0.11244 0.16889
0.16720 0.00899 0.05345
-0.22747 -0.14853 -0.23909
0.30060 -0.17307 0.08732
0.30650 -0.19371 0.11873
0.14029 -0.10720 0.01428
0.12996 -0.09388 -0.02145
0.13218 -0.09673 0.00179
0.15330 -0.12400 0.02321
0.12612 -0.08891 -0.01039
0.13785 -0.10405 0.00317
0.29476 -0.13594 0.06227
-0.30632 -0.06856 0.11922
0.28227 -0.12540 -0.06132
0.28583 -0.01752 0.06326
0.28617 -0.02440 0.06326
0.34076 -0.19132 -0.14801
-0.20813 -0.10483 0.08668
-0.18764 -0.13174 -0.01939
-0.27080 -0.05991 0.10265
-0.23381 -0.13260 -0.14898
-0.23104 -0.12816 -0.14313
0.34028 -0.16913 0.14896
-0.01162 -0.06039 -0.06719
0.30863 -0.05148 -0.06352
-0.02485 0.03774 0.10329
-0.02460 0.05820 0.09906
-0.02468 0.05235 0.10027
-0.10040 -0.05744 -0.20144
-0.26402 -0.11521 0.12782
-0.26387 -0.11636 0.13497
-0.26511 -0.08531 -0.01010
-0.27383 -0.12894 0.18332
0.30673 -0.06999 0.00735
-0.09799 -0.13087 -0.18753
-0.27691 -0.15899 0.26776
0.31927 -0.22259 0.14514
-0.13656 -0.14378 -0.25828
-0.24044 -0.15952 -0.17697
-0.17158 -0.05077 -0.20212
-0.24102 -0.18162 0.26713
-0.17495 -0.17687 -0.25979
-0.16836 -0.17414 -0.26001
-0.28500 -0.06691 -0.10414
-0.15504 -0.12543 0.15076
-0.09631 -0.06720 -0.15606
0.30074 -0.12880 -0.07718
-0.00336 -0.10175 0.06326
-0.00454 -0.10957 0.06326
-0.23687 -0.05940 0.11047
-0.24331 -0.06434 0.14914
-0.15974 -0.02276 -0.26669
-0.14145 -0.20956 0.16899
-0.14827 -0.21238 0.14927
-0.15724 -0.21610 0.12677
-0.00053 -0.02571 0.01819
-0.15710 -0.16750 -0.25972
-0.24340 -0.06441 0.22809
-0.24273 -0.06390 0.20009
-0.16062 -0.03401 -0.18464
-0.15512 -0.02182 -0.18269
-0.30490 -0.13427 0.19523
-0.12097 -0.07866 0.26741
0.30673 -0.05504 -0.05048
-0.32622 -0.07068 0.10547
-0.31160 -0.14035 -0.00804
0.29971 -0.12645 0.06644
-0.14946 -0.06460 -0.25657
-0.09267 -0.15121 -0.19790
-0.20425 -0.11693 -0.01495
0.27912 -0.16392 -0.06370
-0.16535 -0.04879 -0.10719
-0.14221 -0.19782 0.26587
-0.18125 -0.13889 0.01197
-0.18502 -0.13576 0.12639
0.31130 -0.06333 0.02422
-0.11497 -0.18518 -0.10894
-0.20801 -0.09194 -0.20756
-0.11527 -0.19378 -0.14400
-0.25765 -0.08514 0.21970
-0.25916 -0.08876 0.21353
-0.07810 -0.11746 0.26017
-0.23806 -0.07519 -0.16841
-0.22837 -0.08812 -0.14704
-0.29405 -0.06058 -0.12870
0.30673 -0.01744 0.00406
-0.05075 -0.13684 -0.03859
-0.21790 -0.02182 0.10286
-0.21602 0.02057 0.10667
-0.14904 0.02066 0.10665
-0.28348 -0.18083 -0.11137
-0.14116 0.03638 -0.10369
-0.27916 -0.19695 0.14471
0.34671 -0.19050 -0.13418
-0.23773 -0.04817 -0.18782
-0.29424 -0.11275 0.26689
-0.17648 -0.04874 -0.17024
-0.16737 -0.05252 -0.16416
0.30690 -0.03853 -0.01813
-0.02458 0.08327 -0.08600
-0.02013 0.05858 -0.09160
-0.01933 0.05467 -0.08876
0.30673 -0.05119 0.00272
0.30840 -0.01638 -0.00528
-0.24979 -0.16001 0.17971
-0.17126 0.02236 0.10636
-0.16349 0.03260 0.10461
-0.25277 0.02126 0.10655
-0.17398 -0.17647 0.12526
0.23684 -0.13605 0.14741
-0.00557 -0.08000 0.06245
-0.31230 -0.08501 -0.09876
-0.29064 -0.09975 -0.09358
0.30673 0.02009 0.03197
-0.23841 -0.16566 -0.23043
-0.24007 -0.16439 -0.19370
-0.18761 -0.10420 0.07112
0.11292 -0.01350 0.03067
-0.17876 -0.00344 -0.14956
-0.00586 0.03463 0.05703
-0.01140 -0.08257 0.07165
-0.30050 -0.07616 0.19335
0.10034 -0.00227 0.03067
-0.27697 -0.20029 0.14118
-0.13838 -0.20381 -0.17905
-0.12871 0.01170 0.10710
0.28255 -0.15727 0.05952
-0.26204 -0.13028 0.23031
-0.26259 -0.12605 0.21356
0.26661 -0.12467 -0.07206
0.27572 -0.13527 -0.06335
-0.25304 -0.07642 0.20398
-0.24601 -0.06726 0.22042
-0.18777 -0.12522 -0.11074
0.27715 -0.14583 0.13797
0.17502 0.00221 -0.06352
0.22130 -0.01344 -0.06352
0.21524 -0.00327 -0.06352
0.03223 0.00447 -0.06352
0.24121 -0.00748 -0.06352
0.11629 0.00380 -0.06352
0.28262 0.00152 -0.06352
0.20552 -0.00784 -0.06352
-0.20391 0.00475 0.06055
-0.19975 0.00086 0.06055
-0.18069 0.00525 0.06055
0.28439 -0.10518 0.13345
-0.14230 -0.04808 0.10275
0.18528 0.07018 0.05045
-0.11589 -0.08102 -0.26783
-0.22509 -0.04216 -0.18787
-0.23962 -0.05010 -0.10479
-0.19336 -0.22384 -0.12115
-0.11639 -0.10991 -0.18353
-0.25722 -0.14216 -0.21136
-0.26064 -0.13391 -0.22370
-0.21114 -0.11940 -0.10523
-0.16876 -0.05972 -0.17385
0.14941 0.17696 0.04709
-0.24989 -0.02257 -0.10624
0.34210 -0.13906 0.11965
0.26145 -0.08199 0.06326
0.31130 -0.01764 -0.04389
-0.20333 -0.17997 -0.24202
-0.21138 -0.17891 -0.22852
0.29921 -0.10954 0.13997
0.28102 0.01776 0.00401
-0.25244 -0.01691 -0.21957
0.23892 -0.15324 -0.15106
-0.19407 -0.01559 0.18380
-0.27543 -0.02993 0.03235
-0.29899 -0.16219 0.16060
-0.23972 -0.15129 -0.17042
-0.22714 -0.13890 -0.14634
0.26468 0.01750 -0.01751
0.14340 0.01221 -0.02280
0.18499 0.01186 -0.02315
0.10186 0.01745 -0.01755
0.20885 0.00881 -0.02619
0.21510 0.01398 -0.02102
0.23886 0.01515 -0.01985
0.10769 0.01469 -0.02032
-0.27766 -0.08739 -0.08217
-0.25785 -0.09439 -0.07705
-0.10215 -0.17108 -0.16648
0.28808 -0.00437 -0.06352
0.29505 -0.04919 -0.06352
0.27926 -0.01613 -0.06352
-0.20880 -0.12360 -0.09286
-0.12087 -0.10084 0.18781
-0.25211 -0.07521 -0.16515
-0.14263 0.02426 0.12975
0.30954 0.00200 -0.03160
0.29929 -0.04374 -0.06352
-0.21811 -0.14835 0.14802
-0.30430 -0.08431 -0.14464
-0.14620 -0.00493 -0.05953
-0.18271 0.00006 -0.23780
0.17331 0.04311 0.03478
-0.16994 -0.21093 -0.10454
-0.27451 -0.19547 -0.23685
-0.24997 -0.20552 0.18013
-0.26216 -0.08255 -0.18044
0.31130 0.00529 0.03773
0.26710 -0.19642 0.13555
-0.25183 -0.15141 -0.20805
0.27599 -0.18899 -0.13127
-0.15344 0.02047 -0.10694
-0.25360 0.02069 -0.10691
0.25876 -0.01466 0.03067
0.16211 0.03480 0.05678
-0.11481 -0.17891 0.18066
-0.18945 -0.00293 0.20356
-0.12858 -0.20061 -0.11919
-0.21948 -0.00867 0.19073
0.29082 -0.12669 0.04083
0.02699 0.03453 0.05285
0.27025 0.03166 0.05772
0.06694 -0.06625 -0.03093
0.05183 -0.06047 -0.03093
0.08668 -0.05251 -0.03093
-0.15043 -0.08694 0.24696
-0.30441 -0.08825 -0.22121
-0.17903 -0.20324 0.10267
-0.13372 -0.08932 0.19614
-0.29309 -0.10771 -0.18383
-0.09924 -0.04925 -0.12983
0.22618 -0.19137 -0.10802
-0.24615 -0.06744 0.12828
0.31130 -0.03890 0.05639
-0.21763 -0.04916 -0.14810
-0.21998 -0.05013 -0.12320
0.32953 -0.12626 0.11248
-0.25374 -0.14892 -0.24519
0.20710 -0.00237 0.03067
0.24292 -0.00244 0.03067
0.05519 -0.04001 0.03067
0.08078 -0.05001 0.03067
0.05838 -0.04653 0.03067
0.05107 -0.02799 0.03067
0.30843 -0.00412 -0.02148
-0.30694 -0.10750 0.20423
-0.30585 -0.09920 0.21358
-0.30729 -0.11014 0.19397
-0.26068 -0.09244 0.11075
-0.25858 -0.08738 0.13750
-0.25718 -0.14090 -0.01678
-0.21369 -0.08253 0.13944
-0.26487 -0.10721 -0.06805
-0.29876 -0.08632 -0.08469
-0.31097 -0.08563 -0.09068
-0.27111 0.11287 0.07178
-0.27184 0.11078 0.08008
-0.26541 0.14160 0.07542
-0.03379 0.13341 0.07785
-0.02937 0.10795 0.07075
-0.03071 0.11621 0.07595
-0.03503 0.13875 0.06981
0.14075 -0.01271 0.05339
-0.01152 -0.07027 -0.00489
-0.01187 -0.03711 -0.01889
-0.01182 -0.04190 -0.05164
-0.01176 -0.04713 -0.01020
-0.01166 -0.05664 -0.02273
-0.01140 -0.08216 -0.01417
-0.01194 -0.03041 -0.01358
-0.01172 -0.05113 0.00354
-0.01208 -0.01694 -0.05248
-0.01188 -0.03536 -0.03755
-0.01157 -0.06576 0.02130
-0.01160 -0.06241 -0.01126
-0.01160 -0.06239 0.03364
-0.01175 -0.04818 -0.00312
-0.01196 -0.02826 -0.06123
-0.01186 -0.03777 -0.00714
-0.01141 -0.08090 0.04098
-0.18048 -0.01122 -0.10564
0.30673 -0.06164 0.04842
-0.14586 -0.01920 -0.10731
-0.28331 -0.04520 0.25077
-0.09712 -0.05511 -0.14916
-0.13940 -0.13296 -0.17442
-0.14906 -0.12810 -0.15960
-0.11153 -0.15220 0.18450
0.26502 -0.13545 0.10339
-0.28597 0.00048 -0.06861
-0.28745 0.00475 -0.08290
-0.28160 -0.05107 0.18998
-0.21519 -0.22180 0.12649
-0.21294 -0.22210 0.11877
-0.21178 -0.22225 0.13657
-0.25718 -0.10701 -0.02122
-0.33522 -0.06277 -0.10278
-0.33325 -0.08100 -0.09818
0.28102 0.00764 0.00471
-0.22538 -0.05237 0.11814
-0.23894 -0.06040 -0.17732
0.07624 -0.06354 0.03287
-0.25528 -0.07941 -0.14904
-0.25616 -0.08153 -0.14072
-0.14249 -0.07326 -0.24376
-0.14080 -0.07545 -0.21598
-0.29630 -0.16396 -0.24673
-0.20154 0.05884 -0.02211
0.11069 0.03659 -0.05277
-0.09725 -0.16280 -0.22598
-0.13853 0.04127 0.10250
-0.14391 0.02850 0.10519
-0.14314 0.10685 0.08933
-0.14480 0.03294 0.10432
-0.14965 0.04677 0.10162
-0.25659 -0.14337 -0.26017
-0.08667 -0.10366 0.25275
-0.22242 -0.22013 -0.10959
-0.14639 -0.15808 -0.24319
-0.14563 -0.15708 -0.22506
-0.29477 -0.06116 -0.22890
0.28113 -0.08002 -0.06352
-0.15488 -0.00959 -0.21561
-0.09774 -0.11953 -0.01728
-0.08954 -0.11872 -0.02125
-0.29228 -0.05292 -0.24871
-0.20291 -0.13580 -0.20676
-0.20607 -0.13936 -0.21295
0.27359 -0.13755 0.03226
0.30673 0.00872 0.04263
-0.11342 -0.05168 0.03431
-0.12139 -0.05168 0.04174
-0.12488 -0.05168 -0.02177
-0.13960 -0.05168 0.00422
-0.10958 -0.05168 -0.00096
-0.10811 -0.05168 -0.02281
-0.18195 -0.05168 0.04595
-0.16227 -0.05168 0.04056
-0.14166 -0.05168 0.03178
-0.15195 -0.05168 0.00951
-0.12279 -0.05168 0.00959
-0.13366 -0.05168 0.02613
-0.12695 -0.05168 0.03873
0.02551 -0.03984 -0.04302
-0.15699 -0.16742 -0.14329
-0.16190 -0.17119 -0.11653
0.22792 -0.00501 0.05072
0.27439 -0.13195 0.00196
-0.09187 -0.13205 0.10751
-0.29213 -0.14121 -0.18305
-0.26637 -0.09559 -0.19032
-0.17284 -0.17600 0.21882
-0.17215 -0.17571 0.20490
-0.13295 -0.02115 -0.24296
-0.18851 -0.14724 0.13950
-0.12295 -0.14019 0.18322
0.28871 -0.14704 0.04268
-0.18936 -0.10286 -0.10374
-0.14466 -0.04315 0.18564
-0.16675 0.00213 0.14459
-0.25112 -0.20978 -0.21689
-0.15486 -0.16348 -0.26017
-0.14915 -0.10946 -0.23988
-0.15738 -0.10570 -0.22934
0.28573 -0.12190 -0.06092
-0.24844 -0.07042 0.20689
-0.25381 -0.07742 0.22202
0.24979 0.01255 0.02219
0.25986 0.00451 0.03024
0.19087 0.01073 0.02401
0.24721 0.01628 0.01847
0.25253 0.00691 0.02784
0.27678 0.01282 0.02192
0.13245 0.00585 0.02889
0.28102 -0.02958 0.01507
0.28102 -0.06293 0.02075
0.28102 -0.05297 0.02886
0.28102 -0.05356 0.01362
-0.18122 0.00381 0.25039
0.27479 -0.07755 -0.06352
-0.19023 -0.04622 0.22567
-0.19594 -0.04546 0.20089
-0.03832 -0.13866 0.04488
-0.21470 -0.14119 0.22042
-0.25833 -0.07185 -0.18141
-0.08496 -0.13455 -0.15943
0.16361 -0.00743 0.04754
0.25638 -0.15475 0.14405
-0.24597 -0.15905 0.13448
-0.25085 -0.15269 0.12954
-0.21438 -0.21571 0.18115
-0.23151 -0.00835 -0.21509
-0.27858 -0.03005 -0.11149
-0.01144 -0.07777 -0.09051
-0.08606 -0.08583 0.20234
-0.19677 -0.21221 0.10396
-0.01214 -0.01073 0.06826
-0.07867 -0.12532 0.16195
0.30332 -0.19615 -0.12974
-0.12510 -0.05583 0.10267
-0.23876 -0.20128 -0.10360
-0.29747 -0.15741 0.17352
-0.09917 -0.15974 -0.17871
-0.29062 -0.06444 -0.26334
-0.13474 -0.01490 0.16594
-0.30050 -0.13949 0.17974
0.27610 -0.19370 0.13696
0.08067 -0.01085 -0.03093
0.23251 -0.01297 -0.03093
0.27558 -0.06669 -0.03093
0.25608 -0.05346 -0.03093
0.24287 -0.01220 -0.03093
0.12954 -0.01854 -0.03093
0.16492 -0.00439 -0.03093
0.13284 -0.00027 -0.03093
0.27814 -0.02604 -0.03093
0.17128 -0.03082 -0.03093
0.20183 -0.03787 -0.03093
0.14176 -0.01136 -0.03093
0.20907 0.00156 -0.03093
0.27442 0.00014 -0.03093
0.27708 -0.03895 -0.03093
0.11501 0.00364 -0.03093
0.26833 -0.00513 -0.03093
0.14334 0.00062 -0.03093
0.19225 -0.00875 -0.03093
0.05859 -0.00142 -0.03093
0.19238 -0.05083 -0.03093
0.25873 0.00006 -0.03093
0.19598 -0.00026 -0.03093
0.27223 -0.07933 -0.03093
0.24336 -0.04114 -0.03093
0.16692 -0.00998 -0.03093
0.26401 -0.02737 -0.03093
0.24340 -0.04999 -0.03093
0.18947 -0.03440 -0.03093
0.22810 -0.04516 -0.03093
-0.25883 -0.18561 0.18627
-0.00723 -0.11465 -0.06168
-0.07007 0.03573 -0.02546
0.19459 -0.09630 0.05914
0.06521 -0.09100 0.05914
0.15591 -0.09997 0.05914
0.19330 -0.09058 0.05914
0.21531 -0.08703 0.05914
0.28246 -0.08706 0.05914
0.23449 -0.08887 0.05914
0.08093 -0.10185 0.05914
0.04253 -0.09801 0.05914
0.15995 -0.09375 0.05914
0.10081 -0.08639 0.05914
0.31112 -0.22956 0.12230
-0.09395 -0.13377 -0.01159
-0.13798 -0.10189 -0.17324
-0.16268 -0.10550 -0.13895
-0.15179 -0.21159 0.26170
-0.21228 -0.22274 -0.24884
-0.27715 -0.02498 0.04184
-0.27524 -0.03050 -0.05300
-0.09110 -0.05813 0.16634
-0.19674 -0.13619 -0.12289
-0.25923 -0.13730 0.13028
-0.26102 -0.13298 0.14488
-0.23699 -0.17156 0.17982
-0.22613 -0.19692 -0.26794
0.01558 -0.08615 0.04459
0.01261 -0.08615 0.05371
-0.16934 -0.22262 -0.19332
-0.13875 -0.15733 -0.18959
0.21347 -0.04498 0.03067
0.23128 -0.07004 0.03067
0.15430 -0.06449 0.03067
0.27387 -0.06520 0.03067
0.17215 -0.06918 0.03067
0.23960 -0.04150 0.03067
0.27117 -0.07776 0.03067
0.24638 -0.07972 0.03067
0.26257 -0.03764 0.03067
0.26357 -0.05555 0.03067
0.25740 -0.07139 0.03067
0.25982 -0.05840 0.03067
-0.30827 -0.11320 -0.22090
-0.24199 -0.21356 0.20703
-0.22940 0.00150 0.22489
0.01035 0.02547 0.06303
0.28363 -0.19955 0.14328
0.29847 -0.13037 -0.01084
0.29274 -0.13306 -0.00950
-0.14331 0.13768 0.08303
-0.15562 0.10881 0.08863
0.17885 -0.00903 0.06326
0.19157 -0.00916 0.06326
-0.10365 -0.14371 0.10374
-0.21351 -0.17863 -0.11529
0.33062 -0.18739 -0.15117
-0.16497 -0.05351 0.15270
-0.16717 -0.05260 0.14125
0.32058 -0.19551 -0.15024
-0.16076 -0.17032 0.15678
-0.15604 -0.16669 0.13144
0.31686 -0.18397 -0.14635
-0.29137 -0.13838 0.00014
-0.21777 -0.13439 0.01054
0.30893 -0.11021 -0.13138
-0.10123 -0.09038 0.26672
-0.07568 -0.09042 0.07134
-0.07322 -0.11255 0.08270
0.31341 -0.12269 -0.14981
-0.15198 -0.17239 -0.26462
-0.09063 -0.14251 0.10948
0.19804 -0.11171 0.06326
0.02077 -0.10056 0.06326
0.05853 -0.10007 0.06326
0.10005 -0.09643 0.06326
0.18128 -0.10450 0.06326
-0.00030 -0.09406 0.06326
0.00306 -0.08781 0.06326
0.03929 -0.11128 0.06326
0.11348 -0.09794 0.06326
0.04834 -0.10872 0.06326
0.24442 -0.11224 0.06326
0.04705 -0.09929 0.06326
0.00204 -0.11332 0.06326
-0.01005 -0.10526 0.06326
-0.29487 -0.12507 -0.18723
-0.11648 -0.18976 0.17673
-0.29100 -0.06011 -0.10818
-0.16430 -0.07262 -0.24577
-0.30340 -0.10790 -0.10756
0.02171 0.00531 -0.06286
-0.20945 -0.03057 -0.18599
-0.21696 -0.03263 0.18618
0.29581 -0.13941 0.03777
-0.19125 -0.18017 0.23799
-0.19606 -0.18080 0.23093
0.30673 -0.03427 0.02214
-0.21170 -0.11199 0.06622
-0.23293 -0.00893 0.16228
0.18679 0.09835 0.04788
-0.21187 -0.00401 -0.19569
0.15799 0.01321 0.05257
-0.23105 -0.09199 0.22992
-0.14336 -0.15413 0.11608
-0.14294 -0.15358 0.14398
-0.32970 -0.15210 -0.00175
-0.25718 -0.13330 -0.00655
-0.25718 -0.11811 -0.02703
-0.13337 -0.18845 0.18345
-0.29380 -0.06489 -0.19193
-0.25653 -0.14382 0.20966
-0.25615 -0.14474 0.24894
-0.03836 0.15674 -0.01810
-0.03977 0.16589 -0.06551
-0.03942 0.16357 -0.01960
-0.03868 0.15878 -0.05094
-0.08449 -0.11325 0.17689
-0.28801 -0.15563 0.18261
-0.25718 -0.10261 -0.04012
0.28920 -0.13901 -0.13469
-0.22250 -0.17507 -0.11940
-0.22892 -0.17241 -0.14600
-0.22197 -0.22927 0.14322
-0.24775 -0.15673 -0.17638
0.30717 -0.08284 -0.03845
0.22287 -0.00713 0.03948
-0.27323 -0.11506 -0.26553
-0.15365 -0.17537 -0.10509
-0.13194 -0.21287 0.13816
-0.14277 -0.09495 -0.16927
-0.15141 -0.09130 -0.16022
0.30673 0.03469 0.02116
-0.22483 -0.10169 0.21655
0.26559 -0.23206 0.11740
-0.18602 -0.17948 0.12204
0.31130 -0.01929 -0.01698
0.30673 -0.00448 -0.00558
0.30673 -0.01195 -0.01563
0.25420 -0.12907 0.07395
-0.16521 -0.05728 -0.17697
-0.18937 -0.08724 0.00301
0.06632 -0.06766 0.03888
-0.13126 0.07175 0.09640
-0.13573 0.08574 0.09346
-0.13471 0.06348 0.09796
0.14554 0.00159 0.03867
0.21146 -0.01475 0.03946
0.28102 -0.05204 -0.00665
0.28102 -0.06875 -0.01946
0.28102 -0.05453 -0.02240
0.28102 -0.02155 -0.02153
-0.21102 -0.10959 -0.05079
-0.09942 -0.16653 0.23798
0.30673 0.00244 -0.04608
-0.01139 0.02195 0.00251
-0.01139 0.02232 -0.01227
-0.01139 0.00942 0.04749
-0.01139 0.03677 0.01113
-0.01139 0.03311 -0.01628
-0.19091 -0.02520 -0.10239
-0.10752 -0.09557 0.26783
-0.22437 -0.14007 0.22750
-0.22897 -0.07899 0.15591
-0.10065 -0.05712 -0.13594
-0.22934 -0.10111 -0.13938
-0.23878 -0.09919 -0.15237
-0.15074 -0.10536 0.01398
0.32748 -0.16872 0.14913
0.30843 -0.06446 -0.03934
0.22904 -0.08506 -0.03093
0.12087 -0.08104 -0.03093
0.15874 -0.06093 -0.03093
0.19513 -0.08300 -0.03093
0.22126 -0.08271 -0.03093
0.14704 -0.07438 -0.03093
0.13749 -0.08239 -0.03093
0.11109 -0.08356 -0.03093
0.09678 -0.08201 -0.03093
0.10860 -0.06900 -0.03093
0.06493 -0.08199 -0.03093
0.04551 -0.08582 -0.03093
-0.12538 -0.20187 0.21408
-0.20967 -0.05197 -0.17697
-0.25327 -0.19878 0.26492
0.23422 -0.21039 0.11880
-0.09826 -0.06677 0.10907
-0.24226 -0.00450 0.23736
0.08224 0.03441 -0.05344
-0.27128 -0.12459 0.10521
-0.14719 -0.07935 -0.25671
-0.16009 -0.07728 -0.24437
-0.15443 -0.16545 0.21332
-0.15665 -0.16716 0.19449
-0.30534 -0.09100 -0.24141
-0.16079 -0.10624 0.22459
0.28653 -0.14314 -0.14116
-0.19167 -0.09743 0.00802
0.00638 -0.03737 0.03953
-0.25379 -0.15726 -0.18988
-0.01139 -0.08690 0.04778
-0.17976 -0.17865 0.20974
-0.18246 -0.17901 0.19705
0.12209 -0.00922 0.03544
0.25036 -0.11863 -0.11538
-0.13157 0.04290 0.12815
-0.11024 -0.04638 0.09643
-0.10554 -0.05260 0.09529
-0.08834 -0.07418 0.09132
-0.19212 -0.13987 -0.21186
-0.19085 -0.14756 -0.22257
-0.19328 -0.22960 -0.13375
-0.25765 -0.05878 0.18410
-0.30716 -0.11708 0.24904
-0.16212 -0.00577 -0.12302
0.21427 -0.10600 0.02573
0.19520 -0.10442 0.02591
0.17792 -0.10562 0.02578
0.19956 -0.09323 0.02718
0.20647 -0.08697 0.02789
0.20380 -0.11103 0.02516
0.20263 -0.11669 0.02452
-0.16381 -0.03744 0.18426
-0.08641 -0.10823 0.11002
-0.24564 -0.06677 -0.21599
-0.25099 -0.07375 -0.21048
-0.30749 -0.14963 0.24027
-0.16299 -0.06437 0.04623
-0.14304 -0.07270 0.04623
-0.17307 -0.06195 0.04623
0.30261 -0.09880 -0.01361
0.30261 -0.11031 0.02648
0.30261 -0.10438 -0.05866
0.30261 -0.09862 -0.05472
-0.14048 -0.07587 0.12621
-0.14647 -0.06806 0.14788
-0.16210 -0.04792 0.18922
0.31107 -0.16262 0.14003
0.03714 -0.07593 -0.01799
0.03714 -0.07547 -0.02922
0.03714 -0.05363 -0.01238
0.03714 -0.07018 -0.02291
0.03714 -0.06798 -0.02959
0.03714 -0.07932 -0.00828
0.03714 -0.02761 -0.02174
0.03714 -0.08599 0.02893
-0.09307 -0.07687 -0.10960
-0.26423 -0.11268 0.14787
-0.26380 -0.10934 0.16161
-0.17244 -0.12907 0.13120
-0.21777 -0.12938 0.01192
-0.25883 -0.20422 0.17587
-0.22543 -0.00492 -0.11268
0.30802 -0.06446 0.03946
-0.26812 -0.13876 -0.18811
-0.17711 -0.15955 -0.24380
-0.24818 -0.12499 -0.24709
-0.24319 -0.11606 -0.23870
0.28599 -0.06617 0.00973
0.18528 -0.14330 0.00411
0.16836 -0.14330 -0.01928
0.17521 -0.14330 0.02015
-0.20448 -0.07734 0.14176
-0.25663 -0.08266 -0.20755
-0.31831 -0.03073 0.00069
-0.21860 -0.17669 0.19817
-0.10875 -0.19330 0.23605
-0.26258 -0.10014 0.20160
-0.26411 -0.11174 0.20433
-0.19419 -0.18055 -0.13978
0.05997 -0.06563 -0.03949
-0.11765 -0.17528 0.26580
-0.14678 -0.21836 0.16013
-0.21360 -0.22201 0.25163
0.27631 -0.12702 -0.08849
-0.24784 -0.06964 -0.25943
-0.25028 -0.07282 -0.23159
-0.15847 -0.18941 -0.26773
-0.13357 -0.19738 -0.26354
-0.25836 -0.14359 0.26135
-0.21068 -0.22240 -0.22911
-0.21172 -0.11718 0.04963
0.22268 -0.16074 -0.11770
0.30344 -0.19447 0.14352
0.05215 -0.08615 0.00398
0.05575 -0.08615 -0.00850
0.07235 -0.08615 -0.00655
0.04911 -0.08615 -0.01100
0.04603 -0.08615 0.01257
0.06358 -0.08615 -0.02637
-0.14659 -0.06791 0.21263
-0.14722 -0.06709 0.22805
-0.04448 0.16527 0.07736
-0.06448 0.16047 0.07819
-0.05767 0.15001 0.07998
0.28863 -0.23254 0.13875
-0.18480 -0.22271 -0.20090
-0.30863 -0.13457 -0.12605
-0.24430 0.02070 -0.12802
-0.15887 0.02070 -0.11405
-0.18418 0.02070 -0.11710
-0.27985 0.02070 -0.13248
-0.15241 0.02070 -0.13273
0.29311 -0.13735 0.08874
-0.30398 -0.08500 0.16357
-0.16189 -0.20647 0.18737
-0.17210 -0.22660 -0.11012
-0.20908 -0.17922 0.20340
0.22159 -0.15664 -0.12471
0.30673 -0.02850 -0.01790
-0.13069 -0.09885 0.23916
-0.13075 -0.09843 0.19994
-0.19085 -0.17689 -0.17697
-0.28475 -0.09936 0.18486
-0.29449 -0.05686 -0.14624
-0.18592 -0.04678 0.11166
-0.19199 -0.04598 0.14308
-0.30762 -0.11359 0.11190
-0.15829 -0.12513 0.22952
-0.22010 -0.05018 -0.20093
0.26601 -0.12389 -0.10299
-0.23860 -0.16766 0.19206
0.30764 -0.19280 -0.11992
-0.23031 -0.11224 -0.13759
-0.20236 -0.21316 0.18750
-0.19412 -0.09368 -0.01641
-0.24441 -0.16106 -0.17042
-0.23400 -0.16904 -0.16545
0.34181 -0.14505 -0.11017
0.28102 -0.08075 0.02065
0.28102 -0.07727 -0.01413
0.28102 -0.06606 -0.00136
-0.08360 -0.14263 0.14188
-0.15520 -0.06020 -0.19577
-0.31564 -0.11417 0.14886
-0.09694 -0.04833 0.13922
-0.22116 -0.10631 -0.01328
-0.01139 -0.11157 0.03304
-0.01139 -0.10238 -0.04342
-0.01139 -0.11348 -0.04822
-0.01139 -0.10246 -0.05175
-0.23594 -0.01018 0.20509
-0.23996 -0.01185 0.20877
-0.24587 -0.01429 0.22012
0.28559 -0.13854 0.12770
-0.16757 -0.00412 -0.23051
-0.18637 -0.12362 0.02298
-0.28970 -0.17273 0.23886
-0.11064 -0.16265 -0.26647
0.13709 0.02968 -0.05960
-0.03584 0.13844 -0.08309
-0.03129 0.10899 -0.08903
-0.02373 0.03747 -0.10357
-0.01646 0.02121 -0.10671
-0.03063 0.03179 -0.10495
-0.32644 -0.06975 -0.09915
-0.19574 -0.12888 -0.10156
0.30416 -0.14518 0.14271
-0.10599 -0.17609 0.13939
-0.10254 -0.17160 0.14947
-0.10326 -0.17253 0.11798
-0.10047 -0.04374 0.21422
-0.08708 -0.14915 -0.12377
0.28414 -0.17847 -0.07138
-0.26639 0.13482 -0.06499
-0.26482 0.14406 -0.07317
-0.26595 0.13936 -0.07804
0.30789 -0.01638 -0.03847
-0.31105 -0.08342 0.13721
0.29412 -0.20079 -0.11514
0.29366 -0.18208 -0.08139
-0.13061 -0.09946 -0.20403
-0.12973 -0.10614 -0.21220
-0.28447 -0.17955 0.11888
-0.26214 -0.09677 0.21380
-0.26233 -0.09824 0.24967
-0.17300 -0.09282 0.13425
0.25098 -0.10655 -0.06352
0.25581 -0.09097 -0.06352
0.17947 -0.10209 -0.06352
0.26177 -0.10948 -0.06352
0.17747 -0.11215 -0.06352
0.06300 -0.11369 -0.06352
0.24035 -0.11023 -0.06352
0.21435 -0.11346 -0.06352
0.30505 -0.11122 -0.06352
0.12115 -0.11002 -0.06352
0.16137 -0.11251 -0.06352
-0.22687 -0.17326 0.22513
-0.25846 -0.01130 0.14470
-0.30830 -0.13737 0.19332
-0.18140 -0.09723 0.01888
-0.08802 -0.13287 -0.14195
0.29685 -0.12206 -0.10283
-0.20735 -0.17835 -0.17697
0.25597 -0.13516 0.07860
-0.12958 -0.02587 -0.19318
-0.21839 0.00077 0.12603
-0.00030 -0.11928 -0.05940
0.27804 -0.23467 0.12135
-0.14957 -0.14987 -0.17339
0.08460 -0.05686 -0.04597
-0.03949 -0.09240 -0.04531
-0.29711 -0.06797 0.17067
-0.30173 -0.07913 0.17207
0.09419 -0.03743 -0.03093
0.05209 -0.02350 -0.03093
0.05310 -0.01522 -0.03093
0.08629 -0.03825 -0.03093
-0.27526 -0.03470 0.17681
-0.13589 -0.15559 0.26454
-0.21559 0.00356 -0.06081
-0.19187 0.00669 -0.06081
-0.16695 0.00318 -0.06081
-0.29655 -0.05467 0.25703
-0.22577 -0.00467 -0.22800
-0.25767 -0.20511 0.19750
-0.26352 -0.20062 0.21385
-0.27602 -0.06716 0.18568
-0.21435 -0.20591 -0.18421
0.30055 -0.15786 -0.07430
0.34971 -0.17449 0.11787
0.31663 -0.17246 0.13479
-0.30465 -0.06992 0.21522
-0.26327 -0.05861 -0.26779
-0.21125 -0.02937 -0.26773
0.06445 -0.04521 -0.03206
0.06314 -0.04521 -0.04581
-0.24285 -0.01304 -0.15773
0.18484 -0.00358 0.03067
-0.29421 -0.16527 0.13726
-0.29710 -0.15829 0.14657
-0.29499 -0.16338 0.11993
-0.16995 -0.05071 -0.17747
-0.02824 0.10171 -0.06469
-0.02224 0.07011 -0.07472
-0.01714 0.04326 -0.06668
-0.02024 0.05958 -0.05454
-0.02962 0.10898 -0.06178
-0.01827 0.04921 -0.07046
-0.12995 -0.12176 0.11402
-0.13076 -0.12796 0.15218
-0.27217 -0.11801 -0.18204
-0.23503 -0.18272 -0.18702
-0.11025 -0.04740 0.17837
-0.19927 0.05516 -0.02840
-0.25993 -0.18470 -0.18402
-0.24322 -0.10330 -0.23998
-0.22048 -0.11232 -0.20737
0.21802 -0.00453 0.06326
-0.23264 -0.00461 0.24089
-0.26097 -0.04146 0.18639
-0.28982 -0.18619 0.20230
-0.20145 -0.04603 0.11528
-0.17935 -0.14182 -0.00505
-0.22006 -0.08853 -0.13792
-0.22807 -0.06604 -0.16913
0.14744 0.16257 0.03886
-0.20360 0.01785 0.04623
0.16946 0.07999 0.05772
-0.16588 -0.00400 0.20143
0.25892 -0.18842 -0.10936
-0.20188 -0.23002 0.24809
0.29801 -0.14814 -0.13862
-0.27043 -0.19532 -0.13510
-0.25273 -0.15024 0.21655
-0.24818 -0.15617 0.21462
-0.26206 -0.14250 0.01449
-0.28987 -0.14250 0.06491
-0.28892 -0.14250 0.02412
-0.27448 -0.14250 0.02326
-0.27859 -0.02083 0.08838
-0.28442 -0.00398 0.10259
-0.28615 0.00099 0.09741
-0.13698 -0.01996 0.21352
-0.13994 -0.01769 0.20722
-0.21755 0.04703 -0.04648
-0.20740 0.02139 -0.04648
-0.20414 0.01729 -0.04648
-0.15197 -0.06268 0.15863
-0.27085 -0.07965 0.26713
0.02612 0.00526 0.06326
-0.26890 -0.04399 -0.18292
-0.13236 -0.09259 -0.22636
0.24939 -0.17340 -0.10676
-0.19653 -0.18086 -0.25437
-0.18637 -0.17952 -0.23847
-0.20289 -0.12097 -0.02293
-0.11222 -0.04165 -0.19698
-0.12107 -0.02172 0.23228
0.11881 -0.08615 0.01096
0.11178 -0.08615 -0.00163
0.04796 -0.08615 0.03007
0.12329 -0.08615 -0.02052
0.08091 -0.08615 0.02403
0.09501 -0.08615 0.00613
-0.14910 -0.11346 0.23934
-0.12647 -0.02802 0.25377
0.29011 -0.14645 0.06837
0.21271 0.02494 0.06119
-0.29579 -0.05632 0.14944
-0.26473 -0.06657 0.10314
0.26188 -0.14860 -0.12781
-0.25718 -0.11582 -0.00050
-0.29743 -0.13020 0.10542
0.31130 -0.04152 -0.05445
-0.12179 -0.18358 -0.18845
-0.01204 -0.01993 0.09819
-0.20800 -0.01675 0.18380
0.13667 0.09287 0.05310
0.07622 -0.00541 0.05028
-0.22126 -0.05066 0.13504
-0.21892 -0.04969 0.11305
-0.02181 0.04225 0.01752
0.30673 -0.06389 0.01418
-0.10074 0.14225 0.08152
-0.05985 0.13839 0.08234
-0.06713 0.08236 0.09416
-0.09266 0.12000 0.08622
-0.07758 0.10174 0.09007
-0.06599 0.11101 0.08811
-0.07984 0.13178 0.08373
-0.05928 0.09718 0.09103
-0.05664 0.10817 0.08871
-0.08370 0.12639 0.08487
-0.13041 -0.08312 -0.10649
-0.13009 -0.12284 -0.23911
0.22361 -0.16091 -0.11275
0.03057 -0.00555 -0.06352
0.12541 -0.01685 -0.06352
0.02559 -0.01694 -0.06352
0.14005 -0.00987 -0.06352
0.04123 -0.00182 -0.06352
0.19200 -0.01548 -0.06352
0.06733 -0.01208 -0.06352
0.11264 -0.00600 -0.06352
0.11777 -0.00654 -0.06352
-0.06213 0.04556 0.02030
-0.23358 0.09726 -0.09127
-0.23686 0.05879 -0.09939
-0.22969 0.05206 -0.10080
-0.18840 0.06250 -0.09860
-0.23163 0.04445 -0.10241
-0.25509 0.07151 -0.09670
-0.19743 0.04538 -0.10221
-0.19705 0.05135 -0.10096
-0.24400 0.13052 -0.08426
-0.25448 0.03498 -0.10441
-0.19673 0.03482 -0.10444
-0.24445 0.06928 -0.09717
-0.19692 0.08072 -0.09476
-0.25397 0.07615 -0.09572
-0.20473 0.04669 -0.10194
-0.15981 0.03489 -0.10443
-0.20439 0.09143 -0.09250
-0.19503 0.06841 -0.09736
-0.19748 0.05042 -0.04617
-0.14055 -0.03738 0.18606
-0.28114 -0.13311 -0.09003
-0.26083 -0.13995 -0.09003
-0.23883 -0.15992 -0.26017
-0.17584 -0.07472 -0.03841
-0.17584 -0.07765 -0.01128
-0.17584 -0.06320 -0.01627
-0.10765 -0.15504 -0.18331
-0.18838 -0.01689 -0.18382
-0.25075 -0.19958 0.18226
-0.14988 -0.06428 -0.14425
-0.22928 -0.17650 -0.26293
-0.14851 -0.16084 -0.16893
-0.14683 -0.15864 -0.15762
-0.01341 -0.05134 0.09552
-0.21047 -0.10826 0.03121
0.25676 -0.13049 0.10182
0.23929 -0.08615 -0.00636
0.24503 -0.08615 -0.00042
0.25974 -0.08615 0.01966
0.25400 -0.08615 0.01388
0.22600 -0.08615 -0.00103
-0.20348 -0.13067 0.01982
-0.11922 -0.03359 0.16944
-0.10841 -0.10890 -0.18559
-0.10396 -0.05014 0.02561
-0.18147 -0.00398 0.13201
-0.17732 -0.00452 0.11194
0.27651 -0.14404 0.07156
0.03603 0.03317 0.05579
-0.20741 -0.18864 -0.18796
-0.12765 -0.19913 0.11047
-0.13892 -0.17635 -0.18454
-0.20046 -0.12874 0.04474
0.27150 -0.23123 0.13782
-0.19962 -0.21599 0.26496
-0.27760 -0.03776 0.11841
-0.29162 -0.05603 0.14682
-0.28502 -0.04743 0.13533
-0.17073 -0.05112 0.19434
-0.17099 -0.05102 0.22078
-0.14252 -0.15304 0.21337
-0.13998 -0.14972 0.20428
-0.13964 -0.17423 0.26743
-0.30452 -0.06421 0.21487
0.27133 -0.16582 -0.09465
-0.13681 -0.20616 0.16800
-0.20095 -0.12576 -0.02212
-0.15079 -0.21738 -0.15614
-0.18191 -0.17894 -0.11313
-0.19319 -0.18042 -0.11250
-0.26038 -0.01541 -0.13015
-0.25052 -0.21003 0.12618
-0.12037 -0.06728 -0.26792
-0.27341 -0.14405 -0.18418
-0.16750 -0.00357 -0.14006
-0.26998 -0.08310 0.18693
0.29493 -0.13107 0.04283
0.30991 -0.16887 -0.13762
-0.25144 -0.20965 0.25808
0.10529 -0.07134 0.03067
0.05463 -0.08133 0.03067
-0.16104 -0.21767 -0.21932
0.26332 -0.05282 0.06326
0.30673 0.01941 -0.02722
0.29290 -0.15253 -0.06263
-0.26678 -0.11319 -0.01871
-0.26789 -0.10566 -0.01871
0.14916 0.06490 0.05766
0.25618 -0.13310 -0.05260
-0.26318 -0.15802 -0.10347
-0.19187 -0.12782 0.05905
-0.08612 -0.10782 0.12295
-0.16971 -0.19340 -0.10263
-0.05546 -0.12421 0.07391
-0.14528 -0.04240 -0.10242
-0.23045 -0.21621 0.10882
-0.19044 -0.04619 -0.11882
-0.18160 -0.04735 -0.12331
0.28059 -0.14691 0.00714
-0.15060 -0.05879 0.17988
-0.22323 -0.02375 0.00032
-0.22376 -0.02375 -0.01595
-0.22050 -0.02375 -0.01955
-0.21796 -0.02375 -0.00224
0.25276 -0.11961 -0.10608
-0.13589 0.03554 0.10821
0.17885 0.11047 0.03671
0.28940 -0.14523 0.05950
-0.22062 -0.17585 -0.17359
-0.22719 -0.17313 -0.13363
-0.23933 -0.16495 -0.24039
-0.04160 0.01199 0.10715
0.28749 -0.23309 -0.10830
-0.21880 -0.15573 -0.15722
-0.25639 -0.04694 -0.18473
-0.25406 -0.21057 0.25238
-0.03610 -0.08426 0.08978
0.27527 -0.20051 0.11989
-0.17212 -0.09981 0.12960
0.34609 -0.18260 -0.14331
-0.10968 -0.18090 0.25270
-0.24996 -0.12305 -0.16598
-0.12598 -0.03162 -0.26205
-0.08623 -0.10699 -0.19671
-0.07478 -0.09850 -0.07854
-0.07508 -0.09581 -0.07134
-0.13846 -0.20742 -0.13080
0.30262 -0.15706 0.13243
-0.11208 -0.04631 -0.17881
-0.16396 -0.04111 0.04623
-0.19057 -0.05154 0.04623
-0.15703 -0.04959 0.04623
-0.17350 -0.05030 0.04623
0.30071 -0.14134 -0.07077
0.25752 -0.13474 -0.02000
0.25334 -0.21072 0.10235
-0.09205 -0.14497 0.19226
-0.10556 -0.03285 0.09892
0.26470 -0.21864 0.10258
0.28438 -0.14386 -0.06009
0.28102 0.00039 -0.02480
0.28102 -0.00033 0.00172
0.28102 -0.02008 0.00839
0.28102 0.00332 0.02566
0.28102 -0.00397 -0.02205
-0.25980 -0.09031 -0.12491
-0.15307 -0.16441 0.12774
-0.14870 -0.16106 0.16461
-0.33669 -0.15004 -0.00804
-0.14394 -0.07137 0.13231
-0.13994 -0.07659 0.15680
-0.00471 -0.08615 -0.06139
0.15463 0.06366 0.03337
-0.28414 0.02662 -0.10580
-0.26394 0.11708 -0.08755
-0.27149 0.03187 -0.10499
0.29779 -0.12575 0.08492
-0.16051 -0.05612 0.14715
-0.16251 -0.05459 0.12066
-0.18878 -0.05010 -0.17697
-0.19662 -0.04304 -0.00598
-0.19662 -0.03753 0.03917
-0.19662 -0.03093 0.04160
-0.10429 -0.15688 -0.18836
-0.12895 -0.11209 0.17013
-0.12963 -0.10688 0.14526
0.17728 -0.08692 -0.02815
0.18348 -0.10487 -0.02612
0.14921 -0.10237 -0.02640
0.19668 -0.09768 -0.02693
0.15677 -0.12508 -0.02383
0.16913 -0.10655 -0.02593
0.13725 -0.08984 -0.02782
0.17380 -0.13691 -0.02249
0.17978 -0.01834 0.04762
-0.12931 -0.11688 0.22764
-0.12893 -0.11400 0.25641
-0.25718 -0.13830 0.00549
0.26075 -0.22304 -0.14906
-0.09224 -0.17087 0.14205
-0.15671 -0.01037 -0.19731
0.15618 0.03468 0.05552
0.27635 -0.14147 0.00505
0.29756 -0.13853 0.00652
-0.10727 -0.19138 0.14720
-0.16943 -0.05167 -0.11869
-0.16518 -0.05342 -0.13924
-0.27201 -0.13710 -0.18323
0.29623 -0.15945 0.06388
-0.16185 0.01977 0.13281
-0.17119 0.01948 0.13281
-0.22036 -0.07755 -0.23333
-0.25556 -0.19474 -0.18249
0.14347 0.01338 0.04798
0.25771 -0.15404 0.13186
-0.13363 -0.07976 0.17978
-0.17160 -0.21089 0.26591
-0.16274 -0.06305 -0.17431
-0.18396 -0.09338 -0.12348
-0.28356 -0.00647 -0.09845
-0.28270 -0.00896 -0.09371
-0.20640 -0.02665 0.04623
-0.19909 -0.02693 0.04623
-0.11212 -0.08769 -0.18560
-0.23856 -0.16554 0.20449
-0.23176 -0.17077 0.23007
-0.26392 -0.04536 0.18428
0.25456 -0.19984 -0.14998
0.13623 0.03690 -0.05066
0.28093 -0.19935 -0.14439
-0.29660 -0.06675 0.11194
-0.17614 -0.22157 0.25704
-0.08596 -0.13559 -0.24129
-0.14852 -0.01376 0.20005
-0.14680 -0.05905 0.10631
-0.16483 -0.21710 -0.17842
-0.26418 -0.11397 -0.22108
-0.22297 -0.20376 0.18600
-0.18727 0.18376 -0.07738
-0.14177 0.17860 -0.07738
-0.17440 0.17985 -0.07738
-0.12944 0.18333 -0.07738
-0.08109 0.17929 -0.07738
-0.03318 0.18198 -0.07738
-0.23339 0.18401 -0.07738
0.34916 -0.16176 -0.13402
-0.22468 -0.15606 -0.16178
-0.29435 -0.16492 -0.17495
-0.18602 -0.15465 0.23310
-0.12984 -0.15242 0.18272
-0.21883 -0.17659 -0.26007
0.18614 -0.00216 -0.06413
0.15401 -0.00561 -0.06413
-0.14621 -0.01472 0.11479
-0.01208 -0.01674 0.07304
-0.29427 -0.06112 0.24789
0.30504 -0.12394 0.10218
-0.00118 -0.05637 0.04268
-0.00118 -0.04526 0.00370
-0.00118 -0.04226 0.04141
-0.00118 -0.02303 0.02787
-0.00118 -0.01930 0.05716
-0.00118 0.00035 0.06246
-0.00118 -0.09827 -0.02193
-0.00118 -0.00242 0.04201
-0.00118 -0.09694 -0.00962
-0.00118 -0.06211 -0.00925
-0.00118 -0.05103 0.03904
-0.00118 -0.03856 0.05552
-0.00118 -0.10403 0.01647
-0.00118 -0.05093 0.02859
-0.00118 -0.00895 0.04504
-0.00118 -0.09945 0.01456
-0.00118 -0.11260 0.05477
-0.00118 -0.05709 0.00226
-0.00118 -0.03518 0.00980
-0.00118 -0.02884 0.03654
-0.00118 -0.09360 0.03321
-0.00118 -0.08840 0.01677
-0.00118 -0.09265 -0.00251
-0.22842 -0.05363 -0.25948
-0.22216 -0.05103 -0.23832
-0.13088 -0.12885 -0.15188
-0.19317 -0.01102 0.18822
-0.18918 -0.02375 0.00811
-0.17881 -0.02375 0.01553
-0.18985 -0.02375 -0.00312
-0.19539 -0.02375 0.01942
-0.16193 -0.02375 0.00353
-0.19121 -0.02375 0.03126
-0.19462 -0.02375 0.00022
-0.17896 -0.02375 0.02076
-0.18580 -0.02375 0.04233
0.24686 -0.11809 0.13353
-0.30829 -0.15294 0.23571
0.12023 0.03412 -0.05427
-0.20772 -0.17939 -0.16051
-0.20874 -0.17926 -0.16576
-0.25584 -0.14800 -0.19250
0.25493 -0.16045 0.11831
-0.24141 -0.20885 -0.18010
-0.02405 -0.00448 0.02393
-0.03330 -0.00448 0.04577
-0.03849 -0.00448 0.04791
-0.02711 -0.00448 0.03150
-0.02130 -0.00448 0.00318
-0.22204 -0.13634 -0.22184
-0.23970 -0.14466 -0.24805
-0.25718 -0.13177 0.00269
-0.16342 -0.20818 -0.18257
0.24106 -0.06772 0.04291
-0.25648 -0.20602 0.11354
-0.25534 -0.20689 0.13848
-0.26321 -0.20085 0.12416
-0.27803 -0.14061 -0.26778
0.28102 -0.05858 -0.00749
-0.12664 -0.09637 -0.00635
-0.23264 -0.05616 0.22146
-0.30965 -0.10088 -0.15641
0.26924 -0.16630 0.12351
-0.21777 -0.09280 -0.00805
-0.20119 -0.00260 0.19568
-0.13620 -0.14292 0.14960
-0.13756 -0.14620 0.16069
-0.11683 -0.02497 0.14474
-0.26477 -0.06520 0.26745
-0.21039 -0.22243 0.22187
-0.20884 -0.22264 0.20877
-0.20409 -0.22326 0.21120
0.09359 -0.00659 0.05223
-0.13340 0.01327 -0.10765
-0.09131 -0.07929 0.25341
-0.25597 -0.01983 -0.19545
-0.31068 -0.12918 0.13268
-0.29704 -0.08055 0.08714
-0.30284 -0.07849 0.08689
-0.17739 -0.10178 -0.02122
-0.17907 -0.20943 0.26663
-0.18949 -0.03427 0.18344
0.18245 0.06152 0.03878
-0.18900 -0.23162 0.13425
-0.22267 -0.17096 -0.17697
0.08934 -0.01812 0.04361
0.33906 -0.13869 0.14305
-0.17231 -0.00148 -0.15622
-0.18438 -0.04699 0.23430
-0.18507 -0.04689 0.19405
-0.26373 -0.05503 0.10250
-0.13596 -0.14233 0.11492
-0.13242 -0.13380 0.11527
-0.08299 -0.12586 0.23912
-0.21413 -0.00604 0.19206
0.02664 -0.11465 -0.04884
0.02074 -0.11465 -0.01512
0.02109 -0.11465 0.00127
0.03135 -0.11465 -0.04770
0.00893 -0.11465 -0.03666
0.00978 -0.11465 -0.04419
-0.24219 -0.18790 0.26785
-0.13090 0.00666 -0.04648
-0.16352 0.00701 -0.04648
0.16926 -0.04634 -0.03093
0.16062 -0.04256 -0.03093
0.15099 -0.04357 -0.03093
0.10220 -0.03013 -0.03093
0.14595 -0.03721 -0.03093
0.18666 -0.06033 -0.03093
0.09416 -0.02300 -0.03093
0.15113 0.17492 0.05164
-0.16095 -0.02827 0.18574
-0.18619 0.00092 0.04623
-0.27628 -0.03603 -0.21067
0.30673 -0.01030 -0.04090
-0.19223 -0.12797 -0.09655
-0.19046 -0.10206 -0.03198
-0.29436 -0.06133 -0.21377
-0.01793 -0.00054 -0.10511
-0.20748 -0.19054 -0.26622
0.28706 -0.12523 0.00591
-0.08875 -0.13838 0.15747
-0.25227 0.12081 0.08598
-0.27483 0.03193 0.10462
-0.24615 0.14117 0.08173
-0.20844 -0.14898 0.14336
-0.12944 0.08747 -0.09306
-0.13423 0.05325 -0.10008
-0.13212 0.12513 -0.08556
-0.13674 0.08254 -0.09426
-0.30784 -0.14352 0.14237
-0.27378 -0.07651 -0.18455
-0.14070 -0.07559 -0.12640
-0.14744 -0.20680 0.19003
0.06224 0.03697 -0.02956
0.14376 0.03697 -0.04765
0.17375 0.03697 -0.03561
0.08077 0.03697 -0.03589
0.03021 0.03697 0.01581
0.16514 0.03697 -0.02081
0.17292 0.03697 -0.04450
0.04007 0.03697 -0.01265
0.02008 0.03697 0.00851
0.19803 0.03697 -0.02844
0.18367 0.03697 -0.01726
-0.00016 0.03697 0.02169
0.05399 0.03697 -0.04170
0.03258 0.03697 -0.01546
0.03228 0.03697 -0.02706
0.03492 0.03697 -0.04209
0.01546 0.03697 -0.01280
0.20105 0.03697 -0.02122
0.08437 0.03697 0.00095
0.06981 0.03697 0.00330
0.07425 0.03697 -0.01364
0.02247 0.03697 0.00176
0.01804 0.03697 0.02347
0.09715 0.03697 -0.01310
0.21500 0.03697 -0.04782
0.14191 0.03697 -0.03665
0.05042 0.03697 -0.02770
0.01265 0.03697 0.04143
0.01190 0.03697 -0.04126
0.05103 0.03697 -0.02237
0.04628 0.03697 -0.02976
0.17828 0.03697 -0.03859
0.10082 0.03697 -0.02243
0.07690 0.03697 -0.02332
0.13705 0.03697 -0.00231
0.21631 -0.00788 0.05296
-0.31260 -0.08698 0.22946
-0.27271 0.02410 -0.10632
-0.26077 0.02261 -0.10658
-0.23225 0.02090 -0.10687
-0.20951 -0.05004 0.17712
0.25366 -0.22458 -0.14264
-0.12968 -0.10651 0.13467
-0.27355 0.09970 0.09066
-0.25640 0.13595 0.08304
-0.26279 0.12162 0.08604
-0.26491 0.09308 0.09170
0.24461 -0.01827 0.03935
0.27185 -0.12449 -0.06928
-0.07185 -0.13706 0.02179
-0.09450 -0.17315 0.25642
-0.09203 -0.08627 0.17937
0.25320 -0.08615 -0.00038
0.26238 -0.08615 -0.02707
0.27265 -0.08615 0.01323
0.25318 -0.08615 -0.01001
0.28079 -0.08615 0.01912
0.26137 -0.19142 0.13040
0.03796 -0.02340 -0.03093
0.04241 -0.01897 -0.03093
-0.19707 -0.04545 -0.23995
0.34611 -0.15601 0.10714
-0.22571 -0.20783 0.10407
-0.16509 -0.02079 0.10368
-0.12674 -0.19844 0.25743
-0.10617 -0.03824 0.01252
-0.17483 -0.00777 0.26230
-0.25718 -0.11668 0.00847
-0.30406 -0.08564 0.23703
-0.26206 -0.09620 -0.21013
-0.26316 -0.10453 -0.23910
0.30673 -0.10612 0.04059
0.30673 -0.10078 0.00389
0.30673 -0.10039 0.05159
0.30673 -0.10353 0.01491
0.30673 -0.09356 0.03501
0.30673 -0.10726 -0.00925
-0.22795 -0.13066 0.22371
0.09881 -0.06985 0.03067
-0.13413 -0.08833 -0.15366
0.34060 -0.14090 0.10787
-0.10580 -0.17584 0.20964
-0.10495 -0.17473 0.23658
-0.10591 -0.17598 0.22896
-0.19786 0.00334 0.13614
-0.25275 -0.21089 -0.22463
-0.24315 -0.21677 -0.12386
-0.26358 -0.02568 0.20319
-0.13911 -0.20793 0.20162
0.14226 0.07437 0.05582
0.13976 0.06936 0.05494
-0.18550 -0.00345 -0.15443
-0.26802 -0.16507 -0.18557
-0.25193 -0.07788 0.17712
-0.13432 -0.13838 -0.16269
-0.13702 -0.14491 -0.16641
-0.08892 -0.13968 -0.21674
-0.26139 -0.04028 0.26679
-0.30286 -0.07742 -0.12482
0.04119 0.02780 0.06037
0.26799 -0.14359 -0.12058
-0.16143 -0.17083 -0.17285
-0.15566 -0.16640 -0.15767
-0.17243 -0.17583 -0.21765
0.31130 -0.05836 0.06192
-0.12101 -0.19093 0.19151
-0.22748 -0.17516 -0.19185
-0.14199 -0.01012 -0.21583
-0.12275 -0.03088 -0.14317
-0.26171 -0.13131 -0.21592
-0.25877 -0.13842 -0.23737
0.31130 -0.01950 0.03492
0.31130 0.00214 -0.02445
-0.29840 -0.14250 0.00501
0.11081 0.03098 0.06076
-0.13732 -0.02936 -0.18858
-0.12963 -0.10689 -0.16270
-0.13035 -0.10142 -0.16413
0.24661 0.00117 0.03067
-0.28760 -0.06804 -0.26539
-0.25572 -0.08047 -0.23053
-0.25818 -0.08640 -0.21499
-0.31223 -0.11555 0.13474
-0.22135 -0.17498 0.17712
-0.13617 -0.08340 -0.12551
-0.13231 -0.09271 -0.12315
-0.20364 -0.01296 -0.18268
-0.26646 0.13669 0.08225
-0.28584 0.04259 0.08516
-0.28662 0.03772 0.09541
0.28890 -0.12022 -0.15084
-0.28427 -0.03421 -0.23971
-0.14320 -0.07233 -0.16925
-0.12199 -0.16011 0.10255
-0.32516 -0.15048 -0.00689
-0.19223 -0.22369 0.11403
-0.24640 -0.06776 0.11863
-0.25001 -0.07247 0.13083
-0.25451 -0.14791 0.16201
-0.25096 -0.15254 0.13432
-0.18589 -0.18138 -0.19192
-0.20633 -0.12602 -0.09653
-0.24173 -0.06314 0.12198
-0.24045 -0.06215 0.11193
-0.01139 -0.08416 0.06485
-0.25914 -0.01182 0.21914
-0.25308 -0.01563 -0.23162
0.18600 0.06338 0.04211
-0.08606 -0.11798 0.11468
-0.08766 -0.13009 0.11433
-0.08561 -0.11453 0.13215
-0.23603 -0.16749 0.12372
-0.24001 -0.16443 0.11901
-0.09138 -0.07912 -0.22004
0.08530 -0.01541 0.03996
0.29793 -0.18040 -0.09826
-0.20048 -0.10055 -0.11186
-0.09727 -0.16136 0.21024
-0.16596 -0.05310 -0.22330
-0.13619 -0.12200 -0.25847
-0.14966 -0.11902 -0.23958
0.27985 -0.01241 0.03067
-0.17129 -0.01791 -0.18683
-0.01556 -0.05493 -0.09512
-0.16523 -0.21941 0.16646
-0.08616 -0.11872 0.22185
-0.08613 -0.11851 0.21514
-0.08843 -0.13597 0.20396
-0.00437 0.02014 -0.06352
-0.00583 -0.01682 -0.06352
-0.00165 -0.01079 -0.06352
-0.29139 -0.04656 -0.17280
-0.27082 -0.17247 0.10316
-0.27811 -0.19179 0.11915
0.24966 -0.07662 0.03394
-0.10184 -0.05556 0.24325
-0.29898 -0.13598 0.26391
-0.28857 0.00798 -0.00886
-0.28896 0.00911 0.03629
-0.15893 -0.06061 0.26017
-0.26363 -0.01699 0.22301
-0.13142 -0.01508 0.24582
-0.20538 -0.04292 0.04213
-0.19961 -0.04868 0.03751
-0.21333 -0.03497 0.02256
-0.20470 -0.04359 0.02645
0.32663 -0.14854 -0.15084
-0.26193 -0.13078 -0.13615
-0.25912 -0.13757 -0.14805
-0.30665 -0.12095 0.16848
-0.04953 -0.12421 -0.07195
-0.03548 -0.12421 -0.07073
0.13615 0.04833 0.03897
0.30673 -0.04078 0.01195
-0.18651 0.00505 0.16233
-0.31248 -0.12555 0.20640
-0.17918 0.00078 0.15083
0.28304 -0.13716 -0.10843
0.30673 -0.02154 0.05365
-0.21732 -0.11824 0.20384
-0.07099 0.03103 -0.00656
-0.20052 -0.07826 -0.13964
-0.08889 -0.13950 0.24426
0.30761 0.00531 0.02062
-0.25718 -0.11788 -0.07936
-0.25718 -0.09675 -0.08482
-0.25718 -0.13125 -0.08018
-0.25718 -0.11274 -0.05264
-0.25718 -0.10342 -0.06638
-0.12773 -0.15889 0.18618
-0.28156 -0.04014 -0.16003
-0.15692 -0.01829 0.18870
-0.18818 -0.06054 -0.16458
-0.19198 -0.08038 -0.13686
0.30143 -0.23080 0.13755
-0.16273 -0.15966 -0.25366
-0.17917 -0.13124 -0.20892
0.30809 -0.06069 -0.01412
0.29839 -0.14406 -0.08452
0.33283 -0.12882 0.13525
-0.01026 -0.12110 0.05914
0.00565 -0.11634 0.05914
-0.18382 -0.11036 0.06940
-0.03099 -0.07989 0.09028
0.30808 -0.06069 0.03312
-0.00207 -0.11431 0.03897
-0.00316 -0.11431 0.01282
0.30673 -0.07723 0.05858
0.29888 -0.07268 0.06326
0.25881 -0.13129 -0.06108
-0.20812 -0.04691 -0.24988
-0.20276 -0.04620 -0.24183
-0.20940 -0.22256 -0.15063
0.30673 -0.02248 -0.04462
-0.12235 -0.15821 0.18568
0.06152 -0.02562 0.03067
0.21667 -0.02595 0.03067
0.15204 -0.03457 0.03067
0.22225 -0.02580 0.03067
0.09685 -0.03712 0.03067
0.14912 -0.03089 0.03067
0.14295 -0.03033 0.03067
0.12234 -0.03750 0.03067
0.10005 -0.03036 0.03067
0.05580 -0.02857 0.03067
0.13762 -0.02886 0.03067
0.26533 -0.02451 0.03067
0.07040 -0.02988 0.03067
-0.21420 -0.04774 0.22635
-0.32512 -0.03382 -0.00734
0.29000 -0.11465 -0.02522
0.28045 -0.11465 -0.02528
-0.29641 -0.13208 0.26535
0.28102 -0.04707 -0.00281
-0.10696 -0.04230 0.13195
-0.06008 -0.09384 0.03342
-0.17566 -0.09234 0.21480
-0.18845 -0.04645 -0.15086
-0.18293 -0.04718 -0.14029
0.24604 -0.08615 0.02944
-0.04813 0.06838 0.01000
-0.22169 -0.22931 0.23007
-0.26339 -0.12001 -0.15786
-0.26309 -0.12229 -0.17161
-0.20519 -0.00620 -0.04648
-0.25555 -0.01463 0.13528
0.11800 -0.09972 -0.05940
0.14773 -0.10678 -0.05940
0.04566 -0.09098 -0.05940
0.17806 -0.10998 -0.05940
0.24483 -0.10898 -0.05940
0.19464 -0.10358 -0.05940
0.07939 -0.10137 -0.05940
0.12533 -0.11235 -0.05940
0.12746 -0.10506 -0.05940
0.13625 -0.09981 -0.05940
0.23367 0.02974 0.06154
-0.23481 -0.04666 0.26543
-0.10217 -0.17111 -0.24887
0.31111 -0.17088 0.13838
0.09072 -0.01563 0.05200
-0.13393 -0.00493 0.05992
-0.17050 -0.00493 0.05591
-0.09948 -0.05957 0.19495
-0.09970 -0.05904 0.20320
-0.09451 -0.07157 0.19366
0.04489 0.02721 -0.06287
-0.03321 0.01977 0.10681
-0.02344 0.01924 0.10690
-0.17963 -0.12845 -0.01185
-0.13518 -0.08579 0.12071
-0.13558 -0.08483 0.11359
0.28789 -0.11817 0.10252
0.25955 -0.13183 -0.07206
-0.19099 -0.08895 -0.00928
-0.20609 -0.22552 0.17329
-0.25032 -0.21011 0.16165
-0.23867 -0.21493 0.17510
-0.01240 0.01462 0.08259
-0.23162 -0.10977 0.13997
-0.23304 -0.03184 0.18487
-0.13171 -0.09416 -0.19708
-0.13349 -0.08988 -0.20667
-0.09808 -0.09571 0.00829
-0.19761 -0.18072 0.13291
-0.28681 -0.03725 0.24427
-0.18360 -0.05958 -0.24991
-0.08758 -0.08764 -0.19332
0.29721 -0.14118 -0.13559
-0.21778 -0.04922 -0.15933
-0.25718 -0.09513 -0.03324
-0.25718 -0.09507 -0.02438
-0.25718 -0.10358 0.02925
-0.25718 -0.09198 -0.03858
-0.25718 -0.08886 -0.01357
-0.25718 -0.08986 -0.04895
-0.26750 -0.20801 0.23873
-0.13569 -0.14169 -0.13434
-0.13574 -0.14181 -0.15075
0.29603 -0.13406 0.07826
0.15185 0.08599 0.03359
-0.01224 -0.00067 -0.06905
-0.29378 -0.06047 0.19317
-0.12580 0.04021 -0.10302
-0.12127 0.09050 -0.09259
0.27955 -0.15751 0.09852
0.22853 -0.13772 -0.11991
-0.24874 -0.01591 0.26046
-0.16870 -0.05168 -0.00725
-0.16967 -0.05168 0.02656
-0.17360 -0.05168 -0.00938
-0.15116 -0.05168 -0.03902
-0.16338 -0.05168 -0.00098
-0.17175 -0.05168 -0.01979
0.30673 -0.04757 0.03841
-0.21214 -0.04036 0.26463
0.10210 -0.01647 0.06326
-0.12214 -0.03572 -0.19081
-0.15155 -0.16324 0.21981
-0.15093 -0.16277 0.20076
-0.08038 -0.13832 0.23000
0.00303 -0.06447 0.05892
-0.11604 -0.15329 -0.10241
-0.09945 -0.02953 -0.09978
-0.07209 -0.06007 -0.09417
-0.03991 -0.06293 -0.09365
-0.05217 -0.07284 -0.09183
-0.06463 -0.04342 -0.09723
-0.11110 -0.01330 -0.10276
-0.07142 -0.06726 -0.09285
0.22814 -0.07390 -0.03093
-0.12365 -0.08501 0.26620
0.27031 -0.05940 -0.06352
0.27352 -0.02857 -0.06352
0.31130 -0.02451 -0.06179
-0.17432 -0.11060 0.12232
-0.16030 -0.05628 -0.12059
-0.15044 -0.06385 -0.13415
-0.26400 -0.11537 -0.12258
-0.26402 -0.11521 -0.12922
-0.19647 0.01823 -0.13306
-0.25774 -0.18450 -0.10280
-0.21987 -0.10627 0.12478
-0.27032 -0.14515 0.18661
-0.08703 -0.15829 0.20311
0.25682 -0.11338 -0.13613
0.25870 -0.13716 0.00249
-0.25424 -0.06352 -0.26539
-0.30758 -0.11386 -0.11510
-0.03896 -0.13937 -0.04405
0.23150 -0.14504 0.14738
-0.25448 -0.08503 0.26017
-0.11790 -0.13794 0.18421
-0.18518 -0.09418 0.20479
0.24981 -0.11906 -0.14179
-0.09034 -0.05180 0.09544
-0.19558 -0.06776 0.23661
-0.19895 -0.18055 0.19784
-0.28293 -0.00829 0.06632
-0.28899 0.00918 0.08848
0.27390 -0.03880 0.06326
0.28533 -0.05967 0.06326
-0.17741 -0.04836 0.22838
-0.18899 -0.08753 -0.21110
-0.18001 -0.07225 -0.23523
0.06047 0.03249 0.05955
-0.34597 -0.15172 0.00778
-0.13188 -0.06896 0.18317
-0.17855 -0.17836 -0.15684
-0.25729 -0.05982 -0.18654
-0.24254 -0.16249 -0.13941
-0.17476 -0.20411 0.18458
-0.29001 -0.05392 0.21072
-0.28956 -0.05334 0.23678
-0.19680 -0.14225 0.00155
0.25734 -0.15462 -0.13726
-0.12119 -0.02498 0.01168
0.31481 -0.18105 0.13225
-0.16071 -0.22651 0.15078
-0.28809 -0.04039 0.23431
-0.26354 -0.10737 -0.20489
-0.26318 -0.10466 -0.21329
0.31035 -0.04326 -0.02148
0.30673 0.00703 -0.01281
-0.09730 -0.16142 0.16823
-0.04538 -0.09051 -0.04022
-0.18945 -0.23167 0.21288
-0.26176 -0.20683 -0.15951
-0.05560 0.03987 0.00696
0.30996 -0.20453 -0.15001
0.10665 0.03066 0.05862
-0.23362 -0.16359 -0.17697
-0.17397 -0.22461 0.12482
0.12838 0.01874 0.06326
0.01147 0.01932 0.06326
0.02592 0.01201 0.06326
0.19915 0.01940 0.06326
0.03309 0.01562 0.06326
0.02995 0.01964 0.06326
-0.18008 -0.17957 0.17776
0.30862 -0.12677 -0.10280
0.03303 0.02612 -0.06121
0.16638 0.06481 0.03906
0.17620 -0.00177 0.04090
-0.19667 0.04485 0.00983
-0.08544 -0.11302 0.19923
-0.18923 -0.20775 -0.26733
-0.28769 -0.16148 0.10562
-0.14234 -0.07345 0.22770
0.27580 -0.11556 -0.00157
0.27015 -0.11556 0.00307
-0.28944 -0.07796 0.10425
0.16893 0.07148 0.04752
-0.00116 0.01486 -0.06352
0.09790 0.00782 -0.06352
0.14551 0.01266 -0.06352
0.01208 0.00772 -0.06352
0.24968 0.00677 -0.06352
0.17617 0.00899 -0.06352
0.01317 0.01655 -0.06352
0.18454 0.00981 -0.06352
0.29945 -0.20019 0.14448
-0.26219 -0.12913 0.14230
-0.01610 -0.03410 0.09869
-0.17319 -0.12929 -0.21363
-0.16388 -0.13657 -0.22987
0.28791 -0.17141 0.06377
-0.10261 -0.08374 -0.18335
-0.16187 -0.09473 -0.22834
0.28956 -0.04848 0.00720
-0.08619 -0.10727 -0.12766
-0.09814 -0.06280 0.13925
-0.10019 -0.05786 0.14234
0.06200 -0.05974 0.03067
0.04255 -0.06253 0.03067
0.29685 -0.05047 0.06326
0.28621 -0.14766 -0.00208
-0.14026 -0.21638 -0.25098
-0.30169 -0.14721 0.19361
-0.29680 -0.15902 0.23068
-0.24507 -0.08878 -0.24903
-0.23694 -0.09738 -0.23419
-0.25245 -0.01714 0.16979
-0.01444 -0.11489 -0.08497
-0.01166 -0.08984 -0.06772
-0.26004 -0.13536 -0.15766
-0.25768 -0.14105 -0.11786
-0.13648 -0.02034 0.12760
-0.12804 -0.02681 0.13075
-0.14007 -0.01759 0.13977
-0.14324 -0.01595 0.24530
-0.21067 -0.17900 -0.21862
-0.20908 -0.17921 -0.23855
0.30823 0.00694 0.00218
0.04576 -0.00475 0.03067
-0.01366 -0.10784 0.07596
0.10533 -0.05385 -0.04146
-0.12632 -0.04998 0.26743
-0.14319 -0.18063 0.26779
-0.21443 -0.04843 -0.26017
-0.09564 -0.06009 -0.16535
-0.30997 -0.14889 0.15119
-0.30855 -0.08756 0.08755
-0.13157 -0.09450 0.16330
-0.13174 -0.09408 0.14956
0.12818 -0.06364 0.03182
0.28077 -0.12577 -0.02527
-0.27876 -0.02032 -0.00355
-0.27847 -0.02117 0.04952
-0.27776 -0.02322 0.03025
-0.28183 -0.01148 -0.02549
-0.28007 -0.01654 -0.03024
-0.28144 -0.01260 -0.00616
0.14962 0.21751 0.04856
-0.26458 -0.03261 0.18044
-0.12481 -0.07218 0.01424
-0.12481 -0.07996 -0.00673
-0.12481 -0.06212 0.02527
0.28102 -0.03395 0.01016
-0.16759 -0.04084 -0.18292
-0.23391 -0.03535 0.26780
0.29417 -0.12774 0.08693
-0.29023 -0.17203 -0.20194
-0.08663 -0.14886 0.20647
-0.08955 -0.12927 -0.01955
0.00644 -0.02376 -0.00770
-0.00307 -0.02379 -0.00791
-0.18057 -0.12209 -0.01462
-0.29169 -0.09291 0.18382
-0.04642 0.11189 0.08805
-0.04253 0.10308 0.08999
-0.16688 -0.22267 0.22065
-0.18264 -0.00382 0.16829
-0.33119 -0.06691 -0.10342
-0.09814 -0.17534 0.24875
-0.16445 -0.20863 -0.26576
-0.25718 -0.13669 0.08351
-0.25718 -0.12826 0.08708
-0.25718 -0.12053 0.07905
-0.25718 -0.13373 0.03380
-0.25718 -0.13705 0.04458
-0.25718 -0.14236 0.01977
-0.14163 -0.02244 0.18038
-0.14722 -0.10011 -0.01129
-0.17523 -0.01774 -0.26676
-0.21916 -0.04979 0.20089
-0.17957 -0.10697 -0.02264
-0.29525 -0.16277 -0.16065
-0.23030 -0.00710 -0.14257
0.06940 0.03321 0.05885
0.25838 -0.06313 -0.06352
-0.20731 -0.22848 0.15860
-0.29051 0.01359 -0.02075
-0.29091 0.01473 0.02370
0.26278 -0.00348 0.03067
-0.22104 -0.03907 0.26610
-0.30328 -0.08834 -0.26100
0.26608 -0.12327 -0.00391
0.16196 -0.00464 -0.06413
-0.00554 -0.02884 -0.02600
-0.24952 -0.20891 -0.26121
0.25376 -0.18342 -0.14588
-0.11472 -0.11133 -0.10317
-0.18546 -0.13050 0.20286
-0.28075 -0.04186 -0.14462
-0.20201 -0.04610 -0.13440
-0.20432 -0.04641 -0.12752
-0.10049 -0.04962 0.12945
0.15752 0.05009 0.05856
-0.14746 -0.01868 -0.17985
-0.14274 0.01476 -0.13117
-0.23837 0.01476 -0.13029
-0.19988 0.01476 -0.12566
-0.15985 0.01476 -0.13030
-0.23071 0.01476 -0.12940
-0.20109 -0.22809 -0.24870
0.12759 0.03640 0.05326
-0.12906 -0.11501 0.13145
-0.12914 -0.11564 0.11833
0.27520 -0.14225 0.01235
-0.30642 -0.10353 0.13465
-0.30456 -0.08942 0.11037
-0.30574 -0.09834 0.13240
