-0.25720 0.01016 -0.12132
0.08831 -0.00177 -0.18770
-0.07499 0.00105 -0.18752
0.11938 0.00302 -0.18678
0.00130 0.00462 -0.18672
0.04249 -0.07459 -0.03369
0.00706 -0.07917 -0.03402
0.06681 -0.08218 -0.03835
-0.02555 -0.08794 0.15671
-0.03234 -0.08652 0.15778
-0.07960 -0.07875 0.16360
-0.20054 -0.03579 0.13007
0.11991 -0.03953 -0.03435
-0.25989 -0.11675 -0.17499
-0.21548 -0.05492 -0.03542
0.40696 -0.00301 0.13030
-0.40971 0.01939 0.03509
-0.24187 -0.06670 -0.12137
-0.42229 -0.06151 0.13052
0.01685 -0.03650 -0.00955
0.11669 0.06449 0.11838
-0.19878 0.01683 -0.15718
-0.01599 -0.02741 -0.01229
-0.24118 -0.02684 0.09594
0.25261 -0.08835 -0.03887
0.28329 -0.08904 -0.03987
0.24363 -0.08543 -0.08869
0.26963 -0.08839 -0.04569
0.28398 -0.08860 -0.04840
0.26894 -0.08866 -0.04040
-0.23505 -0.07139 0.11145
0.10143 -0.08858 0.10790
-0.04485 -0.08648 -0.16884
0.00239 -0.08717 -0.17067
-0.30373 -0.08407 0.12341
0.07506 -0.04968 0.00147
0.27231 -0.00688 -0.11904
-0.12373 -0.00140 -0.15595
-0.16014 0.00693 -0.15693
0.32550 0.01585 0.02165
-0.09625 -0.07163 -0.00236
-0.20513 -0.06017 -0.06150
-0.02052 -0.02814 0.10133
0.30823 -0.01186 0.16928
-0.24628 -0.07194 0.14280
-0.26391 -0.12241 -0.16411
-0.13161 0.11725 0.11995
-0.28813 -0.07058 -0.16986
0.15877 0.05471 -0.12591
0.07322 -0.05817 0.02739
0.15072 0.04747 -0.17101
0.19125 0.02951 -0.17654
-0.41621 0.02483 0.01183
-0.05665 -0.07625 0.13674
0.16810 -0.01609 0.13923
0.21357 -0.08694 -0.13686
-0.35559 0.01700 0.13742
-0.35761 0.00359 0.13755
0.28740 -0.07965 -0.15086
-0.24834 -0.00042 0.12655
-0.10082 -0.01347 0.17269
-0.32959 -0.05988 -0.17871
-0.35656 -0.05740 -0.17637
-0.27732 -0.05931 -0.06141
-0.36864 0.05858 0.00593
-0.37793 0.05351 0.04164
0.07713 -0.05914 0.07676
0.24539 -0.00796 0.06994
-0.19983 -0.02656 -0.02431
-0.17677 -0.03123 -0.05583
-0.18425 -0.02971 -0.02841
-0.14240 -0.03820 -0.02620
-0.14644 -0.03738 -0.03369
-0.05959 0.04448 0.09518
-0.25668 -0.01020 -0.11952
0.22232 -0.05117 -0.13596
0.21777 0.04345 0.13871
0.16184 0.05105 0.07539
-0.22674 -0.07370 -0.13107
-0.24586 -0.09893 -0.16520
0.38098 0.01435 -0.13515
0.17241 -0.10199 0.11223
0.15681 -0.10199 -0.05832
0.16543 -0.10199 0.12668
0.15760 -0.10199 -0.01257
0.16086 -0.10199 0.11365
0.15115 -0.10199 -0.00147
0.16351 -0.10199 0.01387
0.26676 0.02344 0.09128
-0.17480 0.05114 -0.17004
-0.32733 -0.05674 0.16274
-0.00217 -0.07533 0.08218
0.23531 -0.04543 0.16374
0.05160 -0.06661 -0.06520
0.00195 -0.04690 0.04260
0.16788 -0.05535 -0.04928
-0.33518 0.07836 -0.09119
-0.31904 0.08390 -0.10207
-0.28422 0.09815 -0.08281
0.28378 -0.06196 -0.16107
0.25504 -0.00107 -0.11897
-0.39605 0.03847 0.09538
0.40926 -0.00146 0.06264
-0.26048 -0.11636 0.14852
-0.28191 -0.12161 -0.13512
0.00055 -0.05675 0.00692
0.04137 -0.05569 0.00961
0.23396 0.00537 -0.04331
0.19801 0.00712 -0.04331
-0.20788 -0.10059 0.12599
-0.38776 0.04928 0.00060
-0.40971 0.03761 0.06343
-0.01865 -0.07132 -0.09878
-0.05658 0.09264 -0.04717
0.28726 -0.10108 -0.02580
-0.11673 -0.02543 0.14589
-0.25375 -0.01026 0.09773
-0.06762 0.11600 0.08041
0.30455 -0.11429 -0.18136
0.31215 -0.08916 -0.11009
0.15609 0.00366 -0.16298
-0.40577 -0.02403 -0.16112
-0.29335 -0.02249 -0.06698
-0.31365 -0.02227 -0.03190
0.24039 -0.00334 -0.07070
0.38701 -0.01484 0.15104
-0.30354 -0.07381 0.02643
0.25875 -0.12051 0.12698
-0.04787 0.04228 -0.09659
-0.30370 -0.05874 0.12058
-0.39602 0.03834 0.14924
0.02590 -0.02729 0.11228
0.22506 -0.02961 -0.13617
0.20208 -0.09823 0.09725
-0.24519 0.05953 0.14932
-0.27722 0.07478 0.14049
0.07557 -0.01680 -0.01045
0.11269 0.04729 0.12817
-0.41147 -0.09521 0.09123
-0.32590 0.08075 0.12232
0.07230 0.11996 -0.00138
0.09893 0.10120 0.04216
0.09841 0.10505 -0.00300
0.09352 0.10564 0.02532
-0.18864 -0.09521 -0.18418
-0.11920 0.04791 0.15416
0.05429 -0.08295 -0.00747
-0.06358 0.04644 -0.07035
0.14645 -0.08235 0.11082
0.21114 -0.01213 -0.14556
0.12903 0.01713 0.02780
0.12885 0.01713 0.09229
0.12030 0.00720 0.03233
0.12192 0.00248 0.06337
-0.30457 -0.09358 -0.16961
0.33532 -0.09891 0.08574
0.33168 -0.10015 0.09336
-0.25773 -0.08198 0.11660
0.31383 -0.10407 0.12495
-0.18649 -0.05420 0.15835
-0.27145 -0.04472 0.15871
0.03139 -0.05308 0.05702
-0.06501 -0.08601 0.00030
-0.41187 -0.02403 -0.15679
-0.24468 -0.01309 0.16740
0.13592 0.06113 -0.15049
0.14663 0.05419 -0.14995
0.13033 0.06975 -0.12926
0.14913 0.04971 -0.16212
-0.01601 -0.07421 0.06874
0.11006 0.03445 0.02947
0.11220 0.03445 0.09079
-0.05454 -0.00406 -0.09085
0.14258 0.07415 0.03039
0.15162 0.06804 0.03022
0.16467 0.05854 0.04029
0.14921 0.07015 0.02261
0.15911 0.06494 -0.00069
-0.38461 -0.07078 0.14790
0.27131 -0.07672 0.09942
0.38620 -0.06017 -0.10186
0.31361 -0.03100 0.11724
-0.27937 -0.06663 0.13770
0.36804 -0.07759 0.14792
0.03347 -0.08858 0.09501
0.09516 -0.08858 0.03062
0.06180 -0.08858 0.12896
0.08366 -0.08858 0.08748
0.02986 -0.08858 0.11508
0.06811 -0.08858 0.05974
0.08609 -0.08858 0.04077
0.09172 -0.07372 0.14589
-0.01879 -0.08150 0.14589
0.18800 -0.10059 0.09317
0.03292 -0.02588 -0.19023
0.15397 -0.02457 -0.19023
0.14924 -0.03374 -0.19023
0.14227 -0.02683 -0.19023
0.12741 -0.01696 -0.19023
-0.43222 -0.03549 0.13430
0.07805 0.07707 -0.15746
0.37737 0.01276 -0.15951
-0.25776 -0.07306 0.13050
-0.22794 -0.01402 -0.14616
0.20098 0.03581 -0.07634
0.20098 0.03571 -0.06225
0.20098 0.03061 -0.08457
0.20098 0.03351 -0.03738
0.20098 0.02913 -0.02461
-0.24880 -0.06041 -0.12415
-0.28263 -0.09854 0.03159
-0.19640 -0.07228 0.12341
0.41732 -0.02425 0.08810
0.05094 0.11424 -0.13835
0.32581 -0.06572 0.09154
0.30575 -0.06847 0.09154
0.06084 0.11092 0.12266
-0.22197 -0.05877 0.07420
-0.39615 0.03747 -0.07731
-0.25101 -0.03078 -0.14159
-0.14998 -0.04070 0.03928
-0.14969 -0.04078 0.03373
-0.20616 -0.02582 0.07067
-0.20923 -0.02501 0.04310
0.32720 -0.08852 -0.16340
0.21993 -0.07382 -0.18245
0.03058 0.14063 -0.03872
-0.24840 -0.08134 0.11720
-0.32302 -0.02024 -0.15222
0.41795 -0.07965 0.11036
0.11573 0.08436 0.08577
0.14815 0.05113 0.14345
0.16347 0.05389 0.08774
0.14926 0.05293 0.13224
0.25677 0.00251 0.10653
0.05479 -0.06222 -0.04412
-0.15551 -0.04703 -0.18966
0.23750 -0.07075 -0.10836
-0.10464 0.12051 0.11881
-0.36817 -0.08026 0.05148
-0.38742 -0.07872 -0.05573
-0.39171 -0.07838 0.03009
-0.39112 -0.07842 0.07832
-0.33122 -0.08321 0.13400
-0.38320 -0.07906 0.09580
-0.36423 -0.08057 0.11424
-0.38528 -0.07889 -0.02053
-0.38178 -0.07917 -0.04264
-0.35213 -0.08154 0.06644
-0.35719 -0.08114 0.13232
-0.35101 -0.08163 0.11839
0.18810 -0.04732 0.17260
0.20097 0.02997 0.11149
0.20097 0.02150 0.11554
-0.30918 -0.08591 0.06884
-0.31257 -0.08454 0.02145
-0.03635 -0.08167 0.13404
0.12659 0.06335 0.14601
-0.03733 0.00365 -0.06131
0.42778 -0.03048 -0.10129
0.12915 -0.00821 0.11608
-0.13061 -0.09288 0.15610
-0.18765 0.13505 -0.01120
0.13472 0.04607 -0.16412
-0.16762 0.01456 0.16815
0.36482 -0.05917 0.15960
-0.23765 -0.07195 -0.07785
-0.04968 0.05001 -0.09873
-0.06904 0.07662 0.08489
-0.22082 -0.02344 -0.00751
-0.23557 -0.02334 -0.00839
-0.26167 0.02641 -0.13588
-0.39474 0.04584 -0.01793
-0.38021 0.05263 -0.04208
0.43015 -0.03149 -0.12831
-0.02675 -0.05910 0.00729
-0.05783 -0.08753 0.02024
-0.06739 0.08682 -0.06861
0.07887 -0.03952 0.00740
0.06496 -0.07220 0.01817
0.08022 -0.06488 0.01617
0.01223 -0.08302 0.01965
-0.06817 0.08459 0.05725
-0.22016 -0.06471 -0.05877
-0.32240 -0.05415 0.09279
-0.21104 -0.00375 -0.13036
-0.01842 -0.08899 0.15752
0.26234 0.00610 0.11074
0.00848 -0.02794 -0.13007
-0.25988 -0.13048 0.13590
0.39822 0.01118 0.10107
-0.39348 0.05569 -0.15802
0.29888 0.01381 -0.00252
0.24808 -0.01165 0.14863
-0.04662 -0.02492 -0.07912
-0.40513 0.01713 0.00355
-0.42046 0.00156 0.11586
0.26365 -0.10166 -0.10603
0.31070 -0.08112 0.15847
-0.20126 -0.06787 0.01537
-0.21683 0.02058 -0.14686
-0.25022 0.05120 -0.12554
-0.05052 0.02623 0.06989
-0.28226 -0.07701 -0.17421
-0.10102 -0.07993 -0.00509
-0.25997 -0.07223 -0.14375
-0.03052 0.13714 0.10312
-0.00148 -0.05641 -0.18859
-0.09204 -0.04377 -0.19008
0.06824 -0.04682 -0.18979
0.04545 -0.04892 -0.18953
-0.02603 -0.08500 -0.14920
-0.42758 -0.02638 0.07252
-0.25143 -0.05922 0.15210
0.00956 -0.02590 -0.03234
0.23676 -0.00533 -0.12310
-0.06105 0.07216 0.07445
-0.19928 0.13001 -0.06649
-0.29658 -0.09072 0.03587
-0.29736 -0.09045 -0.00840
-0.36949 0.06590 -0.07671
-0.21393 -0.06143 -0.00128
0.14382 0.02813 0.14290
-0.23897 0.04756 0.15558
-0.03929 0.06360 0.01899
-0.10198 0.06042 0.14914
0.36353 0.01128 -0.00540
0.22611 -0.08214 0.13213
0.00722 -0.07190 0.04187
-0.05066 -0.08858 -0.12797
-0.08661 -0.08858 -0.13828
-0.03730 -0.08858 -0.11207
-0.05902 -0.08858 -0.14406
-0.07081 -0.08858 -0.12942
-0.03368 -0.08858 -0.12245
0.24276 -0.04703 -0.18109
0.03593 0.13148 0.09426
0.32144 0.00509 -0.02332
0.24421 -0.03910 0.16822
-0.24358 -0.09249 -0.08594
0.01907 0.01858 -0.18437
-0.25353 -0.08554 -0.10006
-0.41555 -0.02401 0.06428
0.22455 -0.11367 -0.15114
-0.39021 0.06333 -0.13245
0.36693 -0.01054 -0.08237
0.26178 -0.00423 0.03541
0.23147 0.00785 0.12879
-0.40934 0.04592 -0.08694
-0.41155 0.03886 -0.10609
-0.23194 -0.06772 0.13338
-0.12147 -0.04873 0.08370
-0.12395 -0.04655 0.07183
-0.15307 -0.03146 0.12778
-0.13461 -0.04037 0.07986
-0.00147 -0.07527 -0.07245
0.19421 -0.04794 -0.19153
0.31747 -0.01877 0.07801
0.34506 0.01357 0.12771
-0.21267 -0.05971 -0.07181
-0.22822 -0.10043 0.14280
0.28245 -0.04658 -0.17395
-0.20370 0.12899 -0.02891
0.11111 0.05794 0.16457
-0.22282 -0.10520 -0.02652
-0.21723 -0.10543 0.12545
-0.24151 -0.12067 -0.17419
0.20281 -0.04616 0.14066
-0.42053 -0.02492 -0.11869
-0.02987 0.00015 0.03674
0.20226 0.01720 -0.02780
0.28272 0.01770 -0.02267
-0.08738 0.03103 -0.17994
0.43078 -0.05766 -0.14740
-0.26611 -0.04446 0.16726
0.20441 -0.03737 -0.04298
0.20898 -0.04019 -0.02829
0.21022 -0.04096 -0.05441
0.21286 -0.03289 0.17147
-0.17718 -0.03944 -0.19290
-0.24410 -0.08488 -0.14375
0.15081 0.01909 0.16670
0.04686 0.02306 0.16589
0.14281 0.02045 0.16620
-0.41152 0.01001 -0.16476
-0.40335 0.05339 0.10657
-0.41478 0.03509 0.06358
-0.25162 0.01180 -0.18347
-0.23501 -0.06727 0.15097
0.21020 -0.11132 -0.15228
-0.22362 -0.04727 -0.17763
-0.27213 -0.05461 -0.02668
-0.06928 0.11318 -0.08403
-0.24140 -0.02949 -0.16051
-0.11211 -0.07111 -0.16270
0.14758 -0.08773 -0.17217
0.09929 -0.08472 -0.16419
-0.06604 0.12405 0.07300
0.30501 -0.09190 -0.18365
-0.05681 0.00083 0.07654
0.26616 -0.00474 -0.14037
-0.20405 -0.01966 -0.12110
0.28198 -0.10013 -0.10407
-0.41430 0.03318 -0.10140
-0.28703 -0.00674 -0.11046
-0.21751 -0.01604 0.15006
-0.23014 -0.06890 -0.04091
-0.02256 -0.03360 -0.06682
-0.40127 0.03821 -0.10297
-0.02256 -0.07015 0.07823
-0.39023 0.04370 -0.14418
-0.19104 -0.03113 -0.18041
-0.27278 -0.05021 -0.14059
-0.40854 -0.06766 0.01139
-0.40854 -0.06472 -0.04689
0.18614 -0.07040 -0.00862
0.24060 0.03741 -0.16197
0.22564 -0.12379 0.17167
0.21374 -0.02944 0.09128
0.27334 -0.07339 0.12397
-0.28259 -0.05802 0.09538
0.26759 -0.08893 -0.17706
-0.16174 0.14010 -0.00418
-0.12760 0.14188 0.01457
-0.10432 0.14311 0.02623
0.17933 -0.04501 0.05517
0.18209 -0.02165 0.12283
0.17904 -0.02319 0.04150
-0.32272 0.07357 -0.15078
-0.35386 -0.08039 0.08021
-0.01099 0.06163 0.14824
-0.00509 0.05430 0.15151
0.04238 0.06017 0.14902
0.06221 0.08060 0.14000
-0.00254 0.06238 0.14793
0.24937 -0.07626 -0.14570
0.25864 -0.06414 -0.16198
-0.39987 -0.05153 -0.17298
-0.18471 0.02158 0.16633
-0.30583 0.08687 0.12574
-0.15681 -0.07895 0.16368
0.36018 0.01453 -0.04544
0.40933 -0.00703 -0.07148
-0.16843 -0.06770 -0.16820
-0.19075 0.12950 -0.05499
-0.37532 0.05153 0.12965
-0.01498 -0.07074 -0.10490
0.42738 -0.05326 -0.05864
-0.30810 -0.05735 0.13692
-0.22057 -0.05264 0.05891
-0.09050 0.05910 0.14916
-0.07491 0.06927 0.14405
-0.08115 0.07164 0.14357
0.20778 -0.06429 -0.13755
0.41718 -0.05182 -0.16868
-0.26353 0.01330 -0.18233
-0.29524 0.01175 -0.18055
-0.18899 0.11488 0.11957
0.29175 0.00547 -0.10985
-0.19983 0.13088 -0.00593
-0.15255 0.05888 -0.16585
-0.16115 0.06446 -0.16326
-0.03962 0.01591 0.03629
0.00468 -0.07435 -0.08995
-0.41575 -0.03443 -0.07424
-0.21117 -0.04976 -0.13974
0.12826 0.01183 -0.15645
0.25796 -0.00635 -0.13076
-0.18771 0.12607 -0.08650
-0.43419 -0.04014 0.08216
-0.29819 -0.00448 -0.18073
0.12842 -0.00821 -0.06450
-0.10215 -0.05074 -0.02029
-0.11447 0.03012 0.14600
-0.22356 -0.03359 -0.17857
-0.15303 -0.09100 0.00979
0.40565 -0.01391 -0.03326
-0.12965 0.13671 -0.11456
-0.11853 0.13759 -0.10951
0.11883 -0.08858 0.06516
0.11219 -0.08858 0.03089
-0.12615 -0.04184 -0.03145
-0.40893 0.05117 -0.02879
-0.41247 0.04362 -0.01671
0.30061 -0.08115 0.14899
-0.10202 0.10718 0.12372
-0.38759 -0.04633 -0.13605
0.23088 -0.01871 -0.15934
-0.06535 0.05719 -0.12641
-0.21241 -0.06978 -0.05934
-0.37836 0.06493 -0.03951
0.25162 -0.06689 0.15241
0.32550 -0.00587 0.00016
-0.21349 -0.06151 -0.01690
-0.29304 0.07995 -0.15424
-0.24325 -0.05524 -0.06714
0.02687 -0.07099 0.08015
-0.28614 -0.05094 -0.10797
-0.25612 0.10979 -0.03234
-0.26204 0.10741 -0.04524
-0.25448 0.11060 -0.01959
0.20360 0.01723 0.00399
0.26660 0.01722 0.00418
0.41258 -0.01374 -0.13746
0.41020 -0.00065 -0.09586
-0.05269 0.10384 0.04513
0.41282 -0.02860 0.14184
-0.11428 -0.05978 -0.04976
-0.11339 -0.08175 -0.03764
-0.11459 -0.05515 -0.05403
0.22626 0.01358 0.10843
-0.18610 -0.06315 -0.18733
0.36478 0.00748 0.03680
0.36478 0.00089 0.00024
0.36478 -0.02983 -0.00294
-0.30535 -0.03244 0.16896
0.19739 -0.06167 -0.14149
-0.12435 0.07485 0.14300
-0.19644 -0.07895 -0.18418
-0.25795 -0.05618 0.03969
0.14105 0.05457 0.08236
0.10964 0.06429 -0.15862
-0.43308 -0.03006 -0.13791
0.08271 -0.02291 0.17342
0.06186 -0.02920 0.17342
0.13108 -0.01603 0.17342
0.11171 -0.01700 0.17342
0.28918 -0.03242 -0.18863
0.24697 -0.08587 -0.17397
0.27469 -0.07812 -0.17724
-0.27276 0.09786 0.12500
-0.24924 -0.06842 0.13095
-0.27090 -0.10892 0.13480
0.21229 -0.09626 -0.12043
-0.24324 -0.12081 -0.16555
0.01226 0.11044 -0.14089
0.03622 0.11197 -0.14019
0.00753 0.06349 -0.16357
0.01653 0.08175 -0.15476
0.07172 0.05122 -0.16963
0.04798 0.05729 -0.16665
0.05079 0.08742 -0.15209
0.02662 0.05337 -0.16850
0.01617 0.04897 -0.17061
-0.07133 0.05041 -0.16974
-0.02680 0.02060 -0.03884
-0.25560 -0.08544 0.14320
-0.03905 0.00377 -0.08472
-0.05852 0.04806 -0.13008
-0.40768 0.05204 -0.04504
0.40994 0.00191 -0.04320
-0.20066 0.12979 -0.04390
0.24632 0.03106 0.11985
-0.43340 -0.04707 -0.10224
0.30982 -0.09904 0.06242
0.26876 0.00829 -0.12108
0.04943 0.13410 0.00640
0.27319 0.01286 -0.00252
-0.04196 -0.08858 0.03080
-0.07706 -0.08858 0.03016
-0.07262 -0.08858 0.04360
-0.08949 -0.08858 0.12610
-0.05921 -0.08858 0.05307
-0.08775 -0.08858 0.03086
-0.41583 0.03365 0.06933
-0.40210 0.05539 0.12302
0.23593 0.00578 -0.06122
-0.33504 0.07845 0.09214
-0.34392 0.07518 0.08619
-0.32604 0.08201 0.08730
-0.41661 0.02086 -0.11547
-0.41736 0.01476 -0.12955
-0.43148 -0.05940 -0.07283
-0.25150 -0.12658 0.14839
0.01407 -0.05116 0.00595
-0.43138 -0.04897 -0.13828
0.25466 -0.05342 0.14269
-0.12956 -0.06647 -0.01048
0.23704 -0.11400 -0.18195
-0.41767 -0.01869 -0.00769
-0.39747 0.00612 0.15544
-0.38525 0.02161 0.15522
-0.06320 0.04693 -0.06269
0.41014 -0.01256 -0.07090
0.11954 0.06203 0.14140
-0.37465 0.05376 0.09578
-0.37853 0.05123 0.11618
0.19003 0.05389 -0.08611
0.28289 -0.05626 0.01260
0.25294 -0.05555 0.01273
0.25862 -0.03010 -0.17175
0.25869 0.03728 -0.12837
0.30190 0.02849 -0.15224
0.29086 0.03177 -0.11661
0.30117 0.02897 -0.14230
0.33750 0.02394 -0.09514
0.31243 0.02742 -0.12752
0.30538 0.02907 -0.11753
0.40212 -0.01252 -0.08298
-0.07203 -0.08997 0.15873
-0.18719 -0.05987 -0.13898
-0.20713 0.11853 0.06579
0.23673 -0.09504 -0.15720
-0.03509 -0.00165 0.04011
-0.00331 0.14222 -0.03880
0.02622 0.14242 -0.01782
-0.04584 0.14323 -0.02572
-0.01378 0.14288 -0.02197
-0.11869 0.01082 0.14589
-0.19380 0.12756 -0.11575
-0.05270 0.11694 0.09383
-0.05762 0.14353 0.01903
-0.00952 0.14311 -0.00007
0.01036 0.14289 -0.00477
-0.07082 0.14402 -0.00176
0.25922 -0.00229 0.09347
-0.25662 0.02438 -0.13056
-0.27648 0.01664 0.11720
-0.18686 -0.10448 -0.05789
-0.18303 -0.10407 0.10520
-0.18006 -0.10376 0.07912
-0.24385 -0.01299 0.13769
0.28834 -0.00396 0.02350
-0.24610 -0.13624 -0.13898
-0.28706 -0.06659 0.12947
0.03676 -0.05548 -0.11345
-0.21270 0.00617 0.11531
0.17875 0.04692 -0.08935
0.13884 0.01048 0.14589
-0.03708 0.02545 0.03258
0.26438 -0.12732 0.16848
0.03917 -0.06930 -0.08523
0.18036 0.04926 0.03239
-0.29253 -0.04286 0.13232
-0.04762 0.02111 -0.07166
0.32246 0.01215 -0.14403
0.29321 0.00294 -0.14461
0.26712 -0.09568 -0.16441
0.12549 -0.00624 0.13800
0.12025 0.01942 0.13892
0.24344 -0.11484 0.16178
-0.29413 -0.03310 0.16183
-0.41042 -0.07621 -0.10863
0.04146 0.13748 -0.02908
0.29040 -0.06453 0.13666
-0.21024 -0.06012 -0.18038
0.19914 0.01098 0.16721
-0.06259 0.04640 -0.05158
-0.17078 -0.06179 0.17258
-0.04006 -0.03703 -0.07112
0.27165 -0.06477 0.13630
0.11711 0.01195 0.11195
0.13421 0.02904 0.01682
-0.26272 -0.08383 -0.17647
0.42230 -0.02164 -0.00294
-0.25294 0.01278 0.12642
0.26317 -0.01360 0.09228
0.35322 -0.08516 -0.10160
0.18295 0.02128 0.16394
0.22060 0.01675 0.16362
0.16617 0.02763 0.16214
0.29279 -0.09336 -0.12927
0.23154 -0.13489 -0.17316
-0.12174 -0.00402 0.16806
-0.12119 -0.00995 0.16965
-0.18622 -0.03157 -0.10182
-0.17927 -0.03381 -0.11153
-0.15867 -0.03937 -0.10141
-0.14910 -0.04180 -0.09140
-0.17845 -0.03349 -0.09217
-0.20141 -0.02712 -0.09714
-0.13518 -0.04518 -0.07136
-0.01466 -0.05314 -0.12042
0.21341 -0.07149 -0.18157
0.43393 -0.05898 -0.09247
-0.37729 0.06492 -0.08140
0.26143 -0.07582 0.16068
0.29975 -0.06937 0.13756
0.30640 -0.09017 0.10584
-0.24120 -0.07417 -0.17678
-0.21035 0.01163 -0.13993
0.18887 -0.09590 -0.16789
0.03781 -0.07410 -0.00359
0.05379 -0.06725 -0.08015
0.17813 -0.07961 -0.00408
0.26490 0.00190 -0.05396
-0.29337 0.00397 -0.13650
-0.02080 -0.06704 0.04773
-0.03231 0.01810 -0.04648
0.41737 -0.08546 -0.10834
0.30183 0.02469 -0.16392
0.37036 0.00830 0.12159
0.29294 -0.11522 -0.18435
0.01866 -0.07423 0.16698
0.15037 -0.07202 0.16864
-0.01161 -0.07553 0.16601
0.39412 0.01028 0.13958
-0.42526 -0.06116 0.08958
-0.25957 -0.02985 0.10851
-0.18552 -0.10647 -0.16388
0.40516 0.00191 -0.01684
-0.26456 0.03665 0.15919
-0.06988 0.04715 0.08649
-0.18718 0.12510 0.02445
0.37054 0.00827 -0.12083
0.20425 -0.07217 -0.13571
-0.24901 0.00511 -0.13819
-0.14516 -0.02544 0.17308
0.14781 0.04369 0.14815
0.26225 -0.03405 -0.13908
-0.25242 -0.01812 -0.11423
-0.02147 0.00417 0.10573
-0.18813 0.12459 0.10702
0.12218 0.08608 0.04777
0.11150 0.09257 0.05331
0.12831 0.08143 0.05551
0.11617 0.09115 0.03411
0.26851 -0.05523 0.13533
-0.22993 -0.08303 0.13507
0.06456 0.01219 0.06746
0.19089 -0.08949 -0.13711
-0.17006 -0.07617 -0.01007
-0.03196 -0.01595 0.07565
0.29011 -0.09791 0.02822
0.23196 -0.00077 0.16933
0.06723 0.01222 0.04662
0.18718 0.04923 0.13843
-0.23189 -0.01325 -0.18043
-0.35838 0.06841 0.13185
-0.32128 0.05365 0.14153
0.22563 -0.05705 -0.15284
0.23160 -0.08741 0.00967
0.05483 0.11500 -0.13304
0.05859 0.11652 -0.11297
0.08311 0.10255 -0.11186
0.39053 -0.04919 0.15792
-0.03627 -0.02395 0.09949
0.33094 -0.09303 -0.10816
-0.30468 -0.05742 -0.08913
0.23992 -0.05140 -0.16150
0.30035 -0.06464 -0.16869
0.27398 -0.02551 -0.15092
0.01833 -0.03747 -0.12431
0.17088 0.04925 -0.10241
-0.39703 0.04092 -0.13171
-0.10396 0.09818 -0.14730
-0.23059 0.00735 -0.12194
-0.18829 -0.05483 0.16861
-0.06352 0.07561 -0.03886
0.24302 -0.03997 0.08591
0.18235 -0.02296 0.14036
-0.22092 0.08525 -0.15290
-0.22449 0.07380 -0.15893
0.19553 -0.08994 0.09395
0.21432 -0.03781 0.12031
0.36786 0.01985 0.06260
0.36146 0.02143 0.05578
0.26943 -0.08937 0.14008
0.22226 -0.00895 -0.13172
-0.07608 -0.05641 0.00606
-0.07009 -0.06014 0.00776
0.19382 -0.00984 0.16873
-0.05715 0.04085 -0.12723
0.32565 -0.06348 -0.00069
0.14242 -0.08858 -0.13180
0.15031 -0.08858 -0.05668
-0.05506 0.06573 0.02603
0.29359 0.01693 -0.02094
-0.18534 -0.10585 0.14568
-0.30967 -0.05095 -0.18030
-0.27972 -0.02272 -0.07469
-0.29118 -0.02252 -0.08217
-0.22696 -0.12439 0.13958
-0.32502 -0.06292 0.02174
-0.24485 -0.03982 0.15224
-0.24443 0.04002 0.10808
-0.12043 0.01312 0.16690
-0.22743 0.11644 -0.11326
-0.21529 0.12241 -0.08949
-0.30280 -0.05204 0.00515
-0.30280 -0.06749 0.01578
-0.04786 0.05216 0.02432
0.02275 0.12800 -0.12341
-0.33387 -0.05867 -0.07602
0.29618 -0.05810 -0.16662
-0.04200 0.04321 0.02681
-0.36379 -0.03023 0.15267
-0.06465 0.03895 -0.04849
0.04420 0.13412 0.05214
-0.25442 -0.08170 -0.13561
0.18329 -0.08143 -0.01390
0.25243 0.01156 -0.10139
0.04663 -0.04589 0.00334
-0.27034 0.09248 0.12399
-0.24397 0.00028 -0.13272
-0.35313 -0.05915 -0.16547
-0.24790 -0.08559 -0.10613
-0.31234 -0.07241 -0.17123
-0.00148 -0.07433 0.14589
0.38826 0.00726 -0.15152
-0.23808 -0.08060 0.14963
0.27957 0.01725 -0.02817
0.10425 0.04530 0.10942
0.18956 -0.08562 0.16131
0.39099 0.01457 0.02641
0.39266 0.01428 0.01070
0.39064 0.01485 -0.00231
-0.00224 -0.01341 0.17220
0.26562 -0.05434 -0.03640
0.24633 -0.06246 -0.03501
0.23755 -0.05519 -0.03625
0.03771 -0.05262 0.05684
-0.22020 -0.05685 0.08632
0.25181 -0.14249 0.13810
-0.42658 -0.02691 0.13434
-0.25892 -0.02878 -0.13333
0.24014 0.03397 -0.14828
-0.26116 -0.06818 -0.02882
-0.03008 0.05102 0.12433
0.27274 -0.11135 0.05139
0.27033 -0.11149 0.11561
0.26120 -0.00911 0.15953
0.31827 -0.01426 -0.18252
-0.16438 -0.09508 -0.15703
0.24269 0.02525 0.08693
-0.19504 -0.06202 -0.17361
0.43533 -0.03535 0.06979
-0.11313 0.02436 0.16656
0.22563 -0.00201 -0.04389
-0.04688 0.06110 0.12437
-0.24035 -0.08026 -0.17617
-0.31047 -0.07322 -0.11668
0.11118 0.01595 -0.03829
-0.27197 -0.07406 0.00461
0.10462 -0.08858 -0.06403
0.10506 -0.08858 -0.10935
-0.01876 -0.05308 0.03504
-0.23453 -0.02502 -0.13898
-0.31526 -0.04429 0.04204
-0.34563 -0.05562 0.04204
-0.35785 -0.08828 0.09418
0.09859 0.04738 0.17796
0.13421 0.06271 0.13180
0.11245 0.08303 0.10324
0.10910 0.08647 0.09723
0.05289 0.11783 0.00757
0.35518 -0.03358 0.05795
0.19149 -0.08512 0.15246
0.38046 -0.07559 -0.10836
0.21376 -0.01096 0.12275
0.25507 0.03142 0.13125
-0.01182 -0.08389 0.00010
-0.23877 0.02640 -0.12685
-0.25440 -0.08006 -0.12542
0.26353 -0.06242 -0.14388
-0.05097 -0.04968 -0.01784
0.11141 0.02797 0.01649
-0.20011 -0.10787 -0.13898
-0.20467 -0.06190 0.05372
-0.11368 -0.09294 -0.00180
0.17018 -0.10046 -0.16148
0.20125 0.05310 0.06222
0.41985 -0.07073 0.04026
0.02745 -0.03056 -0.00749
-0.42734 -0.02592 -0.03259
0.26847 -0.02060 0.08419
-0.37272 -0.06693 -0.15787
0.13791 -0.07162 0.02556
0.29149 -0.08516 0.08446
0.24998 -0.08516 0.08151
-0.11606 -0.04633 0.01137
0.42019 -0.08651 -0.01111
0.24651 -0.04701 -0.15662
-0.42196 0.00134 0.05515
0.11696 0.04076 0.00115
-0.25129 0.00303 0.10694
-0.26447 -0.03439 0.13322
-0.04857 0.07734 -0.03294
0.17819 -0.01840 0.01326
-0.24105 -0.08782 -0.11267
-0.33681 -0.03594 0.16539
-0.23173 -0.13189 -0.15933
-0.00773 -0.05273 -0.06634
0.15421 -0.08633 0.06892
0.15942 -0.08154 0.07230
-0.30280 -0.05324 -0.02349
-0.30280 -0.06193 -0.03750
-0.22350 -0.14097 0.13801
-0.02661 -0.03097 0.17342
-0.00994 -0.04023 0.17342
-0.10316 -0.02448 0.17342
-0.04058 -0.03430 0.17342
0.04304 -0.03572 0.17342
-0.19164 -0.06920 -0.02660
0.26102 0.00800 0.09295
0.31733 -0.10456 -0.07497
0.30737 -0.10095 -0.14265
0.12186 0.04213 -0.02105
0.12771 0.04635 -0.01667
0.13436 0.05198 -0.04388
-0.22334 -0.06441 0.12599
-0.02277 0.09995 -0.14511
-0.28819 0.00674 -0.13530
0.23676 -0.00370 0.11184
0.21199 -0.05064 0.12210
-0.01259 -0.06783 -0.11477
0.10901 0.03137 -0.08268
-0.41124 -0.04910 0.10980
0.22727 -0.05480 0.12726
-0.25806 -0.09429 -0.16405
-0.19444 -0.11090 -0.13499
0.31602 -0.07885 -0.17913
-0.27120 0.02995 -0.14167
0.12422 0.04659 0.10565
0.04609 -0.05239 -0.07991
-0.05970 0.01140 -0.06912
0.13435 -0.07950 -0.04451
-0.30054 -0.04176 0.13902
0.34971 -0.09634 -0.04877
-0.18079 -0.08727 0.12851
0.34336 -0.09682 -0.07453
0.18746 0.04676 -0.06545
0.19534 0.04504 -0.02274
0.16134 0.00119 0.17008
-0.40680 -0.06222 -0.14045
-0.24302 -0.01289 -0.14060
0.05864 -0.04120 0.00656
0.36693 -0.03163 -0.09932
0.16495 0.05101 0.01448
0.27495 -0.05139 0.14276
0.01604 0.01238 -0.18539
0.10834 0.01701 -0.18434
-0.02600 0.01645 -0.18487
-0.25600 -0.07903 0.05007
-0.39155 0.06357 0.02657
-0.22043 -0.06052 -0.09995
0.18703 -0.10195 0.11886
-0.23816 -0.03495 0.12457
0.34780 0.00153 -0.17299
-0.43411 -0.05858 -0.02484
-0.22276 -0.07269 0.14280
0.24535 -0.08866 0.01091
0.28641 -0.08868 0.01045
0.33143 -0.08873 0.00956
0.25752 -0.08894 0.00567
0.26305 -0.08795 0.02400
0.32868 -0.08847 0.01435
-0.10774 -0.08315 -0.16270
-0.41793 -0.06755 0.07160
0.36693 -0.05184 0.07021
-0.20089 -0.07397 -0.18260
0.29619 -0.00003 -0.11269
0.13366 -0.01390 -0.06898
-0.00528 -0.06568 0.03264
-0.03531 -0.08858 0.10307
-0.07670 -0.08858 0.11139
-0.01048 -0.08858 0.03326
-0.04441 -0.08858 0.12475
-0.01418 -0.08858 0.07874
-0.29253 0.09144 -0.14325
-0.38663 0.04804 0.08029
0.23898 -0.08377 0.09154
-0.22842 0.03315 -0.17818
-0.22275 0.03705 -0.17668
0.26158 -0.07393 0.00957
0.19225 -0.07498 0.00940
0.20103 -0.08032 0.00848
-0.00481 -0.05342 0.05253
0.24102 0.03051 0.06957
-0.40643 0.03726 0.10182
-0.22448 -0.07772 -0.13956
0.21286 -0.09548 0.04895
0.23465 -0.08900 0.04026
-0.28452 0.00531 -0.11929
-0.08756 0.13960 0.08651
-0.06726 0.13820 0.09768
-0.00025 0.13750 0.09563
0.27700 -0.08332 -0.17478
-0.16228 0.13858 -0.06835
-0.11662 0.13997 -0.08419
-0.10310 0.14026 -0.09007
-0.19039 0.12309 0.00777
-0.36584 0.06535 -0.15724
0.24297 -0.11366 -0.15158
0.20097 -0.02497 -0.11717
0.20097 0.00843 -0.14128
0.26876 -0.03483 -0.14828
-0.05726 0.04472 -0.12082
0.00274 -0.03064 -0.12225
0.13804 -0.02037 -0.13850
0.15097 0.03300 -0.17307
0.22364 -0.03407 0.09160
0.07890 -0.04968 0.00872
0.24087 -0.02406 0.12386
-0.06247 0.12398 -0.06214
-0.11086 -0.08335 0.16001
0.28184 -0.02862 -0.13962
-0.02752 -0.04746 0.00482
0.26867 -0.02013 0.12051
-0.32763 0.07176 0.12761
-0.13433 -0.06766 -0.01266
-0.20421 -0.08570 0.13874
0.09951 -0.00440 -0.18764
-0.06247 0.14073 -0.08659
-0.04597 0.14192 -0.07138
-0.02403 0.14146 -0.07136
-0.05554 0.14185 -0.07410
-0.17257 -0.05731 -0.16096
0.15760 0.05640 -0.13365
0.27909 0.00089 0.01984
0.31251 -0.00765 0.01984
0.26191 -0.08097 0.16131
-0.16124 -0.08732 0.00361
0.25210 0.02692 -0.12114
-0.29914 -0.03962 -0.16709
0.19113 -0.08770 0.11311
-0.40958 -0.02697 -0.17309
-0.02802 -0.01798 -0.10897
-0.19941 0.13039 -0.05418
-0.33703 -0.03784 -0.17233
-0.24370 0.04892 -0.17156
-0.38713 0.04506 -0.15619
0.13755 -0.05335 -0.15561
-0.02412 -0.02908 0.04908
-0.22118 -0.07374 -0.06764
-0.17190 0.07359 0.04128
0.36693 -0.05252 -0.11459
-0.28920 0.09304 0.12395
-0.27091 -0.00229 0.16906
-0.28018 0.08869 0.13243
-0.08623 0.08461 0.04723
-0.24213 -0.09739 -0.16966
0.25125 0.04170 -0.09058
-0.19168 0.12574 -0.02193
0.06222 -0.03805 0.11631
-0.31822 -0.02223 -0.07391
-0.32460 -0.02216 -0.11042
0.19872 0.01582 0.02007
0.27061 0.01709 0.00927
0.20874 0.01600 0.01925
-0.21760 -0.07336 0.12588
-0.05082 0.12809 -0.12370
-0.40106 0.06097 0.09736
-0.40824 0.04807 0.08017
0.28069 0.01164 0.11485
0.17398 -0.00494 -0.18710
-0.11906 0.01189 -0.16270
-0.35935 -0.09628 0.07168
-0.23270 -0.08884 0.12316
0.34872 -0.00877 0.05463
-0.28734 -0.09430 -0.14378
0.10036 -0.02138 -0.02158
0.30255 -0.08914 -0.03543
0.17179 0.05943 0.03419
-0.03802 -0.00384 -0.07972
-0.02397 0.13345 0.10937
0.10558 -0.07563 -0.15387
0.27774 -0.07894 -0.15280
0.20851 -0.10950 0.16789
0.23827 0.04600 -0.07143
0.20775 0.05246 -0.04132
0.26630 0.04094 -0.02608
0.24892 0.04434 -0.03235
0.20774 0.05191 -0.08817
0.22571 0.04873 -0.05358
0.23640 0.04698 -0.02027
0.14002 -0.06476 0.13879
-0.24027 -0.08373 0.12818
0.27261 0.01408 -0.04654
0.26726 0.00025 -0.04633
0.02259 -0.07437 -0.01714
-0.25989 0.02337 -0.12340
0.21764 -0.02766 0.13468
-0.29101 -0.10156 -0.18221
-0.20603 -0.03584 0.16861
-0.03996 0.04860 -0.03680
-0.26101 -0.06282 -0.00680
-0.38476 -0.04210 0.15940
0.42555 -0.06074 -0.00805
-0.06977 0.07135 0.06958
-0.18871 0.12563 0.09006
-0.13254 -0.04051 0.05714
-0.14231 -0.04005 0.05310
-0.20239 -0.02331 0.09681
-0.18234 -0.02650 0.09406
-0.17530 -0.02485 0.10672
-0.33533 -0.08093 -0.08901
-0.36022 -0.08093 -0.09012
-0.34659 -0.08093 -0.10352
-0.37763 0.03676 -0.16917
-0.24305 -0.07808 -0.15837
0.10977 -0.08557 0.14960
0.09509 -0.08730 0.15419
0.36478 -0.05329 -0.03226
0.36478 -0.05328 0.03125
0.36478 -0.01799 -0.05799
0.36478 -0.03141 -0.06748
0.36478 -0.05867 -0.06114
0.36478 -0.05287 -0.07072
-0.40281 0.01891 -0.02786
0.17857 -0.05434 -0.06245
0.17857 -0.05302 -0.06966
-0.30646 -0.02235 0.06584
-0.30083 -0.02241 0.07714
0.19557 -0.10373 0.07730
0.19425 -0.10339 0.12097
0.32406 -0.10302 -0.04577
-0.41450 -0.01273 -0.15937
0.12723 -0.00487 0.05017
0.14197 -0.08858 -0.07151
0.14035 -0.08858 -0.05959
-0.43354 -0.05116 -0.08569
-0.32719 0.07864 -0.13897
0.22909 0.00941 -0.14563
0.27028 -0.03031 0.10380
-0.23906 -0.08567 0.09789
-0.11338 -0.04857 -0.00755
0.11302 -0.07215 -0.00623
0.07378 -0.04263 0.01653
-0.15810 0.07536 -0.10616
0.12856 -0.10199 -0.03646
0.09013 -0.10199 -0.01446
-0.05911 -0.10199 -0.15160
0.09740 -0.10199 -0.12676
0.01611 -0.10199 -0.03910
0.12577 -0.10199 -0.12004
0.04722 -0.10199 -0.04976
0.06316 -0.10199 -0.07857
0.11205 -0.10199 -0.12052
0.14692 -0.10199 -0.12266
0.02579 -0.10199 -0.11302
0.13598 -0.10199 0.00218
0.12651 -0.10199 0.01158
-0.07022 -0.10199 -0.12448
0.01176 -0.10199 -0.08170
0.05701 -0.10199 -0.10157
0.02849 -0.10199 -0.01483
0.10857 -0.10199 -0.09540
0.12698 -0.10199 0.07424
0.12569 -0.10199 -0.00419
0.10637 -0.10199 -0.00059
0.14122 -0.10199 -0.12263
0.13673 -0.10199 0.05830
0.01658 -0.10199 -0.08993
0.12634 -0.10199 0.06595
0.07001 -0.10199 0.01919
-0.04964 -0.10199 -0.10792
0.12626 -0.10199 0.02184
0.03203 -0.10199 -0.13987
0.08304 -0.10199 -0.09634
0.06180 -0.10199 -0.05831
0.07136 -0.10199 0.04914
0.06641 -0.10199 0.00926
0.13358 -0.10199 0.10293
-0.02332 -0.10199 -0.07830
0.13190 -0.10199 0.06354
0.03113 -0.10199 -0.08925
0.00203 -0.10199 -0.14721
0.02096 -0.10199 -0.09995
-0.07790 -0.10199 -0.15132
0.06687 -0.10199 -0.14555
0.09032 -0.10199 -0.05815
0.08250 -0.10199 0.02090
-0.04278 -0.10199 -0.13006
0.06581 -0.10199 0.00178
0.26141 -0.00156 0.08605
-0.39786 0.04133 0.10514
-0.25950 0.03771 0.03336
-0.17450 0.13437 0.10053
-0.26759 -0.11184 -0.16415
-0.03274 -0.07856 -0.18056
-0.03928 -0.07895 -0.18026
-0.10498 -0.08008 -0.17942
0.14110 -0.03599 -0.03157
-0.19153 -0.07756 -0.17859
-0.34464 -0.04628 -0.17087
-0.12000 0.01874 0.16079
-0.06223 0.04603 -0.08169
-0.24687 -0.05316 0.04158
-0.03540 0.00522 0.05446
0.14702 -0.02851 -0.16270
-0.05066 0.02631 -0.12183
-0.26715 -0.02859 -0.13509
0.28459 -0.01610 0.10755
-0.19601 0.12826 -0.09784
0.43562 -0.05316 0.03465
-0.04991 -0.00581 -0.10329
0.25439 0.03596 -0.15331
-0.37731 -0.06184 0.14170
-0.00991 -0.03241 -0.04738
-0.12020 0.09080 -0.15341
0.05296 -0.08181 -0.01511
0.27740 -0.04397 -0.10645
-0.02941 0.01025 0.03436
-0.15793 -0.07318 -0.00097
-0.09192 0.08387 0.09206
0.04016 0.13853 0.00526
0.38933 -0.08013 -0.09229
0.30060 -0.01799 0.17013
-0.26519 -0.08742 -0.15837
-0.43544 -0.04730 0.02604
0.37648 0.01798 -0.04951
0.37759 0.01790 -0.02579
0.17089 0.06037 0.04153
0.04029 -0.03571 0.11990
0.23128 0.00725 -0.10882
-0.01292 -0.04511 0.08577
-0.10470 -0.08858 -0.06467
0.20954 -0.02677 0.10143
-0.05181 0.09853 0.03935
-0.17046 -0.03251 0.00978
-0.20237 -0.02604 -0.00382
0.21855 -0.08839 0.15623
-0.06581 0.02595 -0.09631
-0.30687 0.09071 -0.02741
-0.30031 0.09329 -0.02486
-0.28237 0.10041 -0.01432
0.34139 0.00927 -0.01600
-0.39265 -0.08093 0.01194
-0.39495 -0.08093 0.00078
-0.37167 -0.08093 -0.01286
-0.39133 -0.08093 -0.02486
-0.36479 -0.08093 0.02317
0.29125 -0.02491 -0.16427
-0.37311 0.06489 -0.11166
0.09704 0.08833 -0.14638
-0.24132 -0.06153 0.02165
0.19301 -0.01419 0.01797
0.27925 -0.01419 -0.03746
0.25765 -0.01419 -0.03418
0.20511 -0.01419 -0.03217
0.31756 -0.06510 -0.18971
0.20933 0.01301 -0.14593
0.07442 0.02670 0.04167
0.16106 0.04492 0.13530
-0.21788 -0.05460 0.01393
-0.26141 -0.07763 0.03011
-0.03421 0.14033 0.07147
-0.00694 0.13967 0.07247
-0.01371 0.13934 0.07798
0.43688 -0.04159 0.01423
-0.20454 -0.08878 -0.17446
-0.24574 -0.08561 0.09425
-0.29551 0.08313 0.13250
0.36545 0.01863 0.08213
0.39313 0.01332 0.07313
0.40984 -0.02068 0.04127
0.11940 0.00667 -0.13736
-0.12155 -0.00175 -0.18613
-0.24005 0.02946 0.11721
-0.24247 -0.04200 -0.17049
-0.23506 -0.07457 0.10667
-0.25820 -0.02310 0.08092
-0.27915 -0.02273 0.06074
-0.26924 -0.02291 0.05939
-0.25006 -0.05729 0.11204
-0.31366 -0.01119 -0.12900
-0.36786 0.05684 -0.12845
-0.38272 0.04914 -0.13094
0.33242 -0.05901 -0.02562
-0.04940 0.03198 0.08232
-0.32692 -0.04058 0.15642
-0.20941 -0.13147 0.17172
0.35543 -0.06989 -0.17163
0.20761 -0.01116 -0.11337
-0.30552 -0.07297 -0.16843
-0.27814 -0.09926 -0.17258
-0.06123 0.06556 -0.09281
0.25873 -0.12654 -0.14091
0.41373 -0.02164 -0.04613
0.17805 0.05673 -0.03169
0.04665 -0.01363 -0.18907
-0.06999 0.05764 -0.06875
-0.09141 -0.04968 -0.01725
-0.42042 -0.02068 -0.07394
-0.25876 -0.13565 0.17249
-0.24213 -0.02939 0.12424
0.26503 -0.09209 0.08406
-0.16321 -0.03574 -0.13926
-0.18517 -0.02430 -0.13502
0.04379 0.13375 -0.07263
0.21901 -0.05328 -0.18555
0.32062 -0.10525 -0.03243
-0.00109 -0.06262 -0.04337
0.27135 -0.12694 -0.17711
0.35120 0.00539 0.12668
0.27203 -0.05171 -0.15542
-0.41623 -0.04043 0.15535
-0.04721 0.04589 -0.03990
-0.37476 0.00011 -0.17457
-0.16555 0.10527 -0.14323
-0.18813 0.10193 -0.14480
-0.21844 0.09467 -0.14870
0.11262 0.07623 0.13545
0.41535 -0.09226 0.01694
0.31747 0.00711 0.12749
0.31747 -0.03060 0.11003
-0.40421 -0.05785 -0.09869
-0.26885 -0.07138 0.14280
0.15307 -0.05890 0.02485
0.35580 -0.08941 0.03144
0.35901 -0.08953 0.02416
0.31832 -0.08803 0.04870
0.29749 -0.08726 0.04793
0.34616 -0.08906 0.04899
0.22508 0.02302 0.06548
-0.14288 -0.01264 -0.15577
-0.12429 -0.01088 -0.15576
-0.43642 -0.03067 -0.05926
0.26133 -0.01757 0.11775
-0.04460 -0.07851 -0.01579
-0.18793 0.12675 0.03942
0.04651 -0.03278 0.02506
-0.39455 -0.05310 -0.15981
0.35760 -0.02365 -0.17407
-0.41124 0.00904 0.02604
-0.04643 -0.04071 0.13861
-0.02332 -0.02457 -0.04490
-0.12734 0.12785 0.11350
-0.41112 -0.07014 0.13280
0.27698 -0.09071 -0.14426
0.40146 0.01212 -0.03405
0.39508 0.01365 -0.03336
0.09675 0.03347 0.06456
-0.38630 0.03259 -0.16971
0.05556 -0.05107 -0.11414
-0.41178 -0.03131 -0.14251
0.31152 -0.06757 0.12488
-0.38823 0.01786 -0.17208
-0.32174 0.00151 -0.17989
0.19271 0.04571 0.03523
0.34833 0.00915 -0.06975
0.01109 -0.06979 -0.01393
0.02695 -0.07047 -0.00264
-0.01668 0.00888 -0.12472
0.25516 -0.03893 0.01838
0.39916 -0.01478 -0.16427
-0.03757 -0.00318 0.05586
-0.07084 0.12422 -0.07534
0.12763 -0.02026 -0.03437
0.04122 -0.06802 0.08924
-0.18440 0.01226 0.13923
-0.01770 -0.02300 0.03628
-0.06599 0.10124 0.07973
0.00509 -0.08786 -0.14777
0.43036 -0.03709 0.04397
0.21334 -0.09402 -0.05464
0.22537 -0.09013 -0.07129
0.21950 -0.09203 -0.06266
-0.24484 -0.09214 -0.13580
-0.18418 -0.01326 0.17244
-0.28931 -0.07542 0.14181
-0.06725 0.03231 0.05355
-0.16859 -0.10215 0.04742
-0.17267 -0.10278 0.09952
-0.32799 -0.01219 0.13773
0.25917 -0.08373 -0.10836
0.36195 -0.06976 -0.10836
-0.24291 -0.06672 -0.02921
0.37555 -0.08970 -0.04734
-0.22201 -0.08504 0.11708
-0.05382 0.05977 -0.06557
0.09319 0.01849 0.08060
-0.20000 0.11740 -0.12289
-0.12060 -0.03577 0.14589
-0.34922 -0.08093 -0.12224
-0.37918 -0.08093 -0.11343
-0.05924 0.08031 -0.12678
-0.24938 0.00667 0.16797
-0.36494 0.06064 -0.09054
-0.04185 0.00973 -0.07636
-0.22862 0.11356 0.10477
-0.40858 0.04994 0.02448
-0.40396 0.06050 0.00551
-0.00852 0.12723 0.10643
-0.19049 0.13360 0.02264
0.27770 -0.06722 0.15896
0.13351 -0.03381 0.01626
-0.26469 0.10061 -0.12880
0.35883 -0.04922 0.10901
0.34002 -0.04007 0.12508
0.26314 -0.01059 0.03925
0.25963 0.00200 0.17146
-0.39385 -0.03382 -0.17662
-0.22157 -0.05966 -0.11262
-0.19831 -0.10524 0.03713
-0.19784 -0.10522 0.01853
0.23543 -0.01564 -0.17756
-0.02520 0.00299 -0.04098
-0.35197 -0.01831 0.15951
0.22112 -0.05523 0.12236
0.26019 -0.11182 0.04397
0.25469 -0.11185 -0.03894
-0.27097 -0.09829 0.06870
-0.26762 -0.09910 0.12544
-0.02669 -0.06407 0.05826
0.28810 -0.04881 -0.10499
0.27313 -0.00051 -0.10235
-0.04026 0.05666 0.02002
-0.37645 0.05368 -0.16350
-0.24281 -0.00930 0.10269
-0.42908 -0.02651 0.03300
-0.40952 -0.06315 -0.11252
-0.29735 0.08234 0.12281
-0.39777 0.06323 -0.05211
0.27127 -0.08169 0.12484
-0.09353 -0.09846 -0.16459
0.00827 -0.09261 -0.17368
-0.08085 -0.10054 -0.16136
-0.06992 -0.09804 -0.16524
-0.32248 -0.05810 0.06957
0.24783 -0.10859 -0.17590
-0.24227 -0.03094 -0.11430
-0.25761 0.09702 0.11557
0.08776 0.01809 0.07024
0.05628 -0.04800 -0.03181
-0.22472 -0.07762 0.01839
0.10321 -0.01367 -0.03703
-0.24085 -0.06761 -0.16943
-0.03809 0.00360 0.09152
0.35293 -0.01384 0.12666
0.35909 -0.01320 0.12652
0.00514 -0.06993 0.03377
0.27185 -0.02576 -0.13934
0.12132 0.00621 -0.00981
-0.36723 0.06524 -0.14468
-0.42604 -0.06202 -0.01810
0.28843 -0.08365 -0.14718
-0.36482 -0.02629 -0.16959
0.24544 -0.03924 -0.16594
0.17782 0.05463 0.09507
0.07935 -0.05748 -0.09567
-0.05923 -0.04617 0.00471
-0.16936 -0.01789 0.13879
-0.03856 0.00091 0.07137
-0.03159 -0.00922 -0.05249
0.34567 0.00765 0.03486
-0.23255 -0.02336 -0.05931
-0.23498 -0.02334 -0.06972
-0.25880 0.00530 0.10230
0.14042 0.02437 -0.15886
-0.41879 -0.06872 0.01643
0.30620 0.01238 -0.00794
0.30497 0.01238 -0.01416
0.32022 -0.09800 0.09704
-0.17620 0.03492 -0.17740
-0.18511 0.03156 -0.17892
0.15488 -0.03222 -0.15561
-0.40740 0.05386 -0.05700
-0.04031 0.00866 -0.10969
0.25197 -0.14256 0.16843
-0.02578 -0.00745 -0.11557
0.27613 -0.02257 0.16911
0.01011 -0.05365 0.10510
0.29522 -0.03468 0.09107
-0.15230 0.02790 0.16487
-0.20866 0.03427 0.16149
0.37212 -0.00618 -0.16933
-0.24939 -0.10255 0.10972
-0.24955 -0.10253 -0.06904
-0.22910 -0.07860 -0.16994
-0.28151 -0.03210 -0.15538
-0.27147 -0.01911 0.13842
-0.40760 -0.07780 -0.03560
0.14978 0.05021 -0.13539
0.36811 0.00984 0.14752
-0.22178 -0.09209 0.15414
-0.23963 0.04140 -0.17501
-0.28150 -0.02269 -0.02403
-0.26526 -0.02297 -0.05221
-0.26518 -0.02298 -0.02401
-0.05955 0.04301 -0.09881
0.15599 -0.02840 -0.01450
0.20221 -0.07831 -0.17090
0.10619 -0.00604 -0.00889
0.37596 -0.08870 0.00735
0.07288 -0.06809 0.10982
0.22536 -0.07780 -0.17473
0.17717 -0.10197 0.01818
0.15232 -0.10199 -0.13366
0.18385 -0.10196 0.02669
0.18416 -0.10197 0.08000
0.18376 -0.10197 0.06759
0.17219 -0.10197 -0.01911
0.15417 -0.10198 -0.12882
-0.04748 -0.01996 0.05950
0.12518 -0.00632 0.10481
0.11859 0.00931 0.08585
0.13620 -0.01674 0.06062
-0.28452 -0.10601 0.12341
0.37036 -0.06824 0.15384
0.24632 -0.03885 0.12569
0.20952 -0.04821 0.03565
-0.20169 -0.12293 0.12341
0.40638 0.00802 0.01221
0.16228 -0.06908 0.17017
0.42120 -0.07700 -0.06937
0.31476 -0.08567 0.07230
0.36286 -0.08640 0.06780
0.31044 0.02008 -0.03720
-0.20100 0.06977 0.09975
0.31847 -0.06207 -0.00092
0.31904 -0.06163 0.17031
-0.21794 0.11165 0.12030
0.07303 -0.03464 -0.03457
-0.39670 0.06386 0.01872
-0.22474 -0.06323 -0.17214
-0.28295 -0.11491 -0.15043
0.16919 -0.08224 -0.00555
0.37587 0.01602 0.10270
0.36736 0.01702 0.11889
0.28408 -0.07787 0.12812
-0.38849 0.02446 0.13603
0.23380 -0.10513 0.13001
0.22048 0.02765 -0.17497
0.22867 0.02772 -0.17370
-0.22010 -0.07444 -0.15837
0.01618 -0.06913 0.03391
0.29151 0.01540 0.01984
0.30235 -0.11736 0.14027
0.07468 -0.05117 -0.03885
0.41231 -0.01256 -0.01865
-0.41333 -0.00710 -0.03385
-0.38394 0.06426 -0.12255
0.24582 -0.09843 0.14245
-0.34212 -0.07744 -0.13157
-0.18064 -0.01053 0.13539
-0.31442 0.08035 0.12158
-0.41426 0.03494 0.05062
0.21560 0.03806 0.13387
0.27616 -0.09232 -0.10381
0.28917 -0.00159 -0.07291
-0.25907 -0.03548 0.12341
0.21331 -0.08232 -0.15915
0.22520 -0.01007 0.11511
0.37387 -0.05356 -0.17634
-0.33149 -0.06182 0.07214
-0.11024 -0.06995 0.13603
0.13689 -0.01940 -0.00584
-0.25311 -0.07641 0.15143
-0.20985 -0.06108 -0.15987
-0.12251 -0.03317 -0.18288
0.28012 -0.02305 -0.11053
-0.03979 0.14276 0.03796
0.00768 0.14237 0.01655
-0.04823 0.14278 0.04362
0.02475 0.14121 0.04243
0.31298 -0.05062 -0.00477
0.30206 0.01892 0.12762
-0.36849 0.06528 0.11363
0.24961 -0.01135 -0.15253
0.04390 -0.06326 -0.04362
0.31212 -0.09879 -0.14047
0.11616 0.01719 0.01526
0.34871 -0.01756 0.07629
0.14491 0.05338 -0.05776
0.00100 -0.05836 0.08595
0.26309 -0.08310 -0.16160
-0.18921 0.12945 -0.04499
-0.12399 -0.05281 -0.18897
-0.17736 -0.02047 0.17272
0.32368 -0.03185 -0.18552
-0.05858 0.01911 -0.10823
0.38712 -0.09403 0.01709
0.37913 -0.09439 -0.05955
0.38100 -0.09431 0.07318
0.39833 -0.09354 0.09592
0.39939 -0.09349 0.06204
0.38115 -0.09430 0.00506
-0.03898 0.03665 0.11694
0.34301 -0.02175 0.03714
0.30639 -0.05077 0.08849
-0.26604 -0.06694 0.04884
-0.43095 -0.02799 -0.15342
-0.27199 -0.07210 -0.02644
-0.04410 0.03791 -0.04346
0.00199 0.03359 -0.17838
0.03615 0.03430 -0.17792
0.06508 0.03841 -0.17589
0.22370 0.00475 -0.04390
-0.26782 0.03513 0.12108
-0.06365 0.04663 0.08871
0.37083 -0.06017 -0.09229
-0.17126 0.13899 -0.04048
-0.12410 0.14235 -0.01030
-0.17370 0.13896 -0.03429
-0.03992 0.00668 -0.10380
-0.20058 -0.02429 -0.15356
0.34038 0.00735 0.15441
0.24687 0.02851 0.15364
-0.00217 0.12311 -0.13401
-0.08693 0.09358 -0.15192
-0.03567 0.11089 -0.14143
0.43155 -0.03709 -0.10919
0.10551 0.04183 -0.17421
-0.29084 -0.02209 -0.18698
0.13149 0.03445 0.06680
-0.25235 -0.06443 -0.13533
-0.18156 -0.06258 -0.02591
-0.34065 -0.00761 0.13781
-0.36757 -0.01109 0.13750
0.25479 -0.00194 0.17468
0.20632 -0.07406 -0.10972
0.15010 -0.05921 -0.15561
-0.41913 -0.01967 0.01124
-0.19349 0.13017 0.06736
0.15302 -0.03725 -0.03486
0.28940 -0.05227 -0.17731
-0.19066 0.13251 0.00168
-0.26450 -0.09983 0.04490
-0.26436 -0.09986 -0.08636
0.16204 0.04904 -0.16859
0.03197 0.13499 -0.09867
0.08075 -0.08514 0.14849
-0.10303 -0.08421 0.14601
-0.09874 0.12240 0.10967
-0.25728 0.10692 0.07890
-0.23612 0.11325 0.09660
-0.24451 0.11134 0.07803
-0.41889 -0.08755 0.09460
0.01217 -0.07268 -0.10373
0.33967 -0.01387 -0.06404
-0.23216 0.01250 0.12084
0.11049 0.02685 0.13184
-0.23683 -0.03826 -0.11268
-0.41330 -0.07538 -0.06900
-0.04309 -0.06932 -0.00519
0.21618 -0.09869 0.14468
0.17281 -0.06920 -0.12236
0.16441 -0.07694 -0.11678
0.30339 -0.12899 -0.18544
-0.18843 0.12835 -0.11485
-0.08181 -0.07487 -0.11788
-0.06280 0.05986 0.11700
0.26938 -0.00916 -0.14675
0.10535 -0.08500 -0.04238
-0.05975 0.08031 -0.11697
0.34871 0.00453 0.10687
0.07593 0.10354 -0.13690
0.37305 -0.06017 -0.10521
0.26066 -0.03504 0.14021
-0.41967 0.01729 -0.07863
-0.42003 0.00937 -0.10755
-0.39619 -0.01684 -0.17214
0.01455 0.04537 0.15008
-0.02764 0.04592 0.14790
0.12617 0.05700 0.10330
-0.19697 -0.06147 -0.18418
-0.29249 -0.06281 -0.10219
0.27281 -0.09593 0.09111
0.43583 -0.03606 -0.07019
0.16276 0.05105 -0.07896
0.19111 0.05436 -0.02324
-0.09478 -0.05723 -0.02325
0.01857 -0.08858 -0.12929
0.06648 -0.08858 -0.12446
0.01024 -0.08858 -0.05965
0.00368 -0.08858 -0.05362
0.01628 -0.08858 -0.14646
0.06052 -0.08858 -0.14721
0.04518 -0.08858 -0.09696
0.17485 -0.06311 -0.14850
-0.24776 -0.04261 -0.16589
-0.04058 0.01884 0.05017
0.39324 -0.07234 0.14302
0.22699 0.01468 -0.09212
-0.03100 -0.07214 -0.16232
0.21396 -0.03152 -0.18586
-0.09156 0.01748 -0.18158
-0.11338 -0.05672 -0.03042
0.26971 -0.12019 -0.18111
0.31779 -0.02320 -0.04578
0.06126 -0.09587 -0.16861
0.12369 -0.09284 -0.17332
0.00765 -0.09730 -0.16638
0.29450 -0.10116 -0.17885
-0.38717 0.06383 0.01865
0.06162 0.00735 0.06380
0.14584 -0.07722 -0.15307
0.28127 -0.06326 0.12881
0.27977 -0.08869 0.08857
0.15458 0.05150 -0.13840
0.34926 -0.09637 -0.13129
0.15004 -0.08858 0.05400
0.15057 -0.08858 0.10653
-0.29228 0.01749 0.16260
-0.32139 0.01142 0.16205
-0.31247 0.02280 0.16001
-0.00861 -0.05151 0.05796
0.15779 -0.05700 0.05738
0.24956 -0.03521 -0.04357
-0.15299 -0.05798 0.17152
-0.23660 -0.10488 0.15919
-0.23521 -0.07908 0.02025
-0.00197 -0.01706 -0.12178
0.40741 -0.09288 -0.04185
0.40835 -0.09261 0.05238
0.41158 -0.09272 -0.05192
0.39373 -0.09369 -0.13382
0.40642 -0.09273 0.03495
0.40696 -0.09287 -0.03147
0.28637 -0.05945 -0.17187
-0.35305 -0.01095 -0.17714
0.09674 -0.04968 -0.02610
0.05746 -0.04968 -0.02464
0.22834 -0.01781 0.10008
0.39440 -0.09051 -0.15457
-0.21602 0.07858 0.14036
-0.21039 0.06109 0.14953
-0.14849 0.08933 0.13675
0.39383 0.00425 0.09475
-0.31102 -0.00864 0.12236
0.31799 -0.10055 0.07397
-0.16849 0.13913 0.02655
-0.15418 0.14032 0.01097
-0.21309 -0.05644 -0.08887
-0.20851 -0.04988 -0.14670
0.26342 -0.12743 0.13859
-0.40592 0.03731 -0.03130
0.11110 -0.08280 -0.16270
0.06719 -0.08219 -0.16270
-0.23952 0.09750 0.12907
-0.37520 0.06382 -0.15395
0.42478 -0.06074 0.06029
-0.41745 -0.06366 0.13343
-0.25071 0.10643 0.11687
-0.33207 -0.02222 0.10026
-0.39504 -0.02281 0.06580
-0.38742 -0.02274 0.01813
-0.36611 -0.02254 0.05907
-0.18648 -0.03619 0.13119
0.25503 -0.08959 -0.16570
-0.18726 -0.03533 0.14130
0.27231 -0.01051 -0.13602
-0.42092 -0.01424 -0.09092
-0.18934 0.13007 0.07943
-0.32538 -0.02216 0.06571
-0.35004 -0.02239 0.03273
-0.35601 -0.02244 0.03047
-0.35588 -0.02244 0.05777
-0.36032 -0.02248 0.02487
-0.32756 -0.02218 0.04938
0.17182 -0.02126 -0.03931
0.27219 -0.02186 -0.12411
0.40911 -0.00146 0.01667
-0.39432 0.06331 -0.09663
-0.24185 -0.04046 -0.12911
-0.09312 -0.08858 0.04355
0.02615 -0.08858 0.02753
0.00076 -0.08858 0.08904
0.01647 -0.08858 0.07376
0.04869 -0.08858 0.04721
0.01178 -0.08858 0.06334
0.04256 -0.08858 0.05264
0.04096 -0.08858 0.06994
0.31935 -0.05121 -0.17117
0.27533 -0.04360 0.01568
0.19082 0.04526 0.12130
0.22107 0.02633 0.06868
-0.41605 -0.01759 -0.03267
0.14176 0.01136 -0.15804
-0.32988 -0.04445 -0.18155
-0.24149 -0.14416 -0.17248
-0.06242 0.10376 0.05834
0.32888 0.00842 0.09276
0.23163 -0.10210 0.15058
-0.17753 0.07281 -0.06093
0.00962 0.13967 -0.08397
-0.01314 0.13940 -0.09082
-0.03837 0.13909 -0.09861
-0.02394 0.13944 -0.09211
-0.25579 0.04108 -0.11449
0.36702 0.00899 0.00573
0.22965 0.03257 0.08156
-0.41421 -0.00949 0.05229
-0.22440 -0.05772 0.14280
0.25834 -0.08516 -0.10288
-0.40451 0.03814 -0.12255
0.26110 -0.00608 -0.19420
-0.28221 -0.06434 0.07428
-0.01700 0.00450 0.16997
0.11054 0.01394 0.16802
0.12505 0.00372 0.16982
0.04475 -0.09952 0.14612
-0.09240 -0.09637 0.15102
-0.03762 -0.09424 0.15432
0.42960 -0.06269 -0.04971
-0.40854 -0.05311 0.02092
-0.40854 -0.05745 0.02475
0.33303 -0.07791 -0.01845
0.13870 -0.06933 0.14589
0.30237 -0.11175 0.12462
-0.13775 0.11381 -0.13864
-0.31974 0.07430 -0.14425
-0.25777 0.03665 0.06142
-0.23953 -0.05914 0.10438
-0.18667 0.12447 -0.12141
0.22201 -0.10922 0.12379
0.21959 -0.10880 -0.00821
-0.34353 0.07647 0.01953
-0.36310 0.06870 0.03408
-0.35901 0.07053 0.01505
-0.34045 0.07755 0.02838
-0.10225 0.10911 -0.14266
0.35621 -0.06339 -0.07477
0.04091 0.13699 0.02838
-0.41925 -0.01443 -0.11797
0.30364 -0.13078 0.12662
-0.14653 0.13640 0.09470
-0.11377 0.13805 0.09284
-0.12281 0.13715 0.09782
-0.23249 -0.10455 0.02326
-0.23358 -0.10445 0.07358
0.42948 -0.06271 0.10447
0.20097 0.02148 -0.11055
0.20097 -0.00468 -0.11514
-0.28841 -0.08042 0.16821
-0.21607 -0.05702 -0.05322
-0.24688 -0.06365 0.11399
0.05931 -0.05584 -0.18868
0.09068 -0.05665 -0.18858
-0.07084 -0.07004 -0.18688
0.14439 -0.05654 -0.18859
0.39260 0.00425 -0.09439
-0.06341 0.07266 -0.12773
-0.25798 -0.14226 0.12978
0.30468 -0.06088 -0.18501
-0.24167 0.01451 -0.12432
-0.33487 -0.00724 -0.17727
-0.24213 -0.01279 -0.16501
-0.23416 -0.09257 0.08118
-0.41313 0.02857 -0.14176
-0.20762 -0.02000 -0.13624
-0.23165 -0.08076 0.14320
-0.41580 -0.03025 -0.06167
-0.03131 0.04910 -0.02993
0.22385 0.04942 0.01324
0.31407 0.03101 0.06116
0.33122 0.02763 0.06098
0.28736 0.03639 0.05340
0.29601 0.03457 0.06259
0.22948 0.04840 0.00518
0.23875 0.04619 0.03721
0.35146 0.02054 0.10384
0.35151 0.02176 0.06893
0.30700 0.03042 0.07545
0.21950 0.04781 0.07772
0.33625 0.02475 0.07036
0.25845 0.03970 0.08711
0.35451 0.01934 0.12067
0.27949 -0.08970 -0.02300
0.32912 -0.08970 -0.04471
0.26125 -0.08970 -0.00865
0.35221 -0.08970 -0.05367
0.22270 0.00714 -0.18403
-0.40556 0.04268 0.13763
-0.11409 -0.10193 -0.15044
-0.12535 -0.10182 -0.06306
-0.14106 -0.10165 -0.09406
-0.11234 -0.10195 -0.04101
-0.11301 -0.10194 0.09589
-0.13359 -0.10173 -0.04090
-0.13076 -0.10176 -0.09811
-0.14913 -0.10157 -0.14673
-0.14659 -0.10160 -0.15883
-0.11072 -0.10197 -0.13848
-0.03770 -0.01515 0.10112
-0.13678 -0.07075 -0.18641
-0.34817 0.06256 0.14598
-0.26975 0.10408 -0.07220
-0.24256 0.11333 -0.08489
-0.24800 0.11073 -0.09656
-0.29667 -0.08408 -0.13621
0.00434 -0.06272 0.17099
0.08874 -0.06014 0.17132
0.13635 -0.06449 0.17077
0.02461 -0.05982 0.17136
-0.25026 -0.02465 0.16861
-0.16899 0.11375 0.12085
-0.20817 0.09815 0.12990
0.14998 0.05138 0.05333
-0.04698 0.02452 -0.10352
0.01498 -0.05061 -0.03668
0.18606 -0.10191 0.11167
0.18563 -0.10198 -0.13384
0.17768 -0.10198 -0.07585
0.15457 -0.10198 0.12643
0.16469 -0.10195 0.14229
0.15344 -0.10198 0.13473
-0.24511 -0.12765 -0.17670
-0.20537 -0.05462 -0.16935
-0.05555 0.07409 0.14146
0.10772 -0.00887 0.01828
-0.41473 0.03523 -0.01790
-0.41930 -0.00277 -0.12333
0.34946 0.00711 0.15302
0.35375 0.00965 0.15020
0.31727 -0.02814 -0.04034
0.28273 -0.00419 0.17340
0.04267 -0.03339 -0.12689
0.15713 -0.01164 -0.18424
-0.00064 0.12707 -0.12847
-0.25696 -0.07620 0.15946
-0.40992 0.01798 -0.00903
-0.40915 -0.05093 0.13172
-0.20801 0.12771 -0.00084
0.23515 -0.08564 0.14215
-0.21359 -0.04575 0.15418
0.42881 -0.05316 0.01979
0.29657 -0.10865 0.04021
0.29435 -0.10902 0.02314
0.27163 -0.00350 -0.19260
-0.33113 0.06789 -0.16028
-0.26206 -0.03899 -0.15986
-0.02919 -0.03695 -0.01799
0.28577 0.00894 -0.10985
-0.33000 -0.07764 0.03737
-0.10704 0.01440 -0.18545
0.18097 0.05006 0.00154
0.41683 -0.09208 -0.05723
-0.38676 -0.08093 -0.06298
-0.34051 -0.08093 -0.02052
-0.34114 -0.08093 -0.02707
-0.35940 -0.08093 -0.03643
-0.31665 -0.08093 0.00251
-0.33495 -0.08093 0.00097
-0.33616 -0.08093 -0.01182
-0.16256 -0.10144 -0.07286
-0.06979 -0.01155 -0.18733
-0.40159 0.03401 -0.15934
-0.40738 0.05402 0.02793
0.03578 -0.06879 -0.06257
0.11919 0.01053 -0.02501
0.02170 -0.03891 -0.13117
0.27660 -0.14155 0.12175
-0.24790 -0.04019 -0.13393
0.27805 -0.08302 -0.14912
0.05701 -0.06600 0.05563
0.28393 -0.01089 -0.05681
0.19166 -0.08135 -0.16078
-0.12250 -0.03780 -0.16573
0.05465 0.12809 -0.04701
0.05681 0.12856 -0.01999
0.05719 0.12739 -0.03501
-0.17676 -0.01320 -0.18908
-0.25268 -0.06412 0.14828
0.25594 -0.07193 -0.17024
-0.04304 0.05479 0.11757
0.28584 -0.09863 -0.11332
0.05959 -0.03403 -0.01608
0.08432 -0.01052 -0.18646
0.26539 -0.07782 -0.17700
0.08268 0.11133 -0.05144
0.07925 0.11168 -0.07244
0.10094 0.10119 -0.04333
-0.25415 -0.05493 -0.05575
0.43257 -0.04023 0.06613
0.05785 -0.06649 0.07453
0.40446 0.00734 0.07985
0.14883 -0.07752 0.02950
0.35205 -0.01271 -0.17390
-0.11647 0.01012 0.16936
0.37664 -0.00170 0.01483
0.11694 -0.07033 -0.00935
-0.26013 -0.00235 -0.12415
-0.26160 -0.03858 0.12783
-0.01215 -0.04631 -0.06584
0.34827 -0.09649 0.11346
0.35060 -0.09628 0.02987
-0.06805 0.10515 0.05682
-0.42557 -0.06077 -0.12130
0.20932 0.01534 0.12911
0.28617 -0.08139 -0.17223
0.29757 -0.10240 -0.17095
0.00422 -0.08272 -0.00989
-0.40371 0.03731 0.01261
-0.24867 0.01326 -0.13483
-0.41580 -0.01116 0.14103
0.37664 0.00403 0.05265
0.21866 -0.09488 0.00375
0.20590 -0.09784 0.02068
0.19682 -0.09992 0.04066
0.27880 -0.09751 -0.02060
0.19644 0.04415 -0.12894
-0.25587 -0.03446 0.10661
-0.31623 -0.04971 0.11295
0.06969 -0.08858 -0.07008
0.08198 -0.08858 -0.05123
0.08428 -0.08858 -0.11264
0.02175 -0.08858 -0.05587
0.04349 -0.08858 -0.06822
0.05665 -0.08858 -0.04155
0.08717 -0.08858 -0.12495
-0.29637 0.09146 0.11968
-0.29278 -0.04325 -0.17516
0.12218 0.00274 -0.05424
0.12268 0.00016 -0.09811
0.27710 -0.03645 0.15938
0.41022 0.00191 0.02641
0.27758 0.02828 0.13656
-0.04069 0.00780 0.05507
-0.39983 0.04183 -0.09230
-0.32791 -0.02218 0.12677
0.26000 -0.00925 0.11270
-0.26761 -0.03582 -0.17600
0.22993 -0.06445 -0.03467
0.20785 -0.06021 -0.03539
0.20968 -0.07356 -0.03310
0.42052 -0.02825 0.05909
-0.06870 0.08615 -0.07772
0.36691 -0.03001 -0.14316
0.20344 0.01486 -0.09074
0.39345 -0.07267 -0.09535
0.29329 -0.13675 -0.17834
-0.34926 -0.00870 0.16009
-0.05699 0.07164 -0.03422
-0.36620 0.06794 0.01995
-0.41170 0.03594 -0.13918
-0.41873 -0.00584 0.11476
0.29365 -0.10261 -0.10308
0.25929 -0.01919 -0.15891
-0.15037 -0.02883 -0.19013
-0.32943 0.07365 -0.15584
-0.20575 0.12018 -0.04118
0.30311 -0.09335 0.07874
0.25314 -0.06652 0.13962
0.15942 0.04924 -0.14024
-0.11575 -0.07851 -0.08681
-0.11826 -0.06784 -0.12863
-0.12082 -0.05696 -0.14417
-0.29824 -0.10565 -0.18418
-0.40714 -0.07780 0.07986
-0.39878 -0.07810 0.12686
-0.40372 -0.07793 0.03822
-0.27390 -0.02010 -0.14176
-0.39752 0.06360 0.10595
-0.40096 0.06354 0.07000
0.17897 -0.03832 -0.09988
0.17950 -0.04534 -0.12906
0.18034 -0.04296 -0.14508
0.11099 0.06403 0.04732
-0.22985 -0.11809 -0.15171
-0.20394 -0.08683 -0.14790
-0.06985 0.06711 0.06084
-0.26118 -0.07138 -0.04705
0.20834 -0.08269 0.16721
-0.41465 0.02317 0.12229
-0.41680 0.01788 0.10875
0.04747 0.13482 -0.02832
0.18282 -0.01113 -0.18561
-0.30879 -0.05962 -0.14008
-0.21224 -0.02694 0.13332
0.02102 -0.05360 0.08629
-0.35843 0.06973 -0.09182
-0.28253 0.09645 -0.12729
-0.33891 0.07612 -0.12353
-0.34603 0.07343 -0.12888
0.30941 -0.02985 -0.04331
-0.33900 0.05651 0.14849
0.29373 -0.10776 0.16467
-0.32745 -0.07275 -0.17214
-0.25292 0.10176 -0.14072
0.09761 0.05375 0.19394
-0.33683 0.04015 0.15414
0.10951 -0.06509 0.01836
0.11487 -0.00533 0.05800
-0.14290 0.01407 -0.18526
0.42823 -0.04994 -0.09589
0.21833 0.01115 -0.14578
-0.28734 0.09764 0.04979
-0.29514 0.09524 0.01389
-0.29145 0.09624 0.03956
-0.28225 0.10039 0.00191
0.19952 0.05347 0.01063
0.41693 -0.01392 0.06892
-0.18443 -0.02561 0.17525
0.23992 -0.11127 0.12196
0.24792 -0.11164 0.03970
0.17725 0.04930 -0.06252
-0.27871 -0.06459 -0.16299
-0.22047 -0.08856 0.06305
0.41744 -0.01536 -0.08734
0.34847 -0.05341 0.10080
0.31923 -0.04482 -0.02554
-0.22070 -0.09649 0.14280
0.10644 0.05045 0.01606
0.04732 0.13335 -0.05720
0.31061 -0.10577 -0.18696
-0.03357 -0.01067 -0.09388
-0.02265 -0.06768 0.08708
0.11408 0.02082 -0.06547
0.11849 0.00946 -0.10462
0.11903 0.00944 0.09231
0.26505 -0.10120 0.14786
0.04972 -0.06671 -0.00484
0.32429 -0.09908 -0.05179
-0.13390 0.07848 -0.10623
-0.30531 0.07221 0.14161
-0.13903 0.08297 0.13981
0.26113 -0.00340 -0.14351
-0.04787 0.02060 0.03167
0.27885 -0.07705 -0.15934
0.05788 -0.07703 -0.01783
-0.03342 0.03305 0.11188
-0.24732 -0.03495 -0.18418
0.09662 0.01370 0.07837
0.05429 0.04341 0.15690
-0.20644 0.00147 -0.18653
-0.22881 -0.02899 0.12037
-0.28348 0.09789 0.07862
-0.31706 0.08408 0.11354
-0.29204 0.09474 0.08039
-0.24562 -0.02694 -0.14001
-0.28770 -0.04638 0.11947
0.37664 -0.00444 -0.01191
-0.00559 -0.01970 -0.04503
0.11609 0.03315 0.13921
0.27076 -0.08432 -0.17714
-0.02686 -0.02365 0.09060
-0.37426 -0.02434 0.15451
0.14569 0.07142 -0.04325
0.14936 0.06929 -0.03881
0.15771 0.06188 -0.07011
0.26603 -0.06247 -0.15427
0.07391 -0.04735 0.11456
-0.11376 0.14176 0.05286
-0.13749 0.13985 0.05823
-0.15707 0.13881 0.05531
0.00029 -0.04979 -0.12716
-0.23000 -0.04455 0.14240
-0.41029 0.03546 -0.11381
-0.25677 -0.01937 0.09558
0.11692 -0.00716 -0.03088
0.12411 -0.00791 -0.01673
0.43561 -0.05037 0.06403
-0.05537 0.07146 -0.10387
-0.30396 -0.09566 0.13905
-0.06183 0.09353 0.09258
0.11604 0.06566 -0.15684
0.16256 -0.10199 -0.08942
0.17091 -0.10199 -0.06233
0.16253 -0.10199 -0.11395
0.15329 -0.10199 0.01386
-0.40614 0.04196 -0.15399
0.21997 -0.02045 0.01984
0.22415 -0.03473 0.01984
0.34482 0.00550 -0.14360
-0.21845 -0.11155 0.14246
0.41670 -0.02258 -0.05209
0.23108 -0.11039 0.09607
0.23477 -0.11076 0.06957
0.30042 -0.10412 -0.18382
0.21394 -0.04263 -0.10379
0.14280 0.04401 -0.16312
-0.10048 -0.08308 0.01821
-0.28846 0.01012 0.13866
-0.34104 -0.06058 -0.13605
-0.41596 0.02483 -0.02655
-0.41180 0.04286 0.03670
-0.27754 -0.02866 0.13825
0.30382 -0.01630 -0.13401
0.25639 -0.06528 -0.14524
0.29068 -0.07290 0.09154
0.24651 -0.08225 0.09154
0.25533 -0.01020 -0.13357
-0.31800 0.02916 0.13775
-0.28311 0.02593 0.13885
-0.11618 -0.07518 0.12926
-0.11441 -0.05924 0.05980
-0.11477 -0.06664 0.08598
0.00339 -0.07236 0.09839
-0.23088 -0.13177 0.16058
0.24706 -0.09371 0.01805
-0.36544 -0.07350 -0.13559
0.17957 -0.05377 0.10379
0.17961 -0.05335 0.08890
0.25912 0.01501 0.08185
0.26698 -0.04116 0.08497
0.26246 -0.05729 -0.10297
0.25367 -0.04804 -0.10315
-0.01748 -0.02250 0.10322
-0.38194 0.03513 0.15253
-0.20891 0.12479 -0.09104
-0.12034 -0.03092 0.13908
-0.24581 -0.01876 -0.14611
-0.06622 0.07391 0.02923
0.13755 0.06848 -0.11393
0.09796 0.09171 -0.12347
0.13701 0.07123 -0.10154
-0.06844 0.08556 0.08189
-0.05352 0.00365 0.04854
0.26503 -0.11426 0.15051
-0.04413 0.08582 -0.15216
-0.08401 0.05882 -0.16562
-0.08953 0.07131 -0.16111
0.12074 -0.07214 0.14466
0.41393 -0.01045 0.01998
-0.16534 -0.08424 0.16062
0.30151 -0.09486 -0.16439
0.31587 -0.09063 0.14945
-0.21720 -0.05717 -0.05862
-0.04701 0.02853 -0.09205
0.10088 0.00622 0.05581
0.03051 0.12051 0.11228
0.29591 0.03049 0.12424
0.19861 0.05132 0.08749
0.25739 0.03810 0.11786
0.26237 0.03655 0.12587
0.18953 0.04999 0.12600
0.26717 0.03684 0.11087
0.21445 0.04482 0.13325
-0.01860 -0.04265 0.08058
0.22029 0.02343 0.08783
-0.09310 0.08274 0.12457
-0.22515 0.10145 -0.14398
0.11323 -0.08858 -0.09631
0.10513 0.00834 0.08086
-0.39447 0.06326 0.08918
0.28526 -0.10299 -0.04597
0.02267 -0.04496 0.02847
-0.16574 -0.08349 -0.13757
-0.18838 -0.08993 0.16861
0.25924 -0.01517 -0.14385
-0.40978 -0.08885 0.06821
0.24975 -0.10630 0.15929
0.32191 -0.07796 -0.14074
0.35443 -0.09597 0.12560
0.36017 -0.09559 0.13808
0.36492 -0.09528 0.03453
0.35927 -0.09565 -0.05915
-0.25347 -0.02796 0.12010
0.10036 -0.02646 -0.01296
-0.20499 -0.05625 -0.04279
0.35688 0.01112 0.13097
-0.26807 0.01218 0.10616
-0.40313 0.05805 0.07623
-0.24561 -0.12835 0.16861
-0.24149 -0.02501 -0.13509
-0.15798 -0.02499 -0.15583
0.26642 -0.12140 -0.16959
0.43254 -0.05691 -0.12685
-0.27923 -0.12276 0.12341
-0.23853 -0.09253 0.09163
0.28168 -0.09115 0.15869
-0.22020 -0.08583 -0.10359
-0.41405 0.03963 0.02855
-0.39311 -0.02423 0.15498
0.29761 -0.02804 0.16706
-0.25437 -0.08597 -0.07794
0.26520 -0.11420 -0.16746
0.08260 0.09123 -0.14489
0.08940 -0.07367 -0.01725
-0.36496 -0.02048 0.15796
-0.01216 -0.04303 0.11050
0.16278 -0.00230 -0.18749
0.20932 -0.09658 -0.01850
0.22100 -0.09407 -0.01390
0.23660 -0.08936 -0.03264
0.12011 -0.04874 0.01481
0.27904 -0.06382 -0.14431
0.20776 -0.00546 0.12915
0.00388 -0.04968 -0.01534
-0.30026 0.05323 0.15089
0.32723 -0.08823 0.14686
0.25765 -0.10044 -0.15835
0.06464 0.12041 0.05595
0.05778 0.12629 0.02807
0.27835 -0.09742 -0.01261
-0.25505 -0.13834 0.12341
-0.03679 -0.04807 0.06773
-0.13176 -0.00938 -0.18641
0.22380 -0.03399 -0.17985
0.31275 -0.10542 0.05125
0.30626 -0.10688 0.07303
0.30513 -0.10713 0.09101
-0.28611 -0.08089 0.12484
0.14167 0.05402 -0.11124
0.30645 -0.04693 -0.18876
-0.38796 0.04859 -0.05819
-0.38887 0.04787 -0.07769
-0.26430 -0.04026 0.16473
-0.20741 -0.10813 -0.13957
-0.05426 0.09230 -0.05678
0.22098 -0.04093 0.10958
0.03661 -0.04950 0.02142
0.03306 -0.07480 -0.15428
-0.04434 -0.03115 0.07063
-0.40643 -0.06746 -0.15837
0.03031 -0.05348 -0.08121
-0.20628 -0.13195 0.13315
0.13360 -0.01335 0.04044
0.25564 0.01283 -0.12202
-0.23363 0.00072 -0.18883
0.37487 -0.08516 0.08817
0.35084 -0.04613 -0.13104
0.37911 -0.06600 0.07547
0.16890 0.05124 -0.08662
-0.06000 0.09326 -0.09139
0.26989 -0.06950 -0.10836
0.26248 -0.06817 -0.10836
-0.39607 -0.02283 -0.10160
-0.36723 -0.02255 -0.10889
0.16509 -0.02903 0.17317
0.22192 -0.00474 -0.18649
-0.41164 -0.02472 0.12977
0.20097 -0.01007 0.09860
0.20097 -0.00583 0.10915
-0.23351 -0.08585 -0.17680
-0.06797 0.07923 -0.05952
0.37057 -0.06990 -0.06768
-0.01089 0.14197 -0.05413
-0.03610 0.14243 -0.06138
-0.07041 0.14317 -0.06236
-0.06334 0.14328 -0.04421
-0.40986 0.01835 -0.04408
0.25645 -0.02753 -0.18413
-0.23896 -0.12715 -0.16139
-0.36624 0.06391 -0.00048
0.31452 0.03103 -0.05894
0.29794 0.03428 -0.06226
0.29207 0.03552 -0.05220
0.28343 0.03720 -0.05525
0.32090 0.02994 -0.03633
0.29565 0.03469 -0.06747
0.30807 0.03244 -0.04063
0.04198 0.11683 0.12128
0.11641 -0.04564 -0.03004
-0.24128 -0.03757 -0.12051
-0.33897 -0.02229 -0.12385
0.20431 0.05317 -0.01955
0.07372 -0.06155 -0.07481
-0.24384 -0.13343 -0.16111
0.27975 0.00666 -0.04963
0.19500 -0.06635 0.13555
0.13123 0.05465 0.08149
-0.10428 -0.07553 0.13443
-0.22055 -0.01545 0.16568
0.21052 -0.09488 0.08058
-0.23169 -0.05745 -0.16533
0.24125 0.02263 0.06771
0.36693 -0.03738 0.08390
0.26045 -0.04063 0.12597
-0.21191 0.02879 0.13987
-0.22332 0.03574 0.13969
-0.03852 0.00104 0.08203
-0.42205 0.00456 0.07744
0.25198 -0.08324 0.15655
-0.42019 -0.02146 -0.06566
0.33636 -0.08571 -0.08887
0.35551 -0.08921 -0.06723
-0.33408 -0.02224 -0.09798
-0.35396 -0.02243 -0.05901
-0.36585 -0.02254 -0.07938
-0.34533 -0.02235 -0.10786
-0.35193 -0.02241 -0.09771
0.27985 -0.09726 0.06983
0.22757 -0.10582 0.16683
0.23471 -0.12371 -0.16795
-0.24820 -0.06809 0.01897
0.43154 -0.04114 -0.13546
-0.17186 -0.05908 0.13268
-0.26244 -0.02163 -0.17218
0.36784 -0.09453 0.14542
0.21701 -0.04079 -0.15419
-0.40742 -0.09917 0.07475
0.17123 0.04996 0.08170
-0.26160 -0.10573 0.16287
-0.18697 0.11570 -0.13591
-0.35903 0.07068 -0.01756
-0.35124 0.07302 -0.06930
-0.31486 0.08697 -0.07230
-0.33921 0.07759 -0.07359
-0.20300 -0.03366 -0.18415
0.24730 0.00975 0.16501
-0.24740 -0.09095 -0.15877
0.09797 0.09806 0.07482
0.06261 0.11743 0.07991
0.09992 0.09794 0.06933
-0.01232 -0.07293 0.04804
0.02589 -0.02892 0.02714
0.12439 -0.02802 0.01948
-0.11986 0.02066 -0.17703
-0.20587 -0.10547 0.08769
-0.21232 -0.10552 0.05045
-0.21403 -0.10554 0.01859
0.28831 -0.04123 -0.16832
0.27499 -0.05903 -0.16345
0.33800 0.02016 -0.15882
0.00673 0.13515 -0.11980
0.12889 0.04414 -0.15635
-0.20561 0.11650 0.08843
0.04577 -0.02887 -0.13432
-0.09567 -0.08858 -0.10214
-0.27482 0.05282 0.14219
-0.05430 0.01780 0.03912
0.34995 -0.06546 -0.17666
-0.35148 -0.08811 0.08411
-0.30467 0.08069 -0.15343
-0.36269 -0.02251 0.09767
-0.39292 -0.02280 0.08882
-0.40333 0.05085 -0.14570
-0.40138 0.06185 -0.09302
0.31298 -0.04523 0.01019
-0.05933 0.08156 0.04242
-0.04798 -0.01542 0.08519
-0.24882 -0.03643 0.16823
0.00678 -0.02063 0.02644
0.12925 0.01803 0.16729
-0.16334 0.13462 0.10490
0.27926 -0.08596 0.15517
-0.40700 -0.07466 0.01947
0.17001 0.05105 0.06917
0.12843 -0.00815 0.02147
-0.41025 0.01962 0.14608
0.29820 -0.08111 0.13354
-0.03302 -0.05662 -0.08499
-0.04983 -0.05965 -0.02435
-0.01128 -0.05903 -0.02407
-0.02596 -0.05682 -0.02306
-0.39126 -0.04950 0.04204
-0.39672 -0.06282 0.04204
-0.07266 -0.06036 -0.02467
-0.08585 -0.06281 -0.02579
-0.28136 -0.05038 -0.18418
-0.41585 0.03401 -0.06398
0.15656 -0.04561 -0.17058
-0.38150 0.04802 0.14713
0.05740 -0.05128 0.11445
0.00847 -0.07665 0.13654
-0.18491 0.13533 -0.05219
-0.26970 -0.03214 0.12341
-0.02391 -0.08858 -0.12703
-0.02550 -0.08858 -0.04933
-0.02159 -0.08858 -0.11026
0.42057 -0.07986 0.04774
-0.27277 -0.05558 0.06383
-0.05326 0.05631 0.05396
0.41152 -0.00850 0.10520
0.23676 0.02996 -0.13704
0.26679 -0.14408 -0.17000
-0.27242 -0.06964 0.03194
0.23698 -0.05979 0.16239
-0.05233 0.05052 0.04934
0.13770 -0.02037 -0.11742
0.13409 0.00872 -0.03829
0.11440 -0.09058 -0.17630
-0.20610 -0.13180 -0.16609
0.11836 0.03838 -0.17570
0.08419 0.02057 -0.18344
0.06937 0.03312 -0.17831
0.14097 0.03523 -0.17683
0.36447 -0.08970 -0.00954
0.28205 0.03783 0.01457
0.24061 0.04628 -0.00744
0.25940 0.04233 0.01723
0.35574 0.02277 0.05789
0.25212 0.04387 0.00592
0.35053 0.02405 0.02652
0.16962 0.04905 -0.11414
0.27979 -0.03708 -0.15759
0.29477 -0.05598 0.15385
-0.38528 0.06455 -0.03106
0.13210 -0.03746 0.00085
-0.20633 0.11513 0.11064
-0.25651 0.08942 -0.15024
-0.40247 0.04106 -0.16158
-0.18283 -0.07480 0.00357
-0.23063 -0.05923 0.12298
0.29369 -0.02322 0.03954
0.20295 -0.10559 0.01699
0.20354 -0.10572 0.03753
0.15637 0.00439 -0.17577
-0.28311 -0.02424 -0.13400
0.27047 -0.02632 0.02207
0.27860 -0.03221 0.02077
0.24218 -0.00232 0.02186
0.30857 -0.00189 0.02452
0.31197 0.01700 0.02466
-0.39914 -0.08023 -0.09095
0.22692 -0.08878 -0.03495
0.43239 -0.03086 -0.02199
0.27565 -0.05343 -0.16207
-0.11419 -0.08086 -0.01072
-0.11095 0.00321 -0.16270
-0.22520 0.04636 -0.17298
-0.29897 -0.06388 -0.18418
0.17592 0.04628 -0.15152
0.17425 -0.06787 0.09387
0.17453 -0.06761 0.10836
0.04589 0.12134 0.11184
0.05083 0.11834 0.11259
0.03824 0.13095 0.08313
0.20098 -0.01616 -0.04108
0.20098 -0.00715 -0.02098
0.20098 -0.02015 -0.07600
0.20098 -0.00888 -0.04454
-0.39536 0.04131 0.12824
0.04260 -0.05080 -0.12502
-0.19487 -0.02776 0.15618
0.17451 -0.04317 0.03196
0.20749 -0.03954 0.13437
-0.40138 -0.08058 0.00993
0.28474 -0.14078 0.15391
0.12196 0.06173 -0.15215
-0.04017 -0.08970 -0.17521
-0.10301 -0.08858 0.07426
-0.03269 -0.05432 -0.07319
0.15534 -0.06040 -0.18454
0.28263 0.00027 -0.04418
0.30841 -0.01051 -0.04339
-0.06088 -0.09076 0.15970
-0.04060 0.03106 0.10760
0.22986 -0.05180 0.12281
-0.24001 0.03024 -0.15486
-0.24500 0.04144 -0.16420
-0.21341 0.01129 -0.18499
0.17838 0.04970 -0.07255
-0.42093 -0.01297 0.07654
0.32644 -0.06983 -0.16330
-0.04631 0.00789 0.10369
0.36693 -0.03429 -0.11292
0.36693 -0.00570 -0.11052
-0.27692 -0.02277 0.02035
-0.25998 -0.02307 0.00807
0.22991 -0.06386 0.14217
0.18453 0.04679 -0.02962
-0.28705 0.00735 0.12603
-0.33550 -0.05940 0.15102
0.27989 -0.03047 0.11309
-0.24670 -0.05390 -0.15837
0.19256 -0.00880 -0.04333
0.20787 0.00761 -0.04394
0.13476 0.05350 -0.14619
-0.09033 -0.04548 0.17306
0.06769 -0.04644 0.17302
-0.01972 -0.04521 0.17313
-0.02695 -0.04894 0.17267
0.21455 -0.04459 0.13905
0.20667 -0.08408 -0.18668
0.25649 -0.04026 0.16663
0.21960 -0.09810 0.16753
0.26975 -0.09417 -0.11429
-0.21316 0.12323 0.07102
0.12434 -0.04030 0.00477
-0.20242 -0.05529 -0.06952
-0.18927 0.13002 -0.10124
0.04171 0.04502 -0.16897
0.20498 -0.02805 0.02036
-0.28031 -0.10881 -0.17308
-0.23407 -0.06099 -0.15837
0.41978 -0.08922 0.05492
-0.20919 -0.01904 0.12776
-0.41212 0.03601 -0.02732
0.16088 -0.09786 -0.16552
-0.21580 -0.02532 -0.15937
0.41629 -0.01611 -0.05940
0.41539 -0.00520 -0.00579
0.27161 -0.10679 -0.17529
-0.14110 0.01398 0.16848
-0.13193 0.00745 0.16967
-0.03103 -0.05892 -0.08990
-0.09034 0.12194 0.11790
0.28499 -0.01158 -0.19079
-0.41642 0.02529 0.08228
-0.13089 0.14112 -0.06326
-0.11849 0.14196 -0.05911
-0.09577 0.14365 -0.03843
0.40141 -0.09316 0.03178
0.39620 -0.09346 -0.00651
-0.15867 -0.08928 -0.17536
0.31332 -0.04217 -0.11173
-0.41430 -0.02402 -0.12182
-0.24507 -0.06238 0.13197
-0.12717 0.05264 -0.16881
0.11878 0.07084 0.14004
0.42064 -0.02258 0.04707
-0.41265 0.02962 0.12863
0.41502 -0.02489 -0.07572
0.10769 0.01867 0.05990
0.37596 -0.07832 0.07175
-0.26423 -0.10203 0.15357
-0.32369 0.03991 -0.17193
-0.20437 -0.05626 0.16134
0.30879 -0.05330 0.12484
0.28568 -0.12877 0.13517
-0.04719 0.02495 0.08935
-0.05917 0.08020 -0.05185
-0.21302 -0.10713 0.13170
0.03635 -0.05686 0.07706
-0.06056 0.01801 0.08833
0.22586 -0.08670 0.14582
0.18374 0.04665 0.02590
0.20098 0.02431 0.03571
0.20098 0.00818 0.01385
0.20098 0.03063 0.06103
0.20098 -0.01006 -0.00667
-0.18234 -0.06713 -0.16341
-0.30783 -0.06260 -0.12774
-0.12269 -0.00543 0.13910
0.25079 -0.08306 -0.14979
0.13154 0.05889 0.02067
-0.09959 -0.06997 0.14589
0.14876 -0.10018 0.14510
0.13096 -0.09578 0.15193
0.11163 -0.09297 0.15629
0.07575 -0.02286 -0.01564
0.27473 -0.00993 0.16523
0.23911 0.00569 -0.06788
-0.37951 0.06424 -0.06628
-0.26583 -0.12152 0.14700
0.29120 -0.07733 -0.17882
-0.35939 -0.02249 -0.14367
-0.17671 -0.04706 -0.15499
0.34165 0.00842 0.12090
0.26139 -0.02800 0.16870
-0.22106 -0.07847 0.05531
-0.33014 -0.05061 -0.00708
-0.11398 0.13341 -0.12656
-0.17200 -0.01146 0.13921
-0.24670 -0.00352 0.11813
0.00914 -0.02286 -0.13211
0.12301 0.04592 0.02577
0.31442 -0.03453 -0.12930
0.34102 0.02546 -0.08552
0.00041 -0.07500 -0.06285
-0.34644 0.06503 -0.16009
0.32058 -0.08765 0.08420
-0.23650 -0.08356 0.16122
0.24176 -0.04092 -0.17342
0.12952 -0.08858 0.09115
0.13751 -0.08858 0.08388
0.26860 -0.04901 -0.13986
-0.05709 0.11988 0.09053
-0.38551 -0.07750 0.03750
0.08536 0.04521 0.04706
0.36693 -0.00310 0.10524
-0.25063 -0.05220 0.12587
0.40052 0.00425 -0.11609
-0.22933 -0.02037 0.15129
-0.32297 -0.02218 0.06000
-0.31137 -0.02230 0.02486
-0.43523 -0.04473 -0.06497
0.19841 -0.05111 0.17464
-0.18857 0.12247 -0.10086
0.26759 -0.04688 0.11327
-0.23533 -0.08704 -0.14375
0.03283 -0.05795 0.11564
-0.23461 -0.07688 0.16208
0.02628 0.14144 0.02937
0.29309 -0.00283 -0.04856
-0.07874 -0.08778 -0.14781
0.26165 -0.08839 0.14289
0.37833 -0.03474 -0.17607
-0.32093 -0.07153 0.15431
0.21915 -0.02981 0.03030
0.38404 -0.08516 0.08328
0.26107 -0.07220 -0.16627
0.21829 -0.08175 -0.17601
-0.08963 0.02755 0.16616
-0.43629 -0.03622 -0.05129
0.12104 0.08907 -0.03173
0.12655 0.08699 -0.01249
0.12998 0.08268 -0.03553
-0.22095 -0.06457 0.05362
0.18531 0.05520 -0.04911
0.28652 -0.01182 0.16939
-0.09369 0.13407 -0.11903
-0.41397 -0.01517 -0.03766
-0.00136 -0.07125 0.10316
-0.09672 -0.05504 0.00544
0.35150 0.01006 -0.06282
-0.25808 0.03513 -0.12595
0.21293 -0.09506 -0.03712
0.28468 -0.09506 -0.00576
0.31177 -0.09506 0.01165
0.31296 -0.09506 -0.01991
0.26425 -0.09506 -0.03477
0.11124 0.03419 -0.02044
0.11482 0.03777 -0.08069
0.11075 0.03400 -0.03751
-0.28897 0.00632 0.13279
-0.21913 -0.08567 -0.12752
-0.06118 0.09672 -0.06219
0.14365 0.02235 -0.16270
-0.29575 0.08328 -0.14105
-0.42537 -0.02554 0.01304
0.32764 -0.02278 -0.14406
-0.38536 -0.02273 0.11524
-0.20865 -0.07546 0.00759
-0.26836 0.10495 0.03847
-0.25797 0.10890 0.03078
-0.27636 0.10264 -0.00105
-0.29592 0.04617 0.13850
0.00459 0.01468 0.16824
-0.01189 0.01381 0.16843
0.34832 -0.04264 -0.07258
0.08586 0.04810 0.04250
-0.41281 -0.07218 -0.11717
0.27153 0.00378 -0.12166
-0.25653 0.10514 -0.13384
-0.21314 -0.01626 -0.19391
0.39736 0.00425 0.10596
-0.13649 0.04024 0.15867
0.32244 -0.10754 -0.15329
-0.05986 -0.08854 -0.17379
-0.21369 -0.02957 -0.18418
-0.04437 0.02898 0.09456
-0.28852 -0.09347 -0.04618
-0.28887 -0.09337 -0.08855
-0.06823 0.03694 0.09059
-0.07287 -0.02717 -0.19023
-0.10083 -0.03386 -0.19023
-0.05417 -0.02491 -0.19023
-0.04662 -0.03719 -0.19023
0.27926 -0.07472 0.13565
-0.08468 0.12293 0.11723
-0.02972 0.12003 0.11905
-0.28059 -0.09252 0.15352
-0.19992 -0.00226 0.11698
-0.09310 0.09157 0.12723
0.20098 0.01566 0.06112
0.20098 -0.01713 0.01904
0.20098 -0.02342 0.05223
0.20098 -0.02263 0.03162
-0.06174 0.06865 -0.04434
-0.06270 0.06885 0.03556
-0.02959 0.00440 0.11080
0.28274 -0.11051 0.07201
0.28109 -0.11071 0.03550
0.28101 -0.08796 -0.10182
-0.36350 0.06209 -0.12640
0.19865 0.05072 -0.10841
0.22723 0.04566 -0.09993
0.29656 0.03168 -0.09957
0.19186 0.05078 -0.12376
0.30529 0.03068 -0.09062
0.24002 0.04330 -0.09732
0.42137 -0.06358 0.04082
0.35854 0.01342 -0.06436
0.21047 -0.10730 -0.13763
-0.10087 -0.09549 -0.00111
0.41150 -0.00703 -0.04117
0.09054 -0.08058 -0.03918
0.07934 -0.05937 -0.03029
0.22330 -0.00206 -0.06868
0.24567 -0.01602 -0.04546
-0.04706 0.02491 0.04763
0.32501 -0.09837 0.14186
0.16921 -0.07252 -0.05602
0.16013 -0.08088 -0.09604
0.16721 -0.07436 -0.07300
0.03184 0.09341 0.13318
-0.06901 0.05840 0.14924
0.02719 0.11444 0.12241
-0.08119 0.05775 0.14936
-0.01897 0.07996 0.13914
-0.04073 0.08132 0.13808
0.41972 -0.02258 -0.03261
0.07702 0.11187 -0.08000
0.03911 0.12897 -0.10613
0.23557 -0.12087 0.12276
-0.23939 0.11118 0.11249
0.32550 0.01092 -0.03116
-0.21477 0.12508 -0.02777
-0.25887 0.10839 -0.05701
0.22824 -0.05288 0.14064
0.27440 -0.06238 -0.17262
-0.21439 -0.03800 0.13508
0.42411 -0.06287 -0.15385
-0.28469 -0.10209 0.16563
0.23616 -0.00595 -0.04779
-0.26177 -0.12962 -0.16417
0.10052 0.02896 -0.02580
-0.16017 0.01483 -0.15612
0.13775 -0.07670 -0.18195
0.12738 -0.08037 -0.17920
0.02635 -0.07517 -0.18310
0.10093 -0.08332 -0.17699
-0.12254 -0.01735 0.16376
-0.25300 -0.14298 -0.16902
0.31053 -0.03862 0.15419
-0.39087 0.06301 0.13574
0.36693 -0.05190 0.09780
0.36693 -0.03900 0.09192
0.14909 0.03867 -0.16437
-0.22554 0.12107 0.01535
-0.24143 0.11553 -0.00516
-0.31281 -0.04984 -0.13020
-0.27115 -0.01898 -0.18147
0.29230 -0.05358 -0.16435
0.37359 0.01599 -0.12396
0.39055 0.01387 -0.08739
0.26069 0.02231 -0.12314
0.28068 0.00686 0.16332
0.39509 0.00327 -0.08308
-0.09964 0.06197 0.13989
0.04822 -0.04753 0.02645
0.21827 -0.00217 -0.08012
0.40272 -0.06874 0.14423
-0.05788 0.10722 0.05360
-0.41574 -0.03779 0.01314
0.11718 0.06853 -0.15221
0.20573 -0.05942 -0.18140
-0.25927 -0.07672 0.13674
0.32055 -0.10344 0.12681
0.31682 -0.10450 0.02654
0.34528 -0.01346 -0.17488
-0.35636 -0.02245 -0.03643
-0.39487 -0.02281 -0.04535
-0.38389 -0.02271 -0.04104
-0.38949 -0.02276 -0.01567
0.42121 -0.08274 -0.00714
-0.29034 -0.12302 -0.14865
-0.02403 0.00051 -0.04793
-0.21118 0.11773 -0.13234
0.14652 -0.00518 0.17068
0.10204 -0.00550 0.17061
-0.10512 -0.08055 -0.01185
-0.11140 -0.03964 -0.15904
-0.39100 0.06420 0.00438
0.37596 -0.08110 0.00069
-0.05683 0.03863 0.03642
0.30391 -0.08015 0.14407
0.06992 -0.04994 -0.12455
-0.18356 -0.06300 0.13393
0.25325 0.01238 -0.01820
-0.33452 -0.07648 -0.16875
-0.31432 -0.08429 0.13307
0.21587 -0.09323 0.08804
-0.23764 -0.04275 0.14935
0.22668 -0.03669 0.04085
-0.41260 -0.03603 0.11102
0.24300 -0.02471 -0.13854
-0.24260 -0.04655 0.09463
0.23557 0.02400 0.12180
0.27326 -0.04461 0.12890
0.26408 0.02975 -0.14473
0.09803 -0.01830 0.01949
-0.16668 -0.07312 0.11426
-0.03618 -0.01866 -0.11421
0.05960 -0.04890 0.01823
0.21151 -0.07248 -0.10832
0.11314 -0.03790 -0.02589
0.10375 0.04399 0.00479
0.42159 -0.02941 0.11202
0.34375 -0.06088 0.03615
-0.38035 0.00834 0.13718
-0.02918 -0.04474 -0.02140
-0.11338 -0.06942 0.03823
-0.11338 -0.06763 0.05673
0.37440 -0.06521 0.06273
0.31126 -0.08516 0.08688
0.23611 -0.01671 0.01984
0.25259 -0.12621 -0.17547
0.27436 -0.02090 0.11999
-0.24124 0.06898 -0.16139
-0.28053 0.06756 -0.16093
0.27398 -0.01969 -0.16213
-0.36386 0.05666 -0.15772
-0.05651 -0.00303 -0.08298
-0.41763 -0.01830 0.11182
0.22582 -0.04366 0.16770
0.22826 -0.03074 0.13870
0.29805 -0.12044 -0.18540
-0.40606 0.05163 -0.10853
