0.14110 -0.03114 0.11285
-0.28588 0.02278 -0.06350
-0.06988 0.09799 0.06633
0.07465 -0.05540 -0.08607
0.10748 -0.01049 -0.11590
-0.16540 -0.01115 0.08845
-0.15599 -0.03620 0.08316
-0.16015 -0.02511 0.08211
-0.15282 -0.04465 0.04836
-0.16853 -0.00280 0.10079
0.32846 -0.07963 -0.13926
0.00977 0.09661 0.06609
-0.28363 0.02871 0.02495
-0.28582 0.02871 0.02047
-0.29072 0.02823 0.02890
-0.16024 -0.02496 -0.03571
-0.16003 -0.02548 -0.05581
-0.15457 -0.03999 -0.04169
-0.16643 -0.00847 -0.05943
-0.16696 -0.00703 -0.06590
0.07003 -0.05421 -0.10892
-0.41901 -0.00882 0.05765
0.11783 -0.09915 -0.14120
-0.42645 -0.04025 0.01003
-0.42245 -0.03484 0.10122
-0.21189 0.00626 -0.14494
-0.16249 -0.03877 -0.15353
-0.20215 -0.00718 -0.08323
-0.04176 0.06573 -0.08219
0.07853 -0.09362 -0.03169
0.05253 -0.09362 -0.02517
0.20594 -0.00579 0.14621
0.16750 -0.07362 0.13369
-0.13976 0.09049 0.02000
-0.11409 0.09219 0.01734
0.08288 -0.09362 0.10562
0.07930 -0.09362 0.08933
0.06880 -0.09362 0.07615
0.04839 -0.09362 0.08337
0.08597 -0.09362 0.04835
0.06183 -0.09362 0.11030
0.08221 -0.09362 0.08004
0.06821 -0.09362 0.11213
0.23146 -0.03241 0.11480
0.23193 -0.03197 0.09312
-0.05686 0.09223 0.07678
0.07222 0.08159 0.07907
0.03577 0.05960 -0.11565
0.02610 0.06850 -0.10999
0.03563 -0.05769 -0.10687
-0.35144 -0.01911 -0.06675
0.13265 0.02343 0.09332
0.23220 0.01372 0.13376
-0.02280 0.08456 -0.09777
-0.29423 -0.06773 0.15105
-0.34785 0.02196 -0.07917
-0.03083 -0.06860 -0.12241
-0.41764 0.00511 0.06593
0.28904 -0.02245 0.09758
0.27853 -0.02089 0.13977
-0.36816 -0.03989 0.10897
-0.37945 -0.04471 0.10707
-0.33711 0.00758 0.11421
-0.35289 -0.01613 0.11155
-0.20845 -0.09727 0.15342
0.30149 -0.06442 0.12623
-0.00829 -0.04873 -0.04075
0.05096 0.01864 0.12576
0.06901 -0.10450 0.13567
-0.17223 0.08823 0.04693
-0.17338 0.08843 0.03590
-0.03597 -0.02199 -0.11597
0.25351 -0.04157 -0.15479
-0.15062 0.08055 -0.10102
-0.37421 0.01775 -0.03714
0.41550 -0.01082 0.05854
0.28199 -0.03068 -0.11954
-0.16174 0.07814 0.09438
0.08328 -0.00807 0.06885
0.21274 -0.05247 0.13739
-0.03674 0.03723 0.08618
0.22902 -0.10115 0.15441
-0.41809 -0.02279 0.09700
0.32722 -0.10105 -0.11840
0.15274 0.02382 -0.05265
-0.02419 0.09710 0.07506
0.34875 0.00718 0.06132
0.35368 0.00634 0.07245
0.34123 0.00807 0.05848
0.04793 -0.01078 0.14875
0.31168 -0.09162 0.15367
-0.23438 0.03184 0.02745
0.17188 -0.09115 -0.11316
0.16296 -0.00404 0.13044
0.39099 0.00256 -0.02931
0.39521 0.00162 -0.03279
-0.01715 -0.01530 0.14761
-0.03188 0.03958 -0.12700
0.25377 -0.03947 -0.11209
-0.18907 -0.01981 0.15357
-0.38982 -0.03852 0.13959
-0.01067 -0.04470 0.08957
0.11175 0.06457 -0.04048
-0.01535 -0.03108 -0.06506
-0.30409 0.02213 -0.05177
-0.29991 0.02259 -0.04496
0.25832 -0.03137 0.14372
-0.14960 -0.05890 0.14578
-0.42141 -0.02503 0.00063
-0.15723 0.08807 0.06299
0.31821 -0.05262 0.12206
-0.04459 0.06454 -0.11227
-0.10016 0.05061 -0.12085
-0.04964 0.05258 -0.11979
-0.05000 0.07027 -0.10863
-0.01635 -0.07223 0.14576
0.40267 -0.01758 -0.11650
0.34922 0.00811 0.03292
0.34000 0.00909 0.03071
-0.16577 -0.03096 -0.13147
-0.29339 0.01303 0.12076
-0.26638 0.00532 0.12495
-0.27230 0.01051 0.12381
0.32189 0.01215 0.00820
-0.11709 -0.10279 0.13696
-0.08093 -0.09492 -0.12326
0.11570 0.02271 -0.01984
-0.01140 0.10044 0.03336
-0.15757 0.06069 -0.11476
-0.15349 -0.08771 0.11512
-0.02269 -0.01084 0.05148
0.13091 -0.09435 0.11796
0.03398 -0.09041 0.11401
-0.11095 0.03573 0.12879
-0.13527 0.03534 0.12889
-0.10745 0.04430 0.12457
-0.39729 0.00198 0.10297
-0.15898 0.09533 -0.02864
0.01181 -0.04004 0.09319
-0.11464 -0.05395 0.06932
-0.10792 -0.05382 0.08608
-0.20103 -0.02394 0.13044
-0.19129 -0.02857 0.13907
0.30899 -0.08078 0.15351
0.14678 0.03932 0.03542
0.06316 -0.09362 -0.12162
0.10905 -0.09362 -0.12186
-0.18985 -0.01183 0.08305
-0.20048 0.02441 0.03729
-0.18772 -0.01910 0.05208
-0.03733 0.10132 -0.07086
-0.20053 -0.00621 0.08441
-0.20583 -0.05014 -0.11272
-0.38402 -0.02949 -0.08142
-0.06881 0.09417 -0.03272
-0.04764 0.09429 -0.04573
0.19792 0.01902 0.12444
-0.00883 0.10064 -0.02872
-0.19072 0.05217 -0.11443
-0.38066 -0.05361 0.14216
-0.40655 0.01518 0.07087
0.31844 -0.00925 0.14100
-0.20479 0.03231 -0.07956
-0.40287 -0.00177 0.10130
-0.23477 0.07279 0.04134
0.43867 -0.03680 -0.01108
-0.23469 -0.00216 0.12131
-0.24417 -0.00884 0.12037
-0.25363 0.00104 0.11943
0.16276 0.02287 0.08637
-0.37665 -0.07968 0.13957
0.00580 -0.01532 0.03450
0.41570 -0.01157 -0.04308
0.13055 0.03882 0.12250
-0.04397 0.09916 -0.07207
0.25135 0.01407 0.11059
0.17100 -0.03528 -0.15009
-0.11931 -0.05386 -0.02811
-0.17558 -0.08590 -0.09625
-0.23274 -0.09177 -0.09662
0.01801 -0.06628 0.02923
0.14647 0.02372 -0.07669
-0.19193 -0.10596 -0.12249
0.37828 -0.02155 -0.13629
-0.19787 -0.00443 -0.14443
-0.12551 -0.08302 0.12636
0.39904 -0.01589 0.08175
-0.35361 0.02007 0.03406
-0.38294 0.01579 0.05952
-0.20082 0.03202 -0.03437
0.21599 -0.07463 0.11330
-0.03198 0.00703 -0.07783
0.00456 -0.06928 0.03409
0.10814 -0.01577 0.09879
0.13919 -0.01577 0.10108
0.11194 -0.01577 0.11269
0.10924 -0.01577 0.03764
0.28012 -0.14093 -0.15198
0.36001 0.00132 -0.10504
-0.21773 -0.02497 -0.04470
-0.19474 0.04970 0.11346
0.24628 -0.05072 0.11246
0.26266 -0.05660 -0.15010
0.05353 0.08699 -0.03833
0.30231 -0.04113 -0.15231
0.01729 -0.06692 -0.04517
-0.26187 0.03564 -0.09051
0.43480 -0.09286 -0.00399
0.26980 0.01221 0.10304
-0.00283 -0.06904 0.10190
0.28424 0.00996 0.12406
0.09881 0.05022 0.11766
0.25371 0.01786 -0.00842
0.19000 0.01980 0.11570
0.17714 -0.03925 -0.09028
-0.02432 0.11394 0.04322
-0.12052 -0.05976 0.12557
0.11727 0.02216 -0.14864
0.02199 -0.06992 0.08058
-0.22266 0.07879 -0.06711
-0.06328 -0.01378 0.15074
0.22944 -0.03307 0.15015
-0.03022 0.09498 0.01432
0.01839 0.07740 0.10367
0.16150 0.02394 -0.08553
-0.18276 0.00950 -0.12477
-0.17409 -0.04669 0.01855
0.37870 -0.00294 -0.11094
-0.40081 -0.00490 -0.12999
0.11406 -0.09909 0.14128
0.08997 -0.09926 0.14152
-0.32174 -0.04538 -0.07235
0.21572 -0.09510 0.13914
-0.24445 -0.02292 0.15357
0.07949 -0.01407 0.11879
0.32036 -0.04039 -0.14227
0.08292 -0.09362 -0.03753
-0.17966 0.09069 -0.06397
0.13116 -0.04491 -0.15148
0.44667 -0.07171 0.05148
-0.00500 0.00103 0.09412
-0.31188 -0.04549 -0.04165
-0.34180 -0.04549 -0.01557
-0.32930 -0.04549 0.00342
-0.32651 -0.04549 0.03194
-0.34806 -0.04549 -0.01246
-0.39376 -0.04549 -0.06215
-0.31629 -0.04549 0.02719
-0.36461 -0.04549 -0.01163
-0.38095 -0.04549 -0.04577
-0.31571 -0.04549 -0.00286
-0.39533 -0.04549 -0.06851
-0.33131 -0.04549 -0.04761
-0.33555 -0.04549 -0.01863
-0.31999 -0.04549 -0.04765
-0.31176 -0.04549 -0.07396
-0.39730 -0.04549 -0.07675
-0.34810 -0.04549 0.00687
-0.37612 -0.04549 -0.05659
-0.37427 -0.04549 -0.02930
-0.30194 -0.04549 -0.05612
-0.30445 -0.04549 -0.06104
-0.30967 -0.04549 0.00876
-0.32520 -0.04549 -0.08296
-0.29103 -0.04549 -0.02803
0.42956 -0.04278 0.00245
-0.00921 0.00890 -0.07737
-0.01088 -0.04405 -0.05391
-0.02506 0.03499 -0.11011
-0.20082 0.06722 -0.09378
-0.13736 -0.06223 -0.15262
-0.05622 -0.06442 -0.15101
-0.20843 0.08688 -0.04911
-0.36551 0.02199 0.05846
0.32883 -0.09221 0.14179
-0.17588 0.01678 0.06127
-0.19878 -0.07654 0.15088
-0.09672 -0.09549 0.12524
-0.29487 -0.04426 0.15321
0.13662 0.01526 0.12144
0.26956 0.01397 0.09576
0.01233 -0.04186 0.08091
-0.19365 0.00113 0.01707
-0.19881 0.01873 0.01661
0.38243 -0.03638 0.08443
0.33228 -0.05577 -0.11251
-0.04995 -0.10382 0.13229
-0.07488 -0.10501 0.13872
0.01969 -0.09516 -0.13104
0.10113 -0.09517 -0.13044
0.40818 -0.09317 0.11393
0.00373 -0.07836 -0.03334
0.09104 -0.03199 -0.15124
-0.26546 -0.06426 -0.11223
0.24526 -0.01421 -0.14863
0.23581 -0.12542 0.15318
0.20680 -0.05160 -0.15039
0.12955 0.02373 0.07611
-0.05765 0.10223 0.04232
-0.20082 0.05189 -0.07068
-0.20082 0.04329 -0.07792
-0.02884 0.02626 -0.04227
0.19795 -0.08677 0.14570
-0.20849 -0.02213 -0.14454
0.17497 0.02225 0.08545
-0.40797 -0.01761 -0.01759
-0.02483 0.10917 0.06296
-0.35943 0.01572 -0.08698
0.18916 -0.07314 -0.14768
0.22205 -0.07736 -0.11207
-0.13266 0.08974 -0.05971
0.17056 -0.02383 -0.14273
-0.23454 -0.08659 0.14865
0.01556 -0.05500 -0.11166
-0.08868 -0.09668 0.14512
-0.07378 -0.09626 0.14510
0.42426 -0.05487 0.09719
-0.41695 -0.03277 0.06741
0.44372 -0.05245 0.01380
0.44372 -0.05363 0.01835
-0.18954 -0.01288 0.10695
-0.19258 -0.00251 0.11127
-0.22640 -0.14317 -0.14402
0.23337 -0.02109 0.14974
-0.27651 0.02105 0.09759
-0.30335 0.01857 0.10229
-0.20082 0.07811 0.04534
0.03833 -0.04582 0.15244
-0.07051 0.10119 0.01737
0.26165 -0.12667 0.11262
0.07377 0.00987 0.14134
-0.44135 -0.06860 0.08217
-0.14185 -0.04426 0.15464
-0.02318 -0.00919 0.04338
0.06364 0.08120 -0.04922
-0.33617 -0.08312 0.14415
0.12309 0.02786 -0.12149
0.10984 0.03665 -0.11733
-0.39468 -0.03934 0.10301
-0.07814 0.10036 -0.03178
-0.24847 0.05876 0.05010
-0.38473 -0.04245 -0.06827
0.27085 -0.04060 -0.15443
0.02143 -0.00819 0.14831
-0.08595 -0.07830 -0.11586
0.04689 -0.07255 0.11281
-0.22512 -0.12276 0.13427
-0.14722 -0.05949 -0.13071
-0.04589 0.07945 -0.10167
-0.33777 -0.03354 -0.08203
-0.09564 -0.10034 0.12808
-0.30652 -0.04538 -0.09937
-0.34897 -0.04541 -0.10306
-0.39788 -0.00245 0.12981
-0.16654 -0.09749 -0.12777
-0.37620 -0.02042 0.13869
0.22573 -0.11968 0.12359
0.11579 0.02074 -0.09753
-0.01600 -0.04455 0.14943
-0.20858 -0.08762 -0.15147
-0.18298 -0.01383 -0.13111
0.33379 0.00344 0.12105
0.12932 0.05224 -0.03448
0.10657 0.03265 -0.12462
0.29859 -0.13680 -0.14709
0.30746 -0.12582 0.11193
0.32806 -0.07535 -0.11391
0.01495 -0.04817 0.03954
0.15267 -0.08099 0.14576
0.06581 -0.08402 0.14634
0.10025 -0.08250 0.14616
0.13936 -0.08149 0.14584
0.02802 -0.06402 0.02056
-0.14128 -0.08780 -0.12948
0.04441 0.09478 0.05256
-0.04408 0.02101 0.13154
0.03841 -0.04332 0.11285
0.09436 0.01225 -0.14011
0.16341 -0.06445 0.06887
0.23153 0.01936 0.02297
-0.08996 -0.05522 0.05873
-0.01094 0.10112 0.01865
-0.00553 0.10098 0.01787
-0.07218 -0.04931 0.11556
-0.01322 -0.01714 -0.15061
0.11149 -0.01368 -0.14894
0.16257 -0.10313 0.13320
0.34450 -0.05064 0.14533
-0.08379 -0.09270 -0.04673
-0.32714 -0.02513 -0.08062
-0.03163 0.09506 -0.08464
-0.23616 -0.07796 -0.15040
0.33961 -0.07414 0.14069
-0.14871 0.08088 0.10069
0.12185 0.03137 -0.17060
-0.00724 -0.05560 0.05575
0.43377 -0.04995 0.04165
0.13475 -0.03396 -0.02460
0.27003 0.01728 -0.00294
-0.20082 0.02785 -0.01308
-0.20082 0.03309 0.03304
-0.25310 0.05010 -0.07216
0.10618 -0.04361 -0.15177
0.11269 -0.03268 -0.15101
0.15493 -0.02811 -0.15022
0.16063 -0.03006 -0.15028
0.21657 -0.10053 0.13709
-0.14192 0.03509 -0.12899
-0.12936 0.03146 -0.13083
-0.14922 0.04445 -0.12434
-0.24106 -0.11125 0.15003
-0.23143 -0.01604 -0.04224
-0.18115 -0.02259 -0.14686
0.06339 -0.07918 0.03113
-0.08342 -0.09165 -0.03527
0.44182 -0.04955 0.00898
-0.39567 -0.01096 0.10930
-0.17832 0.08640 0.06038
-0.29175 -0.04545 0.09878
-0.29560 -0.04542 0.12087
0.12680 0.01652 0.12466
-0.22121 -0.00351 -0.02117
-0.21096 -0.14201 -0.13511
0.01839 -0.09362 0.05224
-0.00965 -0.09362 0.05474
0.05358 -0.09362 0.04128
-0.00093 -0.09362 0.09677
0.00229 -0.09362 0.07264
0.02359 -0.09362 0.06750
0.02835 -0.09362 0.07564
0.00227 -0.09362 0.09261
0.00450 -0.09362 0.08708
-0.22011 0.03957 -0.11723
-0.03300 0.04975 -0.11707
0.29763 0.01407 -0.01388
0.41552 -0.04156 -0.10087
-0.27978 -0.04769 -0.15180
-0.09256 0.01910 -0.12024
-0.27613 0.02385 -0.11434
-0.02125 -0.05839 -0.02154
-0.20232 -0.00701 -0.06256
-0.03820 -0.09535 0.13356
0.42756 -0.04815 0.05357
0.31126 -0.10690 -0.15424
-0.02117 0.10237 -0.08115
-0.10654 0.09271 0.01593
-0.26026 0.02513 0.11884
-0.42943 -0.03685 0.07039
-0.00774 0.09250 0.06926
0.04110 -0.06159 0.02160
0.43100 -0.05104 -0.00467
0.27500 0.01540 -0.03605
0.30846 0.01124 -0.06615
0.28886 0.01296 -0.07751
0.28285 0.01345 -0.08249
-0.12968 0.00221 -0.14652
-0.10041 0.00330 -0.14580
-0.10758 -0.09514 0.13380
-0.16647 0.09408 0.04652
-0.17376 -0.02752 0.15258
-0.16279 -0.09362 0.00626
-0.10744 -0.09362 -0.00620
-0.15436 -0.09362 0.01110
-0.06784 -0.09362 -0.01111
-0.07785 -0.09362 -0.01061
-0.13249 -0.09362 -0.01878
-0.26133 -0.12793 0.14344
0.43376 -0.07046 -0.04713
-0.20656 -0.03172 0.12287
-0.23818 -0.02484 0.04152
-0.18325 -0.12733 -0.15087
0.05997 0.09070 0.03705
0.35547 0.00192 0.10403
0.42480 -0.10365 0.04852
-0.08694 -0.09910 0.12779
-0.40350 0.01706 -0.05296
-0.02294 0.00583 -0.13188
-0.17517 0.01500 0.09891
-0.25236 0.05660 0.01794
-0.01738 -0.03047 0.14476
-0.19575 -0.02510 0.07012
-0.21133 -0.02510 -0.01992
-0.20442 -0.02510 -0.08403
-0.25697 -0.02510 -0.07726
-0.24792 -0.02510 -0.08430
-0.20639 -0.02510 -0.02717
-0.19700 -0.02510 0.07543
-0.20857 -0.02510 -0.06986
-0.19598 -0.02510 -0.07441
-0.19811 -0.02510 -0.07995
-0.23249 -0.02510 -0.01818
-0.20590 -0.02510 0.05645
-0.23995 -0.02510 -0.03936
0.23571 -0.09256 -0.12093
-0.18284 0.08741 -0.08051
-0.03445 0.04740 -0.12308
-0.42588 -0.03941 0.00506
-0.13171 -0.00318 0.14819
0.30826 -0.09283 0.13057
-0.20037 0.02406 -0.12106
-0.03659 0.06225 0.10454
0.38897 0.00223 0.04726
-0.41675 -0.01110 0.10117
0.02537 -0.06058 0.11005
-0.17985 0.05822 -0.10829
-0.12496 -0.05408 -0.03343
-0.32533 -0.05828 0.14925
-0.09846 -0.05378 -0.10401
0.07886 0.08317 0.03873
-0.19640 -0.01774 -0.06343
0.08033 -0.08224 0.08718
0.42086 -0.09499 -0.07857
-0.05708 0.10315 -0.01093
0.30928 -0.03105 0.12423
0.40106 -0.03762 -0.12364
-0.20385 -0.02510 0.06522
-0.21882 -0.02510 0.06698
-0.20493 -0.02510 0.08512
-0.15881 -0.03221 -0.12847
-0.25792 -0.12610 -0.15336
-0.00136 -0.07108 0.10912
0.35132 0.00127 0.11768
-0.26716 -0.05862 0.15357
-0.01683 -0.07593 -0.14177
-0.19619 -0.03580 0.14583
0.39672 -0.05892 0.13574
0.05210 0.09129 0.07356
-0.02407 0.04057 0.12653
0.02288 -0.06982 -0.08420
-0.19777 -0.01341 0.15129
0.25435 -0.08459 -0.15326
0.03438 -0.06482 0.09628
-0.21183 -0.14213 -0.14460
-0.00604 0.09127 0.08028
0.32969 0.01044 0.02359
0.30428 -0.05372 0.11236
0.27880 0.01653 0.00370
-0.15970 -0.02633 -0.09422
-0.16616 -0.00912 -0.08992
-0.15181 -0.04732 -0.06352
-0.15914 -0.02782 -0.10144
-0.15592 -0.03639 -0.08302
-0.21726 -0.13121 -0.11239
-0.14183 -0.01823 0.00046
-0.16662 -0.01470 0.00046
-0.10881 -0.02946 0.00046
-0.13847 -0.00949 0.00046
0.08080 -0.07850 0.08316
0.42371 -0.03132 0.03517
0.07880 -0.08735 -0.04415
-0.00298 0.09408 0.02380
-0.41895 -0.00777 0.08008
0.01261 -0.04312 -0.08724
0.26940 -0.02016 0.12463
-0.16858 0.07646 0.10456
0.14934 0.02314 0.08691
0.01508 -0.09182 -0.10867
-0.41369 -0.03261 -0.07034
-0.01466 -0.08587 -0.13099
-0.36745 -0.03936 -0.06675
-0.40993 -0.01983 -0.00243
-0.02958 -0.00709 0.12871
0.43036 -0.05015 0.01144
-0.18078 -0.00042 -0.12781
-0.17413 -0.02455 0.13251
-0.09095 -0.03157 0.15353
0.10773 -0.09527 0.13115
-0.04469 0.09454 -0.03760
0.15320 -0.07376 0.12154
0.04169 0.05308 -0.11957
0.03590 0.05083 -0.12089
-0.00618 0.04754 -0.12300
-0.42202 -0.03769 -0.00404
-0.43740 -0.04250 -0.04512
0.23050 0.02027 0.00401
0.07748 0.07633 -0.09362
0.04669 -0.06186 0.07498
-0.15840 0.09359 0.05759
-0.41437 0.00075 0.09842
-0.02738 -0.00146 0.10084
-0.27625 0.02389 0.11320
0.34105 -0.10160 0.11437
-0.25901 -0.08514 0.13173
-0.22198 -0.14360 0.13512
0.05817 -0.05554 -0.10350
0.14455 0.03317 -0.10939
-0.03674 0.09256 -0.06397
-0.04422 0.08304 -0.09145
-0.24223 0.02928 0.10794
-0.15205 -0.04343 0.15499
0.40003 -0.03892 -0.13218
0.20568 -0.06503 0.11548
0.20274 -0.07710 0.13932
0.38527 -0.06331 -0.13795
0.06388 -0.10251 0.13103
-0.21346 -0.05120 0.12436
-0.23845 -0.11960 -0.14424
-0.33600 0.01624 0.10143
-0.06189 -0.04809 -0.15343
0.27693 -0.10780 -0.15169
0.05862 -0.08468 -0.03129
0.11173 -0.01046 -0.11756
0.10397 -0.06989 0.11285
0.12835 -0.06751 0.11285
-0.00046 0.10089 -0.01632
-0.00916 0.10136 -0.01111
-0.17929 0.02593 -0.04680
0.39008 -0.00712 0.11664
-0.15980 -0.03741 0.15479
0.01411 -0.06055 -0.06408
-0.17277 0.00833 -0.04152
-0.15335 -0.03440 0.00485
-0.15396 -0.03440 0.01760
-0.16857 -0.03440 0.01003
0.01141 0.08734 -0.08672
-0.15110 0.08942 0.04102
0.15866 0.02386 -0.10579
0.15849 -0.02459 -0.15033
0.03102 0.09117 0.05238
-0.02920 -0.06951 -0.06439
-0.02920 -0.01661 -0.08255
-0.02920 -0.06261 -0.01675
-0.02920 -0.07852 -0.01659
-0.02920 -0.08395 -0.03819
-0.02920 -0.07726 -0.03603
-0.02920 -0.09260 0.02423
-0.02920 -0.08005 -0.07012
-0.02920 -0.04922 -0.02750
-0.02920 -0.08950 -0.04082
-0.02920 -0.07831 -0.07860
-0.02920 -0.08714 -0.10278
-0.02920 -0.05701 -0.05601
-0.02920 -0.06188 -0.10247
-0.02920 -0.04720 -0.07401
-0.02920 -0.09147 0.09071
-0.02920 -0.05887 0.01232
-0.02920 -0.08544 0.01309
-0.02920 -0.02325 -0.08749
-0.02920 -0.03339 -0.10013
-0.02920 -0.04755 -0.09576
-0.41729 -0.03281 -0.06188
-0.17471 -0.06276 -0.15312
0.34240 -0.04708 -0.14571
0.38386 -0.03671 -0.12707
-0.10127 -0.03360 -0.00718
0.11390 0.05924 -0.07286
-0.23031 0.03207 -0.05802
-0.27107 0.02896 -0.04267
0.01096 0.08746 0.09511
-0.28189 -0.02232 -0.12444
-0.30052 -0.01586 -0.12144
-0.29312 -0.02848 -0.12317
0.18179 0.02298 0.03467
-0.07810 -0.06792 -0.07377
-0.16113 0.06985 -0.10004
-0.17629 0.07169 0.10165
0.42787 -0.04928 0.07290
-0.00801 -0.05297 -0.05128
-0.24395 -0.03380 0.13979
0.40163 -0.02139 0.10143
-0.13819 0.02152 0.13162
-0.18190 0.05921 0.10805
-0.27843 -0.03577 -0.15396
-0.04279 0.09339 0.06653
-0.11079 0.07574 -0.10507
-0.42228 -0.01645 0.00614
-0.23183 -0.08852 -0.15253
-0.02443 0.05222 0.05121
-0.15402 -0.03442 0.15432
-0.05980 -0.04016 0.15354
-0.41396 -0.03393 0.08378
-0.20479 0.08099 0.06152
-0.20243 0.06289 0.05944
-0.32996 0.02067 -0.11227
-0.13717 0.09501 -0.05568
-0.11605 0.09614 -0.05991
0.01396 -0.05336 -0.09484
-0.22388 -0.04847 0.15168
0.08265 -0.04688 -0.11285
-0.10398 -0.10074 -0.14358
-0.27222 0.03089 0.04538
-0.34713 0.01634 -0.12707
-0.19107 0.09192 -0.01108
-0.15655 -0.02948 0.11652
0.15924 -0.04879 -0.02182
-0.34339 0.01937 0.06365
-0.33174 0.01955 0.06888
-0.09755 -0.09547 -0.13612
-0.27099 -0.11617 0.11358
-0.24801 -0.03515 -0.12575
-0.25572 -0.11013 0.15377
-0.33052 0.02366 0.07378
-0.29404 0.02683 0.06329
0.16033 0.02788 0.05444
-0.14382 -0.10349 0.13971
0.16852 -0.02253 -0.13097
-0.20928 0.08265 0.03072
-0.20646 0.05255 0.08492
-0.21526 0.07596 -0.07810
-0.21515 0.08420 0.04494
-0.40067 -0.09092 0.13389
-0.30491 0.02063 0.07537
-0.32134 0.01915 0.08063
-0.26899 -0.02247 0.10987
0.01544 -0.06432 -0.01989
-0.39981 -0.01560 -0.10166
0.41756 -0.03818 0.07261
0.20217 -0.04676 -0.15076
-0.00276 -0.07151 0.06279
-0.01690 0.10000 -0.04323
0.05683 0.07419 0.00834
0.15433 0.01488 -0.12940
-0.07999 -0.06161 0.06105
0.17373 -0.08402 -0.06905
0.17386 -0.08300 -0.04347
0.11423 -0.04122 -0.02258
0.16344 -0.03929 -0.02436
-0.02803 0.02620 -0.10271
0.23499 -0.05817 -0.15450
0.16209 -0.02955 0.12847
-0.40607 -0.02517 0.13383
-0.20082 0.03136 0.08103
0.06370 -0.00855 0.11879
0.00139 -0.08110 -0.11091
-0.13637 -0.05908 0.12617
0.34427 0.00637 0.08323
0.32598 -0.10504 0.14165
-0.26655 0.04073 0.00270
0.31188 -0.04611 -0.14041
-0.07845 -0.06576 -0.02077
0.28047 -0.11939 0.14932
0.22035 -0.10368 -0.15265
0.07005 -0.08582 0.14594
0.05441 -0.08757 0.14574
-0.02088 0.03378 -0.11653
-0.13892 0.09611 -0.03469
-0.20082 0.04098 0.09215
-0.20082 0.04905 0.06679
-0.03284 -0.02675 0.01182
-0.03284 -0.01152 0.02395
-0.03284 -0.00768 0.08488
-0.03284 -0.00535 0.00800
0.18334 0.02289 -0.05092
0.20129 0.02049 -0.08653
-0.24467 -0.06545 -0.15019
0.22837 0.01607 0.12720
-0.03229 0.00546 0.12686
-0.31604 -0.04663 0.15083
-0.10849 -0.06486 -0.12504
-0.19518 0.07500 -0.09485
-0.14700 0.08971 -0.03716
-0.18751 0.08926 -0.06578
-0.30102 -0.01697 -0.14747
-0.00225 -0.04527 -0.10934
0.28930 -0.03898 -0.11206
0.16494 0.02676 -0.01832
-0.13201 -0.09042 -0.14785
-0.14217 -0.09148 -0.14779
-0.20927 0.05615 0.10779
0.28795 0.01444 -0.02548
0.05980 -0.05033 -0.11850
0.15363 -0.04512 -0.11836
-0.14485 -0.05480 0.05619
-0.03979 0.07421 -0.10034
0.15466 -0.09362 -0.03154
0.00364 -0.04042 -0.03251
-0.19603 -0.01537 0.09267
0.28575 -0.05271 -0.12802
-0.20037 0.01037 0.03086
-0.32705 -0.09177 -0.14415
0.08090 -0.07766 0.07841
-0.42949 -0.04203 -0.12908
-0.20303 -0.11702 -0.11341
0.40945 -0.00142 0.01196
-0.44090 -0.08091 -0.05947
-0.05771 0.10799 -0.02060
0.42733 -0.03907 -0.00697
0.28264 -0.09883 0.15129
-0.19316 0.03164 0.12254
-0.02868 0.10192 0.01144
-0.03925 0.07682 0.07912
-0.26075 0.02974 0.11531
-0.04836 0.09790 -0.07089
-0.18559 -0.04537 0.15204
0.11440 0.01534 0.01091
-0.38071 0.02227 0.00053
-0.20118 0.03407 0.01315
-0.18920 0.03384 0.02474
-0.41810 -0.00380 -0.04050
-0.24744 -0.02433 -0.11915
-0.23941 -0.03198 -0.11935
-0.24531 -0.06578 0.15015
0.04991 0.04079 -0.12606
0.00688 0.03069 -0.13109
0.06081 0.04304 -0.12493
0.22314 0.01679 -0.12569
-0.20082 0.03905 0.00105
-0.39528 0.01587 -0.02673
-0.39134 0.01664 -0.00965
-0.32672 -0.02526 0.11632
-0.32507 -0.01271 0.11668
-0.32794 0.00743 0.11606
0.04422 -0.05563 -0.10949
0.21370 0.02025 0.05186
0.20852 0.02082 0.04702
0.21350 0.02056 0.03847
-0.04570 0.09482 0.02491
0.29927 -0.06224 -0.11921
-0.04176 0.03478 -0.10935
0.07290 -0.02221 0.11385
-0.00803 -0.00993 0.14893
0.41578 -0.00780 0.00985
-0.03583 0.05050 -0.06540
0.15569 0.03381 -0.00792
-0.41086 -0.03899 0.09678
-0.20455 0.07951 -0.07950
-0.17073 -0.09312 0.11198
-0.03364 0.06820 0.10994
0.10484 -0.05096 -0.00148
0.24029 -0.02796 0.14990
0.06317 0.08863 0.06220
0.15952 -0.06172 0.12772
0.31937 -0.02219 -0.14627
0.04239 0.09524 -0.05238
-0.33922 -0.04423 -0.06978
-0.41513 -0.02720 -0.00492
-0.33008 0.02131 0.09970
-0.31445 0.02272 0.09724
0.24892 -0.13864 -0.12937
-0.01494 -0.08635 -0.11879
-0.32427 -0.03109 -0.07221
0.14972 0.01105 0.14041
0.38439 -0.01725 0.08232
-0.38895 -0.01364 -0.13520
-0.36559 0.01870 0.10391
-0.07720 -0.07488 -0.09489
-0.38457 -0.04548 -0.08941
-0.17833 0.02346 -0.07443
0.36288 -0.01869 -0.13774
-0.02820 0.05781 0.08358
0.10573 -0.01433 -0.04547
0.43193 -0.03675 -0.04337
-0.03063 -0.05055 -0.12555
-0.17432 0.08842 -0.08176
0.34708 -0.05956 0.14463
-0.02475 0.09320 0.06467
0.11164 0.00717 0.09672
0.02906 0.09165 0.08812
-0.28302 0.02327 0.11541
-0.17597 -0.11904 -0.13748
0.01567 0.09951 -0.02456
0.24276 0.00656 -0.13849
-0.42052 -0.02713 0.02383
-0.08799 0.09033 -0.08645
0.41867 -0.01744 -0.05364
-0.06340 -0.06119 -0.15155
0.10618 -0.00262 0.11879
0.10918 0.06302 0.07040
-0.03910 0.09632 -0.08065
0.23916 -0.11466 -0.11252
-0.00894 -0.06095 0.15085
0.00462 -0.06107 0.15067
0.09138 -0.05935 0.14994
-0.07766 -0.07086 0.04473
-0.03037 -0.09362 0.05150
-0.21521 0.04309 0.12419
-0.16189 -0.04471 0.15500
0.05730 0.08843 -0.01727
-0.02544 0.01770 0.11879
-0.25612 0.02877 0.07643
-0.25598 0.02841 0.08213
0.16869 -0.01746 -0.12606
0.42985 -0.08264 -0.03181
0.40222 -0.00800 0.09408
0.05766 0.08077 -0.00543
-0.23716 -0.05289 -0.12205
-0.41915 -0.03596 -0.05004
-0.19707 0.03404 -0.04681
-0.19797 0.03405 -0.04132
0.07475 -0.05545 0.09585
-0.25254 -0.13479 -0.12941
0.17737 -0.04917 -0.02854
0.00525 0.07744 -0.10364
0.16715 -0.04579 0.12993
-0.03063 -0.04257 -0.15395
-0.00184 -0.07504 -0.10777
-0.42316 -0.02376 0.05068
0.30359 -0.10491 0.13837
-0.42230 -0.00048 -0.00634
0.02073 0.09924 0.02100
0.20419 0.01696 -0.13206
-0.03709 0.05419 -0.07896
-0.13166 0.07389 0.10641
-0.05806 -0.10007 -0.12699
0.43624 -0.06231 0.00456
-0.44196 -0.08275 0.03582
-0.39506 -0.03289 -0.10297
-0.24884 -0.13705 0.12231
-0.01645 -0.03056 -0.12982
-0.02358 0.09379 0.08441
0.30429 -0.10937 0.15364
0.38786 -0.00504 0.10994
-0.21731 0.07810 0.05459
-0.13068 -0.10430 0.13634
-0.00079 -0.08334 0.03872
0.19239 -0.06919 0.14834
0.03758 0.09726 -0.03434
-0.44393 -0.04370 -0.02372
0.27933 -0.12210 -0.13172
-0.01385 -0.01545 -0.10778
-0.04647 0.10191 0.08123
-0.44640 -0.05506 0.00703
0.41208 -0.01979 -0.08865
-0.37024 0.01414 -0.09330
-0.16401 -0.00973 0.11226
-0.15119 -0.04116 0.10963
0.05407 0.08621 -0.07461
-0.21130 0.07929 0.06435
-0.07808 -0.08004 -0.00754
-0.16345 -0.03433 -0.13743
0.03944 0.07095 -0.10827
-0.36904 -0.02322 -0.08476
0.09925 -0.09070 -0.11361
0.43193 -0.05449 0.04799
0.43193 -0.01146 0.05564
-0.22820 -0.05046 -0.12551
-0.35898 -0.01605 -0.08294
0.06751 0.03971 0.12648
0.02753 0.04531 0.12403
-0.01174 0.03580 0.12876
-0.00036 0.03271 0.13017
-0.02784 0.06326 -0.10189
0.12237 0.00300 -0.12039
-0.27362 0.00275 0.14398
0.29595 -0.10683 0.14991
-0.18976 -0.01212 -0.08776
-0.19515 0.00626 -0.07399
-0.19136 -0.00669 -0.08078
-0.02090 -0.05641 -0.11879
0.16944 -0.09362 -0.03367
0.16546 -0.09362 -0.06409
0.40999 -0.09434 0.10805
0.15351 -0.08836 -0.12697
-0.38630 0.01795 -0.08538
-0.27696 -0.07205 -0.15174
-0.38990 0.01650 0.02272
0.22708 -0.07292 0.11228
-0.09535 0.02101 -0.13102
-0.41371 0.00577 -0.09031
0.17174 -0.03951 0.15073
-0.21480 -0.13753 -0.15402
-0.18698 -0.07777 -0.11444
-0.04176 0.09158 0.08123
-0.03925 0.06961 0.04189
-0.20656 0.08063 -0.06888
0.35624 -0.01629 -0.13825
-0.20491 -0.14032 -0.12693
-0.04482 0.07091 0.10728
-0.01698 -0.02642 0.09200
-0.32089 0.02603 -0.04358
-0.34534 0.02463 -0.04541
-0.28134 0.02847 -0.03649
0.07554 -0.07698 0.11403
0.01368 0.08291 -0.09925
-0.01700 -0.04290 0.11879
0.22267 0.02002 -0.02620
0.10339 -0.00039 -0.11879
-0.00291 -0.06979 -0.10076
0.35483 -0.01367 0.13802
0.32258 -0.06051 -0.11970
-0.14667 -0.06574 0.14036
-0.02332 0.03563 -0.07779
0.16115 -0.08575 -0.12983
-0.23348 0.03160 0.06354
-0.25022 0.03017 0.06199
0.29126 -0.05562 -0.12541
-0.22838 -0.11398 -0.15051
0.01651 -0.02013 0.11879
0.02601 -0.01582 0.11879
-0.19184 -0.06475 0.15352
-0.10347 -0.03324 0.01134
0.01563 0.06091 0.11472
-0.00463 0.05945 0.11554
0.03653 0.06084 0.11487
-0.03481 0.00111 0.12202
-0.26775 -0.05612 0.11183
-0.03925 0.03743 -0.02114
-0.36251 -0.06411 0.14452
0.11990 -0.09362 -0.07902
0.14058 -0.09362 -0.09809
0.13161 -0.09362 -0.07082
0.10391 -0.09362 -0.10720
0.14786 -0.09362 -0.07106
-0.19773 0.09090 -0.00716
-0.32201 0.01042 0.13474
0.39103 -0.08623 -0.13156
0.33048 -0.05274 0.09380
-0.03513 -0.02037 0.15147
-0.20616 -0.14078 0.12475
0.27212 -0.12311 0.12040
0.10793 0.06611 -0.05267
0.08879 0.01759 0.13723
-0.20082 0.07707 0.00042
0.28938 -0.02250 -0.09374
0.07771 -0.07344 0.10537
-0.31540 0.02694 -0.02889
-0.30897 0.02758 -0.01722
-0.27544 0.02929 -0.01890
-0.15753 -0.02870 0.12704
-0.17161 0.08817 -0.05075
-0.11941 0.09718 0.04136
-0.08486 0.09995 0.03420
0.02604 -0.08779 -0.10995
-0.23602 -0.08486 -0.15163
0.16012 -0.09462 0.12977
0.21422 -0.03564 0.15048
0.04412 0.08208 0.09081
0.06812 -0.05531 0.02977
0.39130 -0.06562 0.13615
-0.19569 0.08576 -0.00970
-0.07484 0.09393 0.03741
-0.09438 -0.08239 0.12209
-0.17394 -0.05885 -0.11174
-0.06009 0.10428 -0.07430
0.36391 0.00355 0.08487
-0.24389 0.02987 -0.07672
-0.26343 0.02742 -0.08670
0.29267 -0.00787 -0.14299
-0.21025 0.01704 0.13836
0.05099 0.08984 0.01219
0.07825 0.01826 -0.13013
-0.32121 -0.04549 -0.08689
-0.03925 0.04078 0.07891
-0.20082 0.08166 -0.06477
-0.42129 -0.03526 -0.11352
0.04403 -0.03425 0.01986
-0.17493 -0.10316 -0.11207
-0.06580 -0.08082 0.02021
-0.19554 0.02496 -0.12856
-0.04655 0.04199 0.12587
-0.07711 0.03636 0.12856
-0.09081 0.03049 0.13135
-0.05752 0.03612 0.12866
0.22934 0.00004 -0.14244
-0.22924 -0.14108 -0.15206
0.29597 -0.04853 0.15433
-0.10892 0.09346 0.08259
-0.40302 -0.01520 0.12203
0.41455 -0.03643 0.09224
-0.11590 -0.09492 -0.13044
-0.01385 0.02056 -0.13126
0.09734 0.07397 -0.01783
0.44202 -0.08505 -0.04306
-0.15270 -0.05341 0.14684
0.04673 -0.09362 -0.04687
0.02324 -0.09362 -0.04098
-0.00359 -0.09362 -0.04958
0.05842 -0.09362 -0.05138
0.04191 -0.09362 -0.06329
0.06384 -0.09362 -0.05158
0.03919 -0.09362 -0.05787
-0.00690 -0.09362 -0.03328
-0.02164 0.03217 -0.12423
-0.02375 -0.06067 -0.00201
-0.17916 -0.01507 0.15303
-0.14390 0.09658 0.01535
0.12668 0.03373 -0.12968
-0.16685 -0.07357 0.15128
-0.00001 -0.06784 -0.03510
0.25450 -0.05340 0.15035
-0.25131 -0.06460 -0.15035
0.13078 0.02357 0.08397
-0.00421 -0.08328 -0.11331
0.04012 -0.01168 0.15058
-0.34504 -0.02704 -0.09083
-0.20907 -0.02458 -0.00034
0.40294 -0.00359 0.07308
0.36276 -0.01445 0.13635
-0.41240 -0.03578 0.13474
-0.16824 0.06014 -0.11549
-0.03459 -0.00307 -0.12675
0.05413 -0.05913 -0.08294
0.11571 -0.00762 0.11910
-0.19289 0.08947 -0.05672
-0.41770 0.01000 0.01633
0.26019 -0.08276 -0.14865
-0.20331 -0.05450 -0.15057
-0.24637 -0.05892 0.13128
0.09449 -0.02114 0.11474
-0.13390 -0.08733 -0.12683
-0.22008 0.08329 0.02587
-0.42413 -0.03814 0.02457
-0.41965 -0.01996 -0.09873
-0.39559 -0.02723 -0.13684
0.10360 0.02013 -0.13596
0.05533 0.01937 -0.13644
0.08711 0.03332 -0.12953
-0.40059 -0.01509 -0.11381
-0.00363 -0.05538 0.03599
0.01348 0.08821 -0.09430
-0.40039 -0.00874 -0.10177
0.08170 -0.09362 -0.04262
0.06469 -0.09362 -0.06803
0.07684 -0.09362 -0.06031
0.06984 -0.09362 -0.08743
0.03370 -0.09362 -0.08935
0.06138 -0.09362 -0.11453
0.03856 -0.09362 -0.07764
-0.00046 -0.09362 -0.11016
0.07958 -0.08408 0.04561
-0.41722 0.00557 0.07217
0.20215 -0.04707 0.15074
0.15515 -0.09362 -0.09522
-0.17705 0.09410 0.02805
-0.13631 0.09670 0.02499
-0.11911 0.09828 0.01508
-0.37320 0.02445 0.00824
-0.36674 0.02445 0.02116
-0.36816 0.02463 0.01131
-0.37001 0.02549 -0.02554
0.16049 -0.08893 0.12982
-0.10614 0.09950 0.00886
0.10367 0.05684 0.11446
-0.02459 0.07072 0.10710
-0.40093 -0.02167 0.02956
-0.40547 -0.01905 0.04343
-0.08820 -0.05577 0.00498
-0.02857 0.03166 -0.05085
-0.09814 -0.05531 -0.12010
0.39575 -0.03395 0.08864
-0.01231 -0.02713 0.10649
-0.03210 -0.01003 -0.14917
-0.03925 0.04793 0.08347
0.06679 -0.05230 -0.15144
0.02552 -0.05185 -0.15191
0.13128 -0.05743 -0.14991
-0.02204 0.10536 -0.00288
-0.24113 -0.11791 -0.13882
-0.36560 -0.00730 0.13686
0.31801 -0.12009 -0.12353
0.13845 -0.01896 0.07152
-0.20834 0.08417 0.07030
0.21833 0.02060 0.01511
-0.03464 0.02123 0.09254
-0.01689 -0.01035 0.14911
-0.32329 0.02330 -0.08347
-0.29832 0.02468 -0.08931
-0.30841 0.02443 -0.08214
-0.24768 0.04981 -0.10128
-0.14237 0.08479 -0.09677
-0.09382 -0.05439 -0.03949
0.24707 0.01887 -0.00718
0.25462 -0.00260 -0.14282
-0.03162 -0.10438 -0.13448
0.10401 -0.04380 0.00477
-0.00096 -0.00718 -0.08807
0.11886 0.01626 0.06832
0.15459 0.02881 -0.08968
-0.27955 -0.08621 0.11198
0.01443 -0.03753 -0.11039
0.40714 -0.02977 -0.11410
-0.19781 0.00830 -0.13680
0.13263 0.04711 -0.06355
-0.12446 0.09780 -0.01785
-0.12752 0.09724 -0.02742
-0.03036 -0.00016 -0.14636
0.01999 -0.07013 0.06131
-0.09323 0.09188 -0.06725
-0.09722 0.09141 -0.07241
-0.04133 0.04283 -0.12169
0.11534 0.04235 -0.16035
0.31419 0.00216 0.13286
-0.03674 0.09094 0.07435
0.06438 0.00127 -0.14532
-0.03284 -0.02363 -0.03069
-0.03284 -0.00212 -0.07479
-0.03284 -0.02515 -0.02497
-0.03284 -0.00123 -0.03889
-0.01121 -0.00482 -0.03455
0.02204 0.09263 -0.02405
0.29820 -0.03582 -0.13066
-0.25752 -0.09698 0.14574
-0.13137 -0.05448 -0.06317
-0.13152 -0.05466 -0.09388
-0.01099 -0.03384 0.03741
0.16063 0.02332 0.01927
0.30813 -0.07844 0.14336
0.10521 -0.01191 0.01785
-0.39560 0.02043 0.01515
0.12170 0.02437 0.14622
0.03698 -0.05035 -0.02180
0.09744 0.07148 -0.05645
0.15607 0.02181 0.11448
-0.26804 -0.10821 0.11210
-0.01923 -0.05927 0.13520
-0.01846 0.11161 -0.05884
0.16980 0.02162 0.02271
-0.03031 -0.05241 0.12353
0.05099 0.08741 0.09184
0.22026 -0.01912 -0.14973
-0.18561 0.01882 -0.13692
0.15718 -0.07755 -0.12777
-0.05343 0.01593 -0.13868
0.15561 0.02965 -0.07218
0.14914 0.03287 -0.08763
-0.08940 -0.08450 -0.14845
-0.03428 -0.09286 -0.14570
-0.23890 0.03528 0.11700
0.20433 0.02197 -0.00788
0.30141 0.01047 0.09295
0.29020 -0.13685 -0.11188
-0.01785 -0.01457 -0.13600
-0.01570 -0.05172 0.15093
0.02985 -0.08473 0.11056
-0.36155 0.01907 0.09557
-0.15741 -0.02527 -0.10814
-0.16362 -0.01217 -0.11844
0.40172 -0.03786 0.12823
-0.21304 -0.04851 -0.11276
-0.21600 -0.09471 0.09658
-0.18375 -0.08987 0.09636
-0.00146 -0.07803 -0.08314
0.17016 -0.03508 0.14154
0.10137 0.00701 0.14297
-0.02944 0.02575 0.07859
-0.23246 -0.12153 -0.13915
-0.22351 -0.03039 -0.15166
0.07116 -0.09171 -0.03531
0.15474 0.03446 0.01114
-0.21266 -0.12325 -0.15327
-0.31527 -0.07683 0.14769
-0.44584 -0.06635 -0.02196
0.18692 0.00732 -0.14106
-0.14601 -0.06249 0.13028
-0.14455 -0.07442 -0.13815
-0.23261 0.01849 0.00828
-0.22381 0.01849 0.05952
0.14946 0.02364 0.07043
0.42826 -0.04852 -0.05332
-0.32235 0.01774 -0.09666
-0.05023 -0.09201 0.14614
0.21922 -0.10758 0.13782
-0.41908 -0.00422 0.00477
0.43632 -0.04516 0.01390
0.07478 -0.00165 0.14608
-0.40049 -0.02780 -0.03174
-0.12928 -0.03180 0.15368
-0.40450 -0.03656 -0.11592
-0.39583 -0.03130 -0.10958
0.16107 0.02958 0.02434
-0.03773 0.08237 -0.09561
-0.34155 -0.03697 0.14662
-0.16242 0.02453 0.13416
-0.20479 0.06707 -0.06100
-0.20479 0.04197 -0.09457
-0.09159 0.10056 -0.00958
-0.09798 0.10012 -0.00879
-0.44225 -0.07662 0.05488
0.17346 -0.08569 -0.03896
-0.01801 -0.01201 -0.14953
0.27434 -0.12269 -0.15313
-0.32460 0.02236 -0.00420
-0.33576 0.02152 -0.02069
-0.13793 -0.07323 0.12737
-0.12462 0.09133 -0.02523
-0.09813 0.09314 -0.02052
-0.14497 -0.03440 -0.01092
-0.13963 -0.03440 -0.01451
-0.13673 -0.03440 -0.01007
0.24781 -0.12268 -0.11249
-0.01528 -0.03129 -0.09268
-0.10464 0.09228 -0.03898
-0.20082 0.04491 -0.01689
0.09063 0.07758 0.02293
-0.33872 0.01085 -0.13190
0.05330 0.00973 -0.11743
-0.01129 -0.03366 -0.10538
0.06042 -0.05748 -0.04923
0.19734 -0.03538 -0.15040
-0.04640 0.10199 -0.08331
-0.44401 -0.05462 -0.05337
-0.41862 0.00784 -0.01905
0.06552 0.08157 -0.04328
0.27491 -0.01166 -0.14697
0.00754 0.09891 0.04425
0.01740 -0.06850 -0.11178
-0.20442 -0.03278 -0.11629
-0.42210 -0.01889 0.02107
-0.16647 -0.05004 -0.15307
0.26717 -0.12244 0.12360
0.34140 -0.09529 -0.10052
0.16908 0.02132 -0.05340
0.31253 -0.10355 0.15427
0.02931 0.09869 -0.01851
0.37931 -0.01680 0.13399
0.03668 -0.09565 0.12431
0.41415 -0.07708 -0.12341
-0.22178 -0.02015 0.12611
-0.21248 -0.02153 0.14975
-0.21525 0.07965 -0.04248
-0.03122 0.09496 -0.01648
0.20476 -0.03915 -0.15074
-0.01842 -0.02228 0.06238
0.00532 -0.06139 -0.03239
0.17042 -0.05639 -0.14441
-0.01090 -0.09701 0.12700
0.12687 0.03422 0.11920
-0.17409 -0.03429 0.00267
0.10775 -0.01566 -0.03579
0.40636 -0.07104 -0.13085
-0.03925 0.05018 0.02861
-0.02237 -0.09362 -0.05836
-0.14330 -0.09262 0.13673
-0.06245 0.09358 0.05557
0.25993 -0.12082 -0.14246
0.09326 -0.04944 -0.15166
-0.07866 0.09068 -0.09160
0.21789 0.01929 -0.07823
0.21127 0.02008 -0.06901
-0.20082 0.03975 0.03957
0.23719 0.01755 -0.08193
0.22735 0.01947 -0.03307
0.22884 0.01925 -0.03740
0.04858 0.09653 -0.01167
0.21494 -0.08967 -0.14661
0.20172 -0.09667 -0.11543
0.16015 -0.06545 0.14819
0.07642 -0.05723 0.15046
0.05476 -0.05503 0.15106
-0.26926 0.03388 0.05016
-0.02042 -0.03992 -0.12935
0.40257 -0.00999 0.10196
0.15172 -0.01078 -0.12028
-0.15193 -0.04350 0.12406
-0.20082 0.08242 -0.01508
0.01151 0.09341 0.08527
0.10687 -0.01506 0.04882
-0.27137 -0.11598 -0.11918
0.06209 0.09296 -0.01699
-0.04927 -0.09392 -0.04539
-0.07540 -0.09436 -0.05082
-0.06895 -0.09425 -0.03034
-0.07411 -0.09434 -0.03105
0.14701 -0.04047 -0.11434
-0.23192 -0.02193 -0.05438
0.15015 -0.09362 -0.09508
0.23940 -0.03991 -0.14792
0.11736 -0.00481 -0.11879
0.08163 -0.07190 -0.09290
-0.03680 -0.10381 -0.13993
-0.12638 -0.02570 0.15312
-0.14067 -0.05468 0.05066
-0.17330 -0.11460 -0.12262
-0.08070 0.00100 0.14649
-0.04176 0.03491 -0.01314
-0.18624 0.03357 -0.07922
-0.21796 0.01849 0.00896
-0.22146 -0.04993 -0.13012
-0.39381 0.00739 0.12650
0.15682 -0.01378 -0.12725
-0.07275 0.09465 -0.00939
0.30677 -0.06837 -0.11276
0.08716 0.01101 0.06815
0.11581 -0.08911 -0.14463
0.08787 -0.09260 -0.14416
-0.37094 0.02178 -0.05130
0.40358 -0.08942 -0.12707
-0.39763 -0.02723 0.11729
-0.20124 0.02689 0.00048
-0.03705 0.03569 0.11506
-0.44560 -0.07014 0.02127
-0.22399 -0.09917 -0.14865
0.04693 -0.10403 0.13867
0.23224 -0.12724 -0.13767
0.06938 0.03189 0.13028
0.04795 0.02061 0.13584
0.07616 0.02895 0.13170
-0.11757 -0.09707 -0.13698
-0.23253 0.05336 -0.10709
-0.18313 -0.04641 -0.15135
0.40913 -0.04093 -0.11754
-0.03674 0.04483 -0.10301
-0.03674 0.07502 -0.08232
-0.11522 0.06088 0.11442
-0.11100 0.07134 0.10805
0.00025 -0.07341 -0.03648
-0.17651 -0.05243 0.13727
-0.17531 -0.00093 -0.14875
0.11371 0.01331 0.03569
-0.00413 0.09429 0.01536
0.07836 -0.02164 -0.11573
0.17533 -0.01967 0.03306
0.38877 -0.04981 -0.13869
0.37738 -0.02541 0.13540
0.14213 -0.09507 0.11876
-0.12355 0.08019 0.09287
0.30787 -0.12785 0.15238
-0.20479 0.02958 0.01531
-0.20479 0.02788 -0.07625
0.39563 -0.03136 -0.08923
0.29355 -0.00542 0.14154
0.21583 0.01766 -0.11167
0.22690 -0.06494 -0.11213
-0.00007 -0.07226 0.09327
-0.14411 -0.09199 0.14269
0.41403 -0.08660 -0.10406
-0.27950 -0.09121 -0.12684
-0.40247 0.01881 -0.01423
-0.29529 0.01859 -0.10780
-0.29930 0.01819 -0.13131
-0.20479 0.05911 -0.00165
0.00577 -0.01575 0.11062
0.31232 -0.03306 0.13499
-0.41576 0.00506 -0.07918
0.24946 0.01495 0.10268
-0.25299 -0.13431 0.12510
-0.05883 0.11239 -0.06420
-0.18491 -0.04370 0.14274
-0.05871 -0.08210 0.14836
-0.04450 -0.08048 0.14835
0.11008 -0.09757 0.12753
0.10124 -0.10030 0.12978
0.40168 -0.03730 0.11405
0.42942 -0.08322 0.03554
0.02789 -0.03491 0.11285
0.13830 -0.02150 0.15002
0.11309 -0.01924 0.06787
-0.39315 0.02101 -0.00042
0.36958 -0.07161 0.13941
0.11326 0.03899 -0.16853
-0.21413 0.08683 0.00006
-0.00134 -0.07712 0.07021
-0.07929 -0.08160 0.08411
0.05326 0.08029 0.10120
-0.16092 0.09384 -0.05415
-0.21124 0.07035 0.09651
0.22909 -0.12007 -0.15281
0.30494 0.01321 0.01859
0.39552 -0.01625 -0.09471
-0.16181 0.08696 0.07574
0.11641 0.05329 -0.09941
0.11194 -0.02387 -0.02794
0.17121 -0.03951 0.13185
-0.24438 0.01323 0.14018
0.41792 -0.01996 0.07007
0.17654 -0.06077 -0.09423
0.17632 -0.06342 -0.06310
0.27738 -0.04129 -0.15442
-0.16603 -0.01812 -0.12118
-0.03674 0.03666 -0.00197
-0.24697 0.05936 0.05928
-0.44274 -0.08632 0.00643
0.14520 0.00920 -0.12313
-0.44164 -0.07195 -0.07250
-0.02462 0.09966 0.05180
0.33165 0.01017 -0.02482
-0.02976 -0.09299 -0.12709
-0.02981 -0.00105 -0.03307
-0.41174 -0.04292 -0.07276
-0.05029 -0.02063 0.15170
0.16714 0.00836 0.14148
-0.03925 0.05643 0.04418
-0.05343 0.10185 -0.06645
0.24143 0.01941 0.00585
0.17813 0.02610 0.09097
0.30797 0.01180 0.04763
0.29280 0.01343 0.04306
0.32112 0.01055 0.04582
-0.16458 -0.01212 -0.00914
-0.16189 -0.01921 -0.00117
0.26921 -0.02956 -0.13481
0.00631 -0.02364 0.03161
0.16460 -0.09362 -0.09350
0.16666 -0.09362 -0.02887
0.00762 -0.02780 0.05086
-0.01997 0.11356 0.01237
0.00642 0.10046 0.01834
0.31739 -0.07908 0.15443
0.33925 -0.02420 -0.14385
-0.02165 -0.01304 -0.05945
0.27883 -0.11370 -0.15053
-0.17655 -0.02386 -0.13757
0.17630 -0.01755 0.14969
-0.37995 -0.06102 -0.14232
-0.21251 -0.01051 -0.00034
-0.41908 -0.02821 0.04896
0.22381 0.01959 0.04102
0.23125 0.01837 0.06773
0.22757 0.01839 0.08088
-0.16603 -0.09139 -0.13410
-0.00696 0.09389 0.03603
-0.41385 0.01085 0.07018
-0.16744 -0.02135 -0.12932
-0.26607 0.04001 0.03370
0.16598 -0.10497 -0.13601
-0.11709 -0.05411 -0.08161
-0.12240 -0.05419 -0.06540
-0.23315 -0.02123 -0.14220
0.16565 0.02240 -0.01639
0.06741 -0.08969 -0.11011
-0.04841 0.09968 -0.05386
-0.34093 0.02501 0.04238
-0.31095 0.02697 0.03456
-0.33421 0.02535 0.04267
-0.03345 0.00123 0.01538
-0.03388 0.00283 0.07003
-0.03340 0.00104 0.05047
-0.03479 0.00622 0.08127
-0.26221 -0.04540 -0.11232
-0.17417 0.09186 -0.06253
-0.20160 -0.05676 -0.13320
-0.16546 0.02132 0.12854
0.17660 -0.02610 -0.09781
0.17647 -0.02305 -0.04116
0.22942 -0.04836 -0.14853
-0.02296 0.10823 -0.06238
0.01388 0.01858 -0.12263
0.37972 0.00324 -0.06418
-0.22569 -0.01973 -0.01124
-0.22713 -0.01973 -0.06392
-0.21734 -0.01973 -0.03255
-0.00379 0.08347 0.09880
-0.37600 -0.09383 0.13635
0.05539 0.08680 -0.06392
0.42510 -0.03796 0.04819
-0.05869 -0.04375 -0.15360
-0.19641 0.00414 0.13517
0.14807 -0.01720 0.07388
-0.21687 -0.11494 -0.15036
0.15724 -0.03953 0.15090
0.18941 -0.08374 -0.14612
-0.27128 -0.05677 -0.12874
-0.32965 0.01878 -0.12537
0.37272 -0.02633 0.13659
0.03967 -0.06408 -0.14979
0.00976 -0.05699 -0.15126
-0.00093 -0.05797 -0.15122
0.02310 0.09178 -0.05115
-0.03420 0.03783 0.12168
-0.38613 -0.04547 0.09646
-0.29344 -0.09804 -0.13319
0.05225 -0.03422 0.11285
0.36113 0.00764 -0.01877
0.14986 -0.09362 -0.05828
0.41488 -0.03793 -0.07150
-0.43445 -0.08916 0.08907
0.29491 -0.12402 -0.15423
0.00294 -0.09372 0.12025
-0.13716 -0.05448 -0.01919
-0.13523 -0.04205 -0.01996
-0.07529 -0.03587 -0.01996
-0.06535 -0.04445 -0.01996
-0.05579 -0.07100 -0.01996
-0.12345 -0.03801 -0.01996
-0.10557 -0.05394 -0.01996
-0.15708 -0.03839 -0.01996
-0.09049 -0.05539 -0.01996
-0.27518 -0.06393 -0.12054
-0.30141 0.02612 -0.06608
0.00250 -0.05085 -0.11022
-0.27044 0.03506 -0.02725
-0.18649 -0.13060 0.11880
-0.23580 -0.12187 -0.11284
0.08026 -0.01987 0.06984
0.16563 -0.00467 0.13523
-0.26776 -0.05082 -0.11678
-0.01276 -0.09500 -0.12723
-0.03674 0.03251 -0.01063
-0.27532 -0.06520 0.13429
-0.13839 -0.09616 -0.12818
-0.03105 -0.01158 0.12763
-0.22871 0.03112 -0.10006
-0.24472 0.02925 -0.10254
0.03489 0.09109 0.04860
0.24664 -0.13480 0.11182
0.06336 0.07958 -0.08441
-0.35714 -0.04547 -0.10099
-0.34937 -0.04547 -0.09542
0.14888 -0.01087 -0.14803
0.19177 0.01953 -0.12422
0.13012 -0.03567 0.15099
0.10683 -0.03434 0.15118
0.07492 -0.03723 0.15174
0.01601 -0.04213 0.15275
-0.08343 0.09412 -0.08441
0.14904 0.00806 -0.14182
-0.06150 0.09352 -0.05732
0.23923 -0.10246 0.11669
-0.24287 -0.11942 -0.15353
0.19148 0.02032 -0.10603
-0.04146 -0.01879 -0.15166
-0.02682 0.02677 0.05692
-0.31591 -0.00109 0.14119
-0.09038 0.09097 -0.07868
-0.15220 -0.04929 0.12942
0.23878 -0.07065 -0.13355
-0.23875 0.06438 0.07992
0.20136 -0.09043 0.13249
0.39603 -0.01587 0.09839
-0.22009 0.06004 0.10416
0.13405 0.02219 0.11296
-0.04176 0.06392 0.09616
0.08064 -0.01596 -0.15031
-0.16712 0.02219 -0.13449
0.29476 -0.12994 0.11217
-0.04198 0.09920 0.05957
-0.20479 0.06683 -0.08440
0.17437 -0.07918 0.12351
0.17534 -0.07196 0.08518
0.04101 0.09095 -0.08602
0.01531 -0.07665 -0.14813
0.02470 -0.07215 -0.14872
0.03585 -0.07260 -0.14852
0.04511 -0.07217 -0.14848
0.00445 -0.07133 0.04548
-0.14942 0.01860 0.13697
0.09436 -0.01783 -0.11879
-0.11615 -0.05374 0.01251
-0.02281 0.00558 0.10622
-0.17828 0.02333 0.08358
0.05311 -0.08621 -0.14606
-0.01356 -0.09424 -0.14507
-0.20610 0.08208 -0.05868
-0.03945 -0.08141 -0.14813
-0.11457 -0.07258 -0.15071
-0.07673 -0.08173 -0.14872
-0.20892 0.08550 0.05913
0.08755 0.07869 -0.03172
-0.09224 0.09183 0.06985
-0.10824 0.09084 0.06993
0.05677 -0.06063 0.02874
-0.02786 0.05590 -0.11218
0.07569 -0.05533 -0.04841
0.22379 -0.11702 -0.14761
-0.23153 -0.14241 0.11689
-0.04603 -0.03154 0.00442
-0.08388 -0.03233 0.00442
-0.07063 -0.03166 0.00442
-0.14419 -0.03257 0.00442
-0.05656 -0.02779 0.00442
0.13517 -0.09362 0.03675
0.14409 -0.09362 0.03698
-0.16022 0.07082 -0.10860
-0.01180 -0.00507 0.14759
0.21562 -0.07860 0.14078
-0.35717 -0.04277 -0.08142
-0.00411 -0.00072 -0.06823
-0.02263 -0.04513 0.15344
0.00910 -0.05360 0.15388
-0.00124 -0.04712 0.15341
-0.20899 0.08203 0.04568
-0.02182 -0.01253 0.08274
0.05767 0.08817 -0.02374
-0.20305 -0.07903 -0.15305
-0.02067 -0.06739 0.02158
0.29304 -0.05678 -0.14244
-0.04404 0.10097 -0.03531
0.35034 0.00380 -0.09174
-0.17996 0.02770 0.03549
-0.36953 0.01874 0.01824
-0.21725 0.06933 -0.09634
0.28478 -0.03056 0.11984
-0.22167 0.04114 -0.12492
-0.11984 0.09104 -0.08679
0.01083 -0.04467 -0.03111
-0.21839 0.08336 0.03755
-0.02264 0.09428 -0.03655
0.30362 -0.11224 -0.11267
0.09993 -0.09438 -0.11840
0.01140 -0.09015 -0.11396
-0.02436 -0.00794 -0.09947
-0.43501 -0.08038 -0.10605
0.11575 -0.09362 0.07023
0.14124 -0.09362 0.04099
0.09725 -0.09362 0.04615
0.11155 -0.09362 0.04737
0.09191 0.02686 0.07475
0.08725 0.06401 -0.11255
-0.01845 -0.09202 0.13230
0.21874 -0.00703 -0.14621
0.23120 -0.04698 0.13033
-0.15804 -0.01891 -0.15336
-0.20311 0.05726 -0.04458
0.06627 -0.06456 -0.02992
-0.01761 0.09683 -0.07549
-0.33039 -0.06453 -0.14821
-0.40007 -0.02844 -0.12705
0.14877 0.03878 -0.01651
-0.23395 0.06319 -0.10045
-0.06042 0.01343 0.14024
-0.10207 -0.02328 -0.15260
-0.07730 -0.01851 -0.15193
0.11074 0.02630 0.13302
-0.02700 0.02496 -0.11737
0.32611 0.00823 -0.08636
-0.39675 -0.01547 -0.13124
-0.39378 0.01610 0.10668
-0.21175 -0.03076 -0.14379
0.42515 -0.03950 0.03991
-0.34738 -0.04549 0.08733
-0.17703 0.01997 -0.08747
-0.17434 0.01257 -0.03474
0.25416 -0.00290 0.14300
0.26219 -0.04863 0.15374
0.32709 -0.09669 -0.15167
0.37966 0.00431 0.03957
-0.08766 -0.09180 -0.11741
-0.16545 -0.08396 0.14587
-0.32839 -0.03911 -0.14874
0.42251 -0.02186 0.00283
0.39497 -0.00510 0.09720
-0.00820 0.00705 0.06079
0.07269 0.00653 0.11879
-0.07906 0.10072 -0.02380
-0.15416 -0.09945 0.12565
-0.15723 0.09608 -0.00900
-0.42525 -0.08397 -0.12951
-0.24031 -0.07732 -0.15390
-0.17839 0.00243 0.14718
0.42477 -0.09398 0.03877
-0.27558 0.02706 0.07688
-0.29114 0.02537 0.08648
0.40918 -0.00166 -0.02022
-0.09385 0.09598 -0.07476
0.00976 -0.03295 -0.08458
-0.19079 0.08580 -0.03163
0.03571 0.08910 -0.00064
-0.02695 -0.00622 0.05745
0.28206 -0.03570 -0.15405
0.15880 0.02224 -0.07193
-0.16562 -0.00937 0.01462
-0.15404 -0.03991 0.00022
-0.26449 0.02255 0.12987
-0.43712 -0.05824 0.11057
0.08563 0.08078 -0.01732
0.23656 -0.13098 0.12886
-0.03674 0.08549 -0.08073
-0.20479 0.03803 0.04995
0.31739 -0.08940 0.11239
-0.23791 -0.13321 0.15492
-0.14958 -0.04757 -0.11786
-0.05257 -0.09397 -0.11125
-0.07891 -0.06577 -0.05172
-0.31058 -0.09537 -0.14547
0.24479 0.01674 -0.08740
-0.26176 -0.12779 -0.12836
0.05400 -0.09481 -0.12214
-0.20479 0.06677 0.07810
-0.19447 -0.03713 -0.14533
-0.04525 0.09516 -0.01012
-0.40856 -0.02617 -0.00258
-0.40704 -0.02355 0.05477
-0.40795 -0.02512 0.00430
0.13864 -0.09362 -0.10816
0.11664 -0.09362 -0.10565
0.14279 -0.09362 -0.05160
0.11256 -0.09362 -0.09635
0.44667 -0.05031 -0.05339
0.17685 -0.05692 -0.02533
0.17672 -0.05856 -0.04356
-0.17818 0.02316 -0.10016
-0.34114 0.01816 0.12419
0.00318 -0.01714 0.08659
0.08734 -0.09362 -0.11437
-0.21267 -0.03028 0.12114
-0.00789 -0.10196 -0.13407
0.01500 -0.09892 -0.13388
0.19861 -0.07629 0.14746
-0.23032 -0.14256 0.14760
-0.02963 0.00058 -0.00822
-0.03017 0.00257 -0.08856
-0.02989 0.00152 -0.07998
-0.03135 0.00698 0.00577
-0.03569 0.02316 -0.06972
-0.03274 0.01217 -0.06198
-0.03010 0.00231 -0.10514
0.29190 -0.03310 0.11806
-0.00354 -0.00186 0.06741
-0.20897 -0.04946 0.11275
0.04459 0.09322 -0.06863
0.22511 -0.05378 -0.14748
-0.25829 -0.07580 -0.11289
-0.19893 -0.10502 0.15028
-0.43237 -0.07253 -0.12178
-0.23119 -0.12180 0.11442
-0.40627 -0.02343 0.09949
-0.34890 0.02536 0.01212
-0.37338 0.02260 0.02224
0.23300 0.01710 -0.09831
0.01443 -0.06805 -0.09850
0.20139 -0.09122 0.12128
-0.10530 -0.04289 -0.15448
-0.19297 0.04806 0.12239
0.09777 -0.08455 -0.02180
0.02940 -0.08728 -0.02180
0.07750 -0.06502 -0.02180
0.06664 -0.07467 -0.02180
0.10225 -0.05984 -0.02180
0.06901 -0.08157 -0.02180
-0.42074 -0.02383 -0.08699
0.39183 -0.00307 -0.08616
0.40757 -0.08088 -0.12770
0.00575 -0.05003 -0.03219
0.22265 0.02013 -0.02082
0.14050 -0.06947 -0.14779
0.10014 -0.08073 -0.14645
0.01413 -0.05737 -0.08214
-0.03522 -0.09368 0.11224
0.12949 0.04779 -0.07818
0.16976 -0.05586 0.13737
-0.17929 -0.03509 0.15425
-0.21777 0.03241 -0.12964
0.22749 -0.06730 0.15480
-0.21118 -0.06855 0.15287
0.05484 0.07055 0.10851
-0.25000 -0.12095 0.11247
0.12973 -0.02185 0.11506
-0.00119 -0.09362 -0.11643
-0.03005 -0.09362 -0.11795
0.40231 -0.03690 -0.09814
-0.34194 -0.06257 -0.14702
0.17209 0.00870 -0.14127
0.16657 0.02747 0.08718
-0.02829 -0.00436 -0.07531
-0.44046 -0.07879 0.06916
-0.03160 0.06421 -0.11010
0.29653 -0.04322 -0.15497
-0.33881 0.01974 0.06228
-0.32890 0.02043 0.05900
0.04650 -0.06110 0.01482
-0.30696 -0.04392 -0.15168
-0.15509 0.04998 -0.12117
-0.26861 0.02952 -0.02645
-0.24299 0.03131 -0.02007
-0.22098 0.08192 -0.04304
0.10863 -0.09362 -0.02375
-0.23866 -0.04419 0.11238
-0.20586 -0.12844 0.15438
0.01497 -0.07067 0.05828
-0.18918 0.04088 -0.12610
0.43867 -0.04561 -0.01444
0.39931 -0.03527 -0.08211
0.26026 -0.04146 -0.15452
-0.21975 0.00352 0.14603
0.03791 0.09035 0.06012
-0.05542 0.08412 0.09011
-0.12130 -0.02955 0.15338
-0.02393 -0.02555 0.15178
-0.08715 -0.02532 0.15257
-0.08040 -0.03630 0.15344
-0.26399 -0.08276 -0.15387
0.01275 -0.06960 -0.03164
0.11217 0.02415 -0.14549
0.30578 -0.04093 -0.12976
0.36199 -0.00092 -0.12055
0.25624 -0.03680 0.11196
-0.18405 -0.00262 0.14880
-0.18822 -0.10008 0.14879
0.17025 -0.06496 0.14524
-0.05637 0.09473 0.01928
0.28346 -0.12507 -0.11269
-0.17828 -0.12288 0.14539
-0.00924 -0.00055 -0.03406
0.41502 -0.01376 0.06207
-0.08883 -0.05573 0.11175
0.36124 -0.07771 0.13966
-0.19525 -0.13650 0.14627
-0.20479 0.03204 -0.02572
0.16904 -0.07458 -0.13689
-0.03009 0.00675 -0.10056
0.42632 -0.05578 -0.08376
-0.10568 0.09227 0.03644
-0.40257 -0.08360 0.13439
0.20203 -0.10184 0.11662
-0.18606 -0.08949 0.12061
-0.18966 0.05655 0.11289
0.21282 -0.05234 -0.12122
0.19316 0.02064 -0.09809
0.26222 0.01291 -0.11159
-0.39620 0.00402 -0.10330
-0.00132 -0.09403 -0.12260
-0.25544 0.05299 -0.02115
-0.05821 0.10437 0.06296
-0.27813 -0.10104 -0.13096
0.03382 -0.09362 -0.03945
0.06192 -0.09362 -0.03645
0.01616 -0.09362 -0.04347
0.04112 -0.09362 -0.04083
0.02807 -0.09362 -0.06913
-0.01398 -0.09362 -0.04134
0.00300 -0.09362 -0.06339
0.00247 -0.09362 -0.03479
-0.41173 -0.02978 -0.12920
-0.18068 -0.07426 -0.11249
-0.15416 -0.09946 -0.12795
0.12354 -0.09731 -0.12732
0.03082 -0.09706 -0.12711
-0.19621 0.01442 -0.13374
-0.24997 0.03072 0.03531
-0.22078 0.03283 0.03949
-0.20838 0.03372 0.05060
0.17732 -0.05101 0.11061
0.17666 -0.05922 0.07923
-0.22435 -0.07436 0.15125
-0.44518 -0.05742 0.03521
-0.33048 -0.02380 -0.06982
-0.00410 -0.00075 0.05384
-0.08577 -0.05673 -0.09475
0.00026 -0.09168 0.06252
0.01653 0.01404 0.13961
-0.39786 -0.00765 0.04477
-0.01942 -0.00025 0.13454
-0.01646 0.02021 -0.07230
-0.22688 -0.12775 -0.15394
-0.15788 0.01558 0.13928
0.08282 -0.05677 -0.05297
-0.21919 -0.08152 0.15125
-0.23836 0.06841 -0.05750
0.34999 -0.09536 -0.13846
-0.01272 -0.08138 -0.12186
0.33929 0.01110 0.00516
-0.16207 0.01234 -0.14142
-0.19494 -0.12157 0.11243
0.42858 -0.08688 0.05170
-0.31080 0.02766 -0.00518
-0.34165 0.02577 -0.01383
-0.08024 0.08865 0.08714
0.20566 -0.06512 -0.10323
-0.03087 -0.02471 0.11758
0.01577 -0.04926 0.03127
-0.37731 -0.07798 -0.14003
-0.02989 -0.04174 -0.12255
0.33301 -0.05700 0.12484
0.16130 0.02168 -0.09989
0.32426 -0.04205 0.14778
-0.43646 -0.05223 -0.11504
0.24530 -0.06139 -0.13605
0.06504 -0.03879 -0.11285
0.03126 -0.04243 -0.11285
-0.19583 0.08548 0.01759
-0.24160 0.03520 -0.11670
0.11195 0.02193 0.15462
-0.17822 -0.05040 -0.13626
-0.07582 -0.09461 0.12554
0.18393 0.02064 -0.11019
0.04417 -0.10376 -0.13425
0.08835 -0.09362 -0.06395
0.34722 -0.00024 0.12823
-0.21158 0.05631 -0.10753
0.38884 -0.03989 -0.13803
-0.20369 0.02159 0.02492
-0.24358 0.06094 -0.07126
0.07930 -0.09039 -0.08459
0.41677 -0.09463 0.08903
0.41926 -0.10365 -0.05477
-0.18646 0.03415 -0.12034
-0.25743 -0.06816 -0.15356
-0.03928 0.10791 0.05334
-0.20221 -0.03350 -0.14025
-0.20410 -0.13471 -0.11199
0.34731 0.00310 0.09917
0.00815 -0.02643 0.10009
0.09687 -0.00400 0.07985
0.09680 0.07368 -0.03070
0.01901 0.01939 -0.12577
-0.18793 -0.09760 -0.13417
-0.16215 0.08762 -0.06638
0.05187 -0.05869 -0.09655
-0.20194 0.02938 -0.11062
-0.20036 0.02399 -0.10214
-0.21077 -0.05056 0.15184
0.26003 -0.03053 -0.13930
-0.02204 0.10605 -0.02784
-0.23688 -0.13292 0.11219
-0.31103 0.01970 -0.08324
-0.28648 0.02175 -0.07812
-0.32069 0.01891 -0.08516
-0.31183 0.02755 0.00976
-0.33928 0.02588 0.01644
0.31732 -0.10906 0.15495
0.32352 -0.00170 0.13502
0.11695 0.05518 -0.08826
-0.25698 0.02711 -0.11922
-0.41845 -0.03388 0.11171
-0.05456 0.08558 -0.08848
0.18595 0.02344 -0.01345
-0.02581 0.06446 0.10385
0.12311 -0.04376 0.15157
-0.42583 -0.07843 -0.13032
-0.13252 -0.01910 0.15298
0.12641 0.02439 -0.02982
0.42745 -0.04339 -0.04567
0.00217 0.10057 0.02525
0.16156 -0.09362 -0.12102
-0.09933 0.07053 -0.10851
-0.11317 0.06964 -0.10908
-0.08600 0.06704 -0.11061
-0.02393 0.04394 -0.07644
-0.28116 -0.08566 0.09624
-0.16415 -0.08479 0.09619
0.42765 -0.06817 0.08077
-0.08353 -0.07363 -0.11340
0.00988 -0.03325 -0.05508
-0.18261 0.03178 -0.03398
0.11611 -0.01888 0.02991
0.02396 -0.06971 -0.06991
0.15596 0.01930 -0.13108
-0.36663 -0.03623 0.14277
-0.22246 -0.00424 -0.14938
-0.15339 -0.08594 -0.10746
-0.28759 -0.06086 0.14805
-0.28703 -0.05992 0.13913
-0.02962 0.01399 0.10355
0.41873 -0.07223 -0.11582
0.10803 -0.00354 0.07642
-0.38841 0.00959 -0.01666
-0.08772 -0.07773 0.11753
0.04152 -0.10200 -0.13056
-0.03065 0.04791 0.11930
-0.37628 -0.04218 -0.08294
-0.22209 -0.02113 0.02543
-0.20227 -0.02113 0.08345
-0.20792 -0.02113 0.02866
0.07410 -0.09362 0.03613
0.08908 -0.09362 0.02338
0.24240 -0.06747 -0.14934
0.09234 -0.00323 -0.14638
0.13321 0.02310 0.10206
-0.18999 -0.06966 0.13196
-0.16575 -0.08102 0.12504
-0.25515 -0.05068 0.15480
-0.31087 -0.04266 -0.11976
-0.33073 -0.03294 -0.11545
-0.32997 -0.03930 -0.11561
-0.23937 0.06890 -0.03861
0.26989 0.01631 0.01869
-0.27731 -0.10244 0.13901
-0.08237 -0.08873 0.09705
0.19717 -0.05971 -0.14988
0.40957 -0.01116 0.08285
-0.32192 0.02143 0.04382
0.23142 -0.12617 0.13517
0.04442 -0.02875 0.15196
-0.17266 -0.06438 0.15260
0.27929 -0.14263 -0.11959
0.07423 0.08554 -0.04398
0.18777 0.01982 0.12559
-0.38648 0.01735 -0.10492
0.01203 -0.03751 -0.04287
-0.01180 -0.04044 -0.09946
0.33197 -0.05525 -0.12436
0.01267 -0.03673 -0.03064
-0.35347 -0.09595 -0.13858
-0.03756 0.02512 -0.11718
0.09560 0.07101 0.06991
0.12625 0.02115 0.12475
0.10795 0.02916 0.12103
-0.41559 0.00026 -0.09481
0.12961 0.02394 -0.06673
0.43549 -0.07200 -0.02907
0.30714 -0.04153 0.12753
0.07797 0.07524 0.09810
-0.00395 -0.06708 0.09131
0.25788 -0.14151 0.12571
-0.01520 -0.10389 -0.13944
-0.04225 0.05292 0.10974
-0.08732 0.09713 0.06893
0.08723 -0.00234 0.11945
-0.18646 -0.09111 -0.14615
0.04694 0.01255 -0.11681
0.09180 0.07260 -0.07280
0.42010 -0.09343 0.07106
-0.26891 0.03484 -0.04673
0.10812 -0.07760 0.02179
0.13645 -0.07701 0.02179
0.16348 -0.08989 0.02179
0.39456 0.00224 -0.01738
0.07116 -0.05582 0.05095
0.26654 -0.14296 -0.12169
-0.16575 -0.00910 0.10377
0.20134 -0.09043 -0.11628
-0.35678 0.01568 0.08966
-0.01846 0.10784 0.00158
-0.17824 0.09389 -0.02781
0.23439 -0.03076 -0.09029
0.10429 -0.01245 0.14872
0.00783 -0.01229 0.14939
-0.17591 0.02864 -0.13212
0.11599 -0.09362 -0.02238
0.23188 0.01914 0.03134
0.23746 0.01871 0.03029
0.24374 0.01774 0.04856
0.42594 -0.04288 0.05284
0.41822 -0.04474 0.10802
-0.23818 -0.01841 0.00037
0.11543 0.06340 -0.01410
0.42750 -0.03204 -0.02097
-0.29523 0.00928 -0.13846
-0.19018 0.06658 -0.11132
0.16095 0.01642 0.13740
-0.07851 -0.08055 -0.08524
-0.03460 -0.09367 0.09500
-0.04208 -0.09380 0.05534
-0.04746 -0.09389 0.07528
-0.06655 -0.09421 0.04462
0.28744 0.01587 0.00192
-0.34366 0.02021 -0.09955
0.05634 0.08836 0.02554
0.42935 -0.05069 -0.04438
0.11403 0.00439 -0.14391
0.09484 -0.00048 0.05009
-0.16709 -0.07327 -0.11169
-0.25828 -0.09615 -0.14820
-0.21584 -0.03641 0.11207
0.30223 0.00817 -0.11205
-0.18279 0.09258 0.03691
0.03807 -0.09396 -0.12374
-0.22804 0.03030 -0.12048
-0.01364 -0.05924 0.02216
-0.33918 -0.02724 -0.07680
-0.21294 0.00379 -0.05061
0.27637 0.01661 0.01462
0.31618 0.01367 0.02836
0.26407 0.01794 0.02765
0.31477 0.01239 -0.02896
0.28666 0.01530 -0.00428
0.29482 0.01542 0.02816
0.06522 0.08222 -0.03646
-0.36647 -0.07293 -0.14288
0.24681 -0.13795 -0.12200
0.08175 -0.07096 0.06313
-0.03925 0.07939 0.02118
0.39523 -0.01740 0.09208
0.10928 0.06176 0.07952
0.12431 -0.09362 -0.03577
0.14401 -0.09362 -0.03664
0.13509 -0.09362 -0.02299
-0.18701 0.02116 -0.12499
-0.02695 0.06856 -0.10076
0.40848 -0.03744 0.09605
0.01239 0.09631 -0.06782
-0.01956 -0.01903 -0.07783
-0.14541 -0.07947 0.14940
-0.38416 0.01365 0.08602
0.24284 0.01498 0.10846
-0.35654 0.02046 0.08617
0.33234 -0.02022 0.14370
-0.03831 0.01930 0.12536
-0.03036 0.06641 0.09990
0.32623 -0.06839 0.12537
0.12613 -0.00683 0.07963
-0.20053 -0.00185 0.01686
-0.07842 -0.06720 0.02343
0.08324 0.05915 0.11586
0.04626 0.04906 0.12185
-0.16106 0.08870 0.04971
-0.21964 -0.00671 0.15058
0.07373 0.07114 -0.09947
0.17606 -0.10465 0.13690
-0.05985 -0.08824 0.14714
-0.39967 -0.02771 -0.05488
0.42410 -0.03193 0.05242
-0.43488 -0.08712 -0.10262
-0.30677 -0.02901 -0.08775
0.06198 0.09076 0.04602
-0.14196 -0.05478 -0.07252
0.06326 -0.09971 0.14164
0.12197 -0.09620 0.14264
-0.10836 0.09701 0.05622
-0.44013 -0.04185 0.05691
-0.10624 -0.09165 -0.12503
-0.08403 0.08282 0.09951
0.21723 -0.06981 -0.11336
0.02654 0.09063 -0.06836
0.01572 -0.05323 -0.03159
-0.23264 -0.12277 0.15376
0.40686 -0.02406 0.11066
-0.15468 -0.07854 -0.13806
-0.25284 -0.10721 -0.12546
-0.22581 0.05373 -0.11678
0.12644 0.02291 0.10595
0.11129 0.06643 0.00407
-0.30513 -0.07378 -0.14919
-0.00066 -0.08441 -0.07895
-0.03544 0.02984 0.07146
-0.20033 -0.05745 0.13777
-0.20082 0.03712 -0.10811
-0.30088 0.02677 0.05389
-0.30571 0.02628 0.06047
-0.21105 -0.00223 -0.07413
-0.21782 0.03322 0.00482
-0.04981 -0.10435 0.13709
-0.27358 -0.03725 -0.07742
-0.27373 -0.03766 0.05561
-0.27459 -0.03995 0.06483
-0.26985 -0.02736 -0.10888
-0.27416 -0.03879 0.02693
-0.22993 -0.01178 -0.06271
-0.17155 -0.06081 0.13073
-0.20262 -0.13302 -0.15477
-0.02992 0.11486 -0.07994
-0.02662 0.11486 0.03593
-0.02866 0.11486 -0.00153
-0.02733 0.11486 -0.05670
-0.03755 0.11486 -0.02949
0.43961 -0.08089 0.04165
0.25822 -0.08153 0.15125
-0.33856 -0.04928 0.14804
-0.00520 -0.03624 0.03420
0.01394 -0.06345 0.05750
-0.32785 0.02179 0.02720
-0.31261 0.02279 0.01979
-0.29310 0.02403 0.01109
-0.42200 -0.03531 0.00029
-0.13054 -0.10392 -0.13411
0.08994 -0.02045 0.11879
-0.18157 0.08698 -0.03871
0.11747 0.05357 0.09468
-0.42035 -0.00929 -0.06656
0.04319 0.08383 0.09833
-0.19358 -0.06414 -0.12657
-0.04408 0.05974 0.11529
-0.06104 0.05882 0.11581
-0.08471 0.05802 0.11623
-0.43485 -0.03900 -0.07292
0.31877 -0.11938 0.12841
0.36586 -0.00766 0.13165
-0.03613 0.02672 0.13310
-0.36156 0.02397 -0.01430
0.16473 -0.09362 0.08567
0.16230 -0.09362 0.04416
-0.20283 -0.13963 -0.13860
-0.27885 -0.09912 -0.11809
0.28322 -0.09032 0.15125
-0.26012 0.03062 0.00483
-0.25632 0.03070 0.01105
0.07707 0.06407 0.10537
0.15259 -0.09362 0.03432
0.10599 -0.00960 0.00310
0.21763 0.01733 0.12673
0.00315 -0.01706 0.05880
-0.00032 0.09947 0.04387
0.18718 0.00852 0.14078
-0.33227 0.02130 -0.09818
-0.32552 0.02168 -0.09939
-0.02869 0.10512 0.04116
0.15010 -0.01404 0.14860
0.42270 -0.02745 -0.03954
-0.02676 -0.02061 -0.12949
0.38283 -0.00212 -0.09497
0.16552 0.02607 0.02746
-0.26171 -0.07429 0.11265
0.18461 0.02121 0.10116
-0.18297 0.09075 0.05856
-0.23178 0.02297 0.03043
-0.01656 0.02033 0.05218
-0.02942 0.01327 -0.12702
0.26039 -0.13920 0.11187
-0.44190 -0.04312 0.02607
-0.01559 -0.03610 0.15167
-0.23499 -0.03212 -0.15194
0.22902 -0.03463 -0.11948
-0.08493 -0.07059 0.11475
-0.34737 0.02084 0.02074
0.22934 -0.04837 -0.11349
0.11830 0.03458 -0.12923
-0.38747 0.02064 0.03760
-0.39084 0.01980 0.04860
-0.15452 0.02619 -0.13335
0.26420 -0.09681 -0.15125
-0.07377 0.10004 0.04073
-0.07309 -0.10441 -0.13958
-0.27686 -0.01411 0.12472
-0.31541 0.00075 0.11843
-0.03925 0.06620 0.06650
0.17482 0.02229 -0.08963
-0.29372 -0.09463 0.11110
0.27235 -0.14364 0.14660
-0.20811 0.03353 0.09880
-0.26156 0.02729 0.09224
-0.23489 0.03040 0.08338
-0.24755 0.02892 0.09176
0.04457 0.08673 -0.09449
-0.43470 -0.09096 0.05395
-0.18718 -0.01815 -0.14131
-0.19028 -0.02374 -0.03961
0.33055 0.00965 -0.04313
0.33194 0.00875 -0.06977
0.33936 0.00845 -0.05197
-0.03985 0.10239 0.00630
0.23078 0.01426 -0.13245
-0.27885 -0.09543 0.14885
0.01116 0.09932 0.04044
-0.19163 -0.10549 -0.13516
0.01413 -0.05747 0.09763
-0.40481 0.01702 -0.04587
0.14396 0.00424 0.14381
0.27511 -0.03162 -0.15218
-0.05446 -0.01290 0.15107
0.14773 -0.09362 -0.11207
0.38445 -0.01261 -0.13017
-0.36560 -0.04549 -0.06852
0.15850 -0.09362 0.10478
0.17934 0.02262 0.07546
0.19611 0.02139 0.06788
0.20480 0.02074 0.06469
-0.41931 -0.00605 -0.00807
-0.26451 -0.12520 -0.14868
-0.07360 -0.05256 -0.15294
-0.05587 -0.05667 -0.15208
-0.02046 -0.06389 -0.15052
0.24889 -0.05041 0.15407
-0.41808 -0.00793 0.09283
-0.36727 0.01553 -0.12405
0.23323 0.00526 -0.13968
0.43635 -0.07029 -0.03600
0.43635 -0.06238 -0.02846
-0.31714 0.02165 -0.04464
-0.30784 0.02241 -0.03884
-0.34837 0.01950 -0.05503
-0.02126 0.09277 -0.07078
0.01616 -0.08833 0.03378
0.27835 -0.07509 -0.14865
-0.22907 -0.05066 0.12219
-0.03558 0.04530 -0.11509
-0.15811 -0.02917 -0.02084
-0.16345 -0.01509 -0.02278
0.16017 -0.01768 0.12817
-0.24401 -0.01102 -0.15151
-0.11343 0.09240 -0.01099
-0.18955 -0.10186 -0.11295
0.01448 0.09356 0.00568
-0.04163 0.02963 0.06651
0.17474 -0.07641 -0.04870
0.17523 -0.07275 -0.04067
0.41257 -0.00493 0.03968
-0.41330 -0.09075 -0.13135
0.43457 -0.02006 -0.01127
-0.09095 0.09109 0.07762
-0.27939 -0.07995 -0.12801
-0.15746 -0.06715 0.14051
-0.27059 -0.10004 -0.09695
-0.17677 -0.09414 -0.09631
-0.16488 -0.09843 -0.09622
0.42186 -0.08481 -0.07828
0.44448 -0.03212 -0.04306
-0.38608 -0.00337 0.13301
-0.05812 -0.05723 0.15202
-0.03803 -0.05925 0.15146
0.28086 -0.07842 -0.15125
-0.15927 0.02865 -0.13213
0.17036 -0.06362 -0.12937
0.23128 -0.12603 0.12604
-0.00516 0.00603 -0.03522
0.20968 0.01809 -0.12156
0.21384 -0.04118 0.15090
0.01251 -0.07093 0.04969
0.39829 -0.07313 -0.13289
-0.25333 -0.10589 0.12505
0.01475 -0.06272 0.03780
-0.21306 0.00612 -0.00034
-0.03653 0.09544 -0.00041
-0.03217 0.02847 -0.13227
0.23082 0.01699 0.10236
-0.12735 0.08861 -0.07914
-0.00868 -0.05086 0.05578
-0.41963 -0.03663 -0.04366
-0.08406 -0.09346 0.02202
0.06581 0.08077 -0.06937
-0.21562 0.05149 0.11928
0.30876 -0.03080 -0.10683
-0.19997 -0.09989 0.15080
0.13047 0.02436 0.01220
0.12706 0.02440 -0.01869
-0.43994 -0.04268 -0.07375
0.30535 -0.13250 0.13601
0.10151 0.07170 0.01526
0.08020 -0.02096 0.11796
-0.25416 -0.02753 0.15046
-0.26251 -0.03150 0.11534
-0.25463 0.00924 -0.11933
-0.21724 -0.00942 -0.12304
-0.22661 -0.00119 -0.12211
0.38692 -0.03499 0.10355
0.06162 -0.07246 0.14824
-0.00363 -0.08171 0.14757
-0.01573 -0.08063 0.14787
0.05586 -0.07026 0.14865
-0.13611 -0.03707 0.15423
-0.33863 -0.04542 0.10144
0.14328 -0.10420 0.13461
0.21947 -0.01751 0.14948
0.38354 -0.00673 0.12280
0.26001 -0.05208 -0.13275
-0.04176 0.03409 0.08408
-0.04176 0.03439 0.03303
-0.31589 -0.02969 -0.07231
0.18622 -0.02389 -0.14973
-0.01386 0.01876 -0.03656
0.20479 0.02164 0.02279
-0.26585 -0.11198 0.15494
0.17424 -0.06491 -0.14831
0.05419 -0.01714 -0.15006
0.14811 -0.02215 -0.14984
0.44104 -0.04137 -0.01979
-0.09370 0.09867 -0.04903
0.43579 -0.07089 -0.02401
0.11936 0.02320 -0.06480
-0.25299 0.01936 -0.13508
0.30213 -0.13465 0.14788
-0.38526 0.01864 0.07922
-0.16292 0.09455 -0.04062
-0.41958 -0.01504 -0.08375
0.18484 -0.00527 -0.14648
-0.17497 0.08827 -0.03277
0.39918 -0.03648 -0.07425
-0.01976 0.10353 0.01452
0.02615 -0.09776 0.13379
0.16604 -0.09362 0.12036
-0.20515 -0.07080 -0.15120
-0.00334 -0.03697 -0.15251
0.01973 -0.04676 -0.15306
-0.09834 -0.05374 0.05747
0.29146 -0.05105 -0.15373
0.03255 0.09174 -0.03051
0.32097 0.00166 -0.13217
0.12049 0.03607 0.12851
-0.20253 0.02110 0.05824
-0.02495 0.05096 0.06887
-0.16830 -0.06858 0.11522
0.32511 -0.06628 -0.14589
0.35802 -0.08749 -0.13870
0.30178 -0.01874 0.14790
0.04040 -0.06485 0.07938
0.01410 -0.06069 0.08823
0.11873 -0.03152 -0.15101
0.07955 -0.07191 -0.11403
0.02261 -0.08581 -0.11403
0.16687 -0.08793 -0.12768
0.29160 -0.13010 0.15469
-0.24675 0.01820 -0.13652
-0.02077 -0.06933 0.12978
-0.36705 -0.00831 -0.13695
0.39986 -0.09541 0.12704
-0.20591 0.02091 0.12257
-0.02346 -0.00971 0.07629
0.13523 0.00256 0.07104
-0.41572 -0.03574 0.07825
-0.23897 -0.05352 -0.14228
-0.16300 0.08920 0.08652
0.24607 0.01802 -0.02922
0.25306 0.01714 -0.04192
0.25793 0.01685 -0.03753
0.03949 -0.06528 0.08975
0.14050 -0.01173 -0.12406
-0.09777 -0.05404 -0.09751
-0.22208 -0.12303 -0.13473
0.02596 0.09657 -0.05511
0.33493 -0.01541 -0.14180
0.43175 -0.04477 -0.05830
0.43128 -0.02861 -0.05830
0.40881 -0.07790 -0.05830
-0.16218 -0.05729 0.09723
-0.16838 -0.04683 0.10530
-0.20082 0.04517 0.03225
0.17010 -0.08655 0.14471
-0.40876 -0.01780 0.01799
-0.34282 -0.03328 -0.14583
0.02460 0.09268 -0.01462
-0.25991 0.04322 0.06462
-0.17551 -0.05464 -0.12263
0.11845 -0.10448 -0.13527
0.43623 -0.07243 -0.01409
0.37720 -0.07144 -0.13809
-0.14084 -0.05277 0.12381
-0.21690 -0.12233 0.12691
-0.41865 0.00278 0.05720
0.15310 0.00322 0.12784
-0.01468 0.01436 -0.13965
-0.02654 0.10190 -0.01036
-0.03442 0.10185 -0.01715
-0.41567 0.00305 -0.08546
-0.01263 -0.01593 0.12716
-0.03460 0.08527 0.08643
0.01995 -0.07014 -0.05740
0.14653 0.03947 -0.03588
0.01480 -0.04096 0.10629
0.30864 -0.08839 0.13240
-0.24700 -0.01117 0.15142
-0.09361 -0.05438 0.07942
0.25954 -0.12058 0.13557
-0.02985 0.10315 0.00386
-0.02972 0.10315 0.04941
-0.02485 0.10315 -0.05473
-0.03213 0.10315 -0.05520
0.28553 -0.08002 -0.14919
-0.17519 0.04923 -0.12177
-0.01711 0.02649 0.12568
0.20142 -0.09145 -0.13394
-0.18766 -0.04142 0.13386
0.14312 0.03394 0.11013
-0.36521 0.01912 -0.02478
-0.35591 0.01795 0.06834
0.29279 -0.11623 -0.12151
-0.38229 0.01722 0.02937
0.15043 -0.09362 0.04415
-0.23541 0.03177 -0.03316
-0.22935 0.03221 -0.02255
-0.22193 -0.12244 -0.15249
0.24591 -0.00935 0.14671
-0.06004 0.00538 0.14457
0.31032 -0.09125 -0.15352
-0.02110 0.05119 0.12067
-0.08235 0.02079 0.12598
-0.05857 0.11438 -0.01849
-0.02772 0.03515 -0.09276
-0.20117 0.07226 0.04458
0.40786 -0.01792 -0.10225
0.16116 -0.03451 0.02517
-0.34252 -0.09494 -0.14185
0.17366 0.02176 0.10843
0.13325 -0.05032 0.11847
-0.23172 -0.09916 -0.15016
-0.23749 -0.12315 -0.15369
-0.01127 -0.06771 0.12631
0.14410 -0.03119 0.02538
0.12111 0.02272 0.13407
0.31932 -0.11792 -0.11666
0.00964 0.09900 -0.04056
-0.02174 -0.04649 -0.13139
0.02656 0.01781 0.12104
-0.24640 -0.03447 -0.14284
0.02894 -0.07776 0.03170
0.33781 0.00218 -0.12485
0.07724 -0.09362 -0.11411
-0.28984 -0.06571 -0.14503
-0.26554 0.01870 0.13456
-0.28145 0.02779 -0.05827
-0.30987 0.02611 -0.05796
0.09312 0.00810 0.05363
0.17225 0.02460 0.01369
0.34137 -0.08135 -0.13096
-0.08599 0.01927 -0.13657
-0.18840 0.03395 -0.06391
0.17026 -0.01791 0.03071
-0.40253 0.01560 -0.07859
-0.15475 0.09004 0.00782
-0.04132 0.02963 -0.02897
-0.39874 0.00102 -0.10664
0.07845 -0.05653 -0.03527
0.20875 0.01807 -0.12664
-0.08337 0.09638 0.07607
-0.35191 -0.02012 -0.10835
-0.34584 -0.02219 -0.09687
-0.14453 -0.09847 0.14466
-0.03925 0.04215 -0.03668
-0.04283 0.07668 -0.09510
-0.20630 0.04942 -0.09610
-0.07073 0.09702 0.07456
0.10383 0.00215 0.06855
-0.03683 0.01056 -0.12341
0.41324 -0.01726 0.08172
0.00563 -0.05811 -0.11080
0.40727 -0.03856 0.11923
0.03005 -0.06906 -0.08575
0.30528 -0.07155 -0.11607
-0.16887 -0.10500 -0.13832
-0.00750 -0.05470 0.08197
0.17677 -0.03036 0.05500
0.17720 -0.04058 0.09826
0.17677 -0.03017 0.02713
-0.02047 -0.10120 0.14193
-0.16155 -0.02098 0.12037
-0.41810 -0.00624 -0.03336
0.35367 -0.09966 0.13567
-0.18664 -0.09498 0.11876
-0.18637 -0.04781 -0.11191
0.26026 -0.02152 -0.10752
0.25313 -0.02259 -0.09429
-0.06442 0.10122 -0.01997
0.07754 0.08622 0.00853
-0.26776 -0.03353 -0.15403
0.25155 -0.05638 0.13563
0.32449 0.01005 -0.05186
0.32356 0.01051 -0.03856
0.28661 0.01416 -0.03885
-0.32850 0.01885 0.12545
-0.10200 0.08904 0.08761
-0.14367 -0.08879 -0.14035
0.20969 -0.00978 0.14773
0.08500 0.00206 0.11879
0.41126 -0.03176 0.10174
-0.14501 -0.07629 -0.14262
0.38199 -0.03348 0.08001
-0.23727 -0.04176 -0.11230
0.09065 0.01799 0.12672
-0.01635 -0.01865 0.10517
0.35642 0.00663 -0.05277
0.37040 0.00522 -0.05432
0.31758 -0.11323 0.11194
-0.20479 0.06343 0.09409
-0.20479 0.05089 0.09674
-0.23891 0.03762 0.12533
0.18064 0.00031 -0.14443
0.11573 0.02141 0.07764
0.03629 0.09878 0.00015
-0.09273 -0.09462 -0.12684
-0.38125 0.01953 0.07281
-0.13138 -0.06432 0.02485
-0.10459 -0.05502 0.02485
-0.13036 -0.05261 0.02485
-0.09613 -0.05036 0.02485
-0.04370 -0.03779 0.02485
-0.06638 -0.04759 0.02485
-0.09511 -0.04398 0.02485
-0.08709 -0.04613 0.02485
-0.16206 -0.08848 0.02485
0.00830 -0.02122 -0.03478
-0.03897 0.09559 0.00733
0.17775 0.01992 0.12887
-0.01235 -0.03968 0.06005
-0.14435 -0.10139 -0.14385
-0.13509 -0.09485 -0.14649
-0.20661 0.03385 -0.06319
-0.22191 0.03275 -0.04961
0.05641 0.09354 0.03466
-0.22182 0.07397 0.09166
-0.37571 0.01691 -0.05195
-0.35067 0.01964 -0.04891
-0.22139 -0.02938 0.13888
-0.15257 -0.05060 -0.13716
-0.10775 -0.06774 0.15130
-0.01880 -0.06839 0.14981
-0.11377 -0.06201 0.15228
0.04980 -0.03105 -0.15155
0.27157 -0.09954 -0.14865
0.25645 -0.05328 0.13142
-0.04577 -0.09388 0.11858
-0.10870 -0.01183 0.15113
0.27718 0.01418 0.07616
0.29613 0.01269 0.05853
0.28779 0.01336 0.06569
0.01842 -0.07785 0.11066
0.06287 -0.06010 -0.01635
0.05528 -0.06126 0.00759
0.15496 0.02461 -0.11905
0.42757 -0.08766 -0.03590
-0.01212 0.09878 -0.05690
0.26952 0.01114 0.12758
-0.01123 0.02054 0.13302
-0.41608 -0.07499 -0.13483
0.04381 0.08589 -0.08652
0.07050 -0.09362 0.12014
-0.18922 0.03400 0.08154
-0.31823 -0.00318 -0.14166
-0.00855 0.00770 -0.07073
0.41265 -0.00636 -0.05476
0.25645 -0.13532 0.15428
-0.03579 0.05075 -0.08576
0.32711 0.00550 -0.09868
-0.02451 0.05077 -0.06024
0.31427 -0.00333 -0.13773
-0.12319 -0.03185 -0.15361
-0.05537 -0.03821 -0.15329
-0.02855 -0.02884 -0.15213
0.05655 -0.05455 -0.11192
0.26983 -0.05066 0.15063
0.37538 0.00698 -0.00651
-0.43771 -0.04484 -0.10233
0.02855 0.08469 -0.09775
-0.30375 -0.02451 -0.14920
-0.01943 0.00226 -0.13010
0.26640 -0.03005 0.13376
-0.01386 -0.07215 0.13051
-0.41415 -0.00249 0.11396
-0.30011 -0.05740 0.15215
-0.07823 0.02527 -0.13381
-0.05341 0.02547 -0.13371
-0.10242 0.02810 -0.13249
-0.03331 0.01199 0.07563
-0.14479 -0.07025 -0.13295
-0.41824 -0.01473 0.05343
-0.12501 0.09029 0.05810
0.12880 0.02427 0.04517
-0.06628 -0.09440 -0.12404
-0.36285 0.01865 0.11020
0.13570 0.04464 0.06564
0.40827 0.00023 -0.00010
-0.38205 0.00809 0.12818
0.15438 -0.05428 -0.11957
0.16246 0.02207 -0.05872
-0.16287 -0.03201 -0.15420
-0.00778 0.00629 0.09352
0.02981 0.09689 0.04865
-0.24376 0.02365 0.13231
-0.16867 0.00688 -0.14483
-0.15703 -0.03873 -0.12893
-0.13049 0.09347 -0.07545
0.15539 0.02659 0.10397
-0.40519 -0.02313 -0.03561
0.01559 0.00274 0.14547
-0.14013 0.02146 -0.13104
0.07846 -0.05524 -0.09706
-0.03928 0.11011 0.04618
0.17316 -0.08674 0.04883
0.17275 0.02145 -0.02545
-0.17625 -0.12008 0.12050
-0.23549 -0.03059 -0.12638
-0.03778 0.02963 -0.08981
-0.02894 0.09223 -0.09010
-0.20045 -0.00888 -0.00520
0.24587 0.00478 0.13884
0.44214 -0.03883 0.01564
-0.42043 0.00142 0.03027
-0.35143 0.01848 -0.06708
-0.10812 -0.03762 0.15428
-0.16168 0.09601 0.00182
-0.40004 -0.01348 -0.10924
0.10676 -0.00732 0.03325
-0.23706 -0.13213 -0.15474
-0.18356 -0.05002 0.15321
-0.16808 -0.00401 0.08740
-0.17194 0.00618 0.06888
-0.16626 -0.00885 0.08177
-0.16950 -0.00032 0.06408
-0.16907 -0.00153 0.03477
-0.26506 -0.04856 0.13520
-0.33237 0.00396 -0.13690
-0.05831 0.09213 -0.07732
-0.12143 0.09748 0.03164
-0.40953 -0.02205 0.13182
0.30266 -0.10601 -0.14037
-0.41974 -0.03647 0.12876
-0.02680 -0.09362 -0.09991
-0.07774 -0.06973 0.05763
0.16835 -0.07220 0.13865
0.36618 -0.03513 -0.14247
0.25213 0.01578 0.09230
0.15171 -0.04871 0.15109
-0.02644 0.05533 0.07663
0.32462 -0.10851 0.13393
-0.20218 0.08358 -0.05244
-0.22214 0.08218 -0.03155
-0.38305 -0.03395 -0.08294
-0.12932 -0.05457 0.09021
-0.11856 -0.05420 0.08924
-0.11573 -0.05403 0.07636
-0.40558 -0.02329 0.04028
0.31434 -0.07025 0.15436
0.02294 0.09282 0.01339
0.08190 -0.09534 -0.14354
0.00041 -0.09722 -0.14360
-0.35981 -0.03354 -0.07291
0.31314 -0.00177 0.13686
0.04709 -0.05524 0.03281
0.03815 -0.09362 0.03281
0.13893 -0.09362 -0.11750
0.15313 -0.09362 -0.12016
0.21571 -0.09470 0.11458
0.04805 -0.06121 -0.06427
-0.01658 -0.01051 -0.11879
-0.02524 0.09410 -0.04702
0.43148 -0.10144 -0.04306
0.03107 -0.07661 -0.03143
-0.27112 -0.07464 -0.11214
-0.19369 0.00127 -0.02208
0.04578 0.08641 0.08178
0.15129 0.03570 -0.03906
-0.04689 0.09160 0.08559
0.14581 -0.02469 0.15010
-0.01459 -0.02390 0.15152
0.06428 -0.02352 0.15076
0.02978 -0.03726 0.15227
-0.16930 -0.06680 -0.11438
-0.20084 -0.12141 0.15386
0.16241 -0.01254 -0.12728
0.22485 -0.05472 0.11652
-0.22103 0.06203 -0.11166
-0.23292 -0.05160 0.12953
-0.29300 0.00404 -0.12140
-0.30971 0.01469 -0.11843
-0.12883 -0.05063 0.15393
-0.14415 -0.05927 0.15312
0.10908 -0.01998 -0.15003
-0.40851 0.01660 0.02467
-0.44570 -0.05719 0.02578
0.02144 -0.09362 -0.10332
0.02137 -0.09362 -0.09044
0.04563 -0.09362 -0.08724
-0.22900 -0.06427 -0.15127
-0.02175 -0.07868 -0.12763
-0.05364 0.09213 0.09025
0.23928 -0.13292 -0.12687
-0.19049 -0.02895 -0.12959
-0.16948 -0.09378 -0.15298
0.14285 0.02050 0.12122
-0.39183 0.01948 -0.05348
-0.38428 0.02098 -0.03755
-0.00617 0.00332 -0.07885
0.41123 -0.00551 0.05465
-0.00146 -0.07806 -0.06486
-0.29087 -0.06993 0.14214
-0.29311 -0.07913 0.13590
0.42631 -0.03387 0.00364
0.01279 -0.03695 -0.15240
0.00392 -0.02294 -0.15127
0.05557 -0.02448 -0.15092
0.08039 -0.08171 -0.05791
-0.22845 -0.03008 0.13117
-0.01172 -0.05050 -0.12729
-0.41584 -0.02110 0.10158
-0.07025 -0.09427 -0.07112
-0.06425 -0.09417 -0.09832
-0.07673 -0.09438 -0.08576
0.30828 -0.09963 -0.11279
0.08980 0.07605 0.05262
-0.31634 -0.04524 -0.11029
-0.29856 -0.04539 -0.12082
-0.41759 -0.00355 0.03284
0.38846 0.00371 0.00804
-0.40994 -0.01113 -0.07645
-0.02173 -0.07560 -0.13195
-0.33198 0.02156 -0.02780
-0.31653 0.02254 -0.02137
-0.02780 0.08045 0.09827
-0.41453 0.01267 0.05367
-0.03042 -0.07688 0.00813
0.17441 -0.01703 -0.09234
-0.00708 -0.00722 0.10932
-0.33705 -0.02568 -0.09106
-0.19261 -0.06527 0.11798
-0.38378 -0.03834 -0.07235
-0.37108 0.02121 -0.06260
-0.39424 0.01372 0.11822
0.12828 0.00138 0.14489
0.05887 0.00716 -0.14305
-0.04176 0.09055 -0.06040
-0.04176 0.08897 -0.07244
-0.11542 0.09571 -0.06508
-0.09099 0.09837 -0.05455
0.02085 -0.09396 0.14470
0.08204 -0.09167 0.14446
-0.21213 0.03005 -0.12160
-0.21031 0.01212 -0.12287
-0.22074 0.02856 -0.12116
-0.25599 -0.11865 0.11232
-0.27046 -0.03839 0.10914
-0.03213 0.02575 -0.08649
-0.10776 0.08576 -0.09664
0.37608 -0.03623 0.14051
-0.20011 0.01151 -0.14154
0.41453 -0.04617 0.12249
-0.20926 -0.12028 -0.12281
0.17028 0.02189 -0.10857
-0.21471 -0.14264 0.12178
0.00606 0.09317 0.04317
-0.20475 -0.14022 0.15110
0.16887 -0.06362 -0.13548
-0.13468 -0.05442 0.12049
