-0.42544 -0.07336 0.00733
-0.38588 -0.02464 -0.10932
0.21759 0.00496 -0.16309
0.17561 0.00452 -0.16309
0.22836 0.03445 -0.14137
-0.19672 -0.01398 -0.03835
-0.42140 -0.01083 0.14356
-0.11635 0.01397 -0.12893
-0.18389 -0.01779 0.05869
-0.22589 -0.09434 -0.12276
-0.37284 0.03123 -0.10642
0.12374 0.04617 -0.09994
-0.18669 -0.01141 -0.09793
0.22416 0.04586 0.05362
0.21805 0.04647 0.04517
-0.31208 0.03941 -0.10196
-0.30221 0.02083 -0.16309
0.25695 -0.05360 -0.10056
0.39144 -0.09272 -0.01884
-0.39044 -0.02173 0.16108
-0.31429 -0.02121 0.16108
0.33457 -0.10377 -0.11931
-0.17757 -0.02289 -0.04252
-0.23142 -0.01678 -0.15491
0.27710 -0.11034 -0.09563
-0.35032 -0.07722 -0.16168
0.07134 0.00179 0.16108
0.25462 -0.04402 0.13050
0.24822 -0.09333 0.11648
-0.22151 -0.08260 0.14281
-0.24406 -0.12884 0.13200
-0.37668 -0.07133 0.00504
-0.19623 -0.00406 -0.10519
0.27126 -0.12796 -0.12651
0.44561 -0.04167 0.10006
-0.23346 -0.02845 -0.10493
-0.43821 0.02070 0.01988
-0.01238 -0.06298 -0.12049
-0.24232 -0.01719 0.15290
-0.43691 -0.05499 -0.05082
-0.14667 -0.05942 0.10358
0.02012 -0.10073 -0.08809
0.13061 -0.10100 -0.08559
0.14138 -0.10025 -0.09238
0.12840 -0.10003 -0.09440
-0.00151 -0.10083 -0.08719
0.02366 -0.09965 -0.09783
0.19554 -0.09842 -0.10898
0.02926 -0.09930 -0.10099
0.08206 -0.09960 -0.09828
0.13231 -0.09958 -0.09847
0.01407 -0.09990 -0.09556
0.11641 -0.10104 -0.08523
-0.05303 -0.10085 -0.08702
0.17745 -0.09861 -0.10728
0.16373 -0.09996 -0.09507
0.10652 -0.10030 -0.09192
-0.10951 -0.10111 -0.08461
0.15492 -0.09912 -0.10267
0.09094 -0.09949 -0.09932
0.17025 -0.09881 -0.10541
0.18359 -0.09938 -0.10025
0.19820 -0.10111 -0.08459
-0.27208 -0.05929 -0.14482
-0.15430 -0.04247 -0.02319
0.27303 -0.03184 0.13542
0.08432 -0.02724 0.07109
-0.14348 -0.01935 0.13767
-0.15780 -0.03062 -0.08612
0.31356 -0.10477 -0.16678
0.31469 -0.09750 -0.07069
0.26884 -0.09932 -0.07006
0.27763 -0.09918 -0.06500
0.28387 -0.09903 -0.06285
0.28063 -0.09949 -0.05488
0.25782 -0.10050 -0.05198
0.26093 -0.09938 -0.07587
0.24268 -0.09997 -0.07883
0.21818 -0.10301 -0.02894
0.26365 -0.10059 -0.04437
0.32892 -0.09707 -0.06760
0.27702 -0.10018 -0.04176
0.22293 -0.10198 -0.04931
0.24683 -0.10055 -0.06110
0.29481 -0.09892 -0.05519
0.26164 -0.10104 -0.03541
0.24974 -0.10193 -0.02543
0.32544 -0.09688 -0.07539
0.27835 -0.09852 -0.08024
-0.12957 -0.05645 -0.08382
-0.28020 -0.07551 0.10869
-0.05018 -0.03964 -0.08267
-0.29240 -0.05892 -0.10001
-0.14083 -0.07282 0.04099
-0.27791 -0.03948 -0.14924
-0.22504 -0.00358 -0.12734
-0.22356 -0.03754 0.14281
0.43220 -0.02009 0.11576
-0.15652 -0.02270 0.11457
-0.15466 -0.03550 0.09918
0.22974 -0.08209 0.15607
0.36765 -0.06001 0.16075
0.13788 0.05075 0.01296
0.31862 -0.00044 -0.10985
0.31082 0.00076 -0.10743
0.32116 -0.00083 -0.11531
0.06665 0.03352 0.15047
0.25111 -0.03730 -0.13440
0.40535 -0.00335 -0.12416
-0.32490 0.00696 -0.16309
-0.20168 -0.02093 -0.15056
0.01127 0.12305 -0.05955
0.28319 -0.09592 0.14464
0.44505 -0.05534 -0.07692
-0.09968 -0.03387 0.12782
0.44877 -0.02923 0.04625
-0.08985 -0.00045 0.16108
-0.28364 -0.03905 0.15290
-0.16075 -0.03122 -0.07220
0.31945 0.03466 -0.06023
0.32676 0.03588 -0.00715
0.08691 -0.02964 -0.02439
-0.16047 -0.01432 -0.05409
-0.13280 0.03413 0.11096
-0.32961 0.04143 0.02499
0.43877 -0.01695 -0.08021
-0.42986 -0.06251 0.11093
0.28871 -0.12900 -0.13213
-0.34416 -0.10602 -0.00387
-0.26918 0.02515 0.15915
-0.20657 -0.05754 -0.15491
-0.15404 -0.04246 0.02401
0.24889 -0.00138 0.15411
0.26277 0.00054 0.13128
0.26039 0.00021 0.13648
-0.24393 -0.02531 -0.14813
0.30013 -0.11676 0.09129
0.24955 0.03021 -0.14887
0.34239 0.01681 -0.13500
0.29480 -0.01477 -0.16079
-0.16412 0.00228 0.05030
-0.33376 -0.09432 0.11478
-0.20296 0.03148 -0.12008
-0.05296 -0.04059 -0.13507
-0.11074 0.00332 -0.16309
-0.39085 0.02488 0.12896
-0.37379 -0.07526 -0.15883
0.30954 -0.07002 0.08468
-0.34503 0.01748 0.16108
-0.35974 -0.07615 -0.16135
0.25865 -0.03569 0.16608
-0.20309 -0.10588 -0.10206
0.05703 0.00257 -0.16309
0.00857 0.02621 -0.15022
-0.37767 0.01688 -0.15995
-0.39484 0.00801 0.12395
-0.40096 0.00801 0.11471
-0.39594 0.00801 0.09947
-0.39542 0.00801 0.09246
-0.42351 0.00801 0.11949
-0.41417 0.00801 0.11650
-0.44783 0.00181 0.11782
0.37130 -0.01760 -0.16208
0.37422 -0.08965 0.10401
-0.20854 -0.02041 0.15261
0.31071 -0.08517 0.10571
0.39243 -0.09140 0.03553
-0.28151 -0.04869 -0.15317
0.11601 0.04628 0.09876
0.44904 -0.04440 0.07744
-0.44669 0.01310 -0.03811
-0.02322 -0.04646 0.12489
-0.14563 -0.05878 -0.03846
-0.41842 -0.06931 0.13370
-0.38436 0.02948 0.10189
-0.17512 -0.02065 0.06880
-0.38294 0.02428 -0.14120
-0.39993 -0.02325 0.16108
0.25394 -0.09981 0.16809
-0.18363 -0.08252 -0.13453
-0.25773 -0.03108 -0.12032
-0.28080 -0.06688 -0.12501
-0.43118 -0.02470 -0.12478
-0.42555 -0.02471 -0.14220
-0.43359 -0.02470 -0.13942
-0.40796 -0.02471 -0.13290
-0.42607 -0.02470 -0.10464
-0.44455 -0.02470 -0.13060
-0.18845 0.00644 0.12873
-0.35392 0.02714 0.14537
-0.44142 -0.04408 0.06857
0.08992 0.04131 -0.13254
-0.22907 0.03830 -0.05717
-0.23867 0.04111 -0.02882
-0.22993 0.03904 -0.04202
-0.23746 0.03975 -0.05901
-0.23897 0.03979 -0.06487
0.08659 -0.02940 0.03706
0.32120 0.02264 -0.13596
-0.37123 -0.09150 -0.09189
-0.22817 -0.02625 -0.10001
-0.25443 -0.10461 0.10349
0.28508 -0.02577 -0.15718
-0.43610 -0.05601 0.07642
-0.40841 -0.06214 -0.16295
0.26300 -0.09712 0.11789
-0.24277 -0.10391 -0.14564
-0.30002 -0.01756 0.09425
-0.10744 -0.00352 0.03775
0.30578 -0.03821 -0.15821
-0.39709 0.03028 -0.03494
0.33429 -0.03851 0.09341
-0.37449 0.03167 0.09650
0.19452 -0.09736 -0.11850
-0.34527 0.03853 -0.05444
0.24203 -0.07728 -0.13641
-0.35685 -0.01687 0.16108
-0.29365 -0.02185 -0.14170
-0.42949 -0.01470 -0.14557
-0.39912 -0.01245 -0.14557
0.15243 0.04118 -0.12669
0.34261 -0.07601 -0.15222
0.42714 -0.00670 -0.06030
0.29959 0.01165 0.15919
0.25913 -0.04784 -0.08895
-0.28882 0.04373 0.07385
-0.33215 -0.08413 -0.02216
0.30729 -0.08330 -0.15589
-0.44306 -0.02029 -0.02428
0.38079 -0.08485 -0.12339
0.40887 -0.00238 -0.11410
0.32006 -0.10507 0.13989
0.24450 -0.06142 0.12536
0.25416 0.02586 0.15173
0.25434 -0.01801 0.16161
0.24056 -0.00330 0.16018
0.24292 -0.00245 0.14853
-0.30449 -0.09003 -0.11718
0.43096 -0.01486 -0.10115
0.31225 -0.06074 0.08352
-0.25719 -0.08955 0.14281
0.06715 0.02811 0.15965
0.06756 -0.06102 -0.14140
-0.26834 -0.09190 -0.11749
0.40569 -0.07294 0.13204
-0.44784 0.00233 0.05565
-0.33529 0.04091 0.01940
-0.22872 -0.11627 -0.15491
-0.26894 -0.09897 0.08179
-0.14609 -0.06096 -0.05842
-0.38127 -0.01072 -0.16309
0.32819 -0.10662 -0.14909
-0.24300 -0.01393 -0.10001
-0.25772 -0.09833 -0.14035
-0.21023 -0.07510 0.14280
0.31529 -0.01564 0.09290
-0.44788 0.00619 -0.04324
0.12012 0.03429 0.14902
0.26743 -0.09571 -0.13985
-0.27314 -0.09254 -0.11120
0.07885 -0.01186 -0.10173
0.25130 -0.07346 0.16921
-0.19170 -0.06971 0.15290
0.30962 -0.12394 -0.11381
0.24988 -0.07560 0.13177
-0.06720 -0.04045 0.13229
0.16643 0.04781 0.06117
0.24603 -0.09220 -0.14266
0.09941 0.03797 -0.14439
-0.16196 -0.00470 0.04388
-0.20921 -0.00713 -0.05477
0.25461 -0.06716 -0.10294
0.13006 0.00786 -0.16309
0.36186 0.00584 0.14610
-0.30359 0.04283 -0.06706
0.26725 -0.01028 -0.15055
0.38094 -0.08933 0.09589
0.38621 -0.02322 -0.15908
0.36943 -0.07680 0.13772
0.23135 -0.05787 0.16540
0.44957 -0.03105 -0.03940
-0.43580 -0.05492 -0.11691
-0.33683 -0.10220 -0.01409
-0.11718 -0.06479 -0.09978
0.26860 -0.03733 -0.14028
-0.38341 0.03390 0.00128
-0.24658 -0.08310 -0.13917
-0.38472 -0.09379 0.03640
0.31760 -0.05134 -0.14116
0.24722 -0.03288 -0.14248
-0.11292 0.00853 -0.04588
-0.29975 -0.03275 0.14508
-0.16579 0.02530 0.05003
-0.43861 -0.03970 0.15172
-0.36402 -0.07536 0.02610
-0.29304 -0.03902 0.15290
0.23494 0.02093 -0.16284
-0.29086 -0.05655 -0.15491
0.10682 0.05143 0.01827
0.10857 0.04926 0.06980
-0.42750 0.01479 0.14472
0.31564 -0.06144 -0.16854
-0.14322 -0.06844 0.08183
0.22988 -0.00899 -0.12361
0.20288 -0.10250 0.05366
0.21067 -0.10213 0.05515
0.29080 -0.09818 0.07472
0.28401 -0.09872 0.06803
0.26116 -0.10092 0.03692
0.26862 -0.09920 0.07093
0.21959 -0.10342 0.01597
0.21002 -0.10291 0.03707
0.26841 -0.10089 0.03068
0.20303 -0.10165 0.07369
0.28399 -0.09906 0.05989
0.22191 -0.10201 0.04740
0.26506 -0.09979 0.06016
0.30839 -0.09750 0.07456
0.28101 -0.09960 0.04975
0.33065 -0.09697 0.06630
0.27612 -0.10027 0.03844
0.25577 -0.10022 0.05861
0.23054 -0.10303 0.01504
0.21002 -0.10184 0.06259
-0.25747 -0.00897 -0.14413
-0.26477 -0.00970 -0.11255
-0.25892 -0.00911 -0.15015
-0.26449 -0.00967 -0.10566
0.32000 0.03122 0.09519
0.13863 0.04396 0.11280
-0.27552 0.03804 -0.12869
0.30433 -0.07647 0.12948
0.37613 0.01605 -0.09020
-0.21612 -0.12177 -0.13405
0.30998 -0.09488 0.13321
0.31150 -0.01221 -0.15721
0.24850 -0.00905 0.12502
0.43565 -0.07262 -0.05884
0.07981 -0.06405 -0.10715
-0.16614 0.01261 -0.09791
-0.29673 0.01275 0.16108
0.18681 0.03911 0.12806
-0.40379 0.02833 0.05181
-0.27019 -0.09908 -0.10029
-0.43337 -0.06086 0.01310
-0.15845 -0.01949 0.12454
0.24529 0.04387 0.07719
0.26612 0.03009 -0.14451
-0.22718 -0.03410 -0.12245
-0.24310 -0.00702 0.09879
0.41176 -0.08606 0.02004
0.44895 -0.03321 0.06400
0.21724 0.04761 0.01807
0.21881 0.04701 0.03121
0.07510 0.03327 0.15192
-0.38774 -0.08186 -0.13364
-0.26439 -0.10064 0.10440
0.27422 -0.02661 -0.14735
-0.43030 0.02270 0.02486
0.44601 -0.02355 0.00389
0.25312 -0.09525 -0.14245
-0.26472 -0.09554 -0.14467
-0.12255 -0.06085 0.09210
-0.36301 -0.09280 0.09558
0.25906 -0.03837 0.12798
-0.34164 -0.01715 -0.16309
-0.38938 0.02985 -0.08880
-0.22680 -0.09714 -0.14802
0.40114 -0.08860 -0.04188
0.39332 -0.09119 -0.03684
-0.22426 0.03652 0.05868
-0.16213 -0.00732 0.08504
-0.25791 -0.01656 -0.10001
-0.44372 -0.01652 -0.13127
0.37612 -0.08891 -0.10821
-0.15097 -0.04677 -0.05138
0.25381 0.03606 -0.12857
0.30244 -0.03002 0.13643
0.09726 0.04629 -0.10456
-0.16009 0.02887 0.13333
-0.15396 -0.03784 -0.07494
-0.33829 -0.09214 -0.12779
-0.12269 -0.04556 0.12820
-0.19031 -0.01738 -0.02890
-0.30854 -0.05181 0.13104
-0.18631 -0.09133 -0.13135
0.22879 -0.08683 -0.13625
0.07749 0.00093 0.16108
-0.13387 0.00092 0.16108
-0.44199 -0.04204 0.02832
-0.27224 -0.08147 0.14281
-0.21246 -0.08933 -0.10559
-0.21962 -0.04121 -0.14482
-0.21862 -0.07711 -0.14482
0.31479 0.03176 0.09978
0.26383 0.03020 0.14311
0.42805 -0.00798 -0.07948
-0.14854 -0.05173 -0.04196
0.25226 0.04438 0.05462
-0.14974 -0.05078 -0.07786
-0.22903 -0.07596 0.14183
-0.22121 -0.12449 0.11382
0.31550 -0.06807 -0.15477
0.02578 0.01435 -0.05757
0.33774 -0.06487 -0.11818
0.40189 -0.08718 0.06270
-0.24358 -0.02907 0.11549
0.27967 -0.00861 0.09742
-0.19065 -0.03425 0.10433
0.08575 -0.01682 -0.05464
0.21179 0.04394 0.09076
-0.03975 -0.04055 -0.11766
0.31759 -0.05218 0.12996
0.23852 -0.10803 0.11569
0.22555 0.01970 -0.16309
0.01224 0.11512 -0.09076
-0.12027 -0.04525 -0.13361
0.14990 0.01450 -0.16309
-0.16384 -0.01785 0.11774
0.39539 -0.08507 -0.10096
-0.16125 0.03301 0.10918
-0.44090 -0.04578 0.07632
-0.20529 -0.01380 0.14126
-0.37517 0.02402 0.14608
-0.01337 -0.06842 -0.05589
0.35746 -0.02420 0.16108
-0.34838 -0.09133 0.12558
-0.41333 -0.07652 -0.08962
0.29705 -0.09808 0.09965
0.16041 0.05001 -0.01491
0.37378 -0.09274 -0.08563
-0.32803 0.04098 0.04461
-0.30705 -0.04689 -0.13005
0.06396 -0.02154 0.13898
-0.30566 -0.04233 -0.12423
-0.19514 -0.10551 0.12323
0.15260 0.03509 0.14650
0.40353 -0.05727 0.14980
-0.33285 0.03983 -0.06420
-0.43123 -0.00321 0.14383
-0.42033 0.00042 0.14283
-0.15343 0.03733 -0.10570
0.30057 0.03477 0.09765
-0.23360 -0.12776 0.11582
-0.26481 -0.01939 0.09800
0.08669 0.01540 0.03239
-0.29601 -0.03433 0.10006
-0.30816 -0.06537 0.14569
0.08657 -0.02742 -0.03928
0.34848 0.02844 -0.04297
-0.11526 0.01283 0.06356
0.30483 -0.08813 0.10657
-0.39519 0.02957 -0.07456
-0.32306 -0.06826 -0.10447
-0.32172 -0.05631 -0.12666
-0.32338 -0.07112 -0.11998
-0.29621 -0.09467 0.10013
-0.21439 -0.08879 0.09882
0.27289 0.03836 -0.10444
0.07753 -0.02844 -0.11107
-0.40334 0.02979 0.00153
-0.19700 -0.04639 0.15290
-0.32021 0.04329 -0.00379
-0.22714 -0.02824 0.14538
0.31166 -0.12346 -0.12751
-0.16362 0.00544 -0.12986
0.08690 0.01010 -0.01331
-0.27960 -0.09845 0.14206
0.39546 -0.08878 0.06819
-0.26454 -0.03374 -0.14254
-0.42566 0.00659 -0.08071
0.42036 -0.08062 0.06747
-0.35413 -0.07301 0.01990
-0.23383 0.03431 -0.11779
-0.23156 0.03544 -0.10337
-0.23312 0.03745 -0.08742
-0.29658 0.03005 0.14979
-0.23906 -0.02635 0.12155
0.32249 -0.01651 -0.14713
0.30617 0.04019 0.00132
-0.32770 0.03692 0.10877
0.02927 0.02363 -0.16099
0.27452 -0.09697 0.15496
-0.35836 0.03363 0.10235
0.44868 -0.03324 -0.06029
0.36524 -0.05650 -0.09832
0.27662 -0.00447 0.15180
0.38552 0.01649 -0.03571
0.16104 0.02550 -0.16204
-0.11828 0.01680 0.12621
0.19892 0.03244 -0.15006
0.25193 -0.02534 -0.13773
-0.32634 0.02862 -0.15024
-0.31066 -0.02966 0.08959
-0.31311 -0.03357 0.10740
0.42853 -0.07861 0.03079
0.44101 -0.06223 0.06160
0.07442 0.04131 -0.12473
0.25534 -0.10951 -0.14612
0.20345 0.03454 -0.14507
-0.39661 -0.06726 0.15960
-0.00370 -0.00347 -0.16309
-0.02474 -0.00632 -0.16309
-0.06070 -0.00420 -0.16309
-0.11732 -0.00492 -0.16309
-0.07154 -0.00396 -0.16309
-0.11060 -0.00427 -0.16309
0.03520 -0.00575 -0.16309
-0.15561 -0.00661 -0.16309
0.16923 0.04898 0.03052
-0.26960 -0.06992 -0.14482
0.03182 0.06480 -0.15241
-0.06026 -0.03960 0.04648
0.03881 0.05806 0.15067
-0.23258 -0.00129 0.13091
-0.19028 -0.05785 0.15290
0.37231 -0.09487 -0.06057
-0.20092 -0.03339 -0.10001
0.43173 -0.07789 -0.00530
0.27564 0.04200 0.05728
0.02798 0.02435 -0.08111
-0.27694 -0.11854 -0.10657
-0.01842 -0.04874 -0.11282
-0.27453 -0.09076 -0.14736
0.01750 0.12040 0.05333
0.39701 0.00335 0.11382
-0.41421 -0.07156 -0.13581
0.20760 -0.01367 -0.16309
-0.00513 -0.02184 -0.16309
0.16953 -0.02451 -0.16309
-0.10269 -0.02554 -0.16309
0.18650 -0.02372 -0.16309
0.18522 -0.01703 -0.16309
0.06555 -0.02560 -0.16309
-0.44288 -0.02583 0.00150
0.25430 0.03860 0.11629
0.43854 -0.01589 -0.04923
0.07272 0.06707 -0.07106
0.08559 0.05696 -0.05987
0.02926 0.10405 -0.08054
0.02423 0.10869 -0.07801
0.08190 0.05931 -0.06861
0.06614 0.07232 -0.07607
0.43974 -0.01955 0.08489
-0.44826 0.00209 -0.08164
-0.35459 0.03592 0.08364
0.31885 -0.02392 -0.16540
0.27696 -0.02774 0.13767
-0.17483 -0.01782 0.09032
-0.33507 -0.07603 -0.16309
-0.40782 -0.07876 0.09270
0.31080 0.03591 -0.07058
0.31392 0.03692 -0.03904
-0.18925 0.02255 -0.13395
-0.44315 -0.03246 0.14091
0.22744 0.04682 0.02648
0.17453 0.04978 -0.00842
-0.24387 0.03859 -0.09527
-0.25267 0.04141 -0.08307
-0.23551 0.03840 -0.08235
-0.23893 0.02110 0.15819
-0.18124 -0.07085 0.11796
0.30069 0.03850 0.05417
-0.05632 0.01488 0.16108
0.08114 -0.04764 -0.09772
-0.20893 -0.01016 -0.00001
-0.21537 -0.08292 0.14281
-0.09970 -0.03097 -0.12451
-0.15109 -0.04013 0.06326
-0.11314 0.00940 -0.10110
0.21523 0.03519 0.13886
-0.30384 0.00238 -0.16309
0.36311 -0.04639 0.15781
-0.12178 0.02188 0.12131
-0.42987 -0.06393 -0.08515
-0.28000 -0.05491 -0.11398
-0.40740 -0.07428 0.13524
0.37190 -0.08746 -0.09841
0.03424 0.03334 -0.05010
0.29665 -0.03061 0.09467
0.34554 0.01714 0.12957
-0.30350 -0.03654 0.12873
-0.43021 -0.06459 -0.03217
0.39408 -0.07218 0.14394
0.14224 -0.10265 -0.05210
0.03977 -0.10344 -0.03170
0.16534 -0.10255 -0.05476
-0.06219 -0.10391 -0.01938
-0.03876 -0.10444 -0.00581
0.01713 -0.10338 -0.03324
0.04206 -0.10408 -0.01517
0.09926 -0.10260 -0.05352
0.15259 -0.10376 -0.02348
0.09803 -0.10289 -0.04595
0.14645 -0.10231 -0.06093
0.09992 -0.10389 -0.02011
0.18946 -0.10247 -0.05684
0.01880 -0.10460 -0.00158
0.02886 -0.10420 -0.01195
0.19135 -0.10417 -0.01280
-0.04483 -0.10409 -0.01479
-0.01412 -0.10422 -0.01137
-0.05030 -0.10401 -0.01687
0.07252 -0.10386 -0.02065
0.00075 -0.10350 -0.03016
0.10495 -0.10357 -0.02827
0.05762 -0.10317 -0.03874
-0.04968 -0.10453 -0.00349
0.07671 -0.10303 -0.04217
0.16195 -0.10383 -0.02154
-0.13780 -0.10460 -0.00169
0.19469 -0.10240 -0.05868
-0.03160 -0.10384 -0.02132
0.15914 -0.10274 -0.04969
0.03666 -0.10439 -0.00713
-0.03772 -0.10412 -0.01411
0.15683 -0.10334 -0.03418
0.09283 -0.10263 -0.05271
0.05662 -0.10393 -0.01882
0.09503 -0.10406 -0.01563
0.12965 -0.10271 -0.05047
0.01068 -0.10407 -0.01543
0.11920 -0.10360 -0.02740
-0.08808 -0.10428 -0.00997
0.08653 -0.10266 -0.05186
0.15773 -0.10205 -0.06757
0.03242 -0.10387 -0.02047
0.11172 -0.10273 -0.05005
0.09329 -0.10317 -0.03852
0.19586 -0.10351 -0.02992
0.17961 -0.10354 -0.02912
-0.25905 -0.04351 0.14281
-0.16795 -0.02473 0.07459
-0.02693 -0.04675 -0.03673
-0.25359 -0.01226 -0.15491
0.29221 -0.12116 0.09485
-0.34217 0.03088 0.13442
0.15444 0.03552 -0.14781
0.32697 0.03445 0.03062
-0.33947 -0.07229 -0.00273
-0.39655 -0.07190 -0.00117
0.23160 -0.05208 0.16419
0.29947 -0.04643 0.14033
-0.14374 -0.02879 -0.12731
0.28666 -0.11063 0.15413
0.03673 0.05195 -0.05270
-0.10674 -0.00585 -0.03784
-0.31909 -0.04882 -0.15860
-0.10194 -0.01824 -0.04798
-0.42285 -0.02075 0.16108
0.08008 -0.01766 -0.09787
-0.28876 0.03780 0.12524
0.27523 -0.10113 -0.10700
-0.33293 -0.08254 0.03493
-0.24852 -0.02762 0.14349
0.27980 -0.12831 -0.10797
0.28241 -0.11754 -0.15619
-0.17794 -0.01781 -0.08286
0.36638 -0.06168 0.09183
0.37064 -0.08166 0.10121
-0.02059 0.02556 0.14398
0.14187 0.04876 -0.06023
0.14250 0.04957 -0.03998
0.27352 -0.05998 0.14262
-0.15933 0.02154 -0.15246
-0.40409 0.01390 0.15573
-0.09100 -0.05778 0.14328
0.28395 0.00173 -0.08760
0.29574 0.00173 -0.12409
0.30323 0.00173 -0.09640
0.28862 0.00173 -0.11281
0.07891 0.02416 -0.09842
-0.28155 -0.05231 0.10185
-0.04721 -0.03984 0.10012
-0.01355 -0.06889 0.05513
0.23786 -0.00312 -0.16309
0.08622 0.01817 -0.04492
-0.43638 0.01724 0.11420
-0.38927 -0.08518 -0.10428
-0.25069 -0.12862 -0.13185
0.30842 -0.11703 -0.10728
-0.18031 0.00476 0.13522
0.08292 0.03616 0.07673
-0.16863 -0.00460 0.16108
0.28897 -0.09978 0.09506
-0.35070 0.03747 -0.06386
-0.15469 -0.03729 -0.06548
0.08671 -0.01895 0.00148
-0.38795 -0.08803 0.06546
-0.21934 -0.05967 -0.14482
0.33623 -0.10060 -0.13945
0.01362 0.12031 -0.05416
-0.27689 0.04544 0.04854
-0.38588 -0.02465 0.10071
-0.44303 -0.02861 0.12890
0.11602 0.04671 -0.09717
-0.41668 0.00523 0.13678
-0.34575 -0.08655 0.14663
-0.39081 0.01918 0.15031
0.28431 -0.02009 0.15138
0.14699 0.03414 -0.15014
-0.22064 -0.03905 -0.12955
-0.03227 -0.04258 0.12777
0.22266 -0.08147 0.13984
-0.34105 0.04075 0.00064
-0.24919 -0.03539 -0.14482
0.08005 -0.00445 0.09299
0.26150 -0.09025 -0.10160
-0.28862 -0.08049 -0.15112
0.39125 0.01065 0.08481
-0.10587 -0.00903 0.03374
-0.13306 0.03161 0.13450
0.30258 -0.04078 -0.15292
0.08693 -0.05510 0.01945
-0.44543 -0.00839 0.08746
0.40480 0.00157 -0.10341
-0.30627 -0.10151 -0.00018
0.27609 0.03464 0.12266
0.09470 0.04931 -0.07224
-0.29130 -0.08145 0.09800
0.28593 0.04287 0.01123
0.07208 0.00552 -0.12147
0.40776 0.00184 0.09088
-0.36643 0.02635 -0.14327
0.25143 -0.08888 -0.13390
0.06781 0.02342 0.12947
0.08181 0.01472 -0.08540
-0.19606 -0.00839 0.08820
-0.06387 -0.04010 0.03750
-0.11865 0.01773 -0.05084
-0.42338 0.01931 -0.12509
0.01566 -0.10398 0.01573
-0.05341 -0.10328 0.03385
0.06359 -0.10379 0.02062
-0.10315 -0.10436 0.00573
-0.12322 -0.10324 0.03487
-0.01157 -0.10307 0.03913
-0.02558 -0.10343 0.02985
-0.04116 -0.10434 0.00625
-0.13623 -0.10376 0.02121
0.09694 -0.10415 0.01126
0.04692 -0.10432 0.00682
-0.08222 -0.10350 0.02810
-0.05499 -0.10306 0.03954
-0.11158 -0.10248 0.05452
0.02700 -0.10427 0.00817
-0.10339 -0.10238 0.05719
-0.00090 -0.10383 0.01964
0.01724 -0.10362 0.02487
-0.05977 -0.10322 0.03520
0.09417 -0.10384 0.01923
-0.09977 -0.10203 0.06617
-0.04833 -0.10358 0.02594
-0.12391 -0.10453 0.00136
-0.11997 -0.10300 0.04096
0.08296 -0.10407 0.01343
0.07493 -0.10362 0.02496
-0.14795 -0.10174 0.07363
0.00108 -0.10285 0.04502
-0.12706 -0.10250 0.05412
-0.09434 -0.10358 0.02611
-0.04715 -0.10255 0.05276
0.04243 -0.10378 0.02076
0.00951 -0.10384 0.01935
-0.05289 -0.10423 0.00907
0.12023 -0.10419 0.01023
0.01626 -0.10321 0.03563
-0.10372 -0.10382 0.01986
-0.00559 -0.10285 0.04483
-0.12705 -0.10189 0.06985
0.08290 -0.10455 0.00072
-0.06535 -0.10317 0.03673
-0.04383 -0.10401 0.01480
-0.09798 -0.10456 0.00070
-0.11825 -0.10264 0.05037
-0.12920 -0.10349 0.02828
0.05438 -0.10340 0.03073
-0.18747 -0.03648 -0.12503
0.33910 -0.00965 -0.14621
-0.26434 -0.02946 -0.10929
0.08450 0.04235 0.06472
0.07131 0.02135 -0.12290
0.33417 -0.00597 0.10902
0.32805 -0.00344 0.14934
-0.34589 0.03926 0.02652
0.21381 0.03996 -0.12286
-0.34213 -0.10740 0.00738
-0.35871 -0.10716 0.01044
-0.41758 0.02598 -0.02327
-0.43509 -0.04701 0.15208
0.26713 -0.09885 0.16246
-0.26338 -0.03431 0.14281
-0.44296 -0.02266 -0.08891
0.14993 0.04763 0.07883
0.33251 0.02537 0.11701
-0.43275 0.01500 -0.13825
-0.14933 -0.00371 0.14375
-0.35223 0.02610 -0.14979
-0.33570 -0.01978 -0.16309
-0.36749 -0.02024 -0.16309
-0.24651 0.00621 0.16108
-0.31245 0.00628 0.16108
-0.24669 -0.10902 -0.10001
-0.21265 -0.04926 0.11212
-0.19114 -0.07333 -0.15491
0.36911 -0.07500 0.14649
0.36413 -0.05124 0.10115
0.23526 -0.06205 -0.13865
-0.11097 0.00549 -0.06360
-0.25248 -0.10358 0.15290
-0.27254 0.00194 0.16108
0.41748 -0.08443 -0.01143
-0.27810 0.04474 -0.06800
-0.44509 -0.00920 -0.07130
0.36862 -0.07225 0.10205
0.14434 0.03960 -0.13362
0.08692 -0.03050 0.02185
0.40258 -0.08851 -0.03528
0.15713 0.04658 -0.08774
0.24083 -0.00320 -0.09820
-0.31337 -0.03397 -0.12590
-0.31080 -0.02989 -0.14709
-0.16213 -0.00196 0.12809
-0.15690 -0.02680 -0.04972
-0.18289 -0.01725 -0.06968
-0.07656 -0.04069 -0.06568
0.28758 -0.09811 -0.08093
0.15772 0.02267 0.16108
0.08753 0.02271 0.16108
0.13878 0.02329 0.16108
-0.32225 -0.01358 -0.16309
-0.39232 -0.01553 -0.16309
-0.22930 -0.02929 -0.13514
-0.14023 -0.04826 -0.07303
0.26726 -0.08126 -0.13441
0.31676 0.03079 -0.10574
0.31628 -0.07193 -0.14022
0.40386 -0.04955 -0.15368
0.31833 -0.01793 0.14062
0.03390 0.04779 -0.06371
0.20816 -0.04954 -0.10684
0.20755 -0.05494 -0.10387
0.20614 -0.06754 -0.08866
0.20642 -0.06506 -0.09364
-0.44302 -0.02857 0.06094
-0.42005 0.02162 0.10858
-0.38059 -0.08605 -0.12242
0.29566 -0.06893 -0.14431
-0.41603 -0.07468 0.09212
0.22563 0.03086 -0.15063
-0.41407 0.01942 0.13439
0.33855 -0.08952 -0.11849
0.18169 0.04819 0.03851
0.18486 0.04922 0.01069
-0.27013 0.04445 0.07783
-0.27593 0.04479 0.06662
0.27512 0.04269 -0.04590
0.27201 0.04240 -0.06015
0.13542 0.04956 -0.04565
0.13971 0.05057 -0.01775
-0.26079 -0.05212 -0.13917
-0.31835 0.04232 -0.03922
-0.36692 -0.00235 0.16108
0.07253 -0.05761 -0.13361
-0.42544 -0.08518 -0.00551
0.29319 0.04054 -0.04005
0.29690 0.04080 -0.02220
0.12147 0.04857 -0.07960
0.12233 0.04897 -0.06949
-0.41002 -0.02246 0.12131
-0.42564 -0.02246 0.10635
-0.41583 -0.02246 0.13887
-0.44750 -0.02245 0.09217
-0.44617 -0.02245 0.12318
-0.41566 -0.02246 0.12995
0.34906 -0.06157 0.11413
0.20189 -0.08327 0.15468
0.22612 0.03689 -0.13259
0.08053 -0.03731 0.09727
-0.32814 0.03421 0.12617
0.29550 -0.12842 -0.11253
-0.39032 0.02751 0.11199
-0.02861 0.01030 0.16108
-0.38385 0.03249 0.04750
-0.07684 -0.04097 -0.13153
0.42463 -0.07406 0.10048
0.22437 -0.07228 0.12101
-0.16049 -0.01139 -0.12596
0.42780 -0.04719 -0.13728
-0.16455 0.02530 -0.12831
-0.20795 -0.07670 0.14896
0.39966 -0.08883 0.04468
-0.42544 -0.07551 0.01854
-0.21740 0.01558 0.07407
-0.21901 -0.02879 0.15290
-0.37837 -0.08847 -0.10451
0.44791 -0.02685 0.01103
-0.10189 -0.02205 0.03527
0.33341 0.03308 0.02820
0.32931 0.03293 0.04874
0.07713 -0.03959 0.11276
0.18744 0.04201 -0.11734
-0.44291 -0.02629 -0.03907
0.08366 0.03723 -0.07367
-0.28226 -0.01161 -0.09961
-0.28842 -0.01351 -0.10593
-0.42863 -0.08795 0.02231
-0.44560 -0.00712 -0.03706
0.03417 0.05509 -0.06417
0.31406 -0.09589 -0.16796
0.22802 0.04497 -0.07311
0.23670 0.04470 -0.07049
-0.41192 -0.07607 -0.10611
0.26363 -0.08939 0.14225
-0.31090 0.03266 -0.14251
-0.10157 -0.02010 0.12284
-0.20953 -0.06166 -0.13836
-0.19449 0.01754 -0.16114
0.44614 -0.02507 -0.07856
-0.20524 -0.01435 -0.10976
0.44802 -0.02781 -0.05681
0.28070 -0.04578 0.14121
0.08460 -0.05347 0.07146
0.37826 -0.02049 0.15891
-0.26405 0.03348 0.14607
-0.30948 0.04212 -0.07182
0.18043 0.04363 -0.10573
-0.40947 0.01716 -0.14995
-0.20052 -0.07551 -0.10001
0.01040 0.10972 0.11787
-0.13456 0.03524 0.09013
0.32597 -0.04968 0.13350
0.08684 0.01793 0.02599
-0.40172 -0.06842 0.15527
-0.34172 -0.09941 -0.03288
-0.02465 -0.04442 -0.05472
-0.29168 -0.10896 0.14018
0.31705 0.02376 0.13379
-0.26135 -0.00935 0.09823
-0.25923 -0.00914 0.09202
-0.26086 -0.00931 0.13401
0.28334 0.04289 -0.01995
0.27876 0.04147 -0.06277
0.17263 0.04429 0.10046
0.34495 -0.05523 -0.12086
-0.03263 -0.04170 0.06379
0.23880 0.02572 -0.15608
0.33036 0.03151 -0.07333
0.36269 0.00906 0.13738
0.32536 0.00897 0.15479
-0.13508 -0.04435 0.10265
-0.12155 0.00708 0.16108
0.00060 0.00669 0.16108
0.28477 -0.10094 -0.10954
0.38127 0.01568 -0.07956
-0.27273 -0.00639 0.11026
0.09326 0.01660 -0.16309
0.13293 0.03391 0.14905
0.44446 -0.02236 0.04881
-0.31740 0.04176 -0.05879
0.30966 -0.09837 0.14018
-0.42220 -0.05668 0.15707
-0.34560 -0.08828 -0.02292
0.27422 -0.11262 -0.14171
-0.40443 0.02879 -0.03196
-0.27551 0.02254 0.16108
0.40947 -0.03690 -0.15254
0.00636 -0.09376 0.13223
-0.13301 -0.09670 0.12021
-0.01506 -0.09063 0.14504
-0.06132 -0.09473 0.12825
-0.07807 -0.09219 0.13867
-0.12090 -0.09201 0.13937
-0.02386 -0.09360 0.13288
-0.13262 -0.09184 0.14007
-0.01644 -0.09293 0.13562
0.07369 -0.09200 0.13944
-0.11181 -0.09252 0.13729
-0.14541 -0.09288 0.13582
0.07660 -0.09067 0.14487
-0.07438 -0.09049 0.14560
0.25266 -0.02178 0.10894
0.09509 0.03360 -0.15293
0.14652 0.02846 0.15636
0.44705 -0.03681 -0.07398
-0.21150 -0.02762 -0.15491
0.27144 -0.01450 0.16062
-0.42580 -0.06902 0.03745
-0.28524 0.04239 -0.09427
0.15932 -0.00996 -0.16309
0.18612 -0.00977 -0.16309
0.42807 -0.00660 0.03641
0.18486 0.02668 0.15716
-0.42903 -0.06424 -0.09691
0.20589 -0.06977 0.15991
0.20801 -0.05085 0.12119
0.20832 -0.04815 0.12961
0.20692 -0.06058 0.15264
0.38901 0.01338 0.06367
-0.15176 -0.04303 0.12395
-0.29697 0.04409 0.04529
0.26886 0.01304 0.16108
0.17829 0.01315 0.16108
-0.16592 -0.04299 -0.08393
-0.30849 0.04278 0.05293
-0.41493 -0.07441 0.10548
0.30508 -0.03688 -0.13536
-0.01305 -0.06760 0.10481
-0.29036 -0.05348 -0.10001
-0.26500 -0.00320 0.13060
-0.44729 -0.00194 0.07899
-0.11286 0.00896 -0.05635
0.19258 0.04663 0.06640
0.19145 0.04922 0.00443
-0.22931 -0.09953 -0.12221
-0.10399 -0.01055 0.08685
-0.18816 -0.07885 0.15102
0.24592 -0.08005 -0.13185
-0.03981 -0.04096 -0.04505
0.14950 0.04950 -0.03609
-0.28643 -0.05695 0.09800
0.02935 -0.02114 0.16108
0.21682 -0.02214 0.16108
0.12716 -0.01743 0.16108
0.01723 -0.01902 0.16108
-0.00348 -0.02126 0.16108
0.10899 -0.02004 0.16108
0.00804 -0.02143 0.16108
-0.23853 -0.02405 -0.14842
-0.44523 0.01558 0.07703
-0.20385 -0.00245 0.08804
-0.28868 -0.04696 0.15290
-0.41146 0.01771 0.14621
-0.19763 -0.10791 -0.13143
-0.23472 -0.00894 0.15970
-0.23512 -0.00894 0.13944
-0.14805 -0.05265 -0.13183
-0.38088 0.03241 0.06930
-0.42224 -0.07088 -0.08751
-0.29672 0.03611 -0.13221
-0.35268 -0.09285 0.11348
0.05386 0.02726 0.15745
0.30274 -0.10622 0.14725
0.17437 0.04725 0.06788
0.28526 0.03385 -0.12291
-0.44243 -0.03980 0.03854
0.21360 0.04808 -0.01240
-0.44298 -0.02164 0.03827
-0.25544 -0.12735 -0.14692
0.34647 -0.07897 0.12656
0.29891 0.03325 0.11159
0.32679 0.00659 -0.15884
-0.27476 -0.00306 -0.16309
-0.43895 -0.00484 -0.16309
-0.25701 -0.02846 0.14732
-0.14992 -0.02264 0.12664
0.29584 -0.04480 -0.15041
0.09219 0.04641 0.10100
0.43961 -0.06892 0.05509
-0.44078 0.01879 0.07122
0.31933 -0.03526 -0.11134
-0.18606 -0.09053 0.11522
-0.27555 -0.08307 -0.12930
-0.20023 -0.04755 0.09800
-0.21598 -0.03243 -0.15400
-0.36689 -0.09045 0.11163
-0.37507 0.03486 0.02113
-0.20720 -0.03926 0.09800
-0.09084 0.02436 0.14394
0.43154 -0.06283 -0.12132
0.42465 -0.07299 -0.10728
-0.18838 -0.00080 -0.12593
0.12801 0.02019 -0.16309
-0.19635 0.02032 -0.12587
-0.21253 -0.03790 0.15290
-0.12486 -0.02609 -0.14429
0.33686 -0.06643 0.08593
-0.28521 -0.07077 -0.10798
0.21688 0.02124 -0.16309
0.04134 0.02071 -0.16309
0.01896 0.02042 -0.16309
-0.44502 0.01743 -0.00678
-0.41959 0.00031 0.16108
0.08572 0.02099 0.05060
0.38795 -0.08644 0.10338
-0.28337 -0.03151 0.15290
-0.26218 0.03498 -0.14000
-0.24785 0.03362 -0.13402
-0.30704 0.04059 0.09302
0.08664 -0.00320 0.03380
0.43148 -0.07542 -0.06425
-0.44431 -0.01193 0.02800
-0.41552 0.02655 0.01842
0.08685 0.02762 -0.02752
-0.10896 0.02240 -0.15081
-0.10172 0.02216 -0.15127
0.31077 -0.07694 -0.16673
-0.44720 0.01165 0.01138
0.25135 -0.04207 0.15784
-0.24574 -0.11392 0.15290
-0.22674 0.00760 -0.01936
-0.18854 -0.06014 0.09800
-0.25667 -0.12821 -0.13535
-0.44774 0.00090 0.06747
-0.18047 -0.01380 0.09852
-0.15125 -0.04630 0.08977
-0.01430 0.02242 0.15207
-0.36595 -0.07959 0.15269
0.24697 0.04179 -0.09671
-0.33696 -0.07788 0.16031
0.18241 -0.00933 0.16108
0.20720 -0.01095 0.16108
-0.01591 -0.01174 0.16108
-0.25163 -0.02661 0.11876
0.01393 0.11196 0.09984
0.28762 -0.04733 -0.14133
0.37911 -0.09363 0.05515
0.10183 0.04705 0.09553
0.42785 -0.08005 0.00625
-0.15898 -0.01609 0.04057
0.36300 0.01932 0.09623
0.10430 0.04000 0.13433
0.06106 0.03961 0.15027
0.05341 0.05465 0.14688
-0.34904 -0.09851 -0.03203
-0.43470 -0.05770 0.08748
-0.21260 0.01907 0.15802
0.17428 0.04100 0.12261
0.03132 0.02826 -0.12496
-0.39082 -0.09452 -0.02174
0.34992 -0.00422 0.15865
-0.37627 -0.08078 -0.14984
-0.31785 -0.04533 0.10181
-0.32063 -0.05315 0.10851
-0.32079 -0.05361 0.11936
-0.28701 0.04553 0.02638
-0.39153 -0.08741 0.04334
-0.16516 0.00722 0.07923
0.24439 0.00973 -0.16309
0.28741 0.01009 -0.16309
-0.36423 -0.09489 0.05619
-0.11141 -0.05049 -0.13782
-0.20709 -0.04499 -0.15491
-0.42021 -0.07115 0.10512
0.43992 -0.05497 -0.10084
0.06445 -0.03308 -0.14169
-0.23246 -0.08075 -0.14150
-0.42551 -0.06654 -0.11477
0.25833 0.04508 -0.02963
0.08682 -0.05167 -0.03138
-0.30125 -0.08258 0.15122
-0.40218 -0.08099 -0.01961
0.41640 -0.08259 0.05710
0.29447 -0.11959 -0.10209
-0.09893 -0.03895 0.09319
0.26986 -0.09962 0.13398
-0.44306 -0.03385 0.00378
-0.28562 -0.07419 0.15290
-0.18959 -0.01576 0.05370
0.07981 0.02826 -0.09468
0.22963 0.04425 0.08161
-0.17633 -0.02657 0.00401
0.11243 0.03717 0.14414
-0.37064 0.03398 -0.07823
-0.15011 -0.04966 0.07507
0.24791 -0.11691 0.11368
0.24028 -0.06973 0.11948
0.12114 0.05053 0.03032
-0.14195 -0.07163 -0.05638
-0.20728 -0.05465 0.15112
-0.09226 -0.07652 -0.13483
-0.41873 -0.05637 -0.16293
0.16865 0.01510 -0.16309
-0.11899 -0.05496 -0.12150
0.23534 0.04667 0.02162
0.10667 0.00453 0.16108
0.23611 -0.09029 0.11600
-0.02341 -0.07588 0.12810
-0.01239 -0.06477 0.09946
-0.18108 -0.01054 0.11340
-0.29844 0.01233 -0.16309
-0.38588 -0.01497 0.07792
0.08641 -0.06029 -0.04544
0.10690 0.04974 -0.06103
0.10698 0.04938 -0.06975
-0.09949 -0.03083 -0.09545
0.43756 -0.04554 0.12250
-0.22223 0.03613 0.06617
0.08234 0.04355 -0.11963
0.20622 0.03959 0.12344
0.36535 -0.09518 -0.07850
0.39436 -0.08002 -0.12613
-0.35573 -0.08018 0.03327
-0.34313 -0.02373 -0.16309
-0.30694 -0.04877 0.14369
-0.29847 0.04446 -0.03296
-0.28716 0.04254 0.08956
0.07331 -0.05320 0.12892
-0.44309 -0.03151 -0.11678
0.35761 -0.03225 -0.08399
0.35920 -0.03601 -0.10078
0.35711 0.01907 0.11003
0.01508 -0.00224 -0.16309
-0.01310 -0.00268 -0.16309
0.18052 0.04288 0.11002
-0.44063 -0.04478 -0.13390
-0.30746 0.04338 -0.04036
-0.20767 -0.09496 0.14279
0.26425 0.04391 0.04229
0.15671 0.04645 0.08689
0.22249 -0.06665 0.12181
0.23013 0.04547 0.05678
-0.31462 0.02346 -0.16037
-0.15182 -0.04460 0.10542
-0.43107 0.00732 -0.16024
0.36935 -0.07565 -0.10428
0.02032 0.01283 -0.05475
-0.16832 -0.03223 0.01348
0.28783 -0.02968 -0.14372
0.08315 -0.05826 -0.08649
0.28221 -0.02892 -0.14535
-0.27401 0.01390 0.16108
-0.13915 -0.05642 -0.02888
-0.24276 -0.10592 0.10251
-0.29004 0.04462 -0.04789
0.15307 0.02916 0.15505
-0.27084 0.04598 0.03574
-0.27160 0.04728 0.00016
0.12962 0.05096 0.01390
-0.07834 -0.10047 -0.09039
-0.02534 -0.09976 -0.09680
-0.43950 -0.00042 0.15961
-0.34525 0.02960 -0.14071
0.38963 0.01370 -0.05482
0.01893 0.08031 -0.15315
0.44740 -0.02696 0.07107
-0.20610 0.03224 0.10829
0.43763 -0.01383 -0.00768
-0.02406 -0.08771 -0.15176
0.02858 -0.08485 -0.15588
0.13099 -0.08729 -0.15236
-0.09152 -0.08985 -0.14867
0.01346 -0.08869 -0.15035
0.15426 -0.08955 -0.14910
0.17655 -0.08929 -0.14947
0.00624 -0.08836 -0.15082
-0.03801 -0.08844 -0.15070
0.04856 -0.08486 -0.15587
0.20194 0.04604 -0.07381
-0.18183 -0.07657 0.12992
0.22477 0.04090 -0.11414
0.31718 0.03667 0.02853
0.28802 -0.04370 0.13834
0.19580 -0.09456 -0.13006
-0.43760 0.02018 0.04896
-0.22858 -0.09270 0.14281
-0.38200 -0.07399 -0.00886
-0.35815 -0.07440 -0.00977
-0.30972 -0.06999 0.13805
-0.14263 -0.03990 -0.09800
-0.37360 -0.00452 -0.16309
-0.40507 -0.00488 -0.16309
0.05653 0.00828 0.16108
0.29530 0.00802 0.16108
-0.23656 0.02276 -0.15649
0.44246 -0.05949 0.06885
-0.21668 -0.04278 0.11375
-0.15150 -0.04015 -0.13570
-0.37887 0.01161 0.16108
-0.37041 -0.08531 0.13667
-0.26163 0.01025 -0.16309
-0.24138 0.01063 -0.16309
0.30253 0.03472 -0.09737
-0.25384 -0.01449 0.09800
0.10321 -0.09610 -0.12466
-0.10223 -0.09640 -0.12344
0.10319 -0.09466 -0.13058
0.04215 -0.09481 -0.12993
0.05700 -0.09440 -0.13164
0.16995 -0.09144 -0.14372
0.15314 -0.09386 -0.13384
0.17077 -0.09483 -0.12984
0.00289 -0.09637 -0.12358
0.12149 -0.09584 -0.12574
0.16142 -0.09269 -0.13862
0.02526 -0.09551 -0.12710
0.03169 -0.09382 -0.13400
0.06915 -0.09470 -0.13040
0.17722 -0.09687 -0.12152
-0.01202 -0.09509 -0.12882
0.28399 0.04013 0.07415
0.44252 -0.06430 -0.07734
0.34472 -0.08524 0.11292
-0.02297 0.00347 0.16108
-0.39397 0.00576 0.10722
-0.39701 0.00576 0.08644
-0.42078 0.00576 0.09620
0.16573 0.04951 -0.02267
0.16350 0.04741 -0.07557
-0.35761 -0.07172 0.01410
-0.39287 0.00737 0.13775
-0.15720 -0.02092 0.13155
0.30609 -0.08665 -0.16107
-0.19824 0.01312 -0.11994
-0.29447 0.02306 -0.16309
-0.39756 -0.08314 0.09120
0.26416 -0.12230 -0.10099
0.07563 0.00981 0.10876
-0.22224 -0.12188 0.14874
0.26089 0.03412 0.13077
-0.03357 -0.04147 -0.07936
0.43006 -0.01460 0.10130
0.39553 0.01070 0.06131
-0.34621 0.03599 -0.09729
0.29948 -0.09970 -0.13055
0.07847 -0.05692 0.11028
0.10172 0.05027 -0.04962
-0.20253 -0.01701 0.10754
-0.22049 0.00997 0.05735
-0.28138 -0.07130 -0.14504
-0.23799 -0.02731 0.14281
0.05543 -0.00852 -0.14446
0.44077 -0.06590 0.03610
-0.40641 0.02482 -0.10815
0.32060 -0.08260 0.12952
-0.16270 0.00457 0.03600
0.33336 0.02520 -0.11849
-0.29718 -0.08281 -0.15491
0.07029 -0.04299 -0.13598
0.08544 -0.03638 -0.06138
-0.41714 0.02546 -0.04740
0.36498 -0.05506 0.08421
-0.31859 0.03351 0.13369
0.27003 -0.09781 0.14252
0.42223 -0.00357 -0.06580
-0.24452 -0.00032 0.11475
-0.44775 0.00128 -0.05006
0.38389 0.00811 -0.12116
0.30636 -0.02025 0.14573
-0.23172 -0.09784 -0.13916
0.23261 -0.00670 0.15519
0.31264 -0.00949 -0.14517
-0.38678 0.03137 -0.06919
0.08668 -0.05443 -0.03737
-0.23616 -0.03727 -0.14482
-0.40882 0.02838 -0.01023
0.34049 0.03228 0.01043
0.24939 -0.01742 0.15570
-0.04467 -0.04002 -0.06932
0.08638 -0.05176 -0.04566
0.34734 -0.06785 -0.12295
0.31941 -0.03966 0.13515
0.09646 -0.09034 0.14595
-0.14109 -0.08229 0.15757
-0.14602 -0.08538 0.15310
-0.08920 -0.08506 0.15357
-0.08631 -0.08945 0.14724
0.03498 -0.08957 0.14707
-0.09635 -0.08593 0.15232
-0.03416 -0.08377 0.15544
0.15480 -0.08961 0.14701
-0.37875 0.03349 -0.04752
-0.44295 -0.02190 0.00990
-0.37230 0.02833 0.12706
0.08185 -0.04173 -0.09279
-0.28540 -0.02692 0.09800
-0.28534 0.03261 -0.14877
-0.43560 -0.05335 0.13910
-0.43696 0.00452 0.07981
-0.41282 0.02697 0.02642
0.05693 0.06135 -0.13586
0.06448 0.05552 -0.13458
-0.42714 0.02089 -0.09787
0.17234 0.03624 -0.14288
0.14585 0.04845 0.06251
-0.34584 0.03782 0.07219
-0.35686 0.03665 0.05951
-0.33161 0.02512 -0.15519
-0.25975 0.03919 0.11527
-0.23006 0.03702 0.08410
0.43388 -0.01065 -0.01975
0.33077 -0.02310 -0.14257
-0.10206 -0.01571 0.16108
-0.12950 -0.01581 0.16108
-0.03064 -0.01483 0.16108
-0.07627 -0.01412 0.16108
-0.09171 -0.04352 -0.11162
-0.18116 -0.02262 -0.01336
-0.04998 -0.03965 0.07725
0.11895 0.01935 -0.16309
-0.42429 -0.06774 0.11010
0.16459 -0.00785 0.16108
0.31692 -0.04491 -0.12565
0.33459 -0.02859 0.13369
-0.28547 0.03331 0.14533
-0.13600 0.03598 -0.05137
-0.27251 0.04482 -0.06882
-0.27620 0.04650 -0.02189
-0.15361 -0.02863 0.10380
0.34080 -0.01093 0.08999
0.31079 -0.07029 0.13446
0.23870 0.04421 -0.07981
0.08458 -0.05417 -0.07375
-0.21842 -0.03128 0.09837
-0.23858 -0.02647 0.13182
0.20419 0.04369 0.09547
0.29208 -0.01641 0.14024
-0.16195 0.03239 -0.05319
-0.16479 0.02395 -0.04297
0.04926 -0.01541 -0.16309
-0.14852 -0.02039 -0.16309
-0.17018 -0.02383 -0.16309
0.00854 -0.01943 -0.16309
-0.22169 0.01377 -0.05907
-0.09030 -0.04329 0.12869
-0.15432 -0.07417 -0.08531
-0.15102 -0.08559 -0.09504
-0.16004 -0.05441 -0.12478
-0.15852 -0.05968 -0.10547
-0.15384 -0.07582 -0.10724
-0.15627 -0.06745 -0.10887
-0.31191 0.04048 0.08954
-0.11823 0.01702 0.04641
0.27610 0.04082 -0.08183
0.24277 -0.06730 -0.13189
-0.18416 -0.04390 0.12975
0.34921 0.02222 0.10476
0.36429 -0.00008 0.15038
-0.44295 -0.03558 -0.03174
0.32988 0.02967 -0.09192
0.25202 -0.07981 -0.12145
0.08486 0.00527 -0.06337
-0.36716 -0.08426 -0.14693
-0.38136 0.01673 0.15726
0.29954 -0.00430 0.10436
0.16701 0.04656 0.08302
-0.13920 -0.05766 0.00914
-0.44401 -0.01306 -0.00258
-0.41387 -0.07803 -0.02973
-0.44299 -0.02807 -0.09334
-0.21164 -0.11938 0.13547
0.25914 -0.01596 0.10618
0.27388 -0.01108 -0.09473
-0.20529 -0.09954 -0.15491
-0.14938 -0.04766 -0.13399
0.30068 -0.09693 0.12766
-0.07258 0.00672 -0.16309
0.30876 0.03928 0.00987
0.30392 0.03838 0.04527
-0.28931 0.04022 0.11018
-0.43272 0.00801 -0.11344
-0.41332 0.00801 -0.12795
-0.44032 0.00801 -0.09392
-0.43243 0.00801 -0.09792
-0.44208 0.00801 -0.11576
-0.44492 0.00801 -0.12217
0.19682 0.04753 0.04038
0.19299 0.04634 0.07307
-0.29498 -0.10543 -0.12501
0.27543 -0.01656 0.09923
0.41785 -0.01157 -0.12506
0.27665 -0.10082 -0.02614
0.24311 -0.10247 -0.01863
0.26724 -0.10157 -0.01677
0.31397 -0.09819 -0.05465
0.36322 -0.09558 -0.07062
0.32100 -0.09974 -0.00874
0.37138 -0.09732 -0.01867
0.36631 -0.09731 -0.02403
0.32356 -0.09868 -0.03262
0.32182 -0.09775 -0.05782
0.34321 -0.09659 -0.06536
0.35549 -0.09656 -0.05370
0.30390 -0.09965 -0.02815
0.30951 -0.10015 -0.00990
0.24139 -0.10288 -0.00995
0.34984 -0.09845 -0.01205
0.29807 -0.10080 -0.00516
0.34997 -0.09744 -0.03724
0.34975 -0.09630 -0.06620
0.35406 -0.09794 -0.02062
0.33778 -0.09781 -0.04018
-0.21566 -0.08939 0.13346
0.07588 -0.01835 -0.11488
0.22898 0.03498 0.13722
-0.28101 0.04087 -0.11117
0.34204 0.02743 -0.08565
0.12221 0.00383 -0.16309
-0.09935 -0.03211 0.06388
0.07709 0.04040 0.10333
-0.17083 0.00428 0.14027
-0.01513 -0.06925 -0.04721
-0.24022 -0.11088 -0.10001
-0.36854 0.02034 0.15410
-0.30844 0.03233 0.14282
-0.02668 -0.04353 0.08695
-0.39609 -0.08329 -0.09802
-0.44637 -0.00536 -0.08311
0.10558 0.04493 0.11246
0.21876 0.02841 0.15261
-0.15846 0.01129 0.14366
-0.19505 -0.01422 -0.04549
-0.40312 -0.02247 -0.08268
-0.41605 -0.02246 -0.10245
-0.41351 -0.02246 -0.08792
0.37413 -0.08605 -0.12449
-0.44288 -0.03650 0.02120
-0.21037 -0.05834 -0.12671
-0.15820 -0.04009 0.01039
-0.20470 0.00493 -0.10168
0.14473 0.04529 -0.10201
-0.36655 -0.10391 0.02461
-0.23713 -0.00439 -0.16309
0.08641 0.03409 0.03937
0.41352 -0.08568 -0.01695
-0.21164 -0.11689 -0.14975
-0.37252 -0.08369 0.14238
-0.28767 0.04295 -0.08731
-0.18994 0.02495 -0.14624
-0.21505 0.02612 -0.14758
-0.26674 -0.02645 0.15290
-0.28584 0.04012 -0.11538
-0.36681 -0.04127 0.16108
-0.35786 -0.04711 0.16108
-0.38677 -0.10116 0.02975
0.25150 0.00075 -0.16309
-0.21265 0.00465 -0.08076
0.08667 -0.00023 0.00103
-0.28528 0.01536 0.16108
0.29147 -0.11684 0.15208
-0.01410 -0.06582 0.04485
-0.21227 -0.04404 -0.14482
-0.22694 0.02237 0.04523
-0.05909 -0.03971 -0.12799
0.33849 0.03214 -0.02427
0.43720 -0.05043 -0.12329
-0.11414 -0.07652 -0.07311
-0.09405 -0.07652 -0.07184
-0.08971 -0.07652 -0.07705
-0.11346 -0.07652 -0.06362
-0.10013 -0.07652 -0.06627
-0.12351 -0.07652 -0.05860
-0.12090 -0.07652 -0.08299
-0.25309 0.01513 -0.16309
0.26956 0.03842 0.10501
-0.27208 -0.07487 0.14281
-0.38987 -0.01723 0.14581
-0.32519 0.03242 -0.13774
-0.27523 0.04170 0.10319
0.29341 0.03685 0.09117
0.17641 0.04833 -0.04181
0.06579 -0.01325 -0.13763
-0.27990 0.04331 0.08683
0.41465 -0.08526 0.01459
0.21260 -0.00215 -0.16309
-0.34985 -0.00199 0.16108
-0.25166 -0.00120 0.16108
-0.38492 -0.02426 -0.16309
-0.12405 0.02487 0.10537
0.25752 -0.05294 0.16656
0.40991 -0.07908 0.10749
-0.44578 -0.00786 0.10901
-0.34178 0.03732 -0.08942
0.30707 -0.11841 0.14542
0.32540 -0.01787 0.13689
0.26183 0.02847 -0.14931
-0.25904 -0.04860 0.13716
0.17191 0.04280 -0.11536
0.20644 -0.09718 0.11420
0.21142 -0.10441 -0.00031
0.36638 -0.09731 0.02198
0.23597 -0.10299 0.01074
0.27747 -0.10095 0.02020
0.33067 -0.09963 -0.00035
0.30693 -0.10028 0.00715
0.34011 -0.09877 0.01180
0.30923 -0.09930 0.02971
0.32781 -0.09953 0.00499
0.28408 -0.10027 0.03052
0.30160 -0.09905 0.04348
0.34604 -0.09813 0.02189
0.34012 -0.09791 0.03323
0.34639 -0.09878 0.00523
0.31765 -0.09901 0.02830
0.28920 -0.10041 0.02192
0.35399 -0.09718 0.03766
0.33614 -0.09718 0.05588
0.25477 -0.10263 0.00082
0.35673 -0.09836 0.00526
0.27398 -0.10088 0.02536
0.12138 0.03883 0.13701
0.22356 -0.07251 -0.10592
0.38557 -0.08519 0.11557
0.33015 -0.10128 0.09929
-0.15848 -0.01787 -0.13027
-0.19873 -0.02835 -0.10181
0.42018 -0.04977 -0.14637
-0.20914 -0.07760 0.12228
-0.15931 -0.02608 -0.09897
-0.17617 0.00589 -0.16309
-0.09322 0.00615 -0.16309
0.39240 -0.02012 -0.15518
-0.28454 -0.10438 -0.10001
-0.27060 0.03613 -0.13688
-0.36696 -0.07572 -0.16016
0.01326 0.09248 0.14396
0.20593 0.04804 -0.02103
-0.43704 0.02016 -0.05804
-0.10653 -0.00379 -0.10153
0.05540 0.01863 -0.16309
-0.31466 0.03661 0.12139
-0.43705 0.01370 0.13791
-0.42614 0.01809 0.12654
0.44415 -0.04223 -0.10784
-0.01213 -0.06262 -0.05315
0.13200 0.04528 -0.10534
-0.40353 0.02572 0.10238
0.25961 0.00010 -0.10662
0.26659 0.00107 -0.09872
0.25240 -0.00090 -0.10369
0.21289 -0.03470 0.12541
0.21354 -0.03288 0.14910
0.21325 -0.03367 0.15746
0.21041 0.04125 0.11424
-0.14663 -0.02915 0.11951
-0.27492 0.04246 -0.09816
-0.41859 0.02629 -0.00091
-0.30053 -0.09744 -0.13680
0.11680 0.04889 0.07322
0.43774 -0.07268 0.01356
0.34127 -0.03308 0.11717
0.19256 0.03783 0.13209
0.25120 0.04062 -0.10380
0.26074 0.03319 -0.13609
0.45071 -0.04424 -0.08134
0.40754 -0.08784 0.01451
-0.25655 -0.10430 -0.10439
0.44786 -0.03312 -0.08926
0.18789 0.04803 -0.03870
-0.22454 0.02015 -0.15921
0.08298 -0.04638 0.08417
0.02508 0.02776 -0.14987
-0.14801 0.03825 -0.11731
-0.14766 -0.09716 0.09794
-0.14894 -0.09274 0.08650
-0.15799 -0.06150 0.08560
-0.14970 -0.09013 0.09862
0.35752 -0.01324 -0.16309
-0.30088 -0.07566 0.09800
-0.01648 -0.06323 -0.03873
0.25896 -0.02419 -0.14747
-0.10189 0.00192 -0.16309
-0.04226 0.02059 0.15380
-0.24182 -0.06165 0.14540
0.01519 0.01291 -0.16309
0.25023 0.01335 -0.16309
-0.04659 -0.03991 0.05005
0.27830 0.00297 -0.16309
0.16659 0.00325 -0.16309
-0.22962 -0.02073 -0.15012
0.32730 -0.06505 0.07862
0.22432 0.04355 -0.09162
-0.19812 -0.01235 -0.08468
-0.18422 -0.01844 -0.10984
0.04350 0.01460 0.16108
0.32807 -0.04457 0.08096
0.42759 -0.00642 -0.04362
-0.17292 0.00272 0.16108
-0.08461 0.00305 0.16108
-0.34352 -0.09498 -0.10574
-0.01236 -0.06457 0.06448
0.08847 0.02848 0.15854
0.43308 -0.01128 0.05738
0.15941 0.04832 0.05473
0.15770 0.04931 0.03211
0.39493 -0.04179 -0.15817
-0.36005 0.03768 -0.01202
-0.24977 -0.12180 -0.15429
-0.22512 -0.00468 0.16108
0.01468 0.12141 0.03164
-0.09874 -0.04545 0.12137
0.14823 0.03805 0.13700
0.43066 -0.04137 -0.13474
0.28023 0.03037 0.13490
0.08687 -0.04498 -0.00919
-0.16633 -0.03325 -0.02388
0.38267 -0.07892 0.13571
-0.09808 -0.06329 0.13771
-0.29831 -0.06374 0.09800
0.08385 -0.01155 0.07240
0.08598 0.04949 -0.10235
0.06752 0.06293 -0.11374
0.07129 0.06042 -0.11039
0.05763 0.07185 -0.11247
0.04453 0.08231 -0.11659
0.07343 0.06117 -0.09917
-0.09933 -0.03993 0.12692
0.33480 -0.09621 0.07948
-0.34027 0.03086 -0.13754
-0.43367 0.01241 0.14736
-0.18769 0.00130 -0.16309
-0.28292 -0.04828 -0.10641
0.35497 0.02871 -0.00606
-0.21114 -0.05435 -0.14482
-0.34477 -0.01591 0.16108
-0.29877 -0.01505 0.16108
-0.39457 -0.08064 0.12622
-0.13917 0.03619 0.12957
0.39246 -0.09081 0.04612
-0.39170 0.02590 0.12272
-0.25893 0.03203 -0.14877
-0.43355 -0.08391 0.01995
0.42525 -0.07011 -0.11799
-0.44138 -0.04463 -0.00396
-0.15673 -0.03845 0.04424
0.30076 -0.10530 -0.10763
-0.23808 -0.10355 0.09800
-0.35345 0.03804 0.03091
0.39776 0.00826 -0.08378
-0.38132 0.03365 -0.02574
-0.32057 0.04220 0.03350
-0.28076 -0.08440 0.14615
-0.04622 -0.01601 -0.16309
0.02546 -0.01455 -0.16309
0.11562 -0.01331 -0.16309
-0.10744 -0.01570 -0.16309
-0.14198 -0.01676 -0.16309
-0.40391 -0.06557 -0.16040
-0.44580 -0.00675 -0.05812
0.25546 -0.04496 -0.11928
0.34054 0.02893 0.07166
0.34731 0.02895 0.03771
-0.39377 -0.08623 -0.05777
-0.44305 -0.02105 -0.11701
0.05543 0.01680 0.16108
-0.30697 -0.07674 -0.10729
-0.38844 0.03290 -0.00404
-0.12813 0.02954 0.08959
0.05649 -0.10117 0.08210
0.18450 -0.09978 0.09465
0.14435 -0.10151 0.07898
0.15664 -0.10125 0.08135
0.13475 -0.10127 0.08120
0.15669 -0.09788 0.11183
0.11064 -0.09967 0.09567
0.16604 -0.10023 0.09059
0.07062 -0.09911 0.10070
-0.07410 -0.10108 0.08291
0.09107 -0.10023 0.09056
0.10057 -0.10090 0.08449
0.02137 -0.10102 0.08342
0.13319 -0.09881 0.10339
0.00020 -0.10048 0.08828
0.11146 -0.10090 0.08449
-0.03914 -0.10025 0.09037
0.06365 -0.10036 0.08939
-0.04522 -0.10144 0.07962
-0.21880 0.01074 0.16108
0.25411 -0.06813 0.15710
-0.20173 -0.09726 -0.10001
0.24506 -0.07646 0.17187
0.28149 0.04144 -0.05614
0.36606 0.01863 -0.09666
-0.21190 0.00020 0.07156
0.10159 0.04479 -0.11655
-0.17291 -0.01648 -0.10519
0.10325 0.02910 -0.15916
0.30684 -0.08233 0.08583
0.29321 -0.02519 0.09164
-0.16392 -0.01301 -0.13340
0.26835 0.04251 0.06457
-0.36495 -0.09347 0.08426
-0.15579 0.03646 -0.06217
0.21871 0.04682 -0.03789
0.22171 0.04605 -0.05360
0.30067 -0.03082 -0.11937
0.38723 -0.01618 0.15317
-0.40710 -0.02146 -0.14782
-0.41307 -0.02109 -0.14782
-0.04382 -0.04011 0.05974
0.41249 -0.06848 -0.13582
-0.24682 0.03167 0.13907
-0.23397 0.02855 0.14078
0.42054 -0.03035 0.14437
0.24392 0.03540 0.13207
0.37554 0.02218 0.00464
-0.26239 -0.10858 0.15290
-0.28226 -0.01158 -0.11069
0.32452 -0.10453 -0.11327
-0.36766 0.03258 0.09865
-0.05110 -0.03960 -0.09299
0.26560 -0.00474 -0.10690
-0.36391 -0.09502 -0.05664
-0.01089 0.02597 -0.14611
0.44795 -0.03760 0.09041
0.25081 0.04333 0.07960
0.43787 -0.06487 -0.09593
-0.22066 -0.09416 0.14979
-0.44231 -0.04019 0.08681
0.08481 -0.02441 0.06586
-0.24628 -0.10292 0.13255
-0.19914 -0.01411 0.01262
0.23713 -0.02093 -0.11735
0.36714 0.01357 -0.12330
0.43768 -0.01838 -0.09034
0.30906 -0.09158 -0.16610
-0.37633 0.03358 -0.05905
-0.44264 -0.03844 -0.07614
-0.16630 -0.01455 -0.12703
0.27359 -0.07459 0.14259
-0.39111 0.03181 -0.02396
0.44548 -0.04338 -0.07700
0.08679 -0.06331 -0.00529
-0.39999 0.03015 0.01499
-0.24502 -0.10296 0.11864
0.22060 -0.05300 -0.11525
0.32091 -0.00079 0.15863
0.31401 0.00027 0.15315
0.21779 -0.02465 0.10023
0.21558 -0.02801 0.11496
0.21648 -0.02665 0.14700
-0.27135 -0.03662 -0.15082
-0.18123 -0.05647 0.11002
0.19799 0.04409 0.09418
-0.28474 0.04452 -0.06176
0.12524 0.03090 -0.15572
0.08691 0.01292 0.02264
-0.27135 -0.03516 0.14829
-0.22690 -0.03078 0.13005
-0.21919 -0.01901 0.09800
-0.18681 -0.03835 -0.14480
-0.16315 -0.04632 -0.11809
-0.16563 -0.04167 -0.10491
0.25663 0.02295 -0.15696
-0.25045 0.03286 -0.13939
0.20432 0.04293 -0.10394
0.23766 -0.10740 -0.11459
0.29113 0.03788 -0.08814
0.08691 0.00959 -0.02427
-0.20087 -0.01364 -0.00347
-0.03898 -0.04065 0.08169
-0.19370 -0.00265 0.11146
-0.42886 0.02252 -0.04916
-0.19947 -0.01952 -0.13397
-0.44777 0.00696 0.07259
0.25026 -0.04252 -0.12670
-0.15361 -0.04028 -0.05093
0.19881 0.04571 -0.08210
-0.20916 -0.00890 -0.03298
-0.42544 -0.10190 0.00012
-0.44736 -0.00065 0.01010
0.26316 -0.08695 0.14918
-0.17524 -0.02171 0.06064
-0.15418 -0.02620 -0.11224
0.39139 0.01489 -0.02091
0.01081 0.12515 0.01122
0.12282 0.02706 -0.16139
0.22699 -0.08150 -0.10270
-0.42440 -0.06684 0.12090
0.28991 -0.12881 0.12111
0.21943 0.04361 0.09080
-0.11788 0.01676 0.05554
0.39099 -0.08261 -0.12205
0.06256 0.00901 -0.13893
0.02354 0.00448 -0.11259
-0.25685 -0.12209 -0.10155
-0.27634 -0.10663 0.09800
-0.27795 0.01360 -0.16309
0.36628 -0.05858 -0.16309
0.26016 -0.08157 -0.09133
-0.39070 0.03236 0.00521
0.36836 0.02417 -0.01433
-0.41981 -0.01317 -0.16309
-0.13697 -0.04024 0.11086
0.25965 -0.04371 0.15443
-0.22198 -0.00941 -0.08482
-0.20218 -0.01154 -0.13180
-0.19928 -0.01186 -0.11411
-0.40019 0.01915 0.14745
0.19960 0.04018 0.12216
0.29207 -0.09814 -0.14258
-0.36657 0.03692 -0.00240
-0.41766 -0.06189 -0.15630
0.29789 -0.06376 0.13837
-0.39051 -0.01232 0.07963
-0.40922 -0.01792 0.07963
0.39817 0.01236 -0.01017
0.01735 0.11747 0.07106
-0.43718 -0.02470 0.11670
-0.43218 -0.02470 0.09110
-0.39248 -0.02472 0.08502
-0.43392 -0.02470 0.10311
-0.44171 -0.02470 0.10395
0.24977 0.04365 -0.07770
0.25713 0.04376 -0.06213
-0.36188 -0.09565 0.04818
-0.25126 -0.07024 -0.14482
-0.20339 -0.00837 0.06505
-0.12902 -0.04429 0.11901
0.00929 -0.06213 -0.14586
0.03660 -0.06355 -0.14586
-0.04403 -0.05569 -0.14586
-0.07851 -0.05391 -0.14586
-0.08968 -0.04666 -0.14586
-0.16824 -0.03007 -0.04241
0.22249 -0.03942 -0.12574
-0.43973 -0.04843 -0.09686
-0.34235 0.03649 0.09532
0.33771 0.03019 0.06139
0.34546 0.03083 0.01353
-0.15669 -0.04805 0.16108
-0.28371 -0.06503 0.13182
-0.21905 0.00005 -0.16309
-0.41897 0.00030 -0.16309
0.08447 0.02562 -0.06693
-0.39932 -0.00129 -0.14531
0.24919 0.02096 0.15865
-0.13844 -0.02666 -0.13621
-0.27578 -0.10882 -0.15491
-0.37665 -0.07747 -0.01554
-0.02127 -0.07594 0.04950
-0.25241 0.04473 -0.00291
-0.26662 0.04642 -0.02589
-0.25481 0.04362 -0.04065
-0.26210 0.04515 -0.03638
0.28310 -0.00359 -0.15224
-0.44751 0.00625 -0.11727
0.26903 -0.03174 0.14166
0.25846 -0.12442 0.12656
0.34495 -0.05292 -0.14476
0.23908 0.04001 -0.11584
-0.33478 0.03678 0.10195
-0.22041 -0.09228 -0.10769
-0.21574 0.02048 -0.08501
0.27070 0.04346 -0.04006
0.27043 0.04307 -0.04954
-0.44746 0.00997 -0.03156
0.12724 0.05032 -0.03326
0.12507 0.05151 -0.00592
0.23593 0.04583 -0.04368
0.18849 0.04918 -0.01026
-0.18727 -0.01711 0.15222
-0.19234 -0.01488 0.12647
0.11184 0.04156 0.12773
-0.03368 0.02430 -0.14899
-0.06981 0.02264 -0.15072
-0.30742 -0.08089 -0.12975
-0.33731 -0.09960 -0.03797
-0.20004 -0.04977 -0.14686
0.14888 0.04878 0.05213
0.14975 0.04929 0.03912
0.32467 -0.09189 0.08207
0.21449 -0.03024 -0.13794
0.21277 -0.03501 -0.10243
0.21192 -0.03740 -0.11507
-0.10048 -0.03100 0.03434
0.33332 -0.08917 0.08926
-0.24612 -0.00388 -0.15147
0.08062 -0.02353 0.09452
-0.43911 -0.04786 0.13778
-0.29867 -0.04636 0.09800
0.41546 -0.06140 0.14042
0.26338 -0.05746 -0.13231
-0.09682 -0.04486 -0.06200
-0.37458 0.03009 0.11391
0.38810 -0.07509 0.14144
-0.36629 0.03665 0.01109
-0.28251 -0.09488 -0.14517
0.45046 -0.03331 0.00275
-0.35667 -0.08607 0.14460
-0.43046 -0.04873 0.15688
0.38360 -0.09191 -0.06943
-0.06984 0.01132 0.16108
-0.17190 0.01141 0.16108
0.38833 0.00953 0.09959
-0.40647 -0.07381 -0.14253
-0.30048 0.03895 0.11440
0.15512 0.04855 -0.05484
0.36812 -0.09468 0.07631
0.05652 0.00686 -0.14327
0.43611 -0.07316 0.03638
0.26077 -0.08972 -0.11814
0.26229 0.02634 0.14986
0.35156 0.02063 0.11005
-0.24075 -0.00044 -0.12064
-0.05625 -0.04052 0.03475
-0.04679 0.00925 0.16108
-0.23209 -0.02752 0.15126
0.29692 0.03959 -0.04651
-0.13476 -0.06222 0.00287
-0.33708 -0.10520 0.02142
0.25147 -0.04334 0.16914
0.07453 0.01402 -0.11413
-0.29446 0.04546 -0.01368
-0.27469 0.03643 0.13343
-0.37841 -0.10681 -0.00065
-0.20999 -0.04252 0.10165
0.39404 -0.08703 -0.09090
-0.39110 0.03145 0.03478
0.11166 0.05044 -0.04115
0.11752 0.05186 -0.00259
-0.15211 -0.01141 -0.14296
-0.09894 -0.04097 0.06833
0.31512 -0.12178 0.12429
0.23157 0.04055 0.11266
-0.30018 0.04276 0.07585
-0.11551 -0.06327 0.10773
0.20635 -0.09049 -0.09851
0.20645 -0.09299 -0.08429
0.20610 -0.08454 -0.09253
0.20576 -0.07666 -0.09073
-0.38017 -0.09126 0.04052
-0.17489 0.01702 0.15902
0.35654 0.02661 -0.03500
-0.20191 -0.00403 -0.09123
-0.25162 -0.02965 0.12919
0.26576 0.04059 -0.09328
-0.20287 -0.07817 0.15290
-0.08373 -0.04193 0.03965
-0.25125 -0.02562 -0.14813
-0.27231 -0.09185 -0.13304
-0.29706 -0.10044 0.03344
-0.20455 -0.10128 0.05747
-0.31147 -0.10051 0.02431
-0.30767 -0.10084 0.01718
-0.22877 -0.10093 0.05466
-0.32814 -0.10096 0.00353
-0.27993 -0.10078 0.03277
-0.32691 -0.10062 0.01329
-0.23531 -0.10097 0.05032
-0.25662 -0.10118 0.03386
-0.43134 0.02268 -0.01613
0.39890 -0.07252 -0.14101
0.32233 0.02991 -0.10316
0.08621 -0.05726 -0.05014
0.37659 -0.09725 -0.00270
-0.27249 0.00841 -0.16309
0.36789 -0.06870 -0.09268
0.07461 -0.03935 0.12184
0.40491 -0.06801 -0.14451
0.25922 -0.08073 0.14891
0.00909 -0.09083 -0.14621
-0.12232 -0.09193 -0.14170
-0.08049 -0.09569 -0.12634
-0.10822 -0.09533 -0.12780
-0.00638 -0.09338 -0.13579
0.04532 -0.09091 -0.14589
-0.07888 -0.09322 -0.13646
-0.05437 -0.09159 -0.14312
-0.05902 -0.09421 -0.13241
0.03817 -0.09161 -0.14303
-0.14093 -0.09369 -0.13453
0.05031 -0.09209 -0.14105
-0.10171 -0.09278 -0.13825
-0.39794 -0.08342 -0.08788
-0.30187 0.04492 0.00845
-0.44786 0.00424 -0.09546
0.37389 0.01493 0.10109
-0.16361 0.02055 -0.13581
0.28480 0.00173 0.13451
0.29083 0.00173 0.15358
0.29695 0.00173 0.12824
0.27938 0.00173 0.14568
-0.43502 -0.05538 0.12467
0.26913 -0.02545 -0.14194
-0.04046 -0.04047 0.09000
0.27334 -0.10505 0.10012
0.33997 -0.07617 -0.11901
-0.43365 -0.05997 -0.05108
-0.29072 -0.10998 -0.13471
0.25498 -0.06336 -0.13522
0.20939 0.04797 0.01744
0.23147 -0.03067 -0.11199
0.18537 0.04692 0.06617
0.18565 0.04739 0.05427
0.32579 -0.05245 -0.11881
-0.24997 -0.02503 0.09800
0.15217 0.04829 0.06146
-0.20544 -0.01875 0.10125
-0.26216 0.02965 0.15212
0.42105 -0.08030 -0.07099
0.06365 -0.05557 -0.14404
0.35498 0.02625 0.04726
-0.44272 -0.03788 -0.05204
-0.24551 -0.00258 -0.16309
-0.19743 -0.06662 -0.14517
0.16336 0.04483 -0.10063
-0.18612 -0.01296 -0.09019
-0.44308 -0.03329 0.03117
-0.14714 0.03739 0.12732
0.28485 -0.10498 -0.10567
0.04618 0.04805 -0.15670
-0.26987 -0.12420 0.14025
0.39332 -0.08831 -0.08393
-0.14982 -0.05052 -0.11410
0.43446 -0.02644 0.07085
0.43446 -0.03528 0.03656
0.43446 -0.03713 -0.03703
0.43446 -0.03642 0.05934
0.43446 -0.05181 0.06212
0.43446 -0.03421 0.04357
0.43446 -0.04067 -0.01218
0.43446 -0.02923 0.05947
0.43446 -0.05712 0.06919
0.43446 -0.03339 0.07425
0.43446 -0.02898 0.02453
0.43446 -0.03008 -0.06554
-0.44306 -0.02897 -0.13567
-0.24976 -0.01854 -0.15110
0.34837 -0.06445 0.12529
-0.30324 -0.03612 -0.13740
0.03821 0.02612 -0.15871
0.25311 -0.08650 0.12575
-0.19926 -0.05652 0.09800
0.40991 -0.08318 0.08251
-0.12935 0.03080 -0.12105
-0.10381 -0.05446 0.13906
-0.40539 -0.09000 -0.02299
0.28610 0.02794 -0.14183
-0.28739 -0.01599 0.11664
-0.09756 -0.04517 0.04154
0.26664 -0.12513 -0.11225
0.24588 -0.07770 0.12368
-0.21622 -0.09447 0.09800
0.32061 -0.01662 -0.11181
-0.29494 0.02698 0.15488
-0.19278 -0.05969 -0.10001
0.08245 -0.02819 0.08506
0.17932 0.04917 -0.01885
-0.20362 -0.06257 0.09800
0.25988 0.04040 -0.09933
0.23679 0.04246 0.09405
-0.44199 -0.04191 -0.05711
-0.44491 -0.00962 0.04136
0.16985 0.03969 -0.13013
0.08369 -0.02643 -0.07821
0.25063 0.04114 0.09781
-0.44298 -0.03516 0.01436
-0.24970 -0.02845 0.11098
0.24956 0.04543 -0.03602
0.25231 0.04669 -0.00194
0.40794 -0.03088 0.15058
-0.28437 -0.05855 0.14716
-0.15902 -0.02001 0.06650
0.27110 -0.02922 -0.11794
0.18733 0.04429 -0.09797
-0.11047 0.00405 0.04478
-0.42352 0.01083 -0.15651
-0.21178 0.02581 0.14593
-0.21816 0.02402 0.14974
0.20980 0.03235 -0.14960
-0.20312 -0.00149 -0.16309
-0.37351 -0.09127 0.08604
0.08674 -0.03919 0.00150
-0.42421 0.02446 0.01676
-0.21123 -0.08454 0.10907
0.25795 0.01653 0.16108
0.40207 -0.01109 0.14205
-0.32177 -0.05675 0.12549
-0.32320 -0.06952 0.14212
-0.32232 -0.06162 0.15836
0.08093 0.03749 0.14523
-0.10465 -0.00876 -0.09610
-0.44305 0.00278 -0.14154
-0.30294 -0.08627 -0.15105
0.31311 0.03505 0.07593
0.26996 -0.09890 -0.09435
-0.35066 0.03052 -0.13319
-0.23740 -0.02163 -0.15398
0.26775 -0.03411 -0.11875
0.28084 -0.09988 -0.12648
0.20505 -0.08831 -0.14969
-0.28356 -0.05354 0.14326
-0.42074 0.00576 -0.10657
-0.43734 0.00576 -0.12750
-0.40148 0.00576 -0.09120
0.35535 0.01670 0.12294
-0.30044 -0.08858 -0.10290
-0.39149 -0.08520 0.09307
-0.09171 -0.04405 -0.03715
0.27138 -0.02352 0.10713
-0.29919 0.03989 0.10625
0.28201 -0.10404 -0.09746
-0.37177 -0.08953 -0.11161
0.43330 -0.02999 -0.12826
0.30714 0.03687 0.06303
-0.05953 -0.03948 0.07879
0.19864 0.03845 -0.13088
0.09776 0.04810 -0.08875
0.25209 0.03717 0.12321
-0.02295 -0.04541 0.07200
-0.15364 -0.04393 -0.00020
-0.13298 -0.05868 0.05553
-0.35691 -0.09134 0.12000
0.21255 0.04549 -0.07673
-0.21005 -0.07040 -0.11887
-0.19661 -0.01527 -0.01316
0.38764 -0.04973 0.15771
-0.19715 -0.00796 0.16108
-0.03465 -0.00828 0.16108
-0.05024 -0.00552 0.16108
-0.09826 -0.00836 0.16108
0.15598 -0.00506 0.16108
-0.08273 -0.00700 0.16108
-0.02199 -0.00457 0.16108
-0.43995 0.01915 -0.06755
0.41879 -0.08386 0.01028
0.07769 -0.00771 -0.10520
-0.36041 -0.08880 0.12910
-0.41472 0.02486 0.08253
0.44385 -0.05252 0.09860
0.24182 -0.08731 0.11649
-0.36716 0.03509 0.05832
0.38821 0.01584 -0.02836
-0.40110 -0.07546 -0.14469
-0.35514 0.03695 -0.06011
0.41685 -0.07929 -0.09332
0.23658 -0.04408 -0.08634
-0.40092 -0.01953 -0.16309
0.18502 0.00558 0.16108
0.23898 -0.04759 -0.14004
0.26001 0.04469 0.03333
0.26216 0.04535 0.01415
-0.14437 -0.04809 -0.05324
0.43292 -0.01167 0.07487
0.32083 -0.07525 0.11801
0.38539 -0.09205 -0.05926
-0.22291 0.02192 0.06163
-0.02589 -0.04477 -0.04610
0.41780 -0.07488 -0.11624
0.31272 0.03370 -0.09025
-0.41673 -0.00383 0.07738
-0.42949 0.00102 0.07738
0.08166 -0.01994 -0.09043
0.07638 -0.04935 0.11753
-0.42705 -0.06677 0.08480
-0.14332 -0.05153 -0.03638
0.40005 -0.08144 0.11296
0.35341 0.02573 0.06452
0.25540 -0.05442 0.15636
-0.17203 -0.03050 -0.12865
-0.42547 0.01964 -0.11988
-0.22716 -0.08108 0.14281
-0.41084 0.02473 -0.09739
-0.14104 -0.07389 -0.07634
0.30140 0.03716 -0.08048
0.30436 0.03741 -0.06454
0.26743 -0.03683 -0.09540
0.26332 -0.09135 -0.09051
-0.26370 -0.09830 -0.12837
0.02351 0.01731 0.16108
0.29115 -0.07312 0.14442
-0.10647 -0.00394 -0.11964
0.21918 0.03612 -0.13669
-0.15620 -0.02972 0.04892
0.01577 0.09600 -0.13848
0.36975 -0.02310 -0.16309
-0.21698 -0.03857 -0.10321
-0.16776 -0.03096 0.03534
0.03455 0.06549 -0.07509
0.37735 -0.09368 -0.06303
-0.03665 0.02247 0.15042
-0.07051 0.01839 0.15696
-0.38877 -0.08855 -0.03913
-0.38819 -0.08696 0.08595
-0.25798 -0.04866 -0.14724
-0.15760 -0.02531 0.05358
-0.20810 0.00555 0.09187
0.31897 -0.07171 -0.16978
0.22012 -0.10050 0.08126
0.28043 0.03873 -0.09372
-0.26131 -0.00234 -0.13286
-0.42536 0.02330 -0.05344
-0.35536 -0.09129 -0.12334
-0.28764 -0.09877 -0.08247
0.23843 0.03699 0.12768
0.09351 0.03056 -0.15737
0.01883 0.02421 0.15395
0.00179 0.02071 0.15829
-0.32682 0.03868 -0.09396
0.28653 0.03960 -0.07961
0.27946 -0.11289 0.09751
0.27267 0.02162 -0.15576
0.01522 0.12551 -0.02626
0.42082 -0.00150 -0.03660
0.11023 0.03722 -0.14619
-0.26452 -0.11670 0.15290
-0.26729 -0.03663 0.11720
-0.26994 -0.09522 0.14281
-0.38541 0.02140 -0.14994
0.24951 0.04506 0.04290
0.33082 -0.07085 -0.17155
0.23947 -0.01814 0.11743
0.26304 -0.03772 -0.11715
0.35026 0.02361 -0.09571
0.08630 -0.00348 0.04182
0.42967 -0.07745 -0.04440
-0.13835 -0.05537 0.04286
0.25842 -0.07059 -0.13908
-0.25343 -0.11277 0.09800
-0.25684 -0.10201 -0.11291
-0.44499 -0.00941 -0.05308
0.40969 -0.02888 -0.15149
0.03150 0.04531 -0.12873
-0.26408 -0.07054 -0.14441
-0.25391 0.03677 0.12296
-0.24281 0.03454 0.12364
0.04485 -0.00987 -0.16309
-0.18697 -0.00937 -0.16309
-0.16705 -0.00649 0.13826
0.24798 -0.06888 -0.11394
0.25532 -0.04622 0.16430
0.01167 0.12444 -0.01235
-0.39610 -0.07671 0.14541
0.24795 -0.05189 -0.13261
0.24444 -0.01419 0.13529
-0.20569 -0.07050 0.15290
0.08668 -0.02595 -0.00171
0.23323 0.03298 -0.14569
0.22909 0.04767 -0.00613
0.23077 0.04696 -0.02151
-0.24959 -0.02056 -0.10001
0.27576 -0.02790 0.11023
-0.24608 -0.00026 0.14019
0.08693 0.04770 0.01836
0.29727 -0.06173 -0.14491
-0.20599 -0.02624 0.15290
-0.13923 -0.04901 0.07211
-0.40898 -0.07639 0.11823
0.13204 0.03880 -0.13800
-0.19272 -0.02673 -0.11562
-0.25080 -0.02611 -0.11624
-0.37659 0.02397 -0.14780
0.08693 -0.03632 0.01378
0.34882 -0.05544 0.12358
-0.06309 -0.03957 0.11768
-0.29655 0.04430 -0.04198
0.08402 -0.03968 -0.07735
-0.37723 0.03095 -0.10137
0.44639 -0.03195 0.09163
-0.44309 -0.02026 0.05038
0.20560 -0.07268 0.11846
0.36972 0.02294 0.02613
-0.40358 -0.07978 -0.10557
-0.29010 0.02344 0.16100
0.35562 0.01542 -0.12835
-0.25488 0.04092 0.08981
-0.24694 0.03905 0.09419
0.32847 -0.03022 -0.16273
0.22891 -0.03419 0.11939
-0.35932 0.03657 -0.05203
-0.34439 0.03954 -0.02629
-0.07049 0.01627 -0.16302
-0.04868 0.01706 -0.16232
-0.21892 -0.08838 0.11814
0.11990 0.03736 -0.14470
-0.30584 0.03778 0.11968
-0.27603 -0.09591 0.15290
0.43130 -0.00793 0.00368
0.32505 0.01832 -0.14489
0.43030 -0.00922 0.06418
-0.29129 -0.09001 -0.15491
0.08633 -0.00758 -0.04342
-0.40800 0.02722 -0.06082
0.31370 -0.00923 -0.11185
-0.25093 -0.12862 0.10987
-0.19960 -0.08698 -0.15491
-0.16429 0.00282 0.10208
0.05177 0.02120 -0.14500
0.08556 0.03293 -0.15422
-0.20920 -0.05065 0.12306
-0.12388 -0.05474 -0.10881
-0.02169 -0.01028 0.16108
0.05771 -0.00905 0.16108
-0.43434 0.00444 -0.14306
0.43187 -0.07743 0.01186
-0.21386 -0.08256 -0.11267
0.19639 -0.04652 0.16108
-0.03008 -0.04299 0.16108
0.17133 -0.03356 0.16108
0.19807 -0.03262 0.16108
0.14596 -0.04685 0.16108
0.20431 -0.03094 0.16108
0.08556 -0.03559 0.16108
0.02574 -0.03991 0.16108
-0.00154 -0.04163 0.16108
0.12471 -0.03396 0.16108
0.18753 -0.03594 0.16108
-0.19246 -0.06937 -0.10001
-0.26042 -0.09684 -0.12001
0.28973 -0.03016 0.10201
0.07971 -0.02626 0.09933
0.27296 -0.12852 0.12172
0.21703 0.03992 0.12054
0.08606 0.03800 -0.04752
0.20372 0.04767 0.03032
0.20214 0.04710 0.04585
-0.22900 0.02509 -0.03877
-0.34065 -0.08798 0.14360
0.27273 0.03663 0.11640
-0.40883 -0.08040 0.03713
-0.31859 0.04215 0.04132
-0.11263 -0.04423 0.13899
-0.41707 0.02312 -0.09997
-0.22998 -0.09993 0.14969
-0.25862 -0.00201 -0.11016
-0.01457 -0.06758 0.12333
-0.04804 0.00591 -0.16309
0.40525 -0.08465 -0.08480
0.08668 0.01763 0.00159
-0.44216 -0.04073 -0.09498
0.12699 0.04977 -0.04660
-0.15572 0.03648 0.06640
-0.44164 -0.04253 0.10907
-0.07839 -0.04093 -0.10793
0.36408 -0.05223 0.13805
-0.38395 -0.08700 -0.10280
-0.30101 -0.01846 -0.11071
0.25243 -0.05288 0.14483
0.33287 -0.00543 -0.13871
0.33027 -0.00435 -0.10382
0.23265 -0.04943 -0.13768
0.27016 0.03515 -0.12560
-0.08591 -0.05980 -0.14575
0.44207 -0.01893 0.01889
-0.19101 -0.05665 -0.15491
0.39133 0.00078 0.12871
0.25596 -0.06996 0.15034
0.38121 -0.02718 0.16053
0.08297 -0.00653 0.07770
0.08474 0.02131 0.06228
-0.30134 0.03507 0.13321
0.34115 -0.03699 -0.14024
-0.28767 -0.09937 -0.15491
-0.27173 -0.01173 -0.10209
-0.01272 -0.05810 -0.06613
0.01748 0.10936 -0.11652
-0.41338 0.02347 -0.10615
0.36357 -0.04855 -0.08822
0.34315 0.02216 -0.11919
0.31940 0.01473 -0.15206
0.31089 0.03394 0.08925
0.27747 0.03896 0.09316
-0.43775 -0.05330 0.06221
0.29637 -0.05113 -0.15061
-0.41595 0.02043 0.12617
0.36290 -0.04550 -0.10697
-0.28667 -0.01531 -0.11986
-0.12839 -0.06254 -0.06170
0.24640 -0.06831 -0.08421
0.24997 -0.12101 0.12437
-0.20025 -0.01175 0.11613
-0.21693 -0.00996 0.16054
0.23640 0.04183 -0.10163
0.38380 -0.08568 -0.11735
-0.29636 -0.04467 -0.10001
0.26730 -0.10243 -0.14242
0.22359 -0.07441 -0.13431
0.31974 -0.08413 0.12375
-0.18631 -0.03865 0.14169
0.43666 -0.07411 -0.00624
0.24496 -0.05702 0.17192
-0.44564 0.01434 0.08713
-0.28649 0.03856 -0.12459
-0.26894 0.04044 -0.11709
0.35924 -0.03611 0.13236
0.36119 -0.04071 0.12912
0.36252 -0.04387 0.12373
-0.20928 -0.00947 0.01921
-0.44788 0.00334 0.02991
0.06646 0.03542 -0.14826
-0.42121 -0.07295 0.03646
-0.29388 -0.01519 0.15288
-0.28560 -0.01264 0.15814
-0.16038 -0.03857 -0.00963
0.04172 0.02761 0.15476
-0.38148 -0.09056 -0.05283
-0.21451 -0.10505 0.15290
-0.41674 -0.06726 -0.14956
-0.35935 -0.09627 -0.04634
0.16613 0.04567 0.09077
-0.37045 -0.09415 -0.03594
0.33699 0.03071 -0.05720
0.06723 0.01176 -0.16309
0.16364 0.01116 -0.16309
-0.18672 0.01112 -0.16309
0.33407 0.01156 0.14931
0.40485 -0.08653 -0.05918
-0.15843 0.03465 0.04781
0.41810 -0.00046 0.04764
0.27331 -0.10125 -0.14290
-0.30280 -0.04801 -0.15214
-0.23188 -0.00894 -0.14489
-0.24671 -0.00894 -0.09937
-0.22932 -0.00894 -0.10924
-0.23349 -0.00894 -0.13918
0.29539 -0.03372 0.10029
0.42334 -0.06691 0.12417
-0.31136 0.04422 0.00241
-0.12451 0.02544 -0.09297
0.27053 -0.12597 0.14185
-0.36059 -0.09162 -0.11456
0.28755 -0.10310 0.10253
-0.11357 0.00879 0.16108
-0.14325 -0.06838 -0.11244
0.08446 0.00267 0.06556
0.35220 0.02539 -0.07880
-0.27060 -0.03566 -0.12551
0.31162 -0.05533 -0.15628
-0.19228 -0.10092 -0.12392
-0.10007 -0.02731 0.11947
0.26732 -0.09339 0.13922
-0.01369 -0.05523 -0.10185
-0.21258 -0.08847 -0.10001
-0.01708 -0.05017 0.06431
-0.33264 -0.09508 -0.10974
0.27267 -0.04535 -0.13985
-0.27482 -0.10134 -0.14887
-0.39226 -0.00601 0.14227
-0.25172 -0.00544 0.10007
0.18706 -0.08634 -0.15313
0.29250 -0.09784 -0.15043
-0.21882 -0.00154 -0.03615
-0.15822 0.03510 -0.12022
0.25622 -0.02251 0.16513
0.41918 -0.01611 0.12892
-0.11108 -0.04352 -0.14227
-0.27386 -0.00440 0.16108
-0.24035 -0.09976 -0.12826
0.32771 0.02937 0.09598
0.12638 0.04778 0.08377
-0.31716 0.04059 -0.08530
-0.18607 0.00137 0.12888
0.01031 0.11989 -0.07458
0.39933 -0.06088 -0.15200
0.06071 0.03125 -0.15580
0.07429 0.03883 -0.14792
0.10389 0.05071 0.03688
-0.15520 -0.02794 0.03579
-0.30748 -0.08065 -0.12122
0.31293 -0.01226 0.09778
-0.29123 -0.01958 0.13942
-0.44613 -0.00916 -0.14515
-0.44573 -0.00266 -0.14335
-0.06827 -0.02431 0.16108
0.01497 -0.02514 0.16108
0.05670 -0.02506 0.16108
-0.11227 -0.02078 0.16108
-0.17134 -0.02200 0.16108
-0.16470 0.00490 -0.09937
-0.30935 -0.10108 -0.01179
0.34919 -0.01306 0.16108
-0.11808 0.01634 -0.04135
-0.44716 -0.00300 0.09414
0.28937 0.03416 -0.11911
-0.09924 -0.03373 0.08735
-0.16062 -0.03426 -0.05544
-0.14536 -0.02442 -0.13177
-0.42874 0.02251 0.04888
-0.08224 -0.04154 0.06897
0.37458 -0.01126 0.15498
-0.27095 0.00770 0.16108
-0.04650 -0.03989 -0.11795
0.27484 0.04408 0.01483
0.27292 -0.00010 -0.14021
0.19817 -0.09129 0.14030
-0.14272 -0.06878 0.04559
-0.28613 -0.02076 -0.10282
0.34476 -0.04641 0.11078
0.29674 -0.12830 -0.11988
0.34269 -0.05837 -0.15438
0.26316 0.04372 -0.05092
0.26878 0.04487 -0.01311
-0.30437 -0.07231 -0.15261
-0.36417 -0.00864 0.16108
-0.24181 -0.10673 0.15290
-0.28966 -0.07692 -0.10001
0.08378 -0.00753 -0.07422
0.39453 -0.03235 0.15620
-0.13934 -0.03974 -0.10814
-0.12110 -0.06164 -0.09669
-0.42612 0.02004 0.11059
-0.03560 0.01031 -0.16309
-0.28136 -0.01100 0.13811
0.10551 0.03406 0.14990
0.00314 0.00015 -0.16309
-0.34599 0.00081 -0.16309
-0.35232 -0.09283 -0.11623
0.04093 0.05978 -0.06905
0.25098 -0.10310 -0.13499
0.08680 0.02542 -0.00752
0.25369 -0.07437 -0.09921
-0.27930 0.04227 0.09696
-0.22132 0.00340 -0.04709
0.43358 -0.01549 0.09218
0.08419 -0.04964 -0.07703
-0.21652 0.00629 -0.06998
0.31166 -0.04886 0.08377
-0.14841 -0.05455 0.08547
0.43744 -0.05193 -0.11427
-0.20295 -0.03097 0.09800
0.24552 -0.10357 0.11199
-0.25780 -0.03053 -0.14060
0.31318 -0.05178 -0.14445
0.01636 0.02125 0.15974
-0.15000 -0.03617 0.08700
0.38040 -0.08589 0.11884
-0.42933 -0.05421 -0.15426
-0.19746 0.00551 0.11550
-0.42930 0.01663 -0.13302
-0.18528 -0.04865 -0.10523
0.30560 -0.04697 0.08758
-0.19882 0.00363 -0.11367
0.31602 -0.11885 -0.14055
0.25882 -0.03638 -0.08883
-0.22474 0.03145 -0.12645
-0.21949 0.03235 -0.12102
-0.33506 0.04092 -0.02185
-0.29909 0.04240 -0.08409
-0.16465 0.02851 -0.09089
-0.21532 -0.08401 -0.13892
-0.22608 0.00629 0.02012
0.43510 -0.07511 -0.01268
0.39965 -0.09107 -0.00489
-0.44717 -0.00208 0.04488
0.34164 -0.08032 0.13068
-0.38267 0.02472 0.13716
0.23793 -0.05103 0.17049
0.38555 -0.09287 0.04202
0.17343 0.02654 0.15793
0.33596 -0.04761 0.08944
-0.39824 0.02850 0.08190
-0.33625 0.04137 -0.00326
0.08662 -0.01857 -0.03745
0.07979 -0.01462 0.09642
0.08112 -0.02631 -0.09443
0.30846 -0.05619 0.08524
-0.28682 -0.01661 -0.14622
-0.33204 0.04039 -0.05005
0.23869 -0.08829 -0.13056
0.31278 0.01713 -0.15142
-0.17026 -0.02756 -0.04975
-0.32562 -0.08787 -0.11306
-0.32561 -0.08781 -0.08831
-0.30430 0.03861 -0.11656
0.29614 -0.12695 -0.13824
-0.25569 -0.00335 0.14792
0.11100 0.04142 -0.13036
0.07371 -0.00255 -0.11773
0.29037 -0.07729 -0.15096
-0.36027 0.02896 0.13261
-0.09641 0.01659 0.15984
-0.13232 0.01783 0.15749
-0.18425 -0.04834 0.14487
0.27466 -0.11937 -0.15330
0.28380 -0.06099 -0.14913
-0.15742 0.03510 0.12136
0.19312 0.02598 0.15777
0.24988 -0.09942 -0.08255
-0.35512 0.03223 0.12004
-0.19699 -0.01280 0.04994
-0.27557 -0.08837 0.11772
0.23286 -0.03882 -0.09462
