-0.08018 0.04300 0.15864
0.28714 -0.00158 0.19767
0.34736 -0.04090 0.10972
0.34712 -0.04322 0.17317
0.38672 -0.08465 -0.01333
-0.40342 -0.04389 -0.03032
-0.08227 0.06024 0.13328
-0.15178 0.01692 -0.18673
-0.31476 0.04988 -0.08971
0.16068 0.03882 -0.13714
-0.37320 0.00874 0.15016
-0.37648 0.00316 0.14453
-0.16979 0.05928 0.14395
0.24419 0.04802 -0.16831
0.16162 -0.00272 0.18441
-0.30357 -0.05550 0.10292
-0.31735 -0.05082 0.10376
-0.22075 -0.07122 0.10091
-0.22323 -0.06546 0.10224
-0.36713 0.03535 -0.06185
-0.38541 -0.06627 -0.13373
0.41203 -0.04345 0.08606
-0.32047 0.04837 0.10772
0.40332 -0.03734 0.00150
0.30730 0.04410 0.14344
0.36429 -0.04258 0.17408
0.36713 -0.03951 0.16869
0.34267 -0.06256 -0.10966
0.34268 -0.06253 -0.13112
0.34503 -0.05231 -0.12575
-0.40732 -0.07044 0.08030
0.13085 0.07903 -0.01297
0.40861 -0.00384 0.04209
-0.32492 0.04716 -0.10415
-0.21210 -0.05036 0.18965
-0.35753 0.02235 0.18745
-0.38005 -0.00697 -0.07295
-0.16637 0.06430 0.03702
-0.42437 -0.03358 -0.00900
-0.16930 -0.06339 0.19438
0.12059 0.08302 0.00120
0.39533 -0.00298 0.14429
0.22659 0.02979 0.00013
0.29260 0.03320 0.16156
0.29330 0.03297 0.17510
0.32882 -0.06379 0.18197
0.33065 -0.05969 0.19016
0.20763 -0.01649 -0.10140
0.21105 -0.00736 -0.11366
0.35769 -0.07358 0.12469
0.13537 0.03894 0.14348
0.33161 0.02410 -0.10125
0.04721 0.10265 -0.01172
-0.02676 -0.06009 0.16957
-0.03377 0.10317 -0.05039
-0.14318 0.05372 0.15824
-0.07080 0.10141 0.00840
0.39107 -0.01802 0.14099
-0.24033 0.06577 0.08835
-0.40535 0.01860 -0.09082
-0.26275 0.06045 -0.09235
0.10545 0.04775 0.14694
-0.17002 0.01925 0.17358
0.34232 0.01147 0.17201
0.23742 0.02979 -0.04503
0.12976 0.07884 -0.03999
-0.40453 0.00085 -0.00876
-0.39725 -0.00735 -0.05824
0.34747 -0.02965 0.20236
0.24213 0.01817 0.13382
-0.32542 -0.00819 -0.15023
-0.13462 0.06772 -0.04552
-0.26113 -0.07709 0.19830
-0.08826 0.06086 0.13234
0.38760 -0.05754 0.05718
-0.33238 -0.05737 0.13382
0.17508 -0.01266 0.19133
-0.03585 0.10360 -0.02811
-0.09477 0.06095 -0.13288
-0.34034 0.04377 -0.13919
-0.38987 -0.00590 0.00557
-0.39183 0.01341 0.00169
0.00834 0.02470 0.16943
-0.42306 -0.05125 0.04453
0.26890 0.04949 -0.14373
-0.26586 -0.04581 0.19035
0.37280 -0.01655 -0.19284
0.43010 -0.04347 -0.01340
0.32527 -0.08315 0.19341
0.01588 0.10206 -0.07227
0.20437 -0.04571 -0.10971
0.20499 -0.04830 -0.12059
0.20598 -0.05243 -0.11028
-0.12511 0.08757 0.01910
0.25684 0.01885 0.19729
0.20206 0.04228 0.15048
-0.37230 0.02022 0.15439
-0.22483 0.01789 0.17407
-0.22927 0.02189 0.17167
-0.17193 -0.08465 -0.14110
-0.18975 -0.08465 -0.14379
-0.17701 -0.08465 -0.11821
-0.17101 -0.08465 -0.11126
0.04090 0.06368 0.12344
0.30291 -0.04773 0.19521
0.37580 -0.01922 -0.18045
0.38112 -0.02130 -0.14585
0.40060 -0.02112 0.12333
-0.25437 -0.09282 0.18698
-0.12651 0.08511 0.01168
-0.09172 -0.04970 -0.16433
-0.27983 0.02618 -0.20072
0.20892 -0.05527 -0.19049
0.20875 -0.05447 -0.14951
0.21853 -0.05537 -0.17466
0.22039 -0.05954 -0.15815
-0.24328 -0.03906 -0.19584
0.43577 -0.02385 0.02497
-0.21769 -0.07293 -0.13382
0.40670 -0.05672 -0.09172
-0.35193 0.03714 0.04926
-0.12682 0.01297 -0.16647
-0.08229 0.01260 -0.17175
0.38294 -0.02437 -0.18503
0.40549 -0.04004 0.05516
0.08822 -0.04016 0.18217
0.02651 -0.08165 0.16525
0.22710 -0.08429 0.19573
-0.35757 0.03969 -0.15763
0.34648 -0.02037 -0.20343
-0.33458 -0.02249 -0.13382
-0.15243 0.00654 -0.16550
0.36365 -0.00047 -0.05573
0.20145 0.03061 0.17248
0.34269 0.01986 0.00531
-0.21942 -0.03175 0.19141
-0.26332 0.00260 -0.18016
0.34760 -0.03908 -0.18435
0.36874 -0.07985 -0.17044
-0.23609 -0.08440 0.19975
0.36844 0.01572 -0.14819
-0.38865 -0.03413 0.12639
0.34786 -0.06689 -0.16953
0.33252 0.03271 0.16814
0.07996 -0.01141 -0.17802
0.37718 -0.05215 0.10547
0.38009 -0.00277 0.16823
0.24332 0.02287 -0.13382
0.23865 -0.05299 -0.18016
0.16438 -0.05231 -0.18762
-0.41276 -0.01146 -0.03820
0.32393 -0.03696 0.19564
0.10251 0.08600 0.07399
0.36707 -0.03506 0.16333
0.37058 -0.03262 0.17872
0.36041 -0.03384 0.17271
-0.32558 0.05074 -0.00896
0.11672 0.08434 -0.00470
0.36425 -0.05094 0.10525
-0.15257 0.07638 -0.11129
0.30153 -0.04670 0.18016
0.36995 0.01481 -0.17279
0.38988 -0.00063 -0.17359
0.41359 -0.03570 -0.02895
-0.02415 0.05011 -0.15491
-0.02473 0.09255 -0.09928
-0.39744 -0.02768 0.11228
0.38922 -0.08317 0.08998
-0.30500 -0.03532 -0.19905
-0.09048 0.01319 -0.17041
-0.05495 0.01021 -0.17483
0.33823 0.00317 -0.20377
-0.09942 0.09643 0.07237
0.17604 0.05346 0.09029
0.18545 0.05298 0.03312
-0.15182 0.06993 0.07237
0.12050 -0.05987 0.18555
-0.23191 0.06138 -0.07884
-0.01324 0.10172 0.07510
0.11280 0.08427 0.05741
-0.23086 -0.03567 0.19449
0.42053 -0.01622 0.09315
-0.00022 0.06382 -0.12480
0.28394 0.04913 -0.16589
-0.13857 0.00637 -0.16795
0.30697 -0.01581 -0.18016
-0.15863 0.06864 0.12093
-0.09330 -0.02047 0.17926
0.21331 0.03585 0.09290
-0.34179 -0.04611 0.20075
-0.34198 -0.04530 0.11624
-0.34141 -0.04775 0.14340
0.11362 0.08455 0.04523
0.41434 -0.05143 0.01475
-0.32073 0.05033 0.18662
0.05146 0.00518 0.17538
0.41747 -0.00803 0.04851
0.38022 -0.07238 0.11557
-0.36720 0.03705 0.00624
0.05682 -0.07520 0.16436
-0.21641 -0.06153 0.15301
0.39676 -0.04351 0.10563
0.13710 0.07645 -0.01986
0.16459 -0.00118 -0.16698
-0.30888 0.04460 0.19817
-0.39708 -0.06796 -0.07816
0.11869 0.04404 0.14152
0.21582 0.03817 0.08575
0.32828 -0.07102 0.20072
-0.05944 -0.01332 -0.18128
-0.36068 -0.04713 0.19464
-0.09348 -0.04841 0.16873
-0.15921 0.03871 0.14879
0.39266 -0.00387 0.16235
-0.40706 -0.06467 -0.01385
0.08979 0.09235 0.03177
0.39469 -0.00914 0.16912
-0.19332 0.06390 -0.07269
-0.37758 0.02892 0.12540
0.30934 0.02942 -0.17389
0.10980 0.08113 -0.08775
0.33479 -0.02143 0.17586
0.33592 -0.02670 0.16718
-0.38588 0.03000 -0.12484
0.35657 -0.04531 0.15478
-0.39537 0.02951 0.07764
0.33404 0.01684 -0.15185
-0.27040 0.02700 -0.13382
0.20959 0.04347 -0.11532
0.08153 0.09309 -0.06425
0.21897 -0.05635 0.15478
0.11904 0.05244 0.14636
0.42371 -0.02351 0.06903
0.24166 -0.00765 0.19506
-0.33686 -0.04960 -0.20072
-0.37591 -0.01006 -0.09591
0.40704 -0.04976 0.10565
0.15337 -0.08513 -0.17640
0.14447 -0.08513 -0.17508
0.09344 -0.08513 -0.17236
-0.05338 -0.08513 -0.16547
0.17712 -0.08513 -0.17450
0.08023 -0.08513 -0.16894
-0.07057 -0.08513 -0.16408
0.11471 -0.08513 -0.16805
0.02877 -0.08513 -0.16696
-0.03084 -0.08513 -0.16737
0.17808 -0.02166 0.19312
0.16375 -0.01891 -0.16914
-0.35461 0.03775 -0.17390
0.35183 0.00728 -0.04531
0.37354 0.01232 0.12395
0.13324 -0.03095 0.17373
0.23960 -0.09388 -0.14151
0.24569 -0.09740 -0.18784
-0.12743 0.05939 0.13912
-0.39003 0.00472 -0.01029
-0.38759 -0.00672 -0.02204
0.26430 -0.05182 0.19822
-0.39721 -0.01121 -0.08523
-0.10832 0.09317 0.08294
0.32003 0.02382 -0.03746
-0.25500 0.05865 0.06942
-0.32118 0.04994 0.04571
-0.31747 0.04439 -0.16649
0.23841 0.02382 -0.12276
0.23925 0.02441 -0.14305
0.23003 0.01793 -0.10401
-0.18277 0.02159 -0.19215
0.22236 0.04244 0.10662
0.01818 0.04545 0.15882
0.32405 0.02036 -0.17752
0.33369 -0.05250 0.17874
0.32490 0.03188 -0.11500
0.33502 -0.02542 0.20035
-0.25033 0.03136 0.19710
-0.24838 0.03075 0.16128
-0.23959 0.02796 0.17502
-0.22249 0.03422 -0.19993
-0.22098 0.06391 0.12264
0.13201 0.07867 0.00809
-0.39473 0.01223 -0.07642
-0.12400 0.08840 -0.09268
0.35464 0.00313 -0.16912
0.10034 0.02464 -0.16717
0.24164 0.04302 0.12294
-0.29323 0.05439 0.05397
0.26921 -0.04975 0.18016
-0.06535 0.00574 0.17605
0.23876 -0.09339 0.20003
0.37392 -0.08463 -0.12240
-0.09366 0.01081 0.17141
-0.31442 -0.08854 -0.13824
-0.40931 -0.05565 0.03165
-0.16300 0.01608 0.15798
-0.30432 0.05292 0.06900
-0.38391 0.02080 0.15199
0.41169 -0.00744 0.06927
-0.11559 -0.07113 0.16554
0.26652 -0.01658 0.19707
-0.34649 0.03872 -0.02589
0.43397 -0.02026 0.03841
0.21888 0.03012 -0.06047
-0.04028 0.10155 0.07155
-0.27359 0.03441 0.20207
-0.26008 0.03441 0.19867
-0.28829 0.01657 0.19445
-0.14313 -0.05651 0.19015
0.42342 -0.00983 0.03957
0.05203 -0.07257 -0.16487
-0.32274 0.04714 0.17123
0.38286 -0.08465 -0.03652
-0.04536 0.07172 -0.11979
-0.36214 0.03723 0.01781
0.31560 0.02625 0.01779
0.37933 -0.05173 -0.10667
-0.30331 -0.09253 -0.20072
0.15997 -0.03725 -0.17467
0.03243 0.10287 0.06205
-0.15701 0.02446 0.15668
0.01110 -0.04879 -0.18379
-0.33133 -0.03311 -0.17306
-0.15411 0.00105 0.17272
-0.18461 0.06254 -0.05117
0.21578 -0.01982 0.13382
-0.14356 -0.01928 0.19203
0.20925 -0.06569 0.18146
0.20912 -0.06547 0.15765
0.21598 -0.07741 0.16324
0.32725 0.02083 0.03565
0.38121 0.00252 -0.07840
0.35148 0.01516 0.18162
0.35996 -0.06384 -0.12965
-0.35211 0.04289 -0.15278
0.24245 0.03730 0.07784
-0.15721 0.06445 0.12608
0.36819 -0.04136 -0.16057
0.34583 -0.08465 0.17339
0.36742 -0.04179 0.15887
-0.20240 -0.01747 0.15375
-0.20388 -0.01354 0.18058
0.09397 0.08242 0.10044
-0.23627 0.05990 0.02533
-0.15019 0.08528 -0.08627
-0.17537 -0.06555 -0.19574
-0.35338 0.01951 -0.15742
-0.35467 0.01372 -0.15478
0.34724 -0.04217 -0.14755
0.16222 -0.00718 0.17551
0.20068 0.04418 -0.12355
0.38116 -0.02992 0.18521
-0.30381 -0.07057 0.18851
-0.28432 0.05804 0.17534
-0.06308 -0.04491 0.18803
-0.30351 0.05214 -0.07579
-0.40858 0.02788 0.03046
0.33712 -0.00173 0.17780
0.29094 0.03208 -0.01648
0.22836 -0.08542 -0.15045
-0.40482 0.01498 0.08587
0.25569 0.03575 0.07454
0.09113 0.00422 -0.17330
-0.24042 0.06456 0.09727
-0.09605 0.09207 0.09606
0.32725 -0.06660 -0.20072
-0.28466 0.05559 0.05804
-0.33454 -0.06188 -0.14940
0.08485 0.00496 0.17355
0.38234 -0.03639 -0.15147
0.36442 -0.04509 -0.09765
0.37512 -0.04255 -0.11224
-0.39470 0.03203 -0.01362
0.38981 -0.06215 0.01589
0.38761 -0.06694 0.00902
0.21532 -0.08464 0.19665
0.41086 -0.07476 0.01032
-0.15016 0.07817 0.10813
0.34756 -0.03272 0.13253
0.34790 -0.03460 0.19314
-0.18515 0.03460 -0.17238
-0.19274 0.03953 -0.14961
0.32494 0.03825 0.17821
-0.24134 0.06214 -0.11578
0.28571 -0.00450 -0.18016
-0.21005 -0.03645 -0.17375
-0.16138 0.06482 0.00467
-0.22032 -0.00053 0.18793
-0.42219 -0.06084 0.01182
-0.30216 0.00338 0.10470
-0.27109 -0.00932 0.10470
-0.31143 -0.00131 0.10470
0.37631 0.01140 0.14639
-0.06019 0.09844 -0.08497
-0.17528 0.04659 0.17805
0.31577 0.03809 0.17856
0.39439 0.00302 0.01705
0.04316 -0.05799 -0.16843
0.38798 -0.00352 -0.16442
-0.30670 -0.03623 0.10420
-0.26767 -0.04564 0.10361
-0.28609 -0.04160 0.10389
0.36213 -0.00446 -0.15885
-0.33776 0.04383 0.02746
-0.40727 -0.02861 0.03418
0.26108 0.01238 0.18821
-0.10042 0.05411 0.15260
-0.22143 -0.04229 0.19017
-0.26103 -0.01416 0.10471
-0.21047 -0.03352 0.10476
-0.29267 -0.01047 0.10471
-0.38329 0.02318 0.12565
0.26935 0.04961 -0.18146
-0.12876 0.08092 0.01593
0.37872 -0.01537 0.18911
0.37690 -0.08430 -0.13810
-0.30017 0.01138 -0.19418
0.14411 -0.07439 -0.16980
-0.31607 0.04586 0.19582
0.27812 0.03527 -0.15364
-0.29419 0.01982 -0.19960
0.26007 -0.10243 -0.19489
0.26016 -0.10246 -0.15790
0.08314 -0.07995 -0.16293
-0.31518 0.05057 0.03938
-0.08995 -0.03314 -0.18832
-0.41630 -0.01089 0.00323
-0.34086 -0.02269 0.15201
-0.34101 -0.02514 0.19510
-0.34103 -0.02548 0.20116
0.08454 0.03534 -0.16104
-0.03981 -0.04605 0.18373
0.36266 -0.08465 0.12480
-0.27985 -0.01088 0.19934
-0.35710 0.04062 -0.13288
0.42602 -0.02383 0.04325
-0.11804 0.05398 0.15496
-0.11207 -0.00262 0.17479
0.01488 -0.04676 0.18839
0.13130 0.06845 -0.13376
-0.31588 0.01816 -0.11308
-0.30838 0.02343 -0.13349
0.01434 0.10356 0.04986
-0.11856 -0.05593 0.19124
-0.26084 -0.06625 -0.18016
0.43487 -0.01245 0.01391
0.35234 -0.00106 -0.16323
0.21228 0.04243 -0.15978
0.25777 -0.03484 0.18016
0.20664 -0.02418 -0.17231
0.20621 -0.02621 -0.18898
-0.25676 -0.02829 0.18680
-0.00033 0.08877 0.10275
-0.28025 0.03395 -0.20072
-0.24868 -0.05159 -0.19714
-0.33799 -0.06795 0.19690
-0.30053 -0.00545 -0.17989
-0.28701 0.05571 -0.01584
-0.07220 -0.04573 -0.16692
0.31623 -0.07933 0.20038
0.03250 0.09899 0.08325
0.01914 0.10245 0.06842
-0.29178 0.05992 -0.14165
-0.37815 -0.07044 0.11734
0.09249 -0.05796 -0.16447
-0.05831 -0.07806 0.16687
-0.25239 0.05876 -0.07377
-0.40895 0.02073 -0.01516
-0.36222 0.03631 -0.04435
0.04659 0.10223 0.04056
0.40296 -0.08216 -0.11840
-0.32291 0.04063 0.19707
-0.20117 -0.03695 -0.14825
-0.05282 0.10244 0.04565
-0.39927 -0.07044 0.11433
-0.39160 -0.07044 0.13032
0.37197 -0.08465 0.06887
0.30414 0.02924 -0.01418
0.25735 0.04968 0.15680
-0.31968 0.05438 0.14320
-0.30054 0.04732 0.19811
0.32360 0.03278 0.11617
0.20000 0.03631 -0.09466
-0.40563 -0.06784 -0.08373
0.36799 -0.07998 -0.15143
0.21559 0.04549 0.14395
0.29248 -0.09262 -0.16837
0.29826 0.00855 -0.19518
0.17305 0.05385 -0.09573
-0.15388 -0.04808 0.19290
-0.32228 0.05091 -0.17899
0.17588 0.05876 -0.01108
-0.00923 0.06527 0.12390
-0.28926 0.01504 -0.19338
0.12818 0.06725 0.15803
-0.26061 0.02555 -0.17701
-0.36970 0.03716 -0.13668
-0.21339 0.06132 0.14709
0.23299 0.00891 0.20038
0.17671 0.04903 -0.10886
0.17166 0.02620 0.16029
-0.41968 -0.06461 0.02169
0.02917 0.06120 -0.12580
-0.23738 0.05806 -0.16403
-0.15667 0.01608 -0.18019
0.20705 0.03062 -0.17719
0.25961 0.03646 -0.03097
-0.15184 -0.00075 -0.19291
0.29763 0.00847 0.19751
0.35433 -0.06681 0.14571
0.31223 -0.09346 0.19629
0.31178 -0.09372 0.17533
0.38328 -0.02234 0.13637
-0.10646 0.09676 0.05902
0.07910 -0.00506 0.17660
-0.24303 0.03817 -0.20344
-0.31481 -0.08819 0.15321
-0.31577 -0.08733 0.18091
-0.04247 0.10305 0.04275
-0.37034 0.02910 -0.12502
0.28854 0.03059 0.06595
-0.37071 -0.05095 0.18235
-0.14770 0.00995 0.16514
0.22970 -0.06535 0.19586
0.39753 -0.07641 -0.08542
-0.28193 0.05622 0.02188
0.27311 0.03517 -0.01706
0.20603 -0.03724 0.19319
0.20603 -0.04114 0.14752
0.33308 -0.07345 0.18428
0.03952 0.10304 0.05298
0.31262 0.02451 0.19290
-0.08569 0.09945 -0.04670
-0.33917 0.04181 0.03838
-0.19113 0.06457 0.07495
-0.25514 0.03368 -0.13559
0.18384 -0.05599 0.19566
0.39255 -0.08239 0.15936
0.17182 0.05731 -0.07998
-0.39369 -0.00766 -0.07662
-0.15812 -0.07583 -0.19085
-0.26764 0.05813 -0.08152
-0.39043 0.01679 0.01401
-0.38506 0.00992 0.04998
-0.38707 0.01950 0.04038
-0.41356 -0.05148 0.04139
-0.28387 0.02512 0.19434
0.15588 0.03186 0.15027
0.28796 -0.08293 0.19666
-0.37295 0.01771 0.16545
-0.36960 0.02923 0.15328
0.13934 0.04193 0.13710
0.21404 -0.06865 0.09659
0.24486 -0.07136 0.09591
0.23791 -0.07520 0.09494
-0.16147 -0.04305 0.19495
0.38215 0.00385 -0.09430
0.37629 -0.08301 0.18441
-0.32933 0.05163 -0.14014
-0.12114 -0.06571 -0.16653
0.33918 0.02740 0.19320
0.24209 0.02640 0.20189
0.23644 0.02243 0.19984
0.23929 0.02443 0.19260
0.24928 -0.01460 0.19788
-0.00798 0.10424 -0.01187
0.21605 0.02828 -0.19127
0.08032 -0.05544 0.18419
0.11582 0.03770 -0.15091
-0.20384 -0.05423 0.19350
-0.40438 -0.05055 0.06162
0.26256 0.02781 0.20072
0.39890 -0.02356 -0.07140
-0.28194 -0.00148 0.19468
-0.02699 0.10256 0.06531
-0.34160 -0.04694 -0.13557
-0.34188 -0.04571 -0.11651
-0.33917 -0.05739 -0.14922
-0.34179 -0.04611 -0.19436
-0.40286 -0.03834 0.02377
0.35284 -0.08465 -0.13669
0.02348 0.09173 -0.09837
-0.40599 -0.05083 -0.05740
-0.37825 -0.00484 -0.08034
0.22845 0.00397 0.15665
-0.11367 -0.05963 -0.17799
0.36957 -0.05997 -0.19642
0.34775 -0.08465 -0.16454
-0.32114 0.02952 0.20215
-0.16213 0.05024 0.16591
0.05911 0.10005 0.02167
0.36281 -0.02053 0.19897
0.32162 0.01771 -0.14402
0.31738 0.02153 -0.18800
-0.35709 0.00880 0.15052
-0.36263 0.00011 0.14109
0.02210 0.07417 0.11593
0.39102 -0.01923 0.13133
-0.36280 0.03110 0.15543
0.24970 0.04362 0.13508
0.28244 -0.08677 0.19429
-0.07072 0.09883 -0.07839
-0.31973 0.00131 0.18117
-0.35555 0.03746 0.12849
-0.37796 -0.02930 0.17963
0.36474 -0.00230 0.17004
0.40304 -0.02358 -0.06588
0.00300 0.10154 -0.07627
0.43550 -0.01502 -0.02655
-0.15520 0.02797 -0.15494
-0.02576 0.06816 -0.12208
0.05052 -0.05256 -0.17816
0.03673 0.04188 0.16060
-0.15267 -0.08091 0.15985
-0.35196 0.01594 0.19374
-0.25621 0.02469 0.19769
0.10123 -0.08394 0.16405
-0.27923 0.06024 0.12546
0.16832 0.05687 -0.09237
0.39786 0.00067 -0.03990
-0.20117 -0.03592 0.17927
-0.32088 -0.03082 0.18744
0.41694 -0.02434 -0.04940
-0.28097 -0.04528 -0.19116
0.31270 0.02993 -0.20380
0.32111 0.02563 -0.00532
-0.22320 0.01643 -0.14858
0.05367 -0.01916 0.18159
0.37722 -0.04695 0.12936
0.37566 -0.06439 0.12167
-0.36794 -0.06132 -0.18213
0.30023 0.03000 0.14614
0.30415 0.02875 0.13382
-0.10534 0.02969 0.15932
0.20680 0.03877 0.03387
0.35140 0.01088 -0.18153
0.40482 -0.00460 -0.10794
0.39027 -0.08465 0.02617
0.03262 0.10408 0.00760
-0.02424 0.10403 -0.02212
0.12470 0.05691 0.12143
0.36636 -0.04799 0.19821
-0.34898 0.04173 0.09260
0.25040 0.02985 -0.10575
0.26310 0.03388 -0.19028
0.26110 0.03324 -0.15802
-0.32867 0.04263 0.18167
-0.23097 -0.03261 -0.18016
0.35511 0.00145 0.17588
0.26388 0.04807 0.18548
0.26854 -0.02481 -0.09950
0.33146 -0.01855 -0.09946
0.30717 -0.01218 -0.09947
0.15066 0.07002 -0.04459
0.05206 0.08387 -0.10458
-0.41104 -0.06966 -0.03668
-0.41891 -0.06966 -0.01711
-0.41405 -0.06966 -0.05684
-0.40533 -0.06966 -0.00213
-0.41060 -0.06966 -0.04325
-0.40973 -0.06966 -0.01729
-0.28641 -0.04582 0.19845
-0.34913 0.00533 0.16664
-0.35616 -0.01076 0.15000
0.43024 -0.02393 0.01010
-0.33694 0.04648 0.12195
0.37851 0.01020 0.13169
0.34345 -0.04928 -0.14037
0.28586 -0.05832 0.18016
-0.41500 -0.02636 -0.01474
-0.23787 0.06371 -0.12840
0.10766 0.07699 0.10420
0.44187 -0.02292 -0.00306
-0.34142 0.04408 -0.17456
-0.25383 0.05441 0.18620
0.12490 0.03728 0.14920
0.10605 0.00777 -0.17078
0.10088 -0.05837 0.16320
-0.36333 -0.01154 0.18074
0.12127 0.01615 0.16501
0.15188 -0.04466 -0.17682
-0.41409 -0.02566 0.03480
0.06466 0.09000 0.09618
0.37473 0.01104 -0.17832
0.06050 0.09787 -0.06485
0.27348 -0.01788 0.19245
0.33464 0.03231 -0.16971
-0.24374 -0.08882 -0.17458
-0.33357 0.04509 0.14270
0.37038 -0.08465 -0.11210
-0.19994 0.07436 0.08961
0.32992 -0.06132 -0.14253
-0.28851 -0.02572 0.18016
0.17465 -0.08046 0.17717
0.13800 -0.08046 0.16697
0.15076 -0.08046 0.17644
0.14470 -0.08046 0.18216
-0.00442 -0.08046 0.17969
-0.09126 -0.08046 0.18180
0.08619 -0.08046 0.18269
0.07960 -0.08046 0.17743
0.12026 -0.08046 0.18516
0.15688 -0.08046 0.16854
0.14189 0.06527 0.10572
-0.39983 0.02073 0.04560
0.25895 -0.04506 0.18016
0.26087 0.04920 -0.17556
-0.12803 0.08210 -0.02192
0.20173 -0.06995 -0.20038
-0.22880 -0.07824 -0.14977
0.04055 -0.03344 -0.18281
0.27802 0.03249 -0.07138
0.30462 0.02731 0.04830
-0.37377 0.03450 -0.14217
0.34936 -0.08461 0.18712
-0.01320 -0.08043 -0.16674
0.14841 0.05204 -0.12177
-0.34734 -0.00707 -0.20242
0.08648 -0.05702 -0.17973
0.39210 -0.03261 0.11344
0.23500 -0.06026 0.09793
0.27132 -0.05563 0.09840
0.28734 -0.05880 0.09808
-0.40748 -0.04982 0.04943
0.33367 -0.07996 0.13863
0.33468 -0.07818 0.16108
-0.40439 -0.01345 0.08704
-0.35804 0.04030 -0.08231
0.30635 0.04197 0.12771
0.01840 -0.02539 -0.18281
0.41831 -0.00627 -0.02168
0.35845 0.01349 -0.16348
-0.31960 -0.07021 -0.14663
-0.21073 -0.01302 0.20072
0.40420 -0.08051 -0.02387
0.37952 -0.07958 0.12549
-0.32476 0.04853 0.05973
-0.21682 0.00643 -0.13382
-0.31213 -0.06702 0.19338
0.42945 -0.01141 -0.02815
0.19234 0.04404 -0.12214
0.39788 -0.05538 0.08358
-0.40180 -0.03683 0.01380
0.30195 0.02724 -0.07917
0.40216 -0.04004 0.04397
-0.32123 0.00856 -0.20072
-0.02922 -0.01360 0.18251
0.37179 -0.07989 0.13452
-0.21412 0.00574 -0.12807
-0.21630 0.00857 -0.10671
-0.40497 -0.07107 0.05083
-0.40110 -0.04566 0.05083
-0.12594 -0.08162 0.18590
0.36916 -0.00232 0.03281
0.34011 -0.00751 0.18803
0.34144 -0.01107 0.17687
0.11618 0.08437 -0.01498
0.28936 -0.01230 0.18016
-0.17518 0.03986 0.18134
0.40547 -0.08122 -0.14630
-0.38231 0.01476 0.07054
0.16267 0.00902 -0.16732
0.24920 -0.04778 0.19756
-0.37539 0.02756 0.13896
0.09029 0.09237 -0.02319
-0.13722 -0.01848 -0.17088
0.29475 0.03124 0.03307
-0.13808 0.08791 0.08459
-0.21828 0.06396 -0.11624
0.36035 -0.03969 0.15671
0.19075 0.05093 -0.00129
0.25460 0.04093 -0.09644
-0.31942 -0.06680 0.09934
-0.28109 -0.07509 0.09830
-0.33576 -0.05769 0.10132
-0.32717 -0.06423 0.09980
0.29359 0.03173 0.00952
0.10970 0.05678 -0.12357
-0.10991 0.00525 -0.17248
0.07154 0.02908 0.16581
-0.25693 0.00200 0.19898
0.05510 0.09213 0.09486
-0.01981 0.05237 0.14846
0.32819 -0.02847 0.19337
0.40117 0.00021 -0.02887
0.33937 -0.08402 0.19317
0.28228 -0.09091 -0.19875
-0.17766 -0.05653 0.19791
-0.21324 0.06110 -0.04096
-0.29959 -0.08770 0.19305
-0.03247 0.01787 -0.17228
0.20491 -0.03020 0.18109
0.20525 -0.02488 0.14627
0.20516 -0.02633 0.19496
0.03239 0.01218 0.17364
0.33783 0.01692 -0.07854
-0.22976 0.06832 0.08181
0.16233 -0.00277 -0.18470
0.40539 -0.03493 -0.07004
-0.36298 0.03063 -0.17241
0.02636 0.06663 0.12190
-0.16779 0.00552 -0.19482
-0.37884 -0.00094 -0.14047
-0.37326 -0.00500 -0.14848
-0.18353 0.01452 0.19517
-0.06892 0.10145 0.03616
-0.19046 0.00684 -0.20076
0.21099 0.03200 -0.05563
-0.00827 0.05043 -0.15228
-0.38717 -0.04180 -0.14345
0.11462 0.08482 0.02033
-0.33648 0.04586 -0.08141
0.36715 -0.06396 -0.14896
-0.29078 0.05421 0.07990
0.28073 -0.07164 -0.19421
-0.33818 0.00223 0.20369
0.30186 -0.04949 -0.19969
-0.38033 -0.06784 -0.18770
0.03696 0.05078 -0.14391
-0.12376 -0.00035 -0.17259
0.22149 -0.00670 0.17367
-0.36260 -0.00164 -0.17626
-0.36484 0.00219 -0.16816
0.25750 -0.10159 0.18846
0.40982 -0.00834 0.12399
0.29211 0.03336 -0.13534
-0.14100 -0.04102 0.19170
0.39977 -0.00478 -0.14762
0.20494 0.04234 -0.01385
-0.33869 0.04541 0.07696
0.29341 0.01211 0.18991
-0.39683 -0.03550 0.04275
-0.02743 -0.04692 -0.18063
-0.16601 -0.02597 0.19616
-0.23329 -0.07584 0.19657
0.32049 0.03438 -0.17042
-0.33145 0.05073 -0.16023
0.34519 -0.02106 -0.13296
0.34560 -0.02216 -0.18440
0.34538 -0.02157 -0.19496
-0.26158 0.02565 0.15959
-0.15244 -0.08262 -0.15983
-0.24377 0.06205 -0.15303
-0.01823 -0.06224 0.16907
0.07135 -0.07340 0.16363
-0.24866 0.05850 -0.05686
-0.13750 0.06257 0.13051
0.41498 -0.05142 -0.01836
0.09943 0.08964 -0.02611
-0.38760 -0.04407 0.14044
-0.40124 -0.03034 -0.01878
0.40773 -0.00664 -0.09748
-0.42341 -0.03407 -0.03327
0.34764 0.01862 -0.00239
-0.03620 0.10363 0.01120
-0.27379 0.05788 -0.09493
-0.01253 0.05604 0.13770
0.36019 0.00463 0.05875
0.38418 -0.07541 -0.11713
0.31300 0.02665 -0.16520
-0.41139 0.02755 0.01809
0.33979 -0.00772 -0.14511
-0.02386 0.07639 -0.11541
0.18708 0.05078 0.06302
-0.17897 0.06259 -0.05705
-0.24306 0.05544 -0.17464
-0.07792 -0.06922 0.16570
-0.40813 -0.03695 -0.02846
-0.15213 0.06560 -0.04066
-0.26628 0.05775 0.01689
-0.21724 0.00832 -0.20072
0.30275 0.04630 0.15565
0.11499 0.04300 -0.14187
-0.20288 -0.05981 0.13216
-0.20190 -0.05570 0.15457
-0.28723 -0.02322 0.19855
0.23239 -0.08227 -0.09315
0.29136 -0.06738 -0.09691
0.30603 -0.06577 -0.09732
0.23575 -0.06943 -0.09639
-0.40179 -0.02840 0.00768
-0.27869 0.03470 0.18887
-0.27730 0.03485 0.17604
-0.34805 0.04623 0.14698
-0.23398 0.04484 -0.19587
0.30388 -0.09825 -0.18521
0.34032 0.01988 0.01685
-0.39599 -0.02053 0.11544
-0.32853 0.04910 -0.02974
0.34839 -0.07544 0.17273
-0.22450 -0.04221 -0.19578
-0.25971 0.06087 -0.11634
-0.15293 0.08268 0.09405
-0.05144 -0.05820 0.16486
-0.41132 -0.01264 -0.05014
-0.12426 0.03633 -0.15304
-0.37139 -0.02226 -0.18610
0.37381 -0.04937 -0.12450
0.42235 -0.01997 0.08448
0.34351 0.03246 0.17649
0.41001 -0.00383 -0.03414
-0.26018 0.05850 0.00433
-0.08159 0.10029 -0.00759
0.29405 0.03196 -0.12911
0.30464 0.02860 -0.10451
0.29297 0.03230 -0.10214
-0.19933 -0.04154 0.15753
-0.20009 -0.02959 0.17844
-0.18513 -0.00156 -0.19959
-0.38463 0.02208 -0.12404
-0.38029 -0.00198 -0.13428
-0.10394 -0.00951 -0.17606
-0.42468 -0.06968 -0.06190
0.03357 0.01712 -0.17171
0.36988 -0.08000 0.16172
0.39417 -0.08086 -0.07485
-0.40963 -0.02173 0.05763
-0.29591 0.03054 0.19893
0.22173 -0.07321 0.13382
-0.03066 -0.01930 -0.18301
0.39136 -0.05004 -0.11658
0.12402 0.05751 -0.14252
-0.12773 0.08474 0.10222
-0.25675 -0.08919 -0.19758
0.35509 -0.08465 0.08264
-0.18019 -0.05684 -0.19865
-0.30238 -0.05019 -0.19626
0.02864 -0.00501 -0.17917
0.24292 0.03941 0.08878
-0.28164 -0.08803 0.19505
0.34559 -0.04987 0.19309
0.34235 -0.06399 0.17766
0.34342 -0.05931 0.15305
0.34306 -0.06087 0.12466
-0.36540 0.03877 0.12036
-0.20869 -0.06327 -0.20072
-0.34667 -0.01314 0.18022
-0.31526 0.02400 -0.20392
0.16123 0.02553 0.15943
0.30430 0.04425 -0.13705
-0.12484 0.08792 -0.02283
-0.24075 -0.09735 -0.13849
0.42598 -0.04290 -0.03303
0.11707 0.05179 -0.14360
0.21825 0.03878 -0.17331
-0.10292 0.08399 0.10818
0.13649 0.03187 -0.15550
-0.00767 0.07396 -0.11706
-0.20978 -0.02198 -0.13382
0.32121 0.01978 0.16480
0.38703 0.00561 -0.14368
-0.23102 0.02204 0.17832
-0.22737 0.01947 0.19153
-0.23072 0.02183 0.16572
-0.03628 -0.04662 -0.17943
-0.34021 -0.03768 -0.15873
-0.20926 -0.02262 -0.20072
-0.00323 -0.02597 -0.18335
0.38186 -0.04327 -0.11875
0.08804 0.08589 0.09334
0.14058 -0.04470 -0.17708
0.24176 0.02793 0.02367
0.38833 -0.01512 -0.16191
-0.30497 0.05212 0.05683
0.02111 0.04981 -0.14938
0.19733 -0.03862 -0.20369
-0.17564 0.06266 -0.02583
0.37120 0.01345 0.18155
0.30103 0.04640 -0.15229
0.37738 -0.07393 0.18015
0.13899 0.07491 -0.04803
0.12813 0.07990 0.02236
0.42342 -0.01967 -0.08028
0.26840 0.03479 -0.14796
-0.31889 -0.05600 -0.19348
-0.05487 0.06378 -0.12583
0.23839 -0.04082 -0.19492
-0.17958 -0.03697 -0.20009
0.25696 0.04946 0.16611
-0.39952 0.02586 -0.09731
0.35364 -0.08465 0.10010
-0.34896 0.00693 -0.16669
-0.34939 0.01299 -0.16345
0.34355 -0.07202 -0.17949
-0.35809 -0.02413 0.19809
-0.19144 -0.03413 0.20347
-0.38119 -0.03478 0.14402
0.08924 0.09288 0.00586
0.22458 0.04253 -0.10795
0.25029 0.02107 0.13827
0.35857 -0.02999 -0.17220
0.35741 -0.02309 -0.17947
0.05738 -0.04803 -0.18564
-0.37379 0.03589 0.01391
0.28367 0.03469 0.17520
0.27624 0.03547 0.13798
0.24453 -0.08465 -0.13187
0.23852 -0.08465 -0.14366
0.28724 -0.08465 -0.11753
0.29641 -0.08465 -0.10761
0.27381 -0.08465 -0.09575
0.22997 -0.08465 -0.11319
0.34272 -0.08465 -0.09694
0.25021 -0.08465 -0.11139
0.22112 -0.08465 -0.15320
0.29954 -0.08465 -0.11789
0.26778 -0.08465 -0.12185
0.23508 -0.08465 -0.12744
-0.27575 -0.07462 -0.18016
0.29938 0.03732 -0.10886
-0.40528 -0.01098 -0.06532
-0.32901 0.00365 -0.15118
0.03736 0.10402 -0.01640
-0.27985 -0.02881 0.18435
-0.27636 -0.01027 0.18016
-0.16575 0.04135 0.14692
0.25248 0.04534 0.18791
0.34674 0.00406 0.16670
0.27876 0.04315 -0.11187
-0.23122 0.06043 -0.01779
0.36177 -0.07137 -0.18033
-0.29301 0.05515 -0.19185
0.39260 -0.08103 0.08466
-0.36809 0.01634 -0.12495
-0.37029 0.01889 -0.11673
-0.36579 -0.00125 -0.12887
0.33277 -0.01380 -0.14341
-0.37796 -0.03461 0.13632
0.22510 0.01367 0.16853
0.21895 0.00569 0.17927
0.17159 0.05944 -0.05813
0.34488 0.01051 0.05439
-0.35074 0.03521 -0.16489
0.00865 0.03636 0.16496
0.30895 -0.02925 0.09938
0.34326 -0.03229 0.09867
0.34299 0.01952 0.15371
0.04337 0.07541 0.11363
-0.08811 -0.05522 -0.16203
0.35651 -0.05275 0.15454
-0.38834 0.02984 0.09125
0.31107 0.02496 -0.07748
-0.40075 -0.05571 -0.07702
0.06580 0.09506 -0.07639
0.27007 -0.07005 -0.19676
-0.12957 -0.08115 -0.15984
0.37190 -0.00620 0.15044
0.09284 0.04068 0.14173
0.32300 -0.07222 -0.17088
0.16434 0.06089 -0.08091
-0.35704 -0.06042 0.19607
0.23060 -0.07548 0.17078
0.23382 -0.07838 0.18330
-0.20219 0.02577 0.19703
-0.27037 -0.09803 0.20072
0.23796 0.00579 -0.19739
0.32329 0.02076 -0.16809
0.39353 -0.00145 -0.16009
-0.17813 0.07562 0.10043
0.34321 0.02889 -0.13826
-0.12235 0.09128 0.06841
0.32842 0.01053 -0.13195
0.32900 0.00979 -0.11769
0.30751 -0.07148 -0.18831
-0.29606 -0.03119 -0.18016
0.16181 0.04407 0.12763
0.01257 0.05699 0.13239
-0.34682 -0.01225 0.20325
-0.16667 0.02193 -0.15676
-0.20089 -0.02151 -0.18857
-0.20581 -0.00837 -0.11367
-0.20400 -0.01322 -0.12399
-0.27287 -0.04724 0.19618
0.34358 0.02975 -0.14755
-0.24019 0.04199 0.20072
0.37850 -0.07995 -0.16789
-0.20284 -0.02537 -0.20072
-0.24067 0.02858 -0.18869
-0.07146 -0.08456 0.15985
0.21370 0.03370 0.17824
0.24839 0.01997 -0.17715
-0.31641 0.01802 -0.14316
-0.31750 0.01704 -0.13443
0.38428 -0.07471 -0.02174
-0.12432 -0.04764 0.19069
0.06561 -0.08371 0.16415
0.38077 -0.05720 0.11251
0.39995 -0.07473 -0.06148
0.11688 0.07808 -0.09093
0.21754 0.00407 -0.16358
0.12478 0.07042 -0.10809
-0.21241 0.06085 0.05474
-0.00351 -0.04821 -0.18047
-0.15851 -0.08515 0.18128
0.22489 0.02955 -0.04632
0.26717 0.03466 0.17511
0.09983 -0.06631 0.16185
-0.29601 0.02104 -0.18529
-0.32923 0.04831 -0.04231
-0.33133 -0.03225 0.19103
0.22916 -0.08247 -0.20072
-0.20898 -0.04836 0.20072
0.31974 0.02423 -0.16360
-0.28151 0.03441 -0.15334
-0.37544 -0.06699 -0.16408
-0.27108 0.05710 0.18252
0.20688 -0.02305 0.19980
-0.12823 0.07837 -0.05107
-0.08825 0.09899 -0.05330
0.32001 0.02230 0.08184
-0.15192 0.06644 -0.06659
0.29426 0.04817 -0.16361
-0.27942 0.06037 -0.12634
-0.34368 0.04681 0.13322
0.20983 0.04436 0.12710
-0.28396 0.01552 -0.18863
0.36978 0.01519 -0.15945
0.26407 0.04973 -0.16346
0.26284 -0.04265 0.09971
0.32946 -0.03890 0.09924
-0.13223 0.07458 -0.01180
-0.19555 0.07607 -0.08532
0.02785 0.10260 -0.06637
-0.39254 -0.07044 0.17534
0.09116 0.03720 0.15822
-0.33949 -0.02365 0.16259
-0.34016 -0.02681 0.17546
0.17473 0.01529 0.17531
-0.19938 -0.04071 -0.13627
-0.19934 -0.04138 -0.18178
0.42562 -0.02030 -0.07162
0.38490 -0.07065 -0.01415
0.38122 -0.07216 -0.04361
0.13258 -0.06494 0.16219
0.03744 0.09051 -0.09866
0.40630 -0.04004 -0.03474
0.05433 0.02391 -0.16814
-0.39525 -0.06784 0.12482
-0.39703 -0.06784 0.13935
-0.20903 -0.01562 0.13382
-0.16713 0.01479 -0.16941
-0.16177 0.01002 -0.17073
0.26302 -0.00926 0.19857
-0.23361 0.06309 0.10865
0.11940 -0.03993 -0.17640
-0.18059 0.04430 0.14519
-0.13239 0.07184 0.04548
-0.28988 0.03250 -0.13970
-0.29480 0.03091 -0.17805
-0.13787 0.01630 0.16316
0.01016 -0.04936 -0.17768
0.28682 -0.00303 0.18016
0.37866 -0.06716 -0.07496
0.38224 -0.06304 -0.06875
0.19640 0.04774 0.00130
-0.22015 -0.08240 -0.14492
-0.22537 -0.08710 -0.14656
-0.04703 -0.00416 -0.18034
0.41475 -0.02394 0.01071
0.37009 0.01187 -0.00250
-0.33275 0.04146 -0.14754
-0.13685 0.05402 -0.15692
-0.16189 0.08109 -0.09344
-0.17814 -0.08465 0.13499
-0.17858 -0.08465 0.12547
-0.18622 -0.08465 0.11533
-0.18093 -0.08465 0.10958
0.27501 0.04941 0.16484
0.40794 -0.07816 0.02026
-0.41144 0.02644 -0.04615
0.03610 0.07005 0.11871
0.36623 -0.01586 0.16294
0.11769 0.08289 -0.05143
-0.26678 0.05779 -0.01178
0.20603 -0.03273 -0.14622
0.20603 -0.02982 -0.13398
0.28560 -0.05596 0.19680
-0.15255 0.05817 0.14549
-0.21598 0.06177 -0.00600
-0.42391 -0.06498 -0.02527
0.01038 0.10423 -0.01626
-0.21508 0.01848 0.20368
-0.29878 0.05347 0.04707
0.21696 -0.01098 -0.13382
-0.32459 -0.00634 0.19363
0.22616 0.02934 0.04930
-0.21874 0.05709 0.16106
-0.16874 0.06511 0.06614
0.38791 -0.08280 -0.16041
-0.34738 -0.00409 -0.17500
-0.35212 -0.03210 -0.16943
0.01563 -0.08207 -0.16562
-0.34522 0.00229 -0.18242
-0.02761 -0.04724 0.17736
-0.26864 0.00259 0.18016
-0.27379 0.05110 -0.19732
-0.31334 0.05433 -0.17437
0.27198 0.02624 0.17996
0.27308 0.02635 0.18984
0.20449 -0.04620 0.16423
0.20576 -0.05151 0.18526
0.20502 -0.04842 0.17833
0.21545 -0.04324 -0.17910
0.40540 -0.08185 0.12227
0.36417 0.01277 -0.01795
0.36499 0.00533 0.14479
0.16560 -0.06507 -0.18627
-0.42229 -0.02577 0.01343
-0.41688 0.02433 -0.02111
0.27373 -0.09897 0.20072
0.34226 0.01490 -0.16101
0.41196 -0.00370 -0.02206
0.08312 -0.04581 -0.18306
0.28348 0.03124 0.08233
-0.07687 0.10058 -0.03863
0.30675 0.01764 -0.16368
0.04619 -0.04045 -0.18364
-0.27840 0.05703 0.08786
0.39728 -0.00655 -0.02497
0.08659 0.01188 -0.17080
-0.30449 0.00311 -0.19098
0.08378 -0.00076 -0.17525
0.13750 0.06712 0.14989
-0.24170 0.03463 0.20379
-0.22732 0.00818 -0.14841
-0.22750 0.00834 -0.14087
0.30947 0.03942 0.12176
-0.30846 0.01520 0.13382
0.35988 -0.02704 -0.20076
0.33049 -0.00868 0.19253
-0.21188 -0.07169 0.17400
-0.22978 -0.00212 -0.19323
-0.22232 0.06197 0.14753
-0.18385 0.06446 0.12840
0.24093 -0.04399 -0.09990
0.32300 -0.04165 -0.10008
-0.32253 0.01187 0.17503
-0.32039 0.01464 0.18874
-0.32491 0.00878 0.19709
-0.21093 -0.05272 0.13382
0.05950 0.09816 0.06404
0.37024 -0.08439 -0.15671
0.23426 -0.07878 -0.14614
-0.41304 -0.05889 -0.01500
-0.27598 -0.09478 -0.13840
-0.24080 0.05970 -0.01957
-0.29315 0.05924 0.15672
0.33532 0.02638 0.16106
0.40378 -0.03370 -0.08556
-0.35386 0.03423 -0.15703
0.35574 -0.03519 -0.18064
-0.22212 -0.06853 -0.19995
-0.21318 -0.01445 0.17658
-0.22770 0.04763 0.18807
0.38525 -0.08000 -0.16716
0.07331 -0.07283 -0.16356
-0.18481 0.03176 0.15613
-0.16677 0.01300 0.16402
0.15379 -0.06859 0.18595
0.38033 -0.01477 -0.18807
0.31953 0.01959 0.18738
0.24236 0.04449 -0.13773
-0.05213 0.06907 0.12195
0.42383 -0.02381 -0.04578
-0.08260 0.10000 0.03758
0.16789 -0.05764 0.18805
0.18388 0.04949 0.08956
0.32351 -0.04621 0.18918
0.13539 -0.01444 0.17243
0.30224 0.04658 -0.15859
0.14143 0.06236 -0.13740
-0.07304 -0.02857 0.18701
0.33691 0.02461 0.17868
-0.29786 0.05453 0.00211
-0.26016 0.03783 -0.20381
0.21949 0.00269 0.13382
0.34957 0.00630 0.20073
-0.15240 -0.08514 -0.17858
0.11414 -0.06291 -0.17221
0.24779 -0.00712 0.19921
0.36829 0.01228 0.10936
0.39239 0.00298 -0.12730
0.40550 -0.07815 0.03195
-0.38606 -0.07750 0.15906
0.21016 -0.00979 -0.09945
-0.27201 0.02647 -0.14469
0.40442 -0.02805 0.11689
-0.24090 0.02127 0.20072
-0.31007 0.02225 0.17535
-0.10017 0.07534 0.11722
-0.22983 -0.09104 0.16054
-0.23455 -0.09377 0.18632
-0.25529 0.06048 -0.10947
-0.08620 0.03344 -0.16088
0.39558 -0.05607 -0.08392
0.35658 -0.00165 0.16460
0.21866 -0.01305 -0.14025
0.26491 0.03910 0.20380
0.05844 -0.03418 -0.18196
-0.03251 -0.06541 -0.16792
-0.16426 0.04633 -0.17195
0.14702 0.07223 0.02285
-0.41276 -0.03008 0.00195
0.37682 -0.02532 -0.15518
-0.21045 -0.04260 -0.14220
-0.21125 -0.04636 -0.16028
-0.36299 0.03782 0.09043
0.23082 0.04735 0.15782
0.33357 0.00386 0.17228
0.33275 0.00492 0.18121
0.23456 -0.08774 -0.20072
-0.36298 -0.05255 -0.19102
0.00212 0.04861 0.15516
0.36687 0.01509 -0.18383
-0.08264 0.07136 -0.12089
0.42274 -0.05104 0.03174
0.02770 0.09770 0.09062
0.09902 -0.03502 -0.17871
0.41284 -0.03432 0.04438
0.27096 0.03563 -0.01044
-0.32085 -0.06849 0.19400
-0.16823 -0.07146 -0.19235
-0.16502 0.07490 -0.07354
0.40249 -0.01889 -0.13313
0.28409 0.02571 0.15899
-0.00263 0.06749 0.12211
-0.38468 -0.05667 -0.14452
0.36732 -0.02685 -0.15050
0.27131 0.04801 0.18812
-0.39575 -0.03498 -0.04173
-0.35711 0.04053 -0.11570
-0.01318 0.10401 -0.03628
0.15315 0.00255 0.16703
0.24803 -0.03132 0.18016
-0.26561 0.03501 0.19037
-0.03126 0.10345 0.04441
0.42385 -0.05140 -0.01295
0.40317 -0.01656 -0.14559
0.27746 -0.01949 -0.18925
0.40725 -0.02530 -0.02633
0.40659 -0.02912 -0.01198
-0.33822 -0.01771 -0.14290
-0.31167 -0.00116 -0.19333
-0.04982 -0.04640 0.17611
-0.09714 0.02608 -0.16262
-0.11517 -0.08081 -0.18588
-0.18618 -0.02510 -0.20189
-0.42533 -0.06704 -0.04262
0.00994 0.10364 -0.04840
0.26194 0.02498 0.15436
-0.42664 -0.02576 -0.01505
-0.26561 -0.09068 0.19854
0.23750 -0.05915 0.19578
0.23491 -0.05391 -0.19309
0.34111 -0.02371 -0.09940
0.28194 -0.03921 -0.09892
0.22034 -0.04314 -0.09943
0.43395 -0.01459 -0.03344
0.36375 -0.07618 -0.12134
-0.34679 0.04616 -0.14980
-0.30914 -0.04125 0.18016
-0.36686 0.03320 0.16473
-0.03662 0.07921 0.11328
0.21016 0.03373 -0.04620
0.23121 0.04324 -0.11735
0.13454 0.02563 0.16319
0.36690 -0.04171 -0.13366
-0.20370 -0.04933 -0.10424
-0.20578 -0.05520 -0.10363
-0.21978 -0.04510 -0.10440
0.12746 0.08045 -0.00623
0.27479 0.03444 -0.03626
0.36861 -0.07993 -0.13752
0.42578 -0.00951 0.02358
0.35505 -0.07722 -0.16159
0.32639 0.01099 0.13382
0.33407 -0.00374 -0.20072
-0.38681 -0.04777 -0.14120
-0.08378 0.09944 0.05445
0.00071 -0.03842 -0.18580
-0.39091 -0.03527 -0.13253
0.38947 -0.01746 -0.14550
0.41732 -0.02788 -0.03314
0.30523 -0.03698 0.19971
0.03269 -0.03618 -0.18328
0.34429 -0.00475 -0.20381
0.30974 0.04296 -0.19291
-0.00617 0.09207 0.09929
-0.29345 0.05469 0.02442
0.39643 -0.07963 0.07027
0.32251 0.01692 -0.10274
0.23878 0.01413 -0.14166
0.16798 0.06270 -0.01436
-0.01340 0.01957 -0.17170
0.38156 -0.05785 -0.08130
-0.30206 -0.09652 0.16251
-0.30202 -0.09655 0.18917
-0.18330 0.04555 0.16390
-0.22873 0.06405 0.13360
-0.32564 -0.07701 -0.13890
-0.33074 -0.00039 0.20072
0.17586 -0.03297 0.19222
-0.05698 -0.03355 0.18635
0.34464 -0.02502 0.19822
-0.25108 0.05353 -0.18764
-0.33724 -0.05566 -0.15588
-0.36336 0.00616 0.18311
-0.28138 0.00127 0.18016
-0.32501 0.02366 -0.20314
-0.19994 0.03429 -0.19210
-0.04948 0.10183 0.06384
-0.26826 0.03529 -0.17227
-0.27052 0.03552 -0.15598
0.17565 0.01028 0.18098
0.25907 0.04973 -0.15526
0.05021 0.04108 0.15995
-0.39719 -0.01078 -0.00933
-0.38865 -0.01078 -0.02863
-0.07100 -0.01358 0.18054
-0.16766 0.04615 -0.15151
0.41296 -0.04000 0.06355
0.19871 0.04444 -0.05963
0.22446 0.01318 -0.18117
0.22570 0.01430 -0.15057
0.07385 -0.05468 -0.18281
-0.27032 0.03441 -0.12710
-0.26111 0.03441 -0.13643
-0.26639 0.03441 -0.11542
-0.08914 0.09814 -0.06742
0.40227 -0.05159 -0.06705
0.35319 -0.03198 -0.20296
-0.23640 0.05525 0.17203
0.29645 -0.08302 0.19296
-0.13004 -0.07727 0.16902
-0.04313 0.10333 0.01311
-0.31203 0.05373 0.12752
-0.31500 0.01929 0.20020
0.27536 0.03323 -0.05699
-0.35755 -0.07044 0.17813
0.25375 -0.06135 -0.18016
0.22444 0.03846 0.06527
-0.23597 0.06049 0.00096
-0.31666 0.05524 -0.14957
-0.33016 -0.02249 0.18023
0.28571 -0.06675 -0.19434
0.30682 -0.08633 0.19624
-0.24411 0.05937 -0.06993
-0.10118 -0.04964 0.17927
-0.40050 -0.05160 0.00263
-0.39183 -0.06318 0.10926
-0.08927 -0.04203 -0.19268
0.04444 0.10126 -0.06283
-0.35648 -0.03153 0.15463
0.29202 -0.09761 0.13382
0.33619 -0.03839 0.18416
0.07486 -0.04597 0.18365
0.21702 -0.04440 0.19993
0.17635 -0.03848 -0.19271
-0.33363 -0.06392 0.16550
-0.33421 -0.06262 0.18840
-0.17979 0.02794 0.18879
0.05736 0.07892 0.10921
-0.39793 -0.01078 0.00610
-0.30039 0.05548 0.12205
0.38521 -0.08354 -0.14134
0.20120 0.04218 -0.14984
-0.29663 -0.08941 -0.13846
0.40893 -0.00677 -0.07317
-0.41249 -0.02825 0.01453
-0.38805 0.02922 -0.11422
-0.13268 0.03131 0.15514
-0.37826 0.02856 -0.13005
0.07364 0.07058 0.11575
0.06646 0.03930 -0.14969
0.02276 0.10412 -0.02182
0.27418 -0.00849 -0.18016
0.34635 0.02557 0.18924
0.19466 0.04759 0.04028
0.01002 -0.04227 -0.18683
-0.06189 -0.08104 0.18589
-0.22736 0.01947 -0.12953
-0.23236 0.02298 -0.11462
-0.22221 0.01585 -0.17824
0.22852 0.02914 0.04351
-0.06288 -0.07338 -0.16639
0.03675 0.08602 0.10369
-0.39340 -0.06784 -0.15297
-0.38728 0.02073 -0.05212
0.39547 -0.00268 -0.08068
-0.26871 0.05572 0.18949
-0.41419 -0.02893 -0.03790
0.18515 0.05207 -0.05961
-0.37827 -0.06784 0.17249
0.40283 -0.05817 0.10930
-0.36986 0.03133 0.13086
-0.29951 0.02928 -0.13561
-0.31138 0.02242 -0.19341
-0.04348 0.10294 -0.04493
0.40442 -0.03007 0.03037
0.08662 0.04173 -0.14743
-0.20938 -0.00115 -0.18562
-0.20553 -0.00979 -0.14090
0.14699 0.06327 0.14096
-0.33183 0.04634 -0.11355
0.29375 0.03698 -0.20382
0.21866 -0.02045 -0.19944
0.36362 -0.07927 0.14533
-0.30768 0.01865 -0.20072
-0.05064 0.10236 0.05165
-0.04217 -0.08291 -0.15983
0.03434 -0.08296 -0.15983
0.00788 -0.06864 0.16735
0.05859 0.04401 0.15329
0.25383 0.04459 -0.19277
0.41454 -0.03744 0.08642
0.04334 -0.05251 -0.17276
-0.15073 0.08168 -0.09846
-0.01147 0.10360 -0.04991
-0.23669 0.01603 -0.16355
-0.39630 -0.06825 0.07084
0.38166 -0.08465 -0.02850
-0.06159 0.10144 -0.05909
0.02994 0.10380 -0.03818
-0.06345 0.10182 -0.04624
-0.08567 -0.01846 0.17997
-0.37942 -0.00058 0.07627
0.03094 0.10409 -0.01158
0.07968 0.02808 -0.16610
0.26445 -0.01696 -0.18016
-0.17855 0.04408 -0.18079
-0.40396 0.00867 -0.08911
-0.19092 -0.00229 -0.20143
-0.05404 0.05051 -0.15672
0.36820 0.00448 0.02330
-0.22315 0.06137 0.00262
0.15576 0.05000 -0.12223
-0.41387 -0.06467 0.00787
-0.39287 0.02318 -0.12380
0.03652 0.10387 0.03163
0.19135 0.04473 -0.13150
-0.14015 0.06660 -0.01338
0.27149 -0.04430 0.18610
-0.30730 0.01427 -0.15387
-0.04790 0.10305 0.02419
0.41487 -0.03783 0.00391
-0.35258 -0.02395 -0.17921
-0.21682 -0.06245 -0.17619
0.40961 -0.05142 0.01948
0.30598 0.01121 -0.19583
0.28230 0.04958 -0.17352
0.31586 -0.07966 -0.16517
0.31712 -0.07852 -0.14802
-0.27973 -0.10131 -0.20072
0.22378 0.01257 0.17518
-0.14145 0.05698 -0.14810
0.14846 0.07032 -0.05945
-0.22437 -0.07377 0.15636
0.19270 -0.07276 0.19749
-0.29567 0.05414 -0.03825
-0.25501 -0.05183 -0.10343
-0.33696 -0.03688 -0.10469
-0.30336 -0.04673 -0.10419
-0.29512 -0.04594 -0.10405
0.31983 0.03733 -0.12752
0.34760 0.02826 0.15383
-0.28835 -0.09238 0.19210
-0.30109 -0.00341 -0.19590
0.32340 0.01630 0.11614
0.32156 0.01759 0.12825
0.31500 0.02219 0.18411
0.31152 0.02464 0.17976
0.22522 -0.06825 -0.15677
0.29867 0.02328 0.13382
0.11368 0.07671 0.10022
-0.20294 -0.01874 -0.13782
0.36762 -0.00426 0.16057
0.30040 0.00771 -0.18805
-0.22571 0.05596 -0.16609
0.35339 -0.07595 -0.19838
-0.35773 -0.05235 -0.19673
0.15019 -0.00460 -0.16838
-0.40495 -0.06349 -0.03882
0.04888 -0.07655 0.16469
-0.40633 -0.06784 0.09149
0.32649 0.02277 -0.09260
-0.28271 -0.07209 0.18016
0.41143 -0.04004 -0.05411
-0.01220 -0.06387 -0.16871
0.40562 -0.00198 0.03374
-0.38863 0.03261 0.07225
-0.30894 -0.08818 0.20072
-0.42059 -0.06499 0.03292
-0.38621 -0.06499 -0.06783
-0.41486 -0.06499 -0.02955
-0.41961 -0.06499 -0.00157
0.04771 0.10104 0.05881
0.26965 0.03936 -0.13035
0.19900 0.03351 -0.10394
-0.41361 -0.02587 -0.02850
0.15997 0.05477 -0.11668
0.26090 -0.04545 -0.19821
-0.37255 0.02318 -0.13351
0.28108 0.03304 -0.20072
-0.18203 0.03545 -0.18636
-0.06268 0.03217 -0.16480
0.33755 -0.00130 -0.14979
0.38792 -0.08232 -0.17605
-0.30902 0.02378 0.15711
-0.30535 0.02590 0.18393
0.29978 -0.01124 0.09946
0.25523 -0.02048 0.09948
0.21996 -0.03749 0.09953
-0.27857 0.06159 -0.14784
-0.12265 0.08964 0.04472
0.37921 -0.03515 0.13373
-0.00291 -0.01554 0.18324
-0.36029 0.04097 -0.07223
-0.15507 -0.03773 0.19385
-0.39277 -0.08416 -0.15906
0.29504 0.04853 -0.17081
0.38128 0.00783 0.16161
-0.17210 0.04586 -0.14487
0.20992 0.03520 -0.03051
0.28410 0.04797 -0.13675
0.34923 0.01392 -0.06933
0.36078 -0.04730 0.14572
0.36249 -0.06002 0.12607
0.37907 -0.04264 0.16758
0.15529 -0.03404 -0.18184
-0.36379 0.03944 -0.07739
0.31764 0.02492 -0.17644
-0.13035 -0.03575 0.19095
0.37821 -0.00090 0.17710
-0.24621 0.02144 -0.15958
0.32960 0.01975 0.02850
0.12643 -0.05612 0.18394
-0.25402 0.03332 0.16642
0.42641 -0.04005 -0.00587
0.35889 0.01270 -0.18163
-0.09853 0.05764 0.14254
-0.12234 -0.02394 -0.18425
0.26471 0.03704 -0.11754
-0.11817 0.09617 -0.03589
0.28207 0.03189 0.06377
0.21630 -0.02144 0.18181
-0.31508 -0.07599 -0.17427
0.35347 0.02629 0.17854
0.07171 0.09740 0.00264
0.41263 -0.07973 0.11706
-0.15440 0.06266 -0.13124
0.22417 0.03771 0.18206
0.21491 -0.03514 0.18481
0.15130 -0.02777 0.17039
-0.23809 -0.05175 0.10346
-0.27276 -0.03801 0.10425
-0.20431 -0.05750 0.10343
-0.22107 -0.04437 0.10445
0.40703 -0.04001 -0.06111
0.09835 0.08981 0.03381
0.13018 0.04609 -0.13189
0.40573 -0.04213 -0.10630
-0.31973 -0.07180 -0.13382
-0.38390 -0.03870 -0.15774
0.34082 0.01415 -0.03372
0.30973 -0.01397 0.09947
0.28044 -0.02416 0.09949
0.33402 -0.02289 0.09946
0.29640 -0.02852 0.09948
-0.36142 0.03873 -0.11065
0.33965 -0.03146 -0.13382
0.14714 0.01808 -0.17035
-0.09486 -0.02644 -0.18468
0.40495 -0.00244 -0.04332
0.34697 0.00941 -0.05762
0.08315 0.04787 0.14005
-0.26797 0.05721 0.04726
0.25179 0.03753 0.02381
-0.20362 -0.01485 -0.20261
0.27614 -0.01354 -0.19649
0.30865 0.01655 0.16884
0.07978 0.09528 -0.01751
0.40885 -0.07474 -0.01183
0.38000 -0.07471 -0.05807
0.25229 0.03622 -0.07098
0.00267 0.02055 -0.17117
-0.00880 0.10424 -0.02004
0.06514 0.09422 0.08122
-0.37318 -0.07044 -0.12801
0.07636 -0.00038 -0.17565
-0.23043 -0.07970 0.18455
-0.08057 0.00960 0.17323
0.20464 -0.03441 -0.11611
0.20489 -0.03058 -0.12393
0.20494 -0.02969 -0.10877
0.24336 0.04795 0.14377
-0.33770 -0.07044 -0.19651
0.31278 -0.03840 -0.18016
-0.03056 -0.02357 0.18333
-0.36285 0.00546 -0.18301
-0.33508 -0.00806 0.16629
-0.35377 -0.01085 -0.19957
-0.37798 0.02765 -0.15698
-0.39455 -0.00208 0.07395
0.05527 0.04031 -0.16011
-0.26612 0.05973 -0.11275
0.38718 -0.05088 -0.10589
-0.09942 0.06014 0.13564
0.18870 0.04546 -0.09744
0.08918 0.03788 -0.14139
-0.38035 -0.03895 -0.17080
0.33619 -0.04005 -0.18343
-0.41857 0.02502 -0.00602
-0.25781 0.06117 0.11734
-0.20441 -0.05640 -0.17286
-0.27967 0.05640 -0.02517
0.19614 -0.00182 -0.19856
-0.28862 -0.10163 0.15253
-0.27650 0.05999 0.16349
0.39498 -0.07276 0.02147
0.39518 -0.06964 0.03876
0.24507 -0.00663 -0.18016
0.37231 -0.04254 -0.14410
0.37832 -0.03974 -0.16139
0.36200 -0.04556 -0.12624
-0.21404 0.06436 -0.12849
-0.35592 0.03658 0.05471
0.32759 0.01228 0.15090
0.10331 0.08084 0.09652
0.15415 0.00744 0.17913
0.05434 0.10040 -0.04705
0.21491 -0.03444 -0.15589
0.05960 0.00524 -0.17499
0.43257 -0.04015 0.00230
-0.28784 -0.09255 -0.18399
-0.16860 0.06411 -0.02522
0.42398 -0.02370 -0.05573
0.39778 -0.00267 0.07319
0.05384 0.09538 -0.08554
0.11277 -0.06582 0.16093
-0.37824 0.03276 0.09417
0.20812 -0.08318 -0.19724
0.39858 -0.03076 0.05968
-0.40058 -0.04751 -0.08340
-0.18738 0.06328 -0.06542
-0.22195 0.04635 -0.18805
0.13507 0.06899 -0.10151
-0.42403 -0.04480 -0.05083
-0.42380 -0.05974 -0.05083
-0.13995 -0.01373 -0.17945
0.17987 0.02776 -0.16215
-0.32964 -0.04869 0.18181
0.31707 0.00985 -0.14363
-0.21483 -0.05950 0.13382
0.37403 -0.07981 0.17163
-0.01884 -0.04185 0.18826
0.27711 0.03797 -0.09820
-0.23705 0.05073 -0.18562
0.33790 0.01712 0.05880
-0.03563 0.05828 -0.13362
0.02300 -0.01545 -0.18263
0.21252 0.03248 -0.02349
0.19430 0.01529 -0.18530
-0.38057 0.01872 0.10430
0.39426 -0.00029 0.10041
-0.14227 0.04562 -0.15195
-0.23075 0.01127 0.19431
0.25466 -0.06486 -0.09747
0.31729 -0.06338 -0.09762
0.22819 -0.04834 -0.09914
0.35662 0.01797 -0.15184
0.13704 0.07093 0.09024
-0.18973 0.05384 0.16309
0.26185 0.03348 0.12946
0.25868 0.03247 0.18145
0.26447 0.03431 0.18173
-0.40903 0.02855 0.00845
-0.11986 0.08430 -0.10591
0.35638 0.01095 0.07726
0.36623 -0.08465 0.00150
0.06176 -0.05384 -0.17641
-0.37669 -0.02200 -0.18098
-0.41757 -0.04128 0.05042
-0.41745 -0.04849 0.05569
0.37231 -0.08465 -0.03509
0.04425 0.04725 0.14996
0.33158 -0.08465 0.17726
0.34532 0.02219 0.18169
0.16907 -0.04528 0.18950
-0.02224 0.08956 0.10260
-0.26099 0.05741 0.17764
0.42703 -0.04007 -0.01755
0.39134 -0.06405 -0.07917
0.21379 -0.06657 0.17272
-0.39383 0.03166 -0.03276
-0.22465 -0.07416 -0.13896
0.40519 -0.08184 -0.12989
-0.39011 -0.06917 0.07159
-0.33372 0.04060 -0.18162
-0.36439 0.03637 -0.03530
0.37014 -0.05092 0.14754
0.10988 0.08656 0.01329
0.38751 -0.03591 0.11090
0.32141 0.02519 0.01208
0.24357 0.04847 -0.14358
0.04268 0.04937 -0.14589
0.26279 -0.09875 -0.13382
-0.02401 0.01238 -0.17449
0.21444 -0.06803 -0.13567
-0.28061 -0.06695 0.19664
0.06143 -0.03581 0.18234
0.20966 -0.01144 -0.17082
0.21222 -0.00568 -0.15064
-0.27462 0.02620 0.18190
-0.27422 0.02624 0.19521
0.42547 -0.01379 0.07138
-0.21499 0.00725 -0.13990
-0.08174 0.10021 -0.02913
0.33468 -0.07126 -0.17309
-0.05217 -0.01722 -0.18233
0.21078 -0.00809 0.20005
0.21178 -0.00542 0.13956
0.21201 -0.00480 0.15780
0.00357 0.09963 -0.08660
-0.37375 0.03680 -0.06782
0.02935 0.07527 -0.11461
-0.36388 -0.00639 0.17383
-0.36864 -0.03225 0.16750
0.09579 0.09103 -0.00432
0.31941 0.04104 -0.15132
0.37302 -0.02405 0.13376
0.21968 0.03070 -0.00795
-0.40685 0.02683 0.06830
0.35923 -0.07725 -0.14673
0.27784 0.04913 -0.15628
-0.14202 -0.00995 -0.16934
0.11933 -0.06280 0.17842
-0.34747 0.03442 0.13611
0.18481 0.04735 0.09838
0.05019 -0.04037 0.18334
0.30848 0.04571 -0.16544
0.33982 0.03202 0.15181
0.01082 0.10397 0.03715
0.24246 0.03769 0.05062
0.32247 0.04342 0.18163
-0.38004 0.03332 -0.11562
0.19088 -0.02490 0.20196
-0.30331 -0.09580 -0.16045
-0.21254 0.05282 -0.16992
0.41331 -0.04624 0.07833
-0.22002 -0.08228 0.16098
0.22545 -0.06856 0.16229
-0.14015 0.08694 0.07041
-0.39235 -0.00271 -0.08257
0.39357 -0.00054 0.06753
0.41177 -0.06416 0.10677
-0.21398 -0.04278 -0.19889
-0.32727 -0.05637 0.19408
-0.19503 0.05039 -0.17268
0.01932 0.08344 -0.10747
-0.21352 0.03976 -0.19331
-0.40653 0.02862 -0.02557
0.06341 0.09926 0.00764
-0.13772 0.08267 0.10271
-0.21369 -0.08191 -0.10783
-0.20653 -0.06942 -0.11027
-0.21330 -0.08123 -0.17151
0.06158 0.00903 0.17361
0.39845 -0.06239 0.04783
0.40213 -0.05486 0.05211
0.07239 -0.01757 0.18084
0.34308 -0.01768 -0.17129
0.34220 -0.01357 -0.14104
-0.03331 -0.05264 -0.17143
0.14901 0.04188 -0.13473
-0.25634 0.05792 -0.06244
-0.25766 0.01511 0.18964
0.30960 0.04658 0.18063
0.08715 0.04578 0.14898
-0.25214 -0.09388 -0.20072
0.18691 0.05300 0.00300
0.23434 -0.03759 -0.17992
0.30648 -0.09678 -0.13760
0.17060 0.06034 0.04915
-0.30816 0.01350 0.17212
0.39896 -0.03340 -0.05351
-0.10648 0.05943 0.13800
0.17010 0.06187 0.00349
-0.32943 -0.01904 -0.16771
0.39468 -0.00757 0.02445
-0.29704 -0.03286 0.18016
0.16395 0.00955 0.18054
0.21148 0.04229 -0.10346
-0.10272 0.05877 -0.13972
0.40345 -0.06139 -0.00388
0.40535 -0.05462 -0.02594
0.34591 0.01260 -0.15123
0.40984 -0.00149 0.00025
0.15724 0.02227 -0.16425
0.33440 0.00292 -0.13964
-0.09971 0.09316 -0.08894
-0.33702 -0.01241 -0.19373
0.41207 -0.05140 -0.04953
-0.30380 0.05307 -0.02204
-0.00101 0.10425 0.01874
-0.37241 0.03470 -0.09985
0.40771 -0.07859 -0.01887
-0.10753 -0.01855 0.17666
0.35340 -0.04851 -0.16941
-0.33726 0.03969 -0.17384
-0.01920 0.08395 0.10832
-0.28435 0.02496 -0.18088
0.23932 0.02499 0.18015
0.34605 0.01012 -0.04968
0.33005 -0.04341 0.19784
0.34674 0.02514 0.12275
0.25186 0.03625 0.08543
-0.25752 0.05894 0.16942
-0.28402 0.03276 0.13382
0.38744 -0.06249 0.03845
0.38438 -0.06975 0.02533
0.23225 -0.01911 -0.09945
0.20866 -0.03551 -0.09951
0.29385 -0.01263 -0.09947
0.25007 -0.02676 -0.09950
-0.32131 -0.00086 -0.13492
-0.31965 0.00142 -0.14059
-0.13684 -0.01396 0.18462
0.30206 0.02754 -0.13382
0.34115 -0.04551 -0.20072
0.30441 0.02925 -0.17815
0.30709 0.02771 -0.16813
0.03659 -0.06892 -0.16617
0.37911 0.00812 0.11185
-0.04858 -0.08046 -0.17563
-0.12223 -0.08046 -0.18460
-0.06951 -0.08046 -0.17923
0.00127 -0.08046 -0.17604
-0.09301 -0.08046 -0.17063
-0.12352 -0.08046 -0.17563
-0.12136 -0.08046 -0.16289
-0.02825 -0.08046 -0.18352
0.06997 -0.08046 -0.17871
0.05295 -0.08046 -0.18496
0.39427 -0.05419 -0.01894
0.39306 -0.05250 -0.04167
-0.31708 0.05127 -0.01903
0.03856 -0.05199 0.17365
0.35538 -0.07906 -0.17353
0.02829 -0.05273 0.17024
-0.23803 0.01905 -0.13382
-0.38142 0.01995 -0.07918
0.09150 -0.08045 -0.16041
0.25670 0.02327 -0.13430
-0.28390 0.05676 0.11053
0.12832 0.06213 -0.16024
0.15100 0.03856 0.14010
-0.28746 0.03251 -0.10849
-0.28906 0.03200 -0.12826
0.33821 0.03165 -0.18180
-0.39893 -0.02842 -0.00354
0.30712 0.04262 0.19528
0.06831 0.09305 -0.08324
-0.36728 -0.03485 0.14394
0.05409 0.01231 -0.17273
0.40863 -0.05164 0.09342
0.26154 -0.02195 0.18016
-0.09180 0.05626 0.14551
-0.13712 0.05855 0.14252
-0.26653 0.02677 0.20072
-0.30746 0.02613 -0.20363
0.38486 -0.08393 -0.12646
-0.25799 0.05803 -0.04196
-0.23191 -0.06464 0.18874
-0.32826 0.05186 0.13979
-0.12092 0.07359 0.11789
-0.39123 0.03324 0.00006
0.27379 0.04867 0.13503
-0.40208 -0.01087 0.05491
-0.42079 -0.03047 -0.01509
-0.33747 0.04456 -0.06777
0.36868 -0.06365 -0.11288
0.41752 -0.01801 0.10279
-0.16996 0.07019 0.07447
-0.34358 0.00874 0.20047
0.40601 -0.03137 0.07433
0.42614 -0.02370 0.05507
0.21732 0.02994 0.07793
-0.25587 -0.07857 -0.05306
-0.17380 -0.08426 -0.01034
-0.24048 -0.07964 -0.07621
-0.23822 -0.07980 -0.03411
-0.23193 -0.08023 -0.07805
-0.32278 -0.07393 -0.08737
-0.20263 -0.08226 -0.01539
-0.22678 -0.08059 -0.08866
-0.23511 -0.08001 -0.04422
-0.25156 -0.07887 -0.07570
-0.30205 -0.07537 -0.06772
-0.22084 -0.08100 -0.04817
-0.19229 -0.08298 -0.02665
-0.18005 -0.08383 -0.06386
-0.32855 -0.07353 -0.07568
-0.33920 -0.07279 -0.07824
-0.28403 -0.07662 -0.07429
-0.22620 -0.08063 -0.04490
-0.20730 -0.08194 -0.07592
-0.26258 -0.07811 -0.07591
-0.27206 -0.07745 -0.06495
-0.20948 -0.08179 -0.06418
-0.29794 -0.07566 -0.08636
-0.27849 -0.07700 -0.06951
-0.20394 -0.08217 -0.04617
-0.22647 0.06404 -0.13035
0.00453 -0.05522 -0.17025
-0.09989 0.09793 -0.04740
0.14076 0.04342 -0.13404
0.29537 -0.05094 -0.19791
-0.09317 0.05201 0.15720
-0.25893 -0.02229 -0.19656
-0.13418 0.07087 0.01889
-0.33936 0.04686 0.16267
-0.36394 -0.07044 -0.17560
-0.33126 -0.04105 -0.19825
0.13746 0.06580 -0.16069
0.18014 -0.02560 -0.19553
-0.35420 -0.00243 -0.19712
0.30135 0.00816 0.18993
-0.40680 -0.02840 -0.02600
0.06347 0.09219 -0.09076
-0.26894 -0.06196 0.18016
-0.04058 0.09949 -0.08426
0.14710 -0.03666 -0.18302
0.15338 -0.06474 -0.18491
-0.40273 -0.00013 -0.09731
0.19081 0.03961 -0.14595
0.27980 0.02617 -0.14821
0.38103 -0.08465 0.02254
-0.43109 -0.02844 0.00050
-0.38896 -0.00434 -0.11076
0.36173 -0.08465 0.06413
0.37456 -0.04850 0.19093
-0.25898 -0.07765 -0.09831
-0.25085 -0.07477 -0.09937
-0.30558 -0.06921 -0.09913
-0.28320 -0.06484 -0.10105
-0.28752 -0.07076 -0.09928
0.15684 -0.00406 -0.16752
0.32706 -0.00210 -0.14625
0.36577 -0.03245 -0.14809
0.37419 -0.01939 -0.13627
-0.26189 -0.03262 -0.10476
-0.27783 -0.02552 -0.10475
-0.31121 -0.01687 -0.10472
-0.29480 -0.02193 -0.10473
-0.38982 0.01626 -0.01824
0.26066 0.03663 0.02249
-0.33936 0.03238 -0.19423
-0.26706 0.05726 -0.05021
0.32458 0.02630 -0.10048
0.29393 -0.04127 -0.18016
-0.40146 -0.08375 -0.05551
0.36443 -0.08465 0.03112
-0.29848 -0.03326 -0.19692
0.06298 -0.01290 -0.17970
-0.37383 0.03465 -0.10826
-0.36975 0.01638 -0.17061
0.40587 -0.08273 -0.00351
-0.04946 0.04702 -0.16114
-0.40575 0.02823 0.04267
-0.30288 0.05705 0.13355
0.08080 0.01940 0.16820
0.32349 0.01918 0.17874
-0.07109 -0.04499 -0.18654
0.03114 -0.00122 0.17810
-0.17021 0.07878 0.09565
0.12806 0.07919 0.04871
0.38138 -0.05910 0.18079
0.29164 0.02417 0.19326
0.23128 0.02910 -0.01638
-0.19283 -0.03787 -0.20362
0.29906 0.03023 -0.03008
-0.40558 -0.03692 -0.06746
-0.33624 -0.05748 -0.13382
0.34077 -0.05879 0.15952
-0.31628 0.05516 0.15371
-0.17342 0.06343 -0.01733
-0.24946 0.06319 -0.09474
-0.06060 0.10237 -0.00396
-0.02480 0.06396 0.12515
0.00288 -0.00054 0.17872
0.38800 0.00040 0.07681
0.35447 -0.05096 0.16351
0.41072 -0.03258 0.10821
-0.39547 -0.04383 -0.10893
0.34693 -0.08465 0.16327
-0.37135 -0.03264 -0.15766
-0.08083 0.08711 0.10594
-0.38420 0.01225 -0.10608
0.15155 -0.02629 -0.17055
0.17503 -0.07349 0.18787
-0.20147 0.06451 0.12952
-0.05808 0.07660 -0.11614
-0.04692 -0.04621 -0.17916
-0.15300 0.06646 0.06637
-0.26787 -0.02265 -0.18796
-0.05491 -0.00901 0.18164
0.24405 0.03842 -0.20261
0.36806 -0.08465 -0.02480
-0.05229 0.05351 0.14833
-0.27610 -0.06054 -0.10230
-0.29023 -0.05274 -0.10387
-0.25436 -0.06114 -0.10262
0.03402 -0.08261 0.15983
-0.02228 -0.02996 0.18476
-0.25972 0.05842 -0.01076
-0.16778 0.06373 -0.12900
-0.02478 -0.08484 -0.15986
-0.40368 -0.04095 -0.07399
0.19021 0.04719 -0.08230
0.10276 -0.04756 -0.18248
0.37089 -0.04635 0.18067
-0.31644 -0.07780 -0.20072
-0.24671 -0.09967 0.18581
-0.37909 0.01920 0.15938
0.27867 -0.02306 -0.19490
0.33659 -0.08465 -0.17527
-0.13244 0.08015 0.10966
0.34601 0.01548 0.15744
-0.33810 -0.01513 0.16889
0.33773 -0.06507 -0.20072
-0.38780 -0.05842 -0.13200
0.08263 0.09360 0.05258
-0.32697 -0.00229 -0.20072
0.21723 -0.01711 -0.15798
-0.25727 0.06165 -0.15663
0.09600 -0.06009 0.16893
0.31354 0.01303 0.19230
0.23487 0.02868 0.01066
0.36902 -0.04455 -0.12491
-0.36129 0.03817 -0.09437
-0.19088 0.06259 0.13624
-0.38648 0.03267 0.06059
0.23228 -0.03871 0.19837
-0.33759 -0.05399 0.19395
0.06472 -0.07351 -0.16403
-0.34268 0.03994 0.18804
0.07949 0.09218 0.07479
0.33761 0.02569 0.11146
-0.40180 -0.06338 0.05550
-0.40198 -0.03859 0.05550
0.40664 -0.02324 0.08460
-0.28110 0.06101 -0.13360
-0.33474 0.04703 -0.02510
-0.21022 -0.02720 0.19489
-0.20645 -0.04307 0.10480
-0.32048 -0.00882 0.10471
-0.30850 -0.01966 0.10472
0.27650 -0.07114 0.18016
0.26883 -0.08678 0.19429
-0.40309 -0.02839 -0.00900
-0.11217 0.09701 -0.00173
0.33777 -0.06554 -0.14509
-0.16241 -0.00747 0.19422
-0.28525 0.05614 -0.00095
-0.06064 0.02497 0.16830
0.33378 0.02100 0.02197
0.21785 0.00427 -0.11607
0.22626 0.01517 -0.19721
0.00658 0.04896 -0.15372
0.31901 0.04251 -0.16237
-0.36204 0.00202 0.17684
0.22490 0.00266 -0.13382
-0.13254 -0.02098 -0.18419
-0.30544 0.05171 -0.08629
0.25783 0.03741 0.00581
0.09383 0.08699 0.08249
-0.12864 -0.03610 -0.19081
-0.31207 -0.07870 0.19557
-0.31122 -0.07947 0.17175
-0.18125 0.06295 -0.01700
0.37922 -0.02080 0.18053
0.10368 0.08816 -0.03372
-0.39875 0.00537 0.05420
-0.39666 -0.00276 0.06517
-0.30815 0.05670 0.15804
0.33775 0.03083 0.13338
0.06612 -0.00154 0.17657
-0.29070 -0.10096 -0.16425
0.20258 0.04145 0.06133
0.10538 0.00088 0.17315
0.11586 0.05641 0.14135
-0.10787 -0.07958 -0.16876
0.24977 0.03036 -0.16053
0.25140 0.03089 -0.17703
-0.16230 0.06145 0.13582
0.36297 -0.01297 -0.17514
-0.41639 -0.03509 -0.03602
-0.32298 0.04967 -0.18605
-0.20030 0.06453 -0.12998
0.22113 -0.06693 0.13382
0.06004 0.05008 0.14062
-0.38475 0.02453 0.13660
0.28742 -0.05586 -0.09846
0.26054 -0.04905 -0.09934
0.33422 -0.05430 -0.09924
-0.32464 0.00967 0.18876
-0.32934 0.00319 0.19327
0.18131 0.02306 -0.16925
0.15441 -0.04393 0.18174
-0.18345 0.06784 -0.11769
0.26423 -0.01180 -0.19776
-0.38376 -0.06730 0.07168
0.40475 -0.05696 0.01770
0.40401 -0.05641 0.02859
-0.37080 0.02870 -0.14701
-0.11958 0.09316 0.05579
-0.37086 0.03733 0.12260
-0.20273 -0.05918 -0.11669
-0.20189 -0.05565 -0.12637
-0.20204 -0.05628 -0.15084
0.00942 -0.03188 -0.18394
-0.04049 -0.04495 0.19011
-0.21856 -0.00296 -0.13995
0.39524 -0.03690 0.11021
-0.10677 -0.06248 -0.16338
0.21441 -0.00077 0.19523
-0.10433 -0.04519 -0.19236
-0.13533 0.04405 -0.14780
0.29721 -0.01842 -0.18016
-0.15492 0.01713 -0.16074
-0.39206 0.03281 0.00842
-0.03015 0.05918 0.13062
-0.33690 -0.03743 0.20072
-0.35154 -0.03006 0.17847
-0.31824 0.05014 0.05438
0.24803 0.02980 0.19698
0.25056 0.03062 0.16037
-0.39796 -0.03856 0.10222
0.37500 0.01134 -0.17165
-0.01056 0.10421 0.00781
0.24475 -0.08660 -0.14741
0.01956 0.10151 0.07596
0.36441 0.00781 0.08287
0.35765 -0.05282 0.20288
0.39929 -0.07187 0.09370
0.03315 0.06906 -0.11966
0.28236 0.04288 -0.20332
-0.07916 -0.08046 -0.16784
0.16519 0.06343 -0.03876
0.32809 0.02070 0.06211
-0.34002 0.03523 0.14016
0.21578 -0.04481 0.18602
0.26617 0.02563 -0.14348
0.30419 0.03721 0.17800
0.16286 -0.02613 0.17125
0.32661 0.01979 -0.04656
-0.20980 -0.00021 0.17854
0.39821 -0.00806 0.15819
-0.41155 -0.02837 -0.01003
-0.02115 0.02782 -0.16843
-0.32594 0.04801 -0.06430
-0.08174 0.06220 -0.12778
-0.21138 -0.02176 -0.15787
-0.14844 0.06640 -0.05920
0.23134 0.04033 -0.18556
0.14731 -0.04311 -0.18342
0.21668 -0.07865 -0.11642
0.20971 -0.06649 -0.17959
-0.00466 0.10290 -0.06385
-0.27999 0.05875 -0.11809
0.34453 -0.04424 0.15653
-0.29538 0.05326 0.19428
0.38554 -0.08318 -0.15472
0.27955 0.03454 0.00124
-0.05125 -0.03126 -0.18592
-0.20490 0.02955 -0.19615
-0.36432 -0.01778 -0.17619
-0.37252 -0.02449 -0.15286
-0.07134 0.09503 0.09602
0.19981 0.04268 0.10573
0.25845 -0.01758 -0.19787
-0.36048 0.02833 0.17791
-0.40338 0.02069 -0.04273
0.35999 0.01328 0.15198
-0.25553 0.05873 0.01216
0.27455 0.04503 -0.11728
-0.38172 -0.03474 -0.14203
-0.31416 0.01273 0.20072
-0.21757 0.01080 0.16381
0.39538 -0.08412 -0.03784
-0.19297 0.06527 -0.12194
0.26100 0.00402 0.19740
-0.31372 -0.08664 0.13382
-0.13580 0.03368 -0.15351
-0.02102 -0.08453 -0.18589
-0.40464 -0.02468 -0.08294
-0.07609 -0.04565 0.17988
0.32125 0.02511 0.16051
0.29685 -0.10054 0.16881
0.10583 -0.05737 0.18563
0.41254 -0.00653 0.05539
-0.29640 0.02967 0.18770
-0.28391 0.03363 0.15842
-0.33959 0.04383 0.10635
-0.11275 0.08274 0.10868
0.38778 -0.07552 0.18613
0.09824 0.09025 0.00922
-0.38026 -0.04937 -0.16255
0.26972 -0.09472 -0.16281
-0.08553 -0.02196 -0.18049
-0.21461 -0.01124 -0.16228
0.34799 -0.03510 -0.11822
0.33456 -0.02031 -0.14282
0.12398 0.06793 -0.15237
-0.02148 0.10409 0.01238
-0.14665 0.06635 0.05447
0.08688 0.09306 -0.03550
-0.25359 -0.01449 -0.10470
-0.23583 -0.02488 -0.10474
-0.31066 -0.00748 -0.10471
-0.28262 -0.01137 -0.10471
0.28055 0.03441 0.15995
0.27786 0.03441 0.18046
-0.37156 -0.07044 0.11692
-0.12863 0.08711 0.09439
-0.26641 -0.06053 0.19787
0.05420 -0.08459 -0.16434
-0.26638 -0.04485 -0.19373
0.31833 -0.04973 0.09986
0.33670 -0.05045 0.09994
0.41416 -0.03999 -0.06500
0.32843 0.02747 0.10692
-0.29807 -0.05715 -0.18016
-0.15920 0.06620 -0.06460
0.36843 -0.05253 -0.15262
0.36419 -0.06153 -0.16227
0.21841 0.00526 0.17131
-0.36101 0.02648 0.14290
0.22613 0.00078 -0.16161
-0.01034 0.08976 -0.10203
-0.35826 -0.00969 0.19633
-0.41002 -0.06247 -0.06402
-0.41487 -0.06992 -0.06948
-0.02583 -0.00432 -0.18018
0.35929 -0.06224 -0.17857
-0.03452 -0.07523 0.16691
-0.22176 0.06747 0.09985
0.39289 -0.02841 -0.08924
-0.32464 0.04630 -0.16382
-0.41951 -0.03005 -0.04220
-0.33827 0.04155 -0.05690
-0.25512 -0.09306 -0.14361
-0.04415 0.03820 0.16328
-0.12103 0.04515 -0.15933
0.30776 0.03722 -0.17624
-0.06475 0.10204 -0.01067
0.12528 -0.01354 -0.17432
0.12096 0.07969 -0.07548
0.40518 -0.00533 -0.12854
0.24913 0.03908 0.11019
0.04042 -0.08513 0.17478
0.04682 -0.08513 0.17344
0.11353 -0.08513 0.17133
-0.00321 -0.08513 0.17555
-0.09562 -0.08513 0.18181
0.04758 -0.08513 0.18368
0.09731 -0.08513 0.17226
-0.05778 -0.08513 0.17960
-0.02769 -0.08513 0.18471
-0.36447 0.00359 -0.18898
-0.38439 -0.04556 0.15089
-0.05085 -0.05480 -0.16639
0.32507 0.00064 0.19650
-0.21762 -0.07664 -0.20072
0.36861 0.00933 -0.09758
-0.41370 -0.01877 -0.03177
-0.25496 0.05818 0.04776
0.41397 -0.00384 -0.01155
0.27638 0.03441 -0.14419
0.28536 0.03441 -0.17544
-0.27881 -0.04897 -0.18103
-0.19564 0.07419 0.09419
-0.23831 0.01696 0.18992
0.37967 0.00406 -0.06942
0.11010 -0.02827 -0.17738
0.38547 -0.01382 -0.17051
0.28519 0.02609 0.13382
0.29787 0.04567 -0.19272
0.14194 -0.05606 0.18307
-0.08957 -0.04587 -0.17659
0.38461 -0.04289 0.14221
-0.24845 -0.02054 -0.19630
-0.38208 -0.01278 0.12356
-0.38542 -0.00656 0.11185
-0.13236 -0.00885 0.18799
0.37104 -0.00296 -0.16724
-0.31341 0.05533 0.16155
-0.14821 -0.08045 0.17386
-0.21381 -0.07434 -0.15950
0.17809 0.02499 0.16528
0.19304 -0.02581 -0.20351
-0.08400 -0.07991 0.16784
-0.23707 0.06244 0.11455
0.29029 -0.02654 0.18041
0.23648 -0.09137 0.13382
-0.11624 -0.02889 0.18995
0.09060 0.08371 -0.09908
-0.33575 -0.01714 0.20072
-0.22454 0.05212 0.17553
-0.41398 -0.03173 0.04152
-0.41899 -0.03065 0.03129
-0.41965 -0.03011 0.00955
0.26019 -0.09313 0.16827
-0.07767 0.10070 0.00720
0.29456 0.02322 -0.15858
0.36511 0.01724 0.13135
-0.25095 -0.10104 -0.14510
-0.03316 -0.04557 -0.18901
-0.13526 -0.01951 -0.19123
-0.32026 0.01482 -0.17696
-0.32758 0.00533 -0.10919
-0.32256 0.01183 -0.10505
-0.14490 -0.08282 -0.17776
-0.24459 0.05985 -0.00068
-0.03267 -0.05392 0.17112
0.08872 0.04723 -0.14006
-0.39688 0.00156 -0.06594
-0.39870 0.00722 -0.05558
-0.40126 0.00925 -0.03771
-0.14040 0.06844 0.12172
-0.00076 0.04480 0.16114
0.36638 -0.04226 0.14710
0.37647 -0.04375 0.13529
0.35111 0.00354 0.15197
0.38381 -0.08320 0.15965
-0.00326 0.02510 0.16949
-0.13901 0.06669 0.02171
0.32160 -0.07414 0.18247
0.14188 0.07385 0.04459
0.32151 -0.08653 -0.15318
-0.17197 0.01141 0.16951
0.22597 0.00974 0.20072
0.28819 -0.02011 -0.19496
-0.40188 0.00430 0.03039
-0.40030 -0.00958 0.03437
-0.40420 0.00156 0.01166
0.10887 0.03920 -0.15011
0.02347 0.01110 0.17431
0.33168 -0.08342 -0.17999
0.33563 -0.07654 -0.14816
0.33309 -0.08097 -0.10343
-0.29806 0.05295 -0.08094
0.29808 0.04600 0.19147
0.17792 -0.05251 -0.19284
0.15532 0.06779 0.04774
-0.28104 0.05856 0.11801
-0.11636 -0.04485 -0.19177
-0.26042 -0.05872 -0.18016
0.36555 -0.04687 0.16564
-0.20437 0.06176 0.03764
-0.20455 0.07006 -0.10185
-0.32961 0.04450 -0.19336
0.26473 -0.07132 0.19442
0.35431 -0.04558 -0.15310
-0.40196 -0.01498 0.09682
-0.00354 0.02529 -0.16942
0.27128 -0.06348 -0.18016
0.16016 -0.01865 0.17643
-0.18548 0.06954 0.07586
-0.17524 0.08079 0.07417
-0.00498 0.10397 0.03926
0.19358 -0.00556 0.19848
-0.30550 -0.09046 -0.13382
0.19711 -0.01664 0.20311
0.39451 -0.01922 -0.13130
0.18515 0.04020 -0.13918
0.04062 0.05875 0.12702
0.39452 -0.08465 0.00673
0.22167 -0.07847 -0.14988
-0.32782 0.05244 0.15302
0.42062 -0.04005 -0.02413
0.34507 -0.03338 -0.16118
-0.42533 -0.06149 0.02549
-0.29260 -0.03796 -0.19657
-0.12810 0.08218 -0.01202
0.24661 -0.05497 0.18016
-0.17059 0.07243 -0.11235
-0.40776 0.02740 0.05044
-0.04968 -0.07393 -0.16664
-0.00505 -0.01470 -0.18347
-0.30741 0.05177 -0.04774
-0.28797 0.06027 -0.15239
-0.01982 0.10138 0.07684
0.10516 0.07227 0.10991
0.35941 0.00452 0.15032
0.39221 -0.07434 0.08061
-0.26364 0.05742 0.06357
0.13206 -0.00471 -0.17163
0.15779 0.06763 -0.01265
-0.13110 -0.08271 0.17182
-0.01098 -0.08245 -0.18590
-0.12764 0.03506 0.15346
-0.30419 0.05757 -0.15668
-0.31788 0.05064 -0.03970
0.25436 -0.08231 -0.19023
-0.21817 -0.03765 -0.19319
0.14075 0.05081 -0.12380
0.11827 0.08369 0.01250
0.01370 0.05081 0.14829
0.42225 -0.01188 -0.07188
0.12355 0.07762 -0.08218
0.31087 0.04154 0.13264
0.03818 0.10367 0.04074
0.24142 -0.08467 0.15570
0.08173 0.09189 -0.07315
-0.38361 -0.06446 0.06619
0.25802 0.03667 0.02979
-0.03455 0.05498 -0.14263
-0.31009 -0.04081 0.19634
0.39532 -0.07047 -0.03211
0.39779 -0.06739 -0.02539
0.41566 -0.05051 0.06451
-0.21096 0.06601 -0.07809
0.37551 -0.07302 -0.19174
0.29236 -0.09266 0.19735
-0.06380 0.06671 -0.12392
-0.05706 0.02417 -0.16892
0.18251 -0.06664 -0.19303
0.06695 0.09800 -0.03783
-0.15948 0.06494 -0.03392
0.10693 -0.07281 0.16126
-0.28287 -0.09405 0.14035
-0.32013 0.05088 0.02687
0.23728 -0.06889 0.19140
-0.42336 -0.03893 -0.04256
0.01054 -0.02718 0.18313
-0.29665 -0.02272 0.18016
-0.35778 -0.06356 -0.19473
-0.32289 -0.08079 0.14807
-0.36949 -0.00217 0.18662
-0.35671 0.03354 -0.13219
-0.34122 -0.02838 -0.14367
-0.34100 -0.02491 -0.16308
-0.34144 -0.03185 -0.10963
-0.20880 -0.00116 0.14617
-0.22048 0.01399 0.19842
-0.20926 -0.00056 0.15223
-0.23475 0.05938 -0.05814
0.34861 0.00120 -0.15034
-0.24499 0.02967 -0.12028
-0.24848 0.03078 -0.10618
-0.24161 0.02860 -0.12582
-0.10470 0.09785 0.01415
-0.28944 0.05477 -0.09166
0.02443 -0.06273 -0.16792
0.40744 -0.01624 -0.13073
-0.15638 -0.06942 0.19037
-0.10241 -0.05094 -0.17852
-0.17560 0.04625 0.15339
-0.27130 0.05809 0.08434
0.13435 -0.06804 -0.16906
-0.35556 -0.02474 0.15634
-0.35377 -0.01917 0.16007
0.38842 -0.07017 -0.07754
0.39175 -0.06945 -0.06163
-0.17625 0.01141 -0.16972
0.19435 -0.06544 -0.19994
0.37541 -0.07471 0.08485
-0.00830 0.05012 0.15306
-0.22660 -0.06188 0.19710
-0.41781 -0.06784 -0.10756
-0.41546 -0.06784 -0.11743
-0.33087 0.04811 -0.12301
-0.34021 -0.04007 0.14408
-0.34021 -0.04110 0.17189
-0.02696 0.08377 0.10873
0.33483 -0.04715 -0.16753
0.33579 -0.04262 -0.13756
0.25324 0.03613 -0.08550
-0.13776 0.00148 0.16943
0.40264 -0.07471 0.00690
0.38296 -0.08424 0.11914
0.37900 0.00066 -0.02357
0.23664 0.03832 -0.00732
0.41373 -0.02394 -0.01394
-0.25966 -0.05299 -0.19415
-0.20945 -0.07451 0.18277
-0.21442 -0.08318 0.13209
-0.21235 -0.07957 0.19311
0.15286 0.06737 0.07233
-0.29554 0.02131 0.17142
-0.29625 0.02090 0.19632
0.08666 0.05641 0.12604
-0.28062 0.05617 0.03932
0.32955 0.00899 -0.20259
0.13668 0.05678 0.14303
-0.39585 -0.04315 -0.04897
0.02408 0.10415 0.01346
0.35687 0.00537 -0.02990
0.26200 -0.09372 -0.19880
0.14982 0.06963 0.06081
0.02851 0.10401 -0.02752
0.17117 0.03456 -0.14299
-0.07470 0.09991 -0.06404
-0.16689 -0.00996 -0.19545
0.26501 0.03653 -0.00643
0.30479 -0.08750 -0.14991
0.30427 -0.08780 -0.16560
0.40084 -0.03653 -0.03211
-0.12628 0.07737 -0.11360
-0.11243 -0.00486 -0.17466
-0.32950 -0.00961 0.13382
0.20872 0.00343 0.20366
-0.11517 0.09525 -0.06520
-0.32810 -0.05450 -0.16612
-0.39120 -0.05250 0.12176
0.03496 -0.05697 -0.16895
0.33660 -0.06153 0.13382
0.40671 -0.05162 0.06897
-0.23797 -0.09310 -0.13382
-0.20623 0.06195 0.02522
-0.29151 0.04994 -0.19762
0.16015 0.03759 0.13941
0.40177 -0.06714 -0.09453
-0.20505 -0.05785 0.16654
-0.30070 0.05334 -0.03229
-0.21965 -0.01023 -0.19736
-0.33773 -0.01413 -0.11806
-0.33469 -0.00604 -0.17858
-0.09288 -0.07941 0.16800
0.36641 -0.03955 0.13702
0.33943 0.01344 0.05284
