0.41916 -0.00970 0.00916
-0.27208 -0.14933 0.19015
0.22764 0.04757 -0.08545
0.24828 -0.01924 -0.19053
-0.18759 -0.09298 -0.07295
-0.18724 -0.09439 -0.01558
-0.18754 -0.09316 0.10434
-0.27326 0.02891 -0.18840
0.39136 -0.11079 -0.00001
-0.18235 0.07060 -0.14928
-0.19525 0.06156 -0.15243
0.31762 -0.04173 0.18366
0.13159 0.03707 -0.19175
0.00516 0.02811 -0.15524
-0.26045 0.14749 -0.00310
-0.23484 0.14805 -0.02308
-0.24912 0.14769 -0.01454
-0.26474 0.14720 -0.01064
-0.08240 -0.08391 0.16723
-0.07527 0.05803 0.15169
-0.06936 0.04559 0.15533
0.12690 -0.00367 -0.16795
-0.29741 0.14437 0.05818
-0.36184 0.10508 -0.11941
-0.00849 -0.03398 0.15083
0.01094 -0.02170 0.15083
-0.32483 -0.12084 -0.18684
-0.13174 0.14904 -0.04851
0.38127 -0.01325 0.14082
-0.31489 -0.03432 0.18058
0.03829 0.11862 -0.12418
0.21004 0.05028 0.04521
-0.31041 -0.13060 0.15823
-0.08980 -0.07575 0.16726
-0.30718 -0.10960 0.19936
0.06164 0.11450 0.11736
0.13198 -0.07128 0.16944
0.13414 -0.06089 0.16927
0.19353 0.04407 0.12320
0.07652 0.02865 0.16044
0.14634 0.05340 0.14212
0.41227 -0.01294 0.04355
-0.04735 0.11003 0.13366
-0.23136 0.09909 -0.13854
-0.40173 0.02078 -0.13667
-0.07376 -0.09703 -0.15354
0.28795 -0.12065 -0.16285
-0.15932 -0.08485 -0.18647
0.41309 -0.02886 -0.08466
-0.02021 0.09390 0.13942
0.31265 -0.04571 -0.16073
-0.32793 0.13742 0.08795
0.41363 -0.00714 -0.04138
0.18097 0.06203 0.01790
-0.23291 -0.02867 0.19146
0.35062 -0.08851 0.10701
-0.22200 -0.11196 -0.16029
0.07536 -0.00815 -0.15083
0.15272 0.04351 0.17611
-0.21188 0.00816 -0.16709
-0.02740 -0.02586 -0.15127
0.34378 -0.05648 0.19001
-0.34277 0.13881 -0.06184
-0.35629 0.11993 0.08749
0.30477 -0.08167 -0.19032
-0.04708 -0.05989 0.15083
-0.06096 -0.02741 0.16769
-0.16279 -0.06937 -0.16807
-0.24514 0.03405 0.18142
0.28748 0.01397 0.18709
0.40062 -0.00797 0.10629
0.29729 -0.06738 0.17651
-0.20678 -0.10516 -0.17783
0.35858 0.00299 0.15426
-0.34459 -0.05698 -0.14996
-0.34617 -0.05961 -0.06710
-0.34155 -0.05193 -0.07539
-0.34536 -0.05827 -0.17247
0.28446 -0.12104 0.19871
0.13384 0.05204 -0.14825
0.35862 -0.00224 -0.11637
0.14328 -0.02229 0.16928
-0.05604 0.14786 -0.01511
-0.05023 0.14751 -0.01468
0.29426 0.03337 0.13234
0.42326 -0.04149 0.07866
0.30714 -0.01165 -0.19747
-0.31382 -0.08930 0.19940
0.39597 -0.09270 0.05487
0.39689 -0.09289 -0.01393
0.38334 -0.00322 -0.13283
-0.13762 0.14786 -0.06399
0.20638 -0.10773 0.15822
0.19751 -0.02832 0.19835
0.03523 0.00802 0.16609
0.36535 -0.01303 -0.15662
-0.03451 0.00939 -0.15083
-0.35444 0.03075 -0.15751
-0.21888 0.02636 0.16192
-0.12719 0.03749 0.15938
-0.04504 -0.03356 -0.16728
0.10274 -0.08434 0.16847
0.27854 0.03877 -0.04749
0.26670 0.04020 -0.03900
0.30060 -0.05900 0.17347
0.41405 -0.06562 0.10912
-0.15105 -0.11241 0.18820
0.26136 -0.14918 0.16927
-0.00802 -0.11467 0.16529
0.00443 -0.11467 0.05271
-0.01074 -0.11467 -0.13555
0.00646 -0.11467 0.04740
0.00141 -0.11467 0.02244
0.01945 -0.11467 0.10098
-0.00970 -0.11467 -0.11427
-0.01106 -0.11467 0.03030
-0.00008 -0.11467 0.10521
0.00224 -0.11467 0.12871
0.00112 -0.11467 0.01206
0.01155 -0.11467 0.10190
-0.20224 0.13892 0.11661
0.30866 -0.03783 0.19944
0.23005 -0.13843 -0.17256
-0.35212 0.13736 0.00648
0.00748 0.14132 0.02774
0.17733 -0.01469 -0.17538
-0.29891 -0.03408 0.19914
-0.35180 0.00346 -0.16990
-0.29910 0.14499 -0.03888
-0.18069 0.01998 -0.16618
-0.35113 0.12794 0.07217
-0.02958 -0.08993 -0.16707
-0.32513 -0.05001 -0.16076
-0.15151 -0.06673 0.16755
-0.14643 -0.05923 0.16728
-0.41665 -0.03450 -0.11322
0.24854 0.03529 0.14611
0.01242 -0.07204 -0.15083
-0.18010 0.14507 0.08684
-0.33014 -0.05198 0.19507
-0.31189 -0.09133 -0.17092
0.25462 -0.14743 0.18869
-0.00949 0.14278 -0.05223
-0.02124 0.14411 -0.05179
0.04189 -0.11475 -0.17108
-0.26300 -0.01823 -0.16617
0.21771 0.04228 -0.01480
-0.04119 -0.01468 0.16911
-0.03134 0.08748 0.14277
-0.26717 -0.00080 -0.19804
0.20686 -0.11765 -0.17698
0.39613 -0.09356 0.07784
-0.39363 0.01542 -0.14555
0.30447 -0.02996 0.18847
0.10930 0.02776 0.15998
0.07335 -0.09902 -0.15104
-0.14306 0.03549 -0.15416
0.13354 0.05067 0.15168
-0.03892 0.11678 0.13148
-0.41978 -0.06419 -0.10385
0.09330 0.11004 0.07019
0.30513 -0.03040 -0.18937
-0.00527 0.01235 0.16680
0.37516 -0.02045 0.15112
0.12036 0.02011 0.15699
-0.03653 0.02713 0.14981
0.16937 0.05204 0.14603
-0.38854 -0.08402 -0.15174
0.29467 0.04003 -0.09552
-0.23713 -0.07949 -0.18230
-0.20631 -0.00029 -0.17205
0.37035 -0.00535 -0.08476
-0.05355 0.13334 0.12311
0.14636 0.07397 -0.12094
0.20669 -0.04889 -0.19049
-0.29668 -0.01700 0.00538
-0.30048 -0.01770 -0.14988
-0.30300 -0.01817 -0.11826
0.14274 -0.05362 0.15083
0.14168 -0.06353 0.15083
0.36212 0.02351 -0.11050
0.30467 -0.07957 0.19534
-0.25226 -0.14571 -0.17786
0.08249 0.11697 0.05525
0.18708 -0.07390 0.07378
0.19138 -0.06135 -0.15729
0.18881 -0.06886 0.00287
0.18957 -0.06662 -0.04850
0.18709 -0.07386 -0.08462
0.18824 -0.07050 -0.05763
-0.06320 -0.09728 -0.15884
0.10078 0.10285 0.10003
-0.22916 -0.01616 0.19751
-0.07418 0.06516 -0.14925
-0.31115 -0.13558 0.17927
0.03951 0.13088 -0.08669
0.16426 0.06824 -0.07475
-0.11456 -0.09549 -0.16121
-0.40846 -0.01249 0.13300
-0.05286 0.05921 0.15146
0.12979 0.03058 0.15807
-0.30909 0.14174 -0.06943
0.11561 0.10305 -0.00296
0.12259 0.09786 -0.01822
0.02616 0.13872 -0.00893
0.03059 0.13792 -0.01263
-0.23811 -0.05857 -0.18699
0.36977 -0.02096 0.08657
0.11664 0.09623 -0.08001
0.20167 -0.05869 -0.18752
-0.20474 -0.09870 0.17884
-0.02593 0.02023 0.15203
0.19234 0.05085 0.07668
0.00684 -0.10399 0.18175
-0.02738 -0.05581 0.15640
-0.25038 -0.03771 0.15716
0.18650 0.05465 -0.07287
0.40512 -0.07943 0.00530
-0.22034 -0.06132 -0.16007
0.40934 -0.07890 0.06988
0.40953 -0.07886 0.08717
-0.20494 0.10848 -0.13483
-0.41101 0.00211 -0.09609
0.39322 -0.02838 -0.12478
-0.04025 0.06205 -0.14722
-0.33718 -0.09165 -0.19114
0.23703 -0.04216 -0.15969
0.39270 -0.04096 -0.14752
0.29607 -0.09964 -0.17728
0.31355 -0.13080 0.17840
0.14689 0.08116 0.05002
-0.35977 0.11602 -0.08774
0.36212 -0.00194 0.11134
0.37671 -0.11635 0.11109
-0.33569 -0.06817 -0.17623
0.20030 -0.04293 -0.15605
0.19912 -0.04530 -0.12113
0.19269 -0.05817 -0.09629
0.19526 -0.05302 -0.04107
0.19464 -0.05426 -0.17585
0.19449 -0.05455 -0.16209
0.19902 0.04488 0.09155
0.37187 -0.12105 0.08465
0.13917 0.04280 0.15389
-0.20924 0.00396 0.17197
-0.03792 0.01788 0.16386
-0.08957 -0.09689 0.15459
0.42264 -0.06335 0.08888
-0.03137 -0.09725 -0.15402
0.12198 -0.09480 0.15083
0.21164 -0.05202 0.15825
-0.25294 -0.08840 -0.19909
-0.03429 0.12475 -0.12704
0.35133 -0.03307 0.18799
-0.03968 -0.03896 0.15083
-0.01177 -0.11467 0.00670
-0.01532 -0.11467 -0.16792
-0.02133 -0.11467 -0.09857
-0.01151 -0.11467 -0.07583
-0.31842 -0.09643 -0.10982
-0.29080 -0.10321 -0.10982
-0.24289 -0.07416 -0.10982
-0.29183 -0.04093 -0.10982
-0.33470 -0.01716 -0.10982
-0.26247 -0.08707 -0.10982
-0.20164 -0.10036 -0.10982
-0.34180 -0.04577 -0.10982
-0.25704 -0.09116 -0.10982
-0.27005 -0.05939 -0.10982
-0.23381 -0.09192 -0.10982
-0.30809 -0.06953 -0.10982
-0.24932 -0.07080 -0.10982
-0.33081 -0.09862 -0.10982
-0.28591 -0.04795 -0.10982
-0.30798 -0.08675 -0.10982
-0.34365 -0.07725 -0.10982
-0.31493 0.12061 -0.12671
-0.27263 0.01287 -0.19459
0.34477 -0.06742 0.13943
0.34410 -0.06582 0.02060
0.34574 -0.06974 0.10615
0.18324 -0.01156 -0.19021
-0.27939 -0.09058 0.18855
-0.18601 -0.11161 -0.16840
-0.18601 -0.11143 0.01796
-0.18601 -0.10628 0.01059
-0.18601 -0.10941 0.03127
0.09218 -0.11367 0.17911
-0.39399 -0.08218 0.14543
-0.40720 -0.01589 0.11493
-0.16199 -0.07841 0.18230
0.19745 -0.07764 -0.18377
0.00930 -0.04634 -0.16628
-0.05188 0.13568 -0.11743
0.11506 0.08741 -0.13516
0.03098 -0.02667 -0.15083
-0.34504 0.08227 -0.13954
-0.04313 0.08405 -0.14422
-0.32257 0.09501 -0.13661
-0.31428 -0.00111 0.19682
-0.27778 -0.13089 0.15709
-0.21120 0.00709 -0.17913
-0.08730 0.12866 0.12589
-0.15060 -0.05041 -0.16731
-0.12586 -0.03534 -0.16654
0.17472 -0.04003 -0.15192
0.30167 -0.10112 0.17942
-0.23589 -0.01918 -0.18771
0.12380 0.06464 -0.14756
0.17164 0.01613 0.15803
-0.10669 -0.05037 -0.15083
-0.31213 -0.09128 0.16728
0.04615 -0.09910 0.16958
0.37686 -0.11845 -0.02763
0.06254 -0.04892 -0.15083
-0.21082 -0.04981 -0.18383
0.40580 0.01580 0.01477
-0.33697 -0.09254 0.17046
-0.28263 -0.04069 0.10982
-0.28271 -0.04806 0.10982
-0.22510 -0.00999 0.10982
0.22420 -0.04363 -0.20166
0.07862 0.11918 -0.04988
0.40604 -0.07277 0.13354
-0.15867 0.11270 -0.13242
0.14243 0.08562 0.02051
0.00164 -0.09001 -0.16714
0.17103 -0.07593 0.15679
0.13824 0.06192 0.17181
-0.06754 -0.06293 -0.16685
-0.10116 -0.09226 0.15083
0.30072 0.03709 -0.11042
0.35555 -0.11383 0.06582
0.35530 -0.11289 0.12567
-0.07988 0.10297 0.13683
-0.06224 0.09132 0.14107
-0.26387 -0.01531 0.18373
-0.15006 -0.11235 0.13527
-0.16353 -0.11224 0.16228
-0.16040 -0.11226 -0.06864
-0.16352 -0.11224 0.04075
-0.15096 -0.11234 0.14189
-0.14981 -0.11235 0.16540
0.42534 -0.04296 -0.06361
-0.36385 0.01618 -0.15884
0.09065 0.10822 -0.09493
-0.38650 -0.06811 -0.16123
0.25914 -0.14921 -0.18686
0.33373 -0.04463 0.18946
0.32670 -0.03550 -0.10092
0.32141 -0.03097 0.05413
0.32710 -0.03584 -0.06677
0.32080 -0.03045 0.10393
-0.11016 -0.06517 -0.16725
-0.12513 -0.05936 -0.16716
0.41758 -0.06961 0.03150
0.24892 -0.09112 0.19752
0.40880 -0.03229 -0.10728
0.39672 -0.04160 0.14660
-0.10538 0.01020 0.15083
-0.23682 0.01326 0.19265
-0.22512 0.02950 -0.16303
-0.20004 -0.05348 -0.17275
-0.19786 -0.05873 -0.14235
-0.19448 -0.06689 -0.04418
-0.19620 -0.06275 0.03677
-0.19808 -0.05820 -0.01628
-0.19634 -0.06241 0.06464
-0.40716 -0.01136 -0.11626
0.38144 -0.11613 -0.00078
-0.16375 -0.07579 -0.17993
-0.41020 0.01567 -0.09766
-0.41182 -0.01222 -0.12647
-0.33353 -0.09936 -0.16164
0.15036 0.06312 0.13783
-0.15653 -0.10877 -0.19052
-0.41297 0.04875 0.06254
0.32376 0.03936 0.00564
0.31372 0.04019 0.03690
-0.06290 -0.10936 0.18021
-0.02401 -0.11467 -0.04838
-0.02677 -0.11467 -0.02458
-0.02185 -0.11467 0.03483
-0.02519 -0.11467 -0.11112
0.02718 -0.11273 -0.17936
0.26626 -0.14802 0.18518
0.40476 -0.00464 0.07247
0.10093 0.11045 0.01399
0.08721 0.11662 0.02962
-0.30565 -0.02765 -0.17218
0.05866 -0.10378 -0.18161
-0.03159 0.01555 0.15466
0.27769 -0.14775 -0.17358
-0.16468 0.14042 -0.11440
-0.21870 -0.01446 -0.19691
-0.15828 0.04396 -0.15812
-0.15323 0.04044 -0.15881
0.10392 -0.09609 -0.15083
0.36754 -0.01463 0.11865
-0.31341 -0.02171 -0.07510
-0.31314 -0.02153 0.07988
-0.31258 -0.02117 0.10292
-0.31812 -0.02476 -0.03452
-0.31357 -0.02181 0.03922
-0.15164 0.04327 0.15600
-0.17455 0.03541 0.15368
-0.27697 0.09971 -0.13692
0.42739 -0.04779 -0.05377
0.23720 0.04807 -0.05637
-0.16331 0.01376 0.16727
-0.21068 -0.00856 0.19399
0.15462 -0.11467 -0.07440
0.16343 -0.11467 0.13580
0.16245 -0.11467 -0.16591
0.15789 -0.11467 -0.02036
0.14127 -0.11467 -0.16150
0.14866 -0.11467 -0.14251
0.14579 -0.11467 -0.11660
0.14037 -0.11467 -0.14140
-0.15083 -0.09009 -0.18429
-0.14072 -0.07525 -0.16753
0.39648 -0.09747 -0.11054
-0.01914 -0.09746 0.15538
-0.20974 -0.11178 0.18149
-0.35844 -0.09975 -0.09571
-0.35471 -0.09882 -0.00404
-0.35497 -0.09246 -0.06818
-0.35493 -0.09340 -0.12505
-0.28551 -0.01582 -0.02905
-0.28432 -0.01573 0.02196
-0.28941 -0.01614 0.11443
-0.23896 -0.02378 -0.18528
0.18032 0.03108 -0.15763
-0.42567 -0.05683 -0.06993
0.32146 -0.12145 0.18270
-0.08220 -0.09670 -0.16723
-0.04436 0.08959 -0.13730
-0.10931 -0.02738 -0.15083
-0.31053 -0.13123 -0.16107
-0.30014 0.09784 0.13680
0.37519 -0.02287 -0.15212
-0.28326 -0.14689 0.19534
-0.12592 -0.09396 0.15207
0.28726 -0.03254 -0.20169
0.20843 0.03835 0.14956
0.29755 0.04322 -0.00892
0.29715 0.04233 -0.04053
-0.04364 0.00862 0.15083
0.42625 -0.05217 -0.07434
-0.28459 0.01847 -0.19368
0.15047 0.00001 0.15083
0.22564 -0.07273 0.17715
-0.42300 -0.06886 0.07410
-0.03735 -0.06770 0.15083
-0.33487 -0.03918 0.19847
-0.28332 -0.08975 0.18092
0.24170 -0.05187 0.19719
-0.40746 -0.05951 0.14203
0.38215 -0.07486 -0.15758
0.41084 0.00554 0.03223
0.15366 0.06853 0.12401
-0.15537 0.13635 0.12140
0.24872 -0.12162 -0.17151
0.07308 0.04169 0.15450
0.20294 -0.05877 0.16521
0.14815 -0.04524 -0.16908
-0.17669 0.14006 -0.11523
0.37321 0.02128 0.10669
0.13292 -0.10040 -0.17621
-0.30106 0.10625 0.13278
-0.38236 0.03890 -0.14662
-0.42752 -0.06890 -0.01695
-0.24813 -0.07176 0.16312
-0.41573 -0.01278 -0.01266
0.07385 -0.07822 -0.15083
-0.03992 -0.03925 0.16677
0.31184 -0.11098 -0.16009
0.12284 -0.09228 0.16923
0.01956 -0.03637 0.16725
-0.26605 -0.09153 0.19742
-0.40473 0.04627 -0.09724
-0.20166 -0.08597 -0.19085
-0.25990 -0.05542 0.17584
-0.37624 0.10543 -0.01476
0.09673 0.02993 0.15913
0.12118 0.03066 0.15818
0.07686 -0.02534 -0.16823
0.30851 -0.02351 -0.03443
0.30062 -0.02015 0.03601
0.29980 -0.01979 0.12740
0.30770 -0.02317 -0.16100
0.30803 -0.02331 -0.00957
0.30172 -0.02061 -0.03070
0.41738 -0.03469 -0.09041
-0.18272 -0.03086 0.15083
-0.41721 0.04590 0.03103
-0.28968 -0.14568 0.16829
0.08480 -0.11467 0.16231
0.08046 -0.11467 -0.06261
0.09895 -0.11467 -0.01563
0.08427 -0.11467 -0.04037
0.10125 -0.11467 0.06261
0.10682 -0.11467 0.13990
0.09705 -0.11467 0.15131
0.08760 -0.11467 -0.10086
0.08079 -0.11467 -0.13191
0.07818 -0.11467 0.07980
0.10054 -0.11467 0.02260
0.11137 -0.11467 0.06398
0.09583 -0.11467 0.07335
0.12801 -0.11467 0.14255
0.09956 -0.11467 0.03142
0.11126 -0.11467 0.12657
-0.23967 -0.14106 0.19663
0.19023 -0.06471 0.10441
0.19125 -0.06175 -0.03288
0.18697 -0.07422 0.13992
0.18871 -0.06913 0.11946
0.20321 -0.05812 -0.19608
0.30820 -0.07089 -0.16460
0.29570 -0.13566 0.19906
-0.22666 0.14108 0.10363
-0.26704 0.13882 0.10785
-0.18796 -0.08854 -0.02252
-0.18795 -0.08913 0.12233
-0.10955 0.14154 -0.10981
-0.24274 -0.14187 0.15895
-0.32870 -0.11493 0.19689
0.00530 0.00553 0.16703
-0.15555 -0.06087 0.15083
-0.14798 -0.03830 0.15083
-0.19743 0.04143 -0.15472
-0.09783 -0.04730 0.15083
-0.26264 -0.01826 0.16173
0.28188 -0.02296 0.15855
-0.42382 0.02433 -0.01917
-0.35225 -0.07657 -0.01393
-0.35159 -0.07361 -0.11326
-0.35314 -0.08059 0.07108
0.25209 -0.08409 -0.19994
0.04561 0.13174 0.05504
0.05183 0.12951 0.05440
-0.11501 -0.10429 0.18405
0.02971 -0.06081 0.15083
0.03490 0.00149 0.15083
-0.23275 -0.02879 -0.19313
-0.03439 -0.11467 0.15942
-0.04110 -0.11467 0.09468
-0.04753 -0.11467 0.14700
-0.03928 -0.11467 0.01752
-0.05096 -0.11467 0.14249
-0.04219 -0.11467 0.00116
-0.04991 -0.11467 0.16233
-0.03003 -0.11467 0.14784
-0.23259 -0.13705 -0.16520
0.25182 -0.01767 0.18038
0.01993 -0.06372 -0.16683
-0.21064 0.08938 0.14339
0.31189 -0.13175 -0.19842
0.01513 -0.01281 -0.15083
0.41220 -0.02218 0.07154
0.15878 0.06684 0.11448
0.07398 0.12451 -0.00378
-0.18976 0.14860 -0.05646
-0.02740 -0.02936 0.15701
0.33271 0.01119 0.16197
-0.29567 0.14535 -0.03390
0.26418 -0.14820 -0.16901
0.17063 0.02976 -0.15812
0.36828 -0.00174 -0.11250
0.21107 -0.04371 -0.19196
0.27764 -0.01626 -0.07529
0.26612 -0.01626 -0.01523
0.27366 -0.01626 -0.17382
0.26230 -0.01626 -0.05984
0.27940 -0.01626 0.17279
0.26777 -0.01626 -0.07879
0.27311 -0.01626 0.02456
0.27328 -0.01626 0.05722
0.27765 -0.01626 0.14753
-0.05735 0.12195 -0.12953
0.03879 0.08283 0.14083
-0.32653 -0.03105 0.02184
-0.32739 -0.03193 -0.00611
-0.32688 -0.03141 -0.03566
-0.31387 -0.13393 0.16593
-0.21009 -0.03655 -0.00609
-0.20688 -0.04146 0.02613
-0.20263 -0.04795 -0.15440
-0.20377 -0.04621 -0.17365
-0.20861 -0.03882 0.08131
0.31408 -0.12433 0.19945
-0.12378 0.14541 -0.08345
0.21534 -0.12632 0.18533
0.09469 0.03461 -0.15717
0.08180 0.03557 -0.15709
-0.07277 -0.01640 0.16847
-0.33595 -0.09619 0.19573
0.25454 -0.14732 0.17345
0.25939 -0.14470 0.19902
0.22710 -0.07929 0.18940
0.29828 -0.12228 -0.20177
-0.28081 0.03902 0.17694
-0.25278 -0.14582 -0.17169
-0.23475 -0.10844 -0.02968
-0.22485 -0.10908 -0.06495
-0.20796 -0.11017 -0.07290
-0.24949 -0.10749 0.00938
-0.25051 -0.10743 -0.08326
-0.23022 -0.10874 -0.03905
-0.24799 -0.10759 -0.00459
-0.21190 -0.10992 0.00115
-0.19286 -0.11114 0.05859
-0.29583 -0.10451 -0.03858
-0.18125 -0.11189 -0.04043
-0.22244 -0.10924 0.00245
-0.22513 -0.10906 -0.08513
-0.20342 -0.11046 -0.10605
-0.23522 -0.10841 -0.00559
-0.33430 -0.10203 -0.08859
-0.28382 -0.10528 -0.06402
-0.27829 -0.10564 -0.03715
-0.23469 -0.10845 0.03136
-0.31017 -0.10359 -0.06242
-0.23594 -0.10837 -0.07537
-0.19819 -0.11080 -0.05740
-0.20951 -0.11007 0.05090
-0.18123 -0.11189 0.04451
-0.25883 -0.10689 -0.09458
-0.18731 -0.11150 -0.10805
-0.21571 -0.10967 -0.06080
-0.31956 -0.10298 -0.09848
-0.19150 -0.11123 0.01043
-0.27770 -0.13696 -0.16026
0.32948 -0.06297 -0.16671
0.33279 -0.09144 0.17617
0.36504 -0.11374 0.13951
-0.29687 -0.11628 0.16539
-0.16964 -0.06560 0.16170
-0.21301 -0.11733 0.17114
-0.19052 -0.08039 0.17464
0.01295 0.13563 -0.09610
0.28175 -0.14604 0.16342
0.42812 -0.05318 -0.06477
0.08877 -0.07811 -0.15083
-0.29422 0.01088 -0.19598
-0.08196 0.03747 -0.15580
-0.23052 0.02855 -0.16568
-0.26724 -0.01530 0.14893
-0.28157 -0.01557 -0.01298
-0.27635 -0.01547 -0.00878
-0.27994 -0.01554 0.00605
-0.28229 -0.01558 0.12855
-0.27819 -0.01551 -0.11321
-0.31092 -0.06418 0.15659
0.15153 0.04672 0.18246
0.27592 -0.08043 -0.19994
0.18250 -0.10587 0.11473
0.18250 -0.10432 0.00394
0.18249 -0.10228 -0.04258
0.18247 -0.09952 -0.02117
0.08674 0.09190 0.13886
0.18252 -0.10910 -0.03908
0.18254 -0.11206 -0.02581
0.18251 -0.10684 -0.13570
0.18253 -0.11109 -0.06849
0.18253 -0.11158 -0.05023
0.14591 0.03462 0.17573
-0.27278 0.04004 -0.16109
0.00478 0.13914 0.07807
-0.13006 0.10550 -0.13570
-0.31044 0.12088 0.12674
-0.20976 -0.11177 -0.16441
-0.35239 0.12582 -0.07580
-0.36443 -0.08117 -0.18574
0.37525 -0.07581 -0.17241
-0.26769 -0.01750 0.17927
-0.33177 -0.03641 -0.00703
-0.33289 -0.03756 -0.17354
-0.32901 -0.03359 0.00961
0.38711 -0.00354 -0.11175
-0.20947 -0.05481 -0.19387
0.22857 -0.02846 0.16320
-0.37917 -0.09879 0.07292
-0.20269 -0.07032 0.18134
-0.25805 -0.01783 0.19125
0.17544 0.06070 -0.07655
-0.01828 0.14053 0.08760
-0.28868 -0.11540 -0.19695
0.42888 -0.05657 0.04651
-0.20414 -0.07017 -0.17992
-0.35663 -0.09930 0.07992
-0.36016 -0.10017 0.08836
0.14425 0.02980 0.15356
0.11368 0.07368 0.14487
-0.25980 -0.14731 0.19514
-0.25950 0.06825 -0.15156
-0.03030 -0.09745 0.16155
-0.21791 -0.04013 0.18820
-0.22550 -0.05339 0.15750
-0.24815 0.14630 0.06129
-0.20890 0.14545 0.08074
-0.41978 -0.03831 -0.03634
-0.24950 -0.07625 -0.16981
-0.27327 -0.00374 -0.19837
-0.30782 0.13847 0.09358
-0.16064 0.12226 0.12825
0.39808 -0.09906 0.08696
-0.02641 -0.01172 -0.15083
-0.37010 -0.02100 0.18531
0.06356 -0.04549 -0.16648
0.17038 -0.11454 0.15714
0.16748 -0.11462 0.04585
0.03236 0.04112 0.15454
0.04238 0.11972 -0.12011
-0.08421 -0.00671 -0.15083
0.37836 0.02614 0.06111
-0.33514 -0.01467 0.19707
0.21664 0.04508 -0.07483
0.07538 0.12108 0.04453
-0.37026 0.00841 0.15884
0.18240 0.05119 0.11769
-0.35372 -0.08319 -0.11220
-0.35318 -0.08073 -0.00122
-0.35325 -0.08109 0.05823
-0.35203 -0.07559 -0.12720
0.13944 0.00090 -0.15083
0.17666 -0.02116 0.16368
0.33149 -0.07054 0.19266
0.01128 0.01493 -0.16415
0.41085 -0.00777 0.06773
0.07011 0.07718 -0.14321
-0.27271 0.07685 0.14817
0.28685 -0.08880 0.16375
-0.02740 -0.02024 -0.16771
-0.08569 0.04607 -0.15565
-0.25366 -0.05890 -0.17836
0.28805 -0.02580 0.15845
0.18260 -0.09917 0.18179
-0.18656 -0.03901 0.19055
0.10097 0.10682 0.06754
0.39027 -0.01232 -0.12769
0.00170 0.12751 -0.12475
0.35288 -0.09926 0.00584
0.35244 -0.09665 0.14191
-0.23460 -0.13986 -0.18989
-0.32962 -0.06910 -0.16076
-0.10841 0.09369 -0.14028
0.25370 -0.01782 0.19456
-0.37309 0.10470 -0.05145
-0.37599 0.10275 -0.04305
-0.02739 -0.03794 0.16353
-0.02940 0.13392 -0.12084
-0.29611 0.12616 0.12510
0.31192 -0.11823 -0.09084
0.28149 -0.11719 -0.03346
0.24919 -0.11609 -0.10430
0.33726 -0.11910 -0.04261
0.32829 -0.11879 -0.05102
0.34813 -0.11947 -0.03073
0.28184 -0.11721 -0.07442
0.25700 -0.11636 -0.06959
0.32506 -0.11868 0.05312
0.22005 -0.11509 -0.10321
0.31215 -0.11824 0.00357
0.30776 -0.11809 -0.07703
0.29297 -0.11758 -0.06687
0.35873 -0.11983 0.10469
0.20456 -0.11456 -0.09449
0.34224 -0.11927 0.02299
0.33830 -0.11913 -0.00451
0.35208 -0.11961 0.05757
0.26417 -0.11660 -0.10759
0.31103 -0.11820 -0.01074
0.35501 -0.11971 -0.03309
0.34328 -0.11930 -0.03891
0.21263 -0.11484 -0.09840
0.33058 -0.11887 -0.03574
0.24746 -0.11603 -0.07407
0.33219 -0.11893 0.02485
0.31675 -0.11840 0.03333
0.30182 -0.11789 0.00131
0.29748 -0.11774 -0.10941
0.34498 -0.11936 0.01005
0.32154 -0.11856 0.03764
0.28670 -0.11737 -0.02326
0.29947 -0.11781 -0.02224
0.24210 -0.11585 -0.04239
0.20520 -0.05395 -0.18141
-0.04021 -0.07791 -0.15083
-0.03969 -0.09643 0.15083
-0.33224 -0.05806 -0.17763
-0.17596 0.13347 -0.12417
0.20067 0.00615 0.18015
0.35468 0.03306 -0.00973
0.34486 0.03459 -0.03268
-0.23560 0.03380 -0.17134
0.42849 -0.05266 -0.02915
-0.41088 0.00177 0.03787
-0.41464 -0.00921 0.04856
-0.35804 0.10154 0.12821
-0.33427 0.14157 -0.03066
0.12985 -0.04492 0.15083
0.13403 -0.06428 0.15083
0.09867 -0.03857 0.15083
0.35370 -0.10439 -0.13706
0.41447 -0.07928 -0.09483
-0.26198 0.02818 0.18879
0.23972 -0.01784 -0.05871
0.25092 -0.01637 0.02196
0.24511 -0.01713 -0.02435
0.24193 -0.01755 -0.17731
0.25040 -0.01644 0.09709
-0.35433 -0.08673 0.12033
-0.35411 -0.08516 0.15554
0.24867 -0.06642 -0.20003
-0.18664 -0.09686 -0.14877
-0.18621 -0.09861 -0.01198
-0.32613 -0.12140 -0.17651
-0.37320 0.07699 0.13639
0.06751 0.01871 -0.15432
0.23722 -0.14216 -0.16826
0.25876 -0.11642 0.00480
0.26775 -0.11672 0.03333
0.31793 -0.11844 0.06104
0.21363 -0.11487 0.09110
0.28784 -0.11741 0.07570
0.19555 -0.11426 -0.03102
0.19652 -0.11429 -0.00421
0.26589 -0.11666 0.07458
0.25109 -0.11615 0.06312
0.18502 -0.11390 0.04957
0.24886 -0.11608 -0.00908
0.18961 -0.11405 -0.05515
0.21397 -0.11489 -0.03283
0.20026 -0.11442 -0.01121
0.22745 -0.11535 -0.04225
0.20861 -0.11470 0.00983
0.29181 -0.11755 0.05542
0.29822 -0.11776 0.03632
0.20037 -0.11442 0.09648
0.34381 -0.11932 0.10118
0.29202 -0.11755 0.08263
0.18759 -0.11398 -0.07794
0.33075 -0.11888 0.09115
0.31943 -0.11849 0.09997
0.19870 -0.11436 -0.08305
0.24025 -0.11578 0.09409
0.20435 -0.11456 0.02712
0.18876 -0.11403 0.00039
0.20939 -0.11473 0.10457
0.23031 -0.11544 0.00225
0.19779 -0.11433 0.02414
0.20533 -0.11459 0.09196
0.24140 -0.11582 0.00287
0.23044 -0.11545 0.10264
0.31251 -0.12997 -0.16225
-0.38399 -0.05761 -0.18283
-0.18802 -0.08784 0.03933
-0.18812 -0.08753 -0.00184
-0.18913 -0.08459 0.07846
-0.18937 -0.08388 -0.14632
-0.19093 -0.07933 -0.13936
-0.18864 -0.08603 -0.08789
-0.20451 -0.04508 0.08362
-0.20368 -0.04635 -0.08663
-0.20392 -0.04598 0.04179
-0.20320 -0.04708 0.10230
-0.04895 -0.09724 0.15297
0.31409 -0.10748 0.15758
-0.21221 -0.02523 0.19651
-0.29605 -0.04886 0.19941
0.23806 -0.04788 0.15661
-0.01575 -0.02967 0.15083
-0.23760 -0.02596 -0.16480
-0.24100 0.14798 0.01473
-0.21874 0.14860 0.02441
-0.22020 0.14893 0.00263
-0.20188 -0.08532 0.16581
0.31519 -0.03864 -0.16581
-0.14415 -0.11249 -0.15979
-0.12118 -0.11368 -0.01893
-0.11177 -0.11417 0.02075
-0.10533 -0.11451 -0.13786
-0.13194 -0.11312 -0.15132
-0.10879 -0.11433 0.00616
-0.11960 -0.11376 -0.05695
-0.12793 -0.11333 -0.09653
-0.11380 -0.11407 0.04028
-0.11382 -0.11406 -0.10702
-0.10876 -0.11433 -0.14674
-0.10295 -0.11463 -0.16320
0.23114 -0.08135 -0.10982
0.27945 -0.07788 -0.10982
0.29215 -0.07484 -0.10982
0.18604 -0.06210 -0.10982
0.19528 -0.03927 -0.10982
0.24874 -0.11186 -0.10982
0.28482 -0.10938 -0.10982
0.22649 -0.05449 -0.10982
0.34467 -0.11454 -0.10982
0.25564 -0.08278 -0.10982
0.19985 -0.08200 -0.10982
0.24943 -0.08124 -0.10982
0.31848 -0.09092 -0.10982
0.21173 -0.09451 -0.10982
0.20737 -0.10348 -0.10982
0.20277 -0.02826 -0.10982
0.32949 -0.09816 -0.10982
0.23097 -0.14041 -0.18879
0.41265 -0.01007 -0.05889
0.10021 -0.05696 -0.15083
-0.15349 0.02473 -0.16307
-0.18572 0.02759 -0.16220
0.01147 0.03230 -0.15681
-0.33266 -0.10697 0.17653
-0.28182 0.14497 0.06088
-0.27272 0.14526 0.06177
-0.30399 -0.05497 0.16397
-0.26935 -0.14805 -0.18036
-0.09412 -0.11467 0.01053
-0.09688 -0.11467 -0.05857
-0.10068 -0.11467 0.02459
-0.09449 -0.11467 0.14766
-0.08902 -0.11467 0.07243
-0.06204 -0.11467 0.10697
-0.07402 -0.11467 0.02650
-0.09408 -0.11467 0.16052
-0.09014 -0.11467 0.13922
-0.10127 -0.11467 0.15279
-0.06956 -0.11467 0.15562
-0.07823 -0.11467 0.01190
-0.07261 -0.11467 0.06396
-0.07132 -0.11467 0.10711
0.37415 0.02503 0.09037
0.25248 0.03649 -0.14188
0.11455 0.08338 -0.14030
0.36890 -0.02698 0.17434
-0.28591 -0.08808 -0.19787
-0.15355 -0.01655 0.16698
0.37268 -0.01939 -0.10919
-0.31833 -0.03726 0.16901
0.40356 -0.09466 0.04260
0.40307 0.00765 0.08239
0.29467 -0.14230 -0.16682
-0.08352 0.14814 -0.05031
-0.11136 0.14870 -0.05043
-0.30745 0.13222 0.11764
0.31708 -0.03910 -0.18470
0.19168 0.05635 0.00827
0.18860 0.05663 0.03020
0.02170 -0.02412 -0.15083
0.02348 -0.01259 -0.15083
-0.24302 -0.02281 -0.17614
-0.11955 0.02969 0.15282
-0.10119 0.03470 0.15462
0.41925 -0.03458 -0.01497
0.05749 0.10580 0.13342
-0.21670 0.01798 0.18295
-0.15793 -0.06425 0.16779
0.07534 0.07939 0.14279
0.03376 0.11226 0.13111
0.17897 -0.01203 0.18780
0.00274 0.02290 0.16154
-0.27445 -0.04027 0.17111
-0.27949 -0.07207 0.18665
-0.21843 -0.04021 -0.18092
0.31237 -0.11520 -0.20167
-0.32557 -0.12128 0.16645
0.01671 -0.06907 0.16704
-0.04283 0.07943 0.14341
-0.41079 0.02973 0.08823
0.36648 -0.12176 -0.03138
-0.29283 0.10204 -0.13521
-0.03689 0.03948 -0.15308
-0.27507 -0.12193 0.19606
0.36760 -0.12187 -0.02164
0.28667 -0.01750 -0.12636
0.29209 -0.01842 -0.13553
0.29485 -0.01890 -0.16631
0.28041 -0.01643 0.08465
0.28252 -0.01679 -0.16757
-0.28456 0.14062 -0.08949
-0.05073 0.05360 -0.14882
0.15292 -0.08930 0.16985
0.02197 0.13463 0.09329
0.15241 0.00316 -0.16647
0.17659 -0.00340 0.16009
0.35842 0.01975 -0.13256
0.21438 -0.05321 -0.16060
-0.04611 -0.11467 -0.14214
-0.03755 -0.11467 -0.09819
-0.03310 -0.11467 -0.06664
-0.02866 -0.11467 0.02793
-0.03309 -0.11467 0.08260
-0.03743 -0.11467 -0.10944
-0.04140 -0.11467 -0.07771
-0.19323 0.14911 -0.02860
0.29763 -0.02529 0.17840
-0.01134 0.05361 0.15186
-0.21641 0.01682 -0.18707
0.01125 0.02949 0.15605
0.08465 0.10956 -0.10809
-0.30883 -0.03304 -0.16111
-0.12611 0.09891 0.13837
-0.03882 0.05234 -0.14563
-0.06399 0.14362 0.08499
0.06032 0.11188 -0.11979
-0.23253 -0.10078 0.19895
-0.42446 -0.06271 0.07275
-0.39200 0.08591 0.02299
-0.37817 0.10126 0.03468
-0.37211 0.10829 0.03641
0.22220 -0.03298 -0.16763
-0.04386 0.04278 0.14944
0.38802 -0.00162 -0.09759
0.37434 -0.11974 0.05869
-0.13081 0.14897 0.05182
-0.13776 0.14923 0.03993
-0.33789 -0.08913 -0.17848
0.15537 0.07742 -0.02446
-0.41840 0.03295 0.04497
-0.34718 -0.06213 -0.05360
-0.35023 -0.06974 0.11038
-0.34806 -0.06432 0.03786
0.29667 -0.06739 0.18445
-0.34898 0.11954 0.11540
0.40331 -0.08229 -0.02304
-0.42891 -0.05711 -0.03404
-0.41821 0.06702 0.00947
0.18298 -0.04176 -0.19382
-0.19370 0.00577 -0.15083
-0.20479 -0.09903 -0.16899
0.09713 0.00253 -0.15083
-0.02692 0.03290 -0.15853
0.24344 -0.14514 -0.16261
0.36653 -0.01708 0.12585
-0.05098 0.13275 -0.12315
0.39510 0.02165 -0.03104
-0.33740 -0.08255 0.17191
-0.25627 0.05980 0.15516
0.34347 -0.06432 -0.11114
0.34655 -0.07167 0.07971
-0.25175 0.05145 -0.15736
-0.41655 -0.03752 0.01953
-0.38234 -0.02182 0.16099
-0.35482 -0.09580 0.14122
-0.35480 -0.09637 0.11386
-0.13959 -0.02000 -0.15083
-0.12920 -0.02925 -0.15083
0.32704 -0.09284 -0.20158
0.29604 -0.05279 0.19803
-0.35033 0.13349 0.03413
-0.07803 -0.08844 -0.15083
-0.30465 0.06485 -0.15189
0.08380 0.11573 -0.06241
0.01521 -0.10713 0.18097
0.28947 -0.01798 0.11398
0.29400 -0.01875 0.17552
0.29695 -0.01926 -0.07286
0.29477 -0.01888 0.10891
0.28629 -0.01743 0.17388
-0.13838 -0.08886 0.15083
0.28685 -0.07578 0.18080
-0.23790 0.14287 0.08882
-0.20210 0.14259 0.10122
0.28685 -0.09082 -0.17806
-0.29341 -0.01646 0.12715
-0.28666 -0.01592 -0.08215
-0.28778 -0.01601 -0.05879
-0.29104 -0.01627 -0.17261
0.23191 0.04127 -0.13443
0.19732 0.04227 -0.13767
0.34910 -0.08214 -0.09004
0.34820 -0.07868 -0.15730
0.34804 -0.07805 0.09416
0.14868 -0.09162 0.15083
-0.02978 0.00797 0.15797
0.36236 -0.11956 -0.05650
0.36007 -0.11833 -0.02147
0.36003 -0.11831 0.00562
0.20575 -0.05141 0.18847
-0.29732 0.09181 -0.13981
-0.32068 -0.04174 0.19796
-0.39490 -0.03405 0.15308
-0.21145 -0.05319 0.19794
-0.38307 0.05692 0.14078
-0.30815 0.08224 -0.14325
-0.26422 -0.14787 0.16922
0.25159 -0.09091 -0.19977
-0.26750 -0.03889 -0.10982
-0.27975 -0.03784 -0.10982
-0.24396 -0.03185 -0.10982
-0.23025 -0.05862 -0.10982
-0.20384 -0.06091 -0.10982
-0.21555 -0.03288 -0.10982
-0.21886 -0.04944 -0.10982
-0.28315 -0.03186 -0.10982
-0.21044 -0.04687 -0.10982
-0.04666 0.11375 -0.13294
-0.02908 0.14486 0.05779
0.36894 -0.08062 -0.17594
-0.24036 -0.06807 -0.18460
-0.27953 0.11665 -0.12962
0.11280 0.00248 -0.15083
0.20858 -0.11996 -0.18998
-0.09752 0.03380 -0.15984
0.37087 -0.00541 0.08418
0.37489 -0.01024 0.14795
-0.21077 -0.11371 0.19284
0.32930 -0.06243 -0.18491
0.10532 0.07216 -0.14530
0.30451 -0.02799 -0.18291
-0.21801 -0.12425 -0.19678
-0.24591 -0.08907 -0.19014
-0.15863 0.14891 -0.04705
-0.16954 0.14913 -0.03658
0.38759 -0.00684 0.09902
-0.21880 -0.04086 0.18167
0.02583 0.01563 -0.16387
0.07276 0.10173 0.12787
0.00718 -0.10927 -0.18028
-0.02404 -0.08628 -0.16707
0.15634 -0.08889 -0.16987
0.40130 -0.03026 0.11425
0.21905 0.04673 -0.08881
-0.27139 -0.01745 -0.17907
0.38111 -0.10740 0.11982
-0.26199 -0.03394 0.19927
-0.27857 -0.09156 0.17584
0.28113 -0.08192 0.17892
0.20238 0.00788 0.16854
0.05346 -0.09298 -0.16739
-0.30916 -0.04701 -0.20174
0.01138 0.07783 -0.14389
0.40095 -0.08605 0.03781
-0.02511 -0.04443 0.16636
0.00160 0.14199 -0.03498
0.01150 0.14083 -0.02369
0.14892 0.07532 0.10022
0.00623 -0.05644 -0.15083
-0.21130 0.10579 0.13602
0.17467 0.06438 0.03948
0.02891 0.07944 -0.14234
0.29622 -0.02637 -0.16212
0.38697 -0.01500 -0.08599
0.03994 -0.04975 0.15083
0.16318 -0.10028 0.16685
0.33171 -0.09425 -0.17748
0.00786 0.02657 0.16037
-0.30068 -0.02494 -0.19020
-0.29363 -0.02080 0.18783
0.19760 0.05278 -0.02818
0.10122 0.10780 -0.05596
0.24943 -0.12441 0.15690
0.40151 -0.08516 -0.00711
-0.34164 0.01118 0.18716
0.29637 -0.10715 -0.18770
0.12569 0.08668 -0.11761
0.38091 -0.01887 -0.10998
-0.27633 -0.10541 -0.17836
-0.04182 0.13659 -0.11834
-0.29516 0.03555 -0.16221
0.36923 -0.01105 0.14079
-0.21383 -0.05982 -0.16075
-0.28178 -0.14715 -0.16747
-0.28408 0.14575 -0.04511
-0.20995 0.02216 0.18256
-0.23026 -0.12740 -0.20161
-0.30137 0.14292 -0.06565
0.04920 0.12451 -0.11313
0.27520 0.03847 -0.12017
0.30277 -0.10516 -0.16716
-0.06758 0.05042 -0.15379
-0.08537 0.05597 -0.15264
0.32344 -0.02113 0.18772
0.14104 0.07993 0.10238
-0.20582 -0.06368 -0.17930
0.22769 -0.02102 0.03718
0.22967 -0.02008 0.13402
0.22498 -0.02230 0.04512
0.22876 -0.02051 0.16587
0.22493 -0.02232 0.08211
0.22690 -0.02139 0.17415
0.20129 0.04773 -0.05423
0.27315 -0.14849 -0.18179
-0.41402 0.05820 -0.01253
0.20557 -0.03681 0.12485
0.20562 -0.03676 0.14130
0.21088 -0.03157 0.03577
0.21204 -0.03044 0.10905
0.21061 -0.03184 -0.04772
0.21342 -0.02908 0.08852
0.20701 -0.03539 0.03897
0.20011 0.05584 -0.00676
-0.09363 0.14565 0.07527
-0.12362 0.14779 0.06437
-0.17803 -0.01607 0.17295
-0.23260 -0.05981 -0.20192
-0.38767 0.04673 -0.14251
0.16051 0.02630 0.15792
-0.36261 -0.05896 0.19521
-0.01987 0.13482 0.11656
-0.20743 -0.06246 0.15945
-0.01935 -0.05726 0.16640
0.07470 0.02325 0.16199
0.31486 -0.06756 0.15728
0.09052 0.09203 -0.13252
0.22681 -0.02972 -0.19273
0.36034 0.03178 0.01323
-0.04647 -0.00873 -0.15083
-0.25432 -0.01871 -0.16994
0.11270 0.09382 -0.11915
-0.28122 -0.10887 -0.17836
-0.19815 0.14859 0.05687
-0.18167 -0.03913 0.18347
0.22893 -0.04254 0.19919
0.37302 -0.12040 -0.05698
-0.27367 -0.03067 0.19921
-0.18789 0.08606 -0.14399
-0.42645 -0.04262 -0.06423
0.07029 -0.08067 -0.16747
0.24927 0.01912 -0.18532
0.41474 -0.01357 0.00151
-0.41696 -0.02060 -0.01866
-0.15113 0.03653 -0.15437
0.25863 -0.02211 0.15845
0.25080 -0.01940 0.18971
-0.25717 -0.01539 0.09020
-0.25441 -0.01585 0.01804
-0.23905 -0.01840 0.15490
-0.24532 -0.01736 0.13434
-0.25070 -0.01646 0.05449
-0.24474 -0.01746 0.17432
-0.24636 -0.01719 0.07826
-0.37134 -0.07012 -0.18918
0.25153 -0.14366 0.15822
0.28649 0.04116 -0.09388
0.39408 -0.09841 -0.07180
0.21755 0.04556 -0.12517
-0.37715 -0.09918 -0.14439
0.04956 0.06655 -0.14546
0.14783 0.03683 0.18921
0.05821 0.12619 0.06846
0.22707 0.04952 -0.05337
-0.19894 0.12669 -0.12712
-0.30680 0.07069 0.14880
0.41802 -0.06938 -0.03833
-0.28334 -0.08570 0.18492
0.20344 -0.10826 -0.17094
0.23298 -0.05303 -0.16572
-0.23922 -0.04809 0.19934
0.13198 0.05398 0.20099
-0.26157 -0.06823 0.17584
-0.27972 -0.07214 0.17584
-0.22075 -0.12736 -0.17155
-0.23023 -0.03054 -0.17487
0.25049 -0.01944 -0.17799
-0.20649 -0.10785 -0.19333
0.09286 0.10565 -0.11056
0.30535 -0.08935 -0.19881
-0.11475 -0.09764 -0.18125
-0.14158 -0.07721 0.16753
0.40109 -0.08582 -0.04491
0.15167 0.03549 -0.17138
0.32395 -0.04989 0.17927
-0.32951 -0.11442 -0.19087
0.06087 0.12684 -0.04258
0.03780 0.13586 -0.00335
-0.30843 -0.02948 0.16493
0.16138 -0.11467 0.12921
0.14311 -0.11467 0.08728
0.13985 -0.11467 0.03278
0.14089 -0.11467 -0.11960
0.16447 -0.11467 0.16831
0.14082 -0.11467 0.10378
0.15741 -0.11467 0.09434
0.14681 -0.11467 0.15841
0.06197 -0.06409 0.16711
0.07489 -0.06775 0.16727
-0.10004 0.14749 -0.06259
-0.10620 0.14835 -0.05729
0.09378 -0.06861 0.16792
0.08021 -0.07196 0.16752
-0.21926 -0.12568 -0.17974
-0.14562 0.11602 -0.13097
-0.19425 0.09499 0.14087
-0.07833 0.00520 -0.16856
0.04968 -0.05088 0.16655
0.04811 -0.05883 0.16686
-0.38438 -0.09771 0.00799
-0.40003 -0.09650 -0.00740
-0.37338 -0.09920 0.07488
0.41040 -0.02589 -0.03183
-0.07574 0.14386 -0.08580
-0.08549 0.14196 -0.10211
-0.17828 0.14900 0.03787
0.26280 -0.06814 0.18160
-0.33653 0.01378 0.18822
0.28216 0.03897 -0.02861
0.28474 0.03842 -0.03792
-0.33621 -0.07102 0.17681
-0.18601 -0.10478 0.09595
-0.18601 -0.10048 0.03847
-0.18601 -0.10409 0.08764
-0.18601 -0.10534 0.01998
-0.10750 0.01945 -0.15083
0.37655 -0.01759 -0.08548
-0.21006 -0.04934 0.17803
-0.18526 0.07990 0.14610
-0.17285 0.06096 0.15255
-0.37336 0.09633 0.11138
-0.35179 -0.03409 0.10982
-0.32469 -0.05194 0.10982
-0.29682 -0.03991 0.10982
-0.27208 -0.01053 0.10982
-0.28723 -0.01883 0.10982
-0.34375 -0.03417 0.10982
-0.28253 -0.03236 0.10982
-0.36048 -0.09355 0.10982
-0.34738 -0.08426 0.10982
-0.32153 0.11842 0.12723
-0.15843 0.14306 -0.10153
-0.14611 0.14697 0.07064
0.27821 -0.03050 -0.20170
-0.41064 0.03403 -0.08641
-0.31070 0.13839 -0.09331
0.34174 0.02825 0.11108
-0.39768 0.05786 -0.10943
-0.27304 -0.01786 -0.16379
0.21346 -0.10976 0.19912
-0.01557 -0.10255 0.18051
-0.40524 -0.03079 -0.14428
0.15187 0.02189 0.16177
-0.08915 -0.06594 0.16711
-0.06039 0.01573 0.16500
-0.29042 -0.01998 -0.17891
-0.41099 0.01555 -0.10830
0.36431 -0.02091 -0.16560
0.32047 -0.03017 -0.19240
-0.13779 0.01080 -0.15083
-0.17991 0.00688 -0.15083
-0.08677 0.06461 0.14982
0.33445 0.03605 0.05828
-0.15408 0.02168 0.15083
0.40841 -0.00252 -0.03236
-0.01131 0.03874 -0.15619
-0.38358 0.02576 -0.14839
0.19986 -0.10140 0.17927
0.20531 -0.11194 0.16540
0.03219 -0.07431 -0.16729
0.39974 -0.08725 0.00608
0.39979 -0.08726 -0.01730
0.34022 -0.04310 0.19252
0.25028 -0.04316 0.17292
-0.31006 -0.09976 0.16402
0.10222 0.10331 -0.08951
0.42513 -0.04042 -0.05697
-0.04170 0.14696 0.01692
0.40773 -0.08283 0.04515
-0.01334 -0.09386 0.15083
-0.42936 -0.04337 -0.02758
0.16951 0.01008 -0.15438
0.16231 0.02810 -0.15887
0.10024 0.10230 -0.10749
0.40566 0.01366 -0.04677
-0.23327 -0.01460 -0.19774
0.40827 -0.01683 -0.00603
0.29831 -0.02614 -0.18574
0.25029 0.00932 0.19087
-0.31968 -0.02578 0.10792
-0.31721 -0.02418 0.15047
-0.32391 -0.02852 -0.09751
-0.32371 -0.02839 0.14985
-0.32030 -0.02618 0.13850
0.30328 -0.10549 0.16151
0.03209 0.00394 -0.16736
-0.05572 0.08644 0.14354
0.35367 0.00122 -0.15965
0.00833 0.14022 0.05931
0.18072 -0.07013 -0.19410
-0.40700 -0.02977 -0.11038
0.15151 -0.00592 -0.15083
-0.39519 -0.07954 -0.14616
-0.24647 -0.05677 0.19803
0.00298 -0.08549 0.15083
0.17620 -0.11452 0.11843
0.17343 -0.11452 -0.05406
0.17590 -0.11452 0.15302
0.16553 0.06136 0.11875
-0.33359 -0.03869 -0.10523
-0.33591 -0.04255 0.17436
-0.33456 -0.04031 -0.01940
-0.16692 -0.11222 -0.07130
-0.17179 -0.11222 0.00373
-0.17263 -0.11222 -0.06197
-0.17311 -0.11222 -0.14095
-0.17179 -0.11222 -0.01188
0.35736 -0.02340 -0.18383
0.10176 -0.06763 0.15083
-0.32763 -0.04556 0.17805
-0.25097 -0.14696 0.18257
0.39093 -0.00250 0.09682
-0.24010 -0.14130 -0.16927
-0.02430 0.01009 0.16706
-0.15880 0.14304 0.10164
0.16708 0.03579 0.15004
0.12668 -0.01178 0.15083
0.32927 -0.06236 0.18308
0.40834 -0.01705 0.02054
0.00574 -0.00193 -0.15083
0.38081 -0.00343 -0.10239
0.32352 -0.11589 -0.16889
-0.38589 0.06155 -0.13478
0.30773 0.03072 0.13525
0.32647 -0.11120 -0.18092
0.04630 -0.06462 0.15083
0.06372 -0.05847 0.15083
-0.29942 0.11638 -0.12880
-0.08550 0.02695 0.15273
-0.36585 -0.10056 0.12832
0.15577 0.07572 0.04862
-0.24045 0.04402 -0.15961
-0.30476 -0.12337 -0.20173
0.39833 -0.02993 0.09414
0.01907 0.01044 0.16549
-0.34419 0.13249 0.09167
0.05755 -0.11467 0.03602
0.03564 -0.11467 0.13953
0.03672 -0.11467 -0.07845
0.06167 -0.11467 0.14686
0.05522 -0.11467 0.11725
0.03239 -0.11467 0.04948
0.05273 -0.11467 0.09566
0.04094 -0.11467 -0.02715
0.05088 -0.11467 -0.01136
0.05007 -0.11467 0.04088
0.03271 -0.11467 0.11986
0.04428 -0.11467 -0.05409
0.03646 -0.11467 -0.04508
0.03309 -0.11467 -0.14168
-0.32397 -0.12451 0.18291
-0.14673 -0.11238 0.05177
-0.14849 -0.11236 -0.04578
-0.15674 -0.11229 -0.12417
-0.15449 -0.11231 -0.03431
0.26741 0.04067 0.02384
0.27089 0.03973 0.04085
0.32739 -0.05727 -0.18052
-0.20535 -0.10511 0.17729
0.33098 -0.06813 -0.18914
-0.10948 0.14882 0.04374
-0.09964 0.14890 0.03180
-0.11672 0.14930 0.02943
-0.13420 0.00102 0.16873
-0.11687 -0.02484 0.16663
0.27241 -0.01822 0.17523
-0.10615 0.14311 0.09736
-0.12090 0.14228 0.10642
0.22538 0.01673 0.17678
0.29607 -0.05150 -0.16936
0.31827 -0.05036 -0.16074
0.03152 -0.02801 -0.16806
-0.17599 -0.00473 -0.16734
-0.13831 -0.02036 -0.16664
0.10489 -0.07699 0.15083
0.36634 -0.03831 -0.18108
0.02700 -0.09248 -0.15083
-0.33794 0.13842 0.07043
-0.30002 -0.14264 -0.19865
0.39127 -0.02979 0.09342
0.18619 -0.07650 -0.09186
0.40971 0.00997 0.02429
0.23281 -0.11105 -0.16654
-0.41700 0.04854 -0.02327
-0.03685 0.09446 0.13537
-0.32766 -0.11204 0.15826
0.40833 -0.07435 0.00210
0.24154 -0.12102 0.19937
-0.29889 -0.04818 0.15667
-0.08656 0.10881 0.13417
0.09403 0.02558 -0.15886
-0.31172 -0.03183 -0.17243
-0.40646 -0.05097 0.14405
0.41313 -0.02732 -0.07128
-0.00336 0.14144 -0.06432
0.30095 -0.10654 0.16899
-0.20180 -0.04924 0.17617
-0.19965 -0.05443 0.00766
-0.19588 -0.06351 0.15743
-0.20156 -0.04982 0.08734
-0.19850 -0.05718 0.02934
-0.19866 -0.05681 -0.02255
0.36491 0.00803 0.13780
-0.28047 -0.08128 -0.17836
-0.28904 -0.08336 -0.17836
-0.21487 -0.04578 -0.17328
0.05200 0.13178 0.00013
0.05218 0.13079 0.01755
-0.36918 0.11624 0.00378
0.15448 0.07317 -0.08789
-0.39196 -0.07110 0.15238
0.33206 -0.09472 -0.19686
0.37345 -0.00346 0.10213
-0.25015 -0.05027 0.19615
0.36936 -0.07932 -0.15187
-0.22019 -0.02687 0.08099
-0.22521 -0.02440 0.02696
-0.22332 -0.02533 -0.16269
-0.22387 -0.02506 0.01316
-0.22450 -0.02475 -0.17225
-0.41041 -0.00090 0.10087
-0.33308 0.01225 -0.19160
0.25860 -0.06862 -0.17846
-0.03605 0.03432 0.15180
0.14656 0.01493 -0.16336
-0.33560 -0.09788 0.16438
0.39335 -0.10960 -0.04576
0.10014 0.10936 0.03767
0.21689 -0.03783 0.16139
0.11080 0.10184 0.06345
-0.20639 -0.05838 -0.18708
-0.16866 -0.09764 -0.19224
0.04322 0.13095 0.07365
0.25491 -0.02586 -0.16063
0.25211 0.04507 0.07790
0.25453 0.04385 0.09569
0.14616 0.08320 -0.02381
0.15033 -0.01506 0.15083
-0.19914 0.14636 -0.07567
-0.10744 0.14486 0.08446
-0.08127 0.14414 0.08472
-0.24179 -0.04033 0.19925
0.37926 -0.00134 0.11483
-0.18893 -0.02389 -0.15083
0.09758 0.09166 0.12641
0.28824 -0.14589 0.17729
0.40370 0.00631 -0.08207
-0.36849 0.06338 0.14684
0.16575 0.02857 0.15865
0.00332 0.09697 -0.13811
-0.11435 0.00200 -0.16930
0.22297 -0.13496 0.19055
-0.32337 0.13770 -0.09031
-0.21658 0.01737 0.15409
0.37867 -0.11769 -0.08532
0.21274 -0.04263 -0.17310
-0.30953 -0.02000 0.17893
-0.31017 -0.02021 -0.00136
0.15888 0.07351 -0.05308
0.03542 -0.09926 0.17679
-0.22170 -0.04134 0.15825
-0.20381 0.05096 0.15698
0.24527 -0.14281 -0.20153
0.34176 -0.06027 -0.18540
0.05098 0.01283 -0.16469
-0.23057 0.13749 0.11699
-0.36201 -0.10060 0.14254
-0.23953 -0.01832 -0.05328
-0.24118 -0.01805 -0.13528
-0.24273 -0.01779 0.02978
-0.25200 -0.01625 -0.15727
-0.24396 -0.01759 -0.13025
-0.24592 -0.01726 -0.02256
-0.00038 0.13814 -0.09564
-0.33721 0.08380 -0.13974
0.37585 -0.10792 -0.14495
0.05416 0.12487 0.09385
-0.01191 0.00352 0.15083
0.26693 -0.12040 -0.20133
-0.24950 -0.08673 0.17066
0.19992 -0.06810 0.18809
-0.04920 -0.10841 0.18048
-0.23281 -0.13841 -0.18179
-0.39893 0.07430 -0.04370
-0.37490 0.10070 -0.06082
0.20705 -0.03535 -0.06833
0.20241 -0.03992 0.06950
0.20773 -0.03468 -0.03991
0.20824 -0.03418 -0.07842
0.20413 -0.03823 -0.17077
0.21023 -0.03222 -0.12156
0.20663 -0.03577 0.01847
-0.34398 0.07087 0.14539
0.25077 -0.01941 0.16791
0.09371 0.09837 -0.13335
0.38638 -0.02793 -0.14449
-0.35040 -0.07014 -0.08663
-0.34845 -0.06528 -0.08313
-0.35041 -0.07018 -0.13425
-0.34949 -0.06789 -0.09456
-0.34899 -0.06664 -0.04781
0.06595 -0.06803 -0.15083
0.04439 -0.06556 -0.15083
0.35549 -0.11361 -0.01626
-0.22026 -0.03922 -0.18906
0.13647 -0.10044 0.17802
0.25028 0.04775 -0.01782
0.24718 0.04763 -0.03071
0.12153 -0.07585 0.15083
0.21285 -0.12548 -0.19273
0.38901 -0.01415 0.10859
0.37002 -0.09728 -0.16585
-0.18877 0.14951 -0.01291
0.05055 0.00929 0.15083
-0.41208 0.05135 -0.06278
0.14384 0.07344 0.13144
0.41033 -0.02552 0.01433
0.31050 -0.02436 0.08341
0.30992 -0.02412 0.09273
0.31203 -0.02501 0.14804
0.30644 -0.02263 0.14556
0.31628 -0.02683 0.08547
-0.24929 -0.10751 0.07526
-0.27046 -0.10614 0.07310
-0.31951 -0.10298 0.02462
-0.35746 -0.10054 0.09880
-0.30796 -0.10373 -0.02366
-0.26695 -0.10637 0.03772
-0.33699 -0.10186 0.00828
-0.31344 -0.10338 0.07241
-0.33061 -0.10227 -0.05076
-0.35613 -0.10063 -0.10122
-0.27771 -0.10568 0.04019
-0.29308 -0.10469 0.09984
-0.25218 -0.10732 0.04185
-0.28283 -0.10535 -0.01150
-0.35733 -0.10055 0.03270
-0.34943 -0.10106 -0.05647
-0.32891 -0.10238 0.04931
-0.24873 -0.10755 0.10219
-0.29028 -0.10487 -0.00860
-0.36217 -0.10024 -0.01389
-0.30816 -0.10372 0.03421
-0.29713 -0.10443 -0.01055
-0.32065 -0.10291 -0.03876
-0.32382 -0.10271 0.06481
-0.29116 -0.10481 -0.02224
-0.32296 -0.10276 0.09117
-0.35422 -0.10075 0.06758
-0.29917 -0.10429 0.03531
-0.35801 -0.10050 0.01157
-0.28283 -0.10535 0.09262
-0.34704 -0.10121 0.10261
-0.34487 -0.10135 -0.03214
0.38676 -0.01253 -0.13354
0.40685 -0.07668 0.04392
0.34155 -0.05988 -0.15983
0.33931 -0.05491 -0.15658
0.34105 -0.05878 -0.10121
0.33667 -0.04903 0.13851
0.33937 -0.05504 -0.08919
0.40242 -0.08369 -0.05484
0.34136 -0.04995 0.19149
0.25430 -0.03226 0.15745
-0.34204 -0.05274 0.06569
-0.34321 -0.05470 0.12850
0.25287 0.04569 -0.06586
0.26345 0.04427 -0.07460
0.26220 -0.12080 0.18957
-0.41475 0.01129 -0.08039
0.16073 -0.02700 -0.15083
0.39540 0.02195 0.01803
-0.17477 0.09479 -0.14012
0.31582 -0.12617 0.19328
-0.01596 0.06910 -0.14724
-0.12740 -0.09082 -0.15083
0.40560 -0.06223 -0.14246
0.32071 0.02655 0.14317
0.42642 -0.06539 -0.00758
0.31249 0.04084 -0.01589
0.31683 0.03965 -0.04005
0.41147 -0.00605 0.02121
0.33954 -0.00132 0.18659
-0.32691 0.09460 0.13643
-0.04056 0.00302 0.15083
0.40037 -0.01326 0.08728
0.28685 -0.07349 -0.17601
-0.09677 -0.10425 0.18154
0.11706 -0.01788 0.15083
-0.35013 0.13767 0.04016
0.05528 0.01843 0.16292
-0.28840 -0.04843 0.19492
-0.25334 -0.00375 -0.19812
-0.33281 -0.11036 0.18310
0.16966 -0.08224 0.16610
-0.06839 -0.06569 -0.15083
-0.02986 -0.00216 -0.15083
-0.12926 -0.03540 0.16663
0.20650 0.04685 -0.02436
0.20597 0.04502 0.06402
0.06075 0.12179 0.09836
0.38273 -0.01265 -0.10857
0.11162 -0.02643 0.15083
0.17630 -0.02476 -0.15805
0.41208 -0.02200 0.08137
-0.27028 0.14642 0.03837
-0.24004 0.14770 0.03174
-0.27640 0.14644 0.02611
0.14456 0.03983 -0.15131
-0.05364 0.02178 0.16297
-0.10980 0.02447 0.16291
-0.32309 -0.04177 -0.17981
-0.10742 -0.06827 0.15083
-0.10971 -0.06153 0.15083
-0.33819 -0.04633 0.09937
-0.33898 -0.04766 0.04519
-0.33871 -0.04721 0.11663
-0.33892 -0.04755 0.01912
0.39971 -0.10343 -0.03447
0.25878 -0.01702 -0.18767
-0.08026 -0.03563 0.15083
-0.07480 -0.01680 0.15083
-0.42018 -0.04769 0.11005
-0.08878 0.11979 -0.12916
0.37027 -0.01846 -0.13809
0.34183 -0.06051 0.11463
0.34184 -0.06054 -0.11737
0.33711 -0.05000 0.15958
0.34091 -0.05845 0.05972
0.30971 -0.03392 -0.18495
-0.04024 0.03195 -0.14969
0.25848 -0.13570 0.15759
0.24014 -0.14475 0.18478
-0.26449 0.12743 0.12523
0.15321 0.04577 -0.15131
-0.06443 0.14348 -0.08630
-0.04707 0.06494 -0.14300
-0.29599 -0.02292 -0.19681
-0.00566 0.08219 -0.14311
0.39486 -0.01406 0.12147
0.17003 -0.11455 -0.09675
0.41780 -0.06528 0.09789
-0.22750 -0.08976 -0.17008
0.12662 -0.06759 -0.15083
0.11102 -0.05094 -0.15083
0.11280 -0.03815 -0.15083
-0.39677 -0.08528 0.13069
-0.23324 0.01681 -0.19136
-0.21767 0.02440 0.18479
0.29792 0.04038 0.08269
-0.03263 0.13926 -0.10635
0.28820 -0.14450 -0.16455
-0.37121 0.10296 0.08717
-0.22510 0.02685 0.16599
0.37114 0.02889 0.02666
-0.21767 0.11343 -0.13262
-0.02320 -0.06712 0.15083
-0.08824 -0.03551 -0.16640
-0.21060 -0.03597 0.09456
-0.21102 -0.03556 -0.06276
-0.21151 -0.03508 0.05495
0.23889 -0.11537 0.19831
-0.40626 0.00197 -0.12349
0.05585 0.01772 0.15319
-0.37952 0.01535 -0.15284
-0.34803 0.11571 -0.12301
-0.30617 0.03581 -0.16973
0.32985 -0.10177 -0.18612
-0.24737 -0.11834 -0.20071
-0.26054 -0.01851 -0.18883
0.10259 -0.09952 0.15186
0.22484 -0.00605 0.19699
0.39550 0.00558 -0.09075
-0.21906 0.02998 -0.15634
0.02021 0.13620 -0.08287
0.29976 -0.06556 0.19296
-0.24273 0.13999 -0.10666
-0.05255 -0.01043 -0.16944
-0.14829 0.08709 0.14336
-0.11183 0.03200 0.16068
0.15604 0.07443 -0.06601
0.21802 -0.12911 0.19595
-0.41171 -0.04668 -0.13334
-0.11360 -0.09835 0.18161
-0.33313 -0.10567 -0.17325
0.03482 0.12272 0.12134
0.32608 -0.03421 0.19602
-0.03815 0.04783 0.14633
0.38644 -0.00162 0.11343
0.25336 -0.12136 0.19881
0.21614 -0.07638 -0.15958
-0.30447 -0.09232 -0.20125
-0.41008 0.01071 0.10295
-0.07836 -0.03801 -0.16642
0.27550 -0.04519 0.10982
0.20422 -0.04923 0.10982
0.19748 -0.10028 0.10982
0.22769 -0.06798 0.10982
0.27354 -0.05653 0.10982
0.24250 -0.01197 0.10982
0.32033 -0.02407 0.10982
0.24097 -0.02009 0.10982
0.23525 -0.03896 0.10982
0.21528 -0.00789 0.10982
0.21560 -0.01846 0.10982
0.18730 -0.08841 0.10982
0.21547 -0.08626 0.10982
0.23552 -0.06578 0.10982
0.25443 0.04185 0.11788
-0.05760 0.14722 -0.05411
0.15602 0.03908 -0.15879
-0.01723 -0.07649 0.15083
-0.10676 -0.08911 0.16736
-0.39690 -0.01730 -0.15026
-0.19334 0.02662 0.16249
0.31767 -0.10391 -0.16027
-0.10535 -0.08809 0.15083
-0.22174 -0.03880 -0.16143
0.19223 0.02623 -0.15865
-0.30853 -0.02953 -0.19923
-0.04488 0.14047 -0.10311
0.38516 0.02255 -0.08043
0.38509 -0.00194 -0.11803
0.30632 -0.13624 -0.19731
-0.27171 -0.10118 -0.19899
-0.16477 0.10986 -0.13361
0.38691 -0.00950 -0.09021
0.26284 -0.01792 -0.17494
0.30770 0.03882 -0.08577
-0.06376 0.13700 -0.11666
0.27760 0.04182 0.09608
0.03057 0.06165 -0.14689
0.02909 0.06135 0.14710
-0.23764 -0.13998 0.18169
0.29135 0.02287 0.15871
0.28939 -0.02011 -0.18078
-0.21365 -0.11401 0.15869
0.07163 -0.00848 0.16990
0.13972 0.01648 0.15601
0.40964 -0.02186 0.05231
0.09679 0.08878 0.14070
-0.13469 0.01538 0.15083
0.00702 0.12872 0.12159
-0.38327 -0.06024 0.18328
0.40795 -0.09105 -0.09093
0.21032 0.00417 -0.18952
-0.25477 -0.04050 0.10982
-0.23594 -0.03265 0.10982
-0.22652 -0.04545 0.10982
-0.20931 -0.04300 0.10982
-0.28947 -0.06786 0.10982
-0.21198 -0.02346 0.10982
0.24009 -0.01779 0.13699
0.23430 -0.01854 0.09279
0.23440 -0.01853 0.18004
0.24228 -0.01750 0.02568
0.24429 -0.01724 0.08227
0.23854 -0.01799 0.01338
0.24754 -0.14570 0.19416
0.21624 -0.12322 0.15858
0.24491 -0.04529 0.17035
0.17932 -0.11452 -0.01523
0.17721 -0.11452 0.00435
0.17783 -0.11452 -0.06081
0.05396 -0.08737 0.16739
-0.36115 0.12419 0.01196
-0.19665 -0.02148 -0.19149
-0.31350 -0.03261 -0.18358
0.25407 -0.10542 -0.17836
0.07058 0.00692 0.16628
0.34571 -0.06957 0.17505
-0.30041 -0.14264 0.18481
-0.41765 -0.04110 0.12004
-0.37986 0.09933 -0.03392
-0.37405 0.10705 -0.02471
-0.05804 -0.11467 0.04147
-0.05970 -0.11467 0.03206
-0.05367 -0.11467 0.15135
-0.06890 -0.11467 -0.16182
-0.06163 -0.11467 -0.05104
-0.07345 -0.11467 -0.10453
-0.08392 -0.11467 -0.14806
-0.05622 -0.11467 -0.12569
-0.07919 -0.11467 -0.04040
-0.07578 -0.11467 -0.14426
-0.08360 -0.11467 -0.07912
-0.06085 -0.11467 -0.12901
-0.09666 -0.11467 -0.14884
-0.08382 -0.11467 -0.13003
0.20376 0.04645 0.05386
-0.08453 -0.09425 0.16724
-0.33794 0.05180 0.15421
0.20191 0.04341 0.14380
0.41488 -0.02221 -0.01263
0.30631 -0.11554 0.19924
-0.24611 -0.10213 -0.17040
-0.41289 -0.00475 -0.05562
0.19636 0.04297 0.13887
0.23360 -0.12288 0.19925
0.40705 -0.09226 0.09267
-0.19776 -0.00211 0.15083
0.09470 0.02046 -0.15642
0.22240 -0.01744 -0.10982
0.24350 -0.01516 -0.10982
0.25500 -0.02770 -0.10982
0.34454 -0.10567 -0.10982
0.35202 -0.10069 -0.10982
0.33019 -0.03997 -0.10982
0.25101 -0.01375 -0.10982
0.32453 -0.03814 -0.10982
0.32788 -0.06775 -0.10982
0.34839 -0.06757 -0.10982
0.26786 -0.01895 -0.10982
0.25757 -0.01099 -0.10982
0.35043 -0.08705 -0.10982
-0.24793 -0.02150 -0.18500
0.06653 0.12140 0.08033
0.19604 -0.05145 0.17579
0.19648 -0.05058 0.07544
0.20110 -0.04134 -0.00574
0.19893 -0.04567 0.16956
0.19520 -0.05315 0.05926
-0.27353 -0.10611 0.19714
0.41277 -0.01678 -0.05168
-0.02463 0.12650 -0.12470
0.01344 -0.09851 0.16922
-0.06342 -0.06751 0.15083
0.03582 -0.09418 0.15083
0.29751 -0.14101 -0.17220
-0.21208 -0.11830 -0.19725
-0.10995 -0.10974 0.18161
-0.36214 0.04213 0.15288
0.30499 -0.09024 -0.18542
0.16045 -0.01056 -0.17015
-0.40841 0.02787 0.11267
0.19976 -0.10090 0.16063
0.17304 -0.05652 0.18225
-0.12188 0.07811 -0.14629
-0.22712 -0.13504 -0.17879
-0.26347 0.14644 -0.05011
-0.25467 0.14700 -0.03880
-0.21681 0.14813 -0.05357
-0.24588 0.14753 -0.02926
-0.19117 -0.07863 0.07324
-0.19184 -0.07667 0.01759
-0.18894 -0.08516 0.15299
-0.19158 -0.07744 0.04418
0.39619 -0.01457 0.08241
-0.42411 -0.07281 0.05773
0.01924 0.11661 0.12951
0.19798 -0.07043 0.18255
-0.06159 0.02755 -0.15337
-0.01577 -0.03541 -0.15083
0.40080 -0.02835 0.10326
-0.34756 -0.06332 -0.18812
0.21267 0.04284 0.06183
0.29160 -0.02829 0.19906
0.01316 0.04765 -0.15299
0.17304 0.06749 0.00687
-0.05873 -0.01721 -0.15083
0.41639 -0.00063 -0.00110
-0.26637 -0.03946 0.16748
-0.24819 0.13459 0.12051
-0.10619 -0.07727 -0.15083
-0.04088 -0.01732 -0.16886
-0.12274 0.00448 0.16896
-0.25828 -0.07443 0.19742
0.34536 0.02739 -0.11162
0.15332 -0.08190 -0.16985
0.15710 -0.05216 0.16946
0.15936 -0.05872 0.16949
0.23475 -0.14088 0.16303
-0.24589 0.12169 0.12848
0.06878 -0.09816 -0.16746
0.26541 -0.12646 -0.16470
-0.19655 0.09186 -0.14228
0.11234 0.06255 0.14788
0.36475 -0.00470 -0.15316
0.09789 -0.05165 -0.16758
0.11344 -0.04456 -0.16803
0.13269 -0.06328 -0.16927
-0.41888 0.01406 0.03485
-0.13257 0.07932 0.14613
0.41518 -0.01035 0.02645
0.35290 -0.09941 -0.04684
0.35342 -0.10246 -0.12572
0.01211 0.14115 0.00260
0.01516 0.14048 0.01142
-0.07937 0.11847 0.12995
-0.33554 -0.06744 -0.19016
-0.00041 0.08848 0.14080
0.10136 -0.00729 0.16943
0.36687 0.00753 -0.14448
0.15297 0.04817 -0.17578
0.17007 -0.05687 -0.17020
0.15380 -0.02865 -0.16965
-0.09202 -0.05262 -0.15083
0.18288 0.06025 -0.02647
-0.34699 0.04772 -0.15384
0.38344 -0.02684 0.12964
0.33649 -0.00785 0.19047
0.22805 -0.07430 -0.19372
0.22732 -0.02930 -0.17767
-0.10107 -0.03062 -0.16650
0.20081 -0.07375 0.19880
-0.41569 -0.02874 0.03693
-0.40210 0.03556 0.12791
0.38790 -0.11276 -0.03559
0.31964 -0.12162 -0.18560
-0.15632 -0.07679 0.16894
0.18216 -0.03057 0.19243
-0.20441 -0.09728 0.18440
-0.16867 -0.05268 -0.16870
0.07118 0.12272 -0.04830
-0.27049 -0.06629 0.17611
-0.01521 -0.02986 0.16780
-0.27194 -0.14805 -0.16453
-0.36751 -0.06639 0.19145
0.13313 -0.11467 0.13625
0.12678 -0.11467 0.03589
0.12461 -0.11467 -0.02433
0.12341 -0.11467 0.09226
0.11054 -0.11467 -0.16315
0.09914 -0.11467 -0.08711
0.10841 -0.11467 -0.05225
0.13426 -0.11467 0.00456
0.13605 -0.11467 0.06172
0.13417 -0.11467 -0.01639
0.13579 -0.11467 -0.03277
0.12099 -0.11467 -0.08048
0.12872 -0.11467 0.10969
0.10042 -0.11467 -0.12915
0.09055 -0.11467 -0.14092
0.10414 -0.11467 -0.16971
0.11601 -0.11467 -0.12723
-0.36938 0.08454 -0.13474
0.30838 -0.03139 -0.16742
-0.28636 -0.13327 0.15754
0.04579 0.01295 -0.15124
-0.40760 0.01140 0.06273
0.01726 -0.09835 -0.15779
0.37395 -0.02320 0.10903
0.34325 0.03492 0.03278
0.07949 -0.09922 0.15508
0.02132 -0.09699 -0.15083
-0.05793 -0.07780 0.15083
0.18557 -0.08042 0.07289
0.18474 -0.08554 0.11465
0.18514 -0.08304 -0.02980
0.18535 -0.08173 -0.08240
0.18468 -0.08588 -0.03467
0.18538 -0.08156 0.10588
0.26642 -0.07412 -0.17836
0.20793 -0.11692 0.18932
-0.26257 0.13758 -0.11325
-0.03295 -0.04752 0.15083
-0.31339 -0.05761 0.15715
0.36740 -0.03061 -0.09753
-0.21622 -0.12199 0.17944
0.10251 -0.07538 -0.16846
0.06041 0.11392 0.12905
0.38386 0.02509 -0.04837
0.20166 -0.10751 0.17421
-0.24010 0.14359 -0.08353
-0.26271 0.14272 -0.08231
0.41593 -0.07528 0.09720
-0.30938 -0.09877 -0.17204
-0.10937 -0.04120 -0.16648
-0.04518 0.14346 0.07951
-0.34893 0.07648 0.14075
0.37007 -0.11118 -0.14183
-0.07586 0.13751 0.11889
-0.23226 -0.07886 -0.19634
-0.33548 0.09005 -0.13726
-0.14844 0.13260 0.12416
-0.33418 -0.06326 0.18261
0.01364 -0.11467 0.02337
0.00870 -0.11467 -0.15791
0.02669 -0.11467 0.04766
0.01806 -0.11467 -0.04433
0.01249 -0.11467 -0.11420
0.00366 -0.11467 -0.09707
0.01124 -0.11467 -0.13183
0.02199 -0.11467 -0.16901
0.01948 -0.11467 -0.14427
0.02614 -0.11467 0.07137
0.02477 -0.11467 -0.04115
0.02421 -0.11467 -0.05437
0.13822 0.03499 -0.15154
0.24274 -0.09298 -0.17836
-0.00266 0.14320 0.00776
0.00007 0.14193 0.04541
-0.00970 0.14314 0.03596
-0.03455 -0.08484 0.15083
-0.34526 0.00147 -0.10982
-0.04888 0.03838 -0.15742
-0.42383 -0.05772 0.08628
0.35814 0.03144 -0.04607
-0.16332 0.14906 0.04042
-0.31853 -0.11302 0.19915
0.40013 -0.04323 0.15301
-0.03021 0.14287 -0.07643
0.10994 -0.08781 -0.15083
0.28865 -0.14502 0.16226
0.06801 -0.03171 -0.15083
0.30474 -0.03874 -0.16066
-0.08126 -0.11475 0.17194
0.38438 -0.11395 0.08732
-0.13642 0.02250 -0.16368
-0.18107 0.01420 -0.16556
0.25684 -0.09118 0.17584
0.24633 -0.09554 0.17584
0.05141 0.03787 -0.15605
0.12821 0.07661 -0.14100
0.30739 0.04042 0.05857
0.29974 0.04232 0.02910
-0.41924 0.02043 0.06485
0.19887 0.04885 0.07694
0.21102 0.04700 -0.06602
-0.10812 -0.04429 0.16657
-0.40113 0.04345 0.12475
-0.06053 0.11563 0.13231
-0.09006 0.02496 -0.16246
-0.40706 0.01314 -0.02904
0.03037 -0.00236 -0.15083
-0.23809 -0.04124 -0.15999
0.40436 -0.04330 -0.14514
-0.31150 -0.13636 -0.17876
0.30462 -0.07789 0.18667
-0.20721 0.03340 0.16116
-0.20945 -0.09852 0.19943
0.35196 -0.09450 -0.00699
0.18422 0.00615 -0.16548
-0.17989 -0.01691 0.18633
0.29783 -0.07816 -0.16680
0.12108 0.09661 -0.05123
0.02553 -0.09879 -0.17041
0.27631 -0.01750 -0.18754
-0.31395 -0.09163 -0.16040
-0.15409 -0.07366 -0.16759
-0.20946 0.08691 -0.14446
0.32714 0.03721 0.06505
0.13759 0.08494 -0.07254
-0.39559 0.08323 0.00910
-0.25333 -0.13793 0.15803
-0.21415 0.01177 0.16567
0.16895 -0.00774 0.16970
-0.05748 0.09552 -0.14031
-0.04402 0.08732 0.13890
-0.29111 -0.14519 -0.18354
-0.26552 -0.12000 -0.19575
-0.32901 0.14196 0.04208
-0.23971 -0.13641 -0.20194
0.21819 -0.02551 0.09726
0.21658 -0.02627 0.05984
0.22191 -0.02375 -0.09809
0.21818 -0.02552 -0.15080
0.22980 -0.02002 -0.12884
0.25165 -0.13746 0.19914
0.24197 0.03635 -0.14567
-0.24532 0.14161 -0.09461
-0.24894 0.14228 -0.08929
-0.28531 0.04406 0.15977
-0.33053 0.11077 -0.12941
0.21936 -0.06931 -0.15942
0.43022 -0.05610 -0.05557
0.16933 -0.08334 -0.16886
0.41227 -0.05092 0.12819
0.39511 0.01843 -0.07839
0.40705 -0.01150 0.07389
-0.41173 0.04854 -0.07354
0.02678 0.12621 -0.12182
-0.35313 0.12391 0.08091
-0.36847 0.10908 0.05856
0.08713 -0.00250 0.15083
-0.21619 -0.07773 -0.20173
-0.12042 0.02255 0.16369
0.13342 0.04059 -0.15307
-0.02742 -0.00501 -0.16656
-0.35471 -0.08939 -0.00830
-0.35438 -0.08705 -0.14081
-0.27372 -0.01542 -0.13338
-0.26136 -0.01519 -0.05995
-0.26943 -0.01534 -0.12556
-0.25872 -0.01514 -0.04924
-0.26133 -0.01519 0.01801
-0.27148 -0.01538 -0.09669
-0.26320 -0.01522 0.05785
-0.06224 0.06346 0.14963
-0.08303 0.07224 0.14736
0.19883 -0.06749 0.17306
-0.19091 0.01727 0.16693
-0.42027 -0.03899 0.09293
0.02667 -0.00943 -0.16981
-0.00913 -0.00600 -0.17010
-0.32589 -0.04718 -0.16902
0.35153 -0.09270 -0.04699
-0.29554 -0.14455 0.16193
0.04250 -0.08951 -0.15083
-0.24560 0.12924 0.12495
-0.28536 -0.14777 -0.17449
0.06893 0.10421 -0.13481
0.23624 -0.05586 -0.18763
0.17525 0.00567 0.16648
0.12244 0.08855 0.11725
0.03570 -0.00754 0.15083
0.03866 -0.01638 0.15083
0.10713 0.08434 -0.12990
-0.34644 0.13899 0.05530
-0.33684 0.14170 0.01128
0.07120 -0.09913 0.15597
-0.24069 0.06219 0.15388
0.27590 0.01685 0.18628
-0.34303 0.12920 0.10276
-0.19956 -0.02060 0.19245
-0.09133 0.00389 0.15083
-0.28978 0.07842 0.14675
-0.23506 -0.05675 0.19885
-0.28473 -0.01893 -0.19196
-0.22043 -0.10522 0.19920
0.42824 -0.04201 -0.00076
-0.03288 -0.01912 -0.15083
0.32496 -0.05248 -0.19236
0.42881 -0.04560 0.00923
-0.29013 0.03210 -0.18435
-0.16703 0.14730 0.06777
-0.28812 -0.12008 -0.17543
0.22543 -0.10226 -0.16015
0.02887 -0.07911 -0.16728
-0.14571 0.14362 -0.09787
0.12774 0.09295 0.04666
0.14112 0.08719 0.00865
0.15966 -0.06894 -0.15083
0.13809 -0.07327 -0.15083
-0.18591 0.05557 -0.15424
-0.27547 -0.01726 -0.19440
-0.02471 0.01953 -0.15185
0.38581 -0.11391 0.02256
-0.22834 0.06638 0.15215
-0.16246 0.09920 0.13809
0.09853 -0.09949 -0.15317
-0.33448 -0.09079 0.15826
-0.30060 -0.02527 0.19773
-0.15061 -0.06000 -0.15083
-0.11541 -0.03145 -0.15083
-0.22439 -0.08864 0.19937
0.07416 -0.06511 -0.16719
0.28810 0.03754 0.05589
0.28739 0.03792 0.04522
0.33167 -0.07138 -0.17527
0.40269 -0.09144 -0.10737
-0.33811 0.13161 0.10609
0.06462 -0.03446 0.15083
0.06272 -0.02364 0.15083
-0.27233 -0.14198 -0.16074
-0.21599 0.14690 -0.06643
-0.26385 0.14623 -0.05694
0.25510 -0.07372 0.19742
-0.35848 -0.06986 0.19279
0.00843 0.13556 0.10258
-0.35706 0.10677 -0.12433
-0.12367 0.05637 0.15366
-0.41172 -0.03079 -0.07989
0.11854 -0.00972 -0.16968
0.19368 0.00080 0.18848
0.41294 -0.03313 0.05243
0.30834 0.02175 0.15685
0.33035 -0.04002 -0.09238
0.33448 -0.04569 -0.12589
0.32795 -0.03673 -0.04775
0.32967 -0.03909 -0.06198
0.33426 -0.04538 -0.14469
0.23387 -0.02552 0.18998
-0.27100 -0.08219 -0.20031
0.29914 0.03872 0.10476
0.41098 -0.01590 0.06391
0.40793 -0.01561 -0.07064
-0.32351 0.04620 0.15596
0.38031 -0.07303 0.16808
0.07364 -0.11467 0.14095
0.07200 -0.11467 0.06340
0.05514 -0.11467 -0.09063
0.05772 -0.11467 -0.11793
0.06251 -0.11467 -0.10534
0.07515 -0.11467 -0.15517
0.05547 -0.11467 -0.03529
0.06679 -0.11467 -0.11599
0.07319 -0.11467 0.12526
0.07003 -0.11467 0.00905
0.06452 -0.11467 0.05347
0.07193 -0.11467 -0.04955
0.18476 -0.08591 -0.18379
0.10975 -0.01881 0.16923
0.12062 -0.02109 0.16912
0.42229 -0.04361 -0.08529
0.33335 0.02037 0.14947
0.41005 0.00914 -0.00672
0.34822 -0.07876 0.11822
0.34897 -0.08165 0.02099
0.34992 -0.08531 -0.07497
0.37112 0.02908 -0.01937
-0.20546 0.12309 0.12865
0.34181 -0.01438 0.19035
0.24020 0.04456 -0.10868
0.24010 0.04590 -0.08569
-0.28675 -0.04634 0.18439
-0.15454 -0.04729 -0.15646
0.39365 -0.02314 -0.08638
0.20020 -0.10245 -0.18702
-0.15473 -0.01256 0.15083
0.13805 0.08958 -0.00119
-0.07254 -0.09727 0.16216
0.14181 0.05208 0.15058
-0.17625 -0.04975 0.17293
-0.42252 0.01630 -0.02265
-0.03898 0.14473 0.06740
0.13580 -0.09304 0.15083
0.13580 -0.01100 -0.15083
-0.39064 0.02096 0.14621
-0.16792 -0.11222 0.14966
-0.18414 -0.11222 -0.03236
-0.18178 -0.11222 0.12586
-0.18550 -0.11222 0.10212
-0.17464 -0.11222 0.10378
-0.17807 -0.11222 0.11615
0.06553 0.10629 0.13390
0.25436 -0.01874 -0.17071
0.33283 -0.04341 0.07099
0.33421 -0.04531 -0.02061
0.33470 -0.04598 0.04910
0.33583 -0.04753 0.03966
0.33173 -0.04191 0.02731
-0.23869 -0.11144 -0.17164
0.21799 -0.10895 -0.20173
0.24079 -0.00851 -0.19849
0.28863 -0.09687 0.16461
-0.42843 -0.05845 0.04353
-0.18461 -0.03376 0.16847
-0.15836 0.03463 0.15378
-0.19950 0.14952 0.00702
-0.19819 0.14908 0.03140
-0.10477 0.11822 -0.12957
-0.11524 0.11102 -0.13307
0.00541 0.01830 0.15204
-0.41976 0.02615 0.03975
-0.16278 0.11304 0.13224
-0.17819 0.13775 0.11994
0.29837 0.01553 -0.18486
0.03401 0.06864 0.14488
-0.14558 0.00180 -0.15083
-0.12127 -0.01212 -0.15083
0.02131 -0.08403 0.16724
-0.11527 -0.01290 -0.16784
-0.09642 -0.00062 -0.16944
0.20300 0.04884 0.02169
0.19771 0.05090 0.03693
-0.05318 0.02827 0.15373
0.36852 -0.00344 -0.14402
0.33134 0.03604 -0.06892
0.05054 -0.09895 -0.15945
-0.02590 -0.04972 -0.15083
-0.31636 0.14329 0.05075
-0.00527 0.13616 -0.11507
0.35318 0.03141 -0.06957
-0.41216 -0.01148 0.08666
-0.40924 0.04081 -0.08713
0.11787 -0.02785 -0.15083
0.08059 -0.03665 -0.15083
-0.37070 0.02014 0.15546
-0.20851 0.03024 -0.16187
0.19775 -0.07315 0.17078
-0.04886 0.00060 0.16990
-0.22760 -0.09729 -0.16031
0.30668 -0.03396 -0.20146
-0.20219 -0.08913 0.19449
-0.41211 -0.04580 0.13253
-0.28646 -0.02278 -0.20197
-0.38278 0.09944 -0.00509
0.36983 -0.08732 0.15862
0.17102 -0.07734 0.18203
-0.40757 0.05240 0.08210
0.20181 -0.10409 -0.16676
-0.05345 0.14728 0.04011
0.39645 -0.00604 0.09064
-0.41702 -0.02289 -0.00647
-0.42379 -0.03979 0.06601
0.41785 -0.00681 0.00408
0.19517 0.03149 -0.15573
-0.23717 -0.07597 0.17681
0.12631 -0.00267 0.16771
0.07961 0.08665 0.14044
0.17911 0.06101 -0.04824
0.20947 -0.08322 -0.16022
0.03486 0.13617 -0.02652
0.28390 -0.01914 0.18976
-0.14099 -0.01443 0.15083
-0.13937 0.00181 0.15083
-0.00697 -0.01761 0.16900
0.01087 -0.01680 0.16909
0.30471 -0.13585 -0.17871
0.38733 -0.07532 0.14969
-0.03314 0.02151 -0.15035
-0.15047 0.14653 -0.07446
0.30290 -0.09765 -0.18468
-0.33429 -0.06267 -0.19686
0.40699 -0.00892 -0.09019
-0.11350 -0.11408 0.11463
-0.13821 -0.11280 0.04708
-0.13061 -0.11319 0.11225
-0.13847 -0.11278 0.03372
-0.13115 -0.11316 0.00949
-0.11586 -0.11396 0.06721
-0.12780 -0.11334 0.03523
-0.13549 -0.11294 0.09306
-0.14056 -0.11267 -0.08431
-0.13853 -0.11278 -0.09518
-0.14435 -0.11248 0.15301
-0.13795 -0.11281 0.01406
0.21458 -0.04648 0.19904
0.30715 -0.08385 -0.19988
0.29006 -0.13305 -0.20168
0.42931 -0.05527 0.02741
0.02634 -0.09864 0.16112
-0.01480 0.00671 -0.16711
0.01767 -0.01817 0.15083
0.17914 -0.10574 0.19289
0.04656 0.13001 -0.07145
-0.23590 0.04555 0.15891
0.25343 -0.13234 0.15733
-0.06846 -0.03562 0.15083
-0.30765 -0.07083 -0.18802
0.33729 0.02900 -0.11201
0.06890 0.10544 0.12377
0.30307 -0.13699 0.16206
0.31365 -0.12974 0.16045
0.27170 -0.04029 0.17043
-0.24950 -0.08976 0.17804
0.01951 0.12789 0.12092
0.23910 0.01867 -0.18502
-0.20137 -0.08224 0.17546
-0.39358 -0.05537 -0.15473
0.26964 -0.14920 0.16406
0.17404 -0.02666 0.15083
0.15678 -0.04755 0.15083
-0.36871 -0.01048 -0.16493
-0.27572 -0.11557 -0.19990
0.41321 -0.03335 0.09680
0.22238 0.04786 0.07657
-0.24342 -0.14271 0.18894
0.26616 -0.01626 0.08776
0.26647 -0.01626 0.06207
0.25730 -0.01626 0.15459
0.27099 -0.01626 0.16795
0.25716 -0.01626 0.09180
0.26104 -0.01626 -0.00405
0.26831 -0.01626 0.09949
-0.41240 -0.03606 0.07013
-0.23391 -0.10247 -0.17867
-0.29725 -0.14255 -0.16629
-0.11111 0.14955 -0.01370
-0.07827 0.14871 -0.01743
-0.10560 0.14966 -0.00199
0.13565 -0.09223 -0.16972
0.08869 0.01871 0.15538
-0.27177 0.05571 0.15678
-0.15991 -0.06397 -0.15664
-0.08771 0.09902 -0.13820
-0.06308 0.09354 -0.14028
-0.09957 0.00696 -0.15083
0.09919 -0.09966 -0.15955
-0.28967 -0.11770 -0.18245
-0.42272 0.03054 0.00404
0.36117 -0.00677 0.08443
-0.19549 -0.08963 0.10982
-0.23244 -0.09214 0.10982
-0.24442 -0.09088 0.10982
-0.19244 -0.05163 0.10982
-0.23915 -0.07799 0.10982
-0.27678 -0.10556 0.10982
-0.21743 -0.07228 0.10982
-0.25282 -0.07232 0.10982
-0.24913 -0.07836 0.10982
-0.28402 -0.09476 0.10982
-0.22899 -0.06146 0.10982
-0.19060 -0.10073 0.10982
0.06109 0.11985 -0.11555
0.28980 -0.05017 -0.19879
0.03842 0.12245 0.12577
0.32116 -0.03076 -0.15448
0.01811 0.12990 -0.12065
0.04707 -0.10015 -0.17770
-0.10798 0.01588 -0.16550
-0.09920 0.02006 -0.16416
0.39818 -0.09208 0.11241
0.36842 -0.02549 0.16036
-0.14363 0.05371 0.15455
0.36557 -0.05236 0.18156
-0.30574 0.05554 0.15541
-0.39525 0.07692 -0.05989
-0.41049 0.01847 0.11130
0.37424 0.02662 -0.06702
0.28698 -0.02260 -0.20072
-0.38583 -0.09902 0.07545
-0.12940 -0.04616 -0.15083
0.41610 -0.02207 0.00165
0.03064 0.13296 0.09422
-0.10253 0.13901 -0.11688
-0.07064 -0.00077 0.15083
0.40845 -0.08022 -0.10459
0.28555 0.03825 -0.11561
-0.30637 -0.01898 0.02228
-0.30557 -0.01872 0.01470
-0.36603 0.10907 -0.08879
0.21084 -0.04487 0.17399
0.24946 -0.03331 -0.20174
-0.04102 0.14678 0.02351
-0.02232 0.14435 0.04427
0.01623 -0.02456 -0.16836
-0.33400 -0.06844 0.19851
0.24731 0.04778 0.02629
0.24724 0.04726 0.04045
-0.20269 -0.07077 0.17519
0.10230 -0.03649 0.16744
0.26647 -0.06678 0.17584
-0.11763 -0.07022 -0.15083
0.21915 -0.12971 -0.19967
-0.18520 -0.03695 -0.18963
-0.04137 0.12990 -0.12524
0.23407 0.04978 0.01406
-0.24255 -0.07102 -0.16328
-0.30159 -0.01791 -0.02286
-0.30334 -0.01823 0.04034
-0.29866 -0.01737 0.17922
0.26770 -0.14885 0.17840
0.10541 0.10905 -0.00146
0.08625 0.11590 -0.04478
-0.17853 0.11731 0.13030
-0.30431 -0.08963 0.19849
0.24801 -0.02473 0.15839
-0.14479 -0.09903 -0.19042
-0.13109 0.14414 0.09364
-0.24714 -0.02292 -0.16220
0.22694 -0.06205 -0.16640
0.41036 -0.07733 0.05755
0.40579 -0.01882 0.08514
0.02312 -0.09752 0.16725
0.32650 -0.11032 -0.16647
-0.42337 0.03083 -0.00165
-0.31668 -0.02395 -0.18884
0.39818 0.01826 0.06482
0.37842 -0.00692 -0.08314
0.12513 0.03942 0.15475
-0.04108 0.06752 -0.14314
0.08321 0.10798 -0.12456
0.08612 -0.01077 0.16976
-0.26582 0.09421 0.13983
0.38799 -0.02084 0.13595
-0.05717 -0.04221 -0.16633
0.35855 0.00408 0.14254
-0.28221 -0.01888 -0.17355
-0.19496 0.02016 0.16409
-0.02416 0.02119 -0.16241
0.41145 -0.03184 0.02326
-0.25958 -0.03841 -0.20187
0.25994 -0.12440 -0.20151
-0.13637 -0.08865 -0.15083
0.36832 0.00144 -0.13941
0.27455 -0.12003 -0.19195
-0.08801 -0.09955 0.17859
0.19928 -0.10083 -0.17744
0.33851 0.03303 0.08757
0.13390 0.01881 -0.16215
0.02158 -0.08827 0.15083
-0.28024 0.12005 0.12828
-0.26386 -0.14783 -0.19440
-0.28887 -0.11729 0.18370
-0.25657 0.06379 -0.15359
-0.28660 -0.07026 -0.17836
0.21818 -0.09337 0.19932
0.28386 -0.01386 0.19839
-0.18588 -0.03989 -0.10982
-0.28291 -0.00904 -0.10982
-0.30104 -0.01067 -0.10982
-0.24100 -0.05581 0.18691
0.30569 0.02718 -0.14892
0.08227 -0.09079 -0.16769
-0.41548 -0.04533 -0.12539
-0.35189 0.12440 -0.09005
0.14700 -0.10040 -0.18085
-0.23213 -0.07338 0.18902
0.22219 0.02468 0.16213
0.16292 -0.09709 -0.16992
-0.04819 -0.08494 -0.16707
0.33377 -0.07806 -0.18444
-0.21390 -0.03277 -0.07751
-0.21671 -0.03004 -0.12962
-0.21671 -0.03004 0.04514
-0.21389 -0.03278 -0.11965
0.32748 -0.06637 0.15822
0.32193 0.02236 0.15136
0.21376 -0.12644 -0.19875
0.17239 0.06779 -0.00866
-0.27651 -0.08664 -0.19107
0.32320 -0.11925 0.17581
0.14138 0.04339 0.17282
-0.24774 0.08331 -0.14559
0.29567 -0.14240 0.18038
0.22801 -0.07306 0.18922
-0.19251 -0.07111 -0.19306
-0.32917 -0.11424 0.16732
0.06443 0.04944 -0.15107
0.19877 -0.07428 -0.17160
-0.30353 -0.13943 -0.19549
0.07657 -0.09514 0.16749
0.23701 -0.11502 -0.16736
0.02086 -0.04803 0.15083
-0.36109 -0.09401 -0.17084
0.12883 0.08723 0.09937
0.32551 0.02810 -0.13183
-0.27455 -0.14796 -0.18544
-0.22359 -0.03472 0.17927
-0.29720 -0.09558 0.19638
-0.33387 -0.10515 0.16115
0.33369 -0.08849 -0.19295
-0.03496 0.12976 0.12495
0.36025 -0.09209 -0.17609
0.40030 -0.10167 0.02223
0.35048 0.02304 0.12846
-0.19312 0.11187 -0.13338
-0.07747 -0.05289 0.16650
0.07080 0.05741 0.14834
0.05086 0.06968 0.14463
0.02951 -0.00312 0.15083
-0.27961 -0.09582 0.19772
0.39748 0.01669 0.08209
0.16825 -0.08641 0.15236
0.30619 -0.05203 0.15726
-0.01416 0.13789 0.10720
-0.17062 -0.06451 -0.18708
0.36927 -0.08516 0.17431
-0.27386 0.10534 0.13435
-0.06992 -0.09133 -0.16716
-0.24814 -0.02421 -0.20196
0.39336 -0.02773 -0.10541
-0.00210 -0.06384 0.16675
0.32652 -0.05286 0.18537
0.11044 0.10348 0.04308
-0.31503 0.14392 -0.03095
-0.33402 -0.05716 0.17998
-0.02523 -0.05805 0.15083
0.09723 0.09572 0.13468
-0.04526 -0.05075 -0.15083
-0.19435 -0.06865 0.02760
-0.42245 0.01725 -0.03689
0.06191 -0.02412 0.16840
0.38078 0.00381 0.10362
-0.04631 -0.00443 0.15083
-0.05400 0.14592 0.06463
0.38393 -0.06264 0.17253
-0.40890 -0.01797 0.10396
-0.27543 0.05188 -0.15790
-0.31011 0.14482 0.01221
-0.36039 -0.03570 -0.19390
-0.41937 0.04310 -0.01563
0.23677 0.04616 0.08759
0.30565 -0.08745 0.18106
-0.40757 0.01161 0.02262
-0.36240 -0.01186 -0.18708
0.34682 -0.07277 0.06097
-0.00798 0.13742 -0.10734
0.35616 -0.03279 -0.18554
0.31457 -0.12838 0.16824
0.24462 -0.14103 0.19942
-0.29557 0.04417 0.15906
-0.22784 -0.02311 0.02031
-0.22703 -0.02351 0.17307
-0.23417 -0.01999 0.05282
-0.23495 -0.01961 0.01289
-0.23406 -0.02005 0.06341
-0.23148 -0.02132 0.04069
-0.29491 0.06379 0.15311
0.38074 -0.08494 -0.14567
-0.29296 -0.14614 0.17729
-0.06677 -0.08565 -0.15083
-0.24524 -0.05303 0.19137
0.15836 -0.07422 0.16982
0.25643 -0.09728 0.19674
-0.08694 -0.00763 0.16896
0.06182 0.02717 -0.16072
-0.32393 0.03557 0.15934
0.22945 -0.13937 0.16700
0.29330 -0.08125 0.18998
0.38224 -0.03489 0.15245
-0.40285 0.00382 -0.13302
0.14172 0.04104 0.15920
0.14995 -0.08317 -0.15083
0.37392 -0.05367 0.17803
0.31753 -0.12415 0.17151
0.35056 -0.08790 -0.17816
-0.28230 -0.05979 -0.19999
0.19274 0.04529 -0.11440
-0.02673 0.14522 -0.02005
-0.00527 0.14247 -0.04500
-0.19459 0.05131 0.15605
0.31801 -0.04189 0.16901
0.29261 -0.03157 0.15808
-0.41565 0.04031 -0.05866
0.22361 -0.03137 0.19754
-0.25105 -0.04394 0.16878
0.21646 -0.12769 -0.16335
0.31076 -0.04429 0.10982
0.22897 -0.09000 0.10982
0.27910 -0.06103 0.10982
0.34401 -0.04166 0.10982
0.32077 -0.04178 0.10982
0.32244 -0.08109 0.10982
0.30168 -0.07335 0.10982
0.26693 -0.07441 0.10982
0.28751 -0.05966 0.10982
0.35086 -0.02026 0.10982
0.33329 -0.03360 0.10982
0.34578 -0.03087 0.10982
0.29176 -0.08256 0.10982
0.28295 -0.08221 0.10982
0.22936 -0.03498 0.15826
-0.24279 -0.05306 -0.18609
0.26324 -0.01757 -0.16242
0.09238 0.01451 -0.16401
-0.13021 0.01154 -0.16681
-0.30031 -0.02763 -0.16112
-0.08179 -0.07626 -0.16722
0.31424 -0.03799 0.17474
-0.05902 -0.04451 0.16608
0.12009 0.09677 0.05797
0.12368 0.09589 0.03858
0.23925 -0.05165 0.18035
-0.34419 0.14087 -0.00091
-0.17677 -0.04835 -0.15479
-0.30611 0.02411 -0.18965
0.06146 0.02565 0.15726
-0.23225 -0.10103 0.17211
-0.40526 0.06952 0.02565
-0.38196 0.09303 0.05525
-0.07923 0.14731 0.06093
-0.33670 -0.06782 -0.16409
-0.03320 0.00329 -0.16864
0.19860 -0.08988 0.18081
0.19854 -0.07548 0.17729
-0.28535 -0.12164 -0.20047
0.18373 -0.09168 -0.13147
0.18368 -0.09200 -0.10233
0.18279 -0.09744 -0.05014
0.18397 -0.09024 -0.06348
0.18343 -0.09357 0.03164
-0.19218 0.13568 0.12178
-0.42270 -0.04297 -0.09520
-0.31212 0.03179 0.16262
-0.04195 0.12423 -0.12394
-0.09786 0.14907 0.02233
-0.08286 0.14891 0.01297
0.14592 0.04324 0.16333
-0.39105 0.03955 0.14240
0.33333 0.03629 -0.05776
0.33323 0.03680 -0.03921
0.17522 0.01235 -0.15808
-0.37900 0.00906 0.15507
-0.17536 -0.06760 -0.18759
-0.22766 0.01937 -0.18973
0.05099 -0.07605 0.15083
0.29256 -0.02212 0.18442
