0.13494 0.03023 0.02467
0.03682 -0.05867 0.07082
0.02718 -0.06270 0.07082
0.02263 -0.07412 0.07082
-0.40557 -0.04998 -0.08776
-0.17850 -0.11208 -0.12044
-0.17139 -0.10086 -0.11390
0.00596 0.00254 0.06006
0.00471 0.00691 0.05329
0.00799 -0.00451 0.05876
-0.28420 -0.11185 0.11161
-0.18737 0.00419 0.16029
0.09325 0.01301 -0.13175
-0.23749 -0.13875 0.13176
-0.23180 -0.13875 0.13788
-0.25762 -0.07573 -0.14945
-0.18800 0.08759 0.09502
0.00602 -0.04785 0.05849
0.04796 -0.04785 0.05186
0.00098 -0.04785 0.05039
0.05533 -0.04785 0.05002
0.24562 -0.07781 0.13306
-0.36909 0.06188 0.10631
-0.37240 0.06130 0.11181
-0.39138 0.06247 0.07848
-0.38824 0.06113 0.10051
-0.36672 0.06302 0.09195
-0.30070 0.08079 0.04052
-0.30786 0.07505 0.00683
-0.30114 0.08044 0.05542
-0.29929 0.08191 0.03228
0.08228 0.01301 0.13813
-0.29112 -0.06991 0.16195
-0.05592 -0.04751 0.16029
-0.05943 0.00430 0.16029
-0.08402 -0.02325 0.16029
-0.11030 -0.02261 0.16029
-0.06530 -0.04452 0.16029
-0.09230 -0.05226 0.16029
-0.10028 -0.03626 0.16029
-0.06746 -0.01810 0.16029
-0.04067 -0.02511 0.16029
-0.09477 -0.00969 0.16029
-0.08459 -0.01073 0.16029
-0.12921 -0.04246 0.16029
-0.07812 -0.02433 0.16029
-0.09252 -0.02321 0.16029
-0.10265 -0.02443 0.16029
-0.04643 -0.03963 0.16029
-0.05143 -0.04966 0.16029
-0.06779 -0.02507 0.16029
-0.38612 -0.08533 -0.07608
-0.38760 -0.08491 -0.08099
-0.37998 -0.08685 -0.06381
-0.40585 -0.08190 -0.05963
-0.37540 -0.08722 -0.08389
-0.21824 -0.00463 0.11706
-0.21239 -0.00547 0.10854
-0.21202 -0.00552 0.12000
-0.19687 0.12531 0.08097
-0.22166 0.12181 0.05415
-0.22471 0.12051 0.05922
-0.21296 0.12104 0.08287
0.07043 -0.04785 0.12079
0.03485 -0.04785 0.11017
-0.38669 -0.04963 -0.07450
0.02023 0.01928 -0.15843
-0.00450 -0.00206 -0.00896
0.07760 -0.01431 -0.08506
-0.27690 -0.10860 0.11163
-0.12614 -0.04785 -0.02488
-0.12044 -0.04785 -0.02542
-0.10746 -0.04785 -0.03092
-0.25982 -0.06183 -0.14932
0.40477 -0.08107 0.12780
-0.22231 -0.12765 -0.12244
0.28940 -0.01602 -0.15507
0.40748 -0.04809 -0.14437
0.33829 -0.07927 0.14828
0.15231 0.04409 0.05852
0.15990 0.04859 0.07666
0.16482 0.05149 0.06560
0.15003 0.04274 0.04270
-0.17565 -0.07026 -0.15056
0.00534 0.12643 -0.07151
0.01795 0.12284 -0.08156
0.01987 0.12309 -0.07360
0.23246 -0.06990 0.08625
0.22918 -0.06933 0.09187
-0.16452 0.07183 0.01571
-0.22582 0.12239 0.03013
-0.21369 0.12562 0.01362
-0.22151 0.12354 0.03145
-0.23320 0.12043 0.03176
-0.20547 0.12780 0.02521
-0.20327 0.12838 0.01187
-0.20260 0.12856 0.01763
-0.20258 0.12857 0.03412
-0.06707 -0.04785 -0.08841
-0.08101 -0.04785 -0.07965
-0.07585 -0.04785 -0.06737
-0.06533 -0.04785 -0.06353
0.11266 -0.01483 -0.01949
0.13714 0.03012 -0.03882
-0.17621 -0.06514 0.13618
-0.18118 -0.02920 0.15025
-0.18470 -0.02495 0.13593
-0.26953 0.08549 -0.12165
-0.01603 -0.02934 0.00452
0.02539 0.00091 -0.01688
-0.06735 -0.01712 0.04065
0.23779 -0.08957 -0.16482
-0.19964 -0.02096 0.10995
0.28832 -0.08930 0.08547
0.23369 -0.08728 0.08547
0.27223 -0.09343 0.08547
0.25656 -0.08721 0.08547
0.27721 -0.12606 0.15274
0.02397 -0.01391 0.06427
0.06516 -0.01391 0.05307
-0.24538 -0.10207 0.15106
-0.39685 -0.06164 -0.06360
-0.27738 0.08254 -0.11891
0.04873 -0.01926 0.00155
-0.16796 0.06784 0.03829
-0.27422 0.07694 -0.13497
0.32487 0.00440 -0.15515
0.23813 -0.04790 -0.15990
-0.07298 -0.01400 -0.05328
-0.25220 -0.01977 -0.14582
0.22306 -0.06505 -0.14414
-0.41568 0.02557 0.13039
0.26178 -0.12252 0.14991
0.16147 0.05144 -0.02548
0.15875 0.05083 0.00797
0.15775 0.05061 -0.00854
-0.21508 -0.00728 -0.11738
0.14237 0.04057 -0.01797
-0.28484 -0.09134 -0.14600
-0.20958 0.11554 -0.10621
-0.20364 0.11741 -0.10477
0.32008 0.01045 0.15582
-0.31664 -0.08175 0.14843
-0.41051 -0.05439 -0.07135
-0.05101 0.01301 -0.12829
-0.06956 -0.04620 0.12871
-0.17150 0.03422 0.12871
-0.13725 -0.04164 0.12871
-0.14133 0.02091 0.12871
-0.08311 -0.04566 0.12871
-0.15540 0.01721 0.12871
-0.11297 -0.01612 0.12871
-0.16147 -0.01734 0.12871
-0.11311 -0.03366 0.12871
-0.13758 -0.00493 0.12871
-0.14949 -0.02269 0.12871
-0.16530 -0.00577 0.12871
-0.15980 0.02432 0.12871
-0.11997 -0.02103 0.12871
-0.09820 -0.01840 0.12871
-0.12331 0.00694 0.12871
-0.12790 0.01048 0.12871
-0.13628 0.00553 0.12871
-0.15382 0.02237 0.12871
-0.03145 -0.06575 0.14502
-0.10285 -0.06556 -0.06239
-0.09374 -0.06772 -0.06239
-0.09276 -0.06322 -0.06239
0.02624 0.01696 0.12871
0.00974 0.01591 0.12871
0.00846 0.01504 0.11757
0.01731 0.01504 0.11895
0.04188 -0.01755 -0.01831
-0.14859 0.02113 0.11785
-0.12186 0.02040 -0.03599
0.12858 0.00652 -0.07789
0.12858 0.00294 -0.08310
0.12858 -0.00266 -0.09824
0.12858 0.00985 -0.06035
0.25420 -0.10678 -0.16901
-0.14544 0.01017 0.07440
-0.15416 0.04053 0.09567
-0.15602 0.04701 0.07715
-0.15099 0.02948 0.08597
-0.14814 0.01955 0.06987
-0.15612 0.04734 0.08194
0.26886 -0.09834 -0.16377
-0.06394 0.09173 0.12948
0.30335 0.03273 0.12116
0.25288 0.03567 0.13237
0.29224 0.03351 0.12290
-0.01372 0.09085 -0.08117
-0.03195 -0.00441 -0.15843
0.17344 0.04192 -0.13540
0.34034 -0.08975 0.14227
0.29332 -0.02013 0.15670
-0.01144 0.01301 0.14445
0.04656 0.01301 0.14133
0.30934 -0.01073 -0.13068
0.29640 -0.00863 -0.11886
-0.13643 -0.04785 0.07920
-0.13652 -0.04785 0.09592
-0.17298 0.06787 0.03037
-0.31331 -0.05692 0.10436
-0.29602 -0.05234 -0.12431
-0.00831 0.05227 -0.08498
-0.00828 0.05217 -0.09816
-0.00541 0.04215 -0.09660
-0.00892 0.05439 -0.06788
0.00789 -0.00415 -0.09877
-0.14320 0.01718 -0.12028
-0.42148 -0.03527 -0.13265
-0.42362 0.02366 0.10931
-0.42522 0.02512 0.09894
0.40401 -0.07697 -0.13595
-0.22667 -0.05418 -0.15829
-0.28317 -0.02955 0.11504
-0.16931 0.06754 0.01104
-0.35840 0.02650 -0.15431
-0.07632 0.01683 -0.03373
-0.22877 -0.07997 -0.15546
-0.12697 0.01702 -0.05101
-0.29547 -0.03388 0.14203
-0.29625 -0.03499 0.10903
-0.29445 -0.03242 0.15037
-0.20249 -0.06022 -0.14504
-0.20245 0.12012 0.09844
-0.33195 0.06234 -0.11677
-0.17857 0.06483 0.11993
0.24887 -0.11356 0.11560
-0.20449 -0.04957 0.15095
-0.10757 0.02399 0.03750
-0.23171 0.11159 0.10202
0.15993 0.02708 -0.15342
-0.23509 -0.04360 -0.14934
0.30187 -0.09618 -0.14513
-0.43907 -0.02246 0.03435
-0.43907 -0.01827 0.06116
0.06408 -0.04785 0.05798
0.05687 -0.04785 0.06129
-0.16254 0.09009 -0.00370
0.30197 -0.11930 0.16121
-0.14721 0.01665 0.04806
-0.16617 0.06728 -0.07157
-0.16273 0.04507 0.14932
-0.20302 0.05188 0.14699
-0.21238 0.05294 0.14666
0.33749 -0.10319 -0.11239
0.32788 -0.10543 -0.09860
-0.30465 -0.04606 -0.07090
-0.25548 0.09704 0.11334
-0.39326 0.06287 -0.06912
0.01349 -0.04785 0.09948
-0.00625 -0.04785 0.07396
-0.00067 -0.04785 0.07623
-0.09354 0.01504 0.03487
-0.12384 0.01504 0.03608
-0.34720 0.03718 0.15653
0.11945 0.06641 0.15381
0.31868 -0.11074 0.15253
0.04099 -0.01119 -0.01286
0.32587 0.02953 -0.12345
-0.42988 0.03551 -0.06276
-0.18861 0.07870 -0.08452
-0.27991 -0.04203 -0.12274
-0.25500 -0.13501 0.14492
-0.24345 -0.13797 0.15098
-0.23664 -0.12851 -0.11163
-0.21131 -0.12626 -0.15912
-0.17650 0.06628 -0.07054
0.13670 -0.09399 0.14352
-0.11830 -0.09399 0.14299
-0.11210 -0.09399 0.14273
0.10561 -0.09399 0.14279
-0.10951 -0.09399 0.13706
-0.13029 -0.09399 0.13657
0.02879 -0.09399 0.14267
-0.17187 0.09841 0.10605
-0.03133 0.06224 0.11817
-0.15957 0.08328 0.02401
-0.21961 -0.03574 -0.14952
0.13834 0.03251 0.00819
-0.41579 0.02324 -0.12915
0.21660 -0.04956 -0.14718
-0.29153 -0.04226 0.12321
-0.29095 -0.04103 0.11848
0.27854 0.03200 0.13666
0.29471 0.03090 0.13507
0.28801 0.03097 0.13697
0.24288 -0.01682 0.12775
0.23375 -0.02160 0.13042
-0.14389 0.00475 -0.05699
-0.07106 -0.01450 0.03575
0.33874 -0.09054 -0.10482
0.05196 -0.01397 0.00674
-0.24176 -0.12298 0.15750
-0.12364 0.02160 0.16029
-0.10389 0.02246 0.16029
-0.22405 -0.09029 0.15152
0.00839 -0.04785 -0.09545
0.40254 0.01318 -0.11249
0.24506 -0.12676 -0.12521
0.31669 -0.12335 0.12801
0.37689 -0.08209 -0.13823
-0.20424 -0.02296 0.12016
-0.11367 -0.08378 0.09836
-0.13164 -0.08378 0.08599
-0.15944 0.08192 0.00074
-0.40887 -0.04958 0.08895
0.33236 -0.06119 0.15706
-0.16649 0.06965 0.09022
-0.35810 -0.05240 0.15689
-0.02386 0.09861 0.10118
-0.08105 -0.01391 -0.05731
0.27478 -0.04757 0.15507
-0.15944 0.05893 -0.06664
-0.15876 0.05656 -0.07057
-0.14169 -0.00292 -0.09876
-0.15621 0.04768 -0.07873
-0.14615 0.01263 -0.09559
0.14582 0.04749 -0.03093
-0.25780 -0.01078 0.14750
-0.33452 -0.09135 0.10086
-0.35948 -0.08872 0.10294
-0.18405 0.07099 -0.08007
0.29935 -0.05650 -0.14195
0.28763 -0.03219 -0.14786
0.40758 -0.00933 -0.13030
-0.02446 0.00445 -0.15739
0.25829 -0.02561 -0.15644
0.08677 0.03156 0.14502
-0.19914 -0.02666 -0.15190
-0.09221 0.02399 -0.11162
0.08846 -0.01119 -0.00133
-0.38296 0.06005 0.11724
-0.23960 -0.08521 -0.14984
0.23645 -0.08243 -0.18719
0.42176 -0.00223 0.06065
0.01816 0.00877 -0.15843
0.00744 0.00525 -0.12028
0.02469 -0.00244 -0.12028
-0.30733 -0.05785 -0.08200
0.13547 0.02678 -0.06678
-0.29209 -0.10177 0.14162
-0.29253 -0.10109 0.13680
-0.42122 -0.05466 -0.09042
-0.22040 -0.13792 0.14165
-0.12883 -0.04785 0.05379
-0.14067 -0.04785 0.05213
-0.08699 -0.04785 0.04974
-0.12967 -0.04785 0.06902
-0.29374 -0.04695 -0.14670
-0.02839 0.12759 0.09363
-0.04030 0.12740 0.09904
-0.39226 0.05092 -0.14503
-0.37190 -0.00362 0.15484
-0.37792 -0.00356 0.15396
-0.40684 0.00372 0.14971
-0.11845 -0.01391 -0.02074
-0.08321 -0.01391 -0.02262
0.24162 -0.03174 -0.17058
0.24818 -0.02525 -0.17120
-0.08889 -0.04785 -0.06819
-0.08584 -0.04785 -0.08395
0.21672 -0.03560 -0.08526
0.21371 -0.03989 -0.09975
0.21802 -0.03376 -0.09815
0.07793 -0.01119 0.02913
0.24255 0.03347 -0.14147
0.25316 0.03420 -0.13578
-0.00814 0.05166 0.07807
-0.00649 0.04591 0.08322
-0.00305 0.03394 0.06811
0.00309 0.01254 0.08060
-0.00940 0.05606 0.08976
-0.00240 0.03168 0.08870
0.14202 0.03828 0.10982
0.23947 -0.07774 0.08223
-0.02870 -0.03648 -0.02008
0.25769 -0.00661 -0.09038
0.24509 -0.01231 -0.08949
0.25236 -0.00902 -0.10228
0.24894 -0.01056 -0.09410
-0.10637 0.01301 0.13598
-0.13585 0.01301 0.13927
0.04919 0.02399 -0.04457
0.01274 0.02399 -0.04998
0.30715 -0.03423 -0.09519
-0.42958 -0.04427 -0.09968
-0.43017 -0.04638 -0.08934
-0.29739 -0.05187 -0.08221
-0.10604 -0.04785 0.12844
-0.10823 -0.04785 0.11962
-0.09318 -0.04785 0.12796
0.12563 0.06692 0.06147
0.11537 -0.01926 -0.00996
-0.39795 -0.05155 -0.09098
-0.28903 -0.10660 -0.15103
-0.22210 -0.08038 -0.14992
-0.14552 0.02170 -0.02461
-0.10050 0.01609 -0.02461
0.30101 -0.01432 0.11843
-0.12452 0.01504 -0.03430
-0.06845 0.11592 0.11977
-0.19190 -0.01378 0.13400
-0.20125 -0.00955 0.15686
-0.18899 -0.01509 0.10316
-0.19255 -0.01348 0.14279
-0.20037 -0.04355 0.14674
-0.06008 -0.06233 0.15637
-0.04381 -0.05586 0.15898
-0.03890 -0.05546 0.15914
0.03308 0.12319 0.01822
0.30900 -0.08721 -0.13606
0.42305 -0.01510 -0.09000
0.31815 -0.08135 -0.13047
-0.36862 -0.05542 -0.15262
0.09727 0.08446 -0.12167
-0.42918 0.00838 -0.08424
-0.28840 -0.07041 -0.11975
-0.03831 0.08849 0.09124
-0.40242 0.06002 0.09265
-0.39739 0.06010 0.09965
-0.08060 -0.04785 -0.02838
-0.07612 -0.04785 -0.03044
0.24379 -0.09507 -0.18639
0.36620 -0.06983 0.14864
0.27154 -0.12588 -0.14975
-0.03971 0.07958 -0.07734
0.12921 -0.00716 -0.00103
0.08470 -0.09399 -0.12665
0.12845 -0.09399 -0.12423
0.17248 -0.09399 -0.11609
0.10834 -0.09399 -0.12939
0.16246 -0.09399 -0.12590
0.09774 -0.09399 -0.12924
0.18978 -0.09399 -0.12505
0.09266 -0.09399 -0.12387
0.05719 -0.09399 -0.12336
0.10214 -0.09399 -0.12705
-0.39541 -0.07301 -0.08636
-0.16016 0.06144 0.01104
-0.15233 0.03416 0.00786
-0.15136 0.03077 -0.01282
-0.14812 0.01949 -0.00889
-0.14447 0.00677 -0.00554
-0.14703 0.01570 -0.00567
-0.27182 -0.03213 -0.11270
-0.17310 -0.10356 0.15759
0.05212 -0.01119 0.00037
0.22951 -0.04291 0.12848
-0.09341 0.01301 0.14115
-0.18226 -0.04605 -0.11496
-0.13822 -0.01391 -0.00393
-0.08118 -0.01391 -0.01608
-0.12466 -0.01391 -0.00742
-0.12783 -0.01391 -0.00121
0.28731 -0.01578 0.12813
-0.16355 0.06575 0.04060
-0.21251 -0.03900 -0.14900
-0.43907 -0.03275 -0.01136
-0.43907 -0.03172 0.01470
-0.20624 -0.02199 -0.13798
-0.21503 -0.01851 -0.14709
-0.17283 0.06626 -0.08065
-0.07993 -0.01391 -0.10645
-0.11559 -0.01391 -0.10297
-0.01204 0.06342 -0.05604
-0.19437 -0.12744 -0.13131
0.38181 -0.08477 -0.13467
-0.21674 -0.06615 -0.15338
0.21056 0.04331 -0.07236
0.22287 0.04272 -0.07079
0.21694 0.04188 -0.09125
0.21670 0.04272 -0.07681
0.20342 0.04214 -0.09991
0.22356 0.04217 -0.07983
-0.13350 0.13540 -0.05312
-0.12905 0.13725 -0.03468
-0.12196 0.13715 -0.03936
-0.15272 0.13523 -0.04548
0.31286 -0.05759 -0.13367
0.05723 -0.01119 -0.00566
0.30228 -0.03774 -0.13950
-0.35863 -0.08772 0.13432
-0.27240 -0.06922 0.15079
-0.14751 0.02167 0.12871
0.20893 0.01827 0.15874
0.22964 0.02608 0.15331
0.23265 0.02032 0.15632
-0.43099 -0.01540 -0.11064
-0.43386 -0.03583 -0.09424
-0.07803 0.01301 -0.13148
-0.21503 -0.02332 -0.15564
-0.42606 0.02329 0.09388
-0.41392 -0.07183 -0.12574
-0.19819 -0.05330 0.15084
0.04538 0.11700 0.06241
0.04495 0.11763 0.05666
0.03648 0.11886 0.07339
0.38460 0.02428 -0.08917
0.38419 0.02252 -0.10868
-0.10322 -0.05050 0.07082
-0.10636 -0.05985 0.07082
-0.11161 -0.05759 0.07082
0.12858 -0.00157 0.14253
0.32607 0.01483 -0.15156
0.27736 0.01330 -0.15562
-0.23595 0.09924 -0.12623
0.37743 0.00747 0.14986
-0.07946 -0.02560 0.14502
-0.06300 -0.01164 0.14502
-0.12383 -0.02407 0.14502
-0.07682 -0.05992 0.14502
-0.06864 -0.01186 0.14502
-0.05883 -0.03454 0.14502
-0.05900 -0.05522 0.14502
-0.04977 -0.06460 0.14502
-0.04205 -0.05779 0.14502
-0.13797 -0.02316 0.14502
-0.04171 -0.03174 0.14502
-0.08305 -0.01308 0.14502
-0.08656 -0.03460 0.14502
-0.11572 -0.01433 0.14502
-0.12813 -0.03268 0.14502
-0.03446 -0.02611 0.14502
-0.07138 -0.03003 0.14502
-0.09708 -0.04144 0.14502
-0.11551 -0.03743 0.14502
-0.10766 -0.01587 0.14502
-0.04599 -0.02689 0.14502
-0.28908 0.08534 -0.07886
-0.28584 0.08412 -0.10219
-0.25365 -0.02034 0.15684
-0.17614 -0.01236 -0.15843
0.33303 -0.07013 -0.11022
0.29577 -0.08110 0.16221
-0.23921 -0.12830 0.12450
0.27743 -0.04133 -0.15401
0.00004 0.00091 0.02936
-0.20666 -0.13420 0.13418
0.36868 -0.09189 0.02546
0.35620 -0.09294 0.02320
0.35579 -0.09297 0.03303
0.37257 -0.09156 -0.01227
-0.14896 -0.02424 0.16029
-0.10544 -0.00505 0.16029
-0.15459 -0.03454 0.16029
-0.09169 0.00418 0.16029
-0.11201 -0.00395 0.16029
-0.15285 -0.04417 0.16029
0.30312 -0.02151 -0.12204
0.30001 -0.02161 -0.11615
0.13567 0.02717 0.09859
-0.27061 -0.05763 0.14961
0.00174 -0.04785 -0.07449
0.00056 -0.04785 -0.06719
0.01097 -0.04785 -0.06276
-0.00528 -0.04785 -0.04620
0.37672 0.02067 -0.12834
-0.24197 -0.13835 -0.12574
-0.23569 -0.10320 0.15112
-0.28543 0.08047 0.11471
0.27516 -0.13610 -0.16022
0.28088 -0.13754 -0.15887
-0.11043 0.01565 0.04466
0.13527 0.02637 -0.02417
-0.37030 0.01327 0.15491
-0.35451 0.01153 0.15721
0.04311 0.11383 0.09536
0.29317 -0.01582 -0.15015
-0.01797 0.06905 -0.07228
-0.09482 -0.04785 -0.05733
-0.08981 -0.04785 -0.05798
0.07714 -0.04785 0.10957
0.08377 -0.04785 0.11726
0.07170 -0.04785 0.08701
0.33186 -0.08488 0.15761
-0.16379 0.06592 0.12616
0.02748 0.02274 0.16029
-0.16332 0.06557 -0.04663
-0.03273 -0.00891 0.13595
0.05256 -0.04785 0.12427
0.04595 -0.04785 0.12764
0.01764 -0.04785 0.12639
0.01454 -0.04785 0.11715
0.07195 0.03814 -0.14784
0.11425 0.03699 -0.14788
0.03282 0.03513 -0.15043
-0.03724 0.03512 -0.15161
0.10990 0.03409 -0.14982
0.04875 0.03374 -0.15106
0.09852 0.03358 -0.15033
-0.02934 0.03911 -0.14891
0.41319 -0.05809 -0.13876
0.05800 -0.04785 -0.04872
0.05345 -0.04785 -0.05755
0.25324 0.03915 0.10565
0.27695 0.03720 0.09919
0.28625 0.03532 0.11506
0.29629 0.03484 0.10661
0.30244 0.03381 0.11359
0.27740 0.03685 0.10427
-0.18049 -0.09526 0.11569
-0.05748 0.01301 0.14406
0.15074 0.05472 0.08818
0.06472 0.11090 0.05563
0.08353 0.10100 0.07525
0.05936 0.11138 0.07652
-0.02467 -0.03490 0.01379
0.14956 0.07022 -0.02437
0.15950 0.06387 0.01395
0.15214 0.06857 0.01735
0.16522 0.06022 0.04104
0.15699 0.06548 0.00668
0.15141 0.06904 -0.01012
0.16814 0.05835 0.02939
-0.01636 0.06699 -0.06510
0.42887 -0.07634 -0.08958
0.18275 0.04839 0.07014
0.32127 -0.06290 -0.09185
-0.06524 -0.03324 -0.11125
-0.06524 -0.03374 -0.09729
-0.06524 -0.03855 -0.09179
0.23168 -0.02607 -0.13303
0.11185 0.01695 0.09066
-0.43529 -0.05353 0.04835
-0.42857 -0.00029 0.08978
-0.42926 0.01056 0.08563
-0.42767 0.00218 0.09522
-0.43266 0.00655 0.05944
-0.43266 -0.00154 -0.01712
-0.43266 0.00198 -0.02833
-0.43266 0.00494 -0.00477
-0.43266 0.00055 -0.04384
-0.43266 0.00150 0.03405
0.23197 -0.02244 -0.13688
-0.03922 0.07822 0.09104
-0.27927 -0.11914 0.15242
-0.43597 -0.05593 0.08685
0.29666 -0.04907 0.16239
-0.29188 0.07666 -0.11191
0.41459 0.00037 -0.09950
0.41703 -0.00721 -0.10126
-0.10261 -0.01119 0.14197
-0.15852 -0.01119 0.14208
-0.10891 -0.01119 0.14069
-0.22665 0.10745 0.11779
0.33712 -0.09381 0.00422
0.33920 -0.09379 0.04420
0.33605 -0.09382 0.01762
0.34596 -0.09372 0.04243
0.32676 -0.09392 0.02896
0.42653 -0.02472 -0.10046
0.12858 -0.00971 -0.00626
-0.07633 -0.04785 0.07261
-0.07226 -0.04785 0.10226
-0.07167 -0.04785 0.07418
0.11427 0.06675 -0.16392
0.33221 -0.09127 0.17477
0.34408 -0.08532 0.15808
0.26466 -0.07086 0.14925
0.01678 -0.04785 -0.10318
0.03257 -0.04785 -0.11457
0.03701 -0.04785 -0.11118
0.00675 -0.04785 -0.11842
-0.40667 -0.05468 0.10566
-0.14939 -0.00011 0.04466
-0.15835 0.03857 0.04466
-0.15328 -0.01895 0.04466
-0.14657 -0.01276 0.04466
-0.16635 0.01468 0.04466
-0.13943 -0.03711 0.04466
-0.17891 0.05881 0.04466
-0.15696 0.02721 0.04466
-0.10538 -0.03043 0.04466
-0.14901 0.02083 0.04466
-0.10574 -0.04579 0.04466
-0.17203 0.05129 0.04466
-0.15433 -0.00072 0.04466
-0.11154 -0.02754 0.04466
-0.16225 0.02620 0.04466
-0.12862 -0.03913 0.04466
-0.11593 -0.02149 0.04466
-0.14249 -0.04644 0.04466
-0.10784 -0.01150 0.04466
0.12391 0.07972 0.09821
0.11441 0.08639 0.07921
0.11070 0.08647 0.09933
0.10623 0.09172 0.06730
0.12662 0.07869 0.09403
-0.41226 0.06096 0.01210
-0.40428 0.06201 0.02300
-0.40963 0.06131 0.02152
-0.41185 0.06102 0.05494
-0.40994 0.06127 -0.02886
-0.22362 -0.00670 -0.15796
0.11943 0.04475 0.09049
0.28615 -0.00668 0.15245
-0.43791 -0.05451 -0.08428
-0.13043 -0.01391 0.11834
0.18623 0.03870 0.13612
0.20980 0.03527 0.14371
0.13859 0.03316 0.03696
0.42937 -0.07794 -0.06680
0.05843 -0.01391 -0.05300
0.01270 -0.01391 -0.04792
-0.19862 -0.05990 -0.14745
0.30486 0.00035 -0.15843
0.19704 0.04188 0.11236
0.18714 0.04245 0.11204
0.21364 0.04208 0.09275
0.23188 0.04052 0.10256
0.20516 0.04253 0.09318
0.20693 0.04212 0.09870
0.23535 -0.04045 -0.17112
-0.29037 -0.06558 -0.10881
-0.18621 0.07385 0.10608
0.12915 0.04120 0.07484
0.27658 -0.00535 -0.12090
0.30149 -0.00663 -0.14370
-0.27983 -0.04187 0.12435
-0.27499 -0.03601 0.14256
-0.01298 0.06451 -0.06858
-0.43577 -0.05503 0.09682
-0.18869 0.07891 0.02453
-0.28048 -0.11800 -0.14912
-0.27384 -0.12424 -0.12599
-0.27458 0.09847 0.05014
-0.29340 0.08565 0.05922
-0.28504 0.08900 0.07214
0.10925 -0.01119 0.00068
0.23640 -0.04081 0.09549
0.22917 -0.03843 0.11024
-0.19401 -0.02534 -0.10813
-0.02115 0.06815 -0.06554
-0.26243 0.08706 0.12827
0.24269 -0.07497 -0.17871
-0.07728 0.01301 -0.12673
0.30809 -0.06787 -0.13680
0.00624 -0.01119 -0.13632
0.04964 -0.01119 -0.13379
0.03843 -0.01119 -0.13250
-0.28953 -0.04277 0.16150
-0.28735 -0.03406 -0.06976
-0.41127 0.06038 -0.07215
0.04436 -0.01391 0.06640
0.34120 -0.06603 -0.12511
0.25555 -0.02848 -0.17973
0.01760 0.11189 -0.11713
0.29949 -0.01266 0.16492
-0.28898 -0.08157 -0.15898
0.22261 -0.04261 0.13275
-0.16273 0.07437 0.02204
-0.00450 -0.03639 -0.02305
0.36386 -0.06876 -0.12993
0.36090 -0.06097 -0.11102
0.36201 -0.06388 -0.09431
0.17953 0.04577 -0.11432
-0.13489 0.01504 -0.04308
-0.22105 -0.04087 -0.14919
-0.12033 0.01929 0.03328
0.33629 -0.07844 -0.12154
-0.13199 0.01627 -0.10890
0.22763 -0.11401 -0.13556
0.02427 -0.04825 -0.09752
0.03254 -0.05036 -0.09752
0.02055 -0.06411 -0.09752
-0.03017 0.06395 -0.10185
-0.23081 -0.01573 0.13741
-0.26301 -0.11922 -0.12605
-0.43292 -0.05572 -0.09123
0.28057 -0.00923 -0.10554
-0.24450 -0.01715 0.11984
-0.38466 0.05339 0.14212
-0.16459 0.07174 0.10275
0.32767 -0.04211 0.17389
-0.06524 -0.02413 0.08131
-0.06524 -0.03986 0.05131
-0.06524 -0.02644 0.04990
-0.06524 -0.02901 0.08042
0.33071 -0.12019 -0.12673
0.32586 -0.11601 -0.10943
-0.43648 -0.05731 -0.05415
-0.43543 -0.06664 0.04308
0.12858 0.00119 0.03815
0.00084 0.01744 0.16034
0.05580 0.01019 0.16029
-0.19260 -0.11217 0.14800
0.24486 -0.13139 0.13750
0.24356 -0.12733 0.12499
0.38156 0.00155 -0.14819
0.37977 -0.08938 -0.09954
-0.42695 0.01790 -0.09265
0.39409 0.02345 -0.03572
0.39487 0.02318 -0.02792
0.38628 0.02619 -0.01569
0.38554 0.02646 0.01356
-0.17561 -0.06966 0.13153
0.26131 -0.09016 0.14869
0.00415 0.00888 0.06703
-0.43335 -0.00299 -0.04884
-0.43741 -0.00694 -0.00728
0.06264 -0.04785 -0.06491
0.08319 -0.04785 -0.04137
-0.07816 -0.04785 0.10886
-0.08517 -0.04785 0.10385
0.12455 -0.01760 -0.00136
0.00218 -0.00031 0.12871
-0.00707 0.00626 0.12871
0.03423 -0.00416 0.12871
0.02591 -0.00990 0.12871
0.04127 -0.04269 0.12871
0.05249 -0.04632 0.12871
0.02041 -0.00657 0.12871
-0.01200 -0.02276 0.12871
0.06308 -0.04593 0.12871
0.04023 -0.01898 0.12871
-0.02235 0.04262 0.12871
-0.00619 -0.02328 0.12871
-0.00570 -0.01744 0.12871
0.02983 -0.01374 0.12871
0.03487 -0.03212 0.12871
0.07011 -0.04783 0.12871
-0.23933 -0.07963 0.15557
-0.17048 -0.04662 0.14727
0.43998 -0.06795 -0.05794
-0.20097 -0.04754 0.15341
-0.13544 0.01583 0.11733
0.33097 -0.08445 -0.10932
0.24466 -0.07678 -0.18381
-0.21075 -0.06214 -0.14953
-0.24533 -0.12673 -0.14705
-0.37337 0.04120 -0.15110
-0.20367 -0.03880 -0.14998
-0.34102 -0.00064 -0.15753
-0.33558 -0.01309 -0.15833
0.31475 -0.01072 -0.11836
0.32447 -0.01512 -0.09167
0.31805 -0.01222 -0.09983
0.32134 -0.01371 -0.12991
-0.04131 0.00700 0.13352
-0.28149 -0.02753 -0.14653
-0.28673 -0.03386 -0.15029
-0.08694 0.13817 0.01321
-0.10332 0.13863 0.00315
-0.07983 0.13797 0.02853
-0.10501 0.13867 -0.00165
-0.07024 0.13771 0.02843
-0.10425 0.13865 -0.01427
-0.20455 -0.08189 -0.14933
0.37335 -0.09035 0.10188
-0.27029 -0.03056 0.12628
-0.27038 -0.03063 0.15091
-0.08919 -0.06155 -0.00996
-0.08919 -0.06955 -0.00867
0.30119 -0.09138 -0.14553
-0.22193 -0.01685 -0.14460
0.29702 -0.04193 -0.14288
-0.30443 -0.05982 -0.07301
0.11561 0.06734 0.16314
-0.29845 -0.03811 -0.11123
-0.30498 -0.04740 -0.07674
-0.29907 -0.03899 -0.08754
-0.29574 -0.03426 -0.11613
0.10104 -0.01763 0.14502
0.02746 -0.05064 0.14502
-0.00101 -0.03042 0.14502
0.03726 -0.01406 0.14502
0.04378 -0.03923 0.14502
0.04276 -0.04996 0.14502
0.09474 -0.02180 0.14502
0.05649 -0.01311 0.14502
0.06107 -0.02342 0.14502
0.00855 -0.05837 0.14502
0.00396 -0.05305 0.14502
0.03466 -0.02749 0.14502
0.00627 -0.03594 0.14502
0.06438 -0.01944 0.14502
-0.01107 -0.05413 0.14502
-0.01534 -0.01194 0.14502
0.00611 -0.04546 0.14502
0.01614 -0.03407 0.14502
-0.00033 -0.03731 0.14502
0.00330 -0.01732 0.14502
0.04241 -0.01520 0.14502
0.42281 -0.00511 -0.06291
0.06301 0.10986 -0.07401
0.08656 0.10220 -0.04481
0.07505 0.10641 -0.05384
0.07095 0.10924 -0.04187
0.03783 0.01301 -0.13130
0.02462 0.01301 -0.13182
-0.22095 -0.00647 0.14871
0.28924 -0.06317 -0.15001
-0.28094 0.07441 -0.13253
0.29617 -0.13644 -0.12434
0.31353 -0.13458 -0.13991
-0.00337 -0.00395 0.02026
-0.18388 -0.10110 -0.14559
-0.18617 -0.10470 -0.15456
-0.33432 -0.06908 0.09622
0.24922 -0.09919 -0.17656
-0.14753 0.01745 0.04020
0.15456 0.04511 -0.14414
0.26403 -0.11811 -0.17272
-0.24305 -0.09090 0.15673
-0.23023 0.11747 -0.07317
-0.21660 0.12149 -0.06773
-0.20786 0.12676 -0.03833
-0.20052 0.12865 -0.03804
-0.22212 0.11963 -0.07219
0.28417 -0.12839 0.11044
-0.20840 0.11199 0.11757
-0.17115 0.06811 -0.06284
0.07055 -0.01119 0.02714
-0.13262 -0.05096 0.00328
-0.13262 -0.06691 0.01683
-0.01946 0.06785 0.07833
0.31997 -0.10290 -0.13586
-0.20284 -0.12661 -0.16068
0.00982 0.00427 0.04806
0.06096 -0.01328 0.04806
0.03330 -0.00638 0.04806
0.25435 -0.09817 -0.17492
0.33839 -0.02656 -0.11834
0.32917 -0.01885 -0.08773
0.33497 -0.02370 -0.09912
0.39719 0.01713 0.10858
-0.19222 -0.03220 -0.12973
-0.20538 -0.02338 0.15683
0.33300 -0.02571 -0.13467
-0.03695 -0.09399 -0.11083
0.14213 -0.09399 -0.11300
0.05627 -0.09399 -0.10937
0.07635 -0.09399 -0.10747
0.17317 -0.09399 -0.09954
0.15037 -0.09399 -0.10321
0.14082 -0.09399 -0.10692
0.16754 -0.09399 -0.10615
0.10834 -0.09399 -0.11379
0.09830 -0.09399 -0.11453
-0.16263 0.06499 0.08678
-0.16117 -0.01119 -0.13404
-0.12721 -0.01119 -0.13645
-0.03826 0.07626 0.10237
-0.06678 -0.01789 0.03293
-0.35490 -0.07842 -0.14408
-0.18668 -0.09553 -0.15284
-0.21553 -0.01831 0.14563
-0.17066 0.09795 0.01394
0.06190 -0.01391 0.07083
0.03893 -0.01391 0.08633
0.05749 -0.01391 0.07687
0.04933 -0.01391 0.06740
0.03612 -0.01391 0.06845
-0.09302 -0.03637 -0.03963
-0.16709 0.01137 -0.03963
-0.11572 -0.04481 -0.03963
-0.15412 -0.01019 -0.03963
-0.14331 -0.01933 -0.03963
-0.15151 -0.03899 -0.03963
-0.15860 0.00862 -0.03963
-0.16346 0.04323 -0.03963
-0.08358 -0.03783 -0.03963
-0.16466 0.00027 -0.03963
-0.15104 -0.02196 -0.03963
-0.14379 -0.04211 -0.03963
-0.12715 -0.00537 -0.03963
-0.12753 0.00364 -0.03963
-0.11482 -0.02005 -0.03963
-0.15600 0.03417 -0.03963
-0.13692 0.01257 -0.03963
-0.10679 -0.02777 -0.03963
-0.18030 -0.02214 0.15472
-0.17408 -0.02735 0.12524
-0.17429 -0.02718 0.13313
-0.15956 0.08159 0.07646
0.06002 -0.06010 -0.09376
0.06002 -0.07676 -0.09449
0.30695 -0.13026 0.15600
0.30216 -0.12973 0.16621
-0.20718 -0.07528 -0.14948
0.31848 -0.06842 0.18429
0.43893 -0.05260 0.06064
0.26810 -0.01600 0.15152
0.32363 -0.02808 -0.10687
-0.29596 -0.04395 0.10472
-0.41411 -0.05025 -0.13635
0.27679 0.01865 0.15484
0.28618 0.02068 0.15319
0.10634 -0.02257 -0.15843
0.15070 -0.02154 -0.15843
0.10043 -0.05247 -0.15843
0.13960 -0.02166 -0.15843
0.00446 -0.05052 -0.15843
0.06904 -0.04550 -0.15843
0.05360 -0.04736 -0.15843
0.14006 -0.01681 -0.15843
0.05928 -0.02706 -0.15843
0.12389 -0.01660 -0.15843
0.03966 -0.04531 -0.15843
0.09260 -0.03545 -0.15843
0.16869 -0.05244 -0.15843
0.07516 -0.03021 -0.15843
0.16749 -0.00294 -0.15843
0.11519 -0.00945 -0.15843
0.01571 -0.04578 -0.15843
0.14622 -0.02842 -0.15843
0.08882 -0.04022 -0.15843
-0.00448 -0.05203 -0.15843
0.12653 -0.00763 -0.15843
0.15986 -0.05010 -0.15843
0.05067 -0.04329 -0.15843
0.12083 -0.00103 -0.15843
0.06038 -0.04627 -0.15843
-0.18266 -0.02742 -0.12164
-0.17901 -0.03182 -0.11944
0.31986 -0.07487 -0.12945
-0.22884 -0.08534 -0.15783
-0.06745 -0.01701 0.12128
-0.43202 -0.04965 0.06917
-0.42828 -0.04814 0.09758
-0.03537 0.09314 -0.05968
0.12858 -0.00674 0.04677
0.12858 -0.00705 0.10910
0.12858 0.00022 0.06329
0.12858 -0.01044 0.10473
0.03259 -0.05509 0.10595
0.02477 -0.05099 0.10595
0.04779 -0.05371 0.10595
0.28433 -0.09894 0.16047
-0.03402 -0.01973 0.16029
0.30377 -0.05794 -0.13930
-0.28622 -0.05660 0.13956
-0.30738 -0.05415 -0.06823
-0.42130 0.05567 0.05821
-0.42433 0.05335 0.01414
-0.41908 0.05738 0.06385
0.10656 -0.01535 0.00038
-0.38916 -0.05457 0.07900
-0.31194 0.06556 -0.09849
-0.11029 -0.04785 0.07065
0.27960 -0.09399 -0.07478
0.16723 -0.09399 -0.04712
0.15037 -0.09399 -0.05682
0.09161 -0.09399 -0.06351
0.16557 -0.09399 -0.07294
0.13213 -0.09399 -0.05433
0.11185 -0.09399 -0.07073
0.27241 -0.09399 -0.07144
0.25608 -0.09399 -0.06351
0.18475 -0.09399 -0.07507
0.04940 -0.09399 -0.05344
0.00118 -0.09399 -0.05023
0.08111 -0.09399 -0.04989
0.30545 -0.09399 -0.07106
0.07241 -0.09399 -0.06863
0.08612 -0.09399 -0.06911
0.24814 -0.09399 -0.05723
0.24024 -0.09399 -0.05319
0.08829 -0.09399 -0.04618
-0.07311 -0.09399 -0.05386
0.25707 -0.09399 -0.05676
0.07267 -0.09399 -0.04689
0.28770 -0.09399 -0.04828
0.09339 -0.09399 -0.05831
0.26530 -0.09399 -0.06604
0.15299 -0.09399 -0.06584
0.03352 -0.09399 -0.05947
0.23497 -0.09399 -0.07272
0.07441 -0.09399 -0.06338
0.05103 -0.09399 -0.04783
0.11263 -0.09399 -0.06528
-0.11318 -0.09399 -0.05696
-0.12691 -0.09399 -0.05203
0.22424 -0.09399 -0.07700
0.23548 -0.09399 -0.04801
0.24437 -0.09399 -0.07446
0.30025 -0.09399 -0.06725
0.24143 -0.09399 -0.06328
0.15573 -0.09399 -0.05688
0.28884 -0.09399 -0.07274
0.22042 -0.09399 -0.05392
-0.19393 -0.01757 -0.14251
-0.39566 -0.07414 0.09031
-0.43272 -0.03635 0.10284
-0.43344 -0.02412 0.09860
-0.25154 0.10303 -0.09958
-0.25708 0.09970 -0.10196
0.02828 0.01733 0.05944
-0.03494 0.13239 0.06387
-0.02804 0.13132 0.06816
-0.05120 0.13477 0.05509
-0.03684 0.13098 0.08271
-0.05482 0.13649 0.03909
-0.00890 0.12826 0.08157
-0.28374 -0.09474 0.14280
-0.28294 -0.04119 -0.08140
-0.41356 -0.04951 0.14012
0.01197 -0.04785 0.07379
0.34927 -0.06441 0.14996
0.21828 -0.08563 -0.15550
0.22457 -0.08536 -0.16658
0.39858 -0.08159 -0.13131
-0.10153 -0.05032 -0.09752
-0.11890 -0.05574 -0.09752
-0.12226 -0.07049 -0.09752
-0.42064 -0.05457 -0.07599
-0.09200 0.13712 -0.04239
-0.10544 0.13422 -0.08031
-0.06317 0.13738 -0.03018
-0.10431 0.13791 -0.03731
-0.05746 0.13726 -0.02980
0.43220 -0.02187 -0.03454
-0.26553 -0.01740 -0.16004
-0.23072 -0.13875 -0.15394
-0.40856 -0.03863 0.15032
-0.39897 -0.03694 0.15171
-0.36527 -0.03609 0.15659
-0.12030 0.01504 0.05109
-0.14190 0.01504 0.04931
0.05548 -0.01391 -0.10538
0.06013 -0.01391 -0.11363
0.07200 -0.01391 -0.10718
0.22640 -0.08553 0.09913
0.42569 -0.02221 0.10334
0.28453 -0.00621 -0.15705
-0.43137 0.02739 0.04428
0.26410 -0.13668 0.13225
-0.34606 -0.08947 -0.11843
-0.34855 -0.08904 -0.12416
-0.03809 0.07594 -0.07020
-0.40292 -0.06158 0.07502
0.38078 -0.08314 0.13844
0.27176 -0.08516 0.14894
0.24739 -0.02507 0.09921
0.24284 -0.02785 0.10250
0.31141 -0.01923 0.16398
-0.17666 -0.06007 0.11275
-0.31401 0.07013 0.06023
0.08236 0.02000 0.16029
0.38966 -0.00497 0.14835
0.01274 0.02025 -0.10890
-0.28617 -0.04567 0.09228
0.27465 -0.13875 0.13129
0.27793 -0.13875 0.12735
0.40300 -0.02731 0.14622
-0.41032 -0.06620 0.07846
-0.26111 -0.12026 0.15540
-0.23251 -0.01564 -0.14990
-0.23868 -0.01642 -0.14482
0.24665 -0.04648 0.13332
0.02574 -0.00627 0.00592
0.27425 -0.12508 -0.16720
-0.41594 0.05178 0.10934
-0.34270 -0.05779 -0.07166
-0.07851 0.10542 0.12412
-0.07920 0.09434 0.12859
-0.28246 -0.08447 -0.15562
-0.29694 -0.05718 0.14005
-0.41809 0.00756 -0.12707
-0.23172 0.11327 -0.09507
-0.13262 -0.04919 0.07481
-0.13262 -0.05097 0.07948
-0.13262 -0.06759 0.09641
-0.24879 -0.08934 0.15137
0.26572 -0.04011 -0.15783
-0.01078 0.08035 0.09943
-0.17104 -0.09676 0.16046
-0.07875 -0.01391 -0.09852
-0.13797 -0.01391 -0.07194
-0.13528 -0.01391 -0.09672
-0.12319 -0.01391 -0.07273
0.03722 0.11602 0.09355
0.19605 0.03979 0.12799
0.21488 0.03873 0.12812
0.06649 -0.04785 0.09426
0.21416 -0.09016 0.12644
0.43300 -0.07411 0.07658
-0.25924 -0.01200 -0.15806
-0.28769 -0.08183 0.12062
0.11843 0.04026 0.04904
0.29468 -0.10390 0.16107
-0.06529 0.01204 -0.15843
-0.10342 -0.04343 -0.15843
-0.09736 -0.02291 -0.15843
-0.11288 -0.04194 -0.15843
-0.08859 -0.01632 -0.15843
-0.04620 -0.00492 -0.15843
-0.09639 -0.04138 -0.15843
-0.07386 -0.00604 -0.15843
-0.07553 0.00357 -0.15843
-0.11490 -0.04758 -0.15843
-0.05905 -0.03481 -0.15843
-0.09040 -0.01131 -0.15843
-0.04469 -0.01077 -0.15843
-0.05820 0.01169 -0.15843
-0.04537 -0.01736 -0.15843
-0.02870 0.00889 -0.13414
-0.32281 0.05609 0.14499
-0.09168 -0.02915 -0.13658
-0.10188 -0.01494 -0.13658
-0.03411 -0.04365 -0.13658
-0.04417 -0.03517 -0.13658
-0.16914 -0.01437 -0.13658
-0.04409 -0.02262 -0.13658
-0.06120 -0.04875 -0.13658
-0.13407 -0.03022 -0.13658
-0.05300 -0.05095 -0.13658
-0.06925 -0.04664 -0.13658
-0.03896 -0.03450 -0.13658
-0.09498 -0.02210 -0.13658
-0.08066 -0.04450 -0.13658
-0.11408 -0.03916 -0.13658
-0.08259 -0.01563 -0.13658
-0.07799 -0.04843 -0.13658
-0.07905 -0.02543 -0.13658
-0.06905 -0.01391 -0.13658
-0.05094 -0.05569 -0.13658
-0.07434 -0.04294 -0.13658
-0.11134 -0.01588 -0.13658
-0.17235 -0.01767 -0.13658
0.31371 -0.12276 -0.14044
0.29272 -0.12478 -0.11146
0.31848 -0.11001 0.18063
0.11250 0.09026 -0.01264
0.11506 0.08888 0.02789
0.10895 0.09217 0.01242
0.13552 0.07786 0.03201
0.12660 0.08266 0.02361
0.10642 0.09353 0.03026
0.11701 0.08783 -0.00500
0.40650 0.00836 -0.11568
-0.16512 -0.06885 0.12981
-0.16577 -0.07929 0.14706
0.37276 -0.02478 -0.15152
0.12958 0.01500 -0.02329
-0.17567 -0.03590 0.11463
0.23166 -0.06568 0.08827
0.14068 -0.04532 -0.04264
0.14068 -0.04961 -0.02726
0.14068 -0.07968 -0.04069
0.14068 -0.07485 -0.08667
0.14068 -0.06342 -0.07256
0.14068 -0.03818 -0.04026
0.14068 -0.08181 -0.11144
0.14068 -0.05888 -0.08042
0.14068 -0.05341 -0.05001
0.14068 -0.05513 -0.09176
0.14068 -0.05967 -0.03397
0.14068 -0.08234 -0.09381
0.14068 -0.05370 -0.06981
0.14068 -0.07561 -0.10276
0.14068 -0.05786 -0.04109
0.14068 -0.05838 -0.08582
-0.13778 0.03142 -0.15565
-0.14248 0.02995 -0.15668
-0.08359 0.03365 -0.15332
-0.07696 0.03640 -0.15144
-0.16854 0.02931 -0.15752
-0.12957 0.02957 -0.15671
-0.24938 -0.13460 -0.10924
0.16958 0.05470 0.08865
0.15968 0.05974 0.09945
0.16398 0.05608 0.10998
0.17300 0.05373 0.07698
-0.16348 -0.01273 -0.15843
-0.09882 0.00681 -0.15843
-0.16990 -0.00385 -0.15843
-0.12826 0.00615 -0.15843
-0.12994 -0.00460 -0.15843
-0.15755 -0.00086 -0.15843
-0.15549 -0.04785 -0.10229
-0.14630 -0.04785 -0.09482
-0.13566 -0.04785 -0.06031
-0.38702 0.03581 -0.14992
-0.16546 -0.07331 0.11433
-0.36542 -0.06598 -0.14897
0.06249 -0.01119 0.03129
-0.00450 -0.05370 -0.01734
-0.00450 -0.06762 -0.00889
-0.00450 -0.08021 -0.01993
-0.00450 -0.04902 0.02701
-0.11189 0.01565 -0.03963
-0.20034 -0.11883 0.15583
-0.19967 -0.11846 0.12170
-0.16221 -0.04211 0.14255
-0.16368 -0.04001 0.12400
-0.15682 -0.04977 0.12207
0.42790 -0.02065 -0.08551
-0.24697 -0.05915 -0.14967
0.24264 -0.10862 0.09088
-0.27472 -0.04385 0.15287
0.22501 -0.08038 0.12135
-0.29541 -0.09255 0.13255
-0.40396 0.01781 -0.14813
-0.41431 -0.07582 -0.11447
-0.27510 -0.02118 0.15420
-0.23894 -0.12746 0.15682
-0.13277 -0.09399 0.11405
0.08891 -0.09399 0.11172
-0.04651 -0.09399 0.11312
-0.13510 -0.09399 0.10080
-0.10536 -0.09399 0.10235
0.06895 -0.09399 0.11199
-0.08217 -0.09399 0.11295
-0.07595 -0.09399 0.11433
-0.07691 -0.09399 0.10917
-0.12528 -0.09399 0.11429
0.26355 -0.08747 -0.16204
-0.14588 -0.04785 -0.04311
-0.10457 -0.04785 -0.05090
-0.13588 -0.04785 -0.04773
-0.12070 -0.04785 -0.05583
-0.08682 -0.04785 -0.04598
-0.10164 0.13359 0.08467
-0.10057 0.12979 0.09970
-0.06840 -0.01607 0.01990
0.05044 0.01565 0.16029
0.01335 0.01003 0.16029
0.03307 0.01689 0.16029
-0.00450 -0.01291 0.00466
0.01808 0.01504 -0.11440
0.03109 0.01504 -0.11630
-0.01801 -0.04749 -0.00315
-0.00612 -0.04749 -0.01137
-0.13713 -0.01391 -0.05251
-0.11672 -0.01391 -0.05282
-0.12832 -0.01391 0.08627
-0.12867 -0.01391 0.07832
-0.07607 -0.01391 0.06855
-0.10150 -0.01391 0.08072
-0.11773 -0.01391 0.08324
-0.11697 -0.01391 0.09153
-0.31720 0.06040 0.12990
0.29526 -0.13408 -0.15699
-0.07644 -0.04785 0.01849
-0.08650 -0.04785 0.01806
0.31819 -0.12774 -0.12307
0.32142 -0.12786 -0.12911
0.32901 0.02428 0.14307
-0.09291 0.02399 -0.03080
-0.13853 0.12935 0.09633
-0.10877 0.12983 0.09904
-0.29729 -0.05953 -0.15647
0.26511 -0.01026 -0.15431
-0.41659 0.01573 -0.12964
0.28874 0.03812 0.05362
0.25923 0.04103 -0.02924
0.26986 0.03998 0.02228
0.29105 0.03789 0.00935
0.26419 0.04054 -0.03656
0.28252 0.03873 0.03494
0.30163 0.03685 0.04483
0.27303 0.03967 0.03182
0.28048 0.03893 0.02087
0.30730 0.03629 0.02753
0.30325 0.03669 0.05806
0.32065 0.03497 0.06155
0.25894 0.04106 0.00436
0.27723 0.03926 -0.00975
0.31432 0.03560 0.06296
0.26898 0.04007 -0.02822
0.29964 0.03705 0.02857
-0.27811 -0.01790 0.15962
-0.28896 -0.02699 0.14555
-0.28586 -0.02439 0.13578
-0.27827 -0.01804 0.15155
-0.26103 -0.00902 0.15280
-0.26806 -0.01219 0.13337
-0.25509 -0.00633 0.09965
-0.27349 -0.01465 0.15837
-0.14750 -0.07717 -0.10679
-0.14735 -0.07843 -0.09162
0.41722 -0.08299 0.05751
0.41174 -0.08379 0.07229
0.04599 -0.01119 -0.02033
-0.36779 -0.08696 -0.11773
-0.04467 0.01301 0.14068
-0.36278 -0.06900 0.14995
-0.39499 -0.06573 0.14658
-0.27959 -0.10203 0.15535
0.13997 0.03756 0.06946
-0.43208 -0.06883 0.09217
-0.16938 0.06806 0.01659
0.43744 -0.04641 -0.06369
0.43386 -0.04081 -0.07768
0.08398 -0.02616 -0.07668
0.08398 -0.03659 -0.09568
0.08398 -0.02937 -0.06955
0.08398 -0.03457 -0.08978
-0.22751 -0.12298 0.15493
-0.35562 -0.05288 0.08255
-0.16779 -0.05366 0.14170
-0.16731 -0.05617 0.15516
-0.39385 -0.05417 0.15114
-0.40204 0.04247 -0.14509
-0.16586 0.02219 0.15866
-0.16565 0.12939 -0.08748
-0.34455 -0.08950 0.12461
0.09951 0.05959 -0.18773
0.42925 -0.03216 0.09571
0.43702 -0.04680 0.06853
0.32738 -0.03732 0.14362
0.32548 -0.04004 0.15142
0.02850 0.12466 -0.00836
0.01790 0.12703 -0.02272
0.02197 0.12612 0.00040
0.01944 0.12669 0.00874
0.02006 0.12655 -0.02807
0.12532 0.06610 0.07816
0.01035 0.05730 -0.14073
-0.04137 0.05514 -0.14214
0.03304 0.05604 -0.14100
-0.01991 0.05651 -0.14137
0.08184 0.06048 -0.13870
-0.07276 0.02986 -0.13658
0.02053 -0.08378 -0.08906
0.03063 -0.08378 -0.06362
0.05159 -0.08378 -0.06856
-0.14188 0.12279 -0.11277
-0.12494 0.12660 -0.10454
-0.27104 -0.07969 0.15082
-0.06923 -0.01544 -0.06730
-0.18241 0.09545 -0.06624
-0.39223 0.04033 0.15085
-0.20788 -0.10154 0.15087
0.06819 0.02300 0.05400
0.40853 -0.06991 0.14095
-0.23541 -0.12833 -0.13640
0.34097 -0.07002 0.14508
0.01363 0.01504 0.05426
0.30611 -0.06758 0.16775
0.08067 0.08996 0.12474
0.08734 0.08776 0.12425
-0.02916 0.06044 0.14173
-0.03395 0.06691 0.13917
-0.03730 0.09321 0.12860
-0.04698 0.09427 0.12828
-0.03617 0.10013 0.12580
-0.05920 0.08399 0.13255
-0.05776 0.07774 0.13505
0.00985 0.07728 0.13454
0.02768 0.07683 0.13453
-0.00860 0.07223 0.13676
0.01246 0.07197 0.13665
0.00599 0.06435 0.13979
-0.04005 0.08087 0.13361
0.00613 0.07993 0.13351
0.07244 0.05512 0.14281
-0.00783 0.05719 0.14282
-0.02719 0.07770 0.13475
-0.00453 0.08084 0.13325
-0.40629 -0.04950 0.09376
-0.24476 -0.03699 -0.14903
-0.23326 -0.12833 0.15568
-0.23309 -0.12833 0.14640
-0.32417 -0.06021 0.10391
0.33105 -0.05203 0.17704
0.08243 -0.01787 -0.06784
0.26988 -0.01995 0.15443
0.39123 -0.08868 0.00897
0.39180 -0.08859 0.00090
0.38808 -0.08918 0.00376
0.39499 -0.08808 -0.02981
0.39100 -0.08871 -0.03723
-0.16718 -0.05686 -0.11567
0.27407 -0.05875 -0.15642
-0.28656 0.07438 -0.12521
0.15342 0.01564 0.16029
0.03882 -0.00009 0.16029
0.03549 -0.01896 0.16029
0.10618 -0.00339 0.16029
-0.02494 0.00128 0.16029
-0.00308 -0.01634 0.16029
0.08023 -0.00570 0.16029
0.03433 -0.00640 0.16029
0.09675 0.00464 0.16029
0.00899 -0.03950 0.16029
0.02401 -0.01892 0.16029
0.02035 0.00137 0.16029
0.14425 0.00907 0.16029
0.01141 -0.01144 0.16029
0.05894 -0.01126 0.16029
0.00036 0.00103 0.16029
-0.00156 -0.02209 0.16029
0.00621 0.00350 0.16029
0.08163 0.00170 0.16029
0.05338 -0.00315 0.16029
0.06703 -0.00773 0.16029
-0.00090 -0.04226 0.16029
-0.02494 -0.02934 0.00307
-0.33881 0.06395 0.10104
-0.34315 0.06529 0.07895
-0.34480 0.06565 0.07289
0.30872 0.00725 -0.15615
-0.21157 -0.10909 -0.15740
0.27115 -0.00420 -0.09735
0.27728 -0.00332 -0.11391
0.26946 -0.00444 -0.08487
-0.03482 0.09385 0.10389
-0.02239 -0.02940 0.00805
-0.16330 -0.01734 -0.07305
-0.16396 -0.01436 -0.05144
-0.16073 -0.02900 -0.09367
-0.16148 -0.02562 -0.05268
-0.15911 -0.03636 -0.06983
-0.16941 0.01038 -0.05701
-0.15876 -0.03795 -0.10833
-0.16317 -0.01794 -0.09303
-0.16461 -0.01139 -0.07749
-0.15953 -0.03447 -0.09519
-0.16295 -0.01891 -0.05047
-0.17482 0.03495 -0.04134
-0.17314 0.02731 -0.04028
-0.16504 -0.00943 -0.08757
-0.16045 -0.03026 -0.09830
0.24899 -0.01315 0.14804
0.26583 -0.12776 0.14358
-0.40058 -0.07426 0.09306
0.31180 -0.11703 -0.11770
0.32350 -0.11386 -0.13122
0.33267 0.02540 -0.13649
0.35904 0.02250 -0.13454
0.10959 0.08474 0.10826
0.12151 0.07661 0.11719
0.05085 -0.08378 0.10122
0.04100 -0.08378 0.09731
0.04648 -0.08378 0.09815
-0.25847 -0.08300 0.15121
0.33532 0.03331 -0.04819
0.34697 0.03173 0.01404
0.33818 0.03292 -0.00473
0.33681 0.03311 0.00213
0.35208 0.03104 0.04305
0.36875 0.02878 0.05625
0.33053 0.03396 -0.05113
0.35556 0.03057 -0.00303
0.33753 0.03301 0.05970
0.36961 0.02866 0.05132
0.33579 0.03324 -0.01540
0.37204 0.02834 0.04374
0.34064 0.03259 -0.02631
0.36312 0.02954 0.02764
-0.18725 -0.02786 -0.10817
-0.27443 -0.02069 -0.13930
0.12751 -0.08378 -0.00103
0.10552 -0.08378 0.00291
0.13544 -0.08378 -0.00724
0.06158 -0.08378 0.02984
0.14031 -0.08378 0.02198
0.09880 -0.08378 -0.00230
0.07311 -0.08378 0.02428
0.13196 -0.08378 0.02268
0.04306 -0.08378 0.02798
0.10297 -0.08378 0.00722
0.13113 -0.08378 0.00374
0.09324 -0.08378 -0.00088
0.09912 -0.08378 -0.00752
0.12585 -0.08378 0.00637
0.08504 -0.08378 -0.00057
0.09342 -0.08378 0.02038
0.28874 -0.04326 0.15216
-0.26224 -0.01253 -0.13073
-0.25474 -0.05971 0.16031
-0.31819 -0.06379 0.10208
-0.42486 0.03544 -0.09142
-0.42349 0.03598 -0.09899
0.21657 -0.07301 0.12900
0.03721 0.01742 0.04806
0.09270 -0.01119 0.01249
0.36999 -0.00306 0.15214
0.26334 -0.00758 0.13107
0.25432 -0.00872 0.14096
0.26694 -0.01824 0.09784
0.40258 0.01974 -0.02080
0.41149 0.01445 0.06177
0.40427 0.01874 -0.01179
0.40182 0.02019 -0.04111
-0.14402 0.12441 0.11025
-0.11238 0.12319 0.11629
-0.42216 0.02506 0.11554
-0.33526 -0.05453 -0.15766
-0.42689 0.01029 -0.09691
-0.41256 0.03404 -0.13154
-0.14399 0.01181 0.16029
-0.16056 -0.01125 0.16029
-0.14937 0.00409 0.16029
-0.14107 -0.00816 0.16029
-0.16154 -0.02020 0.16029
-0.08433 0.01341 0.16029
-0.10166 0.01117 0.16029
-0.17015 0.00324 0.16029
-0.17883 -0.03227 -0.15680
-0.14243 -0.00034 0.05847
-0.14473 0.00768 0.05487
-0.14273 0.00071 0.06306
-0.20450 -0.06861 0.15124
-0.13786 0.13732 -0.00246
-0.12562 0.13790 0.02782
-0.15837 0.13635 -0.01986
-0.14549 0.13696 0.03124
-0.14630 0.13692 -0.00619
-0.15152 0.13667 0.00235
0.02071 -0.01391 -0.06834
0.03345 -0.01391 -0.09566
0.01399 -0.01391 -0.09265
0.01523 -0.01391 -0.07245
0.03124 -0.01391 -0.07877
0.02042 -0.01391 -0.07690
-0.31559 -0.07396 0.12355
-0.09727 0.02399 0.12439
0.33788 -0.08426 -0.12118
0.14621 0.07196 -0.05454
0.12121 0.08340 -0.07133
0.13562 0.07655 -0.06445
0.11078 0.08732 -0.08782
0.10845 0.09048 -0.06646
0.27867 -0.12768 0.15909
0.29663 -0.07874 -0.15185
0.30293 -0.13750 -0.14973
-0.06575 -0.01994 -0.05419
-0.26132 0.10161 -0.08160
-0.25339 0.10700 -0.07030
-0.26154 0.10596 -0.04623
-0.25947 0.10361 -0.07311
0.05582 -0.04785 -0.10695
0.25535 -0.06946 0.13916
0.39517 -0.06616 -0.14406
-0.12844 -0.08378 -0.00404
-0.12961 -0.08378 0.00169
-0.26969 -0.11384 -0.14858
-0.01184 0.06311 0.11627
0.25530 -0.10929 -0.17337
-0.16625 0.11940 0.11885
0.05338 0.10592 0.11177
-0.30462 0.07537 -0.07023
-0.29118 0.08128 -0.09742
-0.29899 0.07773 -0.08238
0.15242 0.05356 0.03942
0.24375 -0.04896 -0.18636
-0.02632 0.12523 -0.10016
-0.14887 -0.05623 0.11415
-0.14887 -0.07278 -0.05213
-0.14887 -0.06064 0.13336
-0.14887 -0.06590 0.04317
-0.14887 -0.06324 0.00924
-0.14887 -0.06099 0.11556
-0.14887 -0.07025 0.09696
-0.14887 -0.08240 0.03374
-0.14887 -0.05275 0.09333
-0.14887 -0.07134 0.12917
-0.14887 -0.07603 0.00205
-0.14887 -0.07094 -0.00828
-0.14887 -0.06651 0.13465
-0.14887 -0.06574 0.08542
-0.14887 -0.05882 0.08376
-0.14887 -0.06993 -0.01761
-0.14887 -0.08043 -0.07062
-0.14887 -0.05722 0.07227
-0.14887 -0.06578 0.03400
-0.14887 -0.06467 0.06098
0.43362 -0.02840 -0.04782
0.43333 -0.02703 -0.00126
-0.15715 -0.04528 0.05164
-0.16303 -0.01856 0.08046
-0.17339 0.02845 0.11481
-0.16722 0.00045 0.11855
-0.16219 -0.02237 0.11410
-0.16841 0.00587 0.10483
-0.16047 -0.03018 0.12175
-0.16433 -0.01266 0.07542
-0.16901 0.00856 0.09854
-0.16140 -0.02595 0.11783
-0.15894 -0.03713 0.10398
-0.16174 -0.02441 0.12524
-0.15768 -0.04284 0.06522
-0.15889 -0.03737 0.11074
-0.17691 0.04443 0.12645
0.24413 -0.11299 -0.17490
0.22841 -0.10447 -0.15849
0.33351 -0.05423 0.15216
-0.19038 -0.03442 0.12726
-0.11664 0.02548 -0.15843
-0.11310 -0.05370 0.02190
-0.09686 -0.07024 0.02190
-0.09326 -0.05646 0.02190
-0.12358 -0.04785 0.02261
-0.08902 -0.04785 0.02436
0.07323 0.10110 -0.10228
0.07143 0.10324 -0.09675
0.19933 0.04444 0.00050
0.20025 0.04439 0.02054
0.20711 0.04401 -0.00606
0.20945 0.04389 0.04236
0.19488 0.04469 -0.04288
0.20985 0.04386 0.02091
0.19181 0.04486 -0.00870
0.24920 0.04169 0.06113
0.19412 0.04473 0.01257
0.22190 0.04320 0.02111
0.19933 0.04444 -0.02614
0.19974 0.04442 0.05303
0.19429 0.04472 -0.02307
0.22009 0.04330 0.04341
0.20847 0.04394 0.02807
-0.13919 0.13334 0.07513
-0.12025 0.13469 0.06951
-0.14131 0.13368 0.07030
-0.14538 0.13271 0.07909
-0.13557 0.13445 0.06462
-0.14858 0.13396 0.06350
-0.29885 -0.07027 -0.12543
-0.22204 -0.01684 0.15577
-0.38103 -0.01927 0.15422
-0.33263 -0.00663 0.16029
-0.22648 -0.04474 -0.14937
0.05564 -0.01391 -0.05704
0.32084 -0.03016 0.17017
0.32965 -0.02359 0.14403
-0.20894 -0.07796 0.15138
0.32898 -0.10030 -0.11868
0.24564 -0.06072 0.13300
0.08174 -0.01119 0.00162
0.01155 0.11807 0.10716
-0.22719 0.04594 0.14965
-0.22170 0.03851 0.15434
-0.28833 0.04280 0.15269
-0.20952 0.03702 0.15510
-0.31304 0.04207 0.15357
-0.26164 0.04064 0.15363
-0.30138 0.04278 0.15292
-0.01050 -0.03360 0.08107
-0.01052 -0.03349 0.09365
-0.01040 -0.03406 0.10167
-0.02072 0.01280 0.11137
-0.01380 -0.01860 0.11848
-0.02269 0.02171 0.12647
-0.01615 -0.00797 0.10295
-0.01658 -0.00602 0.12259
-0.01991 0.00912 0.10314
-0.02100 0.01408 0.11753
-0.01474 -0.01434 0.08646
-0.02584 0.03605 0.11441
-0.02196 0.01840 0.10624
-0.00768 -0.04638 0.12656
-0.01663 -0.00579 0.11643
-0.15861 -0.03865 -0.02908
-0.17435 0.03280 0.02496
-0.17408 0.03156 0.03983
-0.16204 -0.02304 0.02108
-0.17146 0.01967 0.02540
-0.16883 0.00777 0.01501
-0.16447 -0.01203 0.01729
-0.15875 -0.03797 0.03900
-0.17031 0.01449 0.03206
-0.16504 -0.00944 0.03078
-0.15783 -0.04216 0.04448
-0.15907 -0.03656 0.00200
-0.16789 0.00351 0.03592
-0.26066 -0.04844 0.15089
-0.38823 0.06368 0.02655
-0.36987 0.06483 0.02182
-0.38349 0.06397 0.05786
-0.37440 0.06454 0.05205
-0.38358 0.06397 0.03376
-0.39094 0.06351 0.00073
-0.38409 0.06394 -0.01021
-0.35165 0.06597 0.05049
-0.38905 0.06362 0.04985
-0.38850 0.06366 0.05820
-0.37661 0.06440 0.02327
0.25639 0.04032 -0.07960
0.30369 0.03606 -0.07294
0.26090 0.03946 -0.08633
0.27694 0.03920 -0.06478
0.26584 0.03966 -0.07507
0.26139 0.03844 -0.10220
0.29328 0.03661 -0.08078
-0.10286 0.13144 -0.09154
-0.09848 0.13193 -0.08908
0.39322 0.02250 0.07813
0.38882 0.02310 0.08790
-0.27131 -0.10498 -0.15373
-0.17671 0.06634 -0.04535
-0.19543 -0.06600 -0.14905
-0.26418 0.10493 0.01690
-0.25468 0.10995 0.02404
-0.25865 0.10786 0.04254
-0.25457 0.11001 0.03705
-0.25655 0.10896 0.01838
0.33621 -0.07439 -0.12698
-0.03542 -0.00022 -0.12509
0.29403 -0.03277 -0.14417
-0.16098 0.06299 0.12405
0.33606 -0.02789 -0.12914
0.01598 0.12001 -0.09653
0.01100 0.12147 -0.09474
-0.37746 -0.07933 0.14212
0.08289 -0.01861 -0.06230
0.43608 -0.07452 -0.04273
0.43782 -0.07214 -0.01275
-0.32790 0.06561 -0.07481
-0.32564 0.06640 -0.06268
-0.17707 -0.08475 -0.15269
-0.40662 -0.04891 -0.08047
0.35474 0.00715 0.15274
0.25314 -0.03900 0.13579
0.27962 -0.07162 -0.15367
-0.12559 -0.08378 -0.06906
-0.10376 -0.08378 -0.06390
-0.12438 -0.08378 -0.08399
0.32967 -0.09385 0.07938
0.33827 -0.09375 0.08445
0.08398 -0.02941 0.10313
0.08398 -0.02841 0.07565
0.08398 -0.04346 0.05816
0.08398 -0.02568 0.08755
0.03750 0.12175 0.03417
0.05652 0.11557 0.02789
0.04925 0.11793 0.02352
0.37519 -0.09061 -0.07599
0.38157 -0.08987 -0.06344
0.38281 -0.08993 -0.05156
0.08812 0.01301 -0.12800
-0.08919 -0.07103 -0.08918
-0.08919 -0.06263 -0.09589
0.11971 0.05679 0.16554
0.08548 -0.01119 0.00493
-0.42721 0.01561 0.09570
-0.43166 0.01834 0.07109
0.28213 -0.12833 -0.14027
0.15567 0.06230 -0.09669
0.14694 0.06828 -0.09034
0.15255 0.06755 -0.06217
-0.09818 0.01701 0.05944
-0.12957 0.02110 0.05944
0.13380 0.02344 0.03264
-0.11768 0.02399 -0.05094
-0.09022 0.02399 -0.04710
-0.23842 0.11830 0.01688
0.10422 0.06410 0.17953
0.03445 0.11903 -0.07702
0.24152 -0.10794 0.11664
0.23290 -0.10182 0.12380
0.05683 0.10798 -0.10076
0.26543 -0.08716 0.14929
0.05926 -0.01072 -0.15843
0.07238 -0.00427 -0.15843
-0.01769 -0.02007 -0.15843
0.00222 -0.01599 -0.15843
0.12170 0.01293 -0.15843
-0.02614 -0.03373 -0.15843
-0.00337 -0.04193 -0.15843
-0.02133 -0.03934 -0.15843
-0.00943 -0.00823 -0.15843
0.04905 0.00831 -0.15843
0.02876 0.00773 -0.15843
0.05057 -0.00724 -0.15843
-0.01048 -0.03548 -0.15843
0.04667 -0.01283 -0.15843
0.03794 -0.00011 -0.15843
0.04897 -0.02318 -0.15843
0.04653 0.00204 -0.15843
0.04328 -0.00737 -0.15843
-0.02039 -0.00917 -0.15843
0.09092 0.00603 -0.15843
0.09959 -0.00459 -0.15843
-0.42534 -0.05626 0.10290
0.10973 0.05961 0.17767
0.36566 -0.07509 -0.11208
0.36573 -0.07566 -0.09014
0.43753 -0.05365 0.07343
0.39756 -0.01937 -0.14513
0.03487 0.12080 0.05664
0.32897 -0.11806 -0.13746
0.02950 0.02026 -0.05101
-0.23226 -0.00510 0.14886
-0.23487 -0.00543 0.15730
0.11146 -0.06055 0.15708
0.06568 -0.05629 0.15880
0.05071 -0.05391 0.15976
0.14960 -0.06781 0.15416
0.02913 -0.05453 0.15951
0.15623 -0.05916 0.15764
0.11547 -0.05437 0.15957
0.10978 0.02647 0.05531
-0.28407 -0.08318 -0.15065
-0.37573 -0.08735 0.07857
-0.39291 -0.08380 0.08564
-0.39014 -0.08410 0.09527
-0.38570 -0.08491 0.09719
-0.37694 -0.08666 0.09588
-0.23298 -0.00287 0.14101
-0.24229 -0.00421 0.15368
-0.23453 -0.00309 0.09773
0.13657 0.01975 0.16029
0.07474 0.03048 -0.13658
0.00141 -0.02150 -0.13658
0.04294 -0.02722 -0.13658
-0.01298 -0.02333 -0.13658
-0.02385 -0.03218 -0.13658
-0.01590 -0.01921 -0.13658
0.00124 -0.05326 -0.13658
0.01215 -0.01436 -0.13658
-0.00163 -0.03286 -0.13658
0.02053 -0.03968 -0.13658
-0.00720 -0.04344 -0.13658
0.03161 -0.05454 -0.13658
0.01636 -0.05803 -0.13658
0.04642 -0.01620 -0.13658
-0.02447 -0.06264 -0.13658
0.03897 -0.04946 -0.13658
-0.00420 -0.06769 -0.13658
0.08600 -0.01792 -0.13658
-0.02445 -0.07465 -0.13658
0.00430 -0.01691 -0.13658
-0.43896 -0.01391 0.00304
-0.43840 -0.01113 0.03562
0.33576 -0.07297 -0.09442
0.33458 -0.07741 -0.09294
-0.18956 0.08351 0.10316
0.13572 0.06103 -0.13510
0.21973 0.02658 -0.15171
0.26814 -0.10738 0.14592
-0.34969 -0.08054 -0.14310
0.08747 -0.01618 0.16029
0.07368 -0.03134 0.16029
0.13442 -0.02537 0.16029
0.05841 -0.03031 0.16029
0.09837 -0.03054 0.16029
0.06600 -0.02481 0.16029
0.09781 -0.03702 0.16029
0.08773 -0.03366 0.16029
0.12052 -0.01507 0.16029
0.13691 -0.00696 0.16029
0.13066 -0.00150 0.16029
0.04017 -0.04283 0.16029
0.15341 -0.01351 0.16029
0.15164 -0.00262 0.16029
0.10671 -0.02862 0.16029
0.13078 -0.01455 0.16029
0.16637 -0.02335 0.16029
0.07900 -0.03407 0.16029
0.05241 -0.03179 0.16029
0.02016 -0.04629 0.16029
0.13209 -0.03001 0.16029
0.12198 -0.03126 0.16029
0.14580 -0.04255 0.16029
0.11353 -0.02387 0.16029
0.14372 -0.09399 -0.13465
0.16057 -0.09399 -0.13902
0.09371 -0.09399 -0.13548
-0.04998 -0.09399 -0.13881
0.01056 -0.09399 -0.13723
-0.00638 -0.09399 -0.14040
0.17171 -0.09399 -0.13332
0.06851 0.10476 0.09726
0.41258 -0.02497 0.13663
0.01314 0.02184 -0.03963
0.32113 -0.09554 0.18815
0.26551 -0.06834 -0.16114
-0.13913 -0.04785 -0.09076
-0.14758 -0.04785 -0.11131
-0.27666 -0.12123 -0.11146
-0.02423 0.06774 -0.06998
-0.37281 0.05464 0.14192
-0.42717 -0.03444 0.12318
0.35327 0.03045 -0.06982
0.34307 0.03081 -0.08536
0.33794 0.03192 -0.07910
0.35348 0.02967 -0.08124
0.37629 0.02769 -0.06444
0.28438 -0.13251 -0.10274
0.40512 0.01205 0.11136
-0.42838 -0.07432 0.05408
-0.42541 -0.07726 0.00795
-0.01265 0.07601 -0.06333
-0.21063 -0.12449 -0.14001
0.01660 -0.07251 0.09558
0.01660 -0.06679 0.08991
0.01660 -0.05287 0.08145
0.30762 -0.07850 0.16854
-0.02287 -0.08378 -0.13637
-0.01181 -0.08378 -0.11325
-0.01918 -0.08378 -0.10429
-0.01241 -0.08378 -0.10832
-0.00267 -0.08378 -0.07728
-0.38376 -0.06981 -0.09239
-0.29795 0.06478 0.13184
-0.42880 -0.05637 0.07854
0.23726 -0.03634 0.12518
0.34231 -0.10336 0.14227
0.20524 -0.05360 -0.09722
0.20260 -0.06056 -0.11242
0.20637 -0.05062 -0.12122
0.10265 0.04322 -0.17450
0.07105 -0.01119 0.01793
-0.35015 -0.09003 -0.07637
-0.35596 -0.08971 -0.05420
-0.37455 -0.08763 -0.06662
-0.36507 -0.08873 -0.05727
-0.37788 -0.08743 -0.05519
-0.33178 -0.09217 -0.05655
-0.32754 -0.09274 -0.04645
-0.42659 0.04207 -0.07291
-0.42321 0.05131 -0.07587
0.40414 -0.08304 -0.11745
-0.17349 -0.02785 -0.08481
-0.17451 -0.02699 -0.11219
-0.17507 -0.02652 -0.10096
-0.17154 -0.02948 -0.14297
-0.19900 0.03196 0.15818
-0.18648 0.04063 0.15239
-0.13235 0.03055 0.15798
-0.17611 0.03324 0.15698
-0.20764 0.04224 0.15171
0.21613 -0.03643 0.15220
0.21998 -0.03097 0.12467
0.21845 -0.03314 0.15006
0.21047 -0.04449 0.15102
-0.29451 0.07550 0.11239
0.24113 -0.02875 0.13340
0.25496 -0.03057 0.10444
-0.42419 0.04054 0.09066
-0.15784 0.01149 -0.15843
-0.08880 -0.09399 0.12269
-0.14005 -0.09399 0.12623
0.00873 -0.09399 0.12568
-0.08012 -0.09399 0.13291
0.01424 -0.09399 0.13109
-0.03117 -0.09399 0.12959
-0.06969 -0.09399 0.12054
-0.11929 -0.09399 0.12526
0.38221 0.00999 -0.14244
0.16466 0.05076 0.12872
0.32479 -0.04668 -0.10860
0.31890 -0.04418 -0.10075
-0.34256 -0.09118 0.00347
-0.34737 -0.09069 0.04322
-0.32571 -0.09293 0.01068
-0.32288 -0.09323 0.03881
-0.35167 -0.09024 0.00950
-0.33247 -0.09223 0.01771
-0.36705 -0.08864 0.03726
-0.34878 -0.09054 0.03807
-0.36178 -0.08919 0.04555
-0.32258 -0.09326 0.03335
-0.31900 -0.09363 0.02935
-0.32848 -0.09265 0.04365
0.32036 -0.09658 0.16973
-0.07972 0.02558 0.16029
-0.08041 0.02352 -0.15843
0.14988 0.05109 0.06019
-0.41994 0.05516 -0.07199
0.42415 -0.03535 0.12119
0.42904 -0.01584 -0.02108
0.19675 -0.08519 -0.08362
0.01265 0.00091 0.01395
-0.20685 -0.03539 -0.14723
-0.03712 0.13412 -0.04422
-0.03198 0.13380 -0.04180
-0.01897 0.13265 -0.03996
-0.04689 0.13631 -0.02995
-0.04423 0.13401 -0.05387
0.03675 0.01301 0.02074
0.02662 0.01301 -0.00569
0.03399 0.01301 -0.00916
0.03750 0.01301 -0.01229
-0.31287 -0.04847 0.09463
0.41916 -0.04564 0.13464
-0.43026 -0.01112 0.11169
0.22578 -0.11347 0.13441
-0.21339 -0.02450 -0.15097
-0.14611 0.04760 -0.14627
-0.05832 0.05129 -0.14387
-0.17358 0.04467 -0.14774
-0.06824 0.04659 -0.14587
-0.38005 -0.08724 0.04592
-0.38234 -0.08679 0.00574
-0.39588 -0.08411 0.02098
-0.38639 -0.08599 0.01544
-0.39820 -0.08365 0.03367
-0.39996 -0.08330 0.01907
-0.40294 -0.08272 0.03283
-0.40171 -0.08296 0.00582
0.41461 -0.01481 0.12243
0.33342 -0.05319 -0.12924
-0.02886 -0.02383 -0.15843
-0.26000 -0.02712 0.15726
0.40486 -0.08457 -0.09605
0.40982 -0.08393 -0.07992
0.40111 -0.08687 -0.05300
-0.24702 -0.00697 -0.13743
-0.24201 -0.00633 -0.13384
0.18548 0.04544 -0.08141
-0.43240 -0.05503 0.08355
-0.35328 -0.08900 -0.11080
-0.18568 -0.02429 -0.11129
-0.15985 -0.04546 -0.09528
-0.16444 -0.03893 -0.08024
-0.15771 -0.04851 -0.11247
-0.15786 -0.04829 -0.14912
-0.14256 0.01504 -0.11325
-0.12554 -0.01391 0.03490
-0.11038 -0.01391 0.02879
-0.29354 -0.04408 -0.08214
0.30287 -0.02569 0.16110
-0.01179 0.07763 0.09490
-0.35059 -0.06466 -0.06181
0.01103 -0.01119 0.02169
-0.12222 0.02399 0.05000
-0.08735 0.02399 0.05533
-0.00221 0.12690 0.08548
-0.37833 0.04007 0.15255
-0.17346 -0.04028 -0.13449
-0.23549 -0.01425 0.16130
-0.02612 0.12898 -0.08525
0.15389 0.05989 -0.11615
-0.32606 -0.06753 -0.07720
0.37286 -0.06107 -0.14936
-0.08138 0.12610 -0.10619
-0.10299 0.12598 -0.10800
-0.09571 -0.06097 0.10595
-0.09329 -0.06516 0.10595
-0.21369 -0.13620 -0.13127
-0.20863 -0.13490 -0.13761
0.27301 -0.03887 -0.15639
-0.25276 -0.08539 0.15135
0.29251 -0.02022 -0.14724
0.03786 0.01504 -0.04673
0.13310 0.02169 -0.02212
-0.27152 -0.11212 -0.15307
-0.42045 0.03973 -0.11085
0.15187 0.04383 -0.10543
0.16391 0.05096 -0.06249
0.15655 0.04660 -0.09453
0.16114 0.04932 -0.08342
0.13267 0.02609 0.07510
0.09487 0.08959 -0.11285
-0.35476 -0.04659 -0.15595
-0.04801 -0.06553 -0.15322
-0.06765 -0.05569 -0.15719
-0.05835 -0.05862 -0.15601
-0.05717 -0.05389 -0.15792
0.13668 0.02919 0.12060
-0.43402 -0.04688 -0.03185
-0.43368 -0.04756 -0.00678
-0.43459 -0.04574 0.01676
0.35628 -0.04933 -0.08565
0.35568 -0.04849 -0.09208
0.34768 -0.03710 -0.09487
0.34496 -0.03324 -0.08469
0.19461 0.03883 -0.13217
0.20527 0.03767 -0.13421
-0.25762 -0.02335 0.15215
0.42042 -0.02829 0.12557
-0.18785 0.08787 -0.00636
0.32227 0.02863 0.13245
0.36220 0.02334 0.13183
0.34522 -0.09371 -0.05579
0.33508 -0.09380 -0.07089
-0.38449 -0.08416 0.11430
-0.19773 -0.01119 -0.02466
-0.19321 -0.01119 -0.09816
-0.19703 -0.01119 0.08843
-0.19716 -0.01119 -0.11180
-0.19459 -0.01119 -0.10727
-0.19538 -0.01119 0.05457
-0.19379 -0.01119 -0.12110
-0.41902 0.02574 0.12361
0.13731 0.03215 0.05702
-0.18007 0.06300 0.03319
0.02641 0.12301 0.05969
0.02047 0.12556 0.04473
0.02157 0.12434 0.05633
-0.16046 0.13127 0.08424
-0.17847 0.13235 0.05016
-0.18107 0.13249 0.04540
0.32526 -0.05805 -0.08133
-0.17723 -0.08522 -0.12193
-0.16134 0.06354 -0.08920
-0.01077 0.08040 -0.06556
0.34366 0.03006 0.09746
0.34466 0.02928 0.10721
0.33541 0.03025 0.11146
0.36231 0.02715 0.10325
0.34995 0.02953 0.09245
0.33331 0.03300 0.07397
0.33475 -0.07460 0.17587
0.33263 -0.07769 0.17917
0.34838 -0.08731 0.14876
0.29026 -0.06097 0.15923
-0.22126 -0.08500 -0.14978
0.18705 0.04627 0.04707
0.18226 0.04933 0.02468
-0.22350 0.11277 -0.10503
0.28548 -0.12063 0.15926
0.44073 -0.06281 0.02705
0.44085 -0.06130 0.03857
-0.03477 0.07091 0.10366
0.35842 -0.09261 -0.05907
0.36164 -0.09227 -0.06583
0.19793 -0.07305 -0.11074
-0.03233 0.06864 -0.07966
-0.13435 -0.04785 0.04282
-0.10661 -0.04785 0.03668
-0.09362 -0.04785 0.04097
-0.17645 -0.06365 0.15790
0.05211 0.03859 0.14974
-0.35684 0.05812 -0.13134
-0.36386 0.05526 -0.13956
-0.32843 0.06653 0.05845
-0.34223 0.06635 0.02192
-0.33870 0.06640 0.05969
-0.32370 0.06659 0.03859
-0.33388 0.06646 0.00222
-0.34235 0.06635 0.00071
-0.33426 0.06646 0.01000
-0.28791 -0.08622 0.16090
0.13611 0.02354 -0.02794
-0.22747 -0.07435 0.15707
0.22979 -0.09399 0.07893
0.22393 -0.09399 0.08383
0.26886 -0.09399 0.07277
0.21584 -0.09399 0.08159
0.28425 -0.09399 0.06348
0.23843 -0.09399 0.07385
0.28271 -0.09399 0.07505
0.27316 -0.09399 0.07988
-0.41474 -0.07216 0.12495
-0.38407 -0.01314 0.15334
-0.36346 -0.06862 0.10822
0.10845 0.06724 0.17071
0.42366 -0.07810 0.10453
0.24287 -0.03312 0.13656
-0.03273 0.00272 -0.13633
0.29825 -0.02694 -0.14593
-0.06524 -0.04452 -0.03315
-0.06524 -0.03341 -0.00701
-0.06524 -0.04526 -0.02848
-0.06524 -0.02660 0.00215
0.00275 0.01375 -0.11380
-0.00256 0.03223 -0.10960
-0.13747 -0.03516 -0.15843
-0.12853 -0.02738 -0.15843
-0.15604 -0.03676 -0.15843
-0.09192 -0.00281 -0.15843
-0.12620 -0.02278 -0.15843
0.42720 -0.07391 0.10970
0.03133 0.02399 0.12140
0.04486 0.02399 0.12398
0.26049 -0.02089 0.12536
0.24202 0.02007 -0.15410
0.23265 0.01620 -0.15674
0.27176 0.01749 -0.15390
-0.34793 0.06238 -0.11348
-0.35519 0.06118 -0.11739
-0.01492 0.06619 0.07915
-0.18754 0.07638 -0.06749
-0.18907 -0.02109 0.12913
0.31933 -0.05516 0.17732
0.25931 -0.12921 -0.16420
-0.04017 0.11320 -0.11872
-0.02256 0.06643 0.07502
-0.19526 -0.00773 0.08157
-0.19716 -0.00773 -0.07972
-0.19165 -0.00773 0.09902
-0.32394 -0.09309 0.04959
-0.33633 -0.09164 0.06340
-0.31811 -0.09358 0.05902
-0.36473 -0.08879 0.05655
0.28761 -0.13875 -0.13755
0.21659 -0.06917 -0.15511
0.23015 -0.07929 -0.17733
0.23125 -0.05782 -0.17678
0.21822 -0.05003 -0.14077
0.00449 -0.00087 -0.03963
-0.00085 0.01801 -0.03963
-0.02019 0.02512 -0.03963
0.02395 -0.04092 -0.03963
0.04037 -0.02430 -0.03963
-0.02304 0.03859 -0.03963
-0.01897 0.01668 -0.03963
0.00258 -0.01175 -0.03963
0.02672 -0.03719 -0.03963
0.00649 -0.01440 -0.03963
-0.00538 -0.02930 -0.03963
0.04579 -0.01797 -0.03963
0.06151 -0.03521 -0.03963
0.01562 -0.00194 -0.03963
0.01940 -0.03663 -0.03963
-0.01161 0.01511 -0.03963
-0.00077 0.00101 -0.03963
0.07207 -0.04637 -0.03963
-0.01806 0.00199 -0.03963
0.15607 0.05697 0.04233
0.16389 0.05374 0.04661
0.26628 -0.03246 0.15479
0.40309 -0.04883 -0.14790
0.39045 -0.04114 -0.14952
0.37115 -0.04646 -0.15252
-0.01133 -0.06271 -0.15436
0.06592 -0.05370 -0.15799
0.08364 -0.05860 -0.15602
0.11721 -0.05350 -0.15807
0.12222 -0.05414 -0.15782
0.01253 -0.06420 -0.15376
0.02456 -0.05684 -0.15673
-0.23230 -0.00277 -0.10097
-0.24891 -0.00516 -0.09109
-0.24634 -0.00479 -0.08561
-0.24364 -0.00440 -0.09695
-0.28339 -0.04181 0.10517
0.08739 -0.01597 -0.01949
0.43106 -0.07825 -0.02940
0.31115 -0.03708 -0.13074
0.40843 0.00969 -0.10148
0.33917 -0.05387 -0.10508
0.33158 -0.05326 -0.09216
-0.17941 0.12558 0.09796
-0.10260 0.13517 0.07022
-0.09781 0.13758 0.04081
-0.08680 0.13597 0.05590
-0.09843 0.13632 0.05555
-0.08581 0.13492 0.06774
0.27312 -0.01909 -0.15617
0.03779 0.01616 0.11733
-0.20162 -0.13126 -0.15685
0.06977 0.01766 -0.15843
0.10704 0.01662 -0.15843
-0.37840 -0.06616 -0.09524
-0.15207 -0.04785 0.01500
-0.15008 -0.04785 0.00597
-0.14350 -0.04785 -0.00244
-0.15368 -0.04785 -0.02890
-0.17652 -0.06351 -0.11723
0.41620 -0.00999 0.11377
0.26463 -0.06633 0.14739
0.41534 -0.07486 0.12864
-0.42021 0.01284 -0.12123
-0.20423 -0.01158 0.15097
0.25616 -0.12075 -0.14627
-0.14505 0.01301 -0.13549
-0.09986 0.01301 -0.12564
0.27400 -0.12059 -0.15800
0.14001 -0.01119 0.03756
0.13936 -0.01119 0.04315
0.13552 -0.01119 0.09385
-0.35673 0.04400 -0.15120
-0.25813 0.04624 -0.14812
-0.29122 0.04750 -0.14786
-0.38304 0.04837 -0.14883
-0.33471 0.03593 -0.15603
-0.27511 0.04355 -0.15013
-0.33818 0.04680 -0.14910
-0.02648 0.06688 -0.07587
-0.28761 -0.06389 -0.12119
0.34062 -0.06053 0.14358
0.29058 -0.13586 0.15859
0.42153 -0.02237 0.12046
-0.13462 0.00439 0.04806
-0.13175 -0.00775 0.04806
-0.11484 -0.00538 0.04806
-0.12671 -0.00255 0.04806
-0.25891 0.10119 0.09637
-0.26763 0.10213 0.05431
-0.26301 0.10074 0.08368
0.38672 -0.08618 0.12379
0.36913 -0.05582 0.15368
-0.16860 -0.09239 0.14154
-0.27772 -0.04276 0.09782
-0.17613 -0.09617 0.16249
0.13153 0.02007 -0.15843
-0.14890 0.02221 -0.10446
-0.14654 0.01400 -0.10811
-0.14912 0.02297 -0.11174
0.26810 0.03571 -0.12205
0.24910 0.03697 -0.12541
-0.18640 -0.03610 0.16149
0.23785 -0.09545 0.10765
0.26348 -0.03327 -0.16964
0.14548 0.04230 0.09913
0.12543 0.05521 0.15881
0.05601 0.11494 -0.04549
0.05457 0.11444 -0.05663
0.05141 0.11605 -0.04940
-0.31346 -0.02021 0.16029
-0.30049 -0.02670 0.16029
-0.26922 -0.11428 0.13806
-0.22338 -0.12241 0.15305
0.06864 -0.04785 -0.08102
0.07247 -0.04785 -0.07382
0.07913 -0.04785 -0.07083
-0.43560 -0.06217 0.10193
-0.17971 -0.04000 0.10988
-0.15113 -0.06459 -0.10001
-0.14972 -0.06831 -0.09654
-0.15540 -0.05335 -0.08077
0.04584 -0.09399 0.00885
0.00817 -0.09399 0.04440
0.18339 -0.09399 0.03025
0.29375 -0.09399 0.03431
0.20000 -0.09399 0.04661
-0.08675 -0.09399 0.04098
-0.07299 -0.09399 0.01794
0.08700 -0.09399 0.04479
0.17563 -0.09399 0.00580
-0.23773 -0.09399 0.04551
0.31278 -0.09399 0.03789
-0.00912 -0.09399 0.02536
0.22245 -0.09399 -0.01663
0.21349 -0.09399 -0.02241
-0.06439 -0.09399 0.01093
0.20903 -0.09399 -0.01965
-0.19924 -0.09399 0.03129
-0.15336 -0.09399 0.03751
-0.04228 -0.09399 0.03347
0.15332 -0.09399 0.00444
0.26982 -0.09399 -0.03752
0.23406 -0.09399 0.02528
0.16176 -0.09399 0.03905
0.28520 -0.09399 -0.00004
0.16515 -0.09399 0.04256
0.31576 -0.09399 -0.00827
-0.00669 -0.09399 0.00687
0.12999 -0.09399 0.01199
0.30560 -0.09399 0.01193
0.13850 -0.09399 -0.00492
0.23093 -0.09399 -0.02102
0.01057 -0.09399 0.02024
0.31807 -0.09399 -0.03332
0.24232 -0.09399 -0.01996
0.12311 -0.09399 0.03703
0.08530 -0.09399 0.03186
0.21888 -0.09399 0.00250
-0.08174 -0.09399 0.04187
0.09836 -0.09399 0.01216
-0.11568 -0.09399 0.04200
0.20642 -0.09399 0.04497
0.08919 -0.09399 0.01129
0.17361 -0.09399 0.04682
0.28546 -0.09399 0.03265
-0.21471 -0.09399 0.04674
0.25506 -0.09399 -0.01006
-0.08498 -0.09399 0.02884
-0.27048 -0.09399 0.04230
-0.16492 -0.09399 0.03350
0.19328 -0.09399 0.01024
-0.07088 -0.09399 0.03166
0.10823 -0.09399 -0.00068
0.11198 -0.09399 0.00767
0.27944 -0.09399 0.02870
0.30648 -0.09399 -0.00123
-0.03856 -0.09399 0.04072
0.20511 -0.09399 0.01126
0.27759 -0.09399 -0.00056
0.28130 -0.09399 -0.03591
0.23667 -0.09399 0.03116
0.05911 -0.09399 0.04083
0.26871 -0.09399 0.03544
0.17340 -0.09399 -0.02085
0.12743 -0.09399 0.04294
-0.20678 -0.09399 0.03647
-0.08267 -0.09399 0.02058
-0.14590 -0.09399 0.03098
0.08674 -0.09399 0.01530
-0.25287 -0.09399 0.04245
0.28726 -0.09399 -0.03917
0.29127 -0.09399 -0.00262
-0.01638 -0.09399 0.00978
-0.10176 -0.09399 0.04041
0.07597 -0.09399 0.00342
0.31845 -0.09399 0.02965
0.30350 -0.09399 -0.01053
0.14175 -0.09399 0.04491
-0.04546 -0.09399 0.02916
-0.10282 -0.09399 0.02576
-0.09564 -0.09399 0.03892
0.13819 -0.09399 -0.01368
0.24602 -0.09399 -0.02342
0.20026 -0.09399 0.02742
0.20284 -0.09399 -0.00687
0.08117 -0.09399 0.04665
0.27897 -0.09399 -0.02890
0.18502 -0.09399 0.02072
-0.00278 -0.09399 0.02281
0.13651 -0.09399 0.01713
0.22430 -0.09399 0.02609
0.23089 -0.09399 -0.02775
-0.01396 -0.09399 0.01757
0.03365 -0.09399 0.03505
0.18549 -0.09399 0.00699
0.12191 -0.09399 0.00324
0.12197 -0.09399 -0.00949
0.21111 -0.09399 0.03694
0.28792 -0.09399 0.00755
0.02532 -0.09399 0.02201
-0.07552 -0.09399 0.03623
0.11243 -0.09399 0.03173
0.20585 -0.09399 0.02868
0.01535 -0.09399 0.02895
0.13990 -0.09399 0.03198
0.02525 -0.09399 0.00842
0.04978 -0.09399 0.03603
0.09623 -0.09399 -0.00482
0.12928 0.07486 -0.10776
0.11338 0.08164 -0.11121
-0.15595 -0.04785 0.11729
-0.14264 -0.04785 0.10388
-0.15112 -0.04785 0.08661
-0.12839 0.13299 -0.08197
-0.11535 0.13275 -0.08492
-0.18088 -0.11546 -0.13562
-0.18368 -0.11810 -0.14960
-0.22677 0.10469 -0.12241
0.02168 -0.08378 -0.08432
0.00924 -0.08378 -0.09942
0.04856 -0.08378 -0.05531
0.03024 -0.08378 -0.03323
0.01262 -0.08378 -0.05826
0.02766 -0.08378 -0.07444
0.00297 -0.08378 -0.10609
0.00593 -0.08378 -0.08053
0.06506 -0.08378 -0.03986
0.05052 -0.08378 -0.04914
0.06071 -0.08378 -0.08732
0.13386 -0.08378 -0.02657
0.12905 -0.08378 -0.03200
0.00506 -0.08378 -0.12716
0.04972 -0.08378 -0.08766
0.05189 -0.08378 -0.06224
0.00047 -0.08378 -0.12891
0.10415 -0.08378 -0.05188
0.04687 -0.08378 -0.07364
0.00993 -0.08378 -0.07604
0.01814 -0.08378 -0.10967
0.09261 -0.08378 -0.03174
0.02954 -0.08378 -0.04135
0.06738 -0.08378 -0.06740
0.07534 -0.08378 -0.06666
0.12239 -0.08378 -0.03453
-0.21773 -0.12648 0.13935
-0.08818 -0.01391 0.06077
-0.11007 -0.01391 0.06503
-0.10185 -0.01391 0.05759
-0.14768 -0.07567 0.07834
-0.30521 -0.04585 0.10138
0.24173 -0.11745 0.10582
0.08660 0.01301 0.14431
0.07217 0.10898 0.01785
0.06538 0.11203 0.03558
0.07844 0.10617 0.03363
0.09018 0.10089 0.03519
0.09247 0.09986 0.02620
0.08431 0.10353 0.03086
-0.01404 -0.01753 -0.06333
-0.01374 -0.01887 -0.06773
-0.01498 -0.01328 -0.08063
-0.01155 -0.02882 -0.05019
-0.01614 -0.00800 -0.04099
-0.00887 -0.04100 -0.07317
-0.01256 -0.02426 -0.04082
-0.02210 0.01904 -0.05616
-0.01538 -0.01143 -0.06702
-0.02704 0.04146 -0.04235
-0.01593 -0.00895 -0.08874
-0.01888 0.00445 -0.08142
-0.01049 -0.03366 -0.09564
-0.02182 0.01776 -0.04695
0.31607 -0.02664 -0.12791
-0.27001 -0.11595 -0.15946
0.29480 -0.05678 0.17191
0.07788 -0.01926 -0.00378
-0.11212 -0.04785 0.10821
0.00212 0.01592 -0.10154
-0.00588 -0.01119 0.13867
0.02315 -0.01119 0.14308
-0.01415 -0.01119 0.13810
-0.01931 -0.01119 0.13856
0.32072 -0.01824 -0.12363
0.31412 -0.01729 -0.11481
0.16102 0.03735 0.14906
-0.29475 -0.09457 -0.14526
-0.18099 0.12912 -0.07955
-0.18143 0.13344 -0.03304
-0.18381 0.13209 -0.04442
-0.26957 -0.12751 0.15547
-0.26822 -0.12825 0.13194
0.26757 -0.10635 -0.15667
-0.22194 -0.06791 -0.15627
0.43691 -0.05843 -0.08031
0.27034 -0.00515 0.15309
0.28794 -0.06529 -0.15612
-0.31632 -0.08000 -0.11834
-0.31780 -0.09226 -0.07738
-0.31575 -0.07528 -0.10039
0.10810 0.04643 0.18133
0.01512 -0.04785 -0.04850
0.04436 -0.04785 -0.04993
0.06343 -0.04785 -0.04167
0.01562 -0.04785 -0.04369
0.12756 0.07005 0.12621
-0.43089 -0.06786 -0.09273
0.41729 -0.07966 -0.11077
-0.20627 -0.11366 -0.15399
-0.41280 -0.07937 -0.10380
-0.38559 -0.08455 -0.10436
0.02885 0.11697 -0.09784
0.19732 -0.07811 0.12640
0.19646 -0.08520 0.12881
-0.19808 -0.00833 -0.13414
0.31803 -0.12328 0.15741
0.31336 -0.12070 0.17097
-0.17902 -0.05295 0.12532
-0.27265 -0.03307 0.15818
-0.13262 -0.05357 -0.07192
-0.13262 -0.05211 -0.08809
-0.40063 -0.07308 0.08496
-0.26265 -0.02501 -0.13508
-0.06960 -0.04785 0.00117
-0.07009 -0.04785 0.01500
-0.07016 -0.04785 0.02187
-0.07528 -0.04785 -0.02482
0.23882 -0.04689 0.08592
-0.19808 -0.00806 -0.10686
0.28801 -0.12815 -0.12946
-0.22800 -0.00558 -0.15464
-0.16629 -0.08530 -0.12713
-0.17725 -0.09494 0.07804
0.30233 -0.00566 -0.12576
0.28422 -0.00306 -0.08479
0.29329 -0.00436 -0.09059
0.22730 -0.05929 0.11947
-0.41174 -0.06624 0.10648
-0.29456 0.06877 0.12809
-0.34331 -0.03148 -0.15792
-0.34896 -0.03496 -0.15710
-0.39866 0.05532 -0.12878
-0.23806 0.10220 0.11916
-0.42107 0.04466 0.10088
0.42831 -0.01659 0.07315
-0.31032 -0.04773 0.10059
-0.12090 -0.04785 -0.09904
-0.08513 -0.04785 -0.10834
-0.41694 -0.03040 0.14303
0.14068 -0.05031 0.01980
0.14068 -0.07547 0.02861
0.14068 -0.07958 0.02636
0.14068 -0.08061 0.01806
0.14068 -0.07036 0.01042
0.14068 -0.03710 0.02895
0.14068 -0.06745 0.02346
0.21857 -0.07338 -0.14155
-0.41078 -0.00637 -0.14138
0.31345 -0.04465 -0.09069
0.24456 -0.11955 0.13822
-0.36311 0.03489 -0.15321
-0.37033 -0.02118 -0.15395
-0.05024 0.12276 0.11356
-0.03950 0.12436 0.10716
-0.42389 0.01349 -0.11188
0.05410 -0.01391 0.11592
0.04541 -0.01391 0.11260
0.43486 -0.06782 0.09094
0.37089 -0.01654 -0.15093
0.37992 -0.01418 -0.14948
-0.17287 0.06625 0.10567
-0.30146 -0.05836 0.10056
0.23750 -0.03396 -0.14007
0.14993 0.05118 0.05423
0.14068 -0.01591 0.04719
0.14068 -0.01434 0.06961
0.14068 -0.04396 0.04409
0.14068 -0.04136 0.09455
0.14068 -0.04876 0.07879
0.14068 -0.02519 0.05023
0.14068 -0.03319 0.05511
0.14068 -0.01356 0.13643
0.14068 -0.03579 0.10444
0.14068 -0.05182 0.05453
0.14068 -0.05664 0.05844
0.14068 -0.06938 0.04998
0.14068 -0.02406 0.11494
0.14068 -0.05612 0.04348
0.14068 -0.01656 0.08668
0.01660 -0.06820 -0.07683
0.01660 -0.05726 -0.07784
-0.11597 -0.00650 -0.12028
-0.13084 -0.00580 -0.12028
-0.11715 0.00137 -0.12028
0.20945 0.04007 -0.12011
0.18738 0.03953 -0.13050
-0.16536 0.09409 -0.06690
-0.42857 0.04124 0.03768
-0.42823 0.04234 0.05430
-0.42582 0.05017 0.06355
-0.26089 -0.12261 0.16145
0.41987 -0.08255 -0.00054
0.42230 -0.08197 -0.00847
0.42140 -0.08218 -0.02083
0.41437 -0.08386 0.01000
-0.30969 0.07123 0.07426
-0.37923 -0.01476 -0.15235
-0.02425 0.13405 0.01327
-0.04587 0.13629 0.02159
-0.05201 0.13692 0.01279
-0.02982 0.13463 0.00999
-0.05429 0.13716 -0.00609
0.05564 -0.06548 -0.06239
0.05030 -0.05449 -0.06239
-0.29893 -0.06902 0.14412
-0.27399 -0.06651 0.15448
-0.14892 -0.07041 0.09041
-0.15364 -0.05798 0.14206
0.29440 -0.12833 0.12556
0.28776 -0.12833 0.13436
-0.32259 -0.05746 0.15833
0.12405 -0.00210 -0.12509
0.12226 0.00809 -0.12509
-0.19769 -0.11696 -0.13642
-0.09590 0.01504 0.11861
-0.12378 0.01504 0.11779
-0.17599 -0.07702 0.15822
0.14456 0.04497 0.03212
-0.25754 -0.13412 -0.13756
0.27747 -0.09584 0.15179
-0.28262 -0.09725 -0.15158
-0.18445 -0.10200 0.12627
0.23076 -0.02170 -0.12520
0.22893 -0.02323 -0.09841
0.23290 -0.01991 -0.09901
0.32724 -0.04066 -0.09547
0.24858 -0.11701 -0.17575
0.12207 0.07123 0.12855
-0.18132 0.13360 -0.00541
-0.17457 0.13443 -0.00082
-0.18321 0.13336 -0.02179
-0.17503 0.13437 0.00540
0.28337 -0.12814 -0.15264
-0.18845 -0.12257 0.15565
0.16642 0.05244 0.00344
0.15690 0.04681 -0.01557
0.16244 0.05008 0.00174
0.14115 0.03814 -0.00934
0.06087 0.02399 0.05710
-0.01541 -0.03741 -0.01641
0.30618 -0.02884 -0.08992
0.36970 -0.02000 0.15314
0.24077 -0.06157 0.08278
-0.16578 -0.07936 -0.11922
-0.13250 -0.04785 -0.11397
-0.14416 -0.04785 -0.11945
-0.09647 -0.04785 -0.11706
-0.13819 -0.04785 -0.11262
-0.23804 -0.03511 0.15511
0.28744 -0.10204 0.15714
-0.12021 -0.06992 -0.01323
-0.09862 -0.05493 -0.01323
-0.11476 -0.06524 -0.01323
0.10640 0.02454 0.02215
