-0.45447 -0.04550 0.04145
0.25843 0.03559 0.11772
0.29733 0.03363 0.11198
0.28412 0.03419 0.12055
0.34242 0.03102 0.12764
0.28701 0.03384 -0.13357
0.31745 0.03229 -0.13077
0.30240 0.03305 -0.13278
0.25364 0.03562 -0.13220
0.18835 -0.07059 0.13726
0.05471 0.03056 0.14697
-0.00202 0.02972 0.14714
-0.27107 -0.01012 0.11083
-0.16515 -0.00954 0.15492
-0.31791 -0.06586 -0.13924
0.08079 0.03020 0.07009
0.08411 0.08452 -0.10002
0.41774 -0.00283 -0.04231
-0.39087 0.00153 -0.01796
-0.25537 0.03970 -0.00847
0.02946 -0.03363 -0.02436
-0.44125 -0.04325 -0.01292
-0.38506 0.00497 0.08045
0.03911 0.03910 0.14462
0.10578 0.02000 0.02107
-0.11409 -0.01161 -0.15164
0.15599 0.02965 -0.14474
0.22431 -0.04187 0.12072
0.38674 -0.05986 0.05424
0.36650 -0.06090 0.10091
0.35390 -0.06195 0.09801
0.38085 -0.06012 0.07072
0.36863 -0.06154 0.03651
0.39473 -0.05867 0.09732
0.36125 -0.06215 0.03473
0.36192 -0.06170 0.06653
0.37954 -0.05986 0.09998
0.36520 -0.06168 0.04710
0.37257 -0.06071 0.07708
-0.39382 -0.01989 -0.08025
-0.35680 0.02878 0.01993
0.04551 -0.06093 -0.12802
-0.43748 -0.02701 0.13599
0.34731 -0.01838 -0.15087
-0.18887 0.01379 -0.14969
-0.22021 0.01304 -0.14973
-0.12420 0.01686 -0.14947
-0.37619 -0.00431 -0.07550
-0.37638 -0.01057 -0.06377
-0.09671 -0.03163 -0.15133
0.01353 -0.03651 0.12756
0.06489 0.10346 -0.04993
-0.32360 -0.06998 0.08120
-0.31901 -0.07025 0.03938
-0.39950 -0.06544 0.08180
-0.38865 -0.06609 0.09112
-0.35757 -0.06795 0.07625
-0.34595 -0.06864 0.05542
-0.30064 -0.07135 0.09420
-0.31403 -0.07055 0.08445
-0.28713 -0.07215 0.02412
-0.28060 -0.07255 0.06653
-0.29530 -0.07167 0.08933
-0.32914 -0.06964 0.03232
-0.36634 -0.06742 0.07137
-0.38910 -0.06607 0.08044
-0.33428 -0.06934 0.09299
-0.32559 -0.06986 0.06428
-0.37322 -0.06701 0.07626
-0.34939 -0.06844 0.08972
-0.36696 -0.06739 0.06265
-0.31944 -0.07023 0.07607
-0.34128 -0.06892 0.05108
-0.34362 -0.06878 0.08737
0.27688 -0.07880 0.14602
-0.05946 0.03306 0.14678
-0.04233 0.01052 0.12460
-0.36489 0.02741 0.03512
-0.35243 0.02932 0.04758
0.16864 0.00088 0.14775
0.15094 0.02502 0.13310
-0.43541 -0.03155 -0.01173
0.30097 -0.06959 -0.14825
-0.01834 -0.03151 0.02300
-0.00956 -0.03282 0.02296
-0.04621 -0.06499 -0.14150
-0.43755 -0.06298 0.06162
0.23191 0.03815 0.14375
0.42485 0.01078 -0.02057
-0.08963 0.00675 -0.12204
0.11090 0.05249 0.08217
-0.22701 -0.08552 -0.14752
-0.15708 -0.06554 0.13451
0.40694 0.02761 -0.06137
0.43059 -0.00962 0.01490
-0.36663 -0.05962 0.14178
-0.25386 -0.08843 -0.14648
-0.41269 -0.01341 0.04409
0.42287 -0.01830 -0.01820
0.32442 0.03233 0.10569
0.25482 0.03610 0.10398
0.27543 0.03494 0.10632
0.23295 0.03698 0.11550
0.10539 0.02786 -0.00183
0.03709 -0.02881 -0.00849
-0.26428 0.04164 0.01642
-0.41133 -0.01133 -0.04516
-0.36712 -0.01382 -0.11664
-0.38687 -0.05578 0.14116
-0.06168 0.02429 -0.13302
-0.39434 -0.02357 0.03520
-0.17394 -0.03250 0.05424
-0.44222 -0.06217 -0.08779
-0.10501 -0.03269 -0.10207
-0.39370 0.00094 0.02142
0.09265 0.08067 -0.08993
0.15616 -0.00184 0.14251
-0.37147 0.02652 -0.01612
-0.03595 -0.00573 -0.09337
-0.04483 0.01689 -0.10771
-0.03950 0.00332 -0.10666
-0.03573 -0.00629 -0.10030
0.00448 -0.03799 -0.02709
0.42392 0.00936 -0.02790
-0.10658 -0.06248 -0.10620
-0.22684 -0.08977 0.12826
-0.08280 -0.05199 0.12154
0.43057 0.00185 -0.00262
0.13778 -0.06293 0.13980
0.06324 -0.06244 0.13950
0.09788 -0.00272 0.05157
-0.06571 -0.00148 -0.15136
0.05757 0.00377 -0.15097
-0.02258 0.00365 -0.15099
-0.03535 0.00355 -0.15100
-0.06656 0.00753 -0.15072
-0.37092 0.02618 0.04987
-0.42925 -0.05236 -0.14610
-0.03437 0.06488 -0.07420
-0.22402 -0.00593 0.12900
-0.31939 0.03388 0.05570
-0.28885 0.03780 0.06127
-0.29272 0.03660 0.08649
-0.32992 0.03242 0.05746
0.43697 -0.05321 0.11980
-0.18267 0.04596 -0.02836
-0.38488 -0.06445 -0.12201
-0.33544 -0.06833 -0.10382
-0.34939 -0.06721 -0.11287
-0.30982 -0.07027 -0.10748
-0.37949 -0.06494 -0.10797
-0.34929 -0.06727 -0.10435
-0.33965 -0.06803 -0.10048
-0.18751 0.04847 -0.00911
0.08230 0.03853 0.15602
-0.03411 -0.01093 0.03162
-0.23197 0.03413 0.14460
-0.18732 -0.05514 0.14638
-0.22689 -0.09961 -0.11728
-0.02024 -0.04815 0.12763
0.09526 0.02328 -0.10820
0.09160 0.00641 -0.12345
0.13609 0.02487 0.13473
-0.27907 -0.04782 -0.14736
-0.03439 0.03719 -0.14640
0.26021 0.01134 -0.14973
-0.01476 -0.06721 -0.13729
-0.06270 -0.06380 -0.13826
-0.29432 -0.07146 0.12055
-0.33417 -0.06836 0.12122
-0.28990 -0.07181 0.11598
-0.30828 -0.07038 0.12795
0.43207 -0.00590 0.00416
-0.24576 -0.04620 0.14542
0.34478 -0.02182 0.15170
-0.04673 0.03642 0.13302
0.05793 0.03440 0.13302
0.42451 -0.02430 0.03501
0.04025 -0.03840 0.13256
0.14863 0.04743 -0.04854
0.44001 -0.03860 -0.09945
-0.43452 -0.04174 0.02911
0.12485 0.03387 0.13483
0.18508 -0.05973 0.14389
0.06820 0.01979 0.09176
0.23498 -0.02337 0.14151
0.10149 0.00089 -0.03577
-0.40396 -0.02256 0.13378
0.22151 -0.07148 -0.03258
0.30845 -0.06594 -0.01233
0.22406 -0.07132 -0.06994
0.24347 -0.07008 -0.07717
0.24668 -0.06988 -0.03499
0.20838 -0.07232 -0.08460
0.22401 -0.07132 -0.02326
0.34312 -0.06374 -0.00514
0.32430 -0.06494 -0.01909
0.25185 -0.06955 -0.00720
0.33344 -0.06435 -0.01584
0.23738 -0.07047 -0.06747
0.23829 -0.07041 -0.00106
0.25814 -0.06915 -0.04832
0.30231 -0.06634 -0.00962
0.29722 -0.06666 -0.02569
0.27876 -0.06784 -0.00046
0.25143 -0.06958 -0.05794
0.22781 -0.07108 -0.00789
0.24380 -0.07006 -0.00891
0.22910 -0.07100 -0.08103
0.30090 -0.06643 -0.03506
0.24033 -0.07028 -0.06275
-0.24905 0.04213 -0.08840
-0.26690 0.04033 -0.07571
-0.25676 0.04167 -0.07320
0.13832 -0.02999 -0.15192
-0.08065 -0.05272 -0.14434
0.41673 0.00087 0.12308
-0.27691 -0.01808 -0.10831
0.18405 -0.05706 -0.07032
-0.00383 -0.04250 0.12946
0.26553 -0.09123 -0.11951
-0.02627 0.02719 0.12621
0.03805 0.10629 0.03010
0.03820 0.10629 0.04483
0.04247 0.10629 0.03636
-0.38602 0.01057 0.14292
0.11363 -0.00178 0.13063
0.05253 -0.05675 0.02439
0.42189 0.00611 -0.05047
0.02650 -0.03455 0.13067
-0.04557 0.04122 0.02816
0.01790 -0.01833 0.12031
0.32582 -0.05145 -0.14760
-0.04065 0.02718 -0.02501
0.05042 -0.03076 -0.12851
0.04000 -0.03236 0.02051
-0.44299 -0.02397 -0.01547
0.42184 -0.01368 0.04857
-0.19950 0.01004 0.09193
-0.19973 0.03217 0.07129
-0.38668 0.00196 0.07580
0.07300 -0.04539 -0.07495
0.09801 0.04550 -0.09593
-0.14064 -0.05597 0.14472
0.05190 0.03545 0.14670
0.28895 -0.02652 0.14224
-0.20928 0.03282 -0.07854
-0.24983 0.03250 -0.08639
-0.23358 0.03295 -0.07528
-0.22406 0.03257 -0.08464
-0.19683 0.01724 0.01636
-0.19718 0.03392 0.03238
0.38843 -0.04216 -0.14558
0.08863 0.01757 0.07721
-0.02869 0.05312 0.06146
-0.01085 0.00018 0.07857
-0.01696 0.01940 0.10946
-0.01231 0.00478 0.09775
0.38257 0.01265 -0.14683
-0.24744 -0.06480 0.13236
0.42171 -0.05639 0.13473
0.05639 0.02885 0.13302
-0.42258 -0.02636 -0.13250
0.24414 -0.04155 0.12720
0.40237 -0.00672 -0.14739
0.41427 0.00197 -0.10706
0.02617 0.03116 -0.14679
-0.08785 0.03736 0.14580
0.13310 -0.07139 0.13721
0.12603 -0.00588 -0.05844
0.16087 -0.00651 -0.03707
0.16131 -0.00681 -0.05333
0.31838 0.03435 -0.07315
0.24339 0.03851 -0.07855
0.30952 0.03500 -0.07149
0.31489 0.03425 -0.07748
0.28785 0.03616 -0.07368
-0.34903 -0.03084 -0.14718
0.40916 0.02487 0.11846
0.11504 0.06010 0.13015
-0.34824 -0.06739 0.09791
-0.36528 -0.06604 0.10624
-0.37162 -0.06549 0.11672
-0.37360 -0.06545 0.09944
-0.29406 -0.07150 0.10209
-0.34742 -0.06739 0.10896
-0.31817 -0.06969 0.09781
0.00316 -0.04547 0.02173
0.16941 0.04272 -0.04960
0.19157 0.04194 -0.05478
0.19170 0.04218 -0.04512
0.10310 0.03353 0.04072
0.06437 -0.01683 -0.12012
-0.02845 0.04564 -0.10089
-0.03157 0.04480 -0.03179
-0.04021 0.04803 -0.08405
0.40616 0.01265 0.14590
-0.42473 0.01896 -0.01820
0.15621 0.02349 -0.14503
-0.10887 -0.03185 0.03345
0.14704 0.03331 -0.14627
-0.26753 0.03703 0.12838
0.11550 0.07002 -0.04249
-0.38756 -0.00909 0.11271
-0.26537 -0.01972 -0.11902
-0.37078 0.02493 0.09894
-0.40681 -0.00663 0.02921
-0.33170 0.03236 0.02617
-0.29857 0.03665 0.02730
-0.44524 -0.02884 -0.00875
0.02508 -0.05210 0.02162
0.26066 0.00192 -0.11095
0.24567 0.00037 -0.14331
0.27513 -0.01982 -0.14832
0.07241 0.00924 0.15049
0.12676 0.00958 0.15044
0.12088 0.01103 0.15024
-0.01293 0.00877 0.15057
0.06256 0.00987 0.15041
-0.39392 -0.01181 0.07574
-0.39097 -0.00321 0.07596
0.32930 -0.06948 0.11589
-0.08665 0.00366 -0.14713
0.07184 -0.03975 0.01461
-0.19328 0.04678 0.11901
-0.41014 -0.02250 0.03436
-0.19498 0.04642 0.04140
0.37829 0.02030 0.14553
-0.41498 -0.02615 -0.11412
-0.43083 -0.02687 -0.11950
-0.01587 -0.06295 -0.01374
0.09242 -0.06227 -0.01346
0.03435 0.10627 0.02609
0.27395 -0.00100 0.12642
-0.08607 0.00101 0.11674
0.30599 -0.07054 0.13892
0.07765 0.05588 0.05918
-0.08101 -0.06099 0.14030
-0.08457 -0.00895 0.11205
0.15574 -0.00625 -0.00900
0.16892 -0.00664 -0.01111
0.16579 -0.00656 -0.01746
0.14351 -0.00592 -0.03054
-0.18211 -0.04375 0.14313
0.42961 -0.00065 -0.00823
-0.01711 -0.02449 -0.02314
-0.40752 -0.06420 -0.10729
-0.39779 -0.06420 -0.09258
0.21138 0.04271 0.00521
0.18438 0.04333 0.00076
0.19618 0.04292 0.01315
0.18433 0.04322 0.00941
0.17825 -0.03012 -0.15177
0.31221 0.02104 -0.14720
0.28446 0.02528 -0.14678
-0.37050 0.02633 -0.04636
-0.11410 -0.03232 0.10825
-0.25751 0.03445 -0.01365
-0.24544 0.03453 -0.00961
0.05241 -0.03775 -0.13215
-0.38481 0.00624 -0.05551
-0.16753 -0.06593 -0.14816
-0.23125 -0.08808 0.11421
0.41435 -0.02322 -0.05291
0.18490 -0.05568 -0.13481
0.42033 0.00166 -0.02880
0.41712 -0.00868 -0.11003
0.21734 0.03780 -0.11227
0.23054 0.03731 -0.10741
0.21663 0.03801 -0.10528
0.11942 0.05009 0.09858
-0.25724 0.04257 -0.03387
-0.27685 0.03979 -0.04439
0.18009 -0.06195 0.02336
-0.36792 -0.03465 0.14635
0.41966 -0.05681 -0.07568
0.41581 -0.05798 -0.01380
0.41669 -0.05732 -0.06027
0.42312 0.01490 -0.04464
0.10633 0.03524 -0.02060
0.34318 0.03136 0.13564
-0.08570 0.01081 0.14651
-0.27352 0.04019 -0.02162
0.05503 0.10438 -0.09153
-0.35270 0.02953 -0.01234
0.03029 -0.03197 -0.05730
0.24603 0.01268 0.14960
-0.09239 -0.00561 0.15161
0.43664 -0.05368 0.09139
-0.00452 0.01884 0.14925
0.13172 0.01859 0.14924
0.08237 0.02209 0.14870
0.04171 0.01827 0.14932
0.22919 -0.03417 -0.12029
-0.06790 0.01909 0.15366
0.16345 -0.00568 0.12425
0.17524 -0.00568 0.12980
0.17360 0.04174 0.06924
0.16882 0.04149 0.07844
0.20900 0.03961 0.08354
0.18329 0.04052 0.08645
0.35516 -0.02273 -0.14874
-0.43178 -0.03792 -0.02814
-0.43867 -0.03792 -0.02302
-0.12819 0.03825 -0.13971
-0.33365 0.03209 -0.13698
-0.42160 -0.05436 -0.01004
0.10756 0.03114 0.02668
-0.42340 -0.06403 0.07768
-0.18237 0.04543 0.09117
-0.32276 0.03384 -0.00247
-0.28829 0.03819 -0.01034
-0.01038 -0.02976 -0.12945
0.00959 -0.03638 -0.12108
0.36652 -0.02842 -0.14786
-0.08754 0.03808 0.13818
0.27014 -0.01090 0.14470
-0.10858 0.03236 -0.14689
0.20877 0.04143 0.05476
0.21731 0.04096 0.05763
0.22509 0.04023 0.06502
0.21777 0.03987 0.07424
-0.21635 -0.08307 -0.14397
-0.03214 -0.01689 0.05799
-0.02719 -0.03185 0.04087
-0.01907 -0.05641 0.03664
-0.02640 -0.03425 0.06173
-0.03135 -0.01927 0.09572
-0.02958 -0.02463 0.06547
-0.03476 -0.00897 0.07003
-0.02468 -0.03946 0.05101
0.06030 -0.03019 -0.02350
0.16625 -0.04709 -0.14535
0.04682 0.10647 -0.10437
0.09040 0.04417 0.13190
0.13823 -0.05525 -0.00223
0.10572 -0.05564 -0.00346
0.15407 -0.05569 -0.00364
-0.15623 -0.03086 -0.08180
-0.16426 -0.03086 -0.08871
-0.01085 -0.00360 -0.03650
0.41432 0.00586 -0.06125
-0.37903 -0.04780 -0.14310
0.44290 -0.04136 0.05207
0.06357 0.01963 -0.13769
-0.44766 -0.03687 -0.09975
-0.24075 -0.00747 -0.13281
-0.04942 0.03049 -0.11291
-0.15836 -0.07167 -0.14254
0.34448 0.03462 0.04159
0.32019 0.03517 0.05813
0.34210 0.03311 0.06938
0.34404 0.03415 0.04985
0.32588 0.03495 0.05564
0.29212 0.03711 0.05518
0.11760 -0.00058 0.12407
0.35190 0.03054 -0.10718
0.35428 0.03024 -0.11254
-0.21875 -0.00408 -0.14642
0.30167 -0.04074 0.13963
0.12303 0.06514 0.03641
-0.24202 -0.00985 -0.14122
0.18552 -0.05121 -0.11031
0.18552 -0.03993 -0.03975
0.18552 -0.04088 -0.03231
0.18552 -0.04717 -0.00550
0.18552 -0.02900 -0.03117
0.18552 -0.03593 -0.08103
0.18552 -0.04022 -0.00930
0.18552 -0.03291 -0.06505
-0.24290 -0.05991 0.13958
0.30009 -0.03405 -0.14123
0.07481 0.09886 0.01933
0.13895 0.05048 -0.02610
0.13720 0.05186 -0.08106
0.13344 0.04820 0.12682
0.41766 -0.02160 0.06249
0.12624 0.06354 -0.00480
0.12168 0.06661 -0.00837
-0.13787 0.04174 -0.14417
-0.02651 -0.01019 0.12003
0.27962 -0.01928 0.12698
0.22070 -0.00162 0.15081
-0.37942 0.02343 -0.08205
0.40665 0.02552 0.10092
0.39537 0.02637 0.11425
0.38396 0.02728 0.12398
-0.20272 -0.10845 -0.11932
-0.24179 -0.06531 0.13700
0.37883 -0.05987 0.12149
0.35545 -0.06176 0.13773
0.36057 -0.06135 0.12046
0.40890 -0.00908 0.14712
0.01375 0.01681 -0.14952
-0.01842 0.01437 -0.14985
-0.05704 0.01340 -0.14999
0.02957 -0.03313 0.12476
-0.39208 -0.00544 -0.07191
-0.39172 -0.00194 -0.06203
-0.26344 0.03790 0.06002
0.05687 0.01691 0.13302
-0.24266 -0.06041 -0.14129
0.22358 0.00751 -0.15035
-0.18278 0.04605 0.02296
-0.39038 -0.01433 0.12747
0.25444 -0.06948 -0.14772
0.12198 -0.00527 0.00632
0.13438 -0.00563 0.01035
0.14678 -0.00600 0.01483
-0.17440 -0.00231 -0.05128
-0.17445 0.00020 -0.02304
-0.17439 -0.00244 -0.00085
-0.17458 0.00716 -0.00175
-0.02200 -0.04719 -0.14742
0.02770 -0.04734 -0.14719
-0.07602 -0.04831 -0.14728
-0.37614 -0.02366 -0.04557
-0.37794 -0.01102 -0.04197
-0.25215 -0.00892 -0.15102
0.42172 0.00282 -0.03601
0.01570 -0.03463 -0.11551
0.12273 -0.01882 0.15150
-0.06901 -0.01965 0.15150
0.01447 -0.02375 0.15119
0.09015 0.05013 0.12308
-0.39292 -0.00108 0.03904
-0.25621 0.03786 -0.09057
-0.44830 -0.03581 0.13618
-0.15694 -0.03086 0.02853
-0.15531 -0.03086 0.01189
0.06870 -0.06727 -0.13991
0.01884 -0.06566 -0.14095
0.13098 -0.06397 -0.14197
0.23653 -0.09300 -0.14084
0.23656 -0.00204 0.12650
0.41937 -0.01200 -0.04859
-0.30580 0.03419 -0.12005
-0.29012 0.03652 -0.10663
-0.33138 0.03062 -0.12744
-0.29461 0.03595 -0.10395
0.04034 -0.03131 0.10331
-0.19673 0.00360 0.00799
-0.19673 0.01866 0.00577
0.08497 -0.05723 0.14574
0.07371 -0.05664 0.14608
-0.01677 -0.05612 0.14701
0.10656 -0.05610 0.14605
0.14533 -0.06818 -0.13714
-0.42822 -0.00461 -0.02669
-0.24470 0.03810 0.11912
-0.30115 0.02067 -0.14578
-0.29344 0.02351 -0.14520
-0.42107 -0.03791 0.01261
0.41959 -0.04660 -0.14820
-0.23504 -0.00604 0.13857
-0.02751 0.01714 0.14949
0.09467 0.01540 0.14967
0.02363 0.01394 0.14988
-0.07108 0.01712 0.14951
-0.01086 -0.00391 0.03858
-0.09846 0.03640 0.14657
-0.02834 0.02850 -0.01663
0.34353 -0.01790 -0.10570
0.10462 0.03488 -0.14630
0.02697 -0.05458 -0.02237
0.42740 -0.02451 0.08452
-0.36447 0.02600 0.11115
0.00052 -0.03866 0.02805
-0.27433 0.03542 0.11134
-0.19667 -0.08366 -0.13884
-0.22118 -0.00593 -0.11862
0.20076 0.03277 0.14599
0.18517 0.04318 -0.01157
0.23059 0.04233 -0.00340
0.17282 0.04350 -0.00683
0.17470 0.04091 -0.08561
0.20979 0.03972 -0.08069
0.21392 0.03928 -0.08624
0.16138 0.04102 -0.09462
0.01738 -0.04212 -0.13150
0.07686 0.02758 0.08125
0.28360 0.00267 0.14157
0.28398 0.00267 0.15208
0.03412 -0.04314 -0.13194
-0.10596 -0.05275 0.14604
-0.30717 -0.07056 -0.13388
-0.27730 -0.03972 0.14268
-0.28636 0.03822 -0.02410
0.32892 -0.03472 0.13839
0.10466 0.01171 -0.00519
0.10034 0.03387 0.06768
0.41974 0.00232 -0.05830
-0.24147 0.04064 -0.14068
0.25540 -0.08580 0.11904
-0.38794 0.01443 0.13861
-0.27841 -0.04566 0.12266
-0.10795 -0.03164 -0.02313
0.06329 0.02660 0.03472
0.04066 -0.06937 -0.13842
0.08709 -0.06941 -0.13844
-0.30896 0.02528 -0.14359
-0.31124 0.03531 0.00450
0.44095 -0.02807 -0.10484
0.09951 0.07781 0.07473
0.04534 0.10598 -0.10992
-0.17332 -0.06482 0.11403
-0.43702 -0.06328 -0.02261
0.27892 -0.00054 -0.12389
0.01033 -0.04507 0.13109
-0.37868 0.00250 0.08189
-0.38991 -0.00359 0.06163
-0.41848 -0.02617 0.13450
-0.42026 0.01708 -0.00111
0.41660 -0.03233 0.04533
0.05206 0.10251 -0.10917
-0.38773 -0.00655 -0.09972
0.03764 -0.03166 0.02914
0.07455 0.02061 0.05258
0.31447 -0.05180 -0.13061
0.38363 0.02912 0.06972
0.35973 0.03276 0.05097
0.35186 0.03356 0.05073
-0.27298 -0.01703 0.15147
0.01804 -0.03087 0.15196
-0.04506 0.03847 0.14318
0.43901 -0.04714 0.09400
0.00186 -0.05832 0.01819
-0.35505 -0.05009 -0.14309
0.42829 -0.01290 0.01856
0.17034 -0.00539 0.03896
0.42695 -0.02447 0.07493
0.08493 0.09254 -0.00165
-0.38801 0.01492 -0.01661
-0.44864 -0.05931 0.03629
-0.33722 -0.06210 -0.14144
-0.18421 0.04661 -0.08697
0.42487 -0.00090 0.04086
0.42515 0.01307 -0.03375
-0.03566 0.05055 0.09430
-0.22564 0.03348 0.06186
-0.21507 0.03358 0.05960
-0.21523 0.03321 0.06882
-0.21319 0.03270 0.08148
-0.24672 -0.09922 0.12037
0.08223 -0.00013 -0.12690
0.16415 0.03986 -0.13172
0.18685 0.03905 -0.12180
-0.00608 -0.02045 0.03742
0.23688 -0.00195 -0.10431
-0.39768 -0.02334 0.09163
-0.35651 0.02884 -0.01874
-0.20208 0.04377 0.11336
-0.34665 0.03030 -0.02971
-0.35514 0.02897 -0.03727
0.12419 0.06178 0.07189
0.11695 0.06516 0.08673
-0.06363 -0.00857 -0.12100
0.26039 -0.03027 0.13541
-0.42097 -0.06427 -0.06706
-0.39005 -0.06609 -0.07651
-0.41815 -0.06450 -0.05578
-0.39454 -0.06576 -0.08832
-0.31717 -0.07040 -0.09023
-0.42139 -0.06421 -0.07428
-0.32764 -0.06981 -0.08372
-0.31037 -0.07079 -0.09451
-0.40052 -0.06552 -0.06513
-0.35572 -0.06815 -0.07824
0.02851 0.10405 0.03417
-0.37195 -0.06526 0.13884
0.42984 -0.01666 -0.01688
-0.35785 0.02842 -0.04899
-0.36110 0.02800 -0.03802
0.26152 -0.07458 -0.14951
-0.12985 0.01226 -0.12869
-0.31360 0.02867 0.14166
0.12385 0.04796 -0.13206
0.13456 0.05548 0.06443
0.10657 -0.01770 -0.12068
-0.09000 -0.01183 -0.11115
0.42211 -0.01704 0.03734
0.29675 0.00258 -0.11127
0.29951 0.00228 -0.12736
-0.19403 -0.07924 -0.14438
0.05010 0.03539 -0.13302
0.04199 0.03770 -0.13302
0.30019 0.03378 0.09954
0.31261 0.03348 0.08354
0.33200 0.03246 0.08205
0.15514 -0.02603 0.13674
-0.17999 0.04288 0.09659
0.41674 0.00182 -0.13372
-0.01128 -0.00425 0.01505
0.09902 0.02245 0.07274
0.09898 0.01271 0.06662
-0.38901 -0.01533 -0.12200
-0.10150 -0.05489 -0.05643
0.22789 -0.03283 -0.14166
-0.37309 -0.01321 -0.09557
-0.13067 0.03898 -0.14523
0.42144 0.01536 -0.02643
-0.35150 0.00420 0.11806
-0.36331 0.01612 0.11804
-0.18571 -0.00512 -0.15037
0.25329 0.01404 -0.14936
-0.43201 -0.01422 0.02567
0.16528 0.04016 -0.11990
0.18512 0.03941 -0.10884
0.05936 -0.04299 0.02287
0.33637 0.03293 -0.14294
-0.25887 0.03877 0.04954
0.41674 -0.00660 0.04332
-0.00855 -0.00804 -0.10254
0.29331 0.03448 -0.13608
-0.21731 -0.11127 -0.13405
0.09027 -0.02802 -0.15075
0.07471 -0.02415 -0.15110
-0.38399 -0.01084 0.14617
-0.16936 0.01354 0.12868
0.09645 0.03021 0.11719
0.24807 -0.03409 0.13698
0.10273 0.02921 0.14748
-0.05425 0.02048 0.14899
-0.01142 0.02662 0.14786
0.00464 0.02744 0.14772
0.38059 -0.01718 0.14758
0.27077 -0.09239 0.14105
0.18726 -0.05995 -0.14377
0.12984 0.05140 0.07769
0.10191 0.06907 0.12497
-0.02361 0.02180 0.12634
-0.45310 -0.03832 -0.01819
0.08928 -0.00561 -0.13106
0.38463 -0.05974 -0.07681
0.38169 -0.06007 -0.06974
0.35849 -0.06219 -0.04960
0.38091 -0.05989 -0.08858
0.36681 -0.06139 -0.05972
0.37428 -0.06038 -0.09241
0.38562 -0.05992 -0.05598
0.36546 -0.06113 -0.08895
-0.38741 0.00456 0.13412
0.28208 -0.02660 -0.14606
-0.21220 -0.04341 -0.15034
0.41221 -0.05806 0.03237
0.39917 -0.05897 0.04422
0.38361 -0.06071 0.00600
0.40226 -0.05841 0.06995
0.39915 -0.05915 0.02987
-0.42741 0.00943 0.02744
0.06700 -0.05929 0.06320
0.01710 -0.03634 -0.13090
-0.19099 -0.00538 -0.14250
0.39498 -0.00092 -0.14761
-0.23519 -0.00692 0.12420
-0.25090 0.03881 0.08015
-0.25959 0.03751 0.08891
-0.43716 -0.02711 0.07024
-0.01912 0.01469 -0.12493
-0.41144 -0.03790 -0.01468
-0.37788 -0.01484 -0.14633
0.41477 0.01255 -0.08718
-0.43144 -0.03196 -0.04093
0.19567 -0.03134 -0.15123
-0.36561 -0.06611 0.13395
0.31615 -0.04792 0.11403
0.10262 0.01184 0.02736
0.26352 0.00849 0.15140
0.43723 -0.02547 0.08713
-0.16479 -0.01059 -0.14582
-0.21872 -0.02016 0.13446
-0.45290 -0.04166 0.02294
-0.26637 -0.05611 -0.12158
-0.35949 0.02728 -0.09125
-0.34291 0.02974 -0.09825
-0.00169 -0.03539 -0.05005
0.26842 -0.11069 0.12765
0.41839 -0.02353 0.04774
0.24349 -0.02569 0.14471
0.19197 -0.00143 0.15092
-0.18509 -0.09185 -0.14837
0.09645 0.01898 0.11496
-0.31351 0.03412 -0.07700
-0.32310 0.03287 -0.07787
-0.33182 0.03169 -0.08078
-0.12636 -0.05684 0.14712
0.23438 0.02937 0.14680
0.26589 0.03508 0.12555
0.29640 0.03341 0.12981
0.27013 0.03480 0.12888
-0.15319 -0.01998 -0.14622
0.06748 0.10175 0.04967
0.07718 0.09721 -0.01911
0.21232 0.03415 -0.14539
-0.07890 -0.06494 -0.13790
0.05715 -0.06620 -0.13766
0.41116 0.03279 0.00132
0.40073 0.03283 0.01104
0.37395 0.03474 0.01173
0.38084 0.03434 0.01038
-0.34078 0.03116 -0.04817
-0.33721 0.03164 -0.03925
0.01527 -0.05632 -0.02260
-0.42002 -0.03341 0.15066
-0.28504 -0.00400 -0.11683
-0.24208 0.04383 -0.02262
0.44954 -0.04534 -0.02261
0.14144 0.05115 0.05897
-0.26740 -0.01433 0.06841
-0.27423 -0.01505 0.03249
-0.19083 0.04789 -0.10244
-0.22744 -0.02310 0.13764
0.41358 -0.02829 0.05774
-0.01061 -0.05232 0.12982
-0.26808 0.04054 0.06255
-0.28113 0.03800 0.09179
0.11143 -0.00618 0.08906
0.11968 -0.00612 0.09569
-0.19719 0.04464 0.10393
0.43943 -0.05595 -0.01575
-0.04809 0.05072 0.09325
0.10102 0.07011 -0.12302
-0.33320 0.03222 0.13387
-0.29800 0.03349 0.14045
0.09264 0.04978 0.13171
-0.41343 -0.02530 -0.04147
0.06863 -0.03120 0.12648
0.42153 -0.03233 -0.02673
0.21266 -0.02860 -0.14520
0.06922 0.01607 0.06714
0.17378 -0.00567 0.10528
0.17809 -0.00568 0.12030
0.23281 -0.05208 -0.11721
-0.28063 0.03474 0.10547
-0.25850 0.01063 0.14970
-0.18091 -0.05090 -0.13818
-0.41644 -0.02613 0.09159
0.07861 -0.02335 -0.12658
-0.04185 0.00930 0.02957
-0.04674 0.03565 -0.14699
-0.17585 0.02510 -0.11932
-0.20757 -0.06498 -0.15046
-0.44716 -0.03924 -0.10512
-0.27422 0.03952 -0.06995
-0.26313 0.04127 -0.05997
-0.26540 0.04118 -0.05239
-0.14593 -0.03086 -0.02688
-0.14432 -0.03086 -0.01178
0.08271 0.02855 -0.13392
-0.40662 -0.04137 -0.14476
0.02977 -0.03209 0.11526
0.04278 0.00291 -0.13302
0.06710 0.00381 -0.13302
0.16706 0.03964 0.13480
0.20845 0.03784 0.13049
0.38050 0.03365 -0.13812
0.28405 -0.00409 0.14347
0.29461 -0.02981 -0.13887
-0.15064 0.04215 0.14081
-0.21238 -0.02896 0.13937
-0.41705 -0.02621 -0.10679
-0.40753 -0.02579 -0.10699
0.07057 -0.04912 -0.14642
0.06279 -0.04945 -0.14635
0.08438 -0.04829 -0.14664
0.15203 -0.04565 -0.14723
-0.24086 -0.01718 0.11453
-0.25109 0.03820 -0.10043
-0.25993 0.03649 -0.12607
0.11234 0.01387 0.13408
-0.43160 -0.00672 0.03744
-0.10215 -0.05836 0.08967
-0.16406 -0.03244 0.03992
0.27735 0.03926 -0.03717
0.35240 0.03451 -0.03590
0.31674 0.03734 -0.02859
0.33533 0.03608 -0.02954
0.33491 0.03546 -0.03835
0.34133 0.03576 -0.02851
0.34725 0.03455 -0.03999
-0.00435 -0.05220 0.02235
0.08739 0.08826 0.04961
-0.04870 0.02768 0.12180
-0.04322 -0.06645 0.12224
-0.05565 -0.06645 0.11764
0.02676 -0.06645 0.13326
0.01616 -0.06645 0.12728
0.03318 -0.06645 0.12378
0.13758 -0.06645 0.13335
-0.07234 -0.06645 0.12876
0.11232 -0.06645 0.13461
0.42559 -0.03324 -0.03933
-0.01078 -0.04088 -0.02282
0.30794 0.03664 -0.04640
0.31582 0.03508 -0.06413
0.31597 0.03574 -0.05302
0.33645 0.03424 -0.05646
0.29953 0.03666 -0.05487
0.32176 0.03455 -0.06671
0.03428 -0.03258 0.15044
0.36412 0.03294 0.13647
0.16938 -0.00654 0.01986
0.09474 0.01664 0.11980
-0.26702 0.04112 0.04317
0.14555 -0.06138 -0.14083
0.07199 -0.04787 0.10325
-0.27241 -0.01480 -0.10462
-0.33359 -0.04002 0.14627
-0.10628 -0.04520 0.14830
-0.18381 -0.02231 0.11364
-0.36477 0.02553 -0.12510
0.42597 0.03100 -0.00600
0.06956 -0.02900 0.04756
-0.03873 0.04796 0.05704
0.13154 0.05978 0.01085
0.12337 0.06526 0.01819
0.14234 0.05306 0.00087
-0.25502 -0.02168 -0.14018
0.00102 0.01196 -0.13291
0.39389 0.02900 0.05842
0.36692 0.03302 0.04064
0.37574 0.03190 0.04463
0.12933 0.05681 -0.08788
-0.40324 -0.03789 -0.00545
-0.13990 0.01352 0.13412
0.42035 0.00612 0.05633
-0.02776 -0.05359 -0.14662
-0.24461 0.04129 -0.12431
-0.35746 0.02828 0.05871
-0.44533 -0.06251 0.04059
0.25036 0.03857 -0.13739
-0.43001 -0.02269 0.04185
0.28343 -0.02963 0.13774
0.05710 -0.01570 0.15155
0.04608 -0.01550 0.15155
-0.03377 -0.00982 0.15159
-0.01115 -0.00986 0.15157
0.07968 -0.01573 0.15153
-0.44403 -0.02763 0.13737
-0.05037 0.03779 0.08877
-0.18113 0.04470 0.06274
0.30348 -0.06468 -0.14259
0.43152 -0.02394 -0.01344
-0.20815 -0.10553 -0.14739
-0.08621 -0.01147 -0.14740
-0.03137 0.02850 0.12730
-0.19029 0.02829 0.14735
-0.31863 -0.04259 -0.14580
0.09364 0.07088 0.12416
-0.38755 0.00636 -0.04139
-0.17897 0.03970 -0.00496
0.07134 0.09290 0.09750
0.09906 0.02636 -0.07937
0.09896 0.03918 -0.08905
-0.29188 0.01431 -0.11462
-0.28164 0.00830 -0.11249
0.11672 -0.05883 0.01053
-0.00957 -0.05845 0.00984
0.10149 0.01863 0.04620
0.01224 -0.06012 0.02364
0.19631 -0.05275 -0.14466
-0.03744 0.04875 -0.11548
0.42727 -0.01312 0.00201
0.16166 0.04441 -0.01546
0.27021 -0.02026 -0.14550
0.03330 -0.03159 -0.01710
0.43464 -0.03379 -0.02285
-0.00856 -0.01789 0.00924
0.41751 0.00998 -0.04712
-0.03618 0.02510 0.00519
0.05848 -0.02812 -0.07269
-0.04919 0.05205 -0.05804
0.33908 -0.06362 0.04827
0.32381 -0.06436 0.07941
0.32551 -0.06417 0.08533
0.33233 -0.06438 0.02280
0.28343 -0.06723 0.07894
0.29760 -0.06652 0.05244
0.27014 -0.06820 0.07673
0.32032 -0.06511 0.03434
0.20890 -0.07228 0.10015
0.31324 -0.06529 0.06274
0.33137 -0.06401 0.06240
0.27321 -0.06792 0.08193
0.33646 -0.06353 0.07335
0.29184 -0.06670 0.07280
0.32153 -0.06479 0.05519
0.23477 -0.07060 0.08621
0.24670 -0.06969 0.09201
0.29101 -0.06652 0.09440
0.24263 -0.06986 0.10313
0.28655 -0.06694 0.08510
0.27590 -0.06759 0.09421
-0.37745 0.02529 0.01774
0.25850 -0.08265 0.14372
0.25207 -0.05590 -0.14921
-0.24743 0.04316 0.06088
-0.03528 -0.00742 -0.12289
0.09723 0.03327 0.12470
-0.44127 -0.05670 -0.12576
0.17533 -0.05347 0.14482
0.01121 -0.03548 0.11527
0.08387 0.08779 -0.07591
0.27002 0.00385 -0.15438
0.16392 -0.00568 -0.10554
-0.40749 0.00021 -0.01723
0.37578 -0.00446 0.14857
0.39956 -0.02527 0.14762
0.16549 0.04017 0.11871
0.20207 0.03853 0.11176
0.29097 -0.01437 0.11362
0.42299 -0.00843 -0.03206
0.31188 -0.07069 0.13264
-0.41983 -0.06414 0.10385
-0.24061 -0.04099 0.14181
0.29269 0.03940 0.01363
0.25811 0.04147 0.00253
0.25215 0.04147 0.01087
0.24753 0.04061 0.04137
0.27683 0.03985 0.02269
0.26619 0.04006 0.03141
0.30879 0.03861 0.01402
0.33086 0.03761 0.01191
-0.37594 0.02403 -0.08919
-0.42426 0.01549 0.00654
0.31547 -0.02854 -0.14795
-0.38083 0.00076 0.02743
0.29748 -0.02499 0.14457
-0.34521 -0.06760 0.13231
0.42730 0.02613 0.03224
0.42529 -0.03181 0.00806
-0.38875 0.00979 0.04208
0.19187 -0.03940 0.14844
0.16445 -0.02753 -0.14699
0.31050 -0.06127 -0.14280
-0.20607 0.01973 -0.14901
-0.18192 0.02002 -0.14898
0.32811 -0.07474 -0.11968
0.05895 0.03408 -0.14637
-0.25787 0.03158 0.14402
0.22907 -0.05399 0.14423
-0.42453 -0.03507 -0.15099
0.24948 -0.07987 -0.14180
0.14821 -0.07162 0.13701
-0.02791 0.04467 0.10512
-0.26466 -0.07372 -0.13662
-0.37774 0.00015 0.06391
0.31621 -0.09610 0.13771
-0.30690 -0.07048 -0.12384
-0.28717 -0.07202 -0.11455
-0.28390 -0.07228 -0.11967
-0.31475 -0.06987 -0.12583
-0.30195 -0.07087 -0.12686
-0.43618 -0.04851 -0.01998
-0.18898 0.04234 -0.13993
0.45202 -0.03955 0.01513
-0.11395 -0.03086 0.07502
-0.12040 -0.03086 0.08214
0.05079 -0.06245 -0.02576
-0.00273 -0.02854 -0.09939
-0.00336 -0.02588 -0.07723
0.23167 -0.03135 -0.14668
0.25077 -0.04049 0.13774
-0.30080 0.03582 -0.07557
-0.29453 0.03650 -0.08117
-0.31986 0.03380 -0.05620
-0.38304 -0.06537 0.07054
-0.36183 -0.06717 0.08313
-0.36317 -0.06679 0.07695
-0.33836 0.03033 -0.10310
-0.31592 0.03320 -0.10362
-0.30720 0.03454 -0.09542
-0.31606 0.03296 -0.11218
-0.44677 -0.02726 0.04967
-0.00056 -0.06498 0.01460
0.08711 -0.06363 0.01403
0.17117 -0.06434 0.01433
-0.12178 0.02816 -0.14747
0.19123 0.02746 0.14762
0.22904 0.02554 0.14769
0.42065 0.02666 -0.05058
-0.38447 0.00346 -0.12627
0.25570 -0.02368 -0.14804
0.17779 -0.06411 -0.08824
0.17710 -0.06475 -0.11389
-0.24939 0.02475 -0.14727
-0.39250 -0.01928 0.12088
0.11181 0.07244 0.04253
0.43209 0.01165 -0.00317
0.15408 0.04440 0.05963
0.14173 0.05177 0.04565
-0.07337 -0.06071 0.13972
-0.25058 -0.00982 0.13651
0.42723 -0.00731 0.00728
0.36817 0.02854 -0.13496
-0.21990 0.03457 -0.00023
-0.22068 0.03457 -0.01177
-0.20063 0.02098 -0.09238
-0.19866 0.02302 -0.06964
-0.20005 0.02987 -0.07711
0.20949 -0.03974 0.13104
0.20933 -0.04050 0.11505
-0.21477 -0.11050 0.14077
0.41331 -0.03388 -0.15179
-0.26064 0.04232 0.00265
-0.08286 -0.06160 -0.14017
0.38089 -0.03677 -0.14661
-0.19347 0.04732 -0.04525
0.24848 -0.04277 -0.14698
-0.04977 0.05607 0.06101
0.03744 -0.03120 -0.10351
0.14511 0.04663 -0.08062
0.41721 0.01616 0.07065
-0.15067 -0.02460 0.13752
0.08500 0.08002 0.12291
0.12123 -0.06303 0.14259
-0.03965 0.05123 -0.09864
0.43307 0.00634 0.00769
0.43113 -0.03405 -0.04750
0.11573 0.05508 0.13794
-0.27427 -0.07260 -0.09436
-0.24178 -0.07260 -0.03805
-0.26951 -0.07260 -0.03226
-0.26588 -0.07260 -0.05582
-0.25592 -0.07260 -0.01271
-0.19409 -0.07260 -0.00403
-0.25675 -0.07260 -0.00062
-0.26647 -0.07260 -0.08508
-0.23622 -0.07260 -0.02556
-0.23790 -0.07260 -0.00072
-0.25248 -0.07260 -0.06440
-0.23049 -0.07260 -0.02968
-0.01192 -0.07253 -0.13548
0.10820 0.05725 0.13840
-0.21764 -0.00590 0.13113
0.42368 -0.00240 -0.04338
0.04730 0.10756 0.09705
0.14214 -0.00775 -0.13244
0.09914 -0.00650 -0.13237
-0.01353 0.00035 -0.03017
-0.26543 -0.04357 0.12537
-0.12555 0.02760 0.14758
0.36877 0.03471 0.14016
-0.03052 0.06273 0.06324
-0.03936 -0.06516 0.13787
0.06946 -0.06653 0.13757
-0.22129 -0.02631 0.13545
0.13066 0.05239 -0.11332
-0.23272 -0.03963 -0.14805
0.41800 -0.01241 0.14637
0.08896 0.02232 0.13302
-0.39431 -0.02298 -0.04029
0.39808 0.00733 0.14680
-0.17594 0.02578 0.08258
0.42777 0.01756 0.03128
-0.02110 -0.04313 -0.12780
-0.43151 -0.06353 -0.05589
-0.18806 0.04814 0.07271
0.43640 -0.05527 0.06039
0.23452 0.04009 -0.06230
0.22245 0.03948 -0.07790
0.21449 0.04099 -0.05865
0.23429 0.04067 -0.05347
-0.39401 0.00162 -0.00397
0.27657 0.01785 -0.14839
0.26567 0.02432 -0.14743
-0.17434 -0.01497 0.06941
-0.17439 -0.01776 0.05388
-0.17452 -0.02416 0.09702
-0.13631 -0.06270 -0.14356
0.23284 -0.08606 0.14141
0.38917 -0.05915 -0.14014
0.12610 0.05142 0.01980
0.06687 -0.02996 -0.12465
-0.13928 -0.01968 -0.15151
-0.44760 -0.06200 -0.03516
-0.01641 -0.00728 -0.02351
-0.28341 -0.02248 0.15009
-0.41846 -0.04858 0.01815
0.19076 0.04039 0.14096
0.41016 0.01623 -0.14508
-0.31547 -0.03253 -0.11566
-0.44605 -0.04391 0.10432
-0.04351 0.03304 0.12647
0.27146 0.00267 -0.13017
0.27319 0.00267 -0.12029
-0.44584 -0.04935 0.09529
0.21571 0.04208 -0.02577
0.24480 0.04192 -0.00579
0.22137 0.04136 -0.04356
0.20954 0.04246 -0.01913
0.22380 0.04147 -0.03809
0.23990 0.04163 -0.01910
-0.20787 -0.00907 -0.11757
-0.34945 0.02128 -0.11803
-0.34514 0.01567 -0.11790
0.06054 0.09031 0.11731
0.07772 0.07993 0.12781
0.05226 0.03954 0.13635
0.14829 0.03925 0.14315
0.06476 -0.06401 -0.08594
0.06878 -0.05553 -0.04338
-0.25899 -0.02778 0.12498
-0.04936 0.03025 0.10442
0.37486 -0.01962 0.14875
0.41685 -0.01964 -0.04286
-0.00093 -0.05543 -0.12981
-0.12793 0.00375 0.11818
-0.26507 -0.01876 0.13898
0.28262 -0.08713 -0.14555
0.19485 0.00181 -0.15078
0.44180 -0.04676 0.14164
-0.37780 0.02017 0.12498
0.41780 -0.01334 0.06022
0.00243 -0.03687 -0.07387
0.00823 -0.03583 -0.10927
-0.08842 -0.04775 -0.14612
0.14480 0.04798 -0.06665
0.15084 0.03006 0.14441
0.26305 -0.02918 -0.14579
-0.42148 -0.06438 0.03951
-0.35679 -0.06806 0.03451
-0.33748 -0.06919 0.02703
-0.38047 -0.06660 0.06004
-0.36059 -0.06783 0.03818
-0.35247 -0.06838 0.01929
-0.34072 -0.06897 0.03523
-0.40311 -0.06527 0.06844
-0.38657 -0.06641 0.02800
-0.40260 -0.06533 0.06270
-0.39115 -0.06602 0.05406
-0.44677 -0.02776 -0.08366
0.41287 -0.01173 -0.05884
-0.43718 -0.02711 0.04600
0.10895 0.00726 0.07295
0.09403 0.01048 0.11646
0.12029 0.05870 -0.11832
0.17571 -0.05497 -0.14611
0.29429 -0.07310 -0.14954
0.25839 -0.02493 0.13634
0.35945 -0.04653 -0.14741
-0.40948 -0.05399 -0.14164
0.30315 0.03720 0.04260
0.27040 0.03920 0.04411
0.26427 0.03973 0.04237
0.24980 0.04008 0.05037
0.25771 0.03996 0.04495
0.30724 0.03719 0.03917
0.34884 0.03550 0.02549
0.09036 0.02435 0.06123
-0.31746 -0.02380 0.11719
-0.29396 -0.00070 0.11628
-0.28847 -0.02309 0.11716
-0.30723 0.00179 0.11618
-0.30435 -0.02816 0.11736
-0.40890 -0.05058 0.14255
-0.41119 -0.04564 0.14369
-0.25200 -0.01093 -0.12179
0.11497 0.01700 0.06542
0.19084 -0.02226 -0.15098
0.06032 -0.04815 0.01624
0.08260 0.08521 0.10139
-0.00980 -0.04398 -0.14833
0.06758 -0.04163 -0.14859
0.15658 -0.04039 -0.14856
-0.14280 -0.04374 -0.13592
0.09610 0.01451 -0.14979
0.13141 0.01138 -0.15019
0.05456 0.01101 -0.15026
-0.16843 -0.03138 -0.09246
0.10009 0.00274 0.04911
-0.45119 -0.03688 -0.06456
0.05418 -0.02853 0.06701
-0.35809 0.00892 -0.11797
-0.36296 0.01893 -0.11818
-0.08958 -0.01133 0.14806
-0.30897 0.00314 -0.11613
-0.31301 -0.02785 -0.11735
-0.30584 0.01542 -0.11564
-0.30576 0.00884 -0.11590
-0.31371 -0.00540 -0.11646
-0.42889 -0.02678 0.11646
-0.42635 -0.02663 0.10729
0.12453 0.02988 -0.14732
-0.22561 -0.06552 0.14671
-0.02012 -0.03503 -0.00848
-0.03703 -0.04508 0.14814
0.04878 -0.04781 0.14697
-0.00628 -0.04695 0.14744
-0.01774 -0.04760 0.14728
-0.00242 -0.03671 0.06393
0.41293 0.01007 -0.10972
-0.37138 -0.01281 0.10757
0.42463 -0.00915 0.02300
-0.44805 -0.04272 0.08978
0.00788 -0.05294 0.14539
0.15094 -0.04809 0.14638
0.08820 -0.04717 0.14702
0.25438 -0.07392 0.13982
0.00207 -0.03717 0.04076
-0.38695 -0.01408 -0.14624
0.35462 0.00096 0.14930
0.34469 0.00822 0.14880
-0.06097 -0.02879 0.15226
-0.36957 -0.05314 -0.14383
0.30147 -0.08478 -0.13145
0.06278 0.02187 -0.14874
0.14442 0.02094 -0.14886
-0.01057 0.01878 -0.14927
0.09917 0.02516 -0.14820
-0.35474 0.02757 -0.10866
-0.35058 0.02800 -0.11771
-0.18205 -0.05737 0.14093
-0.40842 -0.00325 0.02086
-0.21322 -0.00531 -0.10319
-0.26262 0.00921 -0.09919
-0.21830 -0.00146 -0.10213
-0.23941 0.01135 -0.09860
-0.03848 0.00072 0.03198
-0.22242 -0.05258 0.14713
0.41561 -0.00034 -0.06135
0.12475 -0.03167 0.15099
-0.35197 0.02856 -0.08764
-0.35538 0.02830 -0.07353
-0.10436 -0.03814 0.04005
0.42277 -0.01612 -0.02873
-0.41554 -0.03790 0.01368
0.13880 -0.03200 0.15036
0.32664 0.01372 0.14839
-0.22372 0.00773 0.15024
-0.06870 0.02424 -0.13302
-0.42963 -0.06384 0.03124
-0.40198 -0.02435 -0.06861
0.27154 -0.02571 -0.14546
-0.17498 0.01804 -0.09882
-0.17483 0.01611 -0.11560
-0.40186 0.02065 0.02550
-0.38624 0.02096 0.00141
0.07519 0.08844 0.10938
-0.38683 0.00637 -0.02500
-0.25383 0.03940 -0.04993
-0.19142 -0.06348 -0.14943
-0.42869 -0.05269 0.14606
-0.16871 -0.07231 -0.11725
0.07029 0.04622 0.04582
0.13454 -0.00139 -0.13445
0.12585 -0.00225 -0.13422
0.12597 0.00682 -0.13425
-0.19734 -0.00269 -0.03301
-0.19764 0.01071 -0.04611
-0.19761 0.01961 -0.04070
-0.19748 -0.00358 -0.04225
-0.19782 0.03084 -0.04905
-0.19796 0.01244 -0.06534
-0.19693 -0.01500 -0.01258
0.14649 -0.05335 -0.14468
0.27396 -0.08887 -0.14732
-0.28494 0.00646 0.14986
0.31358 -0.04612 0.13749
-0.38988 0.00470 -0.05531
-0.24747 0.03426 0.03215
-0.25892 0.03433 0.02449
0.10643 0.04351 0.01018
-0.33456 -0.00351 0.14841
-0.30848 -0.01713 0.14947
-0.19492 0.04598 -0.10657
0.12882 0.05089 -0.04574
0.30488 -0.05390 0.14356
0.41673 -0.00331 0.09362
-0.44795 -0.03432 -0.13611
-0.02698 0.03874 0.13610
-0.10104 -0.03045 0.15212
0.41721 -0.01786 0.05546
0.30854 -0.03529 0.13963
0.38614 -0.05440 0.14456
0.26585 0.00246 0.15437
0.24549 0.00035 0.10934
0.22429 0.03785 0.09783
0.20634 0.03869 0.09758
0.22778 0.03737 0.10980
-0.12047 -0.03206 0.15061
-0.39569 -0.01543 0.06975
0.26665 -0.09176 -0.14615
-0.01326 0.00722 0.11262
-0.39907 -0.02309 0.07167
0.30099 -0.01502 0.11431
0.41505 -0.01319 0.07223
-0.39359 -0.01082 -0.04967
0.14469 0.04309 0.11932
-0.38502 0.01658 -0.05572
-0.04052 0.03846 -0.14355
0.07048 0.03962 -0.14361
0.27011 0.03417 0.14419
-0.19654 -0.02262 0.13180
-0.31668 0.02575 -0.14286
-0.18198 0.04543 -0.04556
-0.14893 -0.02808 0.12782
0.03265 -0.05596 -0.14670
0.04158 -0.05486 -0.14710
-0.07095 0.02527 0.13302
-0.19127 -0.08005 -0.13871
-0.44340 -0.03791 -0.00453
-0.34414 -0.00588 0.14801
-0.25429 -0.09165 -0.13885
-0.18899 -0.07184 0.13879
0.08670 0.08013 0.11653
-0.44646 -0.06250 -0.02952
-0.43806 -0.05248 -0.00208
0.07052 0.03879 -0.13310
0.42735 -0.05678 0.02433
0.42542 -0.05683 0.02961
0.00668 0.00759 0.13302
0.24560 0.03943 0.06363
0.30246 0.03556 0.06959
0.31698 0.03468 0.06962
0.26043 0.03702 0.08505
0.24351 0.03845 0.07928
0.29701 0.03593 0.06903
0.06992 0.10266 0.00249
-0.32848 -0.00474 -0.14867
0.40422 0.02798 -0.14227
-0.37412 0.00290 -0.10752
-0.11505 -0.03086 0.00854
0.09632 0.00358 0.08620
-0.24340 -0.03818 -0.14807
0.41888 0.01268 -0.06030
0.42731 -0.02543 0.01714
-0.01688 -0.01169 0.12948
-0.00612 -0.02469 -0.03369
-0.22291 -0.09174 -0.14389
0.42893 -0.02937 0.02185
0.41807 0.01756 0.08045
-0.38439 0.02418 -0.00231
0.41601 -0.02185 -0.04798
0.10862 0.04450 -0.02111
-0.43249 -0.02573 0.01585
-0.43455 -0.01075 -0.00907
0.24449 0.04076 -0.04123
0.30432 0.03851 -0.02283
0.25927 0.04090 -0.01697
0.28226 0.03947 -0.02607
0.32313 0.03836 -0.00129
0.25342 0.04121 -0.01621
0.25356 0.04096 -0.02306
0.27741 0.04026 -0.01039
-0.03056 0.05025 0.07993
0.38496 0.03129 0.14201
-0.14548 -0.03355 -0.13767
0.22229 -0.05544 0.10318
0.27625 -0.06680 0.10318
0.22299 -0.06948 0.10318
0.21372 -0.07177 0.10318
-0.34378 0.03101 0.00795
-0.32772 0.01500 -0.14621
0.10387 0.06956 0.11603
-0.40399 -0.02242 -0.14142
0.20833 0.02664 -0.14764
0.21381 0.02223 -0.14836
-0.12077 -0.05588 -0.14767
-0.17433 -0.00564 0.10555
0.30081 0.00214 0.15257
0.30513 0.00167 0.13448
-0.39021 -0.00588 -0.13134
-0.24055 -0.03324 0.13064
-0.00591 -0.02833 0.12111
-0.17600 -0.04534 0.12921
0.30584 -0.08041 0.13270
0.42839 0.00379 0.02021
-0.45275 -0.03932 0.04669
-0.43237 -0.02758 -0.00814
-0.16769 -0.00353 0.15399
-0.17475 0.01339 -0.03508
0.12074 0.04998 -0.08895
0.12610 0.05059 -0.06288
0.05268 -0.00489 0.06978
0.26343 0.01686 0.14873
0.27448 0.01998 0.14805
0.01077 -0.03291 0.00039
-0.33808 0.01044 0.14692
0.10162 0.04178 0.08463
-0.11827 0.01229 0.13012
-0.01834 0.02254 0.09021
0.17849 -0.00523 0.00767
0.24953 -0.01069 -0.12039
0.04849 -0.06176 0.13742
0.11698 -0.07223 -0.13659
-0.41931 -0.05782 0.14501
0.26094 -0.09199 0.11398
0.17827 -0.02219 -0.15110
0.23056 -0.03876 -0.11812
-0.23802 -0.02798 0.11406
-0.39455 -0.01501 0.05628
-0.38922 0.00684 0.00563
-0.11730 -0.00056 -0.11545
-0.14336 0.03598 -0.14550
-0.22164 0.02772 -0.14711
-0.05007 0.03323 0.11917
0.42353 -0.02901 0.04340
-0.11950 0.00765 -0.15063
-0.21127 0.00696 -0.15038
0.08521 0.09218 0.00590
-0.38861 -0.00159 -0.06841
-0.40397 0.00678 -0.02068
-0.14983 -0.02550 -0.14454
-0.32551 0.00374 -0.11680
-0.33179 -0.01444 -0.11740
-0.33314 0.01501 -0.11741
0.02439 0.02568 0.13275
0.03017 0.03962 -0.14027
0.24181 -0.06336 -0.14751
-0.18853 -0.08532 -0.12533
-0.08280 -0.06351 -0.11424
0.41536 -0.01343 0.04995
-0.39562 -0.02350 0.00710
-0.31027 0.03401 -0.13936
-0.08213 -0.03184 -0.14338
0.27146 0.03540 -0.09690
0.26406 0.03539 -0.11227
0.23500 0.03698 -0.11129
0.24863 0.03646 -0.10288
0.28893 0.03434 -0.10164
0.32957 -0.07517 0.13985
-0.27598 0.02771 -0.10313
0.27952 -0.07241 0.14678
-0.18057 -0.06066 -0.14007
-0.04960 0.05889 -0.09773
-0.22489 0.03428 0.03515
-0.22658 0.03416 0.04084
-0.24578 -0.04243 0.13414
-0.01387 -0.05879 -0.01046
-0.09839 -0.05903 -0.01091
0.32132 -0.00066 0.15155
-0.38401 0.00729 -0.07800
-0.23912 -0.06619 -0.14529
-0.06752 0.01887 0.13302
-0.21801 -0.06811 0.14705
-0.39866 -0.01803 -0.04704
-0.41632 -0.04157 -0.02903
-0.25673 -0.01493 -0.02063
-0.20020 -0.01464 -0.04198
-0.21230 -0.01471 -0.03688
-0.21082 -0.01492 -0.02173
-0.21450 -0.01478 -0.03195
-0.22034 -0.01476 -0.03336
-0.21342 -0.01513 -0.00625
-0.25489 -0.01514 -0.00511
-0.23402 -0.01475 -0.03441
-0.24658 -0.01515 -0.00499
-0.20439 -0.01444 -0.05705
-0.22293 -0.01509 -0.00907
-0.08038 -0.05288 0.13630
-0.18885 -0.07822 0.13943
-0.10006 0.00382 -0.11862
-0.14013 0.00800 -0.12171
0.03935 -0.01156 0.15154
0.16646 -0.01190 0.15136
0.09616 -0.01332 0.15149
0.06548 -0.00704 0.15142
0.22229 -0.05821 -0.14078
0.15516 -0.02574 -0.14003
-0.40695 0.00223 -0.00632
0.43296 -0.05552 -0.07976
-0.43245 -0.02679 0.13972
0.05024 -0.02945 -0.11862
-0.17900 -0.10166 -0.14064
0.42518 -0.02388 -0.13555
-0.24288 0.04337 -0.06789
-0.20558 -0.08705 -0.14434
-0.28943 0.03673 0.13285
-0.22610 -0.10572 0.11503
-0.18569 -0.04810 0.14040
-0.00629 -0.06085 0.00191
-0.44634 -0.04071 -0.14573
-0.02029 -0.03778 -0.02397
0.44103 -0.03562 -0.05436
-0.36295 0.02908 -0.13352
-0.12556 0.00757 0.12163
0.15997 0.04235 0.07339
0.19670 -0.00325 -0.15097
-0.17999 0.00078 0.15220
0.29673 -0.10568 -0.11865
0.08816 0.04888 -0.14741
0.27163 -0.09599 0.14488
-0.38919 0.00745 0.05096
-0.13146 -0.02770 0.15093
-0.20398 -0.00448 -0.14389
0.06107 -0.02923 -0.00824
0.32917 -0.00293 -0.10384
-0.35557 -0.06371 -0.14018
0.29573 -0.10917 0.13773
0.10725 -0.00464 -0.12058
-0.21407 -0.08109 -0.14940
0.41607 -0.05795 0.01457
0.41825 -0.05727 0.05123
0.42326 -0.05653 0.06790
-0.13745 -0.00628 -0.15165
-0.42114 -0.02044 0.04378
0.06166 0.10443 0.05969
0.25911 0.03643 0.13618
0.05123 0.03201 0.13302
-0.39834 -0.02403 -0.14600
-0.14650 -0.00787 0.15166
0.25760 -0.07122 0.14612
-0.10690 -0.07110 -0.13687
-0.09834 -0.07029 -0.13749
0.09792 0.00854 0.13369
0.10812 0.04042 0.13410
-0.17280 0.03029 0.14706
-0.22047 0.01867 0.14920
0.24206 -0.04748 -0.12614
0.08891 0.03770 0.14657
0.12657 0.04889 0.10788
0.15753 0.04490 -0.03628
-0.12127 -0.06062 -0.14476
0.10578 0.03875 0.05313
0.03455 -0.03837 -0.01975
-0.24099 -0.07883 0.14387
-0.14350 -0.04002 0.13825
-0.44871 -0.06230 -0.02073
-0.30253 -0.02115 -0.14969
-0.31100 -0.02659 -0.14872
-0.33317 -0.03857 -0.09823
-0.28351 -0.03859 -0.09780
-0.10812 -0.02920 0.15224
-0.28222 -0.03260 0.11560
-0.08379 -0.00172 -0.11613
0.15727 0.04228 -0.08353
0.07348 0.05739 0.06727
-0.28745 -0.06284 0.14133
0.22592 0.00218 -0.15059
0.15853 0.02740 0.14580
0.37020 0.02897 -0.09990
0.35268 0.03101 -0.08262
0.38364 0.02770 -0.09997
0.04120 -0.04533 0.13153
-0.35534 -0.00450 0.14722
-0.36758 -0.00129 0.14633
0.02210 -0.05419 -0.01640
0.02052 -0.03573 -0.02106
0.10869 0.02333 -0.13419
0.12381 0.04087 -0.13490
-0.20235 -0.01902 0.14468
0.26508 -0.02152 -0.12535
-0.25302 -0.07808 -0.11751
0.22359 0.01823 0.14897
-0.19168 -0.06124 0.14627
0.37831 0.02856 0.08485
0.40214 0.02621 0.09002
0.26059 -0.00313 -0.12903
0.42053 -0.02997 0.03821
-0.10323 -0.06188 -0.06103
0.11918 0.04860 -0.12582
-0.25367 -0.07561 0.11414
0.09557 0.07613 -0.10808
-0.18906 -0.04060 0.13949
-0.01878 0.01131 -0.01752
-0.22761 0.03931 0.14245
-0.06680 -0.00076 0.13302
-0.08609 -0.02985 0.14673
-0.17275 -0.05186 0.11403
-0.14842 -0.03086 0.05847
-0.15392 -0.03086 0.05787
0.41763 -0.02004 0.10788
-0.14383 0.02956 -0.14719
-0.44659 -0.04979 -0.08609
0.17627 0.03962 0.12014
0.19201 0.03875 0.12352
0.34106 -0.01220 0.13055
0.06886 -0.03531 -0.01514
0.17246 -0.04816 0.14627
-0.02128 0.01145 -0.02514
0.09753 -0.06143 0.13436
0.40000 0.02796 -0.06367
0.40746 0.02860 -0.05221
0.38930 0.02976 -0.05469
0.15258 -0.00637 0.04300
0.12695 -0.00553 0.03774
0.11688 0.06979 0.01880
0.15409 0.04517 0.04852
-0.19475 -0.00627 0.13075
-0.23857 0.03430 -0.03086
-0.25548 0.03430 -0.02707
-0.25599 0.03414 -0.03873
-0.18090 0.04462 0.03973
-0.19709 -0.00300 0.01708
-0.19757 0.01087 0.04186
-0.19781 0.01301 0.05549
-0.19742 -0.00641 0.03951
-0.19765 -0.01025 0.05540
-0.26044 0.03453 0.00495
-0.23892 0.03455 0.00992
-0.27403 0.02965 0.10087
-0.27200 0.02159 0.10151
-0.39240 0.00499 -0.13835
-0.38878 0.00320 0.04263
-0.39297 0.00329 0.13344
-0.04508 0.06478 0.05183
-0.02820 -0.02882 -0.12461
-0.02763 -0.03052 -0.10741
-0.02933 -0.02538 -0.08468
-0.03367 -0.01227 -0.05173
-0.03206 -0.01713 -0.11412
-0.03445 -0.00991 -0.07523
-0.02810 -0.02912 -0.09188
-0.02833 -0.02842 -0.11421
0.38382 0.03223 0.03516
0.39745 0.03178 0.02778
0.40709 0.02749 0.13604
0.42199 -0.01980 0.14623
-0.07941 0.02386 -0.14832
-0.04363 0.02665 -0.14782
-0.01339 0.02716 -0.14775
0.10902 0.03730 0.02415
-0.19608 0.04549 0.08840
0.09897 0.05025 -0.01417
0.29761 -0.10757 -0.14303
-0.40141 0.03017 0.00211
0.17769 -0.00540 -0.02448
-0.19365 -0.02959 -0.14372
-0.00570 -0.05958 -0.14505
-0.07263 -0.06013 -0.14492
-0.03383 -0.05668 -0.14683
-0.00707 0.03908 -0.13784
-0.01708 0.01126 0.11854
-0.16967 0.03105 -0.14690
-0.25116 0.02758 0.14616
0.11256 -0.06425 -0.13895
0.42965 -0.02470 -0.09574
-0.27214 0.04043 0.02775
-0.10342 -0.04610 0.03835
0.06565 -0.04410 -0.01715
-0.10100 -0.03453 -0.08464
-0.20317 0.03412 -0.04269
-0.22746 0.03411 -0.04325
-0.21388 0.03418 -0.04001
-0.38661 0.01630 -0.03228
0.15908 -0.01813 0.14688
-0.43546 -0.02223 0.01060
-0.02550 -0.01635 0.01335
0.28364 -0.09374 0.14464
0.18187 0.03897 -0.13458
0.38024 -0.06065 -0.03291
0.38744 -0.05996 -0.04162
0.40221 -0.05842 -0.06897
0.40714 -0.05807 -0.06504
0.41009 -0.05757 -0.08582
0.38227 -0.06087 -0.00133
0.40138 -0.05841 -0.07523
0.39625 -0.05970 -0.00429
-0.10861 -0.00778 -0.11213
-0.01316 0.00091 -0.01580
-0.38378 -0.04995 0.14278
0.21934 -0.01444 -0.12460
0.36589 -0.06091 -0.13702
0.36456 -0.06102 -0.12729
0.39346 -0.05868 -0.12859
0.06985 0.02462 0.04434
-0.04907 0.04663 0.06269
-0.19502 -0.00524 -0.11947
-0.13768 -0.02553 0.11003
-0.08890 -0.01661 0.11076
0.32459 -0.02624 -0.13126
0.44156 -0.05072 0.05237
-0.02729 -0.00568 -0.12037
0.03534 -0.00551 -0.12019
-0.03559 -0.06938 0.13832
0.05820 -0.07176 0.13681
0.42901 -0.05677 -0.01784
0.43436 -0.05614 -0.02816
-0.19673 0.03188 -0.01555
0.22908 0.01192 0.14975
0.10103 -0.00256 0.01670
-0.16827 0.01453 -0.13468
-0.03760 -0.02195 -0.12200
-0.42427 0.00481 0.01391
0.16778 0.03702 0.14441
-0.18588 -0.00736 0.12895
0.33756 -0.06328 -0.08867
0.34283 -0.06303 -0.07738
0.30957 -0.06545 -0.07236
0.34684 -0.06341 -0.01784
0.31087 -0.06578 -0.03388
0.33069 -0.06380 -0.08591
0.33527 -0.06380 -0.05655
0.32259 -0.06431 -0.09161
0.25128 -0.06949 -0.08104
0.35383 -0.06270 -0.03654
0.32894 -0.06452 -0.03206
0.32677 -0.06415 -0.07909
0.28828 -0.06694 -0.07377
0.34583 -0.06304 -0.05736
0.33104 -0.06391 -0.07411
0.30103 -0.06632 -0.04793
0.28644 -0.06700 -0.08029
0.24881 -0.06946 -0.09920
-0.17905 0.03988 0.05352
0.42429 0.00944 -0.01266
0.05843 0.10458 0.07473
-0.15028 0.00261 -0.15094
-0.27677 0.02514 0.14554
0.10375 0.07434 -0.08129
0.11540 0.06864 -0.06004
-0.38568 0.00523 0.02415
0.06609 -0.05985 0.03688
-0.03036 0.01623 -0.12837
0.10671 0.07710 -0.00396
-0.43296 -0.02075 0.02321
-0.27318 0.03565 -0.10365
-0.20276 -0.02427 -0.14744
0.08851 0.08710 -0.05472
-0.33373 0.03177 0.06482
-0.32024 0.03343 0.06842
-0.31617 0.03357 0.08673
-0.30832 0.03455 0.08847
-0.42561 0.00788 0.02054
-0.44629 -0.06266 0.00087
0.10947 -0.03204 -0.15039
-0.34297 -0.05490 0.14373
-0.16369 -0.04440 0.14414
-0.39188 -0.01662 0.03451
0.18448 -0.05643 0.12594
0.42584 -0.02903 0.03106
0.02617 -0.00257 -0.12246
0.00372 -0.00306 -0.12469
-0.26446 -0.06194 -0.11974
-0.03067 0.06168 -0.04340
-0.19975 -0.09154 0.11861
0.42300 -0.05631 0.09270
-0.06925 0.01908 -0.15405
-0.05039 0.03652 -0.10733
0.31766 -0.06444 0.14491
-0.38805 -0.00486 0.11729
-0.18538 -0.09416 -0.11729
0.02478 -0.06232 -0.02450
-0.42631 -0.06343 -0.12132
-0.41814 -0.06411 -0.12825
-0.41830 -0.06458 -0.01896
-0.38486 -0.06651 -0.01487
-0.40189 -0.06553 0.02074
-0.38303 -0.06662 0.02073
-0.40657 -0.06526 -0.00970
-0.37632 -0.06701 0.01882
-0.32976 -0.06970 -0.01131
-0.34313 -0.06893 -0.00254
-0.31884 -0.07033 -0.00068
-0.30871 -0.07092 0.00367
-0.38960 -0.06624 -0.02584
-0.38955 -0.06624 -0.02047
-0.41496 -0.06477 0.02154
0.06860 -0.02871 0.06894
-0.30957 -0.03684 -0.10880
-0.14718 -0.03108 -0.12431
-0.22103 0.04377 -0.02359
-0.21751 0.04377 -0.01219
-0.22493 0.04377 -0.01062
0.02113 -0.06176 -0.13522
-0.17504 0.01860 -0.02920
0.05212 0.10634 0.09060
0.38027 0.02985 -0.06391
0.36631 0.03113 -0.06536
0.37564 0.03098 -0.05397
-0.17147 0.04193 -0.14112
-0.00396 -0.06068 -0.02358
0.08497 0.09076 -0.03887
0.44476 -0.03182 -0.14195
-0.35400 -0.04042 0.14562
0.11095 0.04252 0.02961
0.22970 0.04164 0.02765
0.21866 0.04165 0.03679
0.22691 0.04230 0.00934
0.20458 0.04206 0.03618
0.19620 0.04257 0.02726
0.23717 0.04211 0.00642
0.13170 0.05878 -0.04277
0.12279 0.06544 -0.03384
-0.20163 -0.09197 0.12973
0.29447 -0.01258 -0.11744
0.30852 -0.07731 -0.11982
0.11483 -0.02109 0.15133
-0.03374 -0.02704 0.15096
0.03511 -0.02507 0.15106
0.15601 -0.02189 0.15122
0.16020 -0.03667 0.14618
0.17097 0.04310 0.03279
0.19497 0.04198 0.04938
0.22776 0.04093 0.05269
-0.03175 0.04880 -0.07170
0.32579 -0.03255 -0.14513
-0.10339 -0.03301 0.08206
-0.23302 -0.03372 0.14178
0.23742 0.00838 -0.15015
-0.02271 0.03388 0.08575
-0.02313 0.02865 0.11385
0.36696 0.02894 0.11971
-0.37156 0.01545 0.11795
0.23311 -0.04193 -0.14788
0.11302 -0.00512 -0.13367
-0.18705 -0.05327 -0.14947
0.41249 0.00777 -0.11886
-0.39164 0.00144 -0.02966
0.21504 0.00996 0.15007
-0.24090 -0.00772 -0.11973
0.07075 0.09354 -0.09606
-0.36927 0.02730 -0.13231
-0.18119 -0.06575 0.14161
0.15651 0.04402 -0.05636
0.04841 -0.00507 0.12021
-0.28250 0.03337 0.14154
0.06082 0.10270 -0.07699
-0.38487 0.00572 -0.11112
-0.04616 0.02951 -0.13302
-0.01887 0.02994 -0.13302
-0.21282 -0.01922 -0.12923
0.17788 -0.00523 -0.01234
-0.17441 -0.05537 -0.14634
0.01122 -0.03529 0.07225
0.01304 -0.03496 0.07738
-0.21321 -0.01417 0.07714
-0.25084 -0.01509 0.00873
-0.21047 -0.01444 0.05730
-0.25408 -0.01517 0.00286
-0.22614 -0.01442 0.05826
-0.19816 -0.01477 0.03256
-0.21062 -0.01492 0.02129
-0.24111 -0.01516 0.00400
-0.19879 -0.01466 0.04102
-0.21941 -0.01450 0.05246
-0.20375 -0.01430 0.06746
-0.39914 -0.06420 0.12318
-0.41622 -0.06420 0.11436
-0.34714 0.02611 -0.14063
0.10811 0.03736 -0.02729
0.23706 -0.09350 0.12224
0.21379 -0.01155 -0.15122
-0.42469 -0.03792 0.02581
-0.43466 -0.03792 0.01624
-0.10581 0.02317 -0.14844
0.05283 0.02488 -0.13302
0.11935 -0.03566 0.14980
0.03973 -0.04191 0.14863
0.09964 -0.04300 0.14816
0.02318 -0.04417 0.14816
0.35436 -0.02752 0.14830
-0.06701 0.03799 0.13432
0.11038 0.07430 -0.02475
0.12587 0.06343 -0.02508
0.02525 0.03213 0.13302
0.41444 0.01155 0.05254
0.06410 -0.03527 -0.02287
0.42769 0.00838 0.02751
-0.16931 -0.09218 0.13802
-0.37250 0.00164 -0.14594
-0.34829 -0.01078 -0.14781
0.33097 0.00384 -0.15060
0.41163 0.02905 -0.13648
0.07195 -0.00930 0.11969
0.07965 0.05456 0.16337
-0.37311 -0.00977 0.14627
-0.27178 -0.01479 -0.05883
-0.27280 -0.01490 -0.08900
-0.39587 -0.06423 -0.12989
-0.28436 -0.04474 0.14584
-0.28245 -0.03479 0.14840
-0.23646 0.02610 -0.14727
0.07768 -0.06332 -0.13916
0.04174 -0.06250 -0.13931
0.09941 -0.06234 -0.13981
-0.02978 0.06188 0.04693
-0.33263 0.03129 0.13912
0.13513 0.05134 0.05950
-0.00275 -0.04052 0.01983
-0.44359 -0.06284 -0.00596
-0.04282 0.04820 0.08815
-0.03284 -0.04181 0.14891
-0.04026 -0.03671 0.14984
-0.08551 -0.03641 0.14995
-0.00787 -0.03646 0.14984
-0.16351 -0.03296 0.11686
0.02535 0.01674 0.12982
-0.32902 0.00867 0.11708
-0.33124 -0.02755 0.11740
-0.32144 0.03345 -0.13442
0.15010 0.04117 0.13823
-0.02861 0.05391 -0.07205
-0.38602 0.01248 0.06373
-0.37064 -0.03680 -0.14610
0.04113 -0.06214 0.02469
-0.38715 -0.00241 -0.11834
0.27563 -0.05464 -0.15070
0.06450 0.08998 -0.12269
0.06507 0.10523 -0.02528
0.27557 -0.05987 0.14738
0.41718 0.02212 0.09032
-0.26170 0.04026 -0.09987
-0.27962 -0.03160 -0.09960
0.18030 -0.06171 -0.13037
-0.09402 0.00769 0.15070
0.10435 0.05266 0.00386
-0.04380 -0.05925 0.14535
0.10617 -0.06112 0.14384
0.04857 -0.05970 0.14483
0.07256 0.03971 0.04012
0.09849 0.01101 -0.07450
0.09694 0.00275 -0.08394
0.09872 0.01906 -0.07771
-0.19182 -0.07471 0.14358
-0.41878 -0.06447 0.14026
-0.44932 -0.02924 -0.06906
-0.45237 -0.04219 -0.03238
-0.35108 -0.06728 0.08288
-0.38973 -0.06441 0.07130
-0.37148 -0.06582 0.06794
0.09901 -0.00196 -0.04003
-0.34001 0.00889 0.11774
-0.34323 0.02004 0.11785
-0.09457 -0.00383 -0.15154
-0.13252 -0.00324 -0.15154
-0.03101 -0.01202 0.02546
-0.40274 -0.02541 -0.12343
-0.30533 -0.07112 -0.07506
-0.28309 -0.07241 -0.07336
-0.36312 -0.06777 -0.04196
-0.31380 -0.07063 -0.06033
-0.33492 -0.06941 -0.07483
-0.30802 -0.07096 -0.04125
-0.31641 -0.07047 -0.02085
-0.34484 -0.06883 -0.04091
-0.28546 -0.07226 -0.00654
-0.32093 -0.07021 -0.01521
-0.37749 -0.06694 -0.03908
-0.35698 -0.06813 -0.02070
-0.36072 -0.06791 -0.04813
-0.33848 -0.06920 -0.01773
-0.31766 -0.07041 -0.08112
-0.36119 -0.06788 -0.03498
-0.36088 -0.06790 -0.02914
-0.38534 -0.06649 -0.03689
-0.36573 -0.06762 -0.02702
-0.33079 -0.06964 -0.03231
0.04934 0.10528 0.05882
0.10474 0.06580 -0.12622
0.37112 -0.01213 -0.14898
-0.38859 -0.00810 0.03798
0.13365 -0.06176 -0.13781
-0.23276 0.04290 -0.11927
0.04806 -0.06725 0.13734
0.00474 -0.06505 0.13795
-0.37794 -0.06511 -0.13293
0.43217 0.02704 -0.01195
-0.33955 0.03133 0.03508
-0.32157 0.03373 0.03676
0.09830 0.08323 0.00266
-0.37479 0.02341 0.12186
0.12345 0.05157 -0.01909
0.13028 0.05128 -0.00058
-0.39684 -0.02904 0.03461
-0.26525 -0.01232 -0.10724
-0.36647 0.00127 0.11745
0.10930 0.07272 0.05920
-0.20748 -0.02970 -0.14776
-0.25154 -0.03907 -0.14844
0.11020 0.00270 0.13382
0.15499 0.00686 0.13502
0.26744 -0.02067 0.13173
-0.17629 0.02815 0.02097
-0.39865 0.01970 -0.00237
-0.10208 -0.03951 -0.04701
0.39028 0.02715 0.09677
0.36258 0.02977 0.09626
0.35595 0.03034 0.09872
0.41684 0.00822 -0.14546
0.34775 -0.05798 0.10569
0.34777 -0.05861 0.11161
-0.44294 -0.06115 0.08580
0.39383 0.00535 -0.14716
-0.06574 -0.02993 -0.15215
-0.13608 0.04243 0.13920
-0.38725 0.00642 -0.13276
0.06328 0.10616 0.02862
0.10552 0.01988 -0.00810
-0.43680 -0.03352 0.00907
0.45401 -0.03304 0.02745
0.10098 0.03771 0.12105
-0.43256 -0.01113 -0.03954
-0.36944 0.02638 -0.05546
-0.33075 -0.05185 0.14377
-0.04649 -0.00932 -0.12034
0.13917 0.05453 -0.02201
-0.39352 -0.00061 -0.04202
-0.08592 -0.06700 0.13733
0.37968 0.02862 -0.07744
0.38815 0.02754 -0.08876
0.39953 0.02645 -0.08993
-0.19152 0.04813 0.05555
-0.01408 -0.05621 0.01461
0.25539 -0.03524 -0.14584
0.23883 -0.01727 -0.14021
-0.08602 -0.07259 0.13511
-0.28789 -0.00672 0.15023
-0.31907 -0.00102 0.14905
-0.28447 0.00058 0.15015
0.32056 -0.06799 -0.14835
-0.02422 0.03637 0.14677
0.12633 0.03400 0.14615
0.02854 -0.06021 -0.12851
0.42385 -0.01227 0.03028
0.28435 -0.02004 -0.13509
-0.08797 -0.04768 0.14606
-0.36570 0.02673 0.06987
-0.34304 0.02997 0.08834
-0.31802 0.03279 0.10907
-0.30387 0.03478 0.10259
-0.33328 0.03112 0.09759
-0.09782 -0.04145 -0.14904
0.08112 0.08766 0.09222
0.07855 0.09048 0.08307
-0.35841 -0.06649 -0.13032
0.25328 0.03589 -0.11580
0.31094 0.03281 -0.11862
0.31982 0.03232 -0.12024
0.33665 0.03141 -0.12200
0.34098 0.03140 -0.10737
0.36079 0.01704 -0.14692
0.01079 0.00325 0.13302
0.00201 0.00491 0.13302
-0.37602 -0.05685 -0.14261
-0.34106 0.00474 -0.14776
-0.24580 -0.03449 0.14490
-0.04535 0.01821 0.11640
-0.04588 0.01956 0.07245
-0.04182 0.00922 0.07817
-0.04691 0.02218 0.06783
-0.00156 -0.03352 0.05141
-0.00333 -0.02598 0.07359
-0.00690 -0.01085 0.04504
-0.40603 -0.02497 -0.04885
-0.38998 -0.00900 0.01633
-0.13512 0.00529 0.15081
0.09487 0.07332 -0.12626
0.07486 -0.03509 0.10399
0.09207 0.00748 0.12142
-0.07409 0.02805 -0.13302
-0.07212 -0.00598 -0.15160
-0.06341 -0.01449 -0.15162
0.02297 -0.01194 -0.15156
-0.01831 -0.01002 -0.15158
-0.24708 0.03457 0.00081
0.10500 0.03619 0.05895
0.26380 -0.03413 0.14578
0.07215 -0.03108 -0.04764
-0.26195 0.03658 0.11836
-0.24989 0.03798 0.10969
0.28940 -0.09170 0.13717
0.05515 -0.05828 -0.02551
-0.10028 -0.02519 -0.15112
-0.43053 -0.06322 -0.13018
0.02706 0.10415 -0.09182
-0.34468 0.03018 0.13889
0.41523 -0.01075 -0.09914
-0.37334 -0.03576 0.14617
-0.07442 -0.01415 0.13076
0.19214 -0.00705 0.15116
0.19470 0.02225 -0.14847
-0.24554 0.04367 -0.04709
-0.42764 0.00263 -0.02734
0.09137 -0.06407 0.13888
0.42683 -0.02446 -0.08057
0.15612 0.04047 -0.12607
-0.25658 0.03926 0.03190
0.10225 0.02757 -0.04928
0.10276 0.03414 -0.04875
-0.39712 -0.01943 0.04978
-0.19716 0.03078 -0.03058
-0.19723 0.01415 -0.02522
0.43357 -0.02501 -0.14053
0.09560 0.02838 0.12617
0.28712 -0.01237 -0.14819
0.31382 0.00180 -0.15378
-0.29435 0.03288 -0.11342
-0.33145 -0.03307 -0.14745
-0.33230 -0.02675 -0.14809
0.20816 -0.04592 -0.14026
-0.00553 -0.03111 0.12608
-0.19754 -0.09039 0.14458
-0.14773 0.01139 -0.15005
-0.09043 0.01163 -0.15022
-0.38975 -0.00931 -0.03819
-0.30529 -0.04681 -0.14493
-0.33153 -0.05018 -0.14360
-0.10963 -0.05346 -0.14703
0.22366 -0.00885 -0.13560
0.17123 -0.03192 0.15038
-0.03494 0.02987 0.14709
-0.11644 0.02843 0.14742
-0.01277 -0.01808 -0.12009
0.06587 -0.02791 -0.11031
-0.14497 -0.03012 0.15434
0.04111 -0.06163 0.01299
0.04079 -0.05217 0.01534
0.02660 -0.05492 -0.00032
-0.32399 0.01325 0.14701
-0.37703 -0.04768 0.14318
0.19179 -0.02832 0.15069
0.33108 -0.04350 0.14000
-0.21502 -0.09432 0.14466
-0.01344 -0.02340 0.12341
0.28898 -0.08581 0.13749
-0.10261 -0.04869 -0.03643
-0.40002 -0.03560 0.01074
-0.43879 -0.06127 0.12297
0.28666 -0.01567 0.14501
0.00308 -0.00477 0.15145
0.12980 -0.00509 0.15126
0.01679 -0.00316 0.15136
0.11893 -0.00035 0.15108
-0.25944 -0.00607 0.15241
-0.27154 0.03912 0.09460
-0.26554 0.04025 0.08306
0.27855 -0.03594 0.14630
-0.17859 0.03833 -0.05828
0.24486 -0.05205 -0.14770
-0.23994 -0.10378 0.12673
-0.26449 0.03979 0.10895
-0.25827 0.04061 0.10555
-0.28385 -0.00851 -0.15041
-0.29848 -0.00439 -0.14982
0.22256 -0.00990 0.12587
-0.44816 -0.04129 -0.13511
-0.44149 -0.02716 -0.10344
0.41673 0.01348 -0.11152
-0.27856 -0.04608 0.13667
-0.38346 0.02364 0.13577
-0.37188 -0.02778 -0.14703
-0.34780 0.02878 0.10470
-0.35091 0.02815 0.10938
0.42997 0.00651 -0.00699
0.12021 0.05255 0.05048
-0.20247 0.00047 0.10160
-0.21548 -0.00882 0.10415
-0.24013 -0.00809 0.10395
-0.24074 -0.00244 0.10240
0.25225 -0.04931 0.14522
0.16685 0.03775 -0.14393
-0.39187 -0.00976 -0.09160
-0.24628 -0.07595 0.14485
-0.34556 0.01319 -0.14572
-0.26691 -0.05961 0.12838
-0.33112 0.03244 -0.02737
-0.30451 0.03592 -0.03184
0.09446 0.08531 -0.02230
0.40928 0.02493 -0.10966
0.12679 0.05235 -0.12970
-0.02318 0.00836 -0.12834
0.30807 -0.05063 -0.14450
-0.18586 -0.03703 -0.14495
-0.03129 -0.01078 -0.02545
0.29849 -0.00475 0.13674
0.27979 0.00752 -0.15247
0.12100 0.02759 -0.13460
0.29629 -0.00367 -0.13112
0.06470 -0.02780 -0.09277
-0.43122 -0.02711 -0.06368
-0.15539 -0.01816 0.14258
-0.02390 0.03897 0.14157
0.07210 0.09898 0.04567
0.10006 0.03758 0.12662
0.43110 -0.00756 -0.01485
0.13382 -0.00664 0.08983
0.16129 -0.00708 0.08803
-0.39977 -0.03749 -0.02972
-0.41002 -0.02245 -0.03518
0.10171 0.02010 -0.04945
0.17711 -0.06474 0.10499
0.06560 0.01981 0.09738
0.09241 0.00362 -0.15096
0.13454 -0.00235 -0.15114
-0.02405 -0.00258 -0.15141
0.09041 -0.00418 -0.15129
-0.20277 -0.02973 -0.14369
-0.04599 0.01984 -0.02927
0.05674 0.10899 0.03302
0.33012 -0.00323 0.11457
0.28480 -0.02577 -0.13935
0.38406 -0.04759 0.14644
-0.00683 -0.01785 -0.03677
-0.40225 -0.02535 0.12387
0.40323 -0.01697 0.14667
0.18016 -0.06021 -0.01185
-0.38832 0.00378 -0.07788
-0.15824 -0.00468 -0.11303
-0.18093 0.04452 -0.06738
0.08130 0.03117 -0.15124
-0.37612 0.02528 0.03779
-0.06286 0.00766 0.13302
0.07855 0.04008 -0.15881
0.13956 0.04764 0.10116
0.08054 -0.00139 -0.12178
-0.39726 -0.01424 0.04330
0.07355 0.04450 0.09457
0.41777 0.01310 0.13550
0.07453 0.09622 0.05738
-0.25420 -0.07752 -0.14767
0.29059 -0.02142 0.12512
0.15044 -0.01624 -0.15147
0.14013 -0.01604 -0.15148
0.16309 -0.01343 -0.15140
0.08302 -0.00608 -0.15137
0.12067 0.04493 0.14023
0.28569 -0.01016 0.14457
0.28889 -0.06719 0.04029
0.24010 -0.07030 0.06744
0.22751 -0.07110 0.01223
0.24127 -0.07022 0.04482
0.27148 -0.06830 0.05649
0.31693 -0.06541 0.00682
0.27220 -0.06825 0.02849
0.27358 -0.06817 0.04452
0.34205 -0.06381 0.00418
0.21935 -0.07162 0.00116
0.30987 -0.06585 0.02471
0.21639 -0.07181 0.07488
0.28495 -0.06744 0.03359
0.31059 -0.06581 0.01805
0.25471 -0.06937 0.06769
0.32810 -0.06469 0.01384
0.23686 -0.07050 0.01949
0.25607 -0.06928 0.03482
0.25992 -0.06904 0.05979
0.21956 -0.07161 0.08484
0.21460 -0.07192 0.05115
0.15683 -0.05734 0.14227
0.18434 -0.00561 -0.11108
0.18343 -0.00555 -0.08799
0.17393 -0.00551 -0.03944
-0.04954 0.05951 0.08209
0.35076 0.02746 0.14445
-0.04095 0.05094 -0.10468
-0.02807 -0.06759 0.13960
0.22206 -0.05645 0.13104
0.33669 -0.00668 -0.15115
0.41992 0.01923 -0.06280
-0.30169 0.00547 -0.14936
-0.04171 0.04877 0.03510
-0.31657 -0.05872 0.14307
0.42592 -0.01842 -0.03296
0.18506 -0.00568 -0.13340
0.16448 -0.00567 -0.09908
0.09682 0.01690 0.10647
0.08944 0.08363 0.08121
-0.38488 0.00995 0.13158
-0.44824 -0.02614 -0.02845
0.14361 0.04319 -0.12292
-0.02963 0.06061 -0.10908
0.24480 -0.07230 -0.13557
0.09759 0.08102 0.05379
-0.42695 -0.00078 -0.04425
-0.16426 -0.00152 -0.11441
0.08418 0.00792 -0.13302
-0.29803 0.03672 -0.02243
-0.32244 0.03376 -0.00980
-0.03640 0.04830 0.10793
0.28984 -0.09152 -0.14094
0.12180 0.05784 0.11757
0.12238 0.05214 0.07371
0.13625 0.03667 -0.14467
-0.34049 0.03057 -0.08021
-0.36228 0.02760 -0.05414
-0.38953 -0.00655 -0.00518
0.01313 0.03039 0.13302
-0.43475 -0.01940 0.03668
-0.18013 0.04324 -0.10210
0.10421 0.03046 0.02034
0.18287 -0.00556 0.08953
0.18182 -0.00552 0.07438
0.17279 -0.00557 0.05449
0.11071 -0.00335 0.12086
-0.06376 0.00236 0.15109
-0.01977 -0.00014 0.15126
-0.08644 0.02199 0.14527
0.15169 -0.00694 0.10426
0.13312 -0.00632 0.10206
0.14583 -0.00697 0.10932
0.14722 -0.00721 0.11464
0.02157 -0.04423 0.02075
-0.17848 0.03804 0.03265
0.03267 -0.03156 0.04506
0.03096 -0.03185 0.05604
0.11593 -0.00646 0.06874
0.13681 -0.00672 0.07715
0.42082 -0.00807 -0.03818
0.11022 0.01706 0.07292
0.06974 0.09619 -0.08224
0.18300 0.04025 0.14154
0.07329 -0.03252 -0.10339
0.03100 0.10405 -0.05550
0.02918 0.10405 -0.04638
0.03505 0.10405 -0.06405
-0.40621 0.00187 0.02180
0.09611 0.01341 0.12501
0.14999 -0.00595 -0.13456
0.07266 0.09941 -0.03632
0.10377 0.00787 0.07135
-0.10891 0.01115 -0.12758
0.08038 0.04382 0.15110
0.09620 0.01320 0.09388
-0.44837 -0.03504 0.09018
0.09696 0.07095 0.12958
0.31627 0.00921 -0.14971
0.14657 0.04581 0.08245
0.10524 -0.00041 -0.12372
0.01091 -0.04385 -0.02133
-0.41179 -0.02485 -0.02902
-0.41162 -0.02575 -0.05117
-0.41915 -0.02621 -0.08122
-0.42834 -0.06348 -0.09402
-0.43246 -0.06299 -0.10918
-0.25237 -0.05853 0.14493
-0.00938 -0.02881 0.01885
0.36471 0.03432 -0.02656
0.40419 0.03305 -0.00469
0.37732 0.03422 -0.01543
0.36918 0.03538 -0.00789
0.10328 0.07325 -0.09649
0.11314 0.06784 -0.08496
-0.17498 0.01745 0.02636
-0.17475 0.01334 0.09025
0.30508 -0.05820 0.13997
0.10004 0.08183 0.01558
-0.45022 -0.03794 -0.03495
0.23387 0.03734 -0.13593
0.14610 0.03005 -0.14108
0.13281 -0.00640 0.05515
0.11336 -0.00543 0.04245
0.12621 -0.00660 0.06010
0.10510 0.07666 0.04507
0.29572 -0.05789 -0.14985
0.13671 0.05123 0.08921
-0.36159 -0.06710 -0.09295
-0.02303 -0.02535 0.00087
0.40007 -0.03437 0.14654
-0.19279 -0.00468 0.14701
0.01472 -0.04914 -0.01752
0.10463 -0.06736 0.13983
0.14715 -0.06506 0.14127
-0.11669 -0.06382 0.14262
-0.01513 0.01205 0.01273
0.27840 -0.09347 -0.13427
0.11567 -0.00575 -0.09583
0.13909 -0.00643 -0.09631
0.15675 -0.00689 -0.08224
0.12703 -0.00608 -0.09577
0.40552 0.03061 -0.13670
-0.01543 0.01458 -0.10493
-0.01574 0.01554 -0.08280
-0.01696 0.01939 -0.10276
0.07254 0.03360 0.06063
-0.37691 0.02556 0.00871
0.12713 0.04932 -0.09732
0.09821 0.00328 0.06771
0.12453 -0.05650 0.00618
0.17741 -0.05472 0.00057
0.09553 -0.05653 0.00627
0.41741 -0.02986 0.06307
0.27905 -0.11062 -0.14441
-0.36162 -0.02855 -0.11745
-0.35297 -0.02007 -0.11745
0.42047 0.03831 -0.00082
-0.19646 -0.02411 -0.14870
0.30520 -0.10436 -0.13270
-0.20715 0.01582 0.14949
-0.25401 0.00550 -0.15049
0.22413 0.04017 -0.14148
0.05687 -0.06367 0.12375
0.21355 -0.02605 0.14849
0.43567 -0.05460 -0.08452
-0.01953 0.02354 -0.11301
0.42741 -0.04083 -0.14872
0.43752 -0.05615 0.01304
0.42534 -0.02175 -0.03877
0.13719 0.05624 -0.00318
0.41237 0.02494 0.07462
0.37247 0.02838 -0.12287
0.38385 0.02738 -0.11847
0.39892 0.02594 -0.12010
0.03067 0.01319 -0.13287
0.43884 -0.04661 -0.11824
0.25606 -0.06088 0.14603
0.05344 -0.03885 -0.02045
0.15418 0.01629 -0.14383
-0.42491 -0.02647 0.08375
-0.41496 -0.02602 0.07976
-0.38704 0.01388 -0.04246
-0.38432 0.00486 0.12181
-0.19483 -0.10953 -0.13694
0.10961 -0.00076 -0.13211
0.10382 0.00663 -0.00836
-0.24474 -0.01285 0.11832
0.25261 -0.06635 -0.14279
-0.44394 -0.05147 0.11191
0.34837 -0.04010 0.14930
-0.39542 -0.01428 -0.06825
0.44033 -0.03749 -0.07885
-0.34833 0.03004 0.02792
-0.44480 -0.03248 -0.13062
0.08342 -0.06176 0.13574
-0.00481 -0.06176 0.13656
-0.00778 -0.02429 0.00960
0.41771 -0.00055 0.04590
-0.41825 0.00215 0.04264
0.32164 -0.02441 0.11702
-0.02502 0.03893 -0.10769
-0.05416 -0.03517 -0.15013
-0.08303 -0.03513 -0.15018
0.07346 -0.03592 -0.14983
-0.02141 -0.03446 -0.15022
-0.02645 -0.03688 -0.14979
-0.23976 0.04253 -0.10328
-0.23137 0.04330 0.11849
-0.03050 0.01571 0.12838
-0.40049 -0.02771 0.04098
0.41756 0.02104 0.08516
-0.15662 -0.04999 0.13170
-0.03185 -0.00199 0.12776
0.25831 -0.03781 0.14408
0.30340 -0.09447 -0.11728
-0.30491 0.03151 -0.11543
-0.17315 -0.08267 0.11412
-0.35883 -0.03929 -0.07660
-0.37188 -0.03929 -0.06318
-0.34560 -0.03929 -0.07457
-0.33968 -0.03929 -0.06545
-0.29050 -0.03929 -0.08329
-0.15165 -0.00756 0.11217
0.10409 0.01509 0.00076
0.00863 -0.03580 0.04243
0.29418 -0.08355 -0.14424
0.03692 0.10629 -0.07295
0.04699 0.10629 -0.08490
-0.42912 -0.01544 -0.02142
-0.33016 0.03281 0.00659
-0.33382 0.03222 0.01387
0.34058 0.02266 0.14616
0.32570 0.02198 0.14666
-0.37619 -0.01330 0.06191
-0.37510 -0.02249 0.06099
-0.27835 0.03980 -0.00017
-0.43817 -0.02704 -0.13881
0.09436 0.08158 -0.07162
0.09849 0.03477 0.10936
-0.38911 -0.00736 0.08714
-0.36956 -0.01971 -0.11078
0.09383 0.05066 -0.08079
-0.08953 0.01645 -0.14715
-0.26337 -0.04598 0.14291
-0.01850 -0.02844 0.15116
-0.41461 -0.03937 0.02402
-0.16278 -0.05642 -0.11776
-0.10559 0.01533 0.14969
-0.16818 0.01005 0.15014
0.07684 0.04291 -0.16630
0.24714 -0.06359 0.13956
-0.11065 -0.02758 -0.15095
0.08029 0.02738 0.13771
-0.40178 -0.02310 -0.04253
-0.17504 0.01881 0.04908
-0.17504 0.01888 0.09650
0.39722 0.03186 -0.02706
0.41089 0.03043 -0.03223
0.40374 0.03238 -0.01396
0.18552 -0.03676 0.00078
0.18552 -0.00671 0.03117
0.18552 -0.02266 0.01611
0.18552 -0.00621 0.05207
0.18552 -0.00610 0.00854
0.18552 -0.00933 0.06164
0.18552 -0.01463 0.07023
0.18552 -0.04977 0.01277
0.18552 -0.04800 0.00758
0.18552 -0.02937 0.03225
-0.24343 0.04277 0.08663
0.20249 -0.05752 0.14503
0.13422 0.01762 -0.13451
-0.21573 -0.01139 -0.11716
-0.27983 -0.00047 0.11423
-0.28224 0.02941 0.10695
-0.42257 -0.02767 0.14961
-0.20240 -0.08316 0.13919
-0.38255 0.02366 -0.04777
0.21992 -0.01357 0.14261
0.28507 0.03841 0.13961
0.06447 0.02680 0.04593
-0.25462 0.04017 -0.12866
0.33231 -0.06595 0.13736
-0.44872 -0.02747 -0.04492
0.20698 -0.04008 0.15021
-0.11157 -0.03086 -0.02847
0.42244 -0.01218 -0.04111
0.42480 -0.01463 0.01094
-0.42287 -0.06403 -0.08388
-0.29396 0.03600 0.10686
-0.29132 0.03610 0.12330
-0.32800 0.03113 0.12396
-0.26835 -0.02221 0.13351
-0.44481 -0.04089 -0.12662
0.16166 -0.00704 0.06097
0.02240 0.01286 0.13288
0.18418 -0.05688 0.08920
0.30147 -0.09112 0.11375
-0.09799 0.03794 -0.14292
-0.02513 0.03960 -0.09092
-0.00448 -0.05369 0.14661
-0.05429 0.03856 -0.13738
-0.42382 -0.04853 -0.02576
0.38493 -0.01701 -0.14744
-0.41008 0.03341 -0.00063
0.07292 0.08975 -0.10995
-0.42489 -0.06412 -0.04915
0.43279 -0.01665 -0.00824
0.04044 -0.02104 -0.15137
-0.04800 -0.02452 -0.15115
-0.07940 -0.02461 -0.15116
-0.25985 0.03961 0.13013
-0.13260 -0.03086 -0.06081
-0.43258 -0.00669 -0.01182
0.16468 -0.06645 -0.11446
0.06808 -0.06645 -0.12196
0.05196 -0.06645 -0.07643
0.16263 -0.06645 -0.03677
-0.03961 -0.06645 -0.11961
0.16149 -0.06645 -0.07629
0.08132 -0.06645 -0.08334
0.11305 -0.06645 -0.07497
0.13120 -0.06645 -0.09574
0.13862 -0.06645 -0.03790
0.10240 -0.06645 -0.05928
0.16656 -0.06645 -0.13330
-0.04647 -0.06645 -0.12409
0.13844 -0.06645 -0.07836
0.13848 -0.06645 -0.11482
0.09722 -0.06645 -0.11671
0.04479 -0.06645 -0.11234
0.02557 -0.06645 -0.10066
0.00461 -0.06645 -0.12155
0.16841 -0.06645 -0.10863
0.16991 -0.06645 -0.02200
0.01789 -0.06645 -0.11872
0.11064 -0.06645 -0.09214
0.05729 -0.06645 -0.12403
0.10568 -0.06645 -0.08888
0.08533 -0.06645 -0.10477
-0.01450 -0.06645 -0.12941
0.13612 -0.06645 -0.10223
0.02697 -0.06645 -0.12650
0.08966 -0.06645 -0.12309
0.05995 -0.06645 -0.09718
0.10476 -0.06645 -0.07954
0.08936 -0.06645 -0.08301
0.14441 -0.06645 -0.11358
0.07132 -0.06645 -0.12868
0.12409 -0.06645 -0.05652
0.16069 -0.06645 -0.09973
-0.16487 0.04148 -0.14296
0.41807 0.01631 -0.09531
-0.37310 0.02027 -0.11834
0.29758 0.03416 -0.08935
0.34407 0.03148 -0.09639
0.32655 0.03235 -0.10005
0.28930 0.03468 -0.08613
0.32886 0.03239 -0.09264
