0.29533 -0.06331 0.15681
0.02568 -0.02133 0.16749
0.26365 -0.00116 -0.13293
0.27106 -0.07507 0.15668
0.20633 0.05561 0.06644
0.16108 0.05564 0.10486
-0.11454 0.05803 -0.15599
0.12198 0.01235 -0.17141
0.25250 0.03857 0.01405
-0.26234 0.00427 0.05640
-0.25374 0.00438 0.15861
-0.25998 0.00430 -0.01213
-0.26025 0.00430 0.14705
-0.25803 0.00432 0.15160
-0.25302 0.00439 0.17891
-0.26272 0.00426 0.17897
-0.25537 0.00436 0.01171
0.04506 0.05095 -0.14487
-0.41797 0.05737 -0.06907
0.03740 0.03305 0.16537
0.36517 -0.07022 0.08487
0.38320 -0.07141 0.02939
0.07959 -0.01164 -0.12900
0.08821 -0.03639 -0.12950
0.12744 -0.00823 -0.12925
-0.40951 0.00710 0.16974
-0.42533 -0.03461 0.02794
0.30755 0.04644 -0.15518
-0.42602 0.03446 0.07010
-0.25875 -0.08007 -0.15863
-0.38668 0.05939 0.12418
0.13523 0.05431 -0.08287
-0.26977 -0.01197 0.17351
-0.36768 0.00185 -0.17337
0.11671 0.05924 0.14105
-0.25974 0.06821 0.10409
0.06486 -0.00829 0.00363
0.23917 -0.03776 -0.17125
-0.24814 -0.12147 -0.16627
0.29421 0.02996 -0.02904
-0.05027 -0.03331 0.01495
-0.07779 -0.03359 0.02087
-0.03424 -0.03342 0.01551
0.43478 -0.02918 -0.10823
0.35630 -0.00343 0.00149
-0.36167 0.06231 -0.06313
0.42059 -0.02602 0.14837
0.36875 0.01788 0.16687
0.16087 0.05940 -0.02316
-0.23009 0.05333 -0.01908
-0.02220 -0.05338 -0.10568
0.12913 -0.04812 0.03594
0.12370 -0.05003 0.03696
0.23863 0.05076 0.12053
0.23745 -0.01404 -0.13726
0.21462 0.03263 0.16636
-0.34992 -0.05629 -0.14923
-0.29597 0.06972 -0.00402
-0.01130 -0.03067 -0.06148
-0.24124 0.05976 -0.16279
-0.31027 0.06668 0.09117
-0.43528 -0.03949 0.11544
0.41042 -0.05406 -0.08979
0.16184 0.05785 0.06298
0.39603 0.03797 -0.11732
0.09243 0.06003 0.11683
0.08749 0.06179 0.12276
0.09536 0.05899 0.07055
0.10213 0.05659 0.12729
-0.01263 -0.02039 -0.06606
-0.26115 -0.00438 0.15440
-0.43308 0.01342 0.11997
0.42718 0.02242 -0.14954
-0.18446 -0.04543 0.13653
0.33442 -0.04152 0.16271
-0.02396 -0.05528 0.06827
-0.35734 0.06273 0.05887
-0.36511 0.06202 0.05480
0.21898 0.02496 -0.00092
-0.26919 0.06917 0.07404
-0.24079 0.06369 0.07057
-0.41886 -0.03169 -0.05033
0.14288 -0.04918 -0.15905
0.38011 -0.06101 -0.12847
0.34559 -0.01076 0.02001
-0.19370 -0.04773 -0.17626
0.22431 0.06001 0.00320
0.32657 -0.00414 0.17039
0.32115 -0.00158 -0.03748
0.32511 -0.00345 -0.00538
0.23151 -0.09802 0.16690
-0.38805 0.05980 0.06573
-0.16891 -0.02578 0.02379
-0.16296 -0.02563 0.02124
-0.43461 -0.01801 -0.06733
-0.18274 0.06600 0.15975
0.08462 -0.02067 0.16783
-0.31966 0.06611 0.00920
-0.27732 -0.01317 0.16631
-0.18588 -0.03781 -0.13991
0.38455 -0.04098 -0.15620
0.39993 -0.01295 -0.11534
-0.24367 -0.09070 -0.16087
-0.39327 -0.04494 -0.14481
-0.43351 -0.01473 -0.11948
-0.00261 0.04335 0.16114
-0.19163 -0.02743 0.15703
-0.34219 0.06404 -0.04523
-0.18415 0.05360 0.16508
0.22810 -0.09504 -0.15042
0.08847 0.05566 0.14769
0.36109 0.04390 0.07998
0.36979 0.04261 0.08839
0.26992 0.00376 -0.06559
0.26364 0.00364 -0.15677
0.27020 0.00376 -0.13524
0.26915 0.00374 -0.10221
0.27356 0.00383 -0.05429
0.28215 0.00399 -0.15792
0.28022 0.00395 0.07191
0.25142 -0.08066 -0.16620
0.23878 -0.02421 -0.12955
-0.35144 0.06298 0.10305
-0.18959 -0.06343 -0.17572
-0.43985 0.00590 -0.03120
-0.05021 -0.04460 -0.01909
0.01816 -0.03555 -0.01383
-0.08700 -0.03875 -0.01589
-0.06109 -0.04139 -0.01731
0.04480 0.05563 -0.14742
-0.22492 -0.06089 0.16094
0.09990 -0.04609 0.16001
-0.42686 -0.03125 0.05466
0.35908 0.04325 0.10047
-0.41798 -0.02432 -0.06297
0.05267 0.11617 0.05329
-0.43250 0.01402 0.08884
0.44322 -0.02241 0.06382
0.28676 -0.04515 -0.08231
0.27341 -0.01018 -0.17195
-0.41493 -0.04810 -0.10511
0.14229 0.05639 0.11140
0.20817 -0.02483 0.03178
0.20479 -0.02999 0.02966
0.21018 -0.02176 0.04579
0.21019 -0.02175 0.12780
0.30025 0.00387 0.17258
-0.29994 0.06743 -0.15690
0.07414 0.09478 0.10654
-0.25693 -0.06321 -0.16073
0.16918 -0.01578 0.17020
0.41474 0.03900 -0.02550
-0.36265 0.02709 0.17019
0.07464 0.08918 -0.12126
0.29912 -0.10554 0.12972
0.27796 -0.01334 0.07619
-0.03955 -0.06253 -0.15110
0.42337 0.03043 -0.12354
-0.09988 -0.03707 0.16373
-0.24604 0.00353 -0.10509
-0.29159 0.00617 -0.10509
-0.30264 -0.04380 -0.10509
-0.28653 -0.01861 -0.10509
-0.24592 -0.02374 -0.10509
-0.28419 0.00231 -0.10509
-0.26244 -0.00133 -0.10509
-0.22672 0.00202 -0.10509
0.26139 0.05204 -0.07649
-0.20176 -0.08875 -0.13419
0.28680 0.04759 -0.12054
-0.44401 -0.00526 0.12697
-0.03117 -0.02197 0.16756
-0.03706 -0.02233 0.16748
-0.43376 0.05324 0.03619
0.41639 -0.01398 -0.04209
-0.28325 0.07164 -0.09104
0.07204 -0.04592 0.10479
-0.30868 -0.01489 0.02197
-0.31073 -0.01912 -0.12436
-0.30947 -0.01651 0.09616
-0.30841 -0.01432 0.12691
-0.30808 -0.01363 0.01067
-0.43372 -0.00184 0.13355
0.41399 -0.06201 0.00530
0.33195 0.01275 -0.01422
0.11301 0.02456 -0.13253
0.07477 -0.04303 0.01365
0.40588 0.02274 -0.13812
-0.14351 0.02889 -0.12709
0.37807 0.04002 0.13392
-0.41212 -0.04574 -0.12203
0.10598 -0.05351 0.03912
0.13575 -0.05408 0.04482
0.15335 -0.05448 0.11708
0.11093 -0.05362 0.05625
0.14548 -0.05430 0.08079
0.12060 -0.05382 0.07610
0.06933 0.04102 0.08358
-0.36724 0.06157 0.08660
-0.00625 0.02992 -0.13342
-0.04228 0.04296 -0.13701
-0.40230 -0.03129 -0.07244
-0.43377 -0.02217 0.03391
-0.23919 -0.12130 0.13713
0.24713 0.04911 -0.13408
0.11897 0.02953 0.08116
0.03370 -0.03072 -0.06092
-0.28983 0.07044 0.06890
0.07281 -0.07465 -0.14358
-0.24655 -0.02063 -0.17457
0.29412 -0.10188 -0.17159
0.15248 0.06125 0.00177
0.21261 0.05797 0.04025
-0.08016 -0.01760 -0.16880
-0.06738 -0.02296 -0.16741
-0.06123 0.00244 0.14553
-0.04884 0.00218 0.14560
0.01394 -0.00807 0.14063
0.41081 -0.01118 0.16234
0.26994 0.02171 -0.16962
0.22005 0.05746 0.04843
-0.29680 0.02667 0.17350
0.26142 0.05490 0.04518
-0.14489 -0.00434 0.12913
0.22754 -0.03364 0.07817
0.19334 0.03789 0.14248
-0.43642 0.04391 0.03340
0.17127 0.05726 -0.06399
-0.44727 -0.00117 -0.10802
-0.33280 0.03871 -0.16855
0.27671 -0.05534 -0.16580
0.27579 0.06401 0.02681
-0.35282 0.06339 -0.00787
-0.34034 0.06427 -0.02395
0.24025 -0.02221 0.17120
-0.05678 0.04942 0.11853
0.22384 -0.00605 0.10892
0.22242 -0.00693 0.09619
0.22573 -0.00490 0.08524
0.22286 -0.00665 0.11569
0.30378 -0.04703 -0.15693
-0.43966 -0.02562 -0.11652
0.05433 0.01410 -0.13558
0.00739 0.03011 -0.16659
0.27504 0.05213 -0.06223
-0.17961 0.03515 -0.11439
0.28328 0.04694 0.14036
-0.10791 -0.04769 0.16034
0.42687 -0.00659 0.00039
-0.24813 -0.09167 0.16508
-0.32252 0.06534 0.09806
0.17418 0.06091 0.00071
-0.42793 -0.02660 0.06378
-0.27161 -0.11381 -0.15324
-0.20634 0.03621 -0.17130
0.37766 -0.07113 -0.04192
0.00507 -0.02508 -0.16662
0.02101 -0.02607 -0.16629
0.11023 0.03228 0.08486
0.11150 0.03614 0.05088
-0.19827 -0.00294 -0.14877
-0.19418 -0.00528 0.00251
-0.19448 -0.00511 -0.06227
-0.19417 -0.00529 0.11154
0.42905 -0.01398 -0.01856
-0.36658 0.06123 0.13949
0.05149 -0.05804 -0.05353
-0.10693 0.03971 0.16672
-0.20570 -0.01306 0.14846
-0.39871 -0.05497 0.02872
0.41161 -0.05920 0.06059
-0.16975 -0.05610 0.09735
-0.17022 -0.05427 0.13811
-0.17137 -0.04976 -0.08508
-0.17065 -0.05258 -0.05734
-0.17150 -0.04927 0.10303
-0.29063 -0.00012 0.02257
-0.29149 -0.00035 0.09089
-0.28623 0.00100 0.14719
-0.28781 0.00060 0.06236
0.03463 0.05467 0.15214
-0.05002 -0.03027 -0.16535
-0.21282 -0.01650 -0.13378
0.02237 0.05101 0.15478
-0.12481 -0.02364 0.05231
-0.12483 -0.02242 0.10104
-0.11021 -0.02399 0.03785
-0.12209 -0.02340 0.06182
-0.30992 -0.00429 0.10509
-0.26108 -0.04629 0.10509
-0.30402 -0.05820 0.10509
-0.24154 -0.06741 0.10509
-0.25378 -0.04860 0.10509
-0.24293 -0.03743 0.10509
-0.31292 -0.02871 0.10509
-0.27259 -0.06028 0.10509
-0.18033 -0.07547 0.10509
-0.26425 -0.06841 0.10509
-0.27083 -0.03016 0.10509
0.16803 0.05528 -0.10335
0.40832 0.02117 0.00871
0.42761 0.02411 -0.04375
0.23106 0.00404 -0.17222
-0.18776 -0.00800 -0.00247
0.09365 0.05866 0.13729
-0.23178 -0.10882 0.17614
0.35794 0.04519 0.05397
0.04864 0.11920 0.05408
0.25668 0.05044 0.10524
-0.39780 0.05886 0.08538
0.15196 0.02626 -0.16786
-0.42511 0.04022 -0.01004
0.08054 0.05537 0.15229
-0.11339 -0.02300 -0.07053
-0.11937 -0.02300 -0.07645
-0.12792 -0.02400 -0.04592
0.27792 -0.02892 0.09105
0.24473 0.04808 0.15214
0.23896 -0.08583 0.17164
0.32689 0.04512 0.12477
-0.20647 0.03850 -0.09861
0.05400 0.11272 0.08044
0.36181 0.04170 -0.13722
0.29714 0.05256 0.00107
0.08044 0.00290 -0.13007
-0.01343 -0.01623 0.08802
-0.03601 -0.04571 0.09563
0.11106 0.02186 -0.02967
0.11929 0.00996 -0.01974
0.09389 0.04665 -0.04944
0.11194 0.02077 -0.03807
-0.11591 0.05490 -0.14070
0.25114 0.00257 0.16028
0.24988 0.00244 0.12622
0.24436 0.00185 -0.10730
0.25726 0.00322 0.10968
0.25374 0.00284 0.06048
0.24370 0.00178 -0.06673
0.24945 0.00239 0.13722
0.21096 -0.03190 -0.05213
0.29645 -0.03394 -0.04984
0.20180 0.05865 -0.00889
-0.07505 0.04172 0.03542
-0.41790 0.05767 0.04333
-0.02502 -0.07408 -0.14457
0.34811 -0.04664 -0.15064
0.34832 -0.05113 -0.02684
0.34833 -0.05123 0.05342
0.34847 -0.05421 -0.03366
0.40573 -0.00364 -0.05643
-0.04840 0.04961 -0.06949
0.41177 -0.01315 -0.10258
-0.42746 0.03146 0.13606
0.28650 -0.06639 0.15541
-0.37783 0.06114 -0.01293
0.44039 -0.01790 0.04518
-0.05028 0.05119 0.05374
-0.43089 -0.03040 0.10833
0.08008 -0.04380 -0.08781
0.30929 -0.07158 -0.16854
0.27773 -0.03718 0.07316
-0.01121 -0.03252 0.16444
-0.25750 -0.11569 -0.17374
0.39321 -0.00501 0.13926
-0.26024 0.07042 0.11879
-0.21836 -0.01413 -0.17538
-0.37947 -0.05728 0.11625
-0.37495 -0.05802 0.10734
-0.38307 -0.05669 -0.05828
0.31483 0.04711 0.09963
-0.28454 -0.10341 -0.16873
0.43403 -0.02481 -0.01072
0.03227 -0.03075 0.09798
-0.23597 -0.02935 -0.16886
0.11085 0.02230 0.09351
0.33640 -0.04881 -0.13754
-0.43645 0.05156 0.00952
-0.19973 -0.04069 0.17596
0.31087 0.05446 -0.01330
-0.33359 -0.00799 0.17400
-0.29126 0.06082 0.16098
0.27911 0.04988 0.00241
0.05440 -0.03138 0.00125
-0.25565 -0.08917 0.16545
-0.25541 0.00436 -0.06639
-0.25369 0.00438 -0.12827
-0.24435 0.00450 -0.04439
-0.25095 0.00441 -0.02178
-0.25038 0.00442 -0.08356
-0.24693 0.00446 -0.17156
-0.24354 0.00451 -0.14516
-0.24993 0.00443 -0.00958
-0.13341 -0.02012 -0.10315
-0.12490 -0.02100 -0.10098
-0.37437 0.06078 -0.10173
0.27295 -0.11972 -0.15024
0.12986 -0.07836 -0.01632
0.13972 -0.07836 0.09787
0.14652 -0.07836 0.12957
0.14081 -0.07836 0.02758
0.14089 -0.07836 0.10418
0.13837 -0.07836 0.00809
0.28414 0.02072 0.01183
0.23988 0.02072 0.01095
0.42337 -0.02705 -0.12591
-0.40532 -0.02561 0.06155
-0.35602 0.06262 -0.09335
0.42430 -0.04384 -0.09127
-0.18417 -0.07279 0.17234
0.22628 -0.00609 -0.08113
0.43667 -0.02864 -0.09497
0.21650 0.05435 -0.07813
-0.16656 -0.06905 -0.00822
-0.16806 -0.06271 -0.15138
-0.16760 -0.06463 0.06145
-0.16779 -0.06383 0.05523
-0.16733 -0.06580 -0.08538
0.24685 -0.00898 0.16761
0.10707 -0.04303 0.01143
0.07958 0.09240 0.10121
-0.44033 0.00357 0.10777
-0.07114 0.04496 -0.16152
-0.43950 0.00018 -0.00807
0.29474 0.04969 -0.07488
0.24341 -0.06742 0.16862
-0.07866 0.05049 0.02925
-0.12401 -0.04596 0.16178
0.03441 0.06590 -0.17351
0.29928 0.03921 -0.01492
-0.04975 0.04883 0.09836
-0.12526 -0.06242 -0.15318
-0.43600 -0.01279 0.01318
-0.29263 0.06957 0.08226
-0.44359 0.00233 -0.05345
-0.00739 -0.05852 0.05638
0.35742 0.04195 0.14528
0.04405 -0.05953 -0.15215
0.26200 -0.03313 0.15910
0.21047 -0.00317 0.17170
-0.18976 0.04381 -0.11225
-0.20899 0.06375 -0.12033
-0.23668 0.07000 -0.12116
-0.21503 0.06157 -0.11350
0.12786 -0.07836 0.13703
0.11988 -0.07835 0.02896
0.11933 -0.07835 0.09532
0.12662 -0.07836 0.11292
0.12404 -0.07836 0.08562
0.10935 -0.07834 0.03714
-0.42841 0.01658 -0.01067
0.41899 0.03622 -0.05980
-0.23746 0.06441 0.10875
-0.27019 0.00349 -0.02775
-0.27036 0.00347 -0.12879
-0.27720 0.00264 -0.08364
-0.26628 0.00396 0.01368
-0.28029 0.00226 -0.16377
-0.29242 -0.04936 0.17554
0.31949 -0.06138 -0.17078
0.12047 0.06877 -0.00291
0.05015 -0.05816 0.05054
-0.22379 0.03406 0.17213
0.18750 0.05188 -0.13288
0.27046 -0.11966 0.16631
0.29757 -0.00289 0.13686
-0.32405 0.00875 0.17584
0.37529 -0.01857 -0.16545
-0.42603 0.03573 0.05511
0.38604 0.00385 -0.05680
0.34794 -0.04313 0.05349
0.34787 -0.04165 -0.02549
0.34817 -0.04785 0.02904
0.34801 -0.04447 0.12401
0.34818 -0.04814 0.13394
-0.25429 0.06943 0.15470
0.17147 -0.02754 0.16782
-0.03650 -0.04610 0.11572
0.19082 0.05717 -0.04966
0.17918 0.05793 -0.04490
-0.26427 -0.09032 -0.17385
-0.29678 -0.00313 0.00721
-0.29435 -0.00155 -0.12911
-0.29627 -0.00280 -0.13696
0.15864 0.01809 -0.17044
-0.21175 0.04328 0.16915
-0.18161 -0.05531 0.15371
-0.06092 0.05543 0.15500
-0.22824 0.04917 -0.16712
-0.11584 -0.02444 -0.00375
-0.40942 -0.03693 0.13978
0.13834 0.05512 0.03070
-0.24138 0.06448 -0.08752
-0.27694 0.07152 -0.09533
0.39565 0.01432 0.12764
-0.37384 0.03843 -0.16643
-0.26150 -0.04833 0.15943
-0.44516 -0.00634 0.08513
0.32160 -0.04400 -0.17174
-0.10724 -0.03540 0.07965
-0.10312 -0.04638 0.08144
0.13376 0.05467 0.13962
0.09563 0.08447 -0.07217
0.13105 -0.02248 -0.16820
-0.06458 0.06088 0.12068
0.33655 0.01776 -0.02976
-0.11129 -0.02211 -0.11982
-0.41490 -0.04018 -0.05660
0.17847 0.05043 0.15222
-0.43203 -0.00942 -0.13797
-0.05053 -0.07559 -0.14369
0.22981 -0.08774 0.12930
-0.05347 -0.01314 0.08976
-0.28662 0.07167 0.02114
0.41086 -0.05133 0.09668
0.27248 -0.08804 0.15536
-0.07659 0.04434 0.14503
0.28739 -0.09079 -0.16506
-0.10171 -0.00158 -0.17176
0.09544 0.02456 0.16821
0.23616 0.05153 0.10548
-0.42833 0.04018 -0.11939
0.09986 -0.02759 -0.16623
0.29545 -0.04838 0.03688
0.29400 -0.03550 0.05065
0.28544 -0.03665 0.04942
0.39725 -0.04739 -0.13910
-0.31468 0.06617 -0.09922
-0.15546 -0.07832 -0.10447
-0.14722 -0.07833 -0.01801
-0.14792 -0.07833 0.04129
-0.14926 -0.07833 0.03377
-0.15394 -0.07832 -0.12705
0.29845 0.06432 -0.02109
-0.04462 -0.03079 0.04827
0.15012 -0.07836 -0.02256
0.15639 -0.07836 0.12204
0.16054 -0.07836 0.04697
0.15597 -0.07836 -0.01424
0.15744 -0.07836 0.05359
0.16326 -0.07836 0.03478
-0.42741 -0.03352 -0.10544
-0.29654 0.06931 0.02036
-0.03386 0.01451 -0.04393
0.41902 -0.03135 0.13286
-0.01355 0.05108 0.15391
0.39608 0.00052 0.08378
-0.01531 -0.04808 -0.07568
-0.29485 0.06783 -0.13686
0.22438 0.05158 0.11380
0.25805 0.04761 0.01155
0.00003 -0.05866 -0.03945
0.40197 0.04144 -0.03816
-0.44761 -0.00531 0.04849
-0.02284 -0.04431 0.05539
0.05575 -0.00245 -0.13347
-0.20382 0.04077 0.11105
-0.37078 0.06175 -0.02049
0.06445 0.10084 -0.10909
-0.32432 -0.02718 0.17012
-0.15402 -0.01368 -0.17234
0.05344 0.10814 0.10943
0.06840 -0.01187 -0.16974
0.29864 0.05185 0.01075
-0.18355 -0.07785 0.14388
-0.00856 0.02471 -0.13326
0.03511 0.02138 -0.13394
0.40540 -0.05109 0.10758
0.06392 0.10773 -0.06217
0.24956 0.06327 -0.02092
0.09558 0.06281 -0.03901
-0.20016 -0.10545 0.14225
-0.43373 0.01302 0.11481
0.40522 -0.00868 0.16390
-0.24997 -0.08333 -0.15963
-0.15696 0.02695 0.13276
0.03065 0.05709 0.15588
-0.40282 -0.05515 0.01412
0.20621 0.05877 0.00478
0.39118 -0.04351 0.15246
-0.10152 0.05968 0.14946
0.23532 -0.06469 0.17066
-0.23925 0.07051 0.13085
-0.23049 0.06732 0.12820
-0.20751 0.06508 0.13334
-0.42658 0.03877 0.07387
-0.18007 0.05099 -0.12034
-0.01798 -0.03923 0.06363
-0.32008 -0.03544 0.16775
0.40737 0.01974 0.02592
-0.40797 0.05862 -0.02304
-0.10562 -0.00579 -0.17137
0.28804 0.06161 0.03840
0.04703 0.02246 0.16895
-0.08993 -0.03090 -0.16540
-0.17096 0.04195 0.16842
0.28466 -0.01226 -0.17181
-0.29755 0.06876 0.05202
-0.40132 -0.05208 0.09373
0.27778 -0.01347 -0.13008
-0.44192 -0.02275 0.10922
-0.00074 -0.06669 -0.14936
0.02984 -0.07108 -0.14621
-0.40616 -0.03399 -0.08616
0.06001 -0.02319 0.00213
-0.41178 0.05726 0.12620
0.03481 -0.07798 0.14153
0.27228 0.05175 0.06758
0.23970 0.04311 0.00740
-0.42621 0.03438 0.08997
-0.06740 0.01322 0.03450
0.19875 0.05171 0.12834
-0.10137 -0.03148 0.16560
0.18841 0.03406 -0.16573
-0.06754 0.09198 -0.07485
0.41505 0.02247 0.13997
0.43676 -0.01788 0.00181
0.29156 -0.03959 -0.07015
-0.02758 0.01618 -0.17150
0.24510 -0.10064 -0.17135
0.23905 0.00072 -0.05686
0.23980 0.00096 0.04652
0.23966 0.00091 -0.14453
0.43808 0.03059 0.01552
-0.07313 0.05149 -0.15763
0.25729 0.04758 0.15252
0.39106 0.04110 -0.09701
0.20946 0.05213 -0.12275
0.23507 -0.10281 0.14944
-0.20521 0.07329 -0.14869
-0.12000 0.02217 0.14192
-0.10627 -0.01133 0.13989
-0.01685 -0.00994 0.13995
-0.11129 -0.00270 0.14310
-0.07776 -0.01991 0.13658
-0.05536 -0.00815 0.14081
-0.02966 0.03117 0.16651
-0.01932 -0.05477 -0.05013
-0.13542 0.02330 -0.12953
0.42769 0.02358 0.09432
-0.43710 -0.01121 -0.14740
0.00983 -0.01807 -0.16835
0.40629 -0.06422 -0.04347
0.10621 0.07808 0.05172
0.38738 -0.06704 -0.07367
-0.13178 0.03951 -0.16710
-0.34001 0.06427 0.02331
0.14349 -0.03361 -0.16552
-0.06858 0.09309 0.08802
0.19604 0.05792 -0.02579
0.18738 0.05873 -0.01174
-0.00956 0.03910 0.16312
-0.16526 0.00025 -0.11084
-0.14721 -0.01630 -0.11057
-0.43815 -0.00255 -0.01401
-0.12399 0.00117 -0.13167
0.00973 -0.03404 0.09917
0.42921 -0.01670 -0.14622
0.02749 -0.05830 -0.09814
0.10928 0.02776 0.11164
-0.31262 0.06681 0.02352
0.32214 -0.00833 0.08114
0.00090 0.01698 0.14528
0.03570 0.00832 0.14765
0.14811 0.05917 -0.04857
-0.06565 0.05349 0.15732
0.06724 0.04085 0.07614
0.03862 -0.05808 -0.08145
0.23574 -0.05403 -0.02879
0.12414 0.05872 -0.10445
-0.40692 -0.02733 0.05038
0.24596 -0.03573 -0.07470
0.32694 -0.00432 -0.06515
0.33005 -0.00579 -0.07022
0.32683 -0.00427 -0.09900
0.32991 -0.00572 -0.00133
-0.34812 0.06305 0.13550
0.31344 0.05348 -0.02063
0.42633 0.02102 -0.02025
0.42428 0.02127 0.15798
0.31501 -0.06647 -0.16941
-0.34725 0.06319 0.12207
-0.38321 0.01587 -0.17161
0.43870 0.02669 -0.05094
0.37490 0.04440 0.03687
0.09340 -0.05338 0.05214
-0.00013 -0.05269 0.04387
0.05545 -0.05355 0.09714
0.01175 -0.05312 0.08122
-0.03086 -0.05263 0.05804
0.05905 -0.05371 0.11144
0.08730 -0.05345 0.06389
-0.01440 -0.05270 0.05442
0.00961 -0.05286 0.05533
0.00286 -0.05302 0.07629
-0.00837 -0.05262 0.04128
0.06400 -0.05314 0.04698
-0.06484 -0.05224 0.04006
0.10674 -0.05424 0.13504
0.06432 -0.05358 0.09433
-0.03285 -0.05267 0.06437
0.08034 -0.05384 0.11032
0.09320 -0.05392 0.11022
-0.10961 0.03667 -0.16786
-0.44100 0.00548 0.05471
0.30994 0.03062 0.00543
-0.23850 0.00437 0.09370
-0.23142 0.00396 0.07664
-0.23974 0.00444 -0.04759
-0.23038 0.00390 0.04056
-0.23842 0.00437 -0.10058
-0.22948 0.00385 0.10475
-0.23776 0.00433 0.03726
-0.12043 -0.00449 0.17191
-0.18342 -0.01837 0.11120
-0.18264 -0.02003 0.15507
-0.18211 -0.02114 -0.00553
-0.18150 -0.02245 0.12047
-0.18082 -0.02387 0.09910
-0.32816 -0.06648 0.04799
-0.33796 -0.06483 0.12946
-0.33360 -0.06556 0.10722
-0.33018 -0.06614 0.03735
0.15429 -0.03415 0.16531
-0.31148 -0.02069 0.01107
-0.31033 -0.01829 0.07732
-0.31388 -0.02565 0.17058
-0.31270 -0.02321 0.11186
-0.31415 -0.02622 0.13028
0.07202 -0.05766 -0.05552
0.28108 -0.00111 0.13164
-0.18752 -0.05112 -0.13363
0.09912 0.03397 0.02192
-0.39720 -0.05496 0.09277
0.09707 0.08310 0.07584
-0.39045 0.06004 0.00832
0.24028 0.02784 -0.02676
-0.37372 -0.05822 -0.01234
-0.37364 -0.05824 0.08416
-0.37575 -0.05789 -0.12999
0.40848 -0.01088 0.04082
0.34673 0.04714 -0.03111
0.11650 0.06941 -0.06309
0.10907 0.07630 -0.04681
0.02755 0.06332 -0.15850
0.27988 -0.01251 0.12999
0.01007 0.03897 -0.13686
-0.00451 0.03897 -0.13659
0.05883 0.03455 -0.13636
-0.33780 0.06415 -0.09220
0.38512 -0.05443 0.14233
-0.03648 0.02036 0.04785
0.37761 -0.06863 -0.08381
0.36846 -0.06695 -0.11645
-0.21178 0.03025 0.01178
-0.21513 0.03558 0.00994
-0.01284 -0.01970 -0.09342
0.14640 0.02800 -0.16761
0.36633 0.04241 -0.10242
-0.27474 -0.08191 -0.17391
-0.43950 0.00612 0.07087
0.31629 0.04607 -0.12062
-0.22323 0.04246 0.16951
0.09402 0.08055 -0.10762
0.12934 0.05801 0.11988
-0.13546 -0.07210 0.14820
-0.17118 0.04994 -0.16578
-0.18669 -0.08685 0.16306
0.12604 0.06379 -0.03492
0.12083 0.06795 -0.02776
0.11358 -0.02685 -0.01435
0.18051 -0.00381 -0.01530
0.13345 -0.02843 -0.01808
0.16453 -0.02921 -0.02323
0.17048 -0.02471 -0.02231
0.05274 0.01261 0.07916
-0.23101 -0.11921 0.13612
-0.43478 0.04497 0.09305
-0.00096 0.05025 -0.14293
0.40313 -0.00127 0.05334
0.43165 -0.02493 0.05364
0.24184 0.05197 0.01497
0.31058 0.03446 0.02417
-0.10554 0.06056 -0.14652
0.10833 -0.00218 -0.17073
0.09937 -0.00497 -0.17061
0.39145 0.04226 -0.04655
0.43872 -0.02183 0.13719
0.31573 -0.02379 -0.17106
-0.38773 0.05098 0.16108
0.40067 -0.06658 -0.04136
0.31116 -0.10914 0.13660
0.39129 -0.02416 -0.16232
-0.24541 -0.02067 0.17450
-0.31826 0.02525 0.17318
-0.15888 0.04575 0.13533
0.03786 -0.02989 0.05510
0.21386 -0.05934 -0.02577
0.43007 -0.03059 -0.14052
0.23733 0.03302 0.00222
0.27351 0.05435 0.05309
0.42469 -0.02418 -0.13430
0.17218 0.05613 0.08756
0.19052 0.05573 0.07735
0.24907 0.00235 -0.09837
0.26025 0.00353 0.04291
0.25868 0.00337 -0.13215
0.24452 0.00187 -0.12801
0.25965 0.00347 -0.14015
-0.05256 -0.07564 0.14361
-0.01007 -0.03594 -0.04649
-0.27490 -0.01225 0.17128
0.11249 0.07411 0.04014
-0.27631 -0.02181 0.17540
0.12753 0.06110 0.00895
0.13096 0.06026 0.02318
0.11718 0.06303 0.01497
0.41557 -0.03380 0.13792
-0.07996 0.06563 0.03730
0.20755 -0.05818 -0.02859
0.26341 -0.00707 -0.08004
0.41350 -0.01206 0.14192
0.23758 0.02641 -0.03617
-0.35637 -0.02194 -0.16935
0.11092 0.01645 -0.17077
0.13145 0.05978 -0.06969
-0.13493 0.00479 0.13939
0.12236 0.00230 0.01935
0.30415 -0.03673 -0.16917
0.05402 -0.05896 -0.03185
0.37273 -0.07081 0.04189
0.36525 -0.07029 -0.05844
0.36916 -0.07056 -0.03865
0.37560 -0.07100 -0.01253
0.35045 -0.06927 0.09532
0.35626 -0.06967 -0.04809
0.36360 -0.07018 -0.04661
0.37651 -0.07107 -0.00303
0.43249 -0.01957 0.06245
-0.07866 -0.03481 -0.16391
0.14652 0.05573 -0.11715
0.39806 0.04215 -0.03303
-0.43433 -0.01483 -0.08577
0.34351 -0.02308 0.00482
0.34412 -0.02531 -0.01536
0.34583 -0.03151 0.04206
0.34330 -0.02233 -0.10956
0.34445 -0.02650 0.12073
-0.29970 -0.00503 -0.03513
-0.29623 -0.00278 0.05252
-0.30032 -0.00543 0.14245
-0.28869 0.06902 0.13384
-0.43205 0.01603 -0.03378
0.08424 0.06396 0.06769
0.40632 0.02382 0.08071
-0.02103 -0.00076 0.07807
-0.10501 0.05426 0.15233
-0.34224 -0.05927 0.14683
0.10842 -0.02432 0.16718
-0.19104 -0.09439 0.16508
0.41812 0.03469 -0.08921
0.39004 0.02240 -0.16365
-0.23985 -0.01078 -0.17619
0.39562 0.01849 -0.11522
0.11479 0.07093 0.05986
0.29040 0.06422 -0.02180
-0.43677 -0.01439 0.10837
0.13467 0.05660 -0.10910
0.30404 -0.00570 0.10509
0.31141 -0.04675 0.10509
0.28594 -0.03336 0.10509
0.26405 0.00222 0.10509
0.28899 -0.01336 0.10509
0.34264 -0.05324 0.10509
0.34384 -0.03059 0.10509
0.33605 -0.05931 0.10509
0.27268 -0.01216 0.10509
0.06058 -0.07378 0.14422
-0.31627 0.06613 -0.07650
-0.18770 -0.00286 0.08018
-0.18821 -0.00281 0.07054
-0.17530 -0.02220 0.09474
-0.19100 0.00165 0.06859
-0.18299 -0.01267 0.05613
0.22283 0.05445 -0.07098
0.43781 -0.02848 0.08144
0.10280 -0.07834 0.12827
0.06481 -0.07831 -0.09926
0.06223 -0.07831 -0.11930
0.05992 -0.07831 -0.13935
0.06871 -0.07832 0.11671
0.10311 -0.07834 0.13523
0.06248 -0.07831 0.04111
0.09874 -0.07833 0.11113
0.06982 -0.07832 0.07124
0.07039 -0.07832 -0.07660
0.09575 -0.07833 0.08269
0.07317 -0.07832 -0.00568
0.06912 -0.07832 0.10636
-0.41707 0.00694 0.16891
-0.05532 -0.01118 0.10300
0.42943 -0.02126 0.11548
-0.16461 -0.07724 0.00821
-0.16651 -0.06923 -0.04680
-0.16576 -0.07240 0.03078
-0.16611 -0.07092 -0.01555
-0.16524 -0.07458 0.05335
-0.04243 -0.03359 0.07086
0.19423 -0.05607 0.11119
0.19384 -0.05729 0.09383
0.19305 -0.05976 0.01474
0.19262 -0.06108 0.02864
0.19210 -0.06273 0.11534
0.26430 0.04092 -0.16302
0.39643 0.02035 0.13883
-0.23623 0.05959 0.03115
0.41331 0.03483 -0.10467
0.38585 0.04275 0.04921
0.42461 0.00501 0.14972
0.42789 -0.01321 0.09105
0.37188 -0.06520 0.12358
0.31644 0.04495 -0.14816
-0.25527 0.01367 0.17786
0.20843 -0.02443 -0.10103
0.21111 -0.02034 -0.14423
0.20570 -0.02860 -0.14384
0.20674 -0.02701 -0.13901
0.21136 -0.01996 0.02128
0.14116 0.06045 0.07235
0.03233 -0.05818 -0.09342
0.03822 0.06053 0.15587
-0.43656 -0.00658 -0.03445
-0.09048 0.02360 -0.13268
-0.08024 0.02960 -0.13168
-0.36493 0.06174 -0.12505
0.40555 -0.00933 -0.05937
0.37622 -0.00242 -0.16846
0.41943 0.02406 -0.06277
0.30758 -0.01596 0.17083
-0.41566 -0.02430 0.05995
-0.20911 0.05674 -0.16437
0.42185 -0.01398 0.03939
-0.03850 0.02690 0.09606
0.42399 0.03712 0.00661
0.25657 -0.05934 0.02908
0.33659 -0.06858 -0.13377
-0.40072 -0.04078 0.14523
0.33647 0.04696 -0.05860
0.35416 0.04578 -0.04708
0.41282 -0.01253 0.03507
0.14153 0.05930 0.08346
0.43437 -0.04760 -0.04180
0.25091 0.05156 -0.09322
0.33101 -0.04100 0.16895
0.34408 -0.02517 -0.12186
0.34596 -0.03199 -0.09709
0.34740 -0.03722 -0.03396
0.34758 -0.03789 -0.08547
0.34539 -0.02991 -0.03380
0.08816 0.06524 0.01871
0.19174 -0.06385 0.14431
0.18962 -0.07064 0.01571
0.18901 -0.07257 0.00322
0.18991 -0.06971 0.12953
-0.10973 -0.02634 0.08756
-0.10819 -0.03205 0.06941
-0.10990 -0.02527 0.07955
0.39498 0.00916 0.09045
0.39342 -0.00401 0.08507
0.05701 0.03201 0.08418
-0.27974 0.07293 0.11449
-0.23931 -0.12091 -0.13662
0.22688 -0.03864 0.17043
0.28811 -0.10918 0.12967
0.34900 -0.06469 0.07894
0.34889 -0.06249 0.02897
0.34859 -0.05669 -0.11219
-0.41884 -0.01852 0.15993
-0.41934 -0.03033 0.13436
0.40772 0.00305 0.04980
-0.05908 0.07518 -0.07536
0.30037 -0.08398 0.16737
0.08760 -0.06365 -0.15060
0.00156 0.02962 0.14327
0.00906 0.02843 0.14306
-0.00629 0.03426 0.14468
-0.19458 -0.02360 -0.16950
-0.21323 -0.00816 -0.16102
0.43226 -0.01707 -0.15674
0.28254 0.03556 -0.04448
-0.42971 0.02431 -0.12426
0.38326 0.04360 0.03604
0.20539 0.04030 0.14485
0.41335 -0.01271 -0.12673
-0.04849 0.03796 -0.03654
0.32866 0.04721 -0.07220
0.25893 -0.02502 0.16959
0.16441 -0.04939 -0.07455
0.16970 -0.03820 -0.07172
0.17055 -0.03642 -0.05503
0.18216 -0.01186 -0.03342
0.16660 -0.04479 -0.04364
0.17861 -0.01938 -0.02914
0.08616 0.03583 0.08685
-0.40313 -0.02940 -0.05621
0.32112 0.05108 -0.01355
-0.29851 0.06745 0.15452
0.11867 -0.04051 -0.16211
0.39544 0.01302 -0.11357
0.39539 0.01260 -0.10134
0.38551 0.04008 0.10967
0.15386 0.05965 -0.02498
0.13222 0.05676 0.12704
0.22117 0.05946 -0.00718
0.18810 0.00037 0.10415
0.18010 -0.01631 0.08587
0.18537 -0.00541 0.11519
0.17930 -0.01807 0.10240
0.18566 -0.00468 0.08962
0.18620 -0.00352 0.07960
0.17186 -0.03376 0.12832
0.02143 -0.05771 -0.08392
-0.21036 0.05288 -0.10661
0.30987 0.04924 0.06069
0.42401 0.02348 -0.10735
0.43264 0.02353 -0.10444
-0.18164 -0.06777 -0.15749
-0.41232 -0.03605 -0.13292
-0.24732 -0.07629 -0.16081
0.10114 0.05146 -0.14453
0.12971 -0.07089 -0.14640
0.42203 -0.04938 -0.08274
-0.32242 -0.06746 0.03203
-0.32464 -0.06708 0.04040
-0.33104 -0.06600 -0.06743
-0.32776 -0.06655 0.00628
-0.32412 -0.06717 0.02576
0.40034 -0.04660 0.13606
-0.29150 -0.07843 -0.17527
-0.21012 -0.06975 -0.16848
0.01245 -0.04268 -0.16093
0.01810 -0.04252 -0.16099
0.28445 0.04872 0.10486
0.42689 0.02411 0.04491
0.10938 -0.06716 -0.14902
-0.26492 -0.11540 0.17176
0.24815 0.04879 -0.00668
0.15302 0.05769 -0.07480
0.43457 -0.02106 0.01715
-0.26634 -0.03060 0.17408
0.29930 0.04584 0.14837
-0.27271 -0.10254 0.17578
0.33258 0.04580 -0.15746
-0.20482 -0.02126 -0.17476
0.30300 0.04934 0.00259
-0.42911 -0.02959 0.03907
-0.42805 0.02797 -0.04015
0.12643 0.05777 -0.11482
0.27326 0.00948 0.08581
-0.28333 -0.06301 0.13474
-0.30546 0.06736 -0.04282
-0.44036 0.00975 0.16318
0.34983 -0.06830 -0.09104
0.28842 0.05082 0.06296
-0.40444 -0.05350 0.03553
0.00500 0.04150 -0.16212
-0.18115 -0.01095 0.10280
0.30131 -0.09726 0.17151
-0.28218 0.07175 -0.06991
-0.27786 0.07125 -0.08072
0.19230 0.02549 -0.16853
0.30208 0.02399 0.08798
0.28026 0.00054 -0.16136
0.11688 0.01863 0.02404
0.12104 0.00904 0.02292
-0.14068 -0.00390 -0.17277
0.41106 0.02160 -0.06325
-0.41778 0.05729 0.08003
-0.27733 -0.10906 -0.13701
0.34738 0.04569 0.06696
0.12636 -0.05418 0.11445
0.12041 -0.05417 0.11752
0.12632 -0.05400 0.09487
0.11635 -0.05398 0.10050
0.13850 -0.05434 0.12278
-0.06361 0.00740 0.04321
0.13865 -0.05098 -0.13021
0.11468 -0.05187 -0.12995
0.14501 -0.03409 -0.12995
-0.40982 -0.03793 -0.05923
0.26898 -0.01267 -0.13001
-0.42547 -0.03793 -0.07130
-0.02165 -0.05434 0.03780
0.12673 0.06071 -0.07406
0.40685 -0.04783 0.11558
-0.28909 0.04132 0.16928
0.01738 -0.03316 -0.06974
-0.44023 0.00578 -0.09798
-0.07507 0.04883 0.10036
0.10845 -0.00336 0.13825
0.29658 0.04740 0.01320
0.12817 0.05690 0.13498
0.22241 -0.02178 -0.06846
-0.19970 0.06570 -0.16002
0.23019 -0.07626 -0.17198
-0.02291 -0.04496 -0.06318
0.39113 -0.01076 -0.04802
0.39622 0.01948 0.09451
0.39441 0.00450 0.11313
0.06835 -0.03009 0.01200
-0.01984 -0.01180 -0.02983
0.32438 -0.01180 0.08596
-0.05876 0.05005 0.14999
0.33696 -0.01166 -0.07446
0.33329 -0.00843 -0.04742
0.33638 -0.01116 0.00822
0.08461 -0.05298 0.15610
0.26118 0.04094 -0.02066
0.06732 -0.05378 -0.12158
0.04631 -0.05348 -0.11124
0.07832 -0.05330 -0.05139
0.01183 -0.05299 -0.09487
0.02581 -0.05332 -0.11657
0.01692 -0.05290 -0.07887
0.00375 -0.05278 -0.08035
0.09082 -0.05329 -0.03540
0.03768 -0.05334 -0.10496
0.09538 -0.05383 -0.09291
-0.01611 -0.05287 -0.11516
-0.01655 -0.05270 -0.09473
0.07438 -0.05386 -0.12189
-0.07995 -0.05228 -0.12181
0.05482 -0.05320 -0.06864
0.09387 -0.05359 -0.06662
0.08353 -0.05350 -0.06934
0.08526 -0.05363 -0.08168
0.10877 -0.05423 -0.12495
0.06753 -0.05319 -0.05137
0.08233 -0.05379 -0.10449
-0.27135 0.06911 -0.15152
0.21089 0.00312 0.08864
0.30406 0.04796 0.09694
0.40097 0.04229 0.02148
-0.33534 0.04371 0.16664
-0.41940 0.02718 0.16612
0.13099 0.05909 -0.12120
0.32528 -0.02327 -0.13944
-0.18816 -0.00329 -0.06626
-0.17872 -0.01957 -0.05095
-0.20193 0.01496 -0.02123
-0.18483 -0.01043 -0.04377
-0.19573 0.00697 -0.04432
-0.18144 -0.01787 -0.01888
-0.23724 0.06191 0.05286
0.00211 -0.03478 -0.03886
-0.27611 -0.08545 0.17494
0.05258 -0.05797 -0.05875
0.24630 -0.02515 0.17162
0.01645 -0.05831 0.06770
-0.36442 -0.05993 -0.07081
-0.36201 -0.06038 -0.11318
-0.36159 -0.06045 -0.03048
-0.36662 -0.05953 -0.08157
0.08212 0.08152 -0.12726
0.25558 -0.10830 -0.17083
-0.23228 0.07290 0.14783
0.27915 -0.05314 0.07540
-0.19397 0.03378 0.17174
-0.31128 0.06661 0.08499
-0.29833 -0.08089 -0.14659
0.14328 0.01828 0.06881
0.29754 0.00269 -0.01663
0.29665 0.00277 -0.06068
0.29149 0.00325 -0.10149
0.29256 0.00315 -0.16595
0.29894 0.00256 -0.05114
0.28597 0.00376 -0.15288
0.14716 -0.05796 0.15406
0.41785 0.01263 -0.02919
-0.44072 0.00552 -0.04175
0.21918 -0.07601 -0.15644
0.11602 0.04990 0.10604
0.11177 0.03696 0.08750
0.45026 0.01756 -0.10087
0.32501 -0.01477 0.07361
-0.07582 0.05529 0.09312
0.43606 -0.01644 0.01480
-0.20011 0.00093 0.17814
-0.07879 0.06082 0.04280
-0.13044 0.05349 -0.16147
0.35883 -0.00157 0.16928
-0.38037 0.05996 -0.12627
0.38926 0.03761 -0.14200
0.41186 0.03490 0.11509
0.09627 -0.00986 0.17015
0.33161 0.04853 0.03145
-0.21501 -0.03348 0.17378
0.31900 -0.09241 0.17088
-0.03708 0.01888 -0.04200
-0.43616 0.04966 -0.00572
0.11593 0.01448 -0.10930
0.10965 0.02337 -0.08695
0.10877 0.02450 -0.11590
0.12433 0.00279 -0.08708
0.10855 0.02485 -0.10464
0.12589 0.00062 -0.08164
-0.24907 0.00924 0.17817
-0.14991 -0.01880 0.11585
-0.07285 0.07873 0.10820
-0.40654 0.05782 -0.11627
-0.18958 0.02760 0.11925
0.20192 0.05726 -0.03908
-0.32198 -0.06739 0.07957
-0.32198 -0.06740 0.01875
-0.18173 -0.06862 -0.14661
0.11518 0.04736 0.12896
-0.21843 0.00284 -0.10306
-0.21883 0.00293 0.06448
-0.20567 0.00000 0.13904
-0.21379 0.00181 0.04206
-0.21612 0.00233 0.01054
-0.21900 0.00297 0.03763
0.21822 -0.04613 -0.16060
-0.26611 -0.00659 -0.15397
-0.23942 0.06585 -0.10790
0.42518 -0.03775 -0.05841
-0.03805 0.02206 0.14369
0.02140 0.00888 0.14730
-0.07644 0.01343 0.14470
-0.04729 0.00989 0.14590
0.26199 -0.03370 0.06189
-0.01142 -0.03264 0.00656
-0.01850 -0.03256 0.00589
-0.05082 -0.03280 0.00840
0.01184 -0.03307 0.01039
-0.18308 0.01319 0.11890
-0.17589 -0.01076 0.10876
0.38746 0.04081 -0.08486
0.07184 0.00156 0.00378
-0.29931 -0.07789 -0.15923
0.27066 0.00052 0.16537
0.18682 0.05792 0.03714
-0.43308 -0.02709 0.07636
0.33842 -0.00194 -0.05654
0.08784 0.00081 0.17053
0.26390 0.05197 -0.00465
-0.15287 0.06611 -0.15310
0.05201 0.02421 -0.16834
0.14575 0.05958 0.05614
-0.31528 0.01287 0.17649
0.32595 0.04648 0.15960
0.14730 0.06184 -0.00189
-0.15957 -0.02387 0.06255
-0.16049 -0.02527 0.03263
-0.16720 -0.02400 0.06382
-0.14177 -0.02479 0.03290
0.39625 -0.01045 0.06531
-0.07527 -0.04163 0.16168
0.08134 -0.04254 0.16114
-0.19891 0.02275 0.10579
-0.20171 0.03074 0.10902
-0.37312 -0.05833 -0.11954
-0.36864 -0.05915 0.13132
-0.37078 -0.05876 0.07467
-0.01605 -0.05823 0.10486
0.32155 0.02258 0.03400
-0.02215 -0.03878 -0.03304
0.05927 0.03182 0.09191
0.22635 -0.04937 -0.12962
0.07433 0.03957 0.08174
-0.11688 0.05461 0.15837
-0.43868 0.00683 -0.10445
0.10385 0.03242 0.14636
0.12636 -0.04303 -0.01960
-0.27740 -0.06341 0.17361
0.39550 0.00388 -0.08670
0.12810 0.05322 -0.15227
-0.41849 0.05594 -0.15002
0.39093 0.02103 -0.06817
0.24231 0.05085 -0.10970
0.05156 -0.01733 -0.11783
0.05060 -0.03239 -0.16428
0.28522 0.06423 0.01969
0.17230 -0.02755 -0.16783
-0.08761 0.00517 -0.17224
-0.03794 -0.01189 -0.17003
0.32642 -0.04535 0.12962
0.09271 -0.07833 -0.13106
0.10672 -0.07834 -0.10582
0.07641 -0.07832 -0.04598
0.09747 -0.07833 -0.01673
0.10531 -0.07834 -0.01998
0.08493 -0.07833 -0.02806
0.10788 -0.07834 -0.02795
0.10768 -0.07834 -0.11888
0.08220 -0.07832 -0.03629
0.09253 -0.07833 -0.09381
0.09581 -0.07833 0.01347
0.06996 -0.07832 -0.10952
0.09935 -0.07833 0.06777
0.09233 -0.07833 -0.07810
0.01312 -0.06239 -0.15085
0.06789 -0.02322 0.00285
-0.39357 -0.05560 0.04667
0.23352 -0.03573 -0.17198
-0.20855 0.02510 -0.01355
-0.21467 0.03485 -0.00685
-0.12154 -0.07069 -0.14860
0.04108 0.04240 0.14826
0.04122 0.03113 0.14472
0.05268 0.03609 0.14648
-0.06733 -0.01517 -0.16938
0.23220 -0.07780 0.17185
0.24715 0.02066 0.09051
-0.10568 -0.01795 0.16932
0.31456 -0.03477 0.17152
-0.20949 -0.05464 -0.16879
-0.17650 0.04105 -0.16892
0.36807 0.04146 0.12323
-0.28582 -0.06499 -0.17577
0.31045 -0.00952 -0.13660
0.19795 0.03366 -0.16603
0.04221 -0.05804 -0.08703
-0.21557 0.04255 -0.06742
-0.21521 0.03728 -0.03123
-0.19399 0.00780 -0.07794
-0.19486 0.01016 -0.08510
-0.43526 -0.00633 -0.07455
-0.17183 0.06257 0.14571
-0.17120 0.05887 0.13995
0.08364 -0.04394 -0.12944
0.04093 -0.02160 -0.12864
0.06861 -0.02722 -0.12915
-0.01253 -0.02301 -0.12768
0.06424 -0.04220 -0.12908
-0.02635 -0.03307 -0.12743
0.11284 0.04440 0.13739
-0.18130 -0.05824 -0.16812
0.13895 0.05649 -0.01347
-0.15815 0.01914 0.17440
-0.25814 0.06663 -0.03312
-0.26006 0.06708 -0.04106
0.37734 -0.07094 -0.05193
0.29306 0.05173 -0.00896
0.28995 0.04920 -0.09126
-0.28506 -0.08557 -0.13403
-0.19287 0.03840 -0.10922
-0.17496 0.02654 -0.11628
0.23425 -0.07126 0.13028
0.31362 0.06324 -0.00578
-0.26567 0.06958 -0.09834
-0.25470 -0.03580 0.15968
0.11813 -0.07835 -0.10647
0.12419 -0.07836 0.03676
0.12601 -0.07836 0.02378
0.12174 -0.07835 0.00511
0.12004 -0.07835 -0.12755
-0.12652 0.05529 0.14773
0.25573 -0.00327 0.16456
0.40908 -0.01242 -0.13709
-0.08085 0.07772 -0.09768
-0.15232 0.00561 -0.12178
-0.16095 0.01021 -0.11990
-0.19762 -0.00331 0.08346
-0.20031 -0.00177 -0.06153
-0.20152 -0.00107 0.00082
0.28942 0.04706 -0.01124
0.07705 -0.02639 -0.07322
0.03819 0.00429 -0.13865
-0.02034 0.00054 -0.13538
-0.04438 -0.00201 -0.13343
0.04164 -0.00888 -0.13089
0.41542 -0.01698 0.16270
0.42585 0.03666 -0.00252
-0.31995 -0.04852 0.02075
-0.32019 -0.05080 0.03617
0.29692 0.04744 -0.12289
-0.43672 0.04467 -0.05059
-0.12726 -0.01175 0.13339
0.40330 0.00707 0.02594
-0.26557 -0.04152 0.16578
-0.42195 0.05666 0.04641
0.41653 -0.01246 0.12798
-0.19348 -0.02481 -0.14062
0.43787 -0.01799 0.09156
-0.03811 -0.04160 -0.06078
-0.39145 0.05946 -0.07414
-0.06467 0.08707 0.05686
0.31732 -0.03353 -0.06761
-0.10387 0.02626 -0.17019
-0.06071 -0.04899 -0.15860
0.16160 -0.07836 -0.07578
0.17296 -0.07836 -0.00925
0.17149 -0.07836 0.07588
0.16206 -0.07836 -0.05819
0.15761 -0.07836 -0.13536
0.11786 -0.05374 -0.03590
0.12344 -0.05385 -0.03452
0.13348 -0.05406 -0.05749
0.09809 -0.05336 -0.03377
0.15132 -0.05440 -0.06455
0.14115 -0.05420 -0.05473
0.24386 -0.05321 0.16750
0.26790 -0.00006 -0.15873
0.03537 -0.05811 0.08971
0.42426 -0.05645 -0.00751
-0.44641 -0.02004 -0.11542
0.03834 -0.05104 0.03460
-0.03630 -0.05016 0.03278
-0.00297 -0.04448 0.02902
0.01454 -0.04405 0.02896
-0.32874 -0.01278 0.17350
-0.10473 -0.04520 -0.02811
-0.10984 -0.02512 -0.06034
0.21421 0.02084 -0.16835
0.33835 -0.00675 -0.06720
0.41105 -0.04185 0.12285
-0.35035 0.06333 -0.05917
0.39926 0.04067 0.06229
0.31137 -0.09164 0.13008
0.42636 0.02996 0.12135
0.26329 0.04702 0.01427
-0.07685 0.03321 0.14166
-0.12266 -0.06856 0.15017
0.00475 0.02299 -0.16892
0.08972 0.05384 0.00586
-0.28442 0.07182 0.04241
-0.04570 0.04389 0.05977
-0.43375 0.04279 0.00515
-0.05821 0.00917 0.17221
-0.08374 0.00704 0.17239
-0.06184 0.03096 0.16729
0.11151 -0.05398 -0.09428
0.12594 -0.05407 -0.09297
0.11712 -0.05426 -0.12025
0.11787 -0.05408 -0.10049
0.07215 -0.06304 0.15037
0.26848 -0.02057 0.16993
-0.12842 -0.01829 0.12575
0.12906 -0.03280 0.13861
0.12757 -0.02329 0.13801
0.43962 -0.02781 -0.06914
-0.42456 -0.03086 -0.08174
0.08856 -0.04432 -0.02054
0.30196 -0.05894 -0.15471
0.06253 0.10700 -0.08126
-0.13468 -0.00679 -0.12315
0.22162 -0.00311 0.07439
0.42610 -0.03812 -0.09588
-0.22911 -0.01852 -0.17577
0.23775 -0.05741 -0.16971
0.02111 -0.05859 0.03776
0.32649 -0.08016 -0.12946
0.19314 0.01669 -0.15180
0.05831 -0.00502 0.14070
-0.16577 -0.00497 0.17411
0.08480 0.05234 0.14577
0.33500 0.04562 -0.09934
-0.21579 0.03035 -0.17310
0.35884 -0.04680 0.15574
-0.39687 0.05958 -0.00255
-0.07966 0.07300 -0.09137
-0.05055 -0.00319 -0.13285
-0.06962 -0.00940 -0.13066
0.01207 -0.01145 -0.12949
-0.10386 -0.01086 -0.13029
0.41848 -0.03014 0.15644
-0.09769 -0.05207 -0.08530
-0.08054 -0.05222 -0.10435
-0.05385 -0.05239 -0.09789
-0.02292 -0.05250 -0.04482
-0.01391 -0.05253 -0.03029
0.03812 -0.05287 -0.02879
0.05361 -0.05301 -0.04532
0.06435 -0.05306 -0.03257
-0.08108 -0.05213 -0.05472
-0.07265 -0.05226 -0.09933
0.01283 -0.05276 -0.05650
-0.08678 -0.05220 -0.11654
-0.00932 -0.05260 -0.05122
-0.02659 -0.05246 -0.03790
0.07478 -0.05312 -0.02921
0.01514 -0.05274 -0.04074
-0.00428 -0.05265 -0.06013
0.04011 -0.05292 -0.04448
-0.12265 -0.05304 -0.15829
0.29669 0.03019 -0.08335
0.21724 -0.05354 0.14421
-0.18111 0.00103 0.17605
-0.22359 -0.02254 -0.13466
-0.16236 -0.03430 0.16795
0.17782 -0.07836 0.06191
0.17554 -0.07836 -0.07354
0.17879 -0.07836 0.08774
0.18171 -0.07836 0.13271
0.14864 -0.04303 -0.00391
0.12865 -0.04303 -0.00034
0.12489 0.05834 0.10426
0.30736 0.05061 0.00799
0.17334 0.05452 0.11203
-0.27467 0.05478 0.16474
-0.39543 -0.02947 -0.16270
-0.24764 -0.11139 -0.13401
0.24987 0.00183 -0.08491
0.28488 0.00386 -0.00609
0.30099 0.00237 0.11006
0.28686 0.00368 -0.07214
0.28862 0.00352 -0.03076
0.30205 0.00227 0.13191
0.29785 0.00266 0.14565
0.29108 0.03549 -0.07805
-0.24617 -0.01572 0.17588
0.13826 -0.04303 0.01049
0.11279 0.07473 0.00209
0.25937 0.05642 -0.01108
-0.11914 -0.07840 -0.03819
-0.11868 -0.07840 0.06510
-0.13104 -0.07837 -0.12119
-0.11825 -0.07840 -0.06642
-0.11618 -0.07841 -0.04322
-0.11706 -0.07840 -0.05904
-0.13053 -0.07837 -0.05031
-0.11636 -0.07841 0.07101
-0.08380 -0.07559 0.14401
0.42041 0.03387 0.08706
-0.07493 0.04588 -0.10383
-0.30412 -0.00931 -0.00868
-0.30440 -0.00961 -0.12504
-0.30168 -0.00667 0.11781
-0.30114 -0.00609 -0.14457
0.22326 -0.07688 -0.16939
-0.06574 0.08486 0.09784
0.29314 0.05185 0.05104
-0.22299 0.05072 -0.07368
0.11138 0.02782 0.09069
-0.38576 -0.04506 -0.14960
-0.23464 -0.12145 0.15113
0.17771 0.01507 -0.17144
-0.41813 -0.02957 -0.14298
0.22387 -0.06884 0.10509
0.21747 -0.05661 0.10509
0.21825 -0.06527 0.10509
0.20756 -0.07338 0.10509
0.31789 -0.06843 0.10509
0.23893 -0.05446 0.10509
0.24257 -0.06429 0.10509
0.25467 -0.03496 0.10509
0.27738 -0.03386 0.10509
0.21596 -0.05080 0.10509
0.25639 -0.06727 0.10509
0.29629 -0.05602 0.10509
0.39314 -0.06121 -0.09605
0.41884 -0.00086 -0.03346
0.33379 0.04711 0.06264
-0.35048 -0.04567 0.16011
0.09477 0.08693 -0.04655
0.18098 -0.01455 -0.09203
0.18596 -0.00385 -0.02742
0.16749 -0.04292 -0.12141
0.17243 -0.03260 -0.12680
0.17935 -0.01801 -0.10385
0.18744 -0.00107 -0.10470
0.18732 -0.00126 -0.08883
-0.43867 -0.01419 -0.07333
-0.44763 -0.00657 -0.02029
-0.41160 -0.04899 -0.01258
0.16166 0.05218 0.14255
0.13742 -0.00863 -0.17063
-0.29470 -0.08943 0.16721
0.43400 0.00882 -0.00666
-0.18380 0.00130 -0.10118
-0.38368 0.05957 0.13983
-0.18097 -0.01881 0.01285
-0.20076 0.01270 0.01864
-0.22358 0.04671 0.00348
-0.23397 -0.07767 0.16110
-0.32045 0.06526 0.13830
-0.04794 0.04865 -0.08644
0.25728 0.01990 0.17023
0.03964 -0.04750 -0.15912
0.23448 0.06199 -0.01452
0.12303 0.05219 0.13452
0.11093 0.00375 0.13999
0.07955 0.02133 0.14401
-0.30540 0.05007 -0.16566
-0.31830 -0.03960 0.11788
-0.31874 -0.04108 0.02669
-0.31774 -0.03771 0.08889
-0.31602 -0.03194 0.09245
-0.31816 -0.03914 -0.04654
-0.09525 0.03476 -0.16689
-0.42853 0.02306 0.00251
0.25623 0.02480 0.16884
0.25437 0.02599 0.01676
0.41788 0.01826 -0.15480
0.29592 -0.11702 -0.14247
0.39975 0.01223 -0.02934
-0.20375 -0.00043 0.00947
-0.21625 0.00236 -0.16095
-0.21077 0.00114 -0.16873
-0.20403 -0.00036 -0.00931
0.36723 0.04659 0.00489
-0.24121 -0.00129 -0.15193
0.30797 0.05336 0.02923
-0.17878 -0.02819 0.06086
-0.18125 -0.02298 -0.04031
-0.17928 -0.02712 0.13599
-0.18077 -0.02399 -0.15231
-0.18072 -0.02408 -0.07535
0.23350 -0.01811 -0.14032
-0.26044 0.06765 0.08267
0.06414 0.00033 0.00846
0.15934 -0.01552 -0.13039
0.17095 -0.01820 -0.13085
0.15615 -0.04002 -0.13030
0.29111 -0.00110 0.15896
0.40926 0.03645 0.09660
-0.11876 0.02981 -0.16973
0.32308 -0.02082 0.15735
-0.43093 0.01906 -0.08138
0.31682 0.01934 0.16927
-0.12516 0.05481 0.16008
-0.41331 -0.04592 0.04709
-0.33388 0.06475 -0.02467
0.05531 -0.04614 -0.12893
-0.09828 -0.04046 -0.12750
-0.09277 -0.03599 -0.12715
0.05193 -0.05265 -0.12946
-0.03336 -0.04083 -0.12793
-0.00364 -0.04198 -0.12821
0.29845 0.05000 -0.01635
0.34212 0.00089 -0.17067
0.26102 -0.05124 -0.15682
-0.23872 -0.12155 -0.16848
0.23698 0.05422 -0.06306
0.30912 0.01606 0.17051
0.12368 -0.06816 0.14844
-0.09884 -0.07837 0.05409
-0.11280 -0.07840 0.08169
-0.11132 -0.07840 0.10737
-0.09829 -0.07837 0.11702
-0.10459 -0.07838 -0.00385
-0.10210 -0.07838 -0.04563
-0.11475 -0.07841 0.11594
-0.10912 -0.07840 -0.01117
-0.11157 -0.07840 -0.08077
-0.09178 -0.07835 0.12495
-0.08277 -0.07833 0.13246
-0.02717 0.00174 0.03655
-0.13678 -0.04783 0.16153
-0.26358 -0.01584 -0.13397
0.13598 0.05943 0.00182
-0.42240 0.05676 0.01841
0.28956 0.04985 0.07962
0.26275 0.04866 -0.15918
0.37659 -0.00080 -0.08617
0.24349 -0.08685 0.13038
0.31087 -0.00982 -0.16005
0.37527 -0.06750 0.09817
-0.02551 0.00681 -0.06015
0.00056 -0.03495 0.11011
0.14894 -0.04303 0.01630
0.20084 -0.03864 -0.01145
0.20002 -0.04047 0.09364
0.20301 -0.03380 0.13359
0.20165 -0.03683 0.10486
0.19906 -0.04261 0.13051
-0.41727 0.01418 0.16898
0.23342 0.04624 -0.01429
0.31172 0.00053 -0.00328
0.31565 -0.00033 0.07998
0.30832 0.00127 -0.05548
0.30781 0.00138 0.13710
0.31102 0.00068 0.04996
0.07120 -0.02403 0.05434
-0.05667 -0.00527 0.05698
-0.18547 -0.07558 -0.17278
-0.14825 -0.02107 -0.17034
0.22758 -0.00850 0.08095
-0.18963 -0.00972 -0.14761
-0.18621 -0.01364 -0.01682
-0.18652 -0.01329 0.06829
-0.18581 -0.01410 -0.14875
-0.42915 0.02589 0.13920
0.33957 0.04852 0.01544
0.23680 0.00000 0.07758
0.23209 -0.00149 0.16244
0.23173 -0.00160 0.06305
0.23051 -0.00199 0.04739
-0.35477 -0.04093 -0.16286
0.08690 -0.04116 -0.01134
-0.23942 -0.05317 0.15892
-0.26631 -0.11569 -0.17109
-0.30118 0.06804 -0.03493
0.39623 0.00820 0.14941
-0.27913 -0.06978 -0.01076
-0.29946 -0.06838 0.08498
-0.30432 -0.06804 -0.03642
-0.31582 -0.06725 0.01114
-0.32188 -0.06683 -0.09853
-0.27989 -0.06973 0.01462
-0.23777 -0.07265 0.06756
-0.29135 -0.06894 0.01850
-0.26335 -0.07088 0.08555
-0.23583 -0.07278 0.08266
-0.26140 -0.07101 -0.02138
-0.26792 -0.07056 -0.02961
-0.26942 -0.07046 0.01350
-0.24297 -0.07229 0.01727
-0.22540 -0.07350 0.05072
-0.19288 -0.07575 0.08871
-0.31021 -0.06763 -0.04936
-0.26515 -0.07075 0.07781
-0.22029 -0.07386 0.08578
-0.32035 -0.06693 0.05142
-0.32068 -0.06691 -0.05993
-0.28845 -0.06914 0.06374
-0.27883 -0.06980 0.09452
-0.25468 -0.07148 0.10211
-0.19480 -0.07562 0.09823
-0.30767 -0.06781 0.04122
-0.27154 -0.07031 -0.02137
-0.30155 -0.06823 0.03194
-0.24976 -0.07182 0.01989
-0.30805 -0.06778 -0.06623
0.24272 -0.10670 0.13147
0.00792 -0.05787 0.06512
-0.24798 -0.06157 0.16033
0.18601 0.03048 0.16432
0.00538 -0.03432 -0.10391
0.19449 -0.05524 -0.12241
0.19447 -0.05531 -0.07931
0.19652 -0.04891 -0.11944
0.19414 -0.05634 -0.06238
0.24454 -0.07486 0.16928
-0.09359 -0.06980 -0.14836
0.10205 0.06510 -0.05727
0.13387 0.05791 -0.08797
0.11898 0.06103 -0.08131
0.24952 -0.02697 -0.09554
0.23611 0.06192 0.02810
-0.00133 -0.03514 0.05155
0.28641 -0.11908 0.14901
-0.05607 0.06777 0.09006
0.15691 0.05104 0.15523
0.21563 0.04926 -0.15626
-0.42880 -0.03236 0.08116
0.39998 -0.06772 -0.02226
-0.43108 0.03404 -0.14761
0.07352 -0.03446 0.10470
-0.41766 0.05274 -0.15790
0.10102 0.05918 -0.13099
0.11062 0.02651 0.09753
0.38782 -0.04786 -0.14902
0.14101 0.05554 0.12383
-0.43989 -0.03882 -0.10942
0.09807 0.06555 0.07340
0.17094 0.00440 0.17137
-0.20723 -0.11090 -0.14414
0.24830 -0.03916 0.16908
0.06377 0.10864 0.05226
-0.43425 -0.01492 0.08904
0.17514 0.05159 -0.14305
0.43170 0.02262 0.00228
-0.43736 0.00060 -0.16218
0.27636 -0.08533 0.15831
-0.15109 0.05450 0.16269
0.43538 -0.01779 0.12836
0.07534 -0.03025 -0.00119
0.42826 0.03311 -0.04998
-0.06306 0.01082 0.09408
0.42248 0.02209 0.02836
-0.07777 -0.07832 0.02879
-0.07680 -0.07832 0.05215
-0.07804 -0.07832 0.11666
-0.08522 -0.07834 0.04140
-0.08949 -0.07835 -0.08239
-0.08292 -0.07833 -0.13596
-0.09340 -0.07836 -0.14214
-0.09098 -0.07835 -0.12403
-0.08583 -0.07834 -0.05733
-0.08871 -0.07835 -0.03500
-0.08048 -0.07833 -0.09687
0.38013 0.04456 -0.02264
-0.20783 -0.06603 -0.17228
-0.30922 0.06697 -0.06280
0.05348 -0.07831 -0.10780
0.02578 -0.07831 -0.03313
0.04350 -0.07831 -0.04231
0.02219 -0.07831 -0.07427
0.05507 -0.07831 0.09906
0.03814 -0.07831 -0.04103
0.02824 -0.07831 0.00678
0.03787 -0.07831 0.00550
0.04665 -0.07831 -0.11330
0.04958 -0.07831 -0.05660
0.01591 -0.07831 -0.11219
0.05422 -0.07831 0.07561
0.05340 -0.07831 -0.03220
0.05154 -0.07831 -0.01351
0.05204 -0.07831 0.02657
0.04402 -0.07831 0.02722
0.00224 -0.07831 -0.11336
0.05527 -0.07831 0.00053
0.40388 -0.06689 -0.00131
-0.02566 0.00477 0.09822
0.29940 -0.08164 0.16171
-0.19192 -0.00709 0.16181
-0.18818 -0.01137 0.04910
-0.18895 -0.01049 0.15901
-0.18587 -0.01404 0.15310
-0.03189 0.01679 0.05795
-0.01465 -0.03710 0.10578
0.34431 -0.05241 0.03715
-0.43269 -0.00792 0.13077
-0.26925 0.02561 0.17440
0.09449 0.05526 -0.15192
0.03996 0.00656 0.17102
-0.01340 -0.00457 0.17049
0.09797 -0.06179 0.15120
-0.35552 -0.06158 0.04677
-0.35829 -0.06106 -0.00223
-0.35799 -0.06112 0.11600
-0.35860 -0.06101 0.12784
-0.34339 -0.06383 0.11598
-0.07894 0.05782 -0.11983
0.28197 -0.03338 0.09673
0.20869 -0.00024 -0.10509
0.29066 -0.00824 -0.10509
0.22512 -0.00634 -0.10509
0.32089 -0.00401 -0.10509
0.26866 -0.02344 -0.10509
0.23492 -0.01834 -0.10509
0.24828 -0.02436 -0.10509
0.24045 -0.04954 -0.10509
0.30713 -0.00297 -0.10509
0.20521 -0.02131 -0.10509
0.30412 -0.01548 -0.10509
0.19019 0.04878 0.15906
0.39832 0.00795 -0.16613
-0.06638 0.01490 0.04504
0.32184 -0.00131 -0.17217
0.07182 0.10431 -0.02488
-0.28314 -0.01788 -0.13836
-0.34353 0.06374 -0.08278
0.35014 0.01285 -0.03756
-0.06869 -0.07831 -0.03002
-0.05149 -0.07831 0.02998
-0.03680 -0.07831 0.09354
-0.04505 -0.07831 0.12613
-0.07645 -0.07832 0.04327
-0.05919 -0.07831 0.09697
-0.04476 -0.07831 0.10867
-0.06803 -0.07831 0.05181
-0.03176 -0.07831 0.06762
-0.05251 -0.07831 0.00903
-0.06797 -0.07831 -0.01864
-0.04772 -0.07831 0.06066
-0.06193 -0.07831 0.14050
-0.06228 -0.07831 0.03361
-0.06076 -0.07831 0.12291
0.00933 -0.03399 0.04283
0.28596 -0.11917 -0.13866
0.24822 -0.02499 0.09973
-0.39163 0.05937 -0.08326
0.39320 -0.05208 -0.13252
0.27853 -0.01233 0.17175
0.38289 -0.05447 -0.14314
-0.39086 -0.05583 0.03901
-0.21382 -0.11495 -0.17061
-0.43057 -0.02112 -0.09782
0.27174 0.05036 -0.09191
0.25754 -0.01413 -0.07992
-0.01235 -0.03982 -0.12075
0.33702 -0.06026 0.16680
-0.14145 0.04054 -0.12795
0.30366 -0.11275 0.16706
-0.32099 0.05301 0.16397
-0.04813 0.04124 -0.04438
-0.07277 0.06500 0.02977
0.07694 0.04273 -0.16117
-0.29979 -0.04643 -0.16855
0.26973 -0.07328 -0.01981
0.25078 -0.07434 -0.06088
0.27773 -0.07284 -0.03322
0.33540 -0.06962 -0.06970
0.29716 -0.07175 -0.09248
0.34903 -0.06886 -0.06192
0.33493 -0.06965 -0.07553
0.30019 -0.07158 0.03706
0.22834 -0.07559 -0.08056
0.33729 -0.06952 0.01564
0.31427 -0.07080 -0.08859
0.25850 -0.07391 -0.09094
0.30637 -0.07124 0.00601
0.34502 -0.06909 -0.02198
0.21875 -0.07612 -0.08392
0.27730 -0.07286 -0.01574
0.34296 -0.06920 -0.03438
0.33720 -0.06952 -0.01378
0.21251 -0.07647 -0.08680
0.30675 -0.07122 -0.01970
0.19804 -0.07728 -0.09849
0.32577 -0.07016 0.05423
0.32702 -0.07009 -0.09676
0.34956 -0.06883 0.06799
0.21687 -0.07623 -0.10042
0.30356 -0.07140 -0.04012
0.22356 -0.07585 -0.07088
0.31875 -0.07055 -0.10143
0.34331 -0.06918 0.07129
0.31941 -0.07051 -0.05664
0.24587 -0.01434 0.17012
0.40902 0.03512 -0.11646
0.26623 -0.04582 -0.07029
-0.15953 -0.04969 -0.16218
-0.28936 0.07270 0.00344
-0.27032 0.06898 -0.01460
0.40843 -0.06403 -0.03146
0.32527 0.04603 0.10817
-0.00482 0.02352 0.16888
-0.07949 0.06005 -0.03477
0.18193 -0.07836 0.00245
0.18259 -0.07836 -0.12201
-0.14664 0.06135 -0.14150
0.07116 0.04422 0.14948
0.29282 0.04908 0.09042
-0.22337 0.04984 0.16698
-0.21175 -0.04009 -0.17373
0.09044 0.09062 -0.03833
0.06790 -0.03434 -0.03793
0.26748 0.05236 -0.06372
-0.07227 -0.07688 0.14288
0.25437 0.04964 -0.01901
0.04689 0.00772 0.08393
-0.31288 0.06627 -0.11081
0.29856 -0.11584 0.15947
0.33238 -0.08394 0.13442
-0.16959 0.02705 -0.17272
0.30494 0.01783 0.09134
0.41590 0.02398 -0.07064
0.27370 -0.10283 0.13035
0.40189 0.03890 -0.08376
0.07028 -0.04060 0.16172
0.03266 -0.04366 0.16055
-0.27835 0.01556 -0.17716
0.25629 -0.05098 -0.03157
0.26163 -0.04412 -0.03891
-0.14499 0.05193 -0.16332
0.37597 0.02122 -0.16535
-0.39390 0.05903 -0.10298
-0.28437 0.07187 0.05073
-0.26963 0.06902 0.05669
0.33872 -0.03513 0.00741
0.41965 0.02320 -0.12263
-0.22060 0.04363 0.01351
-0.14451 -0.07834 -0.12659
-0.13259 -0.07837 0.07170
-0.13915 -0.07835 -0.07884
-0.14478 -0.07834 0.08231
-0.11794 -0.07840 0.12339
-0.13701 -0.07836 -0.04957
-0.13634 -0.07836 0.12749
-0.14269 -0.07834 0.04520
-0.14298 -0.07834 -0.09871
0.35857 0.04261 -0.11978
0.11173 0.03684 0.02704
0.22442 0.03659 -0.01654
-0.13520 -0.02867 -0.16783
-0.34291 0.06383 -0.12548
0.17125 -0.03496 0.05862
0.17594 -0.02502 0.07596
0.17806 -0.02055 0.04534
0.16572 -0.04663 0.08775
0.17119 -0.03509 0.04976
0.16717 -0.04352 0.11637
0.32167 -0.09991 -0.13544
-0.20817 0.03729 -0.09306
-0.29943 -0.06387 -0.13542
-0.42827 0.02638 0.03166
0.41791 0.03195 -0.13134
-0.09281 -0.04890 0.13800
0.03012 -0.04620 0.13854
-0.05712 -0.05255 0.13853
-0.04000 -0.03514 0.13717
-0.05969 -0.04342 0.13775
-0.08528 -0.03311 0.13671
0.08181 -0.03547 -0.08119
-0.29616 -0.03595 -0.15474
-0.27225 -0.00949 -0.13790
0.29331 0.03393 -0.08756
0.05529 0.00193 0.17062
0.28257 0.00845 -0.17187
-0.00967 -0.05858 -0.07334
-0.42233 -0.02212 0.15157
0.26223 -0.11570 0.13116
0.07574 -0.03779 -0.16258
0.26155 -0.04770 -0.05195
0.03347 -0.05348 0.12476
-0.09101 -0.05210 0.06515
0.05532 -0.05371 0.12998
0.04410 -0.05359 0.12769
-0.07348 -0.05236 0.11171
-0.10280 -0.05193 0.03623
0.03553 -0.05348 0.11457
-0.07399 -0.05237 0.12304
0.00017 -0.05308 0.08772
-0.08043 -0.05227 0.10244
-0.08914 -0.05220 0.11345
0.00378 -0.05318 0.12680
-0.05311 -0.05258 0.12134
-0.08483 -0.05228 0.13169
0.04143 -0.05355 0.11595
0.00282 -0.05313 0.10262
-0.03889 -0.05266 0.07822
-0.04816 -0.05258 0.08914
0.09903 -0.05417 0.13278
-0.02157 -0.05288 0.10698
-0.08036 -0.05223 0.07660
-0.33020 -0.05339 -0.15691
0.28187 -0.11720 0.16850
-0.30513 0.06745 -0.03154
-0.20391 -0.03925 -0.13466
0.14191 -0.06463 0.15124
-0.15162 0.05327 0.14063
0.29392 0.04799 0.00508
0.11742 0.05608 0.14805
-0.27541 0.07000 0.02297
-0.27940 0.07076 0.01180
0.42280 0.03759 -0.00777
-0.17754 -0.03154 -0.15237
-0.17323 -0.04343 0.04496
-0.17476 -0.03921 0.01236
-0.17444 -0.04011 -0.05242
-0.17553 -0.03707 -0.04124
0.23143 -0.02531 0.13012
-0.03567 -0.00671 -0.17061
-0.02397 0.00227 -0.17116
-0.17676 -0.03369 0.00801
-0.17779 -0.03086 0.09271
-0.17612 -0.03547 0.01547
-0.17369 -0.04215 0.12107
-0.17836 -0.02927 0.15157
-0.17293 -0.04427 0.14713
0.26405 0.03538 -0.00319
-0.31505 -0.02867 -0.04952
-0.31698 -0.03516 -0.08345
-0.31788 -0.03819 -0.15667
-0.15735 0.06968 -0.15096
0.02468 0.07313 0.16435
0.02304 0.05344 -0.15552
0.23398 0.05303 0.08528
0.41953 0.03622 0.05767
-0.14096 -0.04375 -0.16332
0.34880 -0.06083 0.06431
0.34853 -0.05548 0.00178
0.34893 -0.06335 0.08695
0.12847 0.06015 0.06405
0.30782 0.05020 -0.04781
0.24710 0.02063 0.17003
-0.40427 -0.04986 -0.09475
0.12203 0.00649 0.13866
-0.28871 0.00445 0.17787
0.30706 0.03528 -0.00160
0.06286 -0.01177 0.13835
0.06784 -0.04289 -0.01726
0.32876 0.01275 0.02552
-0.28472 -0.03810 0.13417
0.33077 0.00441 0.08211
-0.42799 0.01787 0.01243
0.10029 0.02437 -0.13465
0.09664 0.03599 -0.13703
0.34775 -0.03934 0.01380
-0.38368 0.05981 -0.10805
0.21719 -0.06513 0.13934
-0.35484 0.02025 0.17252
0.41972 0.00212 0.02167
0.38562 0.03826 0.14527
-0.10226 -0.05028 -0.05770
-0.10122 -0.04666 -0.11510
-0.10485 -0.03917 -0.09409
0.26016 -0.05076 -0.07571
-0.42245 -0.02447 -0.08270
-0.40793 -0.03793 0.05878
-0.40986 -0.04570 -0.08879
0.25664 0.06367 0.00865
0.32148 -0.02711 0.17020
-0.02565 -0.07831 0.06177
-0.04173 -0.07831 -0.11295
-0.03760 -0.07831 -0.07155
-0.02590 -0.07831 0.03270
-0.06794 -0.07831 -0.13558
-0.03808 -0.07831 -0.01617
-0.05277 -0.07831 -0.13651
-0.02516 -0.07831 -0.11118
-0.02982 -0.07831 -0.01812
-0.03207 -0.07831 0.01289
-0.01691 -0.07831 0.02819
-0.03041 -0.07831 -0.04756
-0.05718 -0.07831 -0.14056
-0.01630 -0.07831 -0.09978
-0.02461 -0.07831 0.04867
-0.03128 -0.07831 -0.13228
-0.06398 -0.07831 -0.10835
0.00144 -0.05234 -0.15630
0.00431 -0.05795 -0.15323
0.36795 0.04173 0.11743
0.23914 0.05350 0.07355
-0.27168 -0.05620 0.16422
0.39366 0.02877 0.16138
0.43651 -0.04074 -0.05306
0.43200 -0.03459 -0.04441
0.41350 -0.00889 0.01827
-0.29755 -0.08329 0.14684
0.06271 0.11046 0.03471
0.26632 -0.05098 -0.03861
0.41648 -0.04606 -0.10071
0.19245 0.00280 -0.17148
-0.06250 -0.05692 0.15437
-0.28518 -0.04040 -0.13419
0.42113 0.03608 0.05003
-0.07234 0.03783 0.09806
0.01179 0.01042 -0.17156
0.03041 -0.00360 -0.17041
0.30741 -0.05436 0.16017
-0.41697 -0.02660 -0.07303
-0.05185 -0.01626 -0.05816
0.36995 0.03010 0.16331
-0.38867 -0.05600 0.05171
0.24037 0.04652 0.03132
0.24592 0.03857 -0.07389
0.30685 0.03857 -0.06621
0.00786 -0.04710 -0.02140
-0.02996 -0.05109 -0.02383
-0.01505 -0.04698 -0.02096
-0.09182 -0.06246 -0.15197
-0.19192 -0.07059 -0.17631
0.13645 0.05761 0.09640
0.14051 0.05659 0.10135
-0.18293 -0.06872 -0.13636
-0.32068 -0.05533 0.01567
-0.32115 -0.05965 -0.12175
0.40935 0.03901 -0.05219
0.22488 0.02093 0.16993
-0.02652 -0.00298 0.12003
-0.24006 0.06303 -0.02176
-0.24131 0.06326 -0.00008
0.13200 0.06033 -0.07936
-0.32157 0.06582 0.09176
-0.28330 -0.08142 -0.17594
-0.06158 0.08122 0.07963
0.39240 -0.01190 -0.12966
0.43380 -0.01791 0.05372
0.05804 -0.06070 0.15149
-0.30428 0.06680 -0.14646
-0.31066 0.03141 0.17180
-0.43185 -0.02709 -0.07632
-0.04806 -0.02317 0.08816
0.25413 0.00587 0.17258
-0.19364 -0.03549 -0.13372
0.08665 0.09419 0.00795
0.32146 0.03040 0.16568
0.31892 0.04875 -0.05227
0.20313 0.05191 -0.12479
0.18852 0.02526 0.14846
-0.01413 -0.03095 -0.03132
0.14653 0.06066 -0.02987
0.14304 0.06274 0.02131
0.02628 -0.05849 0.03051
-0.16093 -0.02239 -0.09345
-0.15257 -0.02355 -0.06879
-0.17096 -0.02500 -0.03730
-0.22708 0.06811 -0.15852
0.31104 0.03926 -0.00459
-0.41893 -0.03678 -0.08999
0.42974 0.02865 -0.11609
0.23833 0.05296 -0.08205
0.19129 -0.04942 0.15986
-0.01722 -0.05422 0.03317
-0.34645 -0.06326 -0.00419
-0.33850 -0.06473 -0.11002
-0.34338 -0.06383 -0.11229
-0.35825 -0.06107 -0.12545
-0.34291 -0.06392 -0.11997
0.33998 -0.01881 0.03875
-0.43615 0.03183 -0.15818
0.06278 -0.04495 0.11537
0.24002 0.03369 0.16605
-0.20113 0.07014 0.15362
0.26142 0.04367 0.16195
-0.00705 -0.00187 -0.17071
0.01044 -0.00992 -0.16997
0.40455 0.02094 0.06045
0.21022 0.05039 -0.14058
0.20757 0.03676 -0.16507
-0.08604 -0.06717 0.14988
-0.00314 -0.03006 -0.11654
-0.26871 -0.03798 -0.17361
0.04001 -0.04835 0.15865
-0.43729 -0.01262 -0.12832
0.22130 -0.03664 0.15708
-0.36620 0.00921 0.17338
0.21137 0.02588 -0.16846
0.21786 -0.01154 0.06494
0.21728 -0.01221 0.12383
0.21664 -0.01295 0.01084
-0.16696 -0.00051 -0.17466
0.22749 0.03209 -0.16655
-0.13101 0.06534 -0.14787
-0.18855 -0.08093 0.17382
0.21884 -0.04420 0.14229
0.43256 -0.03096 -0.08179
0.16700 0.04165 0.16236
0.41068 0.03652 0.09023
0.23215 -0.05120 0.13015
-0.32096 -0.05797 0.07557
-0.32101 -0.05839 -0.05867
-0.32038 -0.05254 0.13151
0.26353 0.06378 0.02707
0.11566 0.05178 0.08525
0.11325 0.05264 0.06196
0.09634 0.05864 0.03750
0.10144 0.05683 0.07694
-0.31929 -0.04310 0.10150
-0.42454 -0.02384 0.14100
0.44771 -0.02178 -0.00145
0.22624 0.04976 0.13817
0.08998 0.08608 -0.09282
-0.14147 -0.03162 0.16725
0.20738 0.02804 0.14964
-0.26035 0.06740 -0.05979
-0.24482 0.06410 -0.03926
-0.24294 0.06431 -0.07337
-0.44161 0.00446 -0.03584
0.17114 0.05923 -0.01466
0.06558 0.03134 -0.16589
0.08265 0.02398 -0.16840
0.17037 -0.07529 0.14335
0.06400 -0.03540 0.11539
0.10593 0.07990 -0.00365
0.28761 -0.03522 -0.07161
0.26380 0.00364 0.00607
0.27313 0.00382 0.14892
0.26870 0.00373 0.11342
0.26537 0.00367 0.16339
0.27122 0.00378 0.00806
0.26313 0.00363 -0.07694
0.27382 0.00383 0.03738
-0.05063 -0.01912 -0.05415
0.44086 -0.02275 0.09859
0.43261 0.02262 -0.00866
-0.22916 -0.12029 -0.15827
-0.03547 -0.04709 0.10369
-0.06484 0.01645 -0.06355
0.00022 -0.02955 -0.03159
0.39259 -0.01093 -0.09974
-0.02822 -0.04627 0.15970
0.39712 -0.01689 -0.16328
-0.33002 0.06509 0.00047
-0.22157 0.04494 0.03156
-0.22723 0.05195 0.05025
-0.14554 0.02181 0.13689
0.27836 0.00054 0.16420
-0.04383 0.03883 0.09324
-0.21507 0.06206 -0.16179
0.14842 -0.07836 0.02573
0.14049 -0.07836 -0.02535
0.14965 -0.07836 0.08167
0.14630 -0.07836 -0.03663
0.14244 -0.07836 0.01532
0.14739 -0.07836 -0.00335
-0.04367 -0.03155 -0.09261
-0.07175 -0.04315 0.02809
-0.06320 -0.04688 0.03016
0.01908 -0.03963 0.02587
-0.10075 -0.03789 0.02520
0.18479 0.03482 0.14759
0.39547 -0.01166 0.14479
0.37311 0.01524 0.16720
0.11045 0.06341 0.06409
0.10459 0.06532 0.02218
0.11626 0.06190 0.08560
0.10799 0.06416 0.04916
0.11515 0.06316 0.03136
0.13616 0.05743 -0.11708
0.31827 0.03472 -0.02118
0.12584 -0.00234 0.09176
0.12198 0.00490 0.06166
0.12416 0.00081 0.11299
0.11866 0.01114 0.10533
0.11606 0.01603 0.09436
0.24085 -0.09001 -0.13004
0.23579 -0.02572 -0.06394
0.12303 0.06157 -0.02554
0.10830 0.06423 -0.03662
0.11155 0.06354 -0.04229
0.27025 0.06398 -0.01930
0.02368 -0.02442 -0.11753
0.04781 -0.02528 -0.10289
-0.04000 0.02203 0.16980
0.06196 0.02876 0.06978
-0.38322 0.06070 0.00160
-0.38612 0.06028 0.02687
-0.09704 -0.02507 0.16728
-0.39726 0.05880 0.09780
0.43527 0.02336 -0.12085
0.30721 0.00151 -0.12996
0.31346 0.00015 -0.12939
0.31497 -0.00018 0.00919
0.31076 0.00074 -0.14897
0.23598 0.05491 0.05634
0.21875 0.04957 0.14432
0.28360 0.05154 0.05196
0.32713 -0.07226 -0.17154
-0.16228 -0.02155 -0.17110
0.43530 -0.03728 0.05986
0.10691 0.05496 -0.14813
-0.04080 0.02634 0.04377
-0.11330 0.01285 0.14414
-0.11497 0.03050 0.14059
-0.38103 0.00379 -0.17205
0.25246 -0.07424 0.04032
0.29165 -0.07206 0.04895
0.28469 -0.07245 0.06354
0.30462 -0.07134 0.08276
0.27864 -0.07279 0.01792
0.19268 -0.07758 -0.03543
0.28088 -0.07266 0.04525
0.23219 -0.07537 -0.04546
0.30155 -0.07151 0.05410
0.24482 -0.07467 -0.00501
0.23108 -0.07544 0.08914
0.25626 -0.07403 0.04563
0.26361 -0.07362 0.04052
0.20731 -0.07676 0.05398
0.26148 -0.07374 0.09286
0.26705 -0.07343 0.02850
0.22561 -0.07574 0.02821
0.30219 -0.07147 0.04584
0.23046 -0.07547 0.04811
0.20508 -0.07688 -0.04022
0.22009 -0.07605 -0.03466
0.30192 -0.07149 0.10223
0.31218 -0.07092 0.09814
0.21288 -0.07645 0.03889
0.29275 -0.07200 0.10328
0.27365 -0.07306 0.08665
0.24980 -0.07439 -0.01390
0.29832 -0.07169 0.08570
0.34309 0.04815 -0.01576
-0.19868 0.06175 -0.12149
-0.18978 0.06229 -0.12671
-0.30334 0.04157 -0.16877
0.02109 -0.02466 -0.12400
0.31537 -0.03148 -0.17175
-0.15886 0.03899 0.13195
0.39732 0.04012 -0.07634
0.30338 0.02569 -0.03460
-0.35448 0.06273 0.09808
-0.04287 -0.03277 -0.08017
-0.03613 0.01328 -0.03299
0.00264 -0.01604 0.16892
-0.24922 0.01821 0.17672
-0.02750 -0.06443 0.15108
0.40817 -0.01056 -0.02228
0.26153 0.04943 0.11507
-0.19137 -0.00411 -0.10509
-0.25833 -0.04712 -0.10509
-0.26159 -0.04085 -0.10509
-0.16895 -0.06699 -0.10509
-0.21761 -0.02781 -0.10509
-0.22056 -0.07150 -0.10509
-0.18385 -0.03135 -0.10509
-0.17152 -0.04924 -0.10509
-0.19714 -0.06931 -0.10509
-0.24244 -0.04187 -0.10509
-0.18695 0.00216 -0.10509
-0.01104 -0.07831 -0.12646
0.04493 -0.07831 0.13702
-0.00843 -0.07831 -0.10583
-0.01229 -0.07831 0.10327
0.04136 -0.07831 0.13153
0.00321 -0.07831 0.12178
0.02395 -0.07831 0.13998
0.00222 -0.07831 -0.01516
-0.00344 -0.07831 0.03220
0.00185 -0.07831 -0.02837
0.00590 -0.07831 0.08670
0.00821 -0.07831 -0.03067
0.04317 -0.07831 0.12163
0.00706 -0.07831 0.05482
0.01821 -0.07831 0.07404
0.00098 -0.07831 0.09482
0.00297 -0.07831 0.13531
-0.01183 -0.07831 -0.02411
0.31451 -0.10586 -0.16701
-0.33654 -0.00191 -0.17436
0.32111 0.04097 -0.16208
0.29837 -0.03788 -0.15926
0.14421 0.06089 -0.04514
0.01623 -0.03332 -0.08138
0.41021 -0.01380 -0.06792
0.29168 0.04546 0.01504
0.03901 -0.05839 -0.10469
-0.41109 -0.02788 0.08617
0.14595 -0.01853 0.13902
0.17161 -0.03403 0.14065
0.15905 -0.04764 0.14007
0.13350 -0.01165 0.13823
0.07914 0.01719 0.00677
-0.43669 0.00874 0.11629
0.01242 0.04267 -0.16153
-0.43116 0.02173 -0.10284
0.09310 0.04659 -0.11322
0.09130 0.05021 -0.06757
0.09728 0.04152 -0.06960
0.09029 0.05134 -0.08230
0.42962 0.02975 -0.09858
0.39398 -0.05463 -0.12310
-0.03458 -0.04893 0.03945
0.09505 0.06126 -0.09710
0.06965 -0.02374 -0.09504
0.42957 0.01850 -0.00797
0.35204 0.04599 0.04734
0.28981 -0.03140 0.16068
0.39342 -0.01338 0.08173
0.23263 0.05080 -0.00204
-0.01477 0.05576 -0.14690
0.13092 0.01160 -0.17139
0.28542 0.04651 0.01281
0.21527 -0.01453 -0.16589
0.22117 -0.00772 -0.11817
0.21677 -0.01280 -0.10216
0.20316 -0.03346 -0.09035
0.20306 -0.03368 -0.02350
0.20215 -0.03571 0.05021
0.20186 -0.03637 -0.00702
0.20451 -0.03046 -0.05109
0.26314 -0.11810 -0.13740
0.11614 -0.04022 0.02999
0.17154 -0.02491 0.03232
0.16787 -0.00556 0.02381
0.13009 -0.02712 0.02679
0.16429 -0.02723 0.03214
-0.24477 0.01709 -0.17708
-0.34860 -0.01329 -0.17197
0.34781 -0.04044 0.09860
-0.13010 0.03253 -0.16928
0.22300 -0.03298 0.14766
0.34280 0.04329 -0.14610
0.21966 -0.07748 -0.14024
0.44432 -0.01873 -0.01563
0.23831 0.02096 -0.01423
-0.01701 -0.03146 -0.12424
-0.23799 -0.06685 -0.16083
0.32011 0.02217 0.00798
-0.29799 -0.04089 -0.13839
0.43874 -0.02508 0.10921
0.07635 0.10130 0.01945
0.07742 0.10097 0.00211
0.27501 0.06413 -0.01264
0.28076 0.05785 0.04084
0.37519 0.04402 -0.04412
0.33172 -0.00705 0.00421
0.33545 -0.01033 0.11544
0.33238 -0.00763 0.10917
0.08306 -0.03478 -0.16363
0.30281 -0.07501 0.15837
-0.21758 0.04520 -0.07139
-0.22457 0.04840 -0.02866
-0.10091 -0.00838 0.17096
0.27134 -0.09290 -0.16769
0.08432 -0.06151 0.15176
0.30480 -0.05764 0.15324
-0.44173 -0.01102 -0.06562
-0.16877 -0.05993 -0.02177
-0.16819 -0.06219 0.08586
-0.16877 -0.05994 0.04946
-0.16877 -0.05993 -0.05774
-0.19952 -0.09957 -0.13354
0.13467 0.05815 -0.07498
-0.22447 0.06997 0.15525
0.05162 0.11842 -0.02798
-0.21401 -0.07452 -0.16339
-0.22001 0.02920 0.17347
-0.07252 0.04117 -0.08182
0.10726 -0.07279 0.14498
-0.28705 0.00079 0.00311
-0.28431 0.00149 -0.04614
-0.28570 0.00113 -0.11506
-0.24866 -0.12068 0.13685
-0.25243 -0.00229 0.16838
0.04911 -0.01947 0.03415
-0.01025 -0.05868 0.11063
0.39180 0.01714 -0.05513
-0.02094 -0.04065 -0.10419
0.08355 -0.01372 -0.16959
0.29448 -0.11221 -0.17003
-0.30516 -0.01044 0.12772
-0.30558 -0.01089 0.02780
-0.30137 -0.00633 0.17499
0.43644 0.02622 -0.08633
0.30344 0.02072 -0.16931
0.09553 0.01515 0.17116
-0.43507 0.04654 0.06802
-0.07114 0.04558 -0.13611
0.11275 0.06026 -0.12647
-0.28189 -0.03370 0.17619
0.26181 0.03654 0.07952
0.37656 -0.06867 0.08539
0.36469 -0.06929 0.10233
0.01783 -0.02719 -0.11631
0.07431 0.09925 0.07844
-0.13971 -0.01286 0.17167
-0.02660 -0.03370 -0.00924
-0.07847 -0.03273 0.00130
-0.05404 -0.03368 -0.01080
-0.29597 -0.03941 0.13610
0.18279 -0.04455 0.16194
-0.37370 0.03779 0.16648
-0.23503 -0.04653 0.16087
0.08534 0.06515 0.10266
-0.44909 -0.00232 -0.04608
0.13227 0.05998 0.00760
-0.18332 -0.04569 -0.15973
-0.10809 0.02479 0.17044
-0.37716 0.06092 -0.05535
0.27447 -0.02550 -0.16827
0.12208 0.06107 0.09956
-0.37582 0.01840 -0.17157
0.01879 -0.03281 -0.10057
-0.06523 -0.01861 0.16849
0.37199 0.04329 -0.06621
0.39938 0.00129 -0.06094
-0.18140 -0.01810 0.02645
-0.21735 0.03934 0.02807
-0.20668 0.02233 0.02777
-0.21230 0.03214 0.03489
-0.21568 0.04216 0.07236
0.30777 0.04368 -0.16142
-0.04787 -0.05505 0.15524
0.33548 -0.01908 -0.06654
0.22016 -0.06470 0.16888
-0.05554 -0.00421 0.17070
-0.02931 -0.00250 0.17075
-0.02201 -0.04285 0.08516
-0.43675 0.00282 -0.12138
0.35514 0.04437 -0.08103
0.00568 -0.05824 0.03351
0.28054 0.04756 -0.12973
-0.07557 0.05513 -0.06478
0.26677 0.02657 -0.03538
0.23213 -0.08433 -0.12962
0.30215 0.02104 -0.08766
-0.15570 -0.07832 0.13828
-0.16029 -0.07831 0.01458
-0.15934 -0.07831 0.06697
-0.15774 -0.07832 -0.03567
-0.15398 -0.07832 0.11232
-0.02075 -0.00413 -0.10047
-0.19107 -0.09445 -0.14150
-0.32186 -0.06631 0.12578
-0.32163 -0.06415 0.13356
-0.26894 -0.07049 -0.04533
-0.16505 -0.07768 -0.08363
-0.21179 -0.07444 -0.00438
-0.19872 -0.07535 0.01280
-0.17314 -0.07712 0.01900
-0.18359 -0.07640 -0.10431
-0.24793 -0.07194 -0.08280
-0.25649 -0.07135 -0.04319
-0.22914 -0.07324 -0.04442
-0.19308 -0.07574 0.03417
-0.19034 -0.07593 0.03880
-0.20860 -0.07467 -0.09314
-0.25171 -0.07168 -0.10224
-0.28153 -0.06962 -0.08439
-0.20227 -0.07510 -0.09473
-0.19086 -0.07589 0.06016
-0.19176 -0.07583 0.00086
-0.29447 -0.06872 -0.08719
-0.27255 -0.07024 -0.07964
-0.23353 -0.07294 -0.01347
-0.20489 -0.07492 -0.03448
-0.17770 -0.07680 0.04603
-0.25119 -0.07172 -0.06660
-0.27958 -0.06975 -0.07412
-0.18416 -0.07636 -0.04731
-0.18446 -0.07634 0.00091
-0.22848 -0.07329 0.00514
-0.19898 -0.07533 0.02687
-0.25701 -0.07131 -0.03224
-0.28729 -0.06922 -0.06423
-0.16602 0.06557 -0.15569
0.12483 0.03237 -0.16554
0.31957 -0.01693 -0.15546
-0.28842 0.03306 -0.17194
-0.04043 0.02205 0.11470
-0.31551 0.06623 0.06866
0.31825 -0.02645 0.07011
0.38616 0.03959 -0.12052
0.25528 0.04835 -0.03229
-0.24414 -0.11448 0.17519
0.36769 0.01935 -0.16654
0.42995 0.02317 0.11660
-0.42827 -0.02664 0.12067
-0.12969 -0.00546 0.17241
-0.05720 0.06959 -0.05720
-0.41408 -0.03728 -0.12707
0.06759 0.03698 0.09482
0.29803 -0.00739 0.16959
0.01238 -0.03274 0.00247
-0.00602 -0.03266 0.00306
-0.01891 -0.03325 -0.00263
0.20704 0.02524 0.16937
0.10446 0.08043 0.02944
-0.43625 0.04545 -0.06661
0.06475 0.06340 0.09726
0.22645 0.04496 -0.16117
0.41448 0.03424 0.10947
-0.22242 -0.08787 -0.16902
-0.42674 -0.02940 -0.05035
-0.20688 0.06411 0.16084
0.40313 -0.06267 0.06750
-0.14339 -0.00038 0.17337
-0.40099 0.05799 0.13162
0.09508 0.05074 -0.15660
-0.43873 -0.01621 -0.11658
0.40053 -0.01346 0.07778
-0.18592 -0.03770 0.13923
0.33707 -0.00941 0.07500
0.23222 0.04875 -0.15477
-0.01293 -0.03578 -0.03676
-0.44986 -0.00232 -0.01331
-0.29433 -0.06633 -0.17516
-0.05940 0.05088 -0.14246
-0.37458 0.06070 -0.15714
0.07778 0.01896 -0.13349
-0.07827 0.06871 -0.03227
-0.38774 -0.04925 -0.14082
-0.01731 -0.00827 0.06885
-0.23970 -0.00129 0.13881
0.12271 0.03116 0.16608
-0.32549 0.05190 -0.16423
0.36147 -0.01138 0.00441
-0.08874 0.05247 -0.14183
0.41699 -0.00713 -0.00801
-0.01771 0.05515 -0.15181
-0.19207 0.01465 0.17705
0.27784 0.03657 -0.00224
0.33597 0.04487 -0.11465
0.40931 0.04122 0.00603
0.35264 0.01517 -0.02905
-0.35093 0.06319 0.07467
0.34465 0.01662 0.16862
0.00306 -0.06804 0.14843
0.26178 -0.00798 0.17065
0.33962 -0.01587 0.04435
0.33764 -0.01247 -0.05850
0.34090 -0.01805 0.14933
-0.17617 0.07185 0.15058
-0.02654 0.00187 -0.03860
-0.22172 0.00340 -0.13242
-0.22807 0.00377 -0.16407
-0.22187 0.00341 -0.06566
-0.22266 0.00346 0.05757
-0.23035 0.00390 -0.17834
-0.22768 0.00375 -0.13436
-0.22721 0.00372 -0.01057
0.18052 0.02467 -0.16878
0.00691 -0.02014 0.13778
0.08332 -0.03943 0.13918
0.10397 -0.04876 0.13957
-0.03531 -0.02788 0.13702
0.01462 -0.03013 0.13793
-0.00816 -0.03041 0.13752
-0.08185 -0.02411 0.13618
-0.32989 0.06471 -0.10591
-0.39438 -0.05547 0.08613
-0.30211 0.06702 -0.14164
0.32018 -0.01149 0.07759
-0.24708 -0.05798 -0.15981
0.39541 -0.00132 0.11092
0.30383 0.04315 -0.00801
0.19700 -0.04739 -0.05253
0.21486 0.05353 0.09294
-0.00030 0.05326 0.15590
0.24513 0.05223 -0.01414
-0.41334 -0.04628 -0.03886
0.43598 -0.02679 -0.13166
-0.18462 0.02935 -0.17267
0.26456 -0.08835 -0.16174
-0.43463 0.04591 0.10734
-0.20138 -0.09882 -0.17447
0.23203 -0.09944 -0.15320
0.16408 0.05630 -0.09092
-0.42801 -0.02511 -0.10140
-0.01682 -0.05320 0.11350
0.42124 -0.01373 -0.07108
-0.30083 -0.07152 0.15174
0.37155 0.04104 -0.15219
0.20388 0.05509 0.07736
-0.02328 -0.04636 -0.09838
-0.12924 -0.02478 0.01835
-0.36173 0.06251 0.03041
-0.37141 0.06164 0.02532
0.17001 -0.05576 0.15574
-0.05507 -0.01133 -0.04782
0.41179 0.02036 0.04347
0.09348 0.06654 0.05181
0.24909 -0.11295 0.14336
-0.12981 0.02729 -0.17100
0.39440 0.00385 -0.13847
-0.03360 0.01334 0.04258
-0.43026 -0.03224 0.11649
0.39984 0.02371 0.08738
0.17434 0.03463 0.16540
-0.12040 0.05261 -0.16106
-0.42389 -0.03542 -0.04359
-0.43339 -0.02709 0.07015
0.05868 0.04125 0.10360
0.25715 -0.11537 -0.16732
-0.07387 0.04510 -0.05204
0.20884 0.05615 -0.05467
-0.32002 -0.04921 -0.16094
-0.31987 -0.04783 -0.07007
0.23358 0.03992 0.01573
0.34183 -0.01966 -0.08720
0.34216 -0.02023 -0.04012
0.34090 -0.01805 -0.12734
0.42502 -0.03693 0.05702
0.42038 -0.01382 0.05882
0.06085 0.02906 0.16676
-0.42810 0.04028 0.06627
0.22803 -0.00349 -0.06833
0.22340 -0.00632 -0.13531
0.22726 -0.00396 -0.15620
0.23032 -0.00209 0.14594
0.23394 0.05983 0.03812
-0.27452 0.00296 0.01664
-0.27086 0.00341 0.13228
-0.27925 0.00239 -0.02735
-0.27259 0.00320 0.13898
-0.27783 0.00256 0.14566
-0.27688 0.00268 -0.00800
-0.40670 -0.03990 0.08076
-0.29146 -0.09503 0.14067
-0.07483 0.03163 -0.16734
0.11777 0.01196 0.00742
0.09168 0.05004 -0.01423
0.09534 0.04476 0.00330
-0.39924 0.05933 0.01536
0.30676 -0.03108 0.13051
-0.32969 0.03303 -0.17053
-0.05032 -0.02327 0.03724
-0.21536 0.06278 0.16148
-0.16335 -0.02564 -0.00372
-0.17033 -0.02581 -0.00941
0.40980 -0.06265 0.04068
0.24500 0.04691 -0.01187
0.27444 -0.06540 0.15796
0.32948 -0.01595 -0.10509
0.31544 -0.01343 -0.10509
0.23675 -0.06011 -0.10509
0.33411 -0.05295 -0.10509
0.30756 -0.06201 -0.10509
0.25816 -0.04300 -0.10509
0.30206 -0.05394 -0.10509
0.26398 -0.06297 -0.10509
0.27443 -0.06435 -0.10509
0.33376 -0.00493 -0.10509
0.31459 -0.03858 -0.10509
-0.42394 0.05581 -0.08038
0.29542 -0.02029 -0.13032
0.15524 -0.04217 0.16235
0.39522 0.03854 0.11126
0.27769 0.04380 -0.16172
-0.29272 0.06911 0.10581
0.06012 0.02850 -0.13467
0.00740 -0.05863 0.10835
0.27762 0.00728 0.17226
0.29457 -0.11734 0.15540
0.29932 0.05005 -0.02484
-0.28181 -0.07897 0.13457
0.24122 0.04843 -0.14918
0.23765 0.06256 0.01004
0.15412 0.04918 -0.15825
0.19590 0.04447 0.16121
-0.42355 -0.03744 0.07285
-0.28741 -0.10022 0.14696
0.19197 -0.06313 -0.08664
0.19049 -0.06786 0.00076
0.19002 -0.06935 -0.05456
0.19095 -0.06637 -0.11862
0.18933 -0.07154 -0.11337
-0.16248 0.04570 0.16664
0.31956 0.04465 0.15056
-0.01664 -0.05266 -0.10835
-0.43227 -0.01913 0.10678
0.16621 -0.03688 0.16446
-0.05373 -0.01389 -0.09726
-0.03115 -0.05116 -0.06068
-0.01657 0.00485 -0.13767
-0.06461 0.02700 -0.13250
-0.01023 0.00788 -0.13719
-0.04662 0.01368 -0.13542
-0.04848 0.05599 0.14935
0.21886 0.05203 -0.11105
0.28406 0.00040 0.14240
0.27868 -0.03951 -0.06814
0.13723 0.05650 -0.00602
0.03883 0.01394 0.17163
0.27960 0.04499 0.02212
-0.42313 0.05602 0.07675
0.17994 0.03827 0.14253
-0.23925 -0.10626 0.13452
0.11048 -0.07745 -0.14161
-0.02202 -0.03636 0.16315
-0.42602 0.03618 0.08020
-0.07495 0.04520 0.10571
-0.22973 -0.03020 -0.17079
0.10512 -0.02453 0.13810
0.06440 -0.03084 -0.11354
-0.42954 0.01316 0.00217
0.20472 0.00741 -0.06634
-0.16686 -0.02591 0.17064
-0.28401 -0.09237 0.17549
0.05358 0.11564 -0.05159
0.04438 0.00342 0.07806
0.21661 -0.05955 -0.15791
0.34700 -0.02912 -0.01245
0.24989 0.03236 0.04483
0.30677 -0.11219 -0.15768
-0.07981 0.07454 0.07439
-0.14993 0.03001 0.17095
0.24549 -0.06036 -0.16205
-0.09994 -0.04881 0.13578
0.09262 0.06522 0.14280
0.29445 0.06271 -0.03693
0.16779 0.05896 0.02932
-0.32235 0.06553 0.06337
-0.33257 0.06475 0.04510
0.13330 0.05443 0.09200
-0.39159 -0.05580 -0.04542
0.22666 0.02489 -0.16882
0.34026 0.04366 -0.14105
-0.22897 -0.00260 0.14062
