-0.28256 -0.13532 -0.16813
0.37645 0.01991 0.15726
0.33531 0.05384 0.09364
0.02732 -0.05531 -0.11799
0.27006 -0.03891 -0.18569
0.26351 -0.08804 -0.18140
0.38165 -0.05005 -0.07301
0.04162 -0.01199 0.12247
0.00693 0.02909 -0.12003
0.12357 -0.05783 0.09547
0.26697 -0.09350 -0.16744
0.08867 -0.06095 -0.11639
0.28879 0.03622 0.00594
0.26894 -0.02821 -0.18668
-0.01475 -0.07431 0.07436
-0.01787 0.08485 0.09228
0.25558 -0.05351 -0.13830
-0.13898 -0.09014 0.14324
0.29649 0.01682 -0.02462
-0.18336 0.02618 -0.10537
0.23905 -0.03566 -0.17968
0.08943 0.05392 0.15666
0.27748 -0.08456 -0.16817
-0.15735 0.01193 -0.17274
0.28569 -0.08457 0.11270
-0.01510 0.14465 0.14200
-0.37561 -0.03567 -0.07160
-0.35774 -0.03567 -0.06109
-0.36019 -0.03567 -0.05345
-0.33803 -0.03567 -0.05790
-0.13816 -0.04943 -0.16437
-0.42186 0.02984 -0.01156
-0.31690 -0.08621 -0.18363
-0.17676 0.10048 -0.08529
0.05012 -0.04601 0.09644
0.24532 -0.08591 -0.06152
0.26597 -0.08729 -0.06152
0.31669 -0.08144 -0.06152
0.27311 -0.07354 -0.07525
0.14348 0.01269 0.01042
0.18166 0.01269 0.02412
0.25115 -0.10711 0.14117
0.03829 -0.01138 -0.05751
-0.00397 0.09194 0.05913
0.10800 -0.03568 0.03379
0.02184 0.02589 0.08067
-0.37284 -0.04760 -0.07645
-0.28047 -0.10633 0.13856
0.01382 -0.01211 -0.12028
-0.19793 -0.12960 -0.16325
0.00838 0.04133 -0.11883
0.20329 -0.06863 -0.17697
-0.05187 -0.02892 -0.16879
0.25283 -0.04186 -0.13830
0.06308 -0.03983 -0.05009
0.03781 -0.01291 -0.10229
0.37490 -0.06550 0.06152
0.37344 -0.07063 0.06152
-0.21301 -0.05624 -0.16817
-0.28138 -0.00978 0.06469
-0.19925 -0.13242 -0.14653
0.01034 -0.02820 0.05379
0.01002 -0.02796 -0.05959
0.28538 -0.03210 0.18602
-0.16459 0.03329 -0.15521
-0.09652 0.04685 -0.15521
-0.02345 -0.01675 -0.15521
-0.11003 0.01097 -0.15521
-0.05951 0.02846 -0.15521
-0.07306 -0.00188 -0.15521
-0.02927 0.03409 -0.15521
-0.16648 0.04099 -0.15521
-0.06611 0.00424 -0.15521
-0.03140 0.01715 -0.15521
-0.12906 0.04524 -0.15521
-0.19051 0.05012 -0.15521
-0.03004 0.01211 -0.15521
-0.05468 0.03710 -0.15521
-0.02623 -0.03261 -0.15521
-0.02196 0.01385 -0.15521
-0.12809 0.01812 -0.15521
-0.14559 0.04965 -0.15521
-0.04632 0.05151 -0.15521
-0.07357 0.04165 -0.15521
-0.04012 -0.01876 -0.15521
-0.11455 0.02498 -0.15521
-0.25862 -0.14318 -0.15913
0.16275 0.07433 -0.17312
0.10991 -0.02686 -0.05699
-0.00535 0.07529 0.09942
-0.13195 -0.02211 -0.13338
-0.15024 -0.04635 -0.03319
-0.14731 -0.04572 -0.02720
-0.24900 -0.06689 0.11215
-0.20191 0.02668 -0.14475
-0.17011 0.10296 -0.09091
-0.29566 -0.05020 -0.13830
-0.24979 -0.07345 -0.10912
0.40677 -0.08372 -0.03112
0.41555 -0.08013 -0.01849
0.41180 -0.08166 -0.04309
0.27807 -0.10558 -0.18140
-0.22643 -0.14065 -0.18577
0.10988 -0.02923 0.12036
-0.23622 -0.12539 0.18694
-0.22614 0.00239 -0.15706
-0.07789 -0.08312 -0.06908
-0.17576 0.10211 0.08101
-0.29450 -0.10803 0.13856
0.33568 -0.07732 -0.17053
0.30674 -0.07228 0.11675
0.13115 -0.01693 0.01355
0.11119 -0.01693 -0.01721
0.14101 -0.01693 0.02000
0.12953 -0.01693 0.00294
0.08181 -0.01693 -0.01938
0.30977 0.01987 0.01467
-0.19669 -0.07442 -0.09194
-0.29970 -0.12072 -0.14209
-0.17276 0.03522 -0.12578
0.23915 -0.06232 0.06152
0.27112 -0.07003 0.06152
0.26104 -0.06830 0.06152
0.26102 -0.04685 0.06152
0.23830 -0.05069 0.06152
-0.26376 -0.01332 -0.13830
0.02280 0.02423 -0.08343
-0.37602 -0.06985 -0.16164
0.32430 -0.01018 0.14117
0.25354 0.05551 -0.01885
0.23038 0.05703 -0.04009
0.23131 0.05697 -0.05749
0.32717 0.05066 -0.03790
0.32148 0.05103 -0.03851
0.32370 0.05089 -0.01822
0.30715 0.05198 -0.01863
0.35744 0.04866 -0.02304
0.29619 0.05270 -0.01149
0.32403 0.05086 -0.02760
0.22724 0.05724 -0.05367
0.22185 0.05760 -0.08309
0.39108 0.04645 -0.00527
0.29961 0.05247 -0.00769
0.38172 0.04706 -0.00459
0.22418 0.05744 -0.08876
0.36289 0.04830 -0.00422
0.21893 0.05779 -0.01915
0.35385 0.04890 -0.01265
0.22056 0.05768 -0.07416
0.25714 0.05527 -0.01463
0.27866 0.05385 -0.02937
0.23811 0.05652 -0.01165
0.38541 0.04682 -0.01262
0.35161 -0.04421 0.14117
0.31912 -0.03473 -0.16634
0.29949 -0.06818 0.16340
0.34996 -0.06855 0.17403
0.40232 -0.02648 -0.12217
0.28152 0.01432 -0.01263
0.22875 0.01801 0.16848
-0.30422 -0.11336 -0.17428
-0.31855 -0.04727 -0.09075
-0.11189 -0.03511 -0.02479
0.33393 -0.04182 0.01267
-0.22810 -0.05104 -0.17053
0.41880 0.02772 0.09231
0.10762 0.03723 -0.06300
-0.13084 -0.03012 0.06167
0.00035 0.01371 0.05945
0.01249 0.04784 -0.10394
-0.23610 -0.00978 -0.01607
-0.01027 0.03278 0.05119
0.30842 -0.02658 -0.10650
-0.34014 -0.04705 0.15267
-0.24894 -0.11497 0.18166
0.27127 -0.05074 0.05800
0.40464 -0.04347 0.07569
0.10192 0.14120 -0.14591
0.33376 -0.04182 -0.05709
0.10528 -0.07121 0.06822
0.14573 -0.07471 0.06822
0.15153 -0.07442 0.06822
0.41934 -0.07858 0.13036
0.24788 0.02614 0.14576
0.16005 0.05779 -0.18044
0.00701 -0.00931 -0.03700
-0.16340 0.01756 0.13605
0.34719 -0.00878 0.16678
-0.27354 -0.00215 -0.17277
-0.25997 -0.08833 0.17079
0.00290 -0.00536 -0.10564
0.30833 0.01583 -0.17483
0.32171 0.01583 -0.17258
0.27891 0.01583 -0.16948
-0.20361 -0.13519 0.14809
0.41836 -0.07898 -0.09250
-0.12916 -0.02237 -0.06706
0.32768 -0.01771 0.06152
0.21080 0.06064 -0.08616
-0.15410 -0.01783 -0.02510
-0.25647 -0.00150 0.13925
0.07568 -0.06421 -0.11617
0.28930 -0.14326 -0.16603
0.04991 -0.04401 0.07668
-0.00927 -0.06174 -0.16485
0.03869 -0.05582 -0.16720
0.00611 -0.05621 -0.16704
-0.42152 0.02723 -0.00264
-0.20260 -0.05537 0.18341
0.00932 0.02871 0.12031
-0.19022 -0.03058 -0.07645
-0.28935 -0.12652 -0.18451
-0.40675 0.03384 0.16729
0.22302 -0.04048 0.06152
-0.24617 -0.02677 -0.15274
0.10967 -0.04582 -0.03869
-0.01790 0.10174 0.15409
-0.24432 -0.00978 0.01164
-0.23607 -0.00978 0.02879
-0.21241 -0.06116 -0.00109
-0.00300 0.06794 0.08900
-0.36346 0.06419 0.16139
-0.31874 0.05727 0.16273
-0.29807 0.08319 0.15770
-0.29398 0.07447 0.15939
-0.32946 0.09801 0.15482
-0.25093 0.06669 0.16090
-0.33232 0.11601 0.15132
-0.36324 0.08959 0.15645
-0.29249 0.06233 0.16175
-0.23652 0.06409 0.16141
-0.29564 0.05830 0.16253
-0.30452 0.06102 0.16200
-0.37129 0.05445 0.16328
-0.32986 0.07522 0.15924
-0.34941 0.05910 0.16238
-0.33551 0.13089 0.14843
-0.38330 0.05797 0.16260
-0.27906 0.09056 0.15626
-0.30660 -0.03164 -0.14118
-0.10736 -0.02329 -0.02658
0.20291 -0.08018 0.09391
-0.28257 -0.05056 -0.17154
-0.15370 0.00728 0.10200
0.10055 -0.04303 -0.11700
-0.18069 -0.04092 0.18663
0.17900 0.00708 0.15286
0.33561 -0.08796 0.17190
-0.23167 -0.08167 -0.08297
0.31833 -0.02335 -0.13867
-0.29557 -0.00978 -0.07552
-0.17657 0.04637 0.01452
-0.37342 0.12927 -0.13119
-0.23241 -0.01571 -0.03129
-0.26503 -0.10994 0.15130
0.19258 0.07449 -0.08441
0.19625 0.07148 -0.02491
0.16533 0.09686 -0.08513
0.19079 0.07596 -0.11751
0.20600 0.06347 -0.08526
0.19782 0.07019 -0.09731
0.16655 0.09586 -0.04686
0.13490 0.12185 -0.03438
0.18390 0.08162 -0.08581
0.17915 0.08552 -0.02644
0.20416 0.06498 -0.03400
0.12842 0.12717 -0.00324
0.16068 0.10068 -0.05384
0.17343 0.09021 -0.05736
0.16534 0.09686 -0.01949
0.17908 0.08558 -0.07882
0.19625 0.07148 -0.06268
0.17504 0.08889 -0.04673
0.15872 0.10230 -0.03918
0.14037 0.11736 -0.02790
0.14988 0.10955 -0.02273
0.15622 0.10435 -0.01934
0.12559 0.12950 -0.01412
0.20445 0.06475 -0.14342
0.15447 0.01441 -0.13191
0.18571 -0.06810 -0.04895
0.17948 -0.06810 0.13289
0.17699 -0.06810 0.08408
-0.19636 0.02668 -0.17361
0.28386 -0.12638 -0.13830
0.28803 -0.04177 0.11715
-0.28198 -0.04686 0.18210
0.01480 -0.03859 0.05555
0.40155 -0.02304 -0.08401
0.33999 -0.00361 0.01467
-0.20810 -0.00551 0.18049
-0.20685 -0.00852 0.13992
-0.14182 -0.02231 0.11893
0.25713 0.03622 -0.00175
0.32805 -0.08467 0.11138
0.23054 -0.02721 -0.06152
0.25861 -0.01796 -0.06152
-0.24548 -0.06377 0.08206
0.15621 0.02324 -0.14858
-0.41867 0.03970 0.10564
-0.41868 0.03777 0.04064
-0.41859 0.05309 0.02762
-0.41861 0.04903 0.02135
-0.41868 0.03829 0.00786
-0.25477 -0.12329 0.18694
0.35019 -0.01021 -0.15221
0.32386 -0.12403 -0.18668
-0.17412 -0.09237 0.18531
-0.26262 -0.11280 -0.18336
-0.29727 -0.12195 0.18487
0.31305 -0.10150 0.17105
0.15963 0.00297 0.02212
0.20291 -0.08848 0.16398
0.04744 -0.04526 -0.10649
0.24783 -0.02556 -0.14448
0.35344 -0.04116 -0.18668
0.22855 -0.02861 0.06152
0.23623 -0.01566 0.06152
-0.00432 -0.04447 0.00213
-0.27060 -0.13043 0.18694
0.14177 0.05555 -0.01724
0.42800 0.03446 0.05138
0.42598 0.03737 0.07156
0.42625 0.03698 0.02550
0.05485 -0.06662 0.03987
0.05757 -0.01693 0.00061
-0.27383 -0.01685 -0.18668
-0.19994 0.11685 -0.15116
0.31699 -0.04078 0.17582
-0.21963 -0.00316 -0.18552
-0.19057 -0.09124 0.18694
-0.35332 -0.04272 0.16892
-0.01439 0.09437 -0.06753
0.11218 0.14050 0.04698
0.11669 0.13680 0.11927
0.20137 0.06728 0.00113
0.12270 0.13187 0.09469
0.12281 0.13178 0.05257
0.14830 0.11085 0.06756
0.11836 0.13543 0.04420
0.15385 0.10629 0.00234
0.11502 0.13818 0.01363
0.15212 0.10772 0.07482
0.11243 0.14030 0.02890
0.11736 0.13625 0.02449
0.12317 0.13148 0.00120
0.19344 0.07379 0.00194
0.14023 0.11748 0.06356
0.17131 0.09195 0.02660
0.14854 0.11065 0.02590
0.13894 0.11854 0.00676
0.14302 0.11518 0.07796
0.17692 0.08735 0.04075
0.13728 0.11990 0.07297
-0.18692 -0.07026 0.13856
-0.17616 0.07543 -0.10343
-0.26978 -0.00978 0.07914
-0.15623 -0.01369 0.05614
-0.13812 -0.08857 -0.02281
-0.23567 -0.07790 0.06733
0.29798 -0.11474 0.17499
0.27637 -0.08878 0.17226
0.09082 -0.03191 -0.06471
0.10974 0.14176 -0.07030
0.09831 0.14522 -0.04438
0.11064 0.14149 -0.00892
0.10131 0.14431 -0.02718
0.19667 0.07013 0.16023
0.19158 0.07364 0.15955
-0.21732 -0.05270 0.16843
-0.32862 0.00049 -0.16258
-0.25281 -0.08408 0.17875
0.41780 0.00407 -0.07173
0.09025 -0.06711 0.11644
0.33637 -0.11575 -0.18668
0.30914 -0.09384 -0.17053
0.27842 -0.05678 -0.07641
0.10900 -0.02594 0.10637
0.20294 -0.04957 -0.09215
-0.05344 -0.02795 -0.12101
-0.10323 -0.02106 -0.04494
-0.20435 0.09950 0.15127
-0.17922 0.02534 0.15934
0.25045 -0.02008 0.15509
0.31056 -0.08653 0.06152
0.33386 -0.07914 0.06152
0.29479 0.02335 -0.03336
0.13471 0.04550 0.01250
0.31350 -0.02930 -0.10107
0.13479 0.04279 -0.11370
-0.16666 -0.03563 -0.06505
-0.16552 -0.03563 -0.06997
0.25630 -0.09334 -0.18668
0.27185 -0.03713 -0.13969
-0.20553 -0.07700 0.17954
-0.13454 -0.00275 -0.02851
0.06359 -0.04485 0.09856
-0.01737 -0.01693 0.00439
-0.02782 -0.01693 0.00957
-0.02103 -0.01693 -0.00451
-0.00540 -0.01693 -0.00285
-0.03804 -0.01693 -0.01434
-0.01347 -0.01693 0.00122
-0.03107 -0.01693 -0.00653
-0.15164 0.04095 -0.12804
-0.02381 0.11980 0.15058
-0.39282 0.05457 -0.06821
-0.40947 0.05859 -0.13819
-0.40136 0.05664 -0.12211
-0.39290 0.05460 -0.08138
-0.39824 0.05588 -0.04481
-0.04470 -0.04524 0.00760
-0.25847 -0.05018 0.17548
-0.24451 -0.00493 0.13856
0.42658 0.01222 -0.04075
-0.00727 0.03580 -0.11455
-0.00063 0.07047 0.07909
0.01829 0.03250 0.07997
0.36023 0.02612 0.12138
-0.24466 -0.05750 0.02424
-0.15805 -0.06539 0.08835
-0.21162 0.14059 0.14642
0.21632 0.00405 0.08774
-0.24317 -0.06087 -0.02585
-0.01470 0.06088 -0.08141
0.34741 -0.12250 -0.13830
0.27634 -0.03808 -0.09096
-0.00171 0.03995 0.03765
0.15214 0.02873 -0.00272
0.14101 0.02873 -0.01052
0.14862 0.02873 0.01040
0.12215 -0.05589 -0.10319
-0.27355 -0.13825 -0.17629
-0.20474 -0.01582 0.18694
0.19775 -0.04411 -0.06476
-0.01237 0.04285 -0.08995
0.11284 -0.03157 0.03622
-0.31783 -0.06253 0.17109
0.04138 0.00096 0.04160
-0.19178 -0.06309 -0.18668
-0.25402 -0.00978 -0.01128
-0.26677 -0.07740 -0.16817
-0.27047 -0.06008 0.17079
-0.14346 -0.04021 0.04639
-0.19892 -0.06721 0.15851
0.00448 -0.01079 0.03962
-0.32467 0.00733 -0.13496
0.10879 0.14036 -0.12390
0.29967 -0.04465 -0.15331
0.27249 -0.06782 -0.08457
0.20291 -0.08217 -0.08113
-0.30274 -0.04706 0.18694
0.02393 0.01824 0.06877
-0.03879 -0.00287 -0.01036
0.30811 -0.09759 0.17105
0.00343 -0.01056 0.09835
0.31407 -0.07600 -0.13501
-0.16032 0.06486 -0.10945
0.21232 -0.00468 0.08296
-0.21102 -0.03587 0.08979
-0.19823 -0.04175 0.09679
0.23341 -0.09225 -0.15221
-0.30583 0.14699 0.06439
-0.25807 0.14699 0.09793
-0.19229 0.14699 0.00929
-0.04627 0.14699 0.02141
-0.28259 0.14699 0.00389
-0.20365 0.14699 0.08576
-0.27885 0.14699 0.07848
-0.02654 0.14699 0.02016
-0.30711 0.14699 0.07379
-0.30014 0.14699 0.11338
-0.20364 0.14699 0.05025
-0.27597 0.14699 0.02931
-0.24333 0.14699 0.03573
-0.15392 0.14699 0.07452
-0.13506 0.14699 0.04042
-0.35077 0.14699 0.07962
-0.31666 0.14699 0.00383
-0.30997 0.14699 0.03184
-0.21257 0.14699 0.04408
-0.32204 0.14699 0.03564
-0.23654 0.14699 0.05040
-0.19941 0.14699 0.06305
-0.16195 0.14699 0.06892
-0.12153 0.14699 0.04138
-0.33127 0.14699 0.05435
-0.04478 0.14699 0.04088
-0.35918 0.14699 0.02804
-0.31728 0.14699 0.07160
-0.31912 0.14699 0.10906
-0.13773 0.14699 0.00021
-0.31909 0.14699 0.02508
-0.34323 0.14699 0.04666
-0.21842 0.14699 0.08984
-0.04903 0.14699 0.00867
-0.35127 0.14699 0.03361
0.03191 0.14699 0.00872
-0.02167 0.14699 0.01187
-0.24858 0.14699 0.03980
-0.30686 0.14699 0.05185
-0.32198 0.14699 0.07428
0.05228 0.14699 0.01091
-0.18224 0.14699 0.03776
-0.32345 0.14699 0.00615
-0.30051 0.14699 0.06740
0.01896 0.14699 0.00373
-0.27383 0.14699 0.01875
-0.25257 0.14699 0.03433
-0.21560 0.14699 0.06782
-0.36473 0.14699 0.02855
-0.20242 0.14699 0.07830
-0.13230 0.14699 0.04579
-0.25874 0.14699 0.00229
-0.06811 0.14699 0.01613
-0.34936 0.14699 0.05011
-0.15376 0.14699 0.01157
-0.33683 0.14699 0.05436
-0.11986 0.14699 0.05334
-0.04144 0.14699 0.02586
-0.26205 0.14699 0.06456
-0.28532 0.14699 0.11296
-0.29808 0.14699 0.07350
-0.31129 0.14699 0.06685
-0.06034 0.14699 0.01291
-0.13472 0.14699 0.01762
-0.08973 0.14699 0.01582
-0.03310 0.14699 0.00709
-0.11164 0.14699 0.04306
-0.27689 0.14699 0.04610
-0.31912 0.14699 0.07871
-0.33752 0.14699 0.09653
-0.09050 0.14699 0.02740
-0.01637 0.14699 0.00698
-0.24044 0.14699 0.08742
-0.10631 0.14699 0.04618
0.33568 -0.03223 0.06972
-0.23455 -0.13125 -0.18668
-0.19466 -0.02742 0.06016
-0.21201 -0.01898 0.02799
-0.20835 -0.02077 0.06337
-0.21910 -0.01554 0.04905
0.04885 -0.02154 0.00139
-0.08765 -0.02138 0.07463
0.09840 -0.02624 0.03392
-0.13831 0.01782 0.05370
-0.26347 -0.14270 0.18406
0.24319 -0.05931 -0.18668
-0.36016 -0.03567 0.09439
-0.15882 -0.00807 0.04712
-0.15333 0.04835 0.10936
0.04638 -0.02758 -0.04818
0.30300 -0.03497 -0.11579
0.13544 0.04123 0.13603
0.13870 0.04030 0.14785
-0.20100 -0.12661 0.18650
-0.28588 -0.08358 -0.15199
0.41981 -0.07921 0.06285
-0.24227 -0.01718 -0.10017
-0.24594 -0.02067 -0.10017
0.25371 0.02666 0.09663
0.40461 -0.04293 -0.06945
-0.31238 -0.02073 -0.08418
-0.30206 -0.01303 -0.08381
0.31406 -0.08426 0.17975
0.24772 -0.11867 0.16066
0.03568 0.00220 0.12229
-0.28351 -0.01110 -0.03547
0.00139 -0.00126 0.02357
0.01281 0.00309 0.02247
-0.03855 -0.00842 0.02539
-0.22277 -0.06331 -0.06124
0.05833 -0.03796 0.11573
0.33385 -0.04761 0.07563
0.11702 0.13653 -0.13591
0.12218 0.13230 -0.09427
0.14396 0.11442 -0.08160
0.13091 0.12512 -0.11541
0.17962 0.08513 -0.13989
0.13844 0.11894 -0.10173
0.11499 0.13820 -0.06059
0.18658 0.07942 -0.13518
0.16914 0.09374 -0.09883
0.13155 0.12460 -0.09304
0.16624 0.09612 -0.09117
0.17701 0.08727 -0.13125
0.13838 0.11900 -0.10945
0.15770 0.10313 -0.14531
0.13005 0.12584 -0.03268
0.11799 0.13574 -0.08766
0.11814 0.13562 -0.01839
0.14973 0.10967 -0.12500
0.15313 0.10688 -0.07797
-0.17783 0.09241 -0.08836
-0.28651 -0.06391 0.18166
-0.18388 -0.04834 -0.09679
-0.16887 0.10202 -0.10580
-0.27737 -0.04292 0.16121
-0.27570 -0.06981 0.17789
-0.01210 0.04320 0.08645
-0.01999 0.07391 -0.08967
0.24564 -0.05792 0.14117
0.20595 -0.03555 0.07664
0.35287 -0.02680 0.06152
-0.18858 -0.12205 0.16759
0.27572 -0.02380 0.14117
-0.20031 -0.05859 0.15811
0.04478 -0.03637 0.07966
-0.17266 0.02957 -0.03521
-0.19857 -0.01124 0.16122
0.42308 -0.06998 -0.01719
0.42152 -0.07348 -0.10286
0.42253 -0.07121 -0.07691
0.42554 -0.06446 -0.03425
0.15147 0.02209 0.15482
0.29269 0.05293 0.07578
0.23854 0.05650 0.06781
0.27638 0.05400 0.07389
0.26192 0.05496 0.05751
0.23908 0.05646 0.05723
0.38145 0.04708 0.08414
0.30165 0.05234 0.04611
0.24624 0.05599 0.09285
0.21908 0.05778 0.03047
0.22259 0.05755 0.04367
0.21760 0.05788 0.08978
0.39473 0.04621 0.08913
0.30887 0.05186 0.04449
0.34619 0.04940 0.07867
0.28747 0.05327 0.06703
0.23941 0.05644 0.03412
0.32811 0.05060 0.06995
0.36587 0.04811 0.08971
0.37583 0.04745 0.08960
0.22097 0.05765 0.07852
0.25386 0.05549 0.06705
0.27820 0.05388 0.05508
-0.24473 -0.07874 0.02601
-0.35368 0.11920 -0.14888
0.30130 -0.05323 -0.17647
-0.02702 0.06837 -0.15733
-0.26171 -0.13575 0.18694
-0.24849 -0.07598 0.13126
-0.18026 0.02559 -0.16271
-0.13057 -0.00939 0.13243
0.36096 -0.04488 -0.13830
0.40331 -0.08670 0.08282
0.40350 -0.08662 0.11222
0.41071 -0.08368 0.10756
0.40944 -0.08420 0.07499
0.10617 -0.01286 -0.00973
0.32130 -0.00604 -0.13830
0.27842 -0.03277 0.00541
-0.14322 0.11688 0.15115
-0.18155 0.11059 0.15237
-0.17599 0.07210 0.15985
-0.15568 0.08644 0.15707
-0.17296 0.06807 0.16064
-0.15757 0.06380 0.16146
-0.07344 0.05711 0.16276
-0.09530 0.06579 0.16108
-0.06051 0.06410 0.16141
-0.16730 0.10806 0.15286
-0.08665 0.07055 0.16015
-0.17445 0.11532 0.15145
-0.15990 0.07927 0.15846
-0.18483 0.12465 0.14964
-0.13632 0.11291 0.15192
-0.15643 0.05465 0.16324
-0.11108 0.08583 0.15718
-0.12140 0.10009 0.15441
0.35648 -0.00238 0.02433
0.08997 -0.02592 -0.03465
-0.15182 0.04121 -0.02695
0.34966 0.02030 -0.01207
-0.27778 -0.09865 -0.15507
-0.17633 -0.07279 -0.08717
-0.29406 -0.09491 0.13856
-0.20402 0.06258 0.15845
0.20455 -0.03250 0.11401
0.24820 -0.08611 0.14117
-0.26520 -0.10986 -0.14880
-0.18571 -0.06047 0.13856
-0.00403 0.06195 -0.08606
-0.00523 0.01753 -0.04647
-0.23178 -0.09764 0.16843
0.30717 -0.02140 -0.11225
-0.19372 -0.10437 -0.13830
0.04696 -0.04907 0.04024
-0.29305 -0.01745 0.04290
-0.28683 -0.03765 -0.18668
-0.16475 0.01858 -0.13896
-0.22527 -0.02761 0.18488
0.00058 0.07434 0.08665
-0.01315 -0.04509 -0.00277
0.32192 -0.08656 -0.17585
0.03830 -0.02380 -0.03251
0.31601 -0.03865 0.12373
-0.16208 -0.00016 0.00030
0.27932 -0.03537 0.16910
-0.13039 -0.02186 0.13602
-0.21459 -0.13133 0.13856
-0.15918 0.01386 0.16917
0.12212 -0.04196 0.04854
0.28204 -0.01815 0.14117
-0.12558 -0.04120 0.03519
-0.12175 -0.05030 0.00232
-0.12075 -0.05267 0.01806
-0.17642 0.05418 0.02996
0.41378 -0.08085 -0.12431
-0.22282 -0.11785 -0.13830
-0.14118 0.02400 0.03509
-0.17574 0.04098 0.03924
0.33568 -0.04736 -0.05923
0.10260 -0.02464 0.11817
-0.29388 -0.01787 0.18452
-0.27953 -0.02329 -0.18668
0.27266 -0.04120 0.15698
-0.14154 -0.02347 -0.12555
0.29293 -0.04036 -0.12765
-0.24995 -0.07279 0.07631
0.33250 -0.07205 0.17341
-0.37890 -0.04630 -0.07665
-0.22195 -0.04968 0.00302
0.40522 0.04825 -0.15464
0.41446 0.04437 -0.11237
0.42199 0.04120 -0.12090
0.41755 0.04307 -0.04766
-0.13110 -0.03092 -0.03022
-0.33411 -0.01357 0.11299
0.09978 -0.02502 0.11192
0.24421 -0.07718 0.18955
-0.24186 0.00236 0.18469
-0.20153 -0.02852 -0.18668
-0.16716 0.04243 0.13655
-0.26625 -0.07985 -0.01875
0.34416 -0.04852 0.15526
0.43472 -0.03116 0.16879
-0.29564 -0.00978 0.06910
0.36838 0.02398 0.15955
-0.19437 -0.12757 0.14281
-0.17310 0.07273 -0.06529
-0.23865 -0.07807 0.13847
0.37406 0.04568 0.16482
0.29335 0.05451 0.16262
0.34638 0.05094 0.16188
-0.39578 -0.06255 0.16453
-0.10751 -0.06810 -0.02561
-0.10628 -0.06810 -0.03496
-0.11230 -0.06810 -0.03369
-0.11386 -0.06810 -0.01222
-0.04630 -0.06810 -0.05575
-0.09168 -0.06810 -0.05160
-0.07749 -0.06810 -0.05479
-0.07437 -0.06810 -0.04718
-0.05241 -0.05246 -0.00113
0.04748 -0.01540 -0.11015
0.27842 -0.03874 -0.06929
-0.26233 -0.08256 0.09334
0.18039 -0.02755 -0.05137
-0.20949 -0.11161 -0.13830
0.42542 0.01408 -0.16816
0.30649 -0.06644 -0.01632
0.41740 -0.00207 -0.06925
0.41936 -0.01077 -0.01800
-0.14992 0.00077 -0.16751
-0.08569 -0.03070 -0.14865
0.10637 0.04621 -0.07496
0.00027 0.07340 -0.07525
0.12353 -0.04622 0.09574
0.30884 -0.03285 -0.10962
0.27906 -0.10654 -0.15563
-0.13736 0.01326 0.07020
-0.23538 0.02668 0.11657
-0.24677 0.02668 0.10573
-0.27218 0.02668 0.11836
-0.26262 0.02668 0.12718
-0.27629 0.02668 0.13005
-0.26984 0.02668 0.12815
-0.22132 0.02668 0.11689
0.33924 -0.10131 -0.18140
0.41758 -0.01614 -0.07590
0.26734 0.03563 0.01305
-0.24867 -0.07573 -0.03958
0.26130 -0.06018 0.14695
0.42297 -0.01614 0.08255
0.32985 -0.01992 -0.08942
-0.12494 -0.02048 -0.08411
-0.00336 0.03689 0.11647
-0.10791 -0.06810 0.02739
-0.10236 -0.06810 0.05431
-0.07487 -0.06810 0.01493
-0.05436 -0.06810 0.00962
-0.10048 -0.06810 0.02314
-0.09943 -0.06810 0.01106
-0.07036 -0.06810 0.02103
-0.11005 -0.06810 0.01923
-0.26977 -0.05853 0.00921
0.35451 -0.08769 0.05516
-0.23691 -0.05181 0.17627
0.11843 -0.06445 -0.10903
0.32955 -0.04507 -0.05854
-0.18912 -0.05349 -0.13830
0.27127 -0.06065 -0.06290
-0.01475 -0.06937 -0.06125
-0.01475 -0.07741 -0.00549
-0.29490 -0.04274 -0.18668
-0.13301 0.03573 0.16692
-0.11914 0.04042 0.16601
-0.20149 0.04044 0.16600
-0.19743 0.03729 0.16662
-0.21045 0.03376 0.16730
-0.19344 0.04885 0.16437
0.08503 -0.04032 0.11981
-0.29707 -0.11220 -0.13838
0.34706 -0.11334 0.14117
0.10401 0.01738 -0.08476
0.30860 -0.00321 0.18950
0.40471 -0.04337 -0.09010
-0.14835 -0.00273 0.10872
0.29699 0.03131 -0.00893
0.40494 -0.02666 0.17178
0.31418 -0.03906 -0.17294
0.41943 -0.05005 0.06166
0.08856 -0.03405 -0.09611
0.26312 -0.09046 0.14364
0.24358 -0.03202 0.14344
-0.19830 0.10132 0.15418
0.08954 -0.02855 -0.10797
0.33568 -0.05093 0.05317
-0.24473 -0.08045 0.17800
0.30844 -0.05890 -0.13030
-0.17837 0.05624 -0.04424
-0.37212 0.14057 0.00399
0.23670 -0.05544 -0.13890
0.23090 -0.06547 0.15357
0.39887 -0.08695 0.04627
0.39706 -0.08769 0.06876
0.39917 -0.08683 0.07414
0.33173 -0.13208 0.14117
-0.23642 -0.02671 -0.14620
0.26500 -0.05331 0.17513
-0.17022 0.07122 -0.01329
0.41988 -0.00356 0.00450
0.41830 -0.01433 0.04587
-0.32814 0.00151 -0.12098
0.31467 0.03622 -0.00711
0.31770 0.00226 0.17364
0.04340 0.00331 -0.02086
0.04592 -0.00056 0.00318
0.23807 -0.03078 -0.00382
0.28776 -0.03078 0.01023
-0.17752 0.08129 -0.08675
0.38269 0.01512 -0.10801
0.11341 0.03035 -0.07800
0.29918 -0.11585 0.18427
-0.01431 0.05560 -0.08848
-0.21574 -0.11471 -0.13830
0.03385 -0.02775 0.12178
-0.00803 -0.03033 0.16856
-0.01356 -0.03169 0.16835
-0.23603 -0.11552 0.18166
0.04013 -0.01172 0.08100
0.33168 -0.02926 -0.09325
-0.31333 0.01880 0.12972
0.15622 -0.00618 0.02619
0.28396 -0.08763 -0.17053
0.12381 -0.06660 -0.07898
-0.26486 0.00077 -0.15221
0.31363 -0.00435 0.14117
-0.42131 0.03667 0.09332
-0.16524 0.00803 0.01939
0.02031 -0.00643 -0.12286
0.10332 0.02871 -0.08015
0.41768 0.00752 -0.07667
-0.18551 -0.07567 0.09329
0.18532 -0.09014 -0.09443
0.18519 -0.09014 -0.08399
0.19915 -0.09014 -0.08932
0.08867 -0.09014 -0.13267
0.09890 -0.09014 -0.10393
0.19842 -0.09014 -0.12655
0.12728 -0.09014 -0.12552
-0.04130 -0.09014 -0.13566
0.14048 -0.09014 -0.10991
0.05286 -0.09014 -0.12066
-0.05154 -0.09014 -0.15353
0.02632 -0.09014 -0.11473
-0.01845 -0.09014 -0.15532
0.05633 -0.09014 -0.14830
0.05941 -0.09014 -0.14180
0.06877 -0.09014 -0.15172
0.09584 -0.09014 -0.12026
0.04337 -0.09014 -0.14350
0.00923 -0.09014 -0.16058
0.12840 -0.09014 -0.10841
0.07723 -0.09014 -0.13297
0.01666 -0.09014 -0.13444
0.07793 -0.09014 -0.09994
0.17680 -0.09014 -0.10691
0.13765 -0.09014 -0.14186
0.19026 -0.09014 -0.12361
0.20014 -0.09014 -0.07284
0.13059 -0.09014 -0.14895
0.09111 -0.09014 -0.10647
0.01684 -0.09014 -0.16242
0.00880 -0.09014 -0.15055
0.07588 -0.09014 -0.12069
0.09954 -0.09014 -0.15273
0.11147 -0.09014 -0.13881
0.10785 -0.09014 -0.15074
0.15007 -0.09014 -0.12947
0.20001 -0.09014 -0.15933
-0.08480 -0.09014 -0.15535
0.08224 -0.09014 -0.14322
0.10105 -0.09014 -0.09491
0.07103 -0.09014 -0.14339
0.16782 -0.09014 -0.08197
0.06477 -0.09014 -0.11675
0.25917 -0.03718 0.14117
-0.13228 -0.02353 -0.04006
-0.20848 -0.12018 -0.18668
-0.23716 -0.06528 -0.00747
-0.16637 0.01110 0.07068
0.09490 -0.04526 0.03811
0.36659 -0.11518 -0.17277
0.14504 0.00999 0.02245
0.14672 0.02118 -0.02755
0.33498 -0.01701 -0.18668
0.39733 -0.00899 -0.11150
-0.39011 0.04645 0.01487
-0.39011 0.05354 0.04438
-0.39011 0.04700 0.06662
-0.39011 0.03331 0.02227
-0.39011 0.04649 0.08432
0.32483 -0.01263 -0.18668
-0.28688 -0.01335 0.13992
0.24976 -0.12117 0.18668
-0.27911 -0.09740 -0.18315
0.42734 -0.01614 -0.02298
-0.16724 0.02024 0.14295
0.34922 -0.07922 -0.16436
0.33032 -0.07354 -0.07802
0.32777 -0.06069 0.17105
-0.13679 0.00108 -0.14208
0.23388 -0.05250 0.16231
-0.26505 -0.08823 -0.17053
0.32852 -0.06893 0.06340
-0.15577 0.05730 0.09344
-0.29170 -0.02636 0.09271
0.03954 -0.01313 -0.08756
0.06231 -0.04032 0.05031
0.02994 -0.04288 0.11995
0.13540 0.06569 -0.06606
-0.30703 -0.11117 -0.17926
-0.17891 -0.07007 -0.18668
0.26184 -0.08276 0.14879
0.39400 -0.00078 -0.12024
0.16151 0.05809 0.18804
-0.15916 -0.04205 0.03429
-0.34157 -0.05871 0.08129
-0.20959 -0.08422 0.17839
-0.06689 0.14199 0.14014
-0.10864 0.14108 0.14117
0.34251 -0.00676 0.18479
-0.00582 0.02087 0.10026
0.10040 -0.08312 -0.07030
0.11185 -0.08312 -0.06925
0.07829 -0.08312 -0.06843
-0.15846 -0.02940 0.00943
-0.13275 -0.02884 0.04693
-0.10750 -0.03538 0.04895
-0.11889 -0.03538 0.05507
-0.19897 -0.08887 0.18573
0.37321 -0.02402 -0.06693
0.32599 -0.11057 0.17683
-0.26924 -0.00978 -0.00319
-0.27424 -0.00978 -0.01015
0.40813 -0.08316 0.01780
0.41703 -0.07952 0.02361
0.40508 -0.08441 0.04196
0.36826 -0.06784 -0.13830
0.30528 -0.02171 0.09797
-0.25638 -0.06900 0.02749
0.33851 -0.06370 0.17486
-0.28662 -0.07999 0.17454
0.20528 -0.07366 0.06152
0.23054 -0.06866 0.06152
0.37829 -0.08490 -0.18488
0.15588 0.05392 0.08654
0.18701 0.05392 0.14483
0.14605 0.05392 0.08881
0.17187 0.05392 0.13809
0.15397 0.05392 0.14113
0.18415 0.05392 0.15341
0.16010 0.05392 0.14146
0.04222 -0.05667 -0.03717
-0.39011 -0.03173 -0.03842
-0.39011 -0.02087 -0.03493
-0.39011 -0.03180 -0.04718
-0.39011 -0.03447 -0.00144
-0.39011 -0.01803 -0.00087
-0.39011 -0.03334 -0.09315
-0.39011 -0.02247 -0.04719
-0.39011 -0.00772 -0.03316
-0.39011 -0.01641 -0.05679
-0.39011 -0.01013 -0.01981
-0.39011 -0.00876 -0.00361
-0.39011 -0.00685 -0.04395
0.37713 -0.09361 0.16461
0.31299 -0.04055 -0.16817
0.02993 -0.00689 0.03137
-0.17435 0.03717 0.10790
0.23414 -0.06242 0.18827
0.12504 -0.03685 0.08205
0.00560 -0.00398 -0.09083
-0.26939 -0.06279 -0.01448
0.23657 0.02268 0.16630
0.06370 -0.01758 -0.00766
0.36997 -0.02641 -0.06152
-0.21368 -0.11289 0.18694
-0.34025 -0.05006 -0.18575
0.11012 0.04426 -0.10370
0.35915 -0.03251 0.18955
0.02625 -0.02289 -0.12194
-0.33685 -0.02341 -0.17433
-0.14531 -0.02874 -0.00321
-0.23503 -0.00215 -0.13865
-0.31809 -0.06786 0.17565
0.04646 -0.01829 0.04656
0.14425 0.02743 0.06709
0.01001 -0.01337 -0.17176
0.12035 -0.01411 -0.17169
0.18345 -0.01352 -0.17175
0.33960 -0.04708 0.18549
-0.11852 -0.05918 0.00728
0.21271 -0.00374 -0.08764
-0.25140 -0.00978 -0.06009
-0.26766 -0.00978 -0.06685
-0.25558 -0.00978 -0.05635
-0.23170 -0.05645 0.17668
0.37911 -0.05973 -0.17277
0.29838 0.03622 -0.00615
-0.14114 -0.02514 0.18348
-0.16286 0.06703 -0.02005
0.32125 -0.11253 -0.16149
-0.41890 0.00220 0.16140
0.22647 0.01618 -0.17859
0.29646 -0.00889 0.14117
0.34612 -0.08901 -0.15916
-0.06166 -0.08122 0.06822
-0.16096 0.06442 0.06264
0.30692 -0.03028 0.11091
-0.21265 -0.07466 0.01129
0.03246 0.00657 0.08330
-0.26700 -0.01520 -0.05037
-0.01697 0.13675 -0.14404
-0.01442 0.05637 -0.07664
-0.00078 -0.03256 -0.16821
0.03966 -0.02948 -0.16870
0.38534 0.01250 0.14468
-0.42214 0.02805 0.14345
-0.24341 0.00461 -0.17272
0.27687 -0.00449 -0.13967
-0.22306 -0.01981 -0.13830
-0.17365 -0.04244 0.16547
-0.34029 0.00559 0.15521
-0.31991 0.02028 0.15521
-0.38520 -0.03040 0.15521
-0.28797 0.03303 0.15521
-0.30788 0.03300 0.15521
-0.37674 0.03127 0.15521
-0.36478 0.04676 0.15521
-0.32352 0.03894 0.15521
-0.31576 0.03338 0.15521
-0.29678 0.01373 0.15521
-0.36972 -0.01659 0.15521
-0.29050 0.05293 0.15521
-0.35860 0.00577 0.15521
-0.30413 0.04568 0.15521
-0.36205 -0.01968 0.15521
-0.24710 0.04310 0.15521
-0.32155 0.00191 0.15521
-0.27998 0.04555 0.15521
0.33032 -0.01354 -0.06152
0.27560 -0.07353 -0.16817
0.29101 -0.09065 0.12328
0.33341 -0.03650 0.10018
-0.00339 0.00592 0.01933
-0.02076 0.00592 0.01578
-0.03156 0.00592 -0.01774
-0.02700 0.00592 0.00643
-0.31660 -0.08430 0.14364
-0.35097 -0.03567 0.10356
-0.35632 -0.03567 0.12307
-0.35534 -0.03567 0.10754
0.10092 -0.02977 0.09966
0.30818 -0.07329 0.13303
0.01688 -0.04048 0.00340
-0.39011 0.01503 0.10818
-0.39011 0.02509 0.11696
-0.39011 0.00762 0.00013
-0.39011 0.00560 0.05936
-0.39011 0.02286 0.12323
-0.39011 0.01625 0.10134
-0.39011 0.01013 0.01934
-0.39011 0.00215 0.02889
-0.39011 0.00610 0.00859
-0.39011 0.02085 0.03789
-0.39011 0.02416 0.11093
0.27057 -0.00449 -0.18366
0.24896 0.03360 -0.00980
-0.12495 -0.02048 0.11437
-0.27569 -0.00978 0.06517
0.27397 -0.05111 0.05028
-0.23087 -0.02874 -0.05910
0.05510 -0.04219 0.05058
0.14543 0.02499 -0.12572
0.14956 0.01648 -0.06744
0.13948 -0.08879 0.15835
0.18887 -0.08960 0.16115
0.00036 -0.08770 0.15461
0.42728 -0.00064 0.07315
0.09821 -0.01517 0.01953
0.33153 -0.13036 0.18955
-0.13127 -0.02728 0.07043
0.30255 -0.01391 0.14117
0.00452 -0.01208 -0.05777
0.30539 -0.07605 0.14110
0.30451 0.04762 0.16461
0.31788 0.04656 0.16482
-0.13140 -0.00988 0.13967
0.33188 -0.07543 0.17891
0.11804 -0.02659 0.09344
0.32211 -0.13166 0.14117
0.32381 -0.03540 -0.18202
-0.13374 -0.00637 0.06177
-0.30047 -0.07851 0.13856
-0.31569 -0.01657 -0.10017
-0.24728 -0.06490 0.10092
0.13979 0.00705 0.01487
0.06028 -0.04214 0.10330
0.02925 0.01688 0.16909
0.03984 0.00227 0.17041
0.08004 0.00205 0.17043
-0.00161 0.01313 0.16943
0.05502 0.01295 0.16945
0.06218 -0.00774 0.17131
0.14415 -0.00264 0.17085
0.08729 -0.00354 0.17094
0.15608 -0.01119 0.17162
-0.01698 -0.00888 0.17142
0.01456 0.00003 0.17061
0.25882 -0.11436 0.18955
-0.20235 -0.13073 0.14125
-0.19525 -0.02713 -0.06544
-0.17923 -0.03492 -0.07289
-0.17790 -0.03556 -0.04622
-0.19088 -0.02925 -0.06829
-0.20441 -0.02268 -0.06818
-0.20672 -0.11384 0.13856
-0.23536 -0.08286 -0.08748
0.26849 -0.00925 -0.13942
0.00431 0.03613 0.11888
0.37799 -0.03928 -0.04739
0.34460 -0.07254 -0.18156
-0.25594 -0.03750 0.16964
-0.15507 0.05484 -0.09125
0.29608 -0.02139 0.07554
-0.14608 -0.00841 -0.10467
-0.32092 0.01209 0.11560
-0.35533 -0.05011 -0.09960
-0.13828 -0.04673 0.13371
0.36130 -0.07546 0.14117
-0.16051 0.01513 0.10605
-0.40901 0.00274 -0.17037
-0.40601 0.01046 -0.16967
0.35513 -0.09107 -0.18668
0.10350 0.01741 -0.05845
-0.02709 -0.08312 0.01305
-0.03922 -0.08312 0.08131
-0.06447 -0.08312 0.05993
-0.01744 -0.08312 0.03819
-0.02734 -0.08312 0.05886
-0.05080 -0.08312 0.03322
-0.02187 -0.08312 0.02579
-0.01590 -0.08312 0.01201
0.37701 -0.08926 0.00216
0.38103 -0.08926 0.01259
0.36009 -0.08926 0.05368
-0.24588 -0.09984 0.17607
0.36323 -0.01398 0.07021
0.28293 -0.13562 0.14132
0.15520 -0.06937 -0.06770
-0.13366 -0.06810 -0.09068
0.25790 -0.01370 -0.15070
0.00039 0.07317 -0.09093
-0.20897 0.05999 -0.15895
0.27329 -0.11557 -0.13830
0.35152 -0.08769 0.01414
0.32288 -0.08769 0.04878
0.34652 -0.08769 0.04494
0.26402 -0.08769 0.05742
0.27568 -0.08769 0.05181
0.29421 -0.08769 0.04680
0.30506 -0.08769 0.03511
0.25168 -0.08769 0.05148
0.35447 -0.08769 0.00366
0.35710 -0.08769 0.04508
0.31390 -0.08769 0.02361
0.12511 -0.03640 -0.07568
0.39370 -0.04191 -0.17286
0.15158 -0.00641 -0.00288
0.29264 -0.08554 0.17538
-0.23950 -0.00978 0.06517
0.34619 -0.05327 -0.14985
0.09533 -0.03164 -0.05580
-0.12087 -0.05240 0.08156
0.36195 -0.01720 0.01060
0.01840 0.03771 0.04165
-0.18864 0.02665 0.12485
0.00542 -0.01409 0.08678
-0.26906 -0.08289 0.16843
0.11704 -0.04369 -0.11218
0.28146 -0.08094 0.17962
-0.06214 -0.01987 -0.02487
-0.01601 0.05003 -0.06705
-0.00700 0.02693 0.08441
-0.16337 -0.05005 -0.09567
0.11032 0.14098 0.01958
0.32135 -0.13668 0.18955
-0.01072 0.03178 -0.05570
0.28903 0.03622 0.01249
0.32267 -0.08855 0.17763
0.30196 -0.02390 0.18785
-0.17403 -0.08558 -0.18607
-0.30228 -0.11847 -0.14915
-0.30103 -0.07529 -0.09460
-0.19894 -0.02454 -0.13830
0.35146 -0.12971 -0.14118
0.29903 0.05638 0.09757
0.36779 0.05185 0.10476
0.32882 0.05442 0.10851
0.39513 0.05005 0.12800
0.37348 0.05148 0.14600
0.39976 0.04975 0.11617
0.33936 0.05373 0.12394
0.38225 0.05090 0.11585
0.27806 0.05777 0.10601
0.28681 0.05719 0.12006
0.36673 0.05192 0.14453
0.37331 0.05149 0.10948
0.38213 0.05091 0.13512
0.38645 0.05063 0.14901
0.37046 -0.07898 -0.06152
0.35795 -0.08116 -0.06152
0.35848 -0.05167 -0.18668
-0.20764 -0.04026 0.14072
0.00257 0.08475 0.07618
0.29917 -0.01414 0.01521
0.10035 -0.02867 -0.09585
0.10003 0.01365 -0.08666
0.23963 -0.01328 -0.01207
0.24573 -0.00510 -0.01207
0.31077 0.00296 -0.01207
-0.01365 0.07140 0.09838
0.32364 -0.02410 0.18955
0.34953 -0.07686 0.16576
-0.29065 -0.12738 0.18526
-0.33248 -0.00883 0.17117
0.33547 -0.01843 0.14117
-0.25397 -0.01388 0.13856
0.20307 -0.04666 0.06410
-0.22529 -0.09389 -0.16817
-0.16119 0.01577 -0.15672
-0.17321 0.03982 0.11905
0.29740 -0.10384 -0.17750
0.16511 0.09117 0.15290
-0.33774 -0.02750 -0.16573
0.40128 -0.02193 0.09937
-0.01545 0.05355 0.08163
0.02474 0.04320 -0.15521
0.08459 0.01796 -0.15521
0.16905 -0.00240 -0.15521
0.11105 0.01367 -0.15521
0.18104 -0.01060 -0.15521
0.05756 0.03015 -0.15521
0.15181 0.03774 -0.15521
0.13349 -0.00531 -0.15521
0.17730 0.02772 -0.15521
0.00608 0.05289 -0.15521
0.11005 0.00665 -0.15521
0.16438 0.02062 -0.15521
0.02743 0.03692 -0.15521
0.16140 0.00815 -0.15521
0.14013 0.02340 -0.15521
0.12669 0.03072 -0.15521
0.06798 0.04552 -0.15521
0.16266 0.03356 -0.15521
0.04157 0.03441 -0.15521
0.16819 -0.01395 -0.15521
0.08892 0.01169 -0.15521
-0.28043 -0.10244 -0.13876
0.15070 0.02688 -0.15482
0.27333 -0.04060 -0.06152
0.10259 -0.04161 0.11717
0.30153 -0.06126 0.03910
-0.18347 0.02619 0.11331
0.26885 -0.04838 -0.00388
0.42163 0.02772 -0.08894
0.07051 -0.03846 0.06989
0.33568 -0.04412 -0.03779
-0.24286 -0.07908 0.05597
0.02757 0.01995 0.10602
0.03244 -0.00182 -0.03106
-0.30947 -0.08078 -0.18668
0.28175 -0.02500 -0.00794
0.29727 -0.02500 -0.00341
0.31173 -0.02500 0.00261
0.29027 -0.02500 -0.00982
-0.05395 -0.02648 0.13968
-0.39011 0.03465 -0.07402
-0.39011 0.02856 -0.09107
-0.39011 0.02939 -0.10107
-0.39011 0.04318 -0.02086
-0.39011 0.04078 -0.04199
0.25191 -0.07521 -0.18668
-0.41211 0.06095 0.15555
0.05084 -0.04481 0.04144
0.27842 -0.05755 0.06438
0.40498 -0.04834 -0.09188
0.37824 -0.04640 -0.02377
0.20291 -0.07516 0.12776
0.20291 -0.07200 0.11230
0.23087 -0.07247 -0.17277
-0.08399 0.12086 -0.15038
-0.11932 0.10112 -0.15421
-0.16032 0.10008 -0.15441
-0.15952 0.12314 -0.14993
-0.12712 0.12025 -0.15050
-0.09948 0.13817 -0.14701
-0.19538 0.08560 -0.15723
-0.05121 0.13359 -0.14790
-0.14869 0.11667 -0.15119
-0.17007 0.08524 -0.15730
-0.18095 0.11224 -0.15205
-0.12905 0.09700 -0.15501
-0.18821 0.06170 -0.16187
-0.15619 0.12904 -0.14879
-0.17542 0.13462 -0.14770
-0.29811 0.02560 0.16141
0.32908 -0.04424 0.18198
-0.25451 -0.00978 0.00022
0.03462 0.01164 0.03790
-0.32242 0.01040 -0.15608
0.33428 -0.02881 0.18955
0.06622 -0.03381 -0.04348
-0.13812 -0.06510 -0.14144
0.04497 -0.04238 0.11889
-0.05602 -0.03273 -0.02486
-0.22480 -0.08899 0.16843
0.27127 -0.04678 -0.07061
0.09972 0.14176 -0.01459
0.10098 0.14138 -0.06225
0.24222 -0.08104 -0.13830
-0.15783 0.05490 -0.12856
-0.02425 -0.01299 0.17179
-0.15680 0.05980 0.10507
0.40382 -0.05425 -0.17467
-0.24966 -0.06839 -0.11475
-0.12090 -0.02023 0.05811
-0.02982 -0.08284 0.00568
-0.02982 -0.08012 0.06507
0.26646 -0.11703 -0.18668
-0.29437 -0.12593 -0.15734
0.30439 -0.14584 0.15020
0.14286 -0.05417 -0.15521
0.00824 -0.03768 -0.15521
0.11144 -0.04031 -0.15521
0.09818 -0.04989 -0.15521
0.09392 -0.04296 -0.15521
0.17390 -0.06314 -0.15521
0.18513 -0.05517 -0.15521
0.09335 -0.03670 -0.15521
0.29392 -0.13855 0.18939
-0.09356 -0.03273 0.14760
-0.00285 0.09290 -0.05961
-0.32694 -0.03159 0.03923
-0.32606 -0.03094 0.05544
-0.32456 -0.02981 0.06761
-0.32710 -0.03171 0.01797
-0.32443 -0.02971 0.02575
0.09597 -0.02633 0.04503
-0.31301 0.01901 -0.17343
0.33779 -0.04309 -0.17072
-0.40231 0.04056 -0.16598
-0.34662 0.03731 -0.16661
-0.10957 -0.02300 -0.06553
-0.00068 0.02051 -0.16876
0.02335 0.02080 -0.16874
0.01158 0.01195 -0.16954
0.14269 0.03087 -0.16783
-0.01190 0.02830 -0.16806
0.11452 0.02907 -0.16799
0.16847 0.02987 -0.16792
0.05347 0.01608 -0.16917
0.05541 0.00682 -0.17000
0.12151 0.01966 -0.16884
0.03441 0.01537 -0.16923
0.02590 -0.00226 -0.17082
-0.13393 -0.02367 0.03138
0.43026 0.00225 -0.08018
0.43026 -0.00470 -0.09215
0.43026 0.02454 -0.09811
0.43026 0.01226 -0.07318
0.43026 0.00525 -0.07406
-0.31433 0.01809 -0.17975
-0.33142 -0.00599 -0.11957
0.37138 0.00254 0.00596
-0.12965 -0.06356 0.16413
0.23483 0.00661 0.01503
-0.25757 -0.09971 0.17079
-0.19675 -0.07443 0.08428
0.29696 -0.05123 -0.01488
0.27127 -0.03381 0.01021
-0.21164 -0.08929 -0.18039
0.00541 -0.01388 -0.08543
0.01130 -0.03056 -0.05108
0.11637 -0.06664 0.11173
0.00731 -0.02206 0.09454
-0.05909 -0.03371 -0.11923
-0.04382 0.14699 -0.01770
-0.04131 0.14699 -0.03867
-0.08972 0.14699 -0.04330
0.07502 0.14699 -0.13269
-0.02820 0.14699 -0.00418
0.08470 0.14699 -0.13041
0.04757 0.14699 -0.04110
0.00610 0.14699 -0.07363
-0.05732 0.14699 -0.05947
-0.15159 0.14699 -0.04226
-0.11213 0.14699 -0.04166
-0.12869 0.14699 -0.05149
-0.22994 0.14699 -0.03721
-0.02135 0.14699 -0.01814
0.04923 0.14699 -0.05530
-0.01047 0.14699 -0.07013
-0.14303 0.14699 -0.02605
0.00970 0.14699 -0.11291
-0.00361 0.14699 -0.05076
-0.18902 0.14699 -0.01026
0.05455 0.14699 -0.01032
0.01032 0.14699 -0.01424
-0.15275 0.14699 -0.05171
-0.08967 0.14699 -0.00257
-0.23674 0.14699 -0.01681
-0.03806 0.14699 -0.00450
-0.05120 0.14699 -0.09194
-0.07612 0.14699 -0.03935
0.05897 0.14699 -0.12629
-0.17177 0.14699 -0.04166
0.07994 0.14699 -0.02266
-0.19710 0.14699 -0.01261
-0.10711 0.14699 -0.02339
-0.09619 0.14699 -0.03671
-0.00371 0.14699 -0.01102
-0.13022 0.14699 -0.07010
-0.16151 0.14699 -0.02679
-0.28114 0.14699 -0.00158
0.04306 0.14699 -0.00682
-0.09957 0.14699 -0.06389
0.07324 0.14699 -0.10301
0.04832 0.14699 -0.11822
-0.00015 0.14699 -0.09411
-0.04372 0.14699 -0.08262
0.00373 0.14699 -0.06430
-0.21437 0.14699 -0.02359
-0.05477 0.14699 -0.03025
0.06767 0.14699 -0.12085
-0.24854 0.14699 -0.02123
-0.31587 0.14699 -0.00393
-0.04832 0.14699 -0.08771
0.05429 0.14699 -0.04397
0.04248 0.14699 -0.10136
-0.02269 0.14699 -0.07183
-0.04943 0.14699 -0.05254
-0.01864 0.14699 -0.10524
0.06615 0.14699 -0.02330
-0.11309 0.14699 -0.00103
-0.30106 0.14699 -0.01889
-0.15512 0.14699 -0.01730
-0.18239 0.14699 -0.02525
-0.10341 0.14699 -0.01900
0.01520 0.14699 -0.10405
0.00964 0.14699 -0.06972
-0.11115 0.14699 -0.06363
0.02966 0.14699 -0.01070
-0.15055 0.14699 -0.01075
-0.14985 0.14699 -0.00056
-0.13405 0.14699 -0.06084
-0.00173 0.14699 -0.10716
-0.14302 0.14699 -0.04420
-0.23927 0.14699 -0.02936
-0.13500 0.14699 -0.02319
0.28751 0.03622 -0.00418
0.04690 -0.03425 -0.11908
-0.28838 0.02668 0.18080
-0.28001 0.02668 0.17028
-0.17365 0.07262 -0.07864
-0.27898 -0.00978 0.02416
0.36133 0.02105 0.01104
-0.22179 -0.00028 -0.17645
0.25676 0.02668 0.18584
0.30293 0.02668 0.17874
0.17577 0.00648 -0.13469
-0.12985 -0.03103 -0.12842
-0.31120 -0.01985 0.09934
-0.30607 -0.01602 0.09564
0.26220 -0.06126 0.17048
0.05971 -0.03615 -0.11046
0.14626 0.01760 0.02620
0.20347 -0.04107 -0.11787
0.33568 -0.07180 -0.08195
0.13603 0.03695 -0.00462
0.28248 0.02668 0.15944
0.32916 0.02668 0.14296
0.30446 0.02668 0.16143
0.31453 0.02668 0.15029
0.30029 0.02668 0.15401
0.31309 0.02668 0.13672
0.34960 0.02668 0.10705
0.35193 0.02668 0.13425
0.33001 0.02668 0.16562
0.33878 0.02668 0.11273
0.20698 -0.02080 0.09241
-0.26151 -0.00978 0.09312
-0.28508 -0.00978 0.09855
0.33568 -0.04700 0.00211
0.23403 -0.09230 0.17997
-0.43262 -0.06119 0.08351
-0.43311 -0.05850 0.06795
-0.43434 -0.05172 0.02143
-0.43498 -0.04821 0.03503
-0.43375 -0.05496 0.00034
-0.43584 -0.04347 0.01141
0.28547 0.02668 -0.14367
0.26960 0.02668 -0.12044
0.27876 0.02668 -0.12274
0.27527 0.02668 -0.14721
0.27207 0.02668 -0.10155
0.29052 0.02668 -0.12248
0.28702 0.02668 -0.13518
0.25973 0.02668 -0.12011
0.26089 0.02668 -0.16789
0.25871 -0.00902 -0.06190
0.26183 -0.00902 -0.06764
0.30023 -0.00902 -0.07045
0.31744 -0.01196 -0.18668
0.02028 0.03434 -0.11381
0.13823 0.04748 -0.04784
0.33484 -0.12383 0.14117
0.01642 -0.04045 0.11625
-0.21707 -0.01653 -0.06558
-0.21516 -0.01746 -0.06074
-0.20302 -0.02336 -0.06247
-0.21978 -0.01521 -0.02715
-0.19639 -0.02657 -0.05042
-0.15435 0.05216 0.02196
0.00546 0.04865 -0.03821
0.28155 -0.02542 -0.13830
0.43651 -0.03684 -0.14018
0.43624 -0.03425 -0.12133
0.16142 0.05053 -0.16033
0.11313 0.12093 -0.15036
0.21807 -0.02134 -0.17407
-0.27077 -0.08835 -0.17053
-0.00701 0.05696 0.04786
0.29925 -0.07434 0.13605
-0.24082 -0.07891 0.15239
0.00400 -0.00564 0.04829
-0.34029 -0.07293 -0.12932
-0.34029 -0.06144 -0.11872
0.40507 -0.05775 0.04311
0.40507 -0.05719 0.02748
0.40507 -0.06285 0.04834
0.15160 0.01367 0.14933
0.26103 -0.07620 0.06152
-0.19954 -0.07960 -0.16338
0.00939 0.04898 0.08206
0.34996 -0.06850 -0.15383
0.03171 0.00501 0.10256
-0.13833 -0.04581 -0.15169
0.30158 -0.06940 0.02063
0.09443 0.14336 0.05277
0.08894 0.14502 0.04070
0.09266 0.14389 0.06870
0.08854 0.14514 0.10988
0.23674 -0.04259 0.18473
0.43474 -0.04615 -0.09928
0.43604 -0.03958 -0.14531
0.43418 -0.04895 -0.12553
0.02004 -0.01658 -0.12193
0.03718 0.00764 0.11660
0.04883 -0.03514 0.03725
0.42785 -0.01107 0.16891
0.36196 0.02582 -0.11292
-0.23308 -0.07733 -0.17717
0.18035 0.00292 -0.15114
0.34110 -0.00949 0.06152
0.29522 -0.01630 0.06152
0.36953 -0.05436 -0.06152
0.35269 -0.05756 -0.06152
0.37873 -0.05009 -0.06152
0.35674 -0.03832 -0.06152
0.35955 -0.05231 -0.06152
-0.42185 0.03251 0.03605
0.32852 -0.02407 0.06257
-0.13048 -0.02432 -0.08046
0.27150 -0.03393 0.06152
-0.13672 0.01400 -0.05526
-0.13108 -0.02984 0.01141
0.03849 -0.00290 -0.02400
-0.00301 0.00042 -0.02316
0.28407 -0.05009 0.17105
0.10571 -0.02732 0.08855
0.09099 0.12724 0.14914
0.04773 0.13280 0.14806
0.08064 0.12711 0.14916
0.15561 0.07799 0.15871
0.11048 0.10581 0.15330
0.03494 0.13817 0.14701
0.13335 0.08103 0.15812
0.10501 0.09942 0.15454
0.03951 0.12119 0.15031
0.01813 0.13731 0.14718
-0.12368 -0.02052 0.00099
-0.08084 -0.01896 0.14627
0.15307 0.00731 -0.02620
0.06444 -0.04859 0.11640
0.03909 -0.01487 -0.12310
0.07893 -0.01693 -0.02403
-0.11529 -0.06564 -0.00074
0.26444 -0.02413 -0.18668
0.35284 0.02994 -0.01021
-0.19334 -0.05619 0.13856
-0.09949 -0.02263 0.11051
0.14888 0.10808 -0.15144
0.36048 -0.12232 0.17165
0.00440 0.05846 0.08939
0.32852 -0.04908 0.07064
-0.28874 -0.10397 -0.18668
0.43216 -0.04007 -0.16910
0.02537 0.02667 -0.04548
-0.27936 -0.00978 -0.06360
-0.27879 -0.11768 0.13856
-0.17501 0.06300 -0.11672
0.37395 -0.06315 -0.13852
0.11606 0.04040 -0.07433
0.12359 -0.03215 0.08826
0.32237 -0.03656 0.00129
0.14652 0.03416 -0.07532
0.28098 -0.10801 0.17353
0.30094 -0.01498 -0.09884
-0.13327 -0.00495 -0.06072
-0.24991 -0.06908 -0.12954
-0.06772 -0.01973 -0.00792
-0.10976 -0.02127 -0.12690
0.42426 -0.01318 0.05408
0.42616 -0.00787 0.00476
0.38178 0.01596 0.17159
0.09536 -0.06810 -0.14747
-0.01614 -0.06810 -0.15510
-0.01585 -0.06810 -0.13871
-0.06615 -0.06810 -0.14938
0.07627 -0.06810 -0.11240
0.10602 -0.06810 -0.13063
0.12411 -0.06810 -0.11186
0.03834 -0.06810 -0.13860
0.16099 -0.06810 -0.14721
0.12084 -0.06810 -0.14793
0.13395 -0.06810 -0.14259
0.05571 -0.06810 -0.11415
0.13409 -0.06810 -0.11176
0.05903 -0.06810 -0.14375
0.14763 -0.06810 -0.15299
-0.04877 -0.06810 -0.15005
0.11661 -0.06810 -0.12541
0.10171 -0.06810 -0.10466
0.00280 -0.06810 -0.12953
0.04064 -0.06810 -0.15165
0.08370 -0.06810 -0.14639
-0.02679 -0.06810 -0.14170
0.06724 -0.06810 -0.12858
0.16477 -0.06810 -0.09285
0.10448 -0.06810 -0.11945
-0.02458 -0.06810 -0.13285
0.15241 -0.06810 -0.10678
-0.28299 -0.05156 0.16842
-0.06198 -0.04114 -0.00264
0.36727 -0.11163 -0.18496
-0.12853 -0.03563 -0.04076
-0.21880 -0.12662 0.13856
-0.31482 -0.05012 -0.17714
0.04949 -0.04748 0.11381
0.32643 -0.05545 -0.16817
0.01219 0.01052 -0.12204
0.12877 0.03581 -0.08358
-0.20498 -0.13646 -0.17224
-0.09580 -0.02262 -0.00577
-0.28548 -0.08454 0.15869
-0.41093 0.07395 0.14831
-0.40484 0.08450 0.14482
-0.21868 -0.06369 0.17079
0.03150 -0.04889 0.16832
0.01816 -0.04881 0.16833
0.01002 -0.04524 0.16868
0.04908 -0.05221 0.16800
-0.41736 -0.00190 -0.09922
-0.41733 0.00206 -0.10244
-0.41735 -0.00114 -0.08481
-0.41732 0.00435 -0.02712
-0.41729 0.00836 -0.11206
-0.05994 -0.03521 0.00596
-0.01051 -0.06810 -0.07630
0.00929 -0.06810 -0.07016
0.12755 -0.06810 -0.06896
0.34399 -0.06742 0.06152
0.35687 -0.03520 0.06152
0.33645 -0.05035 0.06152
0.34164 -0.04398 0.06152
0.34736 -0.05366 0.06152
0.21893 -0.04972 -0.06152
-0.40585 0.02914 -0.14772
-0.16429 0.00498 0.04295
-0.18889 0.14059 -0.14654
0.41823 0.00894 0.04764
0.41961 0.01716 0.01155
0.41918 0.01470 0.02280
0.18647 0.07658 0.15717
-0.02663 -0.03431 0.00011
0.00852 -0.01895 0.04808
-0.05701 -0.03351 -0.12815
-0.26928 -0.13306 -0.13830
0.25500 -0.05660 0.14117
-0.14098 -0.03051 -0.04338
0.00637 -0.00750 0.08057
-0.12843 -0.03418 -0.08373
-0.15036 0.00172 -0.10952
-0.15413 -0.04655 0.03510
0.05985 -0.04349 0.06310
-0.35864 -0.06745 0.16259
0.33003 -0.02918 0.06152
0.41974 -0.07903 -0.12388
-0.18169 0.02593 0.10313
-0.38953 -0.07051 -0.02394
-0.36358 -0.07379 -0.03566
-0.34139 -0.07659 -0.09151
-0.41414 -0.06741 -0.00784
-0.40399 -0.06869 -0.02310
-0.36134 -0.07407 -0.05929
-0.40373 -0.06872 -0.02827
-0.36198 -0.07399 -0.01436
-0.34245 -0.07646 -0.03214
-0.40164 -0.06898 -0.00206
-0.35362 -0.07505 -0.06688
-0.36766 -0.07327 -0.00045
-0.13812 -0.06307 0.10330
0.24932 0.00845 -0.01497
-0.25530 -0.04709 -0.17053
-0.02236 0.10024 0.15113
-0.15338 -0.01956 0.08590
0.15963 0.02778 0.01848
0.15273 0.02035 -0.02641
-0.33338 0.08730 -0.15690
-0.31286 0.09627 -0.15516
-0.28852 0.12577 -0.14942
-0.25137 0.14015 -0.14663
-0.37533 0.08018 -0.15828
-0.33265 0.13235 -0.14814
-0.28980 0.13754 -0.14714
-0.34753 0.11858 -0.15082
-0.35990 0.08153 -0.15802
-0.30085 0.10264 -0.15392
-0.33861 0.08666 -0.15702
-0.35188 0.12653 -0.14928
-0.30254 0.12233 -0.15009
-0.34165 0.13148 -0.14831
0.02648 -0.00985 0.12311
0.22227 -0.00899 0.18329
0.09428 -0.01490 0.00124
-0.13372 0.00230 0.07002
0.43333 -0.05177 0.07075
0.30549 -0.05192 0.11495
-0.15060 0.03907 0.12610
0.26677 -0.02050 0.18955
0.28656 0.02105 0.01535
-0.15916 -0.03078 -0.01045
0.23846 -0.09525 0.18859
0.26524 -0.04791 -0.06152
0.21359 -0.05798 -0.06152
0.22863 -0.04742 -0.06152
0.25427 -0.05630 -0.06152
0.30736 -0.11552 0.17039
-0.22505 -0.08114 -0.17187
0.17520 -0.06810 -0.08439
0.18208 -0.06810 -0.13081
0.01819 0.03512 -0.05687
-0.09542 -0.02633 -0.01722
-0.11494 -0.02633 -0.00595
-0.06401 -0.02633 -0.02031
-0.11385 -0.02633 0.00551
-0.08506 -0.02633 -0.00155
-0.07110 -0.02633 -0.01555
-0.22934 0.02953 0.16795
-0.31812 -0.06703 -0.17277
-0.17397 0.03572 -0.01816
-0.16171 0.14514 0.02117
-0.31349 0.14514 0.08927
-0.22101 0.14514 0.04951
-0.30116 0.14514 0.10434
-0.13739 0.14514 0.03033
-0.20130 0.14514 0.04146
-0.21707 0.14514 0.00948
-0.21625 0.14514 0.06221
-0.32035 0.14514 0.09701
0.05946 0.14514 0.00669
-0.19169 0.14514 0.05477
-0.11529 0.14514 0.00633
-0.04036 0.14514 0.01000
-0.34828 0.14514 0.07171
-0.21172 0.14514 0.07044
-0.29783 0.14514 0.02379
-0.16953 0.14514 0.03900
-0.09759 0.14514 0.01791
-0.27252 0.14514 0.09431
-0.18743 0.14514 0.01856
-0.35320 0.14514 0.10557
-0.20332 0.14514 0.02560
-0.20385 0.14514 0.03457
-0.17980 0.14514 0.05060
-0.22715 0.14514 0.08656
-0.23185 0.14514 0.00392
-0.31215 0.14514 0.05813
-0.33082 0.14514 0.11337
-0.14002 0.14514 0.02438
-0.33875 0.14514 0.00674
-0.01998 0.14514 0.01748
-0.20274 0.14514 0.00291
-0.33499 0.14514 0.08045
-0.29513 0.14514 0.04781
-0.32445 0.14514 0.08900
-0.12244 0.14514 0.06126
-0.27474 0.14514 0.07127
-0.27612 0.14514 0.10852
-0.10793 0.14514 0.05101
-0.34970 0.14514 0.04376
-0.17568 0.14514 0.00190
-0.25526 0.14514 0.00718
-0.22498 0.14514 0.04262
-0.32537 0.14514 0.06610
-0.30583 0.14514 0.08743
-0.09889 0.14514 0.05181
-0.13676 0.14514 0.05223
-0.33262 0.14514 0.04518
-0.26317 0.14514 0.04500
-0.21359 0.14514 0.02650
-0.34244 0.14514 0.09253
-0.10262 0.14514 0.02603
-0.28377 0.14514 0.06233
-0.22423 0.14514 0.07568
-0.20850 0.14514 0.05506
-0.17699 0.14514 0.07994
-0.35772 0.14514 0.06239
-0.29272 0.14514 0.11436
-0.16011 0.14514 0.06320
-0.11317 0.14514 0.05964
-0.27576 0.14514 0.08205
0.30615 -0.07412 0.12729
0.31883 -0.00902 0.07799
0.23998 -0.00902 0.08075
0.26675 -0.00902 0.06905
0.30116 -0.00902 0.07714
0.43329 -0.05180 -0.12133
0.27127 -0.05080 -0.05429
-0.17413 -0.03563 0.01823
-0.16967 -0.03563 0.05979
0.07822 -0.03934 -0.12283
0.35712 -0.01001 0.01848
-0.13083 -0.02525 -0.02369
-0.15146 0.00394 0.15672
-0.23735 -0.11499 -0.15439
0.38711 -0.03710 -0.06152
0.38043 -0.07370 0.04898
0.38246 -0.07210 0.03730
0.37471 -0.07822 0.04261
0.10817 -0.05519 0.11626
0.02498 0.01306 -0.10037
0.26938 -0.03946 0.14192
0.19055 0.02300 -0.07998
0.19055 0.04155 0.00497
0.19055 0.02397 -0.11203
0.19055 0.01030 -0.14844
0.19055 0.04349 -0.08377
0.19055 0.04694 0.08985
0.19055 0.04145 -0.07356
0.19055 0.05369 0.11168
0.19055 0.05268 0.03716
0.19055 0.05171 -0.07248
0.19055 0.01007 -0.10168
0.19055 0.05252 -0.08120
0.19055 0.02875 -0.12095
0.19055 0.01935 -0.10267
0.19055 0.02574 -0.08540
0.19055 0.04110 0.05274
0.19055 0.01748 -0.07680
0.19055 0.03110 -0.02166
0.19055 0.00985 -0.10843
-0.20028 -0.05867 -0.16973
0.20291 -0.08778 0.12086
0.31095 -0.05515 -0.02387
-0.28586 -0.00978 -0.09403
-0.27281 -0.00978 -0.08934
0.27077 -0.06635 -0.17858
-0.05443 -0.02527 0.08022
-0.19291 -0.05079 0.18694
-0.28764 -0.04323 0.18694
-0.14349 -0.05828 0.09635
-0.01283 0.04504 0.07987
-0.23477 -0.04155 0.16843
0.00558 0.01018 -0.03511
0.30160 -0.01098 -0.02373
0.15384 -0.00641 -0.02389
0.12376 -0.03642 -0.10046
0.08470 -0.03146 -0.10694
0.35962 0.01143 -0.01207
0.37731 -0.09169 -0.17748
-0.21630 -0.03577 -0.15344
-0.17771 0.05481 0.00199
-0.01426 0.09500 0.08458
0.04796 -0.03443 -0.04685
0.30574 -0.00809 -0.02354
0.26019 0.02668 -0.17300
0.28973 0.02668 -0.18506
0.29692 0.02668 -0.18536
-0.20774 -0.05810 0.17173
0.42289 0.01237 -0.08992
0.42438 0.01337 -0.05117
0.31919 -0.04375 -0.12886
0.42603 0.00823 0.00792
0.30769 -0.05674 0.13336
0.43340 -0.01929 -0.16348
-0.19195 -0.05964 0.18694
-0.16132 0.09015 -0.01739
0.14957 0.06677 -0.10009
-0.42084 0.03681 -0.03326
0.13383 0.04932 -0.11614
-0.24423 -0.06559 -0.18024
-0.09375 -0.02182 0.03082
-0.17756 0.09548 0.11015
-0.14669 0.03265 -0.06797
0.24644 0.03622 0.00925
-0.38660 0.11605 0.01006
-0.38578 0.11748 0.08072
-0.38526 0.11837 0.00064
-0.37933 0.12863 0.07713
-0.37620 0.13406 0.10572
-0.37720 0.13232 0.06967
-0.40645 0.08171 0.03168
-0.39064 0.10907 0.04731
-0.39043 0.10943 0.05313
-0.38575 0.11754 0.05149
-0.37919 0.12888 0.10942
-0.37371 0.13836 0.03551
-0.40610 0.08231 0.02106
-0.38499 0.11885 0.07246
-0.37872 0.12969 0.00276
0.02841 0.02254 0.11154
0.33663 -0.03548 -0.18482
-0.05008 -0.03846 0.00270
-0.08691 -0.04820 0.00689
-0.17120 0.02588 0.10017
0.20291 -0.08958 -0.13141
-0.16895 0.02368 0.12101
0.42878 0.00866 0.09259
0.09778 -0.06279 0.11673
0.12411 0.10670 0.15047
-0.27058 -0.03176 0.13935
-0.01096 0.07305 -0.09894
0.19113 -0.04092 -0.08215
0.14371 -0.06598 -0.08215
0.13608 -0.06615 -0.08215
0.16446 -0.04858 -0.08215
0.16787 -0.05743 -0.08215
0.12438 -0.07233 -0.08215
0.18773 -0.05080 -0.08215
0.22289 -0.02915 -0.08215
0.10970 -0.06619 -0.08215
-0.30103 0.02483 0.17116
-0.07515 -0.02315 -0.14714
-0.16079 0.07673 0.02299
-0.15083 0.00272 0.12390
0.30062 -0.02702 -0.15999
0.36677 -0.01755 0.08199
0.31000 -0.07449 -0.11458
-0.20024 -0.08580 0.18075
0.03688 0.00718 -0.03667
-0.01073 0.03311 -0.10540
0.13354 0.04730 -0.02976
0.38602 -0.00974 -0.18304
0.32667 -0.06995 0.17431
0.16288 0.05779 0.17875
-0.34023 -0.04906 -0.11783
0.35526 -0.02457 -0.06403
0.28104 -0.04198 -0.18097
0.32842 -0.00612 -0.01207
0.35059 0.00952 -0.01207
0.27213 -0.02203 -0.01207
0.29124 -0.01701 -0.01207
0.29931 -0.00559 -0.01207
0.24008 -0.10832 -0.16140
0.39980 -0.01647 -0.08961
0.32282 -0.04712 -0.16817
0.26244 -0.08265 0.17768
-0.24200 -0.04629 0.00695
0.39016 -0.03563 -0.07004
0.24765 -0.07617 -0.13830
-0.14560 -0.03061 -0.03356
-0.24095 -0.06325 -0.13726
0.30316 -0.05414 0.12984
0.25368 0.00380 -0.01207
0.34271 -0.01214 0.02059
0.36189 -0.06726 0.18955
-0.00051 0.00544 0.03906
0.38665 -0.06879 -0.01729
0.37285 -0.07968 -0.04119
0.37794 -0.07567 -0.03009
0.03567 -0.00661 -0.05548
0.17845 -0.03200 -0.05556
0.43335 -0.02145 -0.03444
0.03423 -0.04988 -0.03547
0.00886 -0.00191 0.11967
-0.00491 0.02358 -0.05891
0.27198 -0.07400 0.18026
0.27501 -0.07214 -0.08215
-0.33733 -0.02549 -0.11416
0.27226 -0.07351 -0.08905
-0.25335 -0.00978 0.02871
0.13358 0.03778 0.09402
0.38570 -0.03563 0.07169
0.04791 -0.01373 0.03802
0.32090 -0.04341 -0.17294
-0.14323 0.02641 0.08222
0.37608 -0.07481 0.18895
0.10139 -0.01693 0.00254
0.10941 -0.01693 0.00504
-0.15202 -0.02171 0.06382
-0.31025 -0.10418 0.14211
-0.14228 0.02453 -0.07027
0.32773 -0.01512 -0.13830
0.41839 -0.03563 0.07745
0.40389 -0.03563 0.07565
0.29365 -0.11491 -0.18140
0.28470 -0.08576 0.17341
-0.16059 0.07735 -0.07055
-0.37906 0.12031 0.13323
0.32057 -0.07915 -0.17403
-0.16156 0.06558 0.03029
-0.17253 0.10352 0.01946
-0.01214 0.05773 0.06007
-0.01148 0.03866 -0.08405
-0.15750 -0.00920 0.06186
-0.41856 0.05726 -0.07142
-0.41855 0.06004 -0.00747
-0.41855 0.05851 -0.10276
0.36140 0.02595 0.16790
0.15038 0.01481 0.04417
-0.28114 -0.13576 -0.15914
0.37818 -0.09065 -0.16339
0.39589 -0.03563 -0.06671
0.39378 -0.03563 -0.07528
-0.25740 -0.05569 0.17608
0.29371 -0.04819 0.17105
-0.39774 0.08581 -0.14183
-0.36390 -0.07375 0.15629
-0.38141 -0.07154 0.15365
-0.40642 -0.06838 0.15803
-0.37650 -0.07216 0.14869
-0.36496 -0.07362 0.13331
0.00776 -0.02252 0.05721
0.30382 -0.02906 0.18385
-0.07232 -0.03535 0.08205
-0.06325 -0.03535 0.08887
0.25402 -0.02139 -0.06747
0.39118 0.00476 -0.10781
-0.03498 -0.04587 0.02754
0.17776 -0.06687 0.02754
-0.11898 -0.05600 0.02754
-0.09234 -0.04083 0.02754
-0.05352 -0.05006 0.02754
-0.11956 -0.03988 0.02754
-0.04591 -0.06146 0.02754
-0.08839 -0.05016 0.02754
-0.10257 -0.06325 0.02754
-0.06924 -0.05097 0.02754
-0.07666 -0.06752 0.02754
0.11087 -0.06059 0.02754
0.37179 -0.09083 -0.01539
0.38338 -0.09083 -0.00304
0.36754 -0.09083 -0.01157
-0.16447 0.09471 0.02746
-0.14327 0.02447 -0.02932
-0.07130 -0.01845 -0.03232
0.15927 0.04585 0.17127
0.29930 -0.04148 -0.17053
0.23951 0.02394 -0.09970
0.33848 -0.00902 -0.07466
0.30104 -0.00902 -0.07884
0.35597 -0.00902 -0.06927
0.30460 -0.04783 -0.14700
0.00124 0.00056 -0.10189
-0.25451 -0.00978 -0.08349
-0.30866 -0.10750 0.18005
0.21505 -0.02539 -0.08215
0.08811 -0.03415 0.05995
-0.13672 0.14221 -0.13990
0.07934 -0.06475 0.03860
-0.40886 0.03430 -0.16720
0.27804 -0.11872 -0.13830
0.14238 0.01269 -0.01287
0.15134 0.01269 -0.01795
0.09982 -0.09014 0.03625
-0.07845 -0.09014 0.08092
0.09581 -0.09014 0.01138
0.03448 -0.09014 0.05263
-0.13112 -0.09014 0.09546
0.24553 -0.09014 0.01894
0.17382 -0.09014 0.01757
0.16761 -0.09014 0.01446
0.08746 -0.09014 0.01255
0.09316 -0.09014 0.04147
0.06596 -0.09014 0.01860
-0.07934 -0.09014 0.06403
-0.06574 -0.09014 0.01881
-0.05508 -0.09014 0.02929
-0.01786 -0.09014 0.01207
0.04114 -0.09014 0.05541
-0.06207 -0.09014 0.02224
0.04134 -0.09014 0.00532
0.14539 -0.09014 0.03611
0.05464 -0.09014 0.02215
0.02745 -0.09014 0.05989
-0.11303 -0.09014 0.09330
-0.04992 -0.09014 0.01030
-0.07126 -0.09014 0.02456
-0.08949 -0.09014 0.00114
-0.08961 -0.09014 0.03946
0.14878 -0.09014 0.01865
0.01892 -0.09014 0.06758
0.27550 -0.09014 0.00509
-0.05010 -0.09014 0.06125
0.01627 -0.09014 0.02289
-0.06117 -0.09014 0.05354
0.14091 -0.09014 0.02943
-0.10440 -0.09014 0.02122
0.00219 -0.09014 0.05771
-0.09451 -0.09014 0.01407
0.18355 -0.09014 0.00913
-0.10038 -0.09014 0.03528
0.04999 -0.09014 0.03143
-0.12625 -0.09014 0.04303
-0.00842 -0.09014 0.02824
-0.02314 -0.09014 0.03694
-0.01639 -0.09014 0.02885
0.30884 -0.09014 0.00529
-0.05685 -0.09014 0.00441
0.01111 -0.09014 0.05941
0.11760 -0.09014 0.01501
0.00405 -0.09014 0.05149
0.21290 -0.09014 0.00159
0.02581 -0.09014 0.01498
0.11256 -0.09014 0.02654
0.18453 -0.09014 0.02748
-0.05914 -0.09014 0.04087
-0.04639 -0.09014 0.06889
0.17961 -0.09014 0.01856
-0.07819 -0.09014 0.05096
0.14677 -0.09014 0.00992
-0.01862 -0.09014 0.05594
0.13025 -0.09014 0.03181
-0.07561 -0.09014 0.06846
0.25088 -0.09014 0.00539
0.24230 0.03522 0.16702
0.23436 0.04811 0.16451
0.32197 0.04020 0.16605
0.24826 0.04699 0.16473
0.34514 0.03565 0.16693
0.23880 0.04518 0.16508
-0.00459 0.02340 -0.07882
0.43026 0.02371 0.04884
0.43026 0.02688 0.06286
0.43026 0.02193 0.02749
0.43026 -0.00714 0.10212
0.43026 0.01062 0.10074
0.43026 0.01385 0.09076
-0.14149 -0.02366 -0.17588
0.30123 -0.01798 0.09684
-0.24699 -0.11611 -0.18018
-0.42196 0.03442 -0.14363
0.21760 -0.04745 0.06152
-0.01291 0.09608 -0.08419
0.35985 -0.08032 -0.13830
-0.23203 -0.02629 0.14230
-0.14657 0.02897 -0.12868
0.20356 -0.05937 0.18297
-0.02982 -0.08067 -0.01365
-0.28196 -0.09305 -0.18315
-0.00180 -0.07466 -0.06822
0.06530 -0.06907 -0.06822
0.14557 0.04531 -0.10178
-0.19510 -0.07297 -0.18581
0.28241 -0.08966 -0.10902
-0.02943 -0.06810 -0.05631
-0.11630 -0.02080 -0.04082
-0.25453 -0.02833 -0.18315
0.32073 -0.10008 0.17341
-0.33362 -0.07673 0.14686
-0.09985 -0.03538 -0.04489
-0.12173 -0.03538 -0.04520
-0.19897 -0.06687 -0.15919
0.02598 -0.01576 -0.12256
0.27234 -0.10050 0.17911
0.41633 -0.03075 -0.17066
-0.23395 -0.07082 -0.05279
-0.08873 -0.02153 -0.08865
0.33809 -0.03885 0.18393
-0.33943 -0.05823 0.09558
-0.23567 -0.07482 -0.00194
-0.19919 -0.01009 0.17759
-0.37890 -0.04899 0.09318
0.02670 -0.03382 -0.03396
0.32927 -0.10874 0.17210
0.13870 0.04818 -0.02270
0.36377 0.02539 0.17457
0.03315 0.00465 -0.09089
0.29710 -0.11463 -0.15237
0.02721 0.01230 -0.07172
0.31609 -0.04285 -0.12289
0.27127 -0.03441 -0.01139
0.01544 -0.04251 -0.07699
0.14326 0.02947 0.10440
-0.21043 -0.13802 -0.16072
-0.20366 0.13344 0.14793
-0.21863 -0.06714 -0.16817
0.41738 -0.07938 0.09672
-0.29577 -0.05855 -0.18668
-0.40592 0.01587 0.16918
0.25541 -0.06181 0.14117
0.20569 0.05392 -0.07052
-0.23779 -0.03244 0.17075
0.14151 0.02650 -0.02641
-0.24181 -0.02551 0.18341
-0.26434 -0.02422 0.09605
0.14727 0.02122 0.12781
-0.16867 -0.06755 -0.08494
0.34591 -0.09585 0.14309
-0.27245 -0.06203 -0.00496
-0.21169 -0.01914 0.05656
-0.22738 -0.01151 0.08432
-0.19697 -0.02629 0.09535
-0.23065 -0.00992 0.05689
-0.20736 -0.02124 0.07803
-0.22696 -0.01172 0.02931
-0.20163 -0.02403 0.09387
0.12074 -0.03618 -0.10966
-0.12627 -0.03955 -0.04438
-0.12666 -0.03862 -0.05160
-0.12161 -0.05063 -0.05903
0.12406 -0.03324 -0.06560
0.36376 -0.09083 0.03939
0.37827 -0.09083 0.04323
-0.34167 0.05392 -0.15645
0.37127 0.02274 -0.15509
0.30479 -0.03368 0.01337
0.33878 -0.10060 0.16287
0.20549 -0.02733 0.11805
0.04328 -0.03480 0.05779
-0.00618 0.02609 0.05985
-0.21860 -0.06108 -0.16817
0.03677 -0.02988 0.00762
0.00032 0.06139 0.10235
-0.14892 -0.09014 -0.15387
0.03890 -0.00808 -0.07181
0.10849 -0.06810 -0.01605
-0.01097 -0.06810 -0.00774
-0.05898 -0.06810 0.00303
0.02930 -0.06810 -0.00645
-0.03898 -0.06810 -0.01885
0.09331 -0.06810 -0.01247
0.05964 -0.06810 -0.02655
-0.01556 -0.06810 0.00124
-0.07885 -0.06810 -0.01556
0.04850 -0.06810 -0.00374
0.06344 -0.06810 -0.01568
0.06397 -0.06810 -0.00493
-0.10388 -0.06810 0.00664
0.06777 -0.06810 -0.02115
-0.02630 -0.06810 -0.02355
0.02293 -0.06810 -0.01191
0.06597 -0.06810 -0.02740
-0.04067 -0.06810 0.00900
-0.03703 -0.06810 -0.00639
0.43293 -0.04766 0.16904
-0.14346 -0.04278 -0.04840
-0.16146 0.00020 0.06267
-0.18746 -0.09914 -0.13830
-0.13743 -0.02694 0.13924
0.41924 0.02208 -0.02131
0.41847 0.01680 -0.04143
0.35244 -0.01842 0.06152
-0.31555 -0.09237 0.17064
0.02059 0.02785 0.11943
-0.05189 -0.05696 -0.16675
-0.12844 -0.06263 -0.16450
-0.28042 -0.00978 -0.04392
0.13442 0.03175 0.01037
0.12890 0.06554 -0.10741
-0.42340 0.03485 -0.06237
0.16147 0.06337 -0.18517
0.09273 0.14691 0.12667
0.09300 0.14682 0.07717
0.10305 0.14378 0.02713
0.10475 0.14328 0.00208
-0.21286 -0.10370 0.14870
-0.29352 -0.01668 -0.02186
-0.32819 -0.03252 -0.04475
-0.31080 -0.01955 -0.01416
-0.32141 -0.02747 -0.05191
-0.31967 -0.02617 -0.00199
-0.13812 -0.08555 -0.16362
-0.26669 -0.06484 0.17674
0.12476 -0.03954 0.09582
0.00600 -0.01667 0.11179
-0.15682 0.05985 0.01893
0.28304 -0.01573 0.18955
0.42786 -0.00248 0.10225
-0.11391 -0.02334 0.02855
-0.13230 -0.00664 -0.12065
0.06234 -0.03984 0.03555
0.42507 -0.00918 -0.03313
0.42607 -0.00281 -0.00706
0.37041 -0.04945 0.14130
0.34577 -0.01027 -0.06152
0.31156 -0.01299 -0.06152
0.05320 -0.06195 0.16477
0.01807 -0.06290 0.16440
0.10920 0.03386 -0.05105
-0.28892 -0.00978 -0.05166
0.34930 -0.12830 0.14248
-0.11319 -0.03448 -0.03021
0.01668 -0.04081 0.03837
0.00448 -0.00195 0.09586
-0.24819 -0.01112 0.05356
-0.17208 0.02765 0.05609
-0.31855 -0.07387 0.14627
0.01708 0.04024 -0.10786
0.18295 -0.02184 -0.07932
0.14882 -0.00216 0.02619
-0.26501 -0.02357 0.13856
-0.24991 -0.02480 -0.18432
-0.17692 0.09153 -0.11688
0.36551 0.00413 0.01786
0.43583 -0.04065 0.01384
0.43432 -0.04829 0.12586
0.43479 -0.04592 0.00543
-0.09400 -0.02070 -0.04038
-0.04242 -0.02605 -0.02509
-0.32683 0.00412 0.13584
-0.16847 0.10012 0.11675
0.26943 -0.07993 0.18350
-0.06257 -0.03535 -0.07801
0.01333 0.01325 -0.03273
0.34094 -0.13726 0.18669
0.12022 -0.04146 0.10887
-0.19069 0.14356 0.14323
-0.17559 0.14127 0.14583
-0.17172 0.02273 0.13381
0.30225 -0.06867 -0.08687
0.21212 -0.05429 0.17442
-0.39922 0.02021 -0.16879
-0.39916 -0.00393 -0.17097
-0.22807 -0.07142 -0.06944
0.20994 -0.01096 -0.09865
-0.17686 -0.05950 -0.13830
0.42378 0.00175 0.06659
0.27064 -0.01736 -0.18668
0.00217 0.08098 0.08335
-0.20042 -0.12611 -0.18626
-0.17794 0.08936 0.09215
0.27519 -0.04661 0.06966
-0.15417 -0.01761 0.03202
-0.14620 0.03310 -0.04926
-0.20251 -0.04251 -0.18655
0.07924 -0.03070 0.03290
0.23567 -0.07813 0.18898
0.31320 -0.06609 -0.13028
0.42948 0.00512 0.07446
-0.13391 0.00293 -0.08557
0.00421 0.04034 0.17017
-0.31693 -0.06029 0.18460
0.43026 0.00400 -0.12975
0.43026 0.00664 -0.16404
0.43026 0.00376 -0.15980
-0.27945 -0.01417 0.04061
0.22974 -0.07101 -0.06152
0.21050 -0.08391 -0.06152
0.25294 -0.07654 -0.06152
-0.17550 0.04186 -0.08285
0.04004 -0.01518 0.07620
-0.03131 -0.03642 0.00485
0.38924 0.00766 0.12438
0.22257 -0.01822 -0.06225
0.04812 -0.04698 0.05767
0.02210 0.02683 -0.09742
0.29816 0.01361 0.01908
-0.24198 -0.03495 0.18087
-0.06376 -0.03535 0.01335
-0.06349 -0.03535 -0.00258
-0.20809 -0.09821 0.16800
0.31288 -0.12494 0.18955
0.13843 0.00480 -0.02258
-0.24749 -0.06507 -0.06906
0.13742 0.05458 0.05680
0.37416 -0.03921 -0.18054
0.25340 0.05614 -0.09365
0.18883 -0.05342 0.07657
0.33873 -0.02848 -0.13830
0.34200 -0.11383 -0.13830
0.28075 -0.10835 -0.14672
-0.24935 -0.05090 -0.01707
0.27127 -0.05010 -0.07596
-0.25275 -0.06826 0.18005
-0.16648 0.06940 0.03730
-0.14062 0.01950 -0.06435
-0.13206 -0.00422 0.01509
-0.04417 0.14448 -0.14219
-0.15363 -0.06257 -0.00606
-0.25563 -0.02422 -0.06697
0.14557 0.05517 -0.10453
-0.14481 0.02959 0.03148
-0.15029 -0.02566 -0.09704
0.25006 -0.12212 -0.18346
0.07228 -0.03813 -0.05033
-0.41732 0.00428 0.09181
-0.41720 0.02347 0.06387
-0.41730 0.00802 0.07669
-0.41721 0.02122 0.09186
0.35479 -0.12783 0.17564
0.30270 -0.01881 0.18955
-0.40284 0.08796 -0.10236
-0.39109 0.10829 -0.07110
-0.37835 0.13033 -0.03343
-0.39918 0.09428 -0.11391
-0.37668 0.13322 -0.01627
-0.38923 0.11150 -0.09493
-0.38667 0.11593 -0.09067
-0.38112 0.12553 -0.08691
-0.38146 0.12496 -0.10012
-0.39569 0.10032 -0.09595
-0.38544 0.11807 -0.13277
-0.39122 0.10806 -0.10304
-0.41390 0.06881 -0.14045
-0.37639 0.13373 -0.08730
0.35623 -0.01501 -0.15246
-0.33297 -0.07673 -0.12993
-0.28858 -0.03671 -0.13830
-0.14060 0.02100 0.01047
-0.11217 -0.02689 -0.14630
0.08235 -0.03562 0.10403
0.31394 -0.05710 -0.17679
-0.28015 -0.13697 0.17459
0.40639 -0.08387 -0.06461
0.40120 -0.08600 -0.08853
0.39465 -0.08867 -0.10543
-0.16935 0.06858 -0.02109
-0.12901 -0.06609 0.08147
0.13344 0.03878 0.06862
-0.21326 -0.04463 0.18048
-0.23118 -0.03425 0.05999
0.36216 -0.03970 0.18955
-0.17242 0.03003 -0.06760
-0.25790 -0.00978 0.06330
-0.26593 -0.00978 0.07158
-0.20469 -0.03160 0.18694
0.32923 -0.04407 0.04457
-0.15688 0.04215 -0.13472
-0.03381 -0.02565 0.17003
-0.23266 -0.14614 0.15267
0.13884 0.05429 -0.16331
-0.16858 0.01752 0.08773
0.30947 -0.11951 0.14170
0.30588 -0.07787 -0.11616
-0.21408 -0.05843 0.17079
-0.17804 0.05048 0.04483
-0.16037 -0.00427 0.02145
-0.20878 -0.10533 0.13925
-0.13824 -0.02711 0.13353
-0.01863 0.12526 -0.14952
0.00536 -0.01350 -0.07135
0.14804 0.00999 -0.00414
0.21650 -0.04193 -0.07968
0.18650 -0.07154 -0.06760
0.20358 -0.05468 -0.07739
0.03040 0.00929 -0.08868
-0.26844 -0.00978 0.03182
-0.29920 -0.09305 -0.13830
0.32363 -0.03591 0.17420
-0.38102 0.12571 -0.14361
-0.38684 0.11564 -0.13799
0.11910 0.11305 -0.15077
-0.13177 -0.03171 -0.03664
-0.17441 0.02383 0.12178
-0.26688 -0.14088 -0.16393
0.03198 -0.06792 -0.11856
0.33186 0.04999 -0.16398
0.38719 0.04796 -0.16154
0.15129 0.02575 0.09661
-0.23600 -0.07540 0.02844
-0.30554 -0.11048 -0.14400
-0.29470 -0.01990 -0.18535
0.12429 -0.04458 0.06924
-0.05692 -0.03464 0.05282
-0.02376 0.05616 -0.16295
0.28875 0.00158 -0.14118
-0.24854 -0.07592 0.06079
0.31575 -0.02680 0.18602
0.35770 -0.11171 -0.18668
-0.12265 0.14514 -0.05713
0.05186 0.14514 -0.01476
0.02209 0.14514 -0.01512
-0.08400 0.14514 -0.03262
0.01015 0.14514 -0.06356
0.05374 0.14514 -0.00476
-0.16346 0.14514 -0.05917
-0.02907 0.14514 -0.09324
0.03685 0.14514 -0.00848
-0.04084 0.14514 -0.04906
0.03555 0.14514 -0.08626
-0.22269 0.14514 -0.03816
0.02657 0.14514 -0.07357
-0.01825 0.14514 -0.04208
0.02749 0.14514 -0.02519
-0.05396 0.14514 -0.08450
-0.15610 0.14514 -0.02879
-0.20392 0.14514 -0.03950
-0.02940 0.14514 -0.07206
-0.19918 0.14514 -0.02105
0.03941 0.14514 -0.04078
0.06785 0.14514 -0.01456
-0.01246 0.14514 -0.02372
0.07608 0.14514 -0.09573
-0.18614 0.14514 -0.04856
0.06919 0.14514 -0.05838
-0.09451 0.14514 -0.05459
-0.12124 0.14514 -0.07170
-0.23631 0.14514 -0.01102
0.07518 0.14514 -0.03321
0.01650 0.14514 -0.05873
-0.06014 0.14514 -0.01627
-0.08765 0.14514 -0.01759
-0.10079 0.14514 -0.07722
-0.26114 0.14514 -0.01915
-0.23278 0.14514 -0.03031
-0.30294 0.14514 -0.00132
0.03784 0.14514 -0.06553
-0.06515 0.14514 -0.02772
0.01507 0.14514 -0.01719
-0.12402 0.14514 -0.03515
0.04740 0.14514 -0.08692
0.03943 0.14514 -0.09597
0.08795 0.14514 -0.01151
-0.01289 0.14514 -0.07707
-0.08477 0.14514 -0.00565
-0.13923 0.14514 -0.03518
-0.08238 0.14514 -0.02674
-0.12503 0.14514 -0.01030
-0.05333 0.14514 -0.01257
0.02251 0.14514 -0.00304
-0.24250 0.14514 -0.00691
-0.09368 0.14514 -0.03152
-0.03606 0.14514 -0.05771
0.06310 0.14514 -0.06494
-0.00198 0.14514 -0.00414
-0.13965 0.14514 -0.02070
-0.02023 0.14514 -0.03612
0.06686 0.14514 -0.00742
-0.02865 0.14514 -0.05634
-0.35150 0.14514 -0.00197
0.35520 -0.08816 0.06114
-0.13980 -0.07002 0.17606
0.20844 -0.01555 -0.10368
0.32248 -0.01773 0.06152
0.31614 -0.01102 -0.02371
-0.14980 -0.04577 -0.06822
0.17803 0.02524 0.15521
0.08330 -0.01032 0.15521
0.17277 0.04273 0.15521
0.17039 0.02931 0.15521
0.06998 -0.03405 0.15521
0.07364 0.00088 0.15521
0.04306 -0.01970 0.15521
0.03178 -0.01817 0.15521
0.16184 0.01697 0.15521
0.10794 -0.03188 0.15521
0.17739 0.01692 0.15521
0.15756 0.03500 0.15521
0.15469 -0.03099 0.15521
0.15227 -0.02578 0.15521
0.04539 -0.03267 0.15521
0.18925 0.01853 0.15521
0.17312 -0.00060 0.15521
0.13610 0.01925 0.15521
0.06317 -0.02103 0.15521
0.07527 -0.01466 0.15521
0.11820 0.00928 0.15521
0.12453 -0.02104 0.15521
-0.27004 -0.06333 -0.16817
-0.01212 0.03714 0.09599
-0.17250 0.06856 -0.05747
0.05507 -0.03991 -0.11388
0.21150 0.06095 -0.16202
0.28091 0.05007 -0.16413
0.35741 -0.06359 0.18955
-0.16857 0.01670 -0.05418
0.00545 -0.00611 -0.09591
-0.01484 0.06663 0.09692
0.33299 0.03622 -0.00092
0.26555 -0.01366 -0.01207
0.03745 -0.04545 -0.11965
-0.15600 0.01042 -0.10201
0.36422 0.01393 0.17950
0.38097 -0.06601 0.18539
0.12373 -0.06364 0.06852
-0.43510 -0.04752 -0.13917
-0.43490 -0.04862 -0.13367
-0.43529 -0.04647 -0.10486
-0.15580 0.05738 0.00491
0.06761 -0.06061 0.11625
-0.23510 0.02668 -0.15915
-0.22441 -0.00942 0.18694
-0.00284 0.09778 0.08237
0.40045 -0.08787 -0.00929
0.40792 -0.08482 -0.01794
-0.07818 -0.02035 -0.09530
-0.22782 0.00182 -0.16478
0.01291 -0.03700 0.07483
-0.23475 -0.12916 -0.13830
0.33253 -0.07162 0.08215
-0.42956 -0.05760 -0.16649
0.04502 -0.00612 -0.03935
0.24477 -0.09682 -0.13830
0.35181 -0.07128 -0.18298
0.41051 0.04603 0.02879
0.40568 0.04806 0.06666
-0.33070 -0.05789 -0.18186
0.00017 0.09112 -0.09509
0.26124 -0.01050 0.18008
-0.41895 -0.00692 0.16196
-0.07123 -0.02062 -0.06113
0.21538 0.05831 0.03699
0.20985 0.06112 0.02192
-0.01171 0.03947 -0.09940
-0.26438 -0.08406 -0.09311
-0.21466 -0.07940 -0.17053
0.23627 -0.09796 -0.16325
-0.16236 0.07392 0.10729
-0.22178 -0.01571 0.06859
0.42454 0.01305 0.04683
0.42544 0.01272 0.02354
0.39851 -0.01237 0.10892
-0.08488 -0.06810 0.07356
-0.07109 -0.06810 0.07668
0.25590 -0.01622 0.15333
-0.33675 -0.02297 0.10824
0.37884 -0.08684 0.17715
0.14109 0.04279 -0.08527
0.14328 0.02873 0.02303
0.25839 -0.05229 -0.18668
-0.10161 -0.03460 0.05980
-0.37505 -0.03567 -0.08330
0.03224 0.00445 -0.05780
0.07288 -0.03713 -0.08228
0.28936 -0.02139 0.07189
0.36070 -0.01144 -0.07099
-0.33942 -0.05704 -0.08333
-0.16356 0.02660 -0.14555
0.13794 0.05449 -0.06101
0.04431 -0.02163 -0.12163
0.38101 -0.08926 -0.01518
0.37725 -0.08926 -0.02859
0.38647 -0.08926 -0.02187
0.20691 0.05656 0.03182
0.20692 0.05670 0.04700
0.41997 0.00407 0.10002
0.43095 0.00712 -0.00195
0.15409 0.01261 0.06994
0.15380 0.01272 0.10947
0.27444 -0.03716 0.10197
0.07458 -0.04272 0.11831
0.29608 -0.09665 0.14563
-0.15873 0.06298 -0.10316
-0.00466 0.01497 0.05276
0.29941 -0.06760 0.13213
0.31528 -0.11606 0.14471
-0.12869 0.02866 -0.16803
-0.13445 0.00474 -0.00001
0.15462 0.01999 0.02620
0.01935 0.03153 -0.09136
-0.10006 -0.02263 0.02137
-0.19544 -0.09148 -0.18668
0.29757 -0.06209 0.12578
0.09626 -0.05315 0.03809
0.29428 -0.14438 -0.17715
0.18959 -0.06909 0.16366
0.14586 -0.08566 0.16315
0.11576 -0.07990 0.16333
0.09242 -0.08310 0.16323
-0.06627 -0.08860 0.16306
0.06195 -0.07572 0.16346
0.10305 -0.08260 0.16325
-0.09292 -0.02275 -0.06141
0.43005 0.02772 0.03492
-0.14072 0.01950 0.02992
0.20300 -0.04816 -0.07977
0.26703 -0.07613 -0.06152
0.29840 -0.07615 -0.06152
0.24440 0.01414 0.18196
-0.42216 0.02781 0.00349
-0.05813 -0.01790 -0.05183
0.40447 -0.04057 0.10786
0.03086 -0.03858 -0.03420
-0.31989 -0.06890 0.09330
0.06321 -0.04468 0.06846
-0.00064 0.06167 0.05919
-0.22520 -0.12953 -0.18668
0.33374 0.02680 -0.01024
0.00267 -0.00579 0.10355
-0.15267 0.04589 0.08686
-0.15455 0.05449 0.03665
0.32540 0.01583 0.18018
0.35322 0.01583 0.17498
-0.14477 0.02928 0.01962
0.07216 -0.03809 0.09273
-0.16947 -0.05636 0.17454
-0.36719 0.13897 -0.11254
-0.05680 -0.03317 0.11618
0.04488 -0.04717 -0.09598
-0.40283 0.05699 0.11507
-0.41608 0.06019 0.11210
-0.41152 0.05909 0.06572
0.43079 -0.03816 0.07903
0.00045 0.06180 0.09011
-0.24174 -0.00978 -0.06719
0.23091 0.00548 0.17546
0.15963 0.00354 0.00261
0.09236 -0.03823 0.03320
-0.01907 0.06998 -0.06079
-0.08924 0.05392 0.15521
0.33568 -0.05460 -0.06160
0.03430 -0.03505 0.12084
-0.28427 -0.08665 0.18341
-0.23060 -0.11447 -0.18140
0.13715 0.04835 0.02089
0.35936 -0.07890 0.18955
0.23697 -0.10262 0.14783
0.21670 -0.02434 -0.06233
-0.34029 -0.06516 0.17186
0.29784 -0.05802 0.13458
0.20421 -0.03459 -0.11254
0.31806 -0.14470 0.17715
