-0.20162 -0.11368 -0.14791
-0.38690 -0.10084 0.05367
0.41142 -0.05031 -0.07026
-0.39187 -0.07454 0.04623
0.34365 0.03966 0.12986
-0.27914 -0.12233 0.08080
0.29155 0.05094 0.05752
-0.13344 -0.07532 0.12281
0.25413 -0.09027 -0.11841
-0.20839 -0.09241 0.12976
0.08611 0.00671 -0.07927
0.08700 0.03627 -0.07783
-0.32699 -0.07249 0.01876
-0.28380 -0.14942 0.11033
-0.09026 -0.08100 -0.14200
-0.35719 -0.11757 -0.16478
0.23498 0.08363 0.13240
0.22847 0.09718 0.14019
0.23921 0.06747 0.13046
0.23573 0.06644 0.13812
-0.24591 -0.08508 0.08434
-0.31379 -0.14533 0.04728
0.19360 -0.10499 0.13639
-0.20949 -0.11517 0.09857
-0.07753 -0.11865 0.11955
0.26994 -0.11978 0.17456
-0.39364 -0.11943 0.08567
0.29802 -0.08768 0.14379
0.09806 -0.01740 -0.07960
-0.34059 -0.06297 -0.17949
-0.32899 -0.08487 -0.17980
-0.31795 -0.09556 -0.10843
0.34013 -0.08660 -0.08380
-0.36428 -0.10199 -0.16108
-0.18412 -0.07162 0.10777
-0.18104 -0.07354 0.09238
-0.18635 -0.06968 0.11485
-0.33193 -0.11899 0.09562
-0.20592 -0.06426 -0.10181
-0.25708 -0.11965 -0.10052
-0.34480 -0.10854 -0.08768
-0.26183 -0.07795 0.09238
-0.20391 -0.12827 0.05679
-0.24280 -0.08552 -0.09904
-0.23002 -0.10173 0.10792
0.06841 -0.02553 0.01657
0.06888 -0.01113 0.01206
0.06577 -0.03949 0.04201
0.06549 0.00106 0.04467
0.07063 -0.02848 -0.00485
0.06640 -0.02711 0.03590
0.06463 -0.00843 0.05301
0.06521 -0.02834 0.04733
0.06744 -0.02747 0.02594
0.06751 -0.01998 0.02526
0.06950 -0.03434 0.00606
0.06476 -0.04347 0.05170
0.06430 -0.01643 0.05612
0.06805 -0.03266 0.02003
0.06590 -0.01998 0.04073
-0.31869 -0.09220 -0.13248
0.12775 0.13399 -0.06876
-0.36577 -0.10919 0.09001
0.33847 -0.12526 -0.09740
-0.24743 -0.07847 0.05227
-0.06678 -0.04993 -0.12610
-0.24372 -0.10738 -0.17242
0.06374 0.00300 -0.02686
0.06252 0.00572 -0.01516
0.05472 0.00347 0.06001
-0.21854 -0.06283 -0.16546
-0.40402 -0.13384 0.03600
0.32914 -0.11339 0.17092
0.31682 -0.06278 0.14215
0.35443 -0.14768 0.14897
-0.41555 -0.11511 0.08077
-0.23528 -0.16915 0.05622
0.13890 0.07997 -0.10420
0.14045 0.06696 -0.10486
-0.33726 -0.13383 0.09347
-0.35956 -0.13762 -0.16017
0.33764 -0.10480 -0.09749
-0.17153 -0.06160 0.04792
-0.16180 -0.06261 0.04893
0.18592 -0.10192 0.13830
0.30615 -0.07238 -0.09420
0.30702 -0.06580 0.17841
-0.29138 -0.12019 0.06859
-0.26836 -0.12449 0.05010
0.26162 0.05164 0.12786
0.24135 0.05245 0.14466
-0.02954 -0.11917 -0.13569
-0.33032 -0.12742 -0.15902
-0.21860 -0.13812 -0.15038
-0.09298 -0.10409 -0.01123
-0.03167 -0.12301 -0.10827
-0.32639 -0.11277 -0.16431
0.41661 0.00232 0.08402
0.24322 -0.05852 -0.10242
-0.36912 -0.14649 0.08227
-0.28037 -0.11943 0.04884
-0.10532 -0.14077 0.09634
-0.34596 -0.11279 -0.13546
-0.05313 -0.05468 -0.11187
-0.26693 -0.12525 0.05518
-0.22190 -0.10858 -0.09501
0.36065 0.04051 0.06591
-0.08034 -0.11583 -0.14034
0.06585 0.13069 -0.06486
0.06805 0.12821 -0.08608
-0.30836 -0.09109 -0.17929
-0.19146 -0.10504 0.09970
-0.25033 -0.11581 -0.12015
-0.37845 -0.11355 0.08139
-0.35035 -0.14887 0.08319
0.30543 0.05000 -0.01848
0.42676 -0.03482 0.01536
-0.06289 -0.13215 -0.12678
-0.05164 -0.11650 -0.12270
0.40732 0.02410 0.11034
0.42296 0.00954 0.04839
-0.37641 -0.10833 0.09166
0.07080 0.13215 -0.05362
-0.34532 -0.12106 -0.12635
-0.36100 -0.07504 -0.14314
-0.22935 -0.11132 -0.07104
0.39494 -0.04534 -0.10103
0.38512 -0.09523 -0.08346
0.07193 -0.03009 -0.10500
-0.19506 -0.07920 -0.12591
0.31744 -0.12010 0.15026
-0.06030 -0.08360 -0.13054
-0.23252 -0.08757 0.10390
-0.34884 -0.10344 -0.16271
-0.11628 -0.06432 0.09520
-0.32589 -0.16291 -0.13950
0.37879 -0.04571 0.16055
-0.29678 -0.05558 -0.07181
-0.31466 -0.09132 0.04529
-0.18879 -0.11033 -0.09343
-0.21244 -0.16525 -0.16933
-0.36498 -0.16539 0.11349
-0.03859 -0.13305 -0.10726
-0.05538 -0.13861 -0.10901
0.16560 -0.10949 -0.06147
-0.26121 -0.08738 -0.13277
0.24565 0.13022 0.05114
-0.21956 -0.08620 -0.13718
0.07479 -0.01166 -0.10948
-0.09843 -0.11610 -0.14378
0.06743 0.03705 -0.03897
0.07085 0.04151 -0.09358
0.40801 -0.04652 0.11852
-0.32546 -0.11056 0.11759
-0.32945 -0.12256 0.06728
-0.13655 -0.10494 0.09310
-0.39080 -0.11608 0.05415
0.23599 0.12144 0.11388
0.24547 0.08184 0.10911
0.24258 0.08825 0.11360
0.23785 0.12131 0.10885
0.32416 -0.11274 -0.09324
0.13390 -0.00316 0.10060
-0.30825 -0.12562 -0.13766
-0.20922 -0.10410 -0.14663
-0.02858 -0.07511 -0.12502
-0.37604 -0.09675 0.09276
-0.26648 -0.05094 -0.06439
-0.30712 -0.16123 -0.17414
-0.33651 -0.14515 -0.15911
-0.21081 -0.13901 0.05606
-0.09630 -0.11296 0.08972
-0.22800 -0.12964 -0.14614
-0.31723 -0.07638 -0.10676
0.29397 -0.01422 -0.10157
-0.26270 -0.13366 -0.13293
-0.04260 -0.12729 -0.10768
-0.25302 -0.08793 0.06903
-0.30770 -0.08821 -0.13760
0.06672 0.00153 -0.04890
0.06659 -0.00090 -0.03581
0.06947 0.00054 -0.07054
-0.19503 -0.13346 0.08953
-0.34509 -0.10947 -0.11545
-0.42093 -0.07195 -0.06300
0.32913 -0.06332 -0.10039
-0.24428 -0.09898 -0.13013
0.30641 -0.11227 -0.10168
-0.19261 -0.13310 0.09958
0.08379 0.05448 -0.00911
0.14089 -0.11081 0.12127
0.16515 -0.07781 0.08489
0.26474 -0.13057 0.17402
0.09704 0.03105 -0.09453
-0.08640 -0.15253 0.11782
-0.38738 -0.13560 0.09152
0.42401 -0.01228 -0.01051
0.06937 0.05044 0.04941
0.34870 -0.14258 -0.09975
0.29935 -0.14266 0.14688
-0.36283 -0.14713 0.06892
0.25083 0.12166 -0.07204
0.25754 0.05966 -0.09236
0.24956 0.11912 -0.07911
0.25219 0.09598 -0.08618
0.27837 -0.11357 0.16657
0.30386 -0.10283 0.16395
0.29969 -0.13826 0.15178
-0.21302 -0.11235 0.09530
-0.19255 -0.08578 -0.12564
-0.27076 -0.10484 0.09798
-0.33978 -0.15638 -0.14094
-0.16065 -0.07527 -0.09105
-0.15779 -0.07777 -0.10002
-0.15782 -0.07531 -0.11797
-0.32877 -0.05734 -0.07956
0.30228 -0.08446 0.17792
-0.18897 -0.13764 0.06429
-0.33491 -0.10255 0.09783
0.24674 0.09223 -0.09223
0.22312 -0.06657 0.09601
-0.38785 -0.10477 -0.17274
-0.18277 -0.09027 -0.13442
-0.34599 -0.12750 0.09588
0.27761 -0.13238 0.13619
0.24749 0.11084 -0.09100
0.24961 0.06927 -0.09336
0.11957 0.03444 -0.07626
0.12022 0.05257 -0.07745
-0.31576 -0.13610 0.11267
0.06065 0.06001 0.00941
0.06298 0.06055 -0.01569
0.05876 0.05904 0.03221
-0.37655 -0.08358 -0.18591
-0.20413 -0.09662 -0.14887
-0.26045 -0.14406 -0.15425
0.33477 -0.09796 -0.09482
0.10795 0.12619 -0.09620
-0.02780 -0.10117 0.08775
-0.02574 -0.10117 0.11377
-0.00699 -0.10117 0.09110
0.01282 -0.10117 0.07534
-0.02967 -0.10117 0.09830
-0.02011 -0.10117 0.09652
-0.37079 -0.12696 -0.11641
0.41311 -0.08914 -0.07736
0.41282 -0.06736 -0.07819
0.36664 -0.13389 -0.06510
-0.34225 -0.08597 -0.16748
-0.41395 -0.11430 0.10840
0.36862 -0.08458 -0.06489
0.19415 -0.08673 0.14548
-0.21344 -0.06851 0.06981
0.30139 -0.08964 -0.07188
-0.17026 -0.10431 -0.13312
-0.36006 -0.09955 0.09320
-0.36489 -0.09143 -0.09851
-0.29620 -0.09143 -0.08547
0.03726 -0.09143 -0.05370
-0.33978 -0.09143 -0.09119
-0.10743 -0.09143 -0.06576
-0.32371 -0.09143 -0.08487
-0.37066 -0.09143 -0.09634
-0.11742 -0.09143 -0.07058
-0.15010 -0.09143 -0.07634
0.04568 -0.09143 -0.05422
-0.32879 -0.09143 -0.08841
-0.24820 -0.09143 -0.08149
-0.19843 -0.09143 -0.07871
-0.13106 -0.09143 -0.07384
-0.15280 -0.09143 -0.07108
-0.33518 -0.09143 -0.08722
-0.38670 -0.09143 -0.09102
-0.17378 -0.09143 -0.07313
-0.12137 -0.11761 -0.13193
-0.34172 -0.11486 0.07919
-0.19082 -0.04854 -0.10725
-0.18220 -0.05098 -0.13335
-0.18408 -0.04998 -0.13865
0.41536 0.02776 0.00202
0.30666 -0.01121 -0.08756
-0.23519 -0.04902 -0.04257
-0.21646 -0.08296 -0.02596
-0.22205 -0.06226 0.02789
-0.21407 -0.08415 -0.04891
-0.22004 -0.06870 0.00849
-0.22217 -0.08428 0.02906
-0.21591 -0.07949 -0.03126
-0.21928 -0.06716 0.00124
0.11336 -0.05649 -0.08782
-0.16943 -0.09672 0.09756
-0.16913 -0.09520 0.08855
-0.16889 -0.09443 0.08312
0.05095 0.00500 0.12606
-0.06295 -0.14441 -0.13916
0.36399 -0.10427 0.14969
-0.19637 -0.11633 -0.13094
-0.04861 -0.12877 -0.13767
0.14409 -0.03950 -0.10536
0.14478 0.00733 -0.10529
-0.36158 -0.16290 -0.16332
0.28112 -0.11808 0.13655
0.29144 -0.10636 0.16699
-0.26930 -0.08001 0.12342
0.28338 -0.10333 -0.08071
-0.30690 -0.12225 -0.15502
-0.26501 -0.06942 0.06789
0.34264 -0.11968 -0.08913
-0.37123 -0.14540 0.07023
-0.22295 -0.14597 0.09642
-0.34822 -0.16634 0.11209
-0.10157 -0.13927 -0.11380
0.28523 -0.11944 -0.10970
-0.33550 -0.07763 0.08473
-0.04897 -0.12034 -0.13784
0.04713 0.11975 0.11976
0.33487 -0.15114 -0.10757
-0.31744 -0.06706 -0.14840
-0.40103 -0.13862 0.06813
0.29263 -0.09969 0.16712
0.32073 -0.08163 0.14067
0.05261 0.11573 0.09995
0.36693 -0.14263 -0.10424
-0.09725 -0.12224 0.11432
-0.30971 -0.09949 0.07056
-0.21504 -0.10941 -0.11927
-0.33711 -0.09488 0.08457
-0.27564 -0.04671 -0.07004
-0.08975 -0.10782 0.13224
-0.23064 -0.11385 -0.14293
-0.32772 -0.12029 0.05347
-0.21288 -0.08363 -0.13754
0.37493 0.03489 0.10407
0.12257 0.03528 -0.09184
0.12204 0.01069 -0.09361
0.26239 -0.04047 -0.10010
0.41644 -0.02491 0.09014
0.36429 -0.12298 -0.07358
-0.18245 -0.12338 -0.13439
0.07476 0.06915 -0.10171
0.25121 0.13353 -0.04720
-0.36297 -0.08462 0.05581
-0.17540 -0.11421 -0.16548
-0.06915 -0.06696 -0.11043
-0.08006 -0.15412 -0.12300
0.34094 -0.01154 -0.07747
-0.35979 -0.06795 -0.11120
0.08017 -0.05734 -0.04222
0.05238 -0.05734 -0.05461
-0.31208 -0.13551 0.04555
0.17729 0.12363 0.13847
-0.23088 -0.16767 0.12212
-0.35971 -0.09871 -0.16858
-0.43003 -0.09822 0.00716
-0.31516 -0.13121 -0.16212
0.06693 0.07703 -0.04032
-0.05321 -0.11895 -0.12826
0.26378 -0.09046 0.15573
-0.28399 -0.09661 0.04846
0.31376 -0.12367 0.16932
-0.17383 -0.14131 -0.16532
-0.33421 -0.06913 0.01877
-0.19884 -0.07435 -0.12630
-0.19709 -0.13726 -0.13448
0.30127 0.04782 0.11855
0.27081 -0.09810 0.17464
0.31089 -0.08679 0.16571
-0.27645 -0.07905 0.06247
-0.26733 -0.10460 0.06583
-0.20576 -0.06330 -0.16224
-0.38877 -0.15806 0.06940
-0.34913 -0.16758 -0.17090
-0.25072 -0.11094 -0.17330
0.30112 -0.11965 -0.11108
-0.38057 -0.15200 0.03843
-0.38793 -0.15312 0.03767
0.36495 -0.16022 -0.10445
0.33657 -0.15734 -0.10740
0.25998 -0.10449 0.14310
-0.38715 -0.13703 0.10001
-0.07907 -0.12693 0.10492
-0.08949 -0.13142 0.11119
0.36851 -0.08022 -0.10408
0.36438 -0.01531 -0.06855
-0.23158 -0.11237 -0.05648
-0.38618 -0.14177 -0.13649
0.29012 -0.01033 0.17482
-0.29164 -0.14632 -0.17329
0.05259 0.10170 0.12171
0.10083 -0.09342 -0.07901
-0.27262 -0.10681 -0.10622
-0.30882 -0.09304 -0.14751
-0.40672 -0.09092 0.05659
-0.34220 -0.08093 0.08404
-0.34878 -0.12770 -0.16238
-0.12005 -0.10159 0.11194
-0.11858 -0.09537 0.12925
-0.22195 -0.11398 -0.15532
-0.30640 -0.14513 -0.13746
-0.33456 -0.06819 0.05008
-0.40906 -0.12341 0.10891
0.10570 -0.04760 -0.00960
0.09197 -0.04760 0.05595
0.10265 -0.04760 0.04062
0.09422 -0.04760 0.06125
0.08788 -0.04760 0.06352
0.10717 -0.04760 0.01645
0.09965 -0.04760 0.00141
-0.09094 -0.15375 0.10020
-0.38790 -0.10343 -0.15574
0.11754 0.13138 0.00302
-0.06674 -0.12400 0.10035
0.28870 -0.13081 0.15180
-0.24428 -0.10905 0.10204
-0.09424 -0.12046 0.12782
0.32510 -0.12076 -0.03107
-0.34004 -0.11884 -0.06487
0.06641 -0.01567 -0.05260
0.05976 -0.01437 0.01142
0.38123 -0.03084 0.15287
0.11124 0.09140 0.13362
0.10984 0.11629 0.13192
0.11625 0.10336 0.13339
0.07637 0.01038 -0.10708
0.19191 -0.05735 0.12844
0.31226 -0.13628 0.16916
-0.34872 -0.11546 -0.11523
-0.34019 -0.09776 -0.14736
0.39195 0.02969 0.11175
-0.40273 -0.14455 0.04076
0.19753 -0.09656 0.09068
-0.33904 -0.14684 0.07458
-0.28697 -0.10481 0.08978
0.40075 0.03017 -0.04443
-0.40042 -0.10250 0.10981
-0.40035 -0.08650 0.03638
-0.39323 -0.10187 0.06893
0.10606 0.02246 -0.07815
-0.03798 -0.12179 -0.13657
0.31539 -0.09183 -0.08316
-0.04295 -0.06090 -0.11450
-0.39171 -0.12629 -0.11452
0.28231 0.05175 0.05728
-0.09005 -0.12585 -0.14383
-0.35766 -0.09858 -0.16257
-0.38396 -0.09266 -0.16946
-0.30066 -0.13012 -0.14666
-0.41314 -0.10117 -0.08958
0.32310 -0.11857 0.16399
-0.33311 -0.14081 -0.14635
-0.26341 -0.05703 0.01473
-0.20511 -0.14173 -0.15166
-0.27836 -0.15558 0.12248
-0.26646 -0.05642 0.00989
0.21851 -0.09960 0.09459
-0.37855 -0.13918 -0.11314
0.42194 0.00536 -0.01914
0.29024 -0.12207 -0.07304
0.41059 0.02807 0.06484
0.35587 -0.10873 -0.09561
-0.21127 -0.10549 0.08840
0.11933 -0.03651 -0.07593
0.11735 -0.01690 -0.07385
-0.18608 -0.15650 -0.10152
0.41128 -0.01649 0.10517
0.36600 0.03465 0.12871
-0.10661 -0.05809 -0.11102
-0.08054 -0.11387 0.11607
-0.10228 -0.11621 0.11380
-0.26357 -0.09574 -0.10119
-0.20083 -0.12748 0.09873
0.25763 -0.02133 0.17608
-0.28855 -0.11050 -0.11242
-0.06596 -0.05709 0.05949
-0.08459 -0.05988 0.05755
-0.01243 -0.05736 0.06505
-0.18830 -0.06057 0.04677
-0.12195 -0.08966 0.11611
0.34609 0.04037 0.11700
-0.33670 -0.06892 0.07481
-0.37074 -0.08006 0.08107
-0.24992 -0.08975 0.09128
-0.39064 -0.06913 0.10527
-0.20252 -0.12527 -0.13158
0.40569 -0.04672 0.12405
-0.14583 -0.09540 0.12152
-0.26978 -0.10902 0.07564
-0.09858 -0.13681 -0.14286
0.38059 0.03625 0.06072
-0.34602 -0.14655 -0.13556
-0.11796 -0.08238 -0.11598
0.06283 -0.03253 -0.01807
0.06107 -0.03322 -0.00109
0.24836 0.13493 -0.04232
-0.33592 -0.16859 -0.11256
-0.17378 -0.11372 -0.12369
-0.23081 -0.11697 -0.13451
-0.34068 -0.16553 0.05846
-0.32000 -0.06707 -0.13889
0.07066 0.07482 -0.10227
-0.36935 -0.07013 0.07142
0.28811 0.05161 -0.03230
0.28457 0.05170 -0.04834
-0.27004 -0.09652 0.12335
-0.19043 -0.13127 -0.13460
0.35073 0.04345 0.01871
-0.10166 -0.06005 0.12610
0.15629 0.12408 0.13626
0.12568 0.12387 0.13310
-0.33620 -0.06280 -0.12170
-0.07318 -0.05673 -0.00693
-0.18214 -0.05673 -0.00644
-0.16729 -0.05673 -0.02617
-0.12539 -0.05673 -0.03831
-0.18254 -0.05673 -0.05635
-0.17408 -0.05673 -0.06792
-0.12834 -0.05673 -0.03369
-0.05448 -0.05673 -0.03007
-0.17033 -0.05673 -0.05366
-0.14967 -0.05673 0.02620
-0.15301 -0.05673 0.01759
-0.13210 -0.05673 -0.04563
-0.15500 -0.05673 -0.01539
-0.05805 -0.05673 -0.04085
-0.07520 -0.05673 -0.06459
-0.08908 -0.05673 -0.02035
-0.16623 -0.05673 -0.01671
-0.11635 -0.05673 -0.01363
-0.00339 -0.05673 -0.05589
-0.09930 -0.05673 -0.06860
-0.16192 -0.05673 0.03093
0.01870 -0.05673 -0.04663
-0.14572 -0.05673 0.00414
-0.13850 -0.05673 -0.05607
-0.14110 -0.05673 -0.03671
-0.13815 -0.05673 0.02072
-0.05906 -0.05673 -0.05106
-0.16250 -0.05673 0.00774
-0.06029 -0.05673 -0.05977
-0.11688 -0.05673 -0.07195
-0.17221 -0.05673 0.00339
-0.18354 -0.05673 0.03690
-0.07045 -0.05673 -0.04011
-0.04405 -0.05673 -0.04287
-0.18330 -0.05673 -0.01250
-0.11598 -0.05673 -0.05359
-0.05514 -0.05673 -0.01360
-0.13198 -0.05673 0.00690
-0.09764 -0.05673 -0.01092
-0.09047 -0.05673 -0.00740
-0.11500 -0.05673 -0.03687
-0.15941 -0.05673 -0.01219
-0.17850 -0.05673 0.02425
-0.10541 -0.05673 0.00653
-0.04339 -0.05673 -0.02040
-0.05127 -0.05673 -0.03437
-0.05846 -0.05673 -0.03358
-0.02209 -0.05673 -0.05844
-0.04868 -0.05673 -0.02797
-0.12195 -0.05673 -0.02331
-0.17866 -0.05673 0.03139
-0.09288 -0.05673 -0.05157
-0.03593 -0.05673 -0.05713
-0.06254 -0.05673 -0.02360
-0.01493 -0.05673 -0.05957
-0.11484 -0.05673 -0.06006
0.06258 0.06805 0.00152
0.31264 -0.10856 0.14697
0.23786 -0.03625 0.16473
-0.32924 -0.15797 -0.10802
0.11198 0.08304 -0.06993
0.11259 -0.00167 -0.07031
0.39737 -0.05809 -0.10352
-0.02801 -0.10096 0.12891
0.08877 -0.03391 -0.07508
-0.21573 -0.14627 -0.12862
-0.32357 -0.16172 -0.18087
-0.38298 -0.16319 0.04932
-0.15420 -0.08517 0.12003
0.39012 -0.11973 -0.09220
-0.09120 -0.12461 -0.12773
0.32398 -0.01305 0.16235
-0.24613 -0.16137 -0.12359
-0.18956 -0.16089 -0.16696
-0.18739 -0.15413 -0.16673
-0.23649 -0.04436 0.13095
0.11298 0.13143 0.13030
-0.08790 -0.12245 0.13242
-0.35970 -0.16873 0.10652
-0.23505 -0.14654 0.10456
0.35386 -0.09810 0.14411
-0.17823 -0.05734 0.03947
-0.13781 -0.05734 0.04639
-0.16974 -0.05734 0.04546
-0.26647 -0.04669 -0.02385
0.05884 -0.03604 0.04050
0.25038 -0.09609 -0.10691
0.25073 -0.07902 -0.09650
-0.25041 -0.14119 0.10379
-0.33425 -0.07207 -0.15016
-0.23500 -0.09600 -0.13695
0.41899 -0.09231 0.09940
0.41923 -0.08589 0.09873
-0.35891 -0.10613 0.07740
-0.25593 -0.08234 -0.15937
-0.18221 -0.15866 -0.16591
-0.36785 -0.10133 -0.13164
0.23444 0.12995 -0.09079
0.23835 0.12524 0.10540
0.37786 -0.02021 -0.07698
-0.26664 -0.14082 -0.11268
0.33070 -0.01747 0.18186
-0.23855 -0.10989 -0.13532
0.10752 -0.03222 -0.10647
0.09838 0.15786 -0.08818
0.21042 -0.10959 -0.08358
-0.10928 -0.05926 -0.11743
-0.24535 -0.10347 -0.14112
0.28360 -0.07057 0.14560
0.13075 0.13067 -0.06502
0.11992 0.12874 0.03920
0.12894 0.13048 -0.04762
-0.17931 -0.10569 -0.16589
0.14310 0.05263 -0.10546
0.19109 0.03555 -0.10048
0.18115 0.04830 -0.10151
0.22130 0.04890 -0.09734
0.15193 0.02030 -0.10455
0.23319 0.05071 -0.09610
0.17360 0.04285 -0.10229
0.20718 0.03931 -0.09881
-0.31065 -0.13728 -0.10609
-0.33869 -0.07054 -0.10901
-0.32043 -0.06663 -0.12247
-0.37555 -0.14491 0.10007
0.36122 -0.13306 -0.07289
-0.20434 -0.12770 0.13018
0.31532 -0.07904 -0.07044
-0.27901 -0.08145 0.12241
0.17836 -0.05764 -0.05795
0.18157 -0.11026 -0.05938
-0.23168 -0.14421 -0.12273
-0.09053 -0.10736 -0.14692
0.13344 -0.00299 0.08617
0.29171 -0.16511 0.15120
0.28713 0.04906 0.12845
-0.37226 -0.12555 0.09078
0.10546 0.12066 0.10761
0.11266 0.12254 0.03833
0.10421 0.12588 0.11973
0.10482 0.11902 0.11378
0.10847 0.12539 0.07871
-0.25458 -0.12735 0.08825
0.09900 0.04098 -0.09596
-0.31269 -0.09974 -0.12807
-0.25056 -0.06408 0.05331
0.34093 -0.02212 0.18294
-0.10630 -0.15093 0.12562
0.16332 -0.05852 0.14556
0.11335 -0.04273 -0.09902
0.05235 0.03456 0.10627
0.06006 0.03559 0.03208
0.30507 -0.10227 -0.07150
0.20205 -0.10641 0.15242
0.15448 -0.10641 0.14465
-0.24591 -0.04048 -0.10163
-0.23373 -0.04048 -0.10493
-0.22831 -0.04048 -0.10070
-0.24007 -0.04048 -0.11130
-0.22616 -0.04048 -0.11902
-0.22985 -0.04048 -0.12303
-0.23830 -0.04048 -0.11782
-0.25753 -0.04048 -0.11551
-0.24685 -0.04048 -0.14644
-0.25674 -0.04048 -0.10692
-0.24007 -0.04048 -0.14532
-0.23289 -0.04048 -0.14974
-0.25160 -0.04048 -0.14035
-0.22476 -0.04048 -0.15897
-0.29130 -0.04048 -0.11149
0.31987 -0.11801 0.13755
-0.34163 -0.10864 -0.10126
-0.35856 -0.09504 0.07744
0.09960 -0.06719 -0.09633
0.05781 0.06805 0.04127
-0.10789 -0.12069 -0.11446
0.22162 -0.05845 -0.08392
-0.23439 -0.06674 0.05362
0.35447 -0.09237 -0.09906
-0.09927 -0.10012 0.09520
-0.22848 -0.05490 -0.05632
-0.39314 -0.10531 -0.11466
-0.32741 -0.09794 0.04396
-0.36930 -0.06281 0.02737
-0.39339 -0.06683 0.02486
-0.32056 -0.06391 0.03243
-0.34486 -0.06595 0.02990
-0.32520 -0.05761 0.03195
-0.28588 -0.05959 0.03604
0.29713 -0.11798 0.15726
-0.22973 -0.12626 0.10796
-0.39322 -0.11276 -0.13115
0.32598 -0.07729 -0.10849
-0.08187 -0.09228 -0.13918
-0.02832 -0.05835 0.11307
0.29092 -0.08391 0.17674
0.08476 0.03839 -0.08348
0.08510 -0.03249 -0.08233
0.34068 -0.16094 0.14509
0.34707 -0.15589 0.14722
-0.32393 -0.11544 0.08594
-0.42867 -0.09559 -0.00592
0.35142 -0.08157 0.16078
-0.35537 -0.09222 -0.18277
-0.23482 -0.08496 0.09811
0.30687 -0.12624 -0.09105
0.17414 -0.06998 0.14023
-0.31129 -0.16071 -0.17959
-0.07008 -0.12419 -0.12766
-0.18866 -0.14201 -0.13503
0.19137 -0.11288 -0.07203
0.30201 -0.11290 -0.07181
-0.27428 -0.04973 -0.02809
-0.27687 -0.04973 -0.06344
-0.19953 -0.14780 -0.16798
-0.10624 -0.10346 0.11883
0.14395 -0.00256 -0.02602
-0.39515 -0.07243 0.10455
-0.28530 -0.04174 -0.10008
0.11210 0.05753 -0.09231
-0.19696 -0.13931 -0.12540
-0.29556 -0.14204 -0.10547
0.29596 -0.08743 0.17229
-0.28511 -0.04859 -0.03243
-0.27542 -0.07346 0.11715
-0.40936 -0.06601 -0.06795
-0.41004 -0.06703 -0.07465
-0.39752 -0.05892 -0.09053
-0.39816 -0.13770 0.11005
-0.24856 -0.08392 0.09375
-0.03452 -0.06046 0.08837
-0.05785 -0.12811 0.12319
-0.19884 -0.11420 0.09894
0.36027 -0.09634 -0.07972
0.28849 -0.15984 0.13731
-0.25273 -0.12256 -0.17351
0.36343 -0.10459 -0.07329
0.28942 -0.09395 -0.10506
-0.31205 -0.14451 -0.10623
0.27949 -0.12112 0.15983
-0.23288 -0.07458 -0.13962
-0.09144 -0.04995 0.11283
0.28253 0.05201 0.03081
-0.24469 -0.09035 -0.17267
-0.26657 -0.10468 -0.16173
-0.17042 -0.12689 -0.09152
-0.25959 -0.16412 0.06180
-0.34283 -0.13887 0.11580
-0.24219 -0.04669 -0.05172
0.30458 -0.15234 -0.07155
0.29686 -0.15343 -0.07236
0.35454 -0.02759 0.17867
-0.11484 -0.15003 0.09535
-0.35444 -0.06398 0.08276
-0.16439 -0.13447 -0.15971
-0.32115 -0.13742 0.08622
-0.33982 -0.08440 -0.11076
-0.37239 -0.15435 0.07110
0.28749 -0.09262 0.17553
0.04968 0.08476 0.10844
0.17487 -0.10684 -0.05449
0.31407 -0.14625 0.17391
-0.12544 -0.09356 0.09425
-0.09523 -0.13532 0.12676
0.10217 -0.09436 -0.08579
0.15607 -0.06272 0.09183
0.13722 0.01052 0.12352
-0.20120 -0.07654 -0.16816
-0.22211 -0.07333 -0.17033
0.30875 -0.07717 0.13942
0.29297 -0.07466 0.13778
-0.18620 -0.12508 0.07542
-0.37601 -0.08733 0.08872
-0.21267 -0.11627 -0.10628
0.38107 -0.10138 -0.10277
-0.36377 -0.08356 -0.15322
0.32887 -0.12101 0.03310
-0.22655 -0.14294 0.10371
0.12747 0.06740 -0.10424
0.26119 0.00727 0.14802
0.27585 -0.14586 0.17518
0.08590 0.11798 -0.09198
-0.07499 -0.14192 -0.11104
-0.37729 -0.11732 -0.11302
0.31860 -0.07285 -0.07010
0.32815 -0.07546 -0.06910
0.30911 -0.08453 0.14430
0.33239 -0.11235 -0.10753
-0.32379 -0.10861 -0.15851
-0.21126 -0.16127 0.08081
-0.27325 -0.14673 0.08140
-0.22148 -0.15194 0.08678
0.29243 -0.06850 0.13772
-0.08021 -0.05893 -0.12077
-0.13866 -0.12475 0.12226
-0.35419 -0.08777 -0.13154
0.27703 -0.09161 0.13612
-0.26863 -0.11866 0.05963
-0.08439 -0.12870 0.11994
-0.02676 -0.05734 0.04638
0.00190 -0.05734 0.02255
-0.00210 -0.05734 0.04398
0.01290 -0.05734 0.03380
0.01161 -0.05734 0.04478
0.00015 -0.05734 -0.01168
0.00070 -0.05734 -0.00111
0.01061 -0.05734 0.02383
-0.02627 -0.05734 0.03408
0.01844 -0.05734 0.03814
-0.01519 -0.05734 0.02430
-0.02116 -0.05734 0.02888
-0.25109 -0.13471 -0.14151
0.25949 0.11952 -0.00428
0.26443 0.08997 -0.01529
0.26052 0.10948 -0.02253
0.26584 0.08282 -0.01295
-0.30701 -0.12526 0.05990
-0.12268 -0.10549 -0.13215
-0.40796 -0.09216 0.10903
0.34370 -0.10721 0.14306
-0.36908 -0.08542 0.08104
-0.13506 -0.12131 0.09325
-0.14493 -0.06263 -0.07723
-0.17368 -0.05873 -0.08022
0.31565 -0.11132 0.05606
-0.22443 -0.12298 -0.05512
-0.20781 -0.05734 -0.00536
-0.21440 -0.05734 0.00551
0.17560 -0.11322 -0.06694
0.18806 0.06471 0.14328
0.12823 0.10764 0.13438
0.15376 0.10081 0.13746
0.13774 0.09858 0.13594
0.16294 0.07485 0.14003
0.13916 0.09121 0.13654
0.16686 0.06747 0.14090
0.13086 0.06690 0.13720
0.18184 0.06955 0.14233
0.18629 0.08075 0.14209
0.11881 0.13354 0.01025
-0.23702 -0.12832 -0.13517
-0.33431 -0.11641 -0.11374
0.32520 -0.11694 0.08852
-0.39163 -0.08563 0.06911
-0.33486 -0.11499 -0.10861
0.03243 -0.03672 0.05441
-0.11098 -0.11403 -0.14416
-0.09433 -0.11274 0.04061
-0.39103 -0.10078 -0.13397
-0.16890 -0.06244 -0.11453
-0.17245 -0.05864 -0.12837
-0.16940 -0.06032 -0.13653
-0.17079 -0.06149 -0.10844
-0.17349 -0.09035 -0.09901
-0.29004 -0.10211 -0.17740
0.28267 -0.01115 0.15199
0.06974 -0.03984 -0.04340
0.06702 -0.04020 -0.01715
0.31406 -0.12228 0.09536
-0.22534 -0.11364 0.10344
0.28858 -0.13906 0.17140
0.14041 0.00133 0.01275
0.13664 -0.00115 0.04904
0.13220 -0.00065 0.09185
-0.37159 -0.08512 0.10176
0.33199 -0.12148 -0.08927
-0.07682 -0.04890 -0.13343
0.08238 0.01336 -0.05078
-0.18941 -0.09956 0.05830
0.06049 0.12896 0.04568
0.05629 0.12798 0.08608
0.29212 -0.09033 0.15986
-0.38532 -0.08792 -0.13367
0.30469 -0.11946 -0.08490
-0.20132 -0.15354 0.08190
0.15475 0.12591 -0.09968
0.33432 -0.09717 0.15073
-0.29615 -0.04830 0.01181
-0.17982 -0.05203 -0.16952
-0.29318 -0.08550 -0.15656
0.39992 -0.08696 0.10099
-0.29047 -0.10372 0.06947
-0.32465 -0.11145 0.04423
-0.37854 -0.15262 -0.13216
0.36995 0.03964 0.01676
-0.07837 -0.11810 -0.14567
0.11135 -0.04132 -0.08155
-0.28775 -0.09396 -0.17715
-0.22012 -0.06520 -0.09668
-0.16830 -0.14361 -0.16221
0.17771 0.13350 -0.09402
0.29418 -0.06505 0.15998
-0.38504 -0.09313 0.09143
0.09339 -0.01201 -0.10385
0.09561 0.01863 -0.10521
-0.09017 -0.11935 0.12445
-0.19539 -0.11905 -0.14797
-0.22293 -0.14586 -0.16834
-0.37086 -0.16168 0.11288
0.25323 0.13431 -0.00954
-0.40975 -0.10733 0.10884
-0.06495 -0.11375 -0.14426
0.07030 0.08967 -0.10770
-0.06759 -0.09561 -0.14181
-0.22386 -0.12140 -0.11277
-0.33584 -0.16664 -0.14052
-0.20039 -0.13202 0.13059
0.11333 0.00309 0.03194
0.10465 0.05846 0.11543
0.11244 0.02836 0.04043
0.10729 0.03658 0.09004
0.10938 0.02728 0.06988
0.10580 0.04691 0.10437
0.11334 0.01317 0.03178
0.10654 -0.02234 0.09721
0.11737 0.05521 -0.00697
0.10468 -0.01479 0.11515
0.11912 0.03196 -0.02385
0.11229 0.06065 0.04195
0.11218 0.00486 0.04300
0.12045 0.04317 -0.03664
0.12424 0.05301 -0.07308
0.10724 0.06128 0.09054
0.11798 0.04648 -0.01285
0.10291 -0.03402 0.13218
0.10487 0.03107 0.11337
0.11588 0.03707 0.00734
0.11497 0.05324 0.01613
0.11448 0.04613 0.02079
0.11137 0.04585 0.05073
0.10924 0.05970 0.07123
0.10472 0.01344 0.11479
0.10589 -0.01900 0.10348
0.11173 -0.00124 0.04729
0.10919 0.01032 0.07179
0.10519 0.06066 0.11027
0.10912 -0.00280 0.07244
0.11356 0.03258 0.02969
0.10594 0.04086 0.10304
0.11025 -0.00555 0.06150
0.10641 -0.02976 0.09852
0.12272 0.05289 -0.05848
0.10401 0.05194 0.12163
0.11407 0.05893 0.02479
0.12509 0.06241 -0.08130
0.12381 0.06215 -0.06894
0.10571 -0.00239 0.10528
0.10778 0.04947 0.08531
0.11722 0.03258 -0.00554
0.11824 0.05449 -0.01537
0.12050 0.05344 -0.03714
0.10434 -0.02840 0.11838
-0.39134 -0.11259 0.09408
-0.34614 -0.06399 0.06084
-0.41962 -0.08928 -0.09297
0.34442 -0.11468 0.18230
-0.23155 -0.14956 0.05391
-0.26347 -0.14594 0.05059
-0.23896 -0.09740 -0.16961
-0.24784 -0.16467 0.08405
-0.14145 -0.13111 0.11328
-0.33961 -0.16711 -0.18254
-0.38025 -0.11335 0.09233
0.07560 0.03938 -0.04396
-0.13070 -0.08840 -0.11921
0.05058 0.12191 0.09989
0.28026 -0.08589 0.13646
0.26142 -0.04457 -0.10698
-0.32299 -0.09816 -0.16123
-0.39920 -0.14362 0.10994
0.32318 -0.11313 0.10404
0.22972 -0.08287 0.17283
0.34378 -0.14615 -0.10145
-0.09977 -0.05837 0.10835
0.08356 0.05467 0.01225
-0.10853 -0.09818 0.11316
0.19185 -0.08131 0.14533
-0.35985 -0.14682 0.10693
-0.26355 -0.06974 0.09222
-0.21338 -0.05436 0.13412
-0.07366 -0.07551 -0.14028
-0.39683 -0.07925 0.07836
-0.24395 -0.14757 -0.14077
-0.19518 -0.15227 -0.13572
-0.28611 -0.05703 -0.06690
-0.29143 -0.05703 -0.06689
-0.22151 -0.16839 -0.16132
0.32266 -0.14416 -0.08680
-0.29934 -0.07700 -0.16509
-0.22782 -0.16501 0.08612
-0.26855 -0.09036 0.09168
0.35777 -0.12021 0.18369
0.10052 -0.02944 -0.09665
0.35102 -0.09218 0.14381
0.34105 -0.09313 0.18194
-0.21612 -0.13327 0.10983
-0.30300 -0.04669 -0.00888
-0.17589 -0.06464 -0.08039
0.08215 0.14749 -0.09627
-0.20281 -0.15271 -0.16833
-0.24361 -0.14592 -0.17256
-0.27338 -0.12199 -0.10252
-0.19703 -0.06619 0.13579
-0.26002 -0.15433 0.12439
-0.21650 -0.14689 -0.09988
-0.32253 -0.15656 -0.14893
-0.23667 -0.04669 -0.00966
0.31806 -0.11043 0.04032
-0.24293 -0.08420 0.12041
0.32991 -0.09400 -0.09830
-0.30717 -0.11269 0.06966
0.14336 -0.05734 -0.04483
0.20403 -0.05734 -0.03330
0.13684 -0.05734 -0.03651
0.15192 -0.05734 -0.03380
0.12593 -0.05734 -0.03664
0.30970 -0.05734 -0.01735
0.30379 -0.05734 -0.02106
-0.05934 -0.09943 -0.14237
-0.11359 -0.13556 -0.11505
-0.09032 -0.10099 0.05546
-0.13870 -0.13280 0.12225
-0.11972 -0.13606 0.12423
-0.11609 -0.12907 -0.14062
0.11335 -0.00506 -0.08804
0.15319 0.13125 0.13458
0.10283 0.04305 0.13295
-0.38965 -0.09925 0.08892
0.32669 -0.11197 0.06509
0.07492 0.11730 -0.09724
0.33286 -0.06711 -0.06861
-0.34322 -0.08518 -0.17577
0.20802 0.05632 -0.09850
0.25525 0.12601 0.03889
-0.28972 -0.13837 0.12131
0.06537 -0.01969 -0.02742
0.06867 -0.02010 -0.05714
0.20794 -0.08945 -0.04196
0.18315 -0.11355 -0.07458
0.40320 -0.03565 -0.08989
-0.35507 -0.14189 -0.15326
-0.41069 -0.05931 0.01082
0.31940 -0.10895 0.09877
-0.24526 -0.12342 -0.15910
0.42039 -0.01742 0.07313
0.38501 -0.10607 -0.06319
-0.10382 -0.09308 0.12631
-0.37994 -0.12631 -0.14511
-0.08759 -0.10990 0.04977
-0.23108 -0.06396 -0.12742
0.34758 -0.08770 -0.10032
0.40900 -0.03657 0.11434
0.18511 -0.10725 -0.05595
0.18421 -0.05624 -0.08485
-0.10972 -0.07563 0.12526
-0.20095 -0.13289 -0.14854
-0.33169 -0.15620 0.04350
-0.42809 -0.10079 -0.01155
-0.42210 -0.09949 -0.06919
-0.42203 -0.09376 -0.06990
-0.09149 -0.07191 0.12716
-0.34234 -0.08765 -0.14308
-0.20194 -0.07780 0.08572
0.32523 -0.12973 -0.09801
0.27142 -0.07935 0.15969
-0.32997 -0.15326 0.08530
-0.34078 -0.15205 0.08418
-0.10282 -0.10062 0.13180
0.29612 -0.14781 -0.11068
-0.07271 -0.05586 0.10425
0.06009 0.12546 0.01209
0.34929 -0.11109 -0.09604
-0.06512 -0.10582 -0.12715
-0.26835 -0.04828 -0.06948
0.28302 -0.08611 0.17592
0.09756 0.11855 -0.08004
-0.10450 -0.14276 -0.14347
-0.24415 -0.10354 -0.14841
-0.09370 -0.07898 0.12330
0.11893 0.04589 0.13683
-0.34654 -0.14288 0.09127
-0.31970 -0.12741 -0.16089
-0.32419 -0.14470 -0.16302
0.39247 -0.03405 0.14739
-0.25189 -0.06464 -0.06231
-0.29472 -0.06464 -0.07104
0.10049 0.04655 -0.07836
-0.03936 -0.10250 -0.13671
-0.34416 -0.09056 0.09121
0.35189 -0.01375 -0.09510
0.20392 -0.10425 0.13990
-0.10991 -0.15348 0.11737
-0.32468 -0.14211 -0.10949
0.18622 -0.09839 -0.09821
0.10935 0.04492 -0.09545
-0.05428 -0.12360 -0.14012
0.42468 0.00207 0.02805
-0.04875 -0.07482 -0.13769
0.13615 -0.06096 0.14214
-0.30954 -0.11590 -0.14569
-0.03841 -0.07887 -0.13662
-0.25359 -0.14194 0.10856
0.34214 -0.13121 0.14288
0.12349 0.13470 -0.01194
0.07868 -0.04117 -0.04817
-0.32634 -0.08789 -0.11826
0.19567 -0.06393 -0.09331
0.40861 -0.07867 0.01737
0.40801 -0.08824 0.02317
0.40619 -0.07391 0.04071
0.40561 -0.08623 0.04622
0.41031 -0.06787 0.00099
0.40671 -0.08579 0.03560
0.40739 -0.08187 0.02910
0.28575 -0.13514 0.16003
-0.37334 -0.10547 0.08545
0.06350 -0.03986 0.01671
0.05902 -0.03879 0.05976
-0.10915 -0.07171 -0.11779
-0.36727 -0.07599 -0.15359
-0.35080 -0.07322 -0.15188
-0.20183 -0.08469 -0.16823
0.33382 -0.13591 0.15035
-0.18843 -0.07333 -0.16684
0.09743 0.05467 0.05412
0.08827 0.05467 0.06307
0.08722 0.05467 0.03942
-0.20436 -0.11239 -0.13624
-0.05219 -0.12222 -0.11739
-0.37439 -0.13486 -0.14453
-0.20773 -0.11581 0.08822
0.14064 0.00348 0.09308
0.15021 0.00151 0.00097
0.15158 0.00217 -0.01228
0.14891 -0.00113 0.01345
0.13715 0.00022 0.12664
0.42804 -0.06881 -0.02135
0.42765 -0.05919 -0.02413
-0.11124 -0.11425 0.11288
0.41148 -0.05985 -0.01022
-0.23961 -0.04165 0.12492
-0.23408 -0.04231 0.12063
0.26081 -0.13119 0.14461
-0.37665 -0.06585 0.04724
-0.23622 -0.14350 0.08737
0.32665 -0.11398 -0.09863
0.33130 -0.12571 0.15401
0.10403 0.05271 -0.10686
0.10290 -0.02112 -0.10683
0.37002 0.03903 -0.02590
0.37575 -0.04839 0.17592
-0.31177 -0.07109 -0.11982
0.05535 0.07601 0.06493
-0.36399 -0.10795 0.07687
-0.08153 -0.11380 -0.12886
-0.17451 -0.10019 -0.09194
0.14019 -0.08659 0.13989
0.27863 -0.15680 0.14062
-0.17911 -0.08053 -0.11321
-0.19130 -0.14598 -0.09370
-0.33399 -0.08706 0.07510
0.19338 -0.06766 0.09208
-0.34986 -0.05734 -0.09402
-0.38991 -0.05734 -0.10079
-0.23108 -0.05734 -0.08453
-0.29241 -0.05734 -0.08915
-0.30827 -0.05734 -0.08883
-0.32962 -0.05734 -0.08792
0.05256 0.08076 0.08108
-0.16283 -0.12468 -0.14901
0.06977 0.10168 -0.08498
-0.06252 -0.09329 0.13017
0.34166 -0.07197 0.15266
-0.40362 -0.10149 0.07765
-0.21386 -0.10808 -0.13275
-0.35676 -0.07583 0.04090
0.13851 -0.00891 -0.10594
0.13259 -0.02218 -0.10655
0.14095 -0.03091 -0.10569
0.25940 0.05142 0.13832
0.21865 -0.08621 -0.03926
0.31640 0.04846 -0.03353
-0.31930 -0.16616 -0.16209
-0.41055 -0.10658 0.04355
-0.10717 -0.10342 0.11329
-0.34725 -0.08435 -0.10989
0.34108 -0.08119 -0.10692
0.06869 0.03824 0.06978
-0.33223 -0.13180 0.08507
-0.33154 -0.13238 -0.16212
0.33540 -0.16226 0.17834
-0.22944 -0.08589 0.12757
-0.27723 -0.11299 0.08099
0.30416 0.04867 0.09249
-0.08044 -0.14413 0.12831
-0.39358 -0.12432 0.06890
0.08112 0.05305 -0.02779
-0.26108 -0.15669 0.09246
-0.24347 -0.14278 -0.13094
-0.22782 -0.07349 0.05430
0.15774 -0.09502 -0.04898
-0.31811 -0.05181 -0.01325
-0.11543 -0.12455 -0.14461
0.05292 0.11957 0.11857
-0.42329 -0.07423 -0.05763
-0.42676 -0.07457 -0.02419
-0.29949 -0.05616 -0.06343
-0.22512 -0.06375 0.05655
-0.23537 -0.14692 0.07973
0.31405 -0.12284 0.10913
0.28406 -0.01843 -0.09899
-0.04837 -0.08825 0.12423
0.10987 -0.08785 -0.07034
-0.09009 -0.06329 -0.14199
-0.20084 -0.08463 0.12634
0.20721 -0.09636 0.14542
-0.35930 -0.16916 0.04305
0.42642 -0.03655 0.03193
0.35814 -0.16477 -0.09914
-0.37789 -0.16717 0.09328
0.14410 -0.10630 -0.02944
-0.40081 -0.12092 0.07795
0.41730 0.02186 0.07737
-0.35735 -0.16607 -0.11094
-0.40015 -0.11729 0.10984
-0.13569 -0.06464 0.05223
0.08757 0.02772 -0.05222
-0.25010 -0.15544 -0.16012
0.13432 0.01019 0.08160
0.16063 -0.07938 0.14219
0.30249 -0.15488 -0.11093
-0.20205 -0.12350 -0.14296
-0.30810 -0.09803 -0.13765
0.33610 -0.16721 -0.06827
0.11953 -0.01574 -0.09866
0.12136 -0.00975 -0.09567
0.38266 -0.02231 -0.07758
-0.24654 -0.16804 0.05330
-0.07374 -0.10493 0.12944
0.23123 0.11794 0.12568
0.23307 0.07153 0.14147
0.22642 0.10866 0.13958
0.23328 0.08886 0.13371
0.36455 -0.12973 -0.09886
-0.08719 -0.11138 0.03386
-0.31246 -0.08586 -0.17972
0.31651 -0.16469 -0.09729
0.31451 -0.16338 -0.10870
0.23683 -0.05532 -0.06116
0.19832 -0.05534 0.11036
-0.40724 -0.09965 0.06748
0.29553 -0.08434 -0.10948
-0.32879 -0.13181 0.11725
0.20058 -0.10641 -0.10510
0.21569 -0.10641 -0.10404
-0.20917 -0.09143 0.00439
-0.21127 -0.09143 -0.04090
-0.21024 -0.09143 -0.01972
-0.08869 -0.10564 0.06843
-0.08547 -0.08232 -0.13304
0.09363 0.03845 -0.07101
0.09445 0.02828 -0.07057
-0.32757 -0.15348 0.11737
-0.10758 -0.11940 0.12979
-0.25084 -0.10246 -0.13170
0.30931 -0.01102 0.15924
-0.23118 -0.07682 0.08578
-0.25659 -0.07680 0.08314
0.29570 -0.10790 0.16141
0.06533 0.04056 0.04667
-0.06409 -0.13233 -0.11946
0.08488 -0.02179 -0.09185
0.36006 -0.13463 -0.09118
-0.36374 -0.11406 -0.14972
-0.06698 -0.08692 -0.12734
-0.25522 -0.04669 -0.06185
-0.20781 -0.07663 0.12745
-0.08868 -0.10197 -0.03987
0.33145 0.04211 0.12937
-0.21342 -0.05734 0.01395
-0.28983 -0.14093 0.11088
0.05552 0.06805 0.05948
-0.23491 -0.08589 0.11184
-0.35973 -0.06246 0.04287
-0.23723 -0.13937 -0.14129
0.18100 -0.07433 0.08751
-0.36269 -0.13015 -0.16953
0.28791 0.05057 0.08864
0.40236 -0.06162 0.07748
0.40091 -0.07731 0.09145
0.40063 -0.09050 0.09420
-0.38501 -0.09221 0.03798
-0.39373 -0.11574 0.06888
-0.32360 -0.07614 0.05763
0.09018 0.15375 -0.09847
0.34589 -0.16517 -0.06725
-0.05944 -0.08078 -0.10943
0.32468 -0.14245 0.14955
0.17330 0.13500 0.13064
0.14369 -0.08203 0.08210
0.43100 -0.06057 0.02931
0.43028 -0.06327 0.04241
0.09664 0.11798 -0.07415
-0.12866 -0.10082 0.12232
-0.19799 -0.08703 0.09902
0.00955 -0.08481 0.13068
0.06382 0.12589 -0.02139
0.28108 -0.07840 0.17572
-0.21820 -0.15962 -0.16993
0.42576 -0.03646 0.04453
0.39630 -0.02582 -0.06415
-0.21142 -0.04944 0.11189
-0.20707 -0.05091 0.10440
-0.21699 -0.04695 0.10735
-0.22895 -0.11547 0.05062
-0.34025 -0.12238 -0.09744
-0.20123 -0.09117 -0.09792
-0.01079 -0.05734 0.09923
-0.02807 -0.05734 0.08995
-0.03117 -0.05734 0.07272
-0.01663 -0.05734 0.10040
-0.09429 -0.09996 0.06054
-0.21768 -0.09720 0.09590
0.06345 0.12850 -0.04178
0.06016 0.12900 -0.01012
-0.27361 -0.15963 0.11906
-0.20076 -0.12230 0.08894
-0.05593 -0.14978 -0.11127
-0.05278 -0.11689 0.11368
-0.21515 -0.12442 -0.15039
-0.27088 -0.11022 0.09103
0.18739 -0.06749 -0.04850
-0.02611 -0.08265 -0.11255
-0.22697 -0.08062 -0.09740
0.04956 0.06718 0.11428
0.34099 -0.01167 -0.09425
0.06644 -0.03619 -0.05415
0.22763 -0.07097 0.09375
-0.24388 -0.07700 -0.13097
-0.32152 -0.14875 0.04457
-0.20039 -0.09422 -0.13365
-0.26979 -0.06916 0.11948
-0.29583 -0.04699 0.00588
-0.22882 -0.11978 -0.07949
0.32163 0.04795 0.03032
0.35654 -0.11996 -0.09553
0.38891 0.03136 0.10368
0.22621 -0.09407 0.09262
-0.30582 -0.15594 -0.12015
-0.20377 -0.04277 -0.13785
-0.22143 -0.04093 -0.10271
-0.20458 -0.04280 -0.12771
0.38329 0.02888 0.13800
-0.28608 -0.12949 -0.14690
-0.32791 -0.09143 -0.00857
-0.33297 -0.09143 -0.02226
-0.33583 -0.09143 -0.01182
0.16351 -0.06019 -0.09223
0.07243 0.02305 -0.10118
-0.38043 -0.14347 -0.15496
-0.37242 -0.15101 -0.15413
0.33104 0.04403 0.10528
0.10490 -0.00418 0.04235
0.10463 -0.04289 0.04490
0.10748 -0.02915 0.01753
0.10667 -0.00664 0.02529
0.10189 0.04058 0.07136
0.10385 0.02238 0.05241
0.10240 -0.00700 0.06640
0.11105 -0.03604 -0.01689
0.10233 0.01754 0.06706
0.10695 -0.01870 0.02256
0.11015 -0.02749 -0.00822
0.10405 0.02725 0.05050
0.10465 -0.03271 0.04476
0.10834 -0.03887 0.00918
0.10244 0.03462 0.06600
0.10206 -0.01661 0.06968
0.10741 -0.00920 0.01814
0.10237 -0.00133 0.06671
0.10523 -0.01961 0.03912
0.10692 0.00259 0.02289
0.10452 0.00108 0.04598
0.10250 -0.04580 0.06546
-0.27112 -0.06221 0.01362
-0.27895 -0.06221 0.01683
-0.25721 -0.06221 0.01511
-0.18154 -0.10841 -0.12450
-0.37497 -0.11898 0.08635
-0.28481 -0.09195 0.05725
-0.09489 -0.13436 0.11397
0.16300 -0.08187 -0.10437
0.28556 -0.12589 0.14636
-0.22136 -0.12021 -0.03724
-0.08434 -0.08237 0.10847
-0.41701 -0.12223 0.10224
0.32225 -0.15702 0.17999
-0.40918 -0.10103 0.07708
-0.25242 -0.08683 0.05174
-0.26550 -0.16073 0.05486
-0.24914 -0.10895 -0.12297
-0.36466 -0.11785 0.04105
-0.34842 -0.11150 -0.10437
0.11167 -0.02312 -0.08196
-0.29745 -0.08658 -0.10728
0.10331 0.05467 0.03921
0.42551 -0.08320 0.07468
0.42440 -0.07947 0.07903
-0.28870 -0.12007 0.08959
-0.32125 -0.14234 -0.15658
0.33112 -0.12818 -0.09817
0.06421 0.10286 -0.02141
-0.21487 -0.10511 0.10608
-0.35200 -0.10789 -0.15541
0.31474 0.04561 0.12238
-0.22875 -0.11836 -0.14841
-0.31635 -0.14891 -0.14829
-0.41187 -0.11889 0.04841
-0.18209 -0.11437 -0.16601
0.21318 -0.05560 -0.07793
0.42459 -0.02145 -0.00954
-0.33427 -0.05734 -0.02417
-0.32740 -0.05734 -0.05105
0.32204 -0.10430 0.17017
0.38213 0.03674 -0.00216
0.40395 -0.04488 -0.08197
-0.00685 -0.09630 0.13218
-0.32575 -0.15377 0.09903
0.35387 0.03881 0.11520
0.36386 0.03683 0.11216
-0.31751 -0.07164 -0.13863
-0.03054 -0.12621 -0.13580
-0.19154 -0.07384 -0.13534
0.20001 0.05229 0.14525
0.19977 0.04287 0.14522
0.13089 0.03753 0.13807
0.14588 0.04984 0.13963
0.13473 0.01360 0.13847
0.16709 0.02689 0.14183
0.12818 0.02737 0.13779
0.21475 0.05013 0.14678
0.16117 0.05044 0.14121
0.15642 0.03080 0.14072
0.16788 0.03812 0.14191
-0.23981 -0.16136 -0.14034
-0.12789 -0.10504 0.10940
0.20580 -0.06257 -0.05063
0.33828 -0.07089 0.14250
-0.20785 -0.16768 -0.10028
-0.17569 -0.06453 -0.08727
0.27688 -0.15708 0.17529
-0.09853 -0.09070 0.12201
0.13566 0.13503 0.06604
0.16615 0.13503 -0.07468
0.13628 0.13503 0.08015
0.16582 0.13503 -0.00050
0.17087 0.13503 -0.06714
0.16163 0.13503 -0.07089
0.18989 0.13503 -0.03614
0.13129 0.13503 0.07202
0.13708 0.13503 -0.00597
0.13998 0.13503 0.01794
0.14125 0.13503 -0.04113
0.15448 0.13503 -0.03891
0.13706 0.13503 0.02303
0.19398 0.13503 -0.06697
0.12504 0.13503 0.00612
0.13523 0.13503 0.06053
0.18716 0.13503 -0.00630
0.14308 0.13503 -0.02071
0.15085 0.13503 -0.02366
0.11889 0.13503 0.06193
0.17573 0.13503 -0.03794
0.12226 0.13503 0.08462
0.22769 0.13503 -0.06866
0.12973 0.13503 0.04592
0.17900 0.13503 0.01183
0.12680 0.13503 -0.01632
0.16501 0.13503 0.00683
0.21533 0.13503 -0.06191
0.18922 0.13503 -0.04161
0.20359 0.13503 -0.08680
0.21513 0.13503 -0.07429
0.15860 0.13503 -0.00263
0.15973 0.13503 0.00911
0.14543 0.13503 0.01210
0.18252 0.13503 -0.05222
0.11699 0.13503 0.10254
0.18610 0.13503 -0.01653
0.19062 0.13503 -0.05289
0.12594 0.13503 0.01920
0.22307 0.13503 -0.07286
0.14651 0.13503 0.05307
0.15282 0.13503 -0.06937
0.13824 0.13503 -0.07232
0.14647 0.13503 -0.00916
-0.41847 -0.07817 -0.05682
-0.41908 -0.07352 -0.05097
-0.41489 -0.08608 -0.09131
-0.41529 -0.09001 -0.08750
-0.41831 -0.08433 -0.05840
-0.41650 -0.07565 -0.07583
-0.14414 -0.12015 0.09347
-0.19398 -0.12077 0.13126
-0.22245 -0.07243 -0.09692
0.38942 -0.02670 -0.08193
-0.24163 -0.07946 0.12630
-0.13133 -0.14141 0.09638
0.27731 -0.14268 0.13615
-0.33497 -0.16265 0.04316
-0.21382 -0.13226 0.08796
0.14017 -0.00010 0.13905
-0.28728 -0.08886 0.09385
0.12128 0.12889 -0.04288
-0.17157 -0.13208 -0.16508
-0.35126 -0.08520 0.05864
0.07015 0.13330 -0.09134
-0.26352 -0.09627 -0.16500
-0.26733 -0.04227 0.12745
0.40891 -0.03714 -0.07000
-0.26438 -0.16463 0.11972
0.36756 -0.02179 -0.10646
-0.19725 -0.15845 -0.12613
-0.22712 -0.15585 -0.12923
0.28351 -0.09942 0.16138
0.06858 0.02353 -0.07347
0.06570 0.02395 -0.04573
-0.35195 -0.14627 0.06742
0.34319 0.04476 -0.00374
0.40271 -0.03195 -0.07372
-0.38770 -0.10896 0.09032
0.35609 -0.13903 -0.07227
0.22643 -0.11006 -0.09031
0.29708 0.05074 -0.03174
0.35476 -0.02456 0.17098
-0.35342 -0.08893 0.09833
0.09411 0.04961 -0.08590
0.09406 0.05467 0.02220
-0.29570 -0.10828 0.12070
-0.21232 -0.09574 0.09753
0.39878 0.03088 0.07547
-0.33918 -0.06134 0.01808
-0.22848 -0.11598 0.09095
-0.22725 -0.08763 0.10000
-0.31719 -0.16322 -0.11362
-0.09796 -0.09021 -0.14279
-0.38917 -0.12835 0.03753
-0.22816 -0.11420 -0.09594
-0.22618 -0.16856 -0.10463
0.11120 0.13948 -0.09330
0.42107 0.02587 0.04558
0.29726 -0.01045 0.16586
0.04820 0.06165 0.12643
0.43045 -0.09324 -0.00287
0.43053 -0.07093 -0.00085
-0.09775 -0.06409 -0.12414
0.37739 -0.13532 -0.10315
0.26487 0.08214 -0.03356
0.25565 0.11638 -0.05344
0.25831 0.11932 -0.03118
0.25622 0.12297 -0.04099
0.25972 0.10421 -0.04089
-0.28470 -0.13959 0.09000
-0.31171 -0.06840 -0.16507
-0.32956 -0.08567 -0.13939
0.10277 0.05467 -0.02122
0.09095 0.05467 -0.03309
0.09012 0.05467 -0.00524
-0.29664 -0.04669 -0.04247
-0.27471 -0.14753 0.09104
-0.25449 -0.15017 0.09314
-0.09507 -0.10585 0.00455
0.37234 0.03650 0.09196
0.09845 -0.02729 -0.06893
-0.17818 -0.09014 -0.16577
-0.17697 -0.07765 -0.15652
-0.26450 -0.09508 0.09978
-0.40083 -0.12584 0.03633
-0.23815 -0.06558 -0.10141
0.10875 -0.01718 -0.06887
-0.07090 -0.06826 0.11191
0.09990 0.00769 -0.05119
0.10159 0.00185 -0.05102
0.09879 -0.01863 -0.05131
0.09492 -0.01351 -0.05171
0.10955 -0.02891 -0.05019
0.11935 -0.08881 -0.06700
-0.41381 -0.13638 0.10784
0.08457 0.05417 -0.03207
-0.21795 -0.09190 0.09694
-0.23733 -0.14449 -0.14009
0.12308 0.11023 -0.08557
0.12305 0.02691 -0.08666
0.14663 0.12210 -0.10076
-0.35032 -0.06855 0.08319
0.22148 -0.09143 0.08248
-0.09185 -0.09143 0.05140
-0.19435 -0.09143 0.04418
-0.06564 -0.09143 0.05566
0.36469 -0.09143 0.10205
-0.24741 -0.09143 0.03833
-0.35275 -0.09143 0.02878
0.37053 -0.09143 0.09913
-0.03627 -0.09143 0.05827
0.31562 -0.09143 0.09393
0.26550 -0.09143 0.09264
0.25431 -0.09143 0.09195
0.14855 -0.09143 0.07484
0.05949 -0.09143 0.06803
-0.16228 -0.09143 0.04655
0.32926 -0.09143 0.09723
-0.18531 -0.09143 0.04325
-0.15177 -0.09143 0.04907
0.33875 -0.09143 0.09585
-0.42824 -0.07504 -0.00999
0.39589 0.03316 -0.00837
-0.19973 -0.10544 -0.14842
-0.40097 -0.15484 0.10641
0.30644 -0.10929 0.16837
0.41866 0.00688 0.07504
0.19890 -0.10651 0.09903
-0.32609 -0.08819 -0.10769
0.23190 -0.04922 0.15786
0.12663 0.11706 -0.09613
-0.21442 -0.09937 0.08821
0.14500 -0.00061 -0.03724
0.13515 0.00515 0.05751
0.12904 0.00460 0.11638
0.14201 -0.00130 -0.00853
0.13540 -0.00044 0.05514
0.34869 -0.11903 -0.08573
0.18619 -0.06218 -0.10388
0.32767 -0.12255 0.02050
0.14838 -0.00286 0.02172
-0.28539 -0.13697 0.05231
-0.07209 -0.05774 0.12631
-0.23433 -0.12285 0.01487
-0.43131 -0.08303 0.01953
-0.24940 -0.12749 -0.17317
0.30616 -0.11121 0.17801
-0.09088 -0.14784 0.09784
-0.07291 -0.10017 0.11260
-0.31405 -0.13816 -0.14805
0.34745 -0.10935 0.18261
-0.38565 -0.13378 -0.17375
-0.37700 -0.12366 0.08517
-0.32595 -0.15202 -0.13949
-0.36016 -0.14949 -0.14305
-0.25180 -0.08618 0.10084
-0.06157 -0.13548 0.11291
0.32322 -0.06408 -0.09687
-0.42682 -0.08211 -0.02366
-0.29646 -0.11431 -0.17806
0.09782 -0.08521 -0.08933
-0.37106 -0.09404 -0.15398
0.26803 0.02231 0.14783
-0.36634 -0.14254 0.07890
0.09563 0.00484 -0.08222
0.30456 -0.11751 0.14948
-0.04821 -0.06687 -0.12399
-0.07650 -0.09617 -0.14547
0.20988 0.12772 -0.07431
0.12821 0.12772 0.01228
0.16711 0.12772 -0.00751
0.15910 0.12772 -0.06795
0.11984 0.12772 0.08656
0.13483 0.12772 0.06365
0.15496 0.12772 -0.04493
0.13090 0.12772 -0.05704
0.17939 0.12772 -0.03465
0.15121 0.12772 -0.09251
0.12314 0.12772 0.09353
0.19523 0.12772 -0.04495
0.19463 0.12772 -0.02997
0.13847 0.12772 -0.01493
0.13288 0.12772 0.00472
0.13522 0.12772 -0.00899
0.17322 0.12772 -0.05342
0.12081 0.12772 0.09974
0.14020 0.12772 -0.07147
0.13350 0.12772 0.02801
0.14936 0.12772 0.01634
0.21053 0.12772 -0.06023
0.14874 0.12772 -0.01075
0.11711 0.12772 0.11310
0.12434 0.12772 0.02653
0.19166 0.12772 -0.07556
0.20465 0.12772 -0.04419
0.15579 0.12772 -0.00208
0.17026 0.12772 -0.02715
0.20451 0.12772 -0.07223
0.17097 0.12772 0.01128
0.19159 0.12772 -0.02564
0.12865 0.12772 0.05185
0.22469 0.12772 -0.07114
0.21079 0.12772 -0.04354
0.21755 0.12772 -0.05895
0.16868 0.12772 0.02144
0.16363 0.12772 0.00025
0.17839 0.12772 0.00826
0.35377 -0.08754 0.14410
0.20884 -0.11184 -0.06267
-0.40401 -0.09548 0.03600
-0.22284 -0.12878 -0.13922
-0.22032 -0.09492 0.11321
-0.25671 -0.14535 0.08313
-0.36736 -0.06655 0.01532
-0.28828 -0.05993 0.02353
-0.33211 -0.05932 0.01898
-0.37257 -0.06128 0.01478
-0.16567 -0.12086 -0.12285
-0.22126 -0.15533 -0.13842
-0.18804 -0.15939 -0.13497
-0.19894 -0.16642 -0.14855
0.28072 -0.10132 0.17568
-0.21239 -0.16320 0.05628
-0.37439 -0.07710 0.07090
-0.33421 -0.07750 0.07506
0.39639 -0.05171 0.05708
0.38468 -0.05214 0.08675
0.38204 -0.05221 0.10000
0.39113 -0.05185 0.08110
0.38964 -0.05182 0.10228
0.39911 -0.05174 0.02560
0.39621 -0.05177 0.04791
0.36623 -0.05267 0.16301
-0.32427 -0.13379 -0.14423
-0.31644 -0.09148 0.10319
-0.25139 -0.14927 -0.13175
-0.34869 -0.06478 0.10625
0.32549 0.04581 0.08841
0.32782 0.04566 0.08300
-0.05252 -0.07623 0.11391
-0.34058 -0.12297 -0.11481
-0.09673 -0.13167 -0.11330
0.24742 -0.02553 0.15373
-0.31126 -0.10296 0.09652
0.09941 0.06232 -0.10639
-0.05775 -0.08648 0.10129
-0.08165 -0.07880 -0.11821
0.40834 -0.08281 0.12710
0.41018 -0.06092 0.12323
-0.20556 -0.14277 -0.12814
-0.41392 -0.09889 0.09398
0.33847 -0.12643 0.17764
-0.36154 -0.10104 -0.15072
-0.24315 -0.07156 -0.16950
-0.10749 -0.10421 -0.11442
-0.39204 -0.15673 0.04431
-0.23477 -0.16185 0.05358
0.09190 0.11798 -0.09277
-0.43019 -0.08225 0.00870
0.21285 -0.10419 -0.04916
0.34742 -0.06361 -0.09157
-0.42369 -0.08832 -0.05377
-0.36745 -0.06914 -0.11817
0.13066 -0.00307 0.11462
-0.23874 -0.16542 -0.10860
0.32218 -0.12736 0.16511
0.05736 0.06795 0.03451
-0.29680 -0.11735 0.11718
-0.27796 -0.14958 0.05541
0.07559 0.00092 0.07342
0.02375 -0.01973 0.09267
0.23067 -0.05521 -0.07834
0.30579 -0.16113 0.13911
0.39221 -0.01247 0.14219
-0.20391 -0.08777 -0.12146
0.15363 -0.05553 0.12319
-0.25352 -0.08214 -0.17359
-0.06124 -0.06485 -0.13898
0.23996 -0.07775 -0.09583
0.18487 -0.09592 -0.04653
-0.09205 -0.09864 -0.14708
-0.26274 -0.07995 0.08250
-0.25987 -0.11471 -0.14243
-0.21224 -0.11279 0.08982
0.17663 0.02393 0.14283
0.17028 0.01957 0.14217
0.22537 0.04859 0.14788
0.06459 -0.04184 -0.05273
0.06797 -0.03825 -0.08533
0.39764 -0.06065 0.14860
0.39016 -0.06147 0.16107
-0.05251 -0.10526 0.12261
0.37906 0.03208 0.12247
-0.18736 -0.13257 -0.16167
-0.27205 -0.10137 -0.10332
0.04798 0.01359 0.11850
-0.36291 -0.06650 0.04027
0.29616 -0.12625 -0.11159
0.31063 -0.10183 -0.10469
0.11974 0.01013 0.13692
0.11838 -0.00788 0.13677
0.31304 0.01835 -0.08482
0.31798 -0.01063 -0.08363
0.26844 -0.11283 0.13524
0.38464 -0.08934 0.16961
0.37187 -0.05865 0.18683
0.19753 -0.09072 0.08840
0.33581 0.04543 0.05207
0.10657 0.13876 -0.07839
-0.22162 -0.10874 -0.10893
-0.37034 -0.13143 0.08291
0.33527 -0.14718 -0.09642
0.27683 0.05181 -0.07795
-0.29201 -0.09617 -0.11306
0.31254 0.00727 -0.08144
0.18115 0.05539 0.14314
-0.29224 -0.10375 -0.13600
-0.11964 -0.12580 0.10246
-0.19016 -0.10635 0.11339
-0.30652 -0.10194 -0.17800
0.36726 -0.03176 0.17141
-0.00579 -0.06259 0.11966
-0.25263 -0.14233 -0.14167
0.22553 -0.08876 -0.03882
0.38589 -0.13766 -0.09627
-0.22182 -0.10992 -0.12935
-0.35834 -0.07734 -0.18449
0.21214 -0.10901 0.10170
0.38025 -0.10107 -0.06368
0.29125 -0.02062 -0.11474
0.39405 0.03343 0.04560
0.32061 -0.09649 0.15289
-0.21592 -0.10854 -0.14994
-0.11876 -0.06951 -0.13317
0.30053 -0.11798 -0.07197
-0.39218 -0.12975 0.10068
-0.33448 -0.09434 -0.16242
-0.19447 -0.14534 -0.13563
0.36467 -0.08220 0.18685
0.07190 -0.02719 -0.08622
0.07088 -0.02815 -0.08102
0.34828 -0.11398 0.14352
0.09036 0.05463 -0.04524
0.21029 0.13106 -0.08645
-0.21082 -0.12031 0.10636
-0.21594 -0.07413 -0.09625
-0.22140 -0.11142 0.10883
-0.35383 -0.16176 -0.14240
0.13203 0.01007 0.09120
0.12550 0.13038 -0.07892
-0.27234 -0.10319 0.08150
-0.11425 -0.11332 -0.11512
-0.28251 -0.11126 -0.16962
0.05767 0.13386 0.06052
0.26409 -0.14267 0.15945
0.10435 -0.00002 -0.07788
0.30613 -0.11418 -0.11056
-0.35283 -0.06684 0.11475
-0.19543 -0.06590 -0.16450
-0.19244 -0.13017 0.12771
0.11382 0.00606 -0.10401
0.11264 -0.00783 -0.10465
-0.32553 -0.08647 -0.08316
-0.09406 -0.11152 0.01688
-0.23977 -0.08438 0.10340
0.06766 0.09590 -0.04770
-0.07035 -0.13607 0.09998
-0.11513 -0.05171 0.09326
0.42438 0.00903 0.02729
-0.23755 -0.15485 0.09490
0.06668 0.02227 0.06743
-0.20032 -0.14874 0.05715
-0.23420 -0.09609 0.09036
-0.32377 -0.08456 -0.18088
-0.09105 -0.05110 -0.13467
-0.16699 -0.13082 -0.11991
-0.37398 -0.15443 -0.15865
-0.21511 -0.13279 0.09690
0.16347 -0.05451 -0.07494
-0.36417 -0.07155 -0.18282
0.09403 0.06566 -0.08815
-0.31769 -0.09655 0.07679
0.39658 -0.04902 0.14346
0.05891 0.10866 0.02717
-0.38000 -0.10017 -0.18674
-0.34048 -0.08073 0.04260
-0.10761 -0.09725 0.12189
0.33095 -0.12245 -0.08105
0.34007 -0.14538 0.14267
0.06662 0.02181 -0.05177
0.06122 0.02012 0.00845
0.06269 0.02078 -0.00894
-0.30209 -0.15089 -0.10659
-0.39075 -0.09260 0.03738
0.11553 -0.03465 0.13647
0.10457 0.05188 0.13533
0.30364 -0.06335 0.14306
0.42502 -0.01054 0.00343
0.38904 -0.11500 -0.07771
0.38950 -0.11093 -0.08738
-0.32860 -0.09596 -0.16181
0.30112 -0.16808 0.15815
-0.35848 -0.11546 -0.14778
-0.24033 -0.08987 -0.13061
-0.01464 -0.07268 0.07154
-0.01946 -0.07750 0.07104
-0.03211 -0.08966 0.06973
0.08943 0.15958 -0.09595
0.02141 -0.03579 0.08014
0.02255 -0.02641 0.06923
-0.21782 -0.06238 -0.11383
0.27975 0.05165 0.07506
-0.18709 -0.13965 -0.09326
-0.19709 -0.09450 0.05750
0.38342 0.03447 0.08092
-0.30472 -0.04672 -0.04915
-0.33420 -0.16917 -0.17171
-0.26897 -0.10164 -0.13358
0.35518 -0.09626 -0.09380
0.30893 -0.14454 0.15496
0.30768 0.04906 -0.05949
-0.18727 -0.11389 -0.11688
-0.32005 -0.08013 -0.13888
-0.25169 -0.15492 0.05183
-0.24578 -0.15479 0.05244
-0.24433 -0.13102 0.09973
-0.35458 -0.11969 0.09564
-0.30756 -0.13237 0.04861
0.03808 -0.03721 -0.08038
0.03612 -0.02998 -0.06148
-0.26478 -0.13328 -0.16080
-0.13543 -0.07612 0.09849
0.33044 -0.14070 -0.09962
-0.35284 -0.08605 0.09373
-0.20810 -0.10511 0.06562
-0.22351 -0.11801 -0.13887
-0.38061 -0.06971 0.11187
-0.09285 -0.15083 -0.12759
-0.12464 -0.12201 0.12241
-0.28628 -0.13657 -0.17297
0.36013 -0.06870 -0.07359
-0.25561 -0.14845 0.12485
-0.06412 -0.11617 -0.13040
0.34983 -0.14394 0.18285
0.33473 -0.14872 0.18129
0.32656 -0.16780 -0.10727
0.24747 -0.02544 0.17038
-0.24831 -0.06883 0.12562
0.36455 -0.14953 -0.10449
-0.22795 -0.14637 -0.10711
-0.21823 -0.16607 -0.16993
0.36236 -0.13178 0.14500
-0.38680 -0.12721 0.08979
0.35800 -0.01994 0.14865
-0.40400 -0.07219 -0.09131
0.34897 -0.08344 -0.10611
-0.12318 -0.09547 0.10817
-0.00346 -0.07208 0.12944
0.16647 -0.08621 -0.10392
0.04855 -0.03341 -0.04184
-0.20455 -0.08547 -0.02287
-0.20631 -0.09078 -0.00594
-0.20586 -0.08442 -0.01027
-0.20839 -0.08558 0.01407
-0.20489 -0.07690 -0.01954
-0.20735 -0.08572 0.00407
-0.20381 -0.08147 -0.02999
-0.24632 -0.10877 -0.14847
0.24481 -0.03112 0.17478
0.33002 -0.08633 -0.07719
0.19002 -0.05610 -0.06331
-0.37911 -0.08287 0.03858
0.32896 -0.10521 -0.08705
0.35698 -0.14030 -0.09687
-0.14507 -0.09470 0.09705
-0.34896 -0.14589 0.04736
-0.24133 -0.12304 0.10320
-0.22437 -0.14402 0.07025
-0.14421 -0.07023 0.10646
-0.33298 -0.11525 0.10164
0.06326 0.05330 0.00131
0.05283 0.05286 0.10164
0.06912 0.05211 -0.05503
-0.22479 -0.07684 0.12806
-0.21292 -0.07784 0.12929
0.23837 -0.05475 -0.06946
-0.16228 -0.10774 -0.15322
-0.27242 -0.12991 0.08149
-0.18868 -0.10603 -0.12573
0.32606 -0.15958 -0.06932
0.32840 -0.01044 -0.10699
0.30102 -0.08264 0.13861
-0.37516 -0.07640 -0.13805
-0.18524 -0.12550 0.05873
0.36692 -0.01909 -0.09890
-0.17679 -0.09711 -0.12401
0.23659 0.13472 0.09244
0.07058 0.05707 -0.10832
0.17478 -0.05404 -0.07996
-0.20267 -0.10961 0.05692
0.09720 0.01737 -0.08038
-0.36119 -0.06243 0.09113
-0.39217 -0.10464 0.03722
0.10297 0.11798 -0.10562
-0.23792 -0.06275 0.10610
0.30795 0.04979 0.01448
0.25566 0.12093 0.04235
0.26034 0.08944 0.04993
0.26392 0.06513 0.05601
0.25760 0.11100 0.04171
0.33673 0.04570 0.03129
0.34475 0.04453 0.01591
0.12367 -0.00148 -0.06767
0.12413 0.04727 -0.07202
0.11900 -0.02968 -0.02263
0.11657 -0.04031 0.00067
0.12095 -0.00352 -0.04145
0.11373 -0.03046 0.02804
0.11943 0.02684 -0.02677
0.11280 -0.03941 0.03697
0.12622 -0.01319 -0.09221
0.11037 -0.02882 0.06040
0.11750 -0.00655 -0.00822
0.11221 -0.02891 0.04272
0.12252 -0.01182 -0.05655
0.12511 0.01668 -0.08152
0.11319 -0.03373 0.03328
0.12151 -0.00852 -0.04680
0.11439 -0.02154 0.02171
0.12429 0.02833 -0.07362
0.12674 -0.04082 -0.09719
0.12416 0.01979 -0.07233
0.11813 -0.01960 -0.01428
0.12675 0.04687 -0.09731
0.12380 0.01114 -0.06884
0.11164 -0.01708 0.04813
0.11214 -0.04416 0.04333
0.12603 -0.01986 -0.09036
0.12501 0.03246 -0.08048
0.11104 -0.01426 0.05395
0.12518 -0.00322 -0.08217
0.11776 -0.03552 -0.01073
0.12477 -0.04708 -0.07826
0.11564 -0.03839 0.00964
0.12669 0.06122 -0.09666
0.11081 -0.04037 0.05618
0.11709 -0.00283 -0.00431
0.10800 -0.02424 0.08321
0.11732 0.01021 -0.00655
0.12476 0.04200 -0.07813
0.12112 -0.02870 -0.04314
0.12573 0.02020 -0.08744
0.12658 0.03278 -0.09560
0.12452 -0.03970 -0.07586
0.12123 0.02797 -0.04413
0.12753 -0.03970 -0.10478
0.11135 -0.04537 0.05093
0.12334 0.03013 -0.06450
0.11525 -0.01145 0.01337
0.11824 -0.01205 -0.01537
0.11881 -0.01651 -0.02085
-0.38843 -0.10201 0.06369
-0.33098 -0.11912 -0.15329
0.30525 -0.14679 0.16407
-0.08324 -0.09813 -0.14617
-0.23247 -0.16051 0.08564
-0.31892 -0.14485 0.10021
0.08274 0.05365 0.07066
-0.20263 -0.15004 0.12042
-0.25872 -0.15343 -0.10139
0.24017 -0.05839 -0.05256
-0.34884 -0.07821 -0.15167
0.06940 -0.00993 -0.07275
0.06162 -0.00931 0.00517
-0.31677 -0.09768 0.08667
-0.24670 -0.08667 0.10987
0.25726 -0.11693 0.15634
0.12328 0.09637 0.13457
0.10454 0.08724 -0.09721
-0.17955 -0.08428 -0.16591
-0.37798 -0.15234 -0.11308
-0.31441 -0.11221 0.07713
-0.27312 -0.04844 0.01683
0.04653 0.00082 0.12124
0.04628 0.08107 0.12358
-0.22870 -0.06578 -0.09757
-0.36053 -0.15639 -0.15289
0.31735 -0.13151 0.16970
0.41886 -0.04607 0.08486
-0.24763 -0.16878 0.11835
0.28536 -0.15131 0.17616
-0.34010 -0.07486 0.04263
0.38165 -0.08582 -0.09860
-0.29668 -0.04669 -0.04829
0.40967 0.02793 -0.03746
-0.16732 -0.10283 -0.11091
-0.31453 -0.13340 0.07712
-0.22244 -0.08494 -0.12886
0.05232 0.02642 0.12443
-0.33393 -0.12883 0.11672
0.20436 -0.06218 0.15259
-0.19880 -0.14849 0.08914
0.22288 0.09310 0.14511
0.31052 -0.08413 0.16030
0.25457 0.07781 0.08489
0.25112 0.09340 0.08678
0.25089 0.12281 0.06601
0.33258 -0.01668 0.17466
-0.17466 -0.14467 -0.10887
-0.36515 -0.16354 -0.11402
-0.34247 -0.10993 -0.14666
-0.01001 -0.07925 0.13224
0.30901 -0.01118 0.16862
0.40759 0.02621 0.10197
0.41628 -0.02565 -0.05377
-0.05081 -0.09069 -0.13178
0.36515 -0.11906 0.14528
0.05135 -0.04058 0.07473
0.05839 -0.03952 0.00693
0.14167 -0.00377 0.04253
0.13411 -0.00377 0.13703
-0.35098 -0.10537 0.08455
-0.30777 -0.10968 0.04599
0.30179 -0.09922 -0.11101
0.08746 0.01754 0.07481
0.09277 0.03684 0.07536
0.08975 0.00314 0.07505
0.08023 0.02421 0.07406
-0.40471 -0.06164 -0.10357
0.03491 -0.01348 0.09358
0.03870 -0.01297 0.08677
-0.07158 -0.05871 -0.12985
-0.32101 -0.08554 0.11168
0.11561 0.12326 0.00994
0.12303 0.12750 -0.06143
0.11739 0.12218 -0.00722
-0.13077 -0.05749 0.11157
0.40593 -0.07259 -0.09355
0.40288 -0.07616 -0.10018
0.40697 -0.06026 -0.09129
-0.33607 -0.10908 -0.14011
0.08935 0.01328 -0.10045
-0.37540 -0.06369 0.10272
-0.37282 -0.08730 0.05863
0.10310 0.00580 -0.06818
0.19182 0.01322 0.14440
0.21309 0.00284 0.14661
0.19654 0.00478 0.14489
0.20861 -0.00619 0.14614
0.17815 -0.01263 0.14298
0.16361 -0.00217 0.14147
0.18029 -0.00046 0.14320
0.21477 -0.02719 0.14678
0.18549 0.02018 0.14374
0.23083 0.01921 0.14845
0.17062 0.00770 0.14220
0.20310 0.02416 0.14557
0.22928 -0.02263 0.14829
0.18433 0.01260 0.14362
0.19023 0.00537 0.14423
0.19067 -0.00127 0.14428
0.23150 -0.02944 0.14852
0.19778 0.01705 0.14502
0.20823 -0.00019 0.14610
-0.11841 -0.12551 -0.11555
0.13743 0.01023 0.06315
-0.39478 -0.07649 0.11040
-0.06927 -0.10953 0.12946
0.25882 0.11794 0.01908
0.26331 0.09174 0.02514
0.26961 0.05610 0.02980
-0.36337 -0.10368 -0.18414
-0.27280 -0.11106 0.10801
0.32111 -0.07408 0.17987
0.25620 0.05233 0.11648
-0.26852 -0.14404 0.05006
0.28027 -0.02328 -0.11564
-0.38690 -0.09335 0.06960
-0.08980 -0.06790 0.09795
0.26713 -0.04399 -0.11719
-0.09496 -0.11296 0.05630
0.25733 -0.05469 -0.10458
-0.11932 -0.12728 0.12476
0.31218 -0.10855 0.13872
-0.23012 -0.12232 -0.03867
0.41293 0.00248 0.09789
-0.22664 -0.12271 -0.02056
0.37118 -0.07475 -0.09638
0.37592 -0.02673 0.14872
-0.36397 -0.08413 0.10222
0.08650 -0.05734 0.06266
0.03851 -0.05734 0.06393
0.06818 -0.04434 -0.07167
0.23144 0.05462 0.14841
0.22166 0.11943 0.14334
0.37970 -0.03777 0.16332
0.15004 0.08708 -0.10260
0.16349 0.10517 -0.10007
0.23307 0.06195 -0.09556
0.16902 0.07560 -0.10135
0.15763 0.07692 -0.10245
0.16883 0.09943 -0.09987
0.18524 0.07406 -0.09977
0.19032 0.09300 -0.09805
0.16292 0.07203 -0.10221
-0.25820 -0.13849 -0.17408
-0.33509 -0.07137 0.10797
0.17082 -0.07488 -0.10227
-0.03384 -0.08504 -0.10741
0.04975 0.12733 0.09392
0.29961 -0.15432 -0.09251
0.32236 -0.14383 0.15728
-0.26238 -0.13475 0.06014
-0.36275 -0.15145 0.11372
-0.27970 -0.12686 0.12235
0.07240 0.04334 -0.01779
-0.35314 -0.16283 -0.11051
0.18719 -0.11189 0.10809
-0.34641 -0.11022 -0.02210
-0.18616 -0.11102 0.05863
0.05619 0.13304 0.03248
0.10498 0.15238 -0.08357
-0.21578 -0.08440 -0.16666
-0.31785 -0.07494 -0.18027
0.28594 -0.14547 0.13705
-0.28314 -0.04048 0.12149
-0.28912 -0.04048 0.11735
-0.26904 -0.04048 0.10434
-0.25514 -0.04048 0.08857
-0.29221 -0.04048 0.09468
-0.26082 -0.04048 0.07632
-0.27442 -0.04048 0.08263
-0.30997 -0.04048 0.11647
-0.28600 -0.04048 0.11162
-0.29569 -0.04048 0.11818
-0.24766 -0.04048 0.08038
-0.27658 -0.04048 0.08887
-0.26250 -0.04048 0.08964
-0.26285 -0.04048 0.10811
-0.33790 -0.09839 0.10461
0.11257 0.11798 -0.07092
0.31303 -0.06595 0.17903
-0.10118 -0.14615 -0.13392
0.06390 0.09463 -0.02038
-0.40450 -0.15142 0.10884
-0.29434 -0.09916 0.12084
0.22044 -0.04195 0.14737
-0.29283 -0.10147 0.09630
-0.37379 -0.15815 -0.11367
0.10685 0.07693 0.09425
0.10562 0.10690 0.10611
0.10425 0.10787 0.11933
0.12281 0.11210 -0.05932
0.10411 0.08483 0.12062
0.11675 0.09945 -0.00105
0.11122 0.11482 0.05217
0.10614 0.08759 0.10113
0.11572 0.10121 0.00884
0.11036 0.11168 0.06052
0.10548 0.08082 0.10749
0.11741 0.10245 -0.00736
0.12139 0.11268 -0.04564
0.11654 0.10924 0.00100
0.11837 0.09913 -0.01665
0.10900 0.10741 0.07356
0.10597 0.07623 0.10280
0.10850 0.11395 0.07835
0.11247 0.11522 0.04019
0.10765 0.08454 0.08658
0.10464 0.07265 0.11557
0.10559 0.09970 0.10643
0.42449 -0.03200 -0.01396
-0.26892 -0.11702 -0.15177
0.12129 0.06489 0.13633
-0.06035 -0.08090 0.12581
-0.19569 -0.06017 0.11457
-0.19780 -0.05779 0.10482
-0.19020 -0.06218 0.08709
0.13748 -0.10698 0.13714
0.36223 -0.13282 -0.08084
-0.06506 -0.15326 -0.11315
0.08761 -0.01410 -0.09836
0.08720 0.02095 -0.09759
-0.42145 -0.06494 0.01499
0.19463 -0.10506 -0.09181
-0.25351 -0.07586 -0.12398
-0.22029 -0.16371 0.12042
0.15712 -0.09792 0.08574
0.06939 0.11713 -0.09898
-0.11292 -0.10850 0.12004
0.28432 -0.13180 -0.07366
-0.07011 -0.07857 0.12939
0.33316 0.04610 -0.02896
0.33961 0.04477 -0.03915
0.14186 -0.04060 0.13921
0.15702 -0.03806 0.14079
0.15745 -0.03165 0.14083
0.21589 -0.04661 0.14690
0.20219 -0.03646 0.14548
0.12707 -0.02404 0.13768
0.22499 -0.04602 0.14785
0.16622 -0.02156 0.14175
0.12834 -0.03760 0.13781
0.14942 -0.03378 0.14000
0.34313 -0.11423 -0.10671
-0.15279 -0.06094 -0.07745
-0.00478 -0.05792 -0.06206
-0.02067 -0.05851 -0.06372
0.34343 -0.15443 -0.06751
-0.23498 -0.14702 0.06895
0.39246 0.03287 -0.03941
0.31876 -0.16845 0.14771
0.33823 -0.08417 -0.10310
0.36576 -0.14807 -0.06519
-0.04832 -0.11457 -0.11904
-0.08848 -0.11092 -0.04298
0.00436 -0.05961 0.11772
0.31143 -0.12112 0.10407
0.32079 -0.06822 0.14067
-0.40698 -0.08557 0.09237
0.36213 -0.09619 -0.09879
-0.24376 -0.11208 -0.13816
-0.21674 -0.10997 -0.09523
-0.27367 -0.04699 -0.01678
-0.21078 -0.11816 -0.12819
-0.36274 -0.14102 -0.14332
0.36439 -0.12548 0.14816
0.06543 0.04326 -0.04311
0.05865 0.04400 0.02214
0.05668 0.04348 0.04109
-0.38708 -0.12345 -0.15565
0.14728 0.07930 -0.10338
0.28040 -0.10254 0.13648
-0.21542 -0.07213 0.12903
-0.20006 -0.09017 -0.12661
0.33977 -0.01544 0.15232
-0.11088 -0.13754 -0.13321
-0.15306 -0.08752 -0.09702
-0.15272 -0.08994 -0.09068
-0.14970 -0.08943 -0.12178
0.41278 -0.04936 -0.06412
0.41195 -0.01039 0.10245
-0.23516 -0.14735 -0.09824
-0.34001 -0.14000 0.08427
-0.21295 -0.06701 0.03136
0.15338 -0.01015 -0.10440
-0.31175 -0.11976 0.11251
-0.33231 -0.16189 0.05994
0.08510 0.15680 -0.08026
0.42048 -0.04923 0.07914
0.39237 0.03406 0.03664
0.06391 0.08715 -0.01129
-0.06365 -0.12448 -0.14413
-0.19633 -0.08271 0.06869
-0.22541 -0.12166 -0.01268
-0.41444 -0.06402 -0.04056
-0.40935 -0.06061 -0.04566
-0.40560 -0.05936 -0.06551
-0.40784 -0.06277 -0.08802
-0.41398 -0.06309 -0.03312
-0.03254 -0.09632 -0.10664
-0.28792 -0.04669 -0.05979
0.36051 0.04130 -0.01925
-0.29077 -0.09238 -0.14563
0.11107 0.02526 -0.09385
-0.18490 -0.10578 -0.13465
-0.13676 -0.11041 0.12246
0.19259 0.02252 -0.10032
0.16458 0.01014 -0.10323
-0.23187 -0.12790 -0.13462
-0.10117 -0.11815 -0.12331
0.25263 -0.02134 0.15635
-0.12676 -0.13145 0.12349
-0.29185 -0.12084 -0.13596
0.13652 -0.00316 0.11756
0.14999 -0.00316 -0.02144
-0.20326 -0.06844 -0.12676
-0.12264 -0.05347 0.11406
0.08181 0.15235 -0.08031
0.11094 -0.04273 -0.07166
0.06174 0.07771 -0.00154
-0.21424 -0.15694 0.08754
-0.23845 -0.08429 0.08406
0.07083 0.03031 -0.08039
0.06631 0.03099 -0.03353
0.06474 0.02910 -0.02762
-0.26821 -0.10710 -0.13350
0.37222 -0.01804 -0.07603
-0.25600 -0.10789 0.09837
0.05564 -0.04456 0.05313
-0.36902 -0.10048 0.09349
-0.04577 -0.08916 0.10205
-0.38560 -0.08956 -0.11387
-0.28513 -0.04669 -0.02226
-0.20539 -0.15427 0.11241
0.35780 -0.09313 0.17112
-0.40923 -0.12557 0.07707
-0.16662 -0.11672 -0.10234
-0.37357 -0.11279 -0.11263
0.12293 -0.04257 -0.08487
0.12210 0.04613 -0.08139
-0.23955 -0.16406 -0.09870
-0.11312 -0.09508 -0.14437
0.30875 -0.09785 -0.07203
0.09416 -0.02654 -0.08915
0.30965 -0.06963 -0.07103
-0.34260 -0.08813 0.04383
-0.34176 -0.12003 -0.16884
-0.21735 -0.11171 -0.07309
0.06665 0.01368 -0.03131
0.06865 0.01404 -0.05046
0.19214 -0.07308 -0.04511
0.32293 -0.08759 0.17622
0.12687 -0.05734 0.07227
0.32766 -0.08989 0.16805
0.37838 -0.14878 -0.08975
0.37567 -0.15270 -0.09284
0.39396 -0.04770 0.10966
-0.36093 -0.07135 0.08209
-0.07038 -0.12213 -0.14484
0.18289 -0.03233 -0.10133
0.18225 -0.02131 -0.10139
0.24618 0.03366 -0.09475
0.17388 -0.04187 -0.10226
0.25738 -0.01479 -0.09359
0.20292 -0.04113 -0.09925
0.18881 -0.00904 -0.10071
0.23806 0.00451 -0.09560
0.25705 -0.00714 -0.09362
0.18597 -0.04427 -0.10101
0.22895 -0.03505 -0.09654
0.19106 -0.03396 -0.10048
0.25162 0.02360 -0.09419
0.20385 -0.00201 -0.09915
0.20206 -0.03045 -0.09934
0.21344 -0.00798 -0.09815
0.23386 0.01269 -0.09603
0.21731 -0.03503 -0.09775
0.20332 -0.02019 -0.09921
0.29441 -0.12891 -0.07261
0.31752 -0.10976 0.13252
-0.24157 -0.12816 -0.13821
0.32917 0.04709 0.00016
-0.17143 -0.13401 -0.12345
-0.21482 -0.16917 -0.14253
0.36284 -0.08810 -0.10466
0.35946 0.04170 -0.00441
-0.34900 -0.08526 0.04170
-0.33002 -0.08591 -0.12911
-0.31168 -0.14808 -0.17963
0.31133 -0.12066 -0.10225
-0.19298 -0.10018 0.12808
0.05026 0.09889 0.10986
-0.19904 -0.12153 0.09891
-0.12840 -0.11412 0.12283
-0.33281 -0.08659 0.08501
-0.28573 -0.10021 -0.15730
-0.05373 -0.09265 0.11447
0.17213 -0.05610 -0.06278
0.12911 0.13479 0.12734
-0.19571 -0.10716 0.13108
0.11604 -0.04273 -0.09160
-0.34727 -0.15888 -0.10990
-0.02799 -0.09617 -0.12491
0.07079 0.01000 -0.08397
0.07222 0.01135 -0.09120
-0.29447 -0.04048 -0.17788
-0.14701 -0.05734 -0.07193
-0.12446 -0.05734 -0.07084
-0.16185 -0.05734 -0.06933
-0.09045 -0.09564 0.12952
0.19089 -0.09506 -0.09914
-0.30484 -0.12656 -0.17892
0.07629 -0.02199 -0.10631
0.30967 -0.16829 0.17868
-0.23679 -0.05605 -0.06602
-0.07956 -0.10980 -0.02685
0.35846 0.04054 -0.05316
-0.21437 -0.14949 0.12914
-0.38732 -0.12173 -0.18427
0.11311 0.00485 -0.08978
-0.25775 -0.10715 -0.14221
0.33675 -0.10856 -0.08575
0.37124 -0.04877 0.18092
-0.39214 -0.12549 -0.13307
0.33381 -0.01098 -0.07855
-0.12752 -0.06858 0.09836
-0.02965 -0.08554 -0.10160
-0.10806 -0.04964 0.11284
0.07261 0.07641 -0.09071
-0.06301 -0.09897 0.10074
-0.23405 -0.06885 -0.17157
0.41179 0.02822 -0.01890
-0.35003 -0.15517 0.11504
0.32485 0.04712 0.05425
0.31865 0.04781 0.05991
0.30913 -0.01106 -0.10935
-0.11992 -0.13405 0.09483
0.05607 0.07913 0.05766
-0.31379 -0.08018 -0.17985
0.28959 0.05056 -0.07977
0.07166 -0.00362 -0.07941
-0.07828 -0.14891 0.09916
-0.24851 -0.04669 -0.05596
0.31258 -0.11883 0.07717
-0.25563 -0.13865 -0.10037
-0.08304 -0.12316 -0.14615
-0.22133 -0.06749 0.12191
0.40475 -0.05734 -0.04265
0.28807 -0.13563 -0.10001
-0.18806 -0.11616 0.10487
-0.29501 -0.04669 -0.06125
0.31408 -0.11315 0.06107
0.28486 -0.07404 0.17611
0.10278 -0.02865 0.13340
0.10297 0.01140 0.13158
0.10310 0.09542 0.13038
-0.25202 -0.16550 0.09340
0.03883 -0.03787 0.07443
0.04938 -0.03787 0.09343
0.04817 -0.03787 0.07009
0.31557 -0.01171 0.16145
-0.12577 -0.09298 0.12130
-0.09835 -0.09078 -0.12587
0.27884 0.05040 0.11956
-0.24755 -0.05673 -0.05831
-0.31480 -0.08679 0.06113
0.40862 -0.06733 0.01730
0.40653 -0.06565 0.03737
0.35573 -0.14206 0.17647
-0.28468 -0.09204 0.08021
0.13981 -0.00248 0.09952
-0.07423 -0.06476 0.09958
0.20869 -0.11006 0.14376
-0.34938 -0.08672 -0.18355
-0.37704 -0.08419 -0.11298
0.42036 0.01146 -0.02822
-0.12392 -0.08781 0.12379
0.33473 -0.06856 0.16754
-0.38780 -0.14596 0.06951
-0.35571 -0.15357 0.07283
-0.25748 -0.11504 0.10508
-0.09392 -0.10469 0.11723
-0.33394 -0.08580 0.04328
0.30863 -0.09477 0.15165
-0.36487 -0.16923 0.10210
0.03786 -0.03787 -0.07338
0.03490 -0.03787 -0.04634
-0.28797 -0.12016 -0.11689
-0.31443 -0.11697 0.08692
0.22303 -0.09590 0.15653
0.22288 -0.08822 0.16413
-0.24158 -0.14693 0.06460
0.42128 -0.07317 -0.05311
0.42167 -0.06272 -0.05150
-0.37783 -0.07913 0.11216
0.20196 -0.07236 -0.09800
-0.27524 -0.14058 0.09099
0.15844 -0.06956 -0.05008
-0.07029 -0.10920 0.10106
0.18542 0.13009 0.13172
0.21092 0.13103 0.13436
-0.20305 -0.09615 0.05688
-0.06014 -0.06050 -0.13537
0.27359 -0.10764 0.17494
-0.18893 -0.09516 -0.09345
-0.33839 -0.14705 -0.11585
0.06683 0.11493 -0.04464
0.06413 0.01456 0.05895
-0.22973 -0.15814 -0.09768
-0.40960 -0.13153 0.07704
0.33543 -0.13256 0.17908
-0.35048 -0.06342 -0.11682
-0.19181 -0.16232 -0.12147
-0.33274 -0.12022 -0.14339
0.26884 -0.01332 0.14784
-0.13063 -0.14152 0.12310
-0.34862 -0.16317 -0.15165
0.34343 -0.06985 -0.10669
0.17448 -0.11066 -0.08538
0.15452 0.06013 0.14008
-0.29404 -0.12414 0.12087
-0.37635 -0.15942 0.08049
0.16795 0.05489 -0.10275
0.15921 0.05536 -0.10363
-0.22927 -0.16679 -0.16786
0.17164 -0.01260 -0.10250
0.16936 0.00042 -0.10273
0.19165 0.00109 -0.10042
0.21922 0.01983 -0.09755
0.16301 -0.01275 -0.10339
0.15801 -0.01566 -0.10391
0.39557 0.02912 -0.05493
-0.40109 -0.08307 0.10974
-0.38704 -0.09508 -0.14585
-0.21632 -0.09660 -0.13300
-0.33319 -0.11382 -0.12640
0.21610 -0.07432 0.14640
0.05493 -0.02886 -0.08034
0.14922 0.00882 0.01631
0.14021 0.00884 0.10305
-0.38556 -0.13147 -0.11387
0.09262 0.05046 -0.05123
-0.08637 -0.06968 -0.11222
-0.04236 -0.11460 -0.10765
-0.23872 -0.06245 0.05686
-0.37481 -0.16048 0.03903
0.32626 -0.11473 0.07847
0.10310 0.11798 -0.07361
-0.18776 -0.15642 -0.09333
-0.23839 -0.15488 -0.09858
0.04457 -0.01435 -0.04958
0.04814 -0.01369 -0.04586
0.03891 -0.01554 -0.06407
-0.07943 -0.10031 -0.06379
-0.11471 -0.06102 0.11060
0.27698 -0.09212 0.17529
0.30684 -0.08561 0.15577
0.34639 -0.16816 -0.09758
-0.36704 -0.15071 -0.18539
-0.29925 -0.04669 -0.01336
-0.39749 -0.05734 -0.08441
0.11758 0.02438 -0.10099
0.11824 0.04299 -0.10036
-0.35188 -0.16849 0.04829
-0.32829 -0.06318 -0.17027
0.24668 0.12861 -0.04986
-0.37818 -0.11560 0.07541
-0.20781 -0.07740 0.09800
-0.08702 -0.07820 -0.11228
0.12736 -0.00377 -0.10313
0.12744 0.02816 -0.10391
-0.27611 -0.08279 0.04928
0.34002 -0.11839 0.16790
0.33553 -0.09920 0.17631
-0.35653 -0.09099 -0.15598
-0.22671 -0.07191 0.08624
0.07001 0.01865 -0.10495
-0.20732 -0.12559 -0.14128
-0.21554 -0.08481 -0.09836
-0.21420 -0.12670 0.12342
0.10356 0.09048 0.12592
-0.36687 -0.14120 -0.18537
-0.22764 -0.13882 0.08945
0.25231 0.11048 -0.07461
0.25043 0.10803 -0.08409
-0.36111 -0.08557 -0.14315
-0.32531 -0.05949 0.00244
-0.35799 -0.08448 0.07053
-0.18725 -0.05829 -0.04346
0.28500 -0.10006 0.14056
-0.23271 -0.16534 -0.12981
-0.10110 -0.10181 0.08111
-0.23716 -0.04214 -0.09475
0.36165 -0.16180 -0.06755
0.29599 -0.16297 0.17727
0.04748 0.12488 0.11200
-0.22450 -0.11878 -0.12637
-0.30914 -0.07966 -0.14754
-0.18574 -0.07588 -0.09433
-0.08001 -0.15282 -0.11156
-0.25287 -0.06345 0.11925
0.14196 0.01084 0.00975
0.14118 0.01084 0.01880
0.14246 0.01084 0.03498
0.07324 0.07235 -0.09464
-0.31437 -0.11712 0.04531
0.18992 -0.09431 0.14317
0.28852 -0.01077 0.14854
0.40205 0.03059 -0.03263
-0.11629 -0.06673 -0.11116
0.34402 -0.01239 -0.10380
0.36204 -0.02400 0.15923
0.35836 0.04041 0.07767
0.33521 0.04465 -0.06370
0.19378 -0.06225 0.09671
0.06815 0.04787 -0.06393
0.06414 0.05152 -0.00762
-0.40871 -0.11257 0.07712
0.28652 0.05182 -0.00573
-0.22962 -0.06498 -0.16949
-0.36721 -0.11587 -0.18539
