-0.24967 -0.07621 -0.11209
-0.34399 -0.10806 0.09316
-0.34480 -0.11386 0.11616
-0.25360 -0.16290 -0.07464
-0.23169 -0.10883 -0.12208
-0.22981 -0.12287 0.04564
-0.23117 -0.11276 -0.11434
-0.23079 -0.11558 0.00213
-0.23087 -0.11500 -0.12126
-0.23047 -0.11798 -0.12744
-0.23043 -0.11826 -0.02420
-0.23015 -0.12034 -0.00584
-0.33473 -0.11221 0.14203
0.27764 -0.05839 -0.12517
-0.35575 -0.11718 -0.07701
0.31425 -0.17010 0.08982
0.26877 -0.08631 0.13105
0.23949 -0.14132 0.08572
-0.28310 -0.12245 0.13828
0.41423 -0.05891 0.14479
-0.25180 -0.09752 0.09005
0.30091 -0.13413 -0.11866
-0.28100 -0.12274 0.12496
0.26225 -0.07198 0.14296
0.10997 0.17000 0.14009
-0.35452 -0.10336 0.13339
-0.24554 -0.15210 0.08111
-0.30518 -0.13761 -0.11360
0.41143 -0.07330 0.13902
0.42610 -0.06847 0.10068
0.41360 -0.08324 0.13336
0.41448 -0.08939 0.13105
-0.32849 -0.11490 -0.11188
0.25094 -0.06520 0.10041
-0.41665 0.17523 0.07474
-0.24447 -0.08214 -0.12592
0.30467 0.02457 -0.12706
-0.26403 -0.06841 -0.09509
-0.26473 -0.06812 0.04148
-0.26724 -0.06710 -0.01778
-0.26641 -0.06744 -0.06727
-0.26214 -0.06918 0.10803
-0.27329 -0.06463 -0.09092
-0.27173 -0.06527 -0.11002
-0.26272 -0.06894 0.11717
-0.26657 -0.06737 -0.05019
-0.27285 -0.06481 -0.12236
0.30462 0.02995 -0.09434
0.30903 0.03066 -0.07970
-0.34262 -0.08026 -0.11333
0.29866 -0.11219 0.12496
-0.31786 -0.09196 -0.11122
0.27460 -0.15055 0.12324
-0.34906 0.03405 0.14500
-0.38243 0.03547 0.14447
-0.29285 0.03719 0.14382
-0.33660 0.03530 0.14453
-0.30422 -0.16654 -0.12105
-0.30134 -0.16693 -0.11111
-0.30421 -0.05723 -0.10358
0.42657 -0.12064 -0.10794
0.43086 -0.12229 -0.09618
0.42365 -0.11813 -0.11595
0.38539 -0.00705 -0.07544
-0.40458 0.16048 -0.11875
-0.30637 -0.07220 -0.08252
-0.30485 -0.07451 -0.10851
0.25335 -0.16061 -0.11092
0.23284 0.04314 0.13821
-0.35463 -0.10700 0.10171
-0.24976 -0.13144 -0.13279
-0.28445 -0.12108 -0.12592
0.26846 0.04184 0.09488
0.25664 0.04068 0.12392
0.34395 -0.11767 0.10618
-0.31105 -0.14349 -0.11188
-0.31166 -0.08791 0.13105
-0.43343 0.15047 -0.03046
-0.29846 -0.10880 -0.12510
-0.33335 -0.13808 -0.12758
-0.25129 -0.09592 -0.07633
-0.27989 -0.05978 -0.13221
0.12473 0.17725 -0.03318
0.27912 -0.05676 0.10369
-0.25046 -0.16046 -0.11909
0.32348 -0.13256 0.12776
0.08779 0.01766 -0.13814
0.05771 0.02125 -0.13814
0.12012 0.00030 -0.13814
0.01801 0.03005 -0.13814
0.07382 0.01336 -0.13814
0.10113 0.01775 -0.13814
0.02645 0.01487 -0.13814
0.12981 0.01353 -0.13814
0.15017 0.01735 -0.13814
0.15994 0.01399 -0.13814
0.16360 0.00570 -0.13814
0.17109 0.01708 -0.13814
0.02557 0.02765 -0.13814
0.01657 0.01990 -0.13814
0.17064 -0.01221 -0.13814
0.10836 0.03291 -0.13814
0.12010 0.01941 -0.13814
0.17466 0.01222 -0.13814
0.08705 0.02473 -0.13814
0.02313 0.03373 -0.13814
0.17758 0.02916 -0.13814
0.13936 0.01212 -0.13814
0.12116 0.02796 -0.13814
0.10916 0.01173 -0.13814
0.09749 0.03259 -0.13814
-0.24460 -0.12429 -0.07908
-0.24528 -0.12919 -0.11423
0.32317 -0.06229 -0.08418
0.33230 -0.10925 0.09031
0.33175 -0.10496 0.09621
0.29026 -0.10530 0.13549
-0.42386 0.16038 -0.07552
0.22643 -0.09348 0.11764
-0.41088 0.13697 -0.12739
-0.28480 -0.16155 0.10942
-0.30769 -0.05764 0.12409
-0.25301 -0.13748 -0.09227
-0.30439 -0.12788 -0.12601
-0.31523 -0.06013 0.13512
-0.29716 -0.05691 -0.12346
0.25600 -0.09400 0.12892
-0.31504 -0.11592 0.12487
-0.13613 0.11134 0.14069
-0.15243 0.08423 0.14069
-0.15566 0.12482 0.14069
-0.17156 0.09732 0.14069
-0.11947 0.07398 0.14069
-0.18028 0.12640 0.14069
-0.16357 0.11193 0.14069
-0.13364 0.08179 0.14069
-0.13564 0.09902 0.14069
-0.11751 0.11427 0.14069
-0.18896 0.12462 0.14069
-0.12420 0.11885 0.14069
-0.12527 0.14184 0.14069
-0.14179 0.08019 0.14069
-0.12036 0.14811 0.14069
-0.10516 0.14789 0.14069
-0.15856 0.08716 0.14069
-0.12741 0.07589 0.14069
-0.11029 0.12125 0.14069
-0.11299 0.07740 0.14069
-0.13565 0.07202 0.14069
-0.15507 0.11747 0.14069
-0.15466 0.09372 0.14069
-0.12631 0.08820 0.14069
-0.19015 0.10889 0.14069
-0.16406 0.09179 0.14069
-0.11386 0.10281 0.14069
-0.20572 0.14126 0.14069
-0.22737 0.14227 0.14069
-0.15753 0.10241 0.14069
0.23690 0.03297 0.14423
0.15708 0.13176 -0.08255
0.17229 0.10330 -0.09809
0.27054 -0.11096 -0.14242
0.33760 -0.13630 -0.10490
0.33979 -0.13235 -0.09995
-0.29522 -0.17858 0.13374
-0.32607 -0.10485 0.14410
0.30028 -0.07406 -0.13003
0.29306 -0.17751 -0.09012
0.30681 -0.17243 0.08191
-0.24411 -0.12076 0.11242
-0.24506 -0.12759 0.10038
-0.25190 -0.14452 0.13114
-0.25471 -0.14811 0.09635
-0.29596 -0.17869 -0.11071
0.29051 0.03469 -0.09441
-0.30534 -0.13005 0.11848
-0.42495 0.16722 -0.05829
0.29065 -0.17766 0.13586
-0.30183 -0.17752 0.13301
0.30548 0.01771 -0.13585
0.43778 -0.10655 -0.07148
0.42846 -0.10658 -0.09681
0.25752 -0.07813 -0.14623
0.30815 -0.05738 -0.11200
0.27558 -0.07612 -0.10369
-0.31548 -0.06011 0.09262
-0.34426 -0.15260 -0.11197
-0.24769 -0.11672 0.09671
-0.24799 -0.10717 0.08728
-0.42978 -0.04211 -0.05976
0.20507 0.04230 0.14186
0.29622 -0.07079 0.08577
-0.32607 -0.07874 -0.11292
-0.32736 -0.07971 -0.08724
-0.34969 -0.09092 -0.12362
0.27035 -0.07179 0.08702
0.27390 -0.11793 -0.12420
0.27537 -0.16214 -0.14054
0.27711 -0.16287 -0.14649
0.26016 -0.15242 -0.07624
-0.25824 -0.14757 -0.07992
-0.25714 -0.14365 -0.09609
-0.33231 -0.09613 0.13073
-0.33627 -0.09893 0.10424
-0.27756 -0.07056 -0.10258
0.19106 0.06352 -0.13248
-0.24912 -0.15874 0.08633
-0.32600 -0.15134 0.09939
0.26369 -0.15484 -0.14023
0.26068 -0.15253 -0.10172
-0.23459 -0.12782 0.13804
-0.32928 -0.16764 0.09117
-0.30562 -0.17138 0.14596
-0.32463 -0.13440 0.12324
-0.27770 -0.16460 0.10833
-0.27894 -0.16510 0.11474
0.28169 -0.05959 0.14420
-0.25122 -0.11518 -0.12758
-0.30185 -0.05761 0.13772
-0.35023 -0.10871 0.07778
0.35752 -0.12049 -0.11104
-0.35263 -0.10115 -0.13147
-0.15753 0.17359 -0.10483
0.08920 0.17678 -0.07993
-0.22085 0.17115 -0.12385
-0.06085 0.17278 -0.11116
0.03038 0.17049 -0.12896
-0.19011 0.17012 -0.13190
0.10815 0.17027 -0.13072
0.04222 0.17578 -0.08772
-0.26030 0.17123 -0.12323
-0.07436 0.17304 -0.10912
0.10915 0.17495 -0.09421
-0.03682 0.17542 -0.09057
-0.12398 0.17207 -0.11668
-0.27229 0.17181 -0.11868
-0.16478 0.17344 -0.10602
0.03332 0.17534 -0.09118
-0.10410 0.17066 -0.12770
0.03801 0.17019 -0.13130
0.10915 0.17189 -0.11804
0.00765 0.17488 -0.09478
-0.04611 0.17157 -0.12055
-0.03287 0.17184 -0.11846
-0.00599 0.17455 -0.09730
0.11136 0.17362 -0.10455
0.10057 0.17436 -0.09877
0.02383 0.17674 -0.08026
-0.21604 0.17159 -0.12042
-0.13199 0.17062 -0.12796
-0.10385 0.17450 -0.09771
0.03425 0.17673 -0.08033
-0.18907 0.17160 -0.12034
-0.13181 0.17242 -0.11397
0.05050 0.17422 -0.09994
-0.04498 0.17581 -0.08749
-0.11632 0.17347 -0.10579
0.06399 0.17804 -0.07014
0.00040 0.17442 -0.09836
-0.29971 0.17083 -0.12634
-0.09867 0.17194 -0.11768
-0.07615 0.17497 -0.09404
-0.03178 0.17269 -0.11179
-0.01146 0.17587 -0.08707
-0.13623 0.17007 -0.13223
0.02837 0.17315 -0.10824
0.08890 0.17529 -0.09156
0.08680 0.17817 -0.06911
0.04097 0.17149 -0.12121
-0.09227 0.17239 -0.11416
-0.12017 0.16993 -0.13334
0.10203 0.17319 -0.10793
-0.00457 0.17148 -0.12129
-0.33236 0.17022 -0.13106
-0.14784 0.17148 -0.12127
0.04490 0.17471 -0.09609
-0.05011 0.17462 -0.09681
0.05765 0.17459 -0.09700
0.02221 0.17211 -0.11638
-0.11707 0.17255 -0.11291
0.02866 0.17719 -0.07679
-0.05479 0.17137 -0.12212
-0.14280 0.17066 -0.12764
-0.08824 0.17350 -0.10550
-0.04876 0.17036 -0.12996
-0.43506 -0.01542 0.05568
-0.43506 0.00686 0.06473
-0.25833 -0.15273 -0.12089
0.24258 0.04710 0.08856
0.24430 0.04789 0.07890
0.23047 0.04611 -0.10370
-0.29983 -0.08940 -0.11360
-0.29113 -0.16244 -0.09879
0.34170 -0.11548 0.14333
0.27072 -0.09917 -0.12152
0.32892 -0.08778 0.14608
0.37720 -0.00961 -0.09184
0.36539 -0.00659 -0.10518
-0.25029 -0.15996 0.12292
0.41545 -0.04361 0.13241
0.42375 -0.03982 0.10848
-0.30620 -0.05746 -0.08296
-0.25434 -0.08751 0.08899
-0.25461 -0.08715 0.10789
-0.26692 -0.12932 0.12236
0.44307 -0.12248 0.02648
0.44307 -0.11589 -0.00222
0.44307 -0.12108 -0.05476
0.44307 -0.11833 -0.01429
-0.28008 -0.12214 -0.11532
0.25960 -0.08635 -0.14627
-0.23377 -0.10789 -0.07774
0.26999 0.03815 -0.11111
-0.31661 -0.10406 0.12420
0.30331 -0.10665 -0.12496
-0.34507 -0.11890 -0.11810
0.31075 -0.10445 -0.12324
0.32298 -0.07501 0.14358
0.42158 -0.10434 0.11988
0.41679 -0.10822 0.13912
-0.30288 -0.14516 -0.11360
0.31632 -0.16703 0.14212
0.25886 -0.17280 0.08439
-0.32846 -0.07235 0.00671
-0.33089 -0.07418 -0.09499
-0.33158 -0.07471 -0.02560
-0.32582 -0.07035 -0.07187
-0.32842 -0.07231 0.03555
-0.33029 -0.07373 -0.03782
-0.32647 -0.07084 -0.05520
-0.33426 -0.07673 -0.11628
-0.32493 -0.06967 -0.09404
-0.30674 -0.17702 0.11108
-0.30477 -0.06863 0.11308
-0.31241 -0.09092 -0.11360
-0.31693 -0.07281 -0.08801
-0.31454 -0.07185 -0.09898
0.39874 -0.01560 -0.07713
-0.30777 -0.17656 0.10404
-0.33525 -0.09071 0.08577
0.23425 -0.11480 -0.10377
-0.30237 -0.10418 -0.11489
0.35420 -0.00489 -0.13574
0.29901 -0.17537 0.08218
-0.43506 0.07180 -0.01448
-0.43506 0.10137 -0.01228
-0.43506 0.10816 -0.04959
-0.43506 0.10217 0.02267
-0.43506 0.09622 0.00390
-0.43506 0.08916 -0.05835
-0.43506 0.11921 0.03587
-0.43506 0.04956 -0.05415
-0.43506 0.11113 -0.03912
-0.43506 0.07839 -0.05083
-0.43506 0.11835 -0.00172
-0.43506 0.10626 -0.06135
-0.43506 0.04544 -0.03814
-0.43506 0.12098 -0.03267
-0.43506 0.11891 0.02579
-0.43506 0.11334 -0.02645
-0.43506 0.11446 -0.04508
-0.43506 0.08454 0.01859
-0.43506 0.09910 0.01347
-0.43506 0.06740 -0.02509
-0.43506 0.08151 -0.02297
-0.43506 0.11326 0.04240
-0.43506 0.11609 0.06114
-0.43506 0.08167 0.00445
-0.43506 0.06717 -0.03256
0.26848 -0.17699 0.08692
-0.32090 -0.06225 0.09313
0.29343 -0.07927 -0.14451
0.27837 -0.15879 -0.10165
0.27748 -0.15732 -0.11220
0.34420 -0.11830 0.09280
0.24444 -0.14175 0.11082
-0.30310 -0.05732 -0.07651
0.29802 -0.07452 0.10155
0.29787 -0.07568 0.11330
0.35415 -0.13722 -0.13195
-0.26058 -0.12893 -0.11360
0.30088 -0.06712 -0.09530
-0.28479 -0.11351 -0.10863
-0.31186 -0.09786 0.12324
0.37127 -0.01095 0.14121
0.21246 0.04988 -0.07494
0.21244 0.04835 -0.09345
-0.31502 -0.08044 -0.11631
0.25052 0.04321 -0.10362
0.25972 0.04531 -0.06969
-0.24296 -0.15135 -0.08387
-0.28773 -0.16679 0.08532
-0.26861 -0.07438 -0.08865
-0.26312 -0.07860 -0.07883
-0.35507 -0.13059 -0.11492
-0.40894 -0.06396 0.14346
-0.32078 -0.10989 0.12420
-0.31250 -0.15777 0.11855
-0.25439 -0.07116 0.12431
-0.31809 -0.07861 0.10614
-0.24886 -0.09635 -0.08813
-0.24725 -0.10026 -0.11154
-0.30386 -0.17588 -0.13252
-0.29241 -0.13535 -0.10884
-0.23574 -0.10064 0.13865
-0.42428 0.16565 0.07819
0.28181 -0.10314 0.12120
0.30232 -0.13974 -0.12152
-0.31731 -0.12280 -0.10962
-0.35501 -0.10959 -0.12304
0.26633 -0.09005 0.12324
-0.31684 -0.17447 -0.12072
0.30440 0.03486 0.01249
0.30577 0.03442 -0.01263
0.30329 0.03521 -0.03368
-0.32688 -0.16995 0.11038
-0.32461 -0.10815 -0.11188
0.28077 -0.13979 -0.12152
-0.24944 -0.00666 0.14512
-0.22080 0.00907 0.14512
-0.25261 0.00398 0.14512
-0.19286 0.00682 0.14512
-0.26940 -0.02701 0.14512
-0.15421 0.02805 0.14512
-0.21039 0.01625 0.14512
-0.24742 0.00030 0.14512
-0.23349 0.03018 0.14512
-0.12762 0.02486 0.14512
-0.23742 0.01783 0.14512
-0.24528 0.01480 0.14512
-0.24049 -0.01389 0.14512
-0.26834 0.02390 0.14512
-0.26115 -0.01537 0.14512
-0.21166 0.03249 0.14512
-0.17928 0.01751 0.14512
-0.14086 0.02516 0.14512
-0.21739 0.00062 0.14512
-0.17177 0.02820 0.14512
-0.26938 0.00850 0.14512
-0.32858 -0.06676 0.11962
-0.24189 -0.08534 -0.08639
-0.27042 -0.13177 -0.11360
0.35665 -0.10945 -0.10816
-0.43506 0.00401 0.02298
-0.43506 0.01063 0.00611
-0.43506 -0.00364 0.04483
-0.43506 -0.00182 0.05695
-0.43506 0.01532 -0.01013
-0.43506 0.02071 -0.02741
-0.43506 0.00877 0.04006
0.33565 -0.16376 -0.12452
0.31961 -0.17246 -0.11179
0.23442 -0.11715 -0.11265
0.28956 -0.12502 0.13814
0.29153 -0.13484 -0.12496
-0.43180 -0.04635 -0.01962
-0.26557 -0.10489 -0.13354
-0.43218 0.06574 0.08167
-0.42762 0.07570 0.09325
-0.43010 0.06924 0.08695
-0.43026 0.10798 0.08656
-0.43367 0.11473 0.07790
-0.42608 0.09709 0.09717
-0.43056 0.05827 0.08580
-0.42646 0.08975 0.09620
0.33026 -0.06581 -0.13581
0.29873 -0.12441 0.12119
0.26857 -0.15887 -0.14709
0.17221 0.09592 -0.12318
0.16773 0.11020 -0.09882
0.15138 0.14001 -0.08496
0.14417 0.14442 -0.10830
0.14356 0.14134 -0.12190
0.16534 0.10731 -0.12116
0.18356 0.07727 -0.12588
0.16279 0.11344 -0.11402
0.15291 0.13287 -0.10088
0.14277 0.14433 -0.11600
0.14579 0.13590 -0.12841
0.15281 0.12892 -0.11475
0.17826 0.08910 -0.11410
0.23439 -0.11758 -0.08720
0.28230 -0.12719 0.13783
-0.35499 -0.12826 -0.09070
0.26310 -0.10686 0.12086
0.23021 -0.12632 0.07679
-0.33629 -0.13572 -0.09645
0.23580 -0.07894 0.08533
0.34077 -0.12110 -0.11592
-0.26538 -0.17073 0.14087
-0.30668 -0.11291 0.13709
0.25171 -0.10342 -0.14172
0.23330 -0.12882 0.12697
0.23287 -0.12550 0.08907
0.39318 -0.01345 -0.07360
-0.35180 -0.13958 0.10362
0.32659 -0.12585 0.11568
-0.26609 -0.15879 0.11613
-0.26229 -0.15593 0.08603
0.39189 -0.01887 0.10668
0.28904 -0.10704 0.11848
0.32403 -0.15848 -0.13167
0.32640 -0.15670 -0.13661
-0.27008 -0.06184 -0.08630
-0.26515 -0.10928 0.14177
0.24910 -0.07816 -0.08379
0.25115 -0.12428 -0.10532
0.25004 -0.12875 -0.08797
0.23245 -0.11279 0.09723
0.23189 -0.11683 0.10398
-0.41880 0.02847 -0.10673
-0.43414 0.07084 -0.06517
-0.42883 0.06667 -0.07954
-0.43127 0.07946 -0.07295
-0.43391 0.06182 -0.06580
-0.43202 0.04046 -0.07091
-0.43030 0.05563 -0.07557
-0.42234 0.05011 -0.09714
-0.42908 0.03580 -0.07888
-0.42272 0.03415 -0.09612
-0.26753 -0.14301 0.14283
0.34784 -0.09400 -0.11181
0.35327 -0.10689 -0.02231
0.35168 -0.10311 -0.09477
0.35114 -0.10182 0.03243
0.35164 -0.10301 0.05413
0.35047 -0.10024 -0.10106
0.35148 -0.10264 0.01103
0.35179 -0.10339 -0.08761
0.35079 -0.10100 -0.08186
0.30919 -0.12359 0.12324
0.27887 -0.17413 -0.08172
0.26692 -0.08479 -0.12830
0.27215 -0.07602 -0.08777
0.30911 -0.17669 -0.09221
0.26498 -0.12533 -0.12086
-0.24543 -0.15422 0.08766
0.41923 -0.05203 -0.12105
0.42162 -0.05550 -0.11182
0.28278 -0.11062 -0.12594
-0.28333 -0.08868 0.12324
-0.24784 -0.15473 0.14152
0.31142 -0.06904 -0.11266
0.31387 -0.07006 -0.10472
0.22861 -0.14726 0.08569
-0.41318 0.17777 -0.01060
-0.27560 -0.16375 -0.13212
-0.27957 -0.16536 -0.09653
-0.26364 -0.06537 0.13829
-0.24183 -0.09868 0.14571
-0.31404 -0.17542 0.10011
0.35800 -0.11829 -0.10299
-0.31813 -0.16178 -0.11837
-0.23800 -0.09486 0.09001
0.16541 0.12579 0.04699
0.14961 0.14989 0.02293
0.18762 0.09192 0.06608
0.18895 0.08988 0.05219
0.19162 0.08581 0.07155
0.17395 0.11276 0.04650
0.16971 0.11923 0.06559
0.18112 0.10182 0.04809
0.16160 0.13160 0.06788
0.15163 0.14680 0.03444
0.16029 0.13359 0.02455
0.20208 0.06986 0.07171
0.16378 0.12828 0.02627
0.15431 0.14272 0.05424
0.23433 0.04372 -0.12287
0.23140 0.04494 -0.11432
0.26420 -0.08457 -0.13729
0.25147 -0.06488 0.11112
0.30449 0.02447 0.13568
0.31928 0.02405 0.10503
0.33711 -0.08819 0.09524
0.25218 -0.10859 0.12420
-0.26235 -0.12089 -0.11188
-0.23483 -0.10248 0.10892
-0.34440 -0.11100 -0.08805
-0.34427 -0.11007 -0.08151
-0.23632 -0.09904 -0.12825
0.26262 -0.14672 0.12324
0.32032 0.01874 -0.12187
-0.32028 -0.07798 -0.07757
-0.32324 -0.08323 -0.10282
0.33325 -0.11887 0.13980
-0.30117 -0.16235 -0.09531
-0.30648 -0.16223 -0.08906
0.26899 -0.12667 0.14211
-0.41856 0.17383 -0.03286
0.25376 -0.09670 -0.09140
-0.28791 -0.10878 0.13834
0.30845 -0.10128 0.12324
-0.33169 -0.09367 -0.11139
-0.32643 -0.06503 0.08905
-0.43101 -0.02963 0.07618
0.25535 -0.15178 0.13721
-0.31817 -0.07995 0.13721
0.28697 -0.13608 0.12152
-0.41642 -0.08782 -0.12776
0.30930 -0.14249 0.14266
0.39089 -0.01544 0.09485
-0.27083 -0.15753 -0.08770
-0.26625 -0.15010 -0.12110
-0.42696 -0.11583 -0.10554
-0.44234 -0.11886 -0.06461
-0.43988 -0.11781 -0.07117
-0.44110 -0.09346 -0.06793
-0.25709 -0.09698 0.14155
0.24901 -0.07795 -0.12066
-0.28268 -0.17744 0.12335
0.27028 -0.07230 -0.14690
-0.31684 -0.06144 0.10182
0.32900 -0.07805 0.12264
-0.43506 -0.07635 0.03623
-0.43506 -0.05878 0.05230
-0.43506 -0.07352 0.05071
-0.43506 -0.06124 0.06012
-0.43506 -0.08407 0.02972
-0.43506 -0.08576 0.00524
-0.43506 -0.08672 0.04199
-0.43506 -0.06448 0.02327
-0.43506 -0.06750 0.06104
-0.43506 -0.07568 -0.00751
-0.43506 -0.07137 0.03011
-0.24178 -0.08667 0.10476
0.25733 -0.12209 0.12324
0.26904 -0.11035 -0.12152
0.27571 -0.06335 -0.02881
0.26536 -0.06758 -0.06409
0.27036 -0.06554 -0.12361
0.26700 -0.06691 -0.03470
0.27332 -0.06433 0.00300
0.26589 -0.06736 -0.07822
0.27317 -0.06439 -0.06828
0.26658 -0.06708 -0.05241
0.27208 -0.06484 -0.05055
0.32098 -0.07006 0.10483
-0.31470 -0.17422 -0.12868
0.25027 -0.08861 0.13721
-0.27325 -0.16520 -0.06706
-0.33616 -0.08943 -0.07781
-0.33145 -0.08343 -0.08555
0.11552 0.17455 -0.09509
0.24050 -0.09905 0.10153
0.27545 0.02458 0.14430
0.22169 0.04751 -0.09697
0.22382 0.04784 -0.09118
-0.43506 -0.05632 0.02916
-0.14221 0.08379 -0.13343
-0.11291 0.07412 -0.13343
-0.12180 0.08692 -0.13343
-0.19131 0.06577 -0.13343
-0.12413 0.06047 -0.13343
-0.11601 0.05266 -0.13343
-0.20501 0.05344 -0.13343
-0.12238 0.09692 -0.13343
-0.13194 0.09907 -0.13343
-0.11121 0.09949 -0.13343
-0.10615 0.11162 -0.13343
-0.14542 0.10423 -0.13343
-0.23991 0.05934 -0.13343
-0.19041 0.07972 -0.13343
-0.11095 0.08935 -0.13343
-0.20804 0.06241 -0.13343
-0.16737 0.05611 -0.13343
-0.13673 0.12918 -0.13343
-0.13005 0.04775 -0.13343
-0.22404 0.05775 -0.13343
-0.18768 0.05555 -0.13343
-0.11206 0.13099 -0.13343
-0.20201 0.06255 -0.13343
-0.21614 0.04765 -0.13343
-0.14913 0.08432 -0.13343
-0.11478 0.13758 -0.13343
-0.13245 0.07904 -0.13343
-0.21519 0.07174 -0.13343
-0.14525 0.07013 -0.13343
-0.10522 0.06514 -0.13343
-0.21354 0.06569 -0.13343
-0.23883 0.06523 -0.13343
-0.10482 0.12848 -0.13343
-0.17020 0.08140 -0.13343
0.27924 -0.16045 0.12938
0.27155 -0.15866 0.13711
-0.27129 -0.06142 -0.10272
-0.23931 -0.14419 0.10024
0.28863 0.03262 -0.11268
0.30340 0.03306 -0.07714
-0.30394 -0.17777 -0.08960
-0.27724 -0.15800 -0.10977
0.35683 -0.12693 -0.13185
-0.33553 -0.14647 -0.09972
-0.33372 -0.14883 -0.08293
-0.29280 -0.09304 -0.11188
0.35545 -0.09995 -0.12297
-0.24796 -0.11434 0.14208
0.23353 -0.12359 0.14684
0.32772 -0.07576 0.11267
-0.34536 -0.08312 0.13720
-0.34068 -0.09774 0.08856
-0.26875 -0.06210 0.12599
0.26214 -0.14998 -0.08711
0.26532 -0.14687 -0.13307
0.12801 0.16382 0.13061
-0.33243 -0.10713 -0.13389
-0.29801 -0.06178 0.04070
-0.30005 -0.06205 -0.09574
-0.29486 -0.06137 -0.05861
-0.29335 -0.06118 -0.07095
-0.29614 -0.06154 -0.12957
-0.29796 -0.06178 -0.07779
-0.29870 -0.06187 0.02086
-0.30064 -0.06213 -0.11814
0.32244 -0.10148 0.13721
0.28423 -0.09592 -0.11934
0.28266 -0.05883 -0.14230
0.11332 0.17061 0.13324
0.27415 -0.07190 -0.12544
0.27498 -0.07157 -0.09944
-0.26532 -0.14033 -0.11257
0.23531 -0.11323 0.08715
0.24758 -0.08133 0.13653
0.23571 -0.13570 0.10222
0.30410 -0.12732 -0.13658
-0.27078 -0.17352 0.11650
0.31806 0.01124 -0.13635
0.26581 -0.07711 -0.11618
-0.32997 -0.08777 0.14175
-0.34421 -0.12002 0.14691
0.25102 -0.16998 0.12782
-0.26591 0.03856 -0.13622
-0.17725 0.03884 -0.13611
-0.24083 0.03829 -0.13633
0.25892 -0.10591 -0.14464
-0.43139 0.01246 0.07279
-0.43210 0.00230 -0.05231
0.26432 -0.16086 0.14527
0.34067 -0.10177 0.08184
0.32343 0.01534 -0.13205
0.33182 0.01292 -0.12306
0.33533 0.02297 -0.05057
0.34010 0.02083 -0.04200
0.34120 0.02034 -0.02878
0.30775 -0.13637 0.12152
-0.26706 -0.09904 -0.11188
-0.25623 -0.07006 0.11814
-0.33953 -0.12581 -0.12924
-0.35258 -0.13588 -0.12847
-0.42423 0.15066 0.09564
0.34367 -0.07767 -0.12768
0.24572 -0.16627 0.13183
-0.37640 -0.12347 -0.01375
-0.36254 -0.12347 0.04676
-0.36793 -0.12347 0.10089
-0.35738 -0.12347 0.07354
-0.35689 -0.12347 -0.07207
-0.37811 -0.12347 0.11296
-0.38908 -0.12347 0.02368
-0.37468 -0.12347 0.01103
-0.36306 -0.12347 -0.05635
-0.36164 -0.12347 0.08343
-0.36880 -0.12347 0.06948
-0.37361 -0.12347 0.03318
-0.38021 -0.12347 0.09283
-0.39755 -0.12347 0.12307
-0.39206 -0.12347 0.11154
-0.36058 -0.12347 0.05749
-0.37051 -0.12347 0.00256
-0.35898 -0.12347 -0.03203
-0.36814 -0.12347 0.05962
-0.36024 -0.12347 -0.10797
-0.38183 -0.12347 0.04359
-0.35857 -0.12347 0.06673
-0.38993 -0.12347 0.05709
-0.36780 -0.12347 0.03542
-0.39101 -0.12347 0.11745
-0.36754 -0.12347 0.02470
-0.38570 -0.12347 0.10696
-0.36400 -0.12347 0.13535
-0.36946 -0.12347 0.01417
-0.38196 -0.12347 -0.01003
-0.40797 -0.12347 0.13387
-0.38693 -0.12347 0.03773
-0.38391 -0.12347 -0.00209
-0.39328 -0.12347 0.06781
-0.27753 -0.13183 0.12152
0.35105 -0.14373 -0.08385
-0.28893 -0.06167 -0.12091
-0.28423 -0.06228 -0.04065
-0.28266 -0.06248 -0.09446
-0.27858 -0.06301 -0.12317
-0.28601 -0.06205 -0.05474
-0.27993 -0.06284 -0.02555
-0.27703 -0.06321 0.12840
-0.28353 -0.06237 -0.03355
-0.27782 -0.06311 0.04415
-0.28541 -0.06213 -0.02366
-0.24671 -0.13282 0.08537
-0.24596 -0.08128 0.13717
0.31255 -0.12288 -0.11848
0.34749 -0.08273 -0.09366
-0.24832 -0.11411 -0.09014
0.25808 -0.09253 -0.11066
-0.32710 -0.16983 0.09741
-0.24838 -0.13760 -0.10350
-0.25030 -0.14210 -0.08570
-0.36780 0.07638 -0.13343
-0.36108 0.06373 -0.13343
-0.34156 0.04926 -0.13343
-0.36663 0.08649 -0.13343
-0.31972 0.04755 -0.13343
-0.34871 0.05757 -0.13343
-0.38877 0.08817 -0.13343
-0.35111 0.06421 -0.13343
-0.32487 0.05176 -0.13343
-0.37617 0.06904 -0.13343
0.28603 -0.05638 0.12686
-0.29170 -0.07187 0.10087
-0.30073 -0.15372 0.12157
0.27447 0.03631 -0.11641
0.28121 0.03759 -0.09293
-0.43811 -0.08699 0.08518
-0.42486 -0.08750 0.11641
0.27248 -0.14080 -0.12152
0.25539 -0.15213 0.12012
-0.31987 -0.06399 -0.07118
-0.30297 -0.12589 -0.13157
0.30243 0.02756 -0.11419
0.30980 0.02912 -0.08764
0.23861 -0.12016 0.12320
0.23689 -0.12500 0.09916
-0.31250 -0.14802 -0.13433
0.24656 -0.16671 0.11091
0.26587 -0.13508 -0.12152
0.39315 -0.02311 -0.13435
-0.27170 -0.10547 0.12324
0.13404 0.16368 -0.09601
-0.34968 -0.14542 -0.11397
0.29655 -0.12981 0.12496
0.35692 -0.12455 -0.12403
-0.43506 -0.05629 -0.05738
-0.33924 -0.10027 -0.13550
0.35169 -0.08982 -0.13375
0.29498 -0.06148 -0.13039
0.29869 -0.06196 -0.04984
0.30365 -0.06261 -0.03639
0.30816 -0.06319 0.09973
0.29575 -0.06158 -0.10218
0.30334 -0.06257 -0.06957
0.30135 -0.06231 -0.01315
0.30188 -0.06238 -0.00661
0.30373 -0.06262 -0.11192
-0.29168 -0.05670 0.11098
0.27314 0.04342 -0.04596
0.27351 0.04335 0.01019
0.27279 0.04350 0.03575
0.26971 0.04412 0.02018
-0.27983 -0.17711 -0.08807
0.12610 0.17427 -0.07674
0.42517 -0.02704 0.08325
0.41688 -0.03013 0.10984
0.43014 -0.03240 0.08327
-0.28752 -0.07668 0.14102
0.24994 -0.11307 0.13105
-0.26846 -0.11634 -0.12979
0.20983 0.03467 0.14460
0.35947 0.00272 0.11153
0.35622 -0.00190 0.13958
0.39170 -0.02033 0.13774
0.34424 0.01024 0.11405
0.36619 -0.00162 0.11490
0.34838 0.00501 0.12745
0.35072 0.00092 0.14002
0.36708 0.00174 0.09799
0.35754 0.00047 0.12599
0.34468 0.01229 0.10395
0.37900 -0.01028 0.12314
0.33848 0.01001 0.12857
-0.39635 0.16451 -0.12844
0.39789 -0.01686 -0.09183
0.24694 -0.10596 -0.10130
0.24691 -0.10624 -0.12823
-0.28418 -0.10452 -0.11360
0.33580 0.01354 0.11894
-0.23884 -0.09268 0.11196
0.32447 -0.17100 -0.10018
0.23379 0.04952 -0.03784
0.23688 0.04925 -0.05207
0.23164 0.04972 -0.04334
0.22686 0.05014 -0.01067
0.32780 -0.14911 0.14600
0.25512 -0.14556 -0.12323
-0.28124 -0.16273 0.14467
-0.32296 -0.14310 -0.13124
-0.27997 -0.07561 -0.10595
-0.28945 -0.13724 0.14012
-0.41069 0.17581 -0.07289
-0.41407 0.15458 -0.10570
-0.30182 -0.16636 0.08543
0.25331 -0.09839 0.11176
0.25985 0.04604 -0.04342
0.26039 0.04595 -0.05676
0.25892 0.04619 0.00377
0.26018 0.04598 -0.00240
0.26021 -0.16597 0.14639
-0.35576 -0.11109 -0.09032
0.04023 -0.12347 0.09958
0.03448 -0.12347 0.06617
0.20450 -0.12347 0.01250
0.20521 -0.12347 0.11680
0.12838 -0.12347 0.04493
0.05924 -0.12347 0.06107
0.20452 -0.12347 0.08200
0.16329 -0.12347 0.06817
-0.02304 -0.12347 0.06088
-0.02763 -0.12347 0.03436
0.18293 -0.12347 -0.10767
0.03572 -0.12347 -0.00285
0.06654 -0.12347 0.04955
0.14993 -0.12347 0.07792
0.10267 -0.12347 0.13821
-0.05615 -0.12347 0.03966
-0.08211 -0.12347 0.14265
0.05011 -0.12347 0.12965
0.09325 -0.12347 0.07162
0.16902 -0.12347 0.08009
0.15794 -0.12347 0.14028
0.21463 -0.12347 0.07794
0.12749 -0.12347 0.02745
0.10928 -0.12347 0.02954
0.02094 -0.12347 0.07183
-0.01545 -0.12347 0.03255
0.03311 -0.12347 0.04822
0.20796 -0.12347 0.10969
-0.18502 -0.12347 0.14367
0.02137 -0.12347 0.09786
0.09011 -0.12347 0.10470
-0.00350 -0.12347 0.08058
0.09935 -0.12347 0.00188
0.20058 -0.12347 0.13147
-0.01683 -0.12347 0.02314
0.21893 -0.12347 0.08619
0.15145 -0.12347 -0.07154
-0.16514 -0.12347 0.13197
0.21215 -0.12347 -0.04673
0.13666 -0.12347 -0.03022
0.13708 -0.12347 0.01078
0.11630 -0.12347 0.01831
-0.02846 -0.12347 0.10434
0.22835 -0.12347 0.05639
0.07199 -0.12347 0.12449
-0.05122 -0.12347 0.10914
-0.07057 -0.12347 0.14047
0.18647 -0.12347 -0.03780
0.21038 -0.12347 -0.06133
0.21953 -0.12347 0.03742
-0.06934 -0.12347 0.09724
0.15083 -0.12347 -0.02653
0.16494 -0.12347 -0.03123
0.21595 -0.12347 0.04474
-0.06997 -0.12347 0.11949
0.06173 -0.12347 0.02841
0.16196 -0.12347 0.10302
0.18512 -0.12347 0.13358
-0.13013 -0.12347 0.10868
0.20118 -0.12347 0.11223
0.10060 -0.12347 0.07426
0.01216 -0.12347 0.00215
0.03102 -0.12347 0.13332
0.20816 -0.12347 0.04369
0.11854 -0.12347 -0.00927
0.10289 -0.12347 0.06109
0.05234 -0.12347 0.07929
0.20874 -0.12347 0.00676
-0.07857 -0.12347 0.06255
0.22168 -0.12347 -0.01384
-0.06686 -0.12347 0.07608
0.07268 -0.12347 0.13184
-0.07044 -0.12347 0.08634
-0.05990 -0.12347 0.12397
0.16244 -0.12347 -0.05846
0.19318 -0.12347 -0.09868
0.19360 -0.12347 0.00964
0.00993 -0.12347 0.10763
0.19661 -0.12347 0.07658
0.08079 -0.12347 0.04150
0.14125 -0.12347 -0.02605
0.22195 -0.12347 0.11754
0.22530 -0.12347 0.08959
0.07627 -0.12347 0.05489
0.13443 -0.12347 -0.04756
0.18344 -0.12347 -0.02235
0.14305 -0.12347 0.10543
0.13205 -0.12347 -0.02424
0.16332 -0.12347 0.01745
0.15161 -0.12347 0.02892
0.10494 -0.12347 -0.04532
0.04565 -0.12347 0.00587
0.09296 -0.12347 0.06589
0.18172 -0.12347 -0.08708
-0.03827 -0.12347 0.13753
0.18210 -0.12347 0.07274
0.21919 -0.12347 -0.02066
-0.12206 -0.12347 0.11925
0.12447 -0.12347 -0.03562
-0.06698 -0.12347 0.05372
0.22265 -0.12347 -0.02931
0.12894 -0.12347 -0.05717
0.07029 -0.12347 -0.01070
0.01281 -0.12347 0.07527
-0.04836 -0.12347 0.09028
0.13539 -0.12347 0.03698
0.07902 -0.12347 0.12418
0.05517 -0.12347 0.13707
0.22051 -0.12347 -0.11993
0.17084 -0.12347 0.03791
-0.10124 -0.12347 0.07818
0.07711 -0.12347 0.06845
0.14364 -0.12347 -0.06037
-0.18416 -0.12347 0.13664
0.03674 -0.12347 0.02667
0.08753 -0.12347 0.13283
-0.04501 -0.12347 0.04151
-0.01022 -0.12347 0.08925
0.21429 -0.12347 0.10246
-0.16007 -0.12347 0.10412
0.21794 -0.12347 -0.06896
-0.07422 -0.12347 0.13301
0.04386 -0.12347 0.07375
0.07865 -0.12347 -0.04384
-0.00978 -0.12347 0.01131
0.08788 -0.12347 -0.01382
-0.17210 -0.12347 0.12438
0.02173 -0.12347 0.01174
-0.09209 -0.12347 0.08875
0.01361 -0.12347 0.04263
-0.06026 -0.12347 0.09998
0.19486 -0.12347 -0.08138
0.17187 -0.12347 -0.04577
0.20705 -0.12347 -0.08068
0.00786 -0.12347 0.11606
0.17597 -0.12347 -0.02694
-0.08152 -0.12347 0.12641
-0.16701 -0.12347 0.11875
0.03899 -0.12347 0.00852
-0.03567 -0.12347 0.07697
-0.09910 -0.12347 0.08490
-0.00559 -0.12347 0.04875
0.04722 -0.12347 -0.01984
0.14486 -0.12347 -0.03479
0.09038 -0.12347 -0.03774
0.11732 -0.12347 -0.05353
-0.00460 -0.12347 0.03496
0.04602 -0.12347 0.08949
-0.02732 -0.12347 0.02375
0.08951 -0.12347 -0.04483
0.09531 -0.12347 0.11401
-0.01319 -0.12347 0.06759
0.02353 -0.12347 0.12868
0.05462 -0.12347 0.04018
0.04858 -0.12347 0.12408
-0.04208 -0.12347 0.05450
0.18272 -0.12347 0.08759
0.10218 -0.12347 0.03679
-0.12654 -0.12347 0.09284
0.17261 -0.12347 0.12833
0.00305 -0.12347 0.12398
0.16487 -0.12347 -0.03706
-0.03171 -0.12347 0.11367
-0.01871 -0.12347 0.09167
-0.08096 -0.12347 0.07804
0.21696 -0.12347 0.06060
0.09918 -0.12347 0.10235
0.14176 -0.12347 0.06812
0.11468 -0.12347 0.04399
0.15515 -0.12347 0.04654
0.03257 -0.12347 0.03223
0.18522 -0.12347 -0.09481
0.20415 -0.12347 -0.04145
0.17264 -0.12347 0.00765
0.06823 -0.12347 0.08195
0.05588 -0.12347 0.04941
0.12973 -0.12347 0.03530
0.17864 -0.12347 0.14483
0.05052 -0.12347 0.10904
0.19695 -0.12347 0.13650
0.19964 -0.12347 -0.11621
0.19190 -0.12347 -0.00645
0.06261 -0.12347 0.08539
0.21142 -0.12347 0.09065
-0.22341 -0.12347 0.14222
0.19502 -0.12347 -0.05758
0.13688 -0.12347 0.13348
-0.01670 -0.12347 0.05320
-0.05705 -0.12347 0.07244
0.05788 -0.12347 -0.01093
0.04450 -0.12347 0.05075
-0.07216 -0.12347 0.07096
0.07857 -0.12347 0.14238
0.21279 -0.12347 0.12394
0.18264 -0.12347 -0.05411
0.17303 -0.12347 -0.07099
-0.06944 -0.12347 0.12797
0.00771 -0.12347 0.14209
0.14203 -0.12347 0.07896
0.15727 -0.12347 -0.07705
0.04685 -0.12347 0.10219
0.13032 -0.12347 0.07154
-0.03552 -0.12347 0.05517
-0.00693 -0.12347 0.11258
0.22238 -0.12347 -0.05426
-0.01744 -0.12347 0.13672
0.02686 -0.12347 -0.01022
0.20866 -0.12347 0.07124
0.09262 -0.12347 0.05861
0.17451 -0.12347 -0.08235
0.03803 -0.12347 0.13034
0.16626 -0.12347 0.01198
0.15588 -0.12347 -0.06010
-0.10755 -0.12347 0.09436
-0.00315 -0.12347 0.12225
0.22329 -0.12347 0.00401
-0.10548 -0.12347 0.13867
0.20184 -0.12347 -0.07462
0.17167 -0.12347 0.09115
0.15733 -0.12347 -0.01833
0.19938 -0.12347 -0.08907
-0.00436 -0.12347 0.09242
-0.03071 -0.12347 0.09069
-0.11620 -0.12347 0.13063
0.09837 -0.12347 0.04737
0.09829 -0.12347 -0.01266
-0.00079 -0.12347 0.06260
0.01851 -0.12347 0.03372
0.01620 -0.12347 0.10213
0.11118 -0.12347 0.07994
0.11459 -0.12347 -0.01709
0.10529 -0.12347 0.04603
0.15927 -0.12347 0.00581
0.12586 -0.12347 0.00735
0.19287 -0.12347 0.11064
0.08013 -0.12347 0.08993
0.13360 -0.12347 0.09016
0.03279 -0.12347 0.00617
0.06628 -0.12347 0.13763
-0.02700 -0.12347 0.06856
0.14952 -0.12347 0.01395
0.16628 -0.12347 -0.07115
-0.20501 -0.12347 0.13264
0.26164 -0.12242 -0.11400
0.31293 -0.15590 0.14674
-0.28409 -0.06869 -0.08512
-0.29167 -0.06766 -0.12094
-0.28258 -0.10862 0.12496
-0.30925 -0.12007 -0.12544
0.11911 0.17870 0.00147
-0.44307 -0.08872 -0.04963
-0.32911 -0.11960 -0.12141
-0.32757 -0.16814 0.14190
0.24432 -0.15384 0.07670
0.29849 -0.10703 -0.13814
0.25354 -0.13322 0.12324
0.31075 -0.07324 -0.14056
-0.35348 -0.12974 0.08103
0.27694 -0.17839 0.12584
-0.42978 -0.00816 0.00286
-0.26043 -0.16820 -0.10298
-0.32015 0.06920 0.14069
-0.33802 0.05698 0.14069
-0.31832 0.06321 0.14069
-0.31880 0.04978 0.14069
-0.37213 0.04867 0.14069
-0.31238 0.07927 0.14069
-0.31347 0.08894 0.14069
-0.37162 0.05493 0.14069
-0.30843 0.06289 0.14069
-0.32245 0.08448 0.14069
-0.32322 0.07534 0.14069
-0.33728 0.07663 0.14069
-0.31382 0.11203 0.14069
-0.33778 0.06494 0.14069
-0.34811 0.05083 0.14069
-0.31404 -0.11073 -0.11456
-0.24564 -0.15346 0.10388
0.30050 0.03306 0.09396
0.30559 0.03279 0.08510
-0.12207 -0.00345 -0.13814
-0.19492 0.00798 -0.13814
-0.25065 0.03122 -0.13814
-0.23684 0.03137 -0.13814
-0.13707 -0.05355 -0.13814
-0.14974 -0.04587 -0.13814
-0.11926 -0.03924 -0.13814
-0.11193 -0.04733 -0.13814
-0.14970 -0.06296 -0.13814
-0.19537 0.02513 -0.13814
-0.18813 -0.02525 -0.13814
-0.13209 -0.02143 -0.13814
-0.16906 -0.03689 -0.13814
-0.13516 -0.07172 -0.13814
-0.22418 0.02327 -0.13814
-0.16304 -0.00429 -0.13814
-0.22704 0.02833 -0.13814
-0.14247 -0.04443 -0.13814
-0.17299 -0.03014 -0.13814
-0.20203 -0.02011 -0.13814
-0.23741 0.00696 -0.13814
-0.20802 0.02882 -0.13814
-0.20352 0.00142 -0.13814
-0.13629 -0.06354 -0.13814
-0.11742 -0.03089 -0.13814
-0.18107 0.00351 -0.13814
-0.14697 -0.01126 -0.13814
-0.18680 0.01557 -0.13814
-0.12742 -0.00694 -0.13814
-0.16821 0.02078 -0.13814
-0.12689 0.00303 -0.13814
-0.11431 -0.08968 -0.13814
-0.12802 -0.01560 -0.13814
-0.12848 0.01644 -0.13814
-0.16301 0.02767 -0.13814
-0.12336 -0.06144 -0.13814
-0.14821 0.01071 -0.13814
-0.16772 -0.01981 -0.13814
-0.11495 0.01926 -0.13814
-0.14873 0.02582 -0.13814
-0.15374 -0.02453 -0.13814
-0.20855 0.01502 -0.13814
-0.10878 -0.04128 -0.13814
0.28828 -0.11165 0.13814
0.24594 -0.15217 0.09461
0.25237 -0.09155 -0.12161
0.25232 -0.09166 -0.08671
0.29194 -0.06113 0.14475
0.29688 -0.17730 0.09585
-0.24878 -0.10877 -0.13203
-0.24800 -0.12032 -0.08808
0.32318 0.02759 0.07706
-0.29411 -0.15128 -0.11260
0.32803 -0.10556 0.14231
0.43617 -0.07166 0.06695
-0.42389 0.15878 0.08838
-0.25118 -0.07506 -0.12908
-0.43506 -0.00254 0.02216
-0.43506 -0.00186 0.03096
-0.43506 0.01922 -0.04647
0.26643 -0.06656 0.07695
0.26567 0.03661 0.13899
0.26845 0.03862 0.11917
-0.31582 -0.07237 0.12492
-0.31256 -0.07105 0.14584
-0.43148 -0.04033 0.07415
-0.28798 -0.09160 -0.13056
0.23841 -0.13638 -0.11145
0.27547 -0.09692 -0.11400
0.34741 0.01732 0.07439
-0.26800 -0.08109 0.10887
0.30279 -0.09253 -0.12152
0.23641 -0.09777 0.08759
0.23390 -0.10367 0.10511
0.25981 -0.08485 0.11847
-0.27708 -0.05918 0.11207
0.27752 -0.10703 -0.12324
0.24165 -0.14475 -0.13233
0.42051 -0.06611 0.11615
0.43530 -0.06455 0.07788
0.22618 0.03386 -0.13740
0.27393 -0.06026 -0.10309
0.31028 -0.07255 -0.09567
-0.43506 -0.03064 0.06133
-0.33986 -0.10816 0.09981
-0.13788 0.03708 0.14386
-0.19153 0.03890 0.14318
-0.13237 0.04271 0.14176
-0.25194 -0.09065 -0.11350
0.28080 -0.17837 0.10204
0.29738 -0.06967 0.12700
0.30172 -0.07147 0.11562
-0.28430 -0.17698 -0.07511
0.33959 -0.07316 -0.09970
0.16669 0.11368 0.10249
-0.28705 -0.05745 0.10579
-0.30106 -0.10479 -0.10928
0.28016 -0.09983 -0.12238
0.22316 -0.10052 0.10548
0.33536 -0.12406 0.07682
0.32846 -0.11493 0.10416
-0.23408 -0.10764 -0.10141
-0.32955 -0.06806 0.13789
0.26775 -0.17505 0.08082
0.23682 -0.10649 -0.08120
0.29716 -0.16280 -0.09971
-0.33976 -0.09557 -0.11382
-0.34011 -0.09638 -0.10025
-0.32454 -0.12254 -0.11188
0.34313 -0.10483 0.09238
-0.43506 -0.05263 -0.03077
-0.43506 -0.06207 -0.04193
-0.43506 -0.04676 -0.04005
-0.43506 -0.04848 0.04055
-0.43506 -0.05987 -0.02930
-0.43506 -0.05147 0.00059
-0.43506 -0.04709 0.01775
0.32567 -0.06347 -0.10076
0.31935 -0.08305 0.10846
0.32239 -0.08702 0.09877
0.20333 0.04312 -0.13438
-0.33024 -0.14645 0.14033
-0.26566 -0.15847 -0.10330
0.22713 -0.09241 0.09055
0.30606 -0.13325 -0.12466
-0.30762 -0.10560 0.12324
-0.27063 -0.17374 0.08971
0.27758 -0.17797 0.12000
0.12001 0.04415 0.14122
-0.02862 0.03932 0.14303
-0.00815 0.03726 0.14380
-0.06176 0.04208 0.14199
-0.03200 0.04471 0.14101
-0.02085 0.04324 0.14156
0.02006 0.04015 0.14272
0.00140 0.04271 0.14176
0.33868 -0.07219 -0.12885
0.27516 -0.16363 0.14418
-0.40471 0.04967 0.14069
-0.39633 0.05506 0.14069
-0.30002 -0.12076 0.13681
-0.31919 -0.12264 0.12420
-0.27162 -0.09531 -0.11188
-0.33162 -0.15158 0.13627
-0.33594 -0.14593 0.09938
0.28028 -0.17563 -0.09771
-0.42719 0.16412 0.04660
-0.42577 0.16612 -0.05107
-0.31663 -0.14086 -0.13331
0.28236 0.04123 0.00762
0.27918 0.04199 -0.01166
-0.34280 -0.15223 -0.07137
0.23513 -0.07851 0.09674
-0.26702 -0.06356 0.09040
-0.24638 -0.08146 -0.07434
-0.43483 -0.01798 -0.04145
0.27329 -0.16659 0.10997
0.27837 -0.16728 0.08741
-0.29685 -0.07582 0.14291
0.31336 -0.14922 0.12237
0.30203 -0.05788 -0.08085
-0.28368 -0.14607 0.12152
-0.28010 -0.08784 -0.11188
-0.23722 -0.09644 -0.09101
0.39639 -0.01450 0.07956
-0.25674 -0.16486 0.13292
0.32178 -0.13417 -0.12152
-0.26662 -0.07590 0.13687
-0.26158 -0.07977 0.13072
0.40829 -0.02012 0.08373
0.41204 -0.06751 -0.13023
0.42266 -0.06232 -0.10396
0.43344 -0.05691 -0.07739
0.27891 -0.07211 0.10181
0.27273 -0.07213 0.09404
0.25045 -0.08309 0.08987
0.26030 -0.07994 0.12535
-0.31705 -0.09673 0.11400
0.28777 0.03574 0.10260
0.27935 0.03614 0.11642
-0.28553 -0.11377 -0.13029
-0.29521 -0.06946 -0.13681
0.30746 -0.14556 -0.12152
-0.08657 0.01816 0.14512
-0.09827 0.03253 0.14512
-0.09712 -0.04755 0.14512
-0.08955 0.02739 0.14512
-0.10449 -0.06656 0.14512
-0.09589 -0.00484 0.14512
-0.09619 0.01801 0.14512
0.28962 0.03931 -0.04205
0.29370 0.03816 0.01879
0.28803 0.03975 -0.03524
0.35163 -0.14313 -0.12320
0.28065 -0.11152 -0.13378
-0.30834 -0.09633 -0.11122
-0.29185 -0.08586 0.12152
-0.25225 -0.09763 -0.13300
0.18556 0.07262 0.13838
0.13380 0.17018 0.08154
0.21010 0.04667 0.12356
0.20792 0.04755 0.11486
0.42713 -0.07175 -0.08787
0.42966 -0.07038 -0.08083
0.42177 -0.07771 -0.10282
0.43061 -0.08170 -0.07819
0.43207 -0.09053 -0.07412
-0.23678 -0.09760 0.12098
0.33085 -0.14223 0.07704
0.32674 -0.15993 0.11800
0.23746 -0.07633 0.13771
0.31528 0.03056 0.07748
0.27153 0.04243 0.08500
0.25765 -0.16279 -0.14192
0.27878 -0.06289 -0.10078
0.28426 -0.06218 -0.06257
0.28961 -0.06149 -0.06520
0.29104 -0.06130 0.04366
0.29105 -0.06130 0.06701
0.29181 -0.06120 0.12154
0.28283 -0.06237 -0.02751
0.28866 -0.06161 -0.12001
0.29036 -0.06139 0.06092
0.28498 -0.06209 -0.09837
0.35461 -0.13583 -0.10298
0.31038 -0.05713 -0.12786
0.23743 -0.09997 -0.14049
-0.25523 -0.13605 0.12893
-0.30591 -0.08701 0.11831
0.27591 -0.10352 0.12400
-0.28100 -0.17687 -0.08132
-0.42265 0.16993 0.06025
0.23673 -0.13162 -0.10171
-0.34512 -0.12448 -0.06671
0.25919 -0.15749 0.09948
0.30047 -0.07160 0.14694
-0.30258 -0.16676 0.11155
-0.30581 -0.16632 0.10543
0.31035 -0.15928 0.11936
0.31285 -0.15741 0.10883
0.30519 -0.07961 0.12149
-0.28440 -0.14361 -0.11246
0.34381 -0.09238 -0.14648
0.30010 -0.16059 0.14314
-0.33987 -0.07596 0.13161
-0.24391 -0.11624 -0.12749
-0.24445 -0.11205 -0.10299
-0.40673 0.16806 -0.09957
-0.27832 -0.11294 -0.12904
0.38795 -0.01072 0.10502
0.27445 -0.13897 0.14100
-0.25183 -0.07342 0.11069
-0.34984 -0.09118 0.12041
0.43131 -0.02964 -0.05937
0.42804 -0.02611 0.01528
0.42907 -0.02723 -0.00629
0.42479 -0.02262 0.02716
0.42908 -0.02724 -0.04625
0.43458 -0.07517 -0.05905
-0.25071 -0.10310 -0.13583
-0.24714 -0.13467 0.10192
0.31479 -0.10919 -0.12324
0.42556 -0.10084 -0.09366
0.41724 -0.10433 -0.12308
0.22305 -0.10179 0.09794
0.27206 0.03638 0.12900
0.34167 -0.10755 -0.14429
-0.26241 -0.16597 0.14396
-0.41451 0.17350 0.08267
-0.24854 -0.10117 0.14661
0.23406 -0.15460 0.12847
-0.26181 -0.06638 -0.10207
0.24757 -0.15372 0.10924
0.24819 -0.15421 0.13132
0.41538 -0.05956 0.13421
-0.23464 -0.11941 0.14247
0.33401 -0.15143 0.13159
-0.33702 -0.07540 0.08113
0.27824 -0.17833 0.09141
0.32939 -0.16708 -0.08143
0.31756 -0.14845 0.09456
-0.30196 -0.05756 0.08864
0.24563 -0.11770 -0.08661
-0.31447 -0.08488 -0.10437
0.31820 -0.16174 -0.13201
-0.23408 -0.12647 0.10444
-0.30648 -0.16290 0.09176
-0.30346 -0.15917 0.13478
0.27268 -0.06859 0.14658
0.27116 -0.06878 0.11004
-0.40330 0.17599 -0.08552
-0.27413 -0.07199 0.13098
-0.27403 -0.07203 0.14480
-0.30386 -0.07316 0.10542
0.33709 -0.16119 -0.14200
-0.43270 -0.03771 0.06687
0.34019 -0.10126 -0.09607
0.43089 -0.07244 -0.01907
0.43089 -0.08067 -0.03473
0.43089 -0.06667 -0.00519
0.43089 -0.08878 -0.05408
0.43089 -0.07323 0.00518
0.32548 -0.14417 0.08858
0.32234 -0.14818 0.11455
-0.23647 -0.13606 0.08184
0.28955 -0.16617 -0.13906
0.35713 -0.10981 -0.12386
-0.35385 -0.10102 -0.07686
-0.32803 -0.15488 0.08570
-0.32467 -0.15746 0.09473
-0.28247 -0.14055 0.14353
-0.27587 -0.15855 0.10873
-0.43506 -0.00059 0.07244
0.28130 -0.17790 0.13830
-0.29223 -0.06758 0.11132
-0.29249 -0.06755 0.09492
0.29539 -0.10585 0.13979
0.29665 -0.09730 0.12152
-0.27263 -0.12520 0.12152
0.43784 -0.04176 -0.01818
0.43947 -0.04712 -0.04587
0.43770 -0.04132 -0.01130
0.43880 -0.04491 -0.03570
-0.30671 -0.06887 -0.08836
-0.30091 -0.06815 -0.08949
0.28769 -0.16715 0.08684
0.28351 -0.16767 0.10855
0.24042 -0.13326 0.11212
0.32068 -0.06815 -0.00719
0.31359 -0.06526 -0.07752
0.31927 -0.06757 -0.02219
0.31419 -0.06550 -0.12672
0.31590 -0.06620 -0.10060
0.32158 -0.06852 -0.13458
0.32300 -0.06909 0.01072
0.32103 -0.06829 -0.01332
0.32566 0.02219 -0.09046
0.33636 0.02192 -0.06589
0.13129 0.17383 -0.03776
-0.30902 -0.09424 0.11400
0.26953 -0.06194 -0.13205
0.33996 -0.10553 -0.11501
0.26829 -0.11774 -0.12152
0.34399 -0.07898 -0.13888
-0.16969 0.17899 -0.04323
-0.02986 0.17899 -0.00058
-0.13609 0.17899 -0.01994
0.10192 0.17899 0.03108
0.01595 0.17899 0.02494
-0.15693 0.17899 -0.03011
0.08751 0.17899 0.06538
0.11191 0.17899 -0.04582
0.05819 0.17899 0.05720
-0.12994 0.17899 -0.06007
-0.22160 0.17899 -0.02909
-0.10905 0.17899 -0.01633
-0.25993 0.17899 -0.06012
-0.09045 0.17899 -0.02323
0.06414 0.17899 0.03678
-0.33664 0.17899 -0.06043
0.10821 0.17899 -0.00770
0.07970 0.17899 -0.06010
-0.01957 0.17899 0.02488
0.09887 0.17899 -0.02094
0.08490 0.17899 -0.00354
-0.25934 0.17899 -0.04963
0.05949 0.17899 0.01709
-0.19792 0.17899 -0.02896
-0.26455 0.17899 -0.05665
0.06780 0.17899 -0.05328
-0.16886 0.17899 -0.02485
-0.01148 0.17899 -0.06123
-0.28448 0.17899 -0.05155
-0.23583 0.17899 -0.05297
-0.03486 0.17899 -0.06090
-0.05105 0.17899 -0.05173
-0.00457 0.17899 -0.02647
-0.09017 0.17899 -0.01501
0.03175 0.17899 -0.01028
-0.08382 0.17899 0.01837
-0.07340 0.17899 -0.03279
0.08410 0.17899 -0.04580
-0.12250 0.17899 -0.03724
-0.11113 0.17899 -0.03879
-0.02477 0.17899 0.01351
-0.10392 0.17899 0.00252
0.07535 0.17899 0.02062
-0.04245 0.17899 -0.02667
0.00860 0.17899 0.01887
-0.20397 0.17899 -0.03797
-0.24328 0.17899 -0.03303
-0.34610 0.17899 -0.05623
-0.13024 0.17899 0.00157
-0.16849 0.17899 -0.01809
0.06611 0.17899 -0.02439
0.03962 0.17899 0.02847
0.03577 0.17899 -0.01983
0.05828 0.17899 0.04233
0.10575 0.17899 -0.00170
-0.02607 0.17899 0.00511
0.09006 0.17899 0.03783
-0.12017 0.17899 0.00353
-0.10104 0.17899 -0.03583
-0.08940 0.17899 0.01370
-0.12025 0.17899 -0.06044
-0.05991 0.17899 0.01854
-0.01785 0.17899 -0.01936
-0.19832 0.17899 -0.05616
-0.07979 0.17899 -0.01860
-0.20005 0.17899 -0.04503
-0.05585 0.17899 0.02764
-0.18099 0.17899 -0.04323
0.04689 0.17899 -0.05837
-0.01098 0.17899 -0.02927
0.06442 0.17899 -0.06174
-0.11531 0.17899 -0.04432
0.07994 0.17899 -0.03807
0.10590 0.17899 0.02234
0.01546 0.17899 0.00461
0.05600 0.17899 -0.00631
-0.04213 0.17899 0.00722
0.00256 0.17899 -0.04776
0.11440 0.17899 0.04726
0.03887 0.17899 0.01569
-0.27536 0.17899 -0.04447
0.06686 0.17899 0.05753
-0.23444 0.17899 -0.03916
-0.34714 0.17899 -0.04649
-0.17690 0.17899 -0.05370
-0.12235 0.17899 -0.00960
-0.12550 0.17899 -0.04268
-0.29391 0.17899 -0.04559
-0.09546 0.17899 -0.03857
-0.11079 0.17899 -0.00558
-0.00286 0.17899 0.04048
-0.25693 0.17899 -0.03596
0.06526 0.17899 0.02354
-0.09420 0.17899 -0.00356
-0.06552 0.17899 -0.05557
-0.19095 0.17899 -0.02694
0.10135 0.17899 0.06477
0.04603 0.17899 -0.03201
-0.14836 0.17899 -0.03380
-0.23689 0.17899 -0.02223
-0.14782 0.17899 -0.02385
-0.29530 0.17899 -0.05500
-0.22512 0.17899 -0.02108
0.09217 0.17899 0.02979
-0.18493 0.17899 -0.05184
0.07479 0.17899 -0.05454
0.07322 0.17899 -0.04374
-0.14083 0.17899 -0.00380
0.02554 0.17899 -0.03865
-0.03437 0.17899 -0.00977
-0.22713 0.17899 -0.05110
-0.17709 0.17899 -0.01557
0.08382 0.17899 0.03304
0.04274 0.17899 0.03420
-0.06819 0.17899 -0.01446
0.10895 0.17899 0.03377
0.02982 0.17899 0.03757
0.00960 0.17899 -0.04012
-0.02464 0.17899 -0.02953
-0.10910 0.17899 -0.03085
-0.24564 0.17899 -0.02103
-0.03152 0.17899 0.02634
0.00464 0.17899 -0.00642
-0.08253 0.17899 -0.02421
-0.19061 0.17899 -0.05540
-0.06845 0.17899 0.00603
0.00884 0.17899 -0.01407
-0.07689 0.17899 0.01759
-0.04827 0.17899 -0.03348
-0.00500 0.17899 -0.00933
0.05233 0.17899 0.00869
-0.17932 0.17899 -0.00488
-0.09584 0.17899 -0.04852
0.03251 0.17899 -0.00441
-0.22050 0.17899 -0.01378
-0.14800 0.17899 -0.04180
0.27060 0.02667 -0.13697
0.33484 -0.08624 0.13849
0.29640 -0.16581 0.09144
0.30445 -0.16257 0.08577
-0.41648 -0.11198 -0.13367
0.32031 -0.15385 -0.11919
-0.42759 0.16352 -0.00785
0.28286 -0.16640 -0.07645
0.31521 -0.09845 -0.12324
-0.33222 -0.16338 0.08127
0.04155 0.05644 0.14069
0.11926 0.12023 0.14069
0.06980 0.10961 0.14069
0.08267 0.05828 0.14069
0.02886 0.06145 0.14069
0.03749 0.08792 0.14069
0.03589 0.05106 0.14069
0.11702 0.06526 0.14069
0.02777 0.06938 0.14069
0.13304 0.07708 0.14069
0.01214 0.05727 0.14069
0.07397 0.10211 0.14069
0.02923 0.09231 0.14069
-0.01321 0.06252 0.14069
-0.04120 0.06413 0.14069
0.03322 0.07976 0.14069
0.13696 0.06039 0.14069
0.12326 0.12698 0.14069
0.12793 0.05497 0.14069
0.09607 0.07822 0.14069
0.01015 0.07134 0.14069
0.12349 0.06448 0.14069
0.13506 0.11596 0.14069
0.00376 0.05242 0.14069
-0.02693 0.05503 0.14069
0.08450 0.09903 0.14069
0.11411 0.09735 0.14069
0.04957 0.04896 0.14069
0.13480 0.05093 0.14069
0.08255 0.07576 0.14069
0.10118 0.07306 0.14069
0.01731 0.08892 0.14069
0.09648 0.10069 0.14069
0.15551 0.07844 0.14069
0.06528 0.07257 0.14069
0.14131 0.04584 0.14069
0.11331 0.11823 0.14069
-0.04518 0.05302 0.14069
0.16050 0.06172 0.14069
0.16395 0.05506 0.14069
0.09171 0.07339 0.14069
0.12302 0.07757 0.14069
-0.00872 0.05716 0.14069
0.11603 0.07249 0.14069
0.06017 0.05807 0.14069
0.05502 0.08981 0.14069
0.10578 0.12035 0.14069
0.12278 0.17480 -0.08204
0.29801 0.02692 0.13586
0.24009 -0.13871 -0.08257
-0.41582 0.15026 0.11508
-0.27570 -0.11271 0.12152
0.24281 -0.09253 0.09235
0.23651 -0.09465 0.03205
0.23728 -0.09283 0.06986
0.23188 -0.10566 -0.11490
0.23481 -0.09870 -0.11590
0.23705 -0.09337 0.09411
0.23509 -0.09803 -0.05716
0.23485 -0.09860 0.02333
0.23322 -0.10248 -0.09913
0.23506 -0.09810 -0.06428
0.23614 -0.09554 -0.00338
-0.33614 -0.13176 0.12317
-0.33725 -0.13654 0.09359
0.29699 -0.06219 -0.07715
-0.34030 -0.07760 0.10328
0.28176 -0.12992 0.11559
0.38209 -0.02258 0.14471
0.31439 -0.16995 0.13184
-0.23830 -0.14150 -0.11564
-0.32593 -0.14988 -0.10226
0.25642 -0.13253 -0.12420
0.33242 -0.15195 -0.09751
0.33679 -0.14638 -0.08758
0.30045 -0.14217 0.12152
-0.28998 -0.07470 -0.11826
0.26727 -0.08165 0.11469
0.33739 -0.08888 0.12863
0.39252 -0.00766 -0.07372
0.27841 -0.05713 0.09083
-0.25909 -0.16716 0.11256
0.32271 -0.17167 -0.09134
0.28914 -0.05710 0.13197
-0.40944 0.16450 0.11039
-0.32009 -0.11839 0.11400
0.32442 -0.08399 -0.12876
0.32026 -0.07811 -0.10649
-0.23322 -0.10418 -0.04728
-0.23330 -0.10399 0.01541
-0.23745 -0.09412 -0.13199
-0.23426 -0.10169 -0.05870
-0.23616 -0.09719 -0.09759
-0.23228 -0.10640 0.07220
-0.23228 -0.10641 0.00036
-0.31055 -0.05868 0.08694
-0.34192 -0.13442 0.08968
-0.33896 -0.14162 0.13376
-0.29252 -0.16754 0.10915
-0.29032 -0.16727 0.09563
-0.24247 -0.15073 0.12886
-0.30916 -0.09302 0.12086
-0.23423 -0.10862 0.13792
0.26932 -0.09833 0.12086
0.38565 -0.00995 0.09292
-0.43379 -0.11602 0.09752
-0.42258 -0.11155 0.12549
-0.42006 -0.11368 0.13177
-0.34103 -0.07749 -0.10322
0.27452 0.03485 -0.12696
0.21782 0.04932 -0.07837
0.21393 0.04536 -0.12844
0.25969 -0.16887 0.07791
0.34362 -0.11568 0.08237
0.32282 -0.07411 -0.08624
0.38787 -0.01046 -0.08501
-0.30181 -0.17806 -0.07908
-0.40236 0.09118 -0.13343
-0.40521 0.08008 -0.13343
-0.31415 -0.16916 -0.13620
-0.32428 -0.10400 0.12324
-0.34390 -0.12807 0.13009
-0.34433 -0.12473 0.11622
0.24884 -0.15563 -0.09150
-0.32200 -0.15951 -0.13716
-0.24795 -0.09857 0.11308
-0.24789 -0.09872 0.10415
0.26109 -0.14916 -0.14626
0.31967 -0.16531 0.10499
0.23624 -0.15692 0.10096
-0.32407 -0.17130 0.08867
-0.33915 -0.11844 0.11868
0.29084 -0.10005 -0.12152
-0.40204 0.16589 -0.11388
0.12560 0.17691 0.04436
0.30204 -0.09437 0.12324
-0.28782 -0.06212 -0.06815
0.35561 -0.12344 -0.06866
0.35452 -0.11532 -0.00617
0.35515 -0.12003 -0.04618
0.35483 -0.11761 0.03004
0.35428 -0.11352 -0.05067
0.35510 -0.11966 -0.01722
0.35536 -0.12159 0.09736
0.35549 -0.12254 -0.03464
-0.23544 -0.09997 0.08683
0.10591 0.17201 0.12541
-0.11852 0.17857 0.07747
0.10918 0.17391 0.11151
-0.06615 0.17325 0.11633
-0.17991 0.17776 0.08341
-0.01374 0.17819 0.08023
-0.12677 0.17788 0.08248
-0.07743 0.17594 0.09670
-0.06589 0.17635 0.09369
0.03022 0.17859 0.07734
0.08721 0.17837 0.07891
-0.04878 0.17674 0.09086
0.01060 0.17463 0.10628
-0.10256 0.17413 0.10994
0.05469 0.17614 0.09520
-0.19224 0.17600 0.09625
0.03997 0.17844 0.07842
-0.28852 0.17704 0.08863
0.09534 0.17233 0.12305
-0.08639 0.17576 0.09803
0.01126 0.17548 0.10004
-0.02884 0.17799 0.08167
0.04509 0.17378 0.11249
-0.11055 0.17818 0.08032
0.03927 0.17743 0.08578
0.02936 0.17696 0.08927
-0.12720 0.17648 0.09271
0.02976 0.17575 0.09806
-0.35161 0.17829 0.07953
0.01616 0.17504 0.10327
0.05023 0.17779 0.08317
-0.04119 0.17570 0.09845
0.10167 0.17891 0.07501
-0.18972 0.17527 0.10160
0.06199 0.17269 0.12048
0.07142 0.17403 0.11062
-0.14787 0.17832 0.07928
-0.27746 0.17836 0.07904
-0.16292 0.17875 0.07614
0.09234 0.17503 0.10337
-0.09192 0.17451 0.10715
-0.22301 0.17699 0.08899
-0.17939 0.17506 0.10315
0.07285 0.17650 0.09258
-0.24052 0.17897 0.07456
-0.30484 0.17779 0.08314
0.07652 0.17838 0.07885
0.04654 0.17103 0.13258
0.05647 0.17319 0.11678
0.07098 0.17517 0.10232
0.06478 0.17728 0.08688
-0.15022 0.17559 0.09927
-0.20905 0.17631 0.09398
-0.05267 0.17424 0.10915
0.07201 0.17229 0.12336
0.03783 0.17493 0.10409
-0.08563 0.17761 0.08451
-0.38296 0.17887 0.07529
-0.04396 0.17445 0.10758
-0.04054 0.17700 0.08894
-0.30613 0.17874 0.07619
-0.12625 0.17452 0.10710
-0.05611 0.17812 0.08079
0.11225 0.17549 0.10002
0.24861 -0.13310 -0.10799
0.34044 -0.09820 0.11182
0.14770 0.13830 0.11890
0.15655 0.11973 0.13364
0.16034 0.11737 0.12227
0.16254 0.11672 0.11337
0.16502 0.11110 0.11885
0.18448 0.07917 0.12306
0.14156 0.14486 0.12871
0.16205 0.11300 0.12756
0.17928 0.08528 0.12958
0.17512 0.09548 0.11803
0.17796 0.08896 0.12449
0.15619 0.12557 0.11697
0.15636 0.12248 0.12588
0.14105 0.14982 0.11558
0.13694 0.16870 0.02878
-0.44167 -0.08681 -0.03837
-0.43638 -0.08681 -0.05428
-0.43506 0.01342 -0.04161
-0.29326 -0.17838 -0.08134
0.26413 -0.14853 -0.11224
0.27025 -0.15625 -0.08717
0.35521 -0.13508 -0.12338
0.34420 -0.11723 0.13229
0.39797 -0.01976 0.11299
0.29641 -0.08656 0.12181
-0.35463 -0.13222 -0.10662
0.25121 -0.11594 -0.11521
-0.35027 -0.13987 0.08282
0.35113 0.01549 0.01318
0.34456 0.01872 -0.05207
0.34852 0.01678 0.00596
-0.27452 -0.06050 0.10164
0.23484 -0.12247 -0.12356
-0.24230 -0.15041 0.11291
-0.35464 -0.11670 0.08109
-0.31364 -0.16365 0.09294
0.40441 -0.03559 -0.13708
-0.33621 -0.09684 -0.08660
-0.33914 -0.10489 -0.09137
0.24385 0.04842 -0.03806
0.24578 0.04818 0.00053
0.24234 0.04862 -0.02249
0.32040 -0.06120 -0.11646
0.28146 -0.05721 -0.11371
0.32824 -0.13845 0.14715
-0.32651 -0.12296 0.12324
-0.41840 0.14763 -0.10214
0.11821 0.16879 -0.12890
0.39752 -0.12347 -0.06986
0.36372 -0.12347 -0.09919
0.39180 -0.12347 -0.10579
0.38393 -0.12347 -0.10149
0.37967 -0.12347 -0.05558
0.38709 -0.12347 -0.13397
0.37272 -0.12347 -0.04673
0.35653 -0.12347 -0.01312
0.39264 -0.12347 -0.08119
0.38248 -0.12347 -0.09543
0.36511 -0.12347 0.08318
0.38639 -0.12347 -0.03817
0.39968 -0.12347 -0.13231
0.41281 -0.12347 -0.13726
0.39449 -0.12347 -0.12710
0.36884 -0.12347 0.04692
0.37310 -0.12347 -0.12659
0.39926 -0.12347 -0.12232
0.37621 -0.12347 0.04377
0.35808 -0.12347 0.00455
0.36789 -0.12347 -0.01477
0.37245 -0.12347 0.03852
0.39402 -0.12347 -0.13779
0.35868 -0.12347 0.11997
0.38910 -0.12347 -0.06245
0.36503 -0.12347 -0.12408
0.38647 -0.12347 -0.10966
0.39005 -0.12347 -0.07294
0.35734 -0.12347 0.10599
0.39586 -0.12347 -0.11509
0.37795 -0.12347 0.00842
0.35758 -0.12347 0.01144
0.37560 -0.12347 -0.03374
0.36271 -0.12347 0.05248
0.34554 0.01754 -0.06624
0.33235 0.01604 -0.10644
-0.25245 -0.07623 0.00274
-0.25238 -0.07629 0.01406
-0.25148 -0.07697 -0.07934
-0.25225 -0.07639 0.02535
-0.25680 -0.07295 -0.09197
-0.25241 -0.07627 -0.02831
-0.25000 -0.07809 0.09461
0.43246 -0.12280 0.10165
0.42374 -0.12335 0.12408
-0.41004 0.14963 -0.12074
-0.42723 0.14263 -0.08280
0.32095 -0.11169 0.14266
-0.27899 -0.07406 0.09673
0.31130 0.02046 -0.13352
0.22293 -0.10192 0.13720
0.33582 -0.08780 0.08410
0.32822 -0.13876 0.09176
0.33043 -0.13358 0.10414
0.13025 0.15919 0.13886
0.28968 -0.16165 0.11182
-0.35601 -0.11533 0.11114
-0.43097 -0.01745 -0.06269
-0.40894 -0.04450 -0.13457
-0.23368 -0.10919 0.09233
-0.43506 -0.03933 -0.04888
0.27484 0.04056 -0.08258
0.26394 0.03928 -0.11404
0.28952 -0.08401 0.14339
-0.33387 -0.07072 -0.10302
0.31938 -0.09181 0.11236
-0.40376 0.16038 0.12879
0.32615 0.01701 0.12512
-0.31194 -0.06429 0.08993
-0.31449 -0.06533 -0.01236
-0.31053 -0.06372 -0.00143
-0.31153 -0.06412 -0.04124
-0.31491 -0.06551 -0.13158
-0.31573 -0.06584 -0.10563
-0.32123 -0.06808 -0.11486
-0.31381 -0.06505 -0.11511
-0.31799 -0.06676 -0.02369
-0.34268 -0.15381 0.08405
0.26816 -0.07932 0.12768
-0.27778 -0.14339 -0.11188
0.26069 -0.16250 0.08913
0.25748 -0.16116 0.11428
-0.03227 0.06684 -0.13343
-0.02817 0.06033 -0.13343
0.04289 0.09488 -0.13343
-0.06305 0.07436 -0.13343
-0.05202 0.05425 -0.13343
0.02392 0.06892 -0.13343
-0.00466 0.07177 -0.13343
0.10838 0.06045 -0.13343
-0.07976 0.09132 -0.13343
-0.06781 0.06560 -0.13343
-0.00654 0.09182 -0.13343
-0.05871 0.09300 -0.13343
-0.06791 0.13583 -0.13343
-0.03130 0.08071 -0.13343
0.06114 0.09047 -0.13343
0.05610 0.08154 -0.13343
0.10312 0.05449 -0.13343
0.02842 0.09014 -0.13343
0.05077 0.06852 -0.13343
0.01033 0.09645 -0.13343
-0.07132 0.09714 -0.13343
-0.07896 0.11149 -0.13343
0.08564 0.06041 -0.13343
0.06309 0.06852 -0.13343
-0.04814 0.13381 -0.13343
-0.07501 0.04612 -0.13343
0.01181 0.07811 -0.13343
-0.02518 0.08943 -0.13343
-0.04000 0.04975 -0.13343
0.17081 0.04772 -0.13343
0.01161 0.05776 -0.13343
-0.03126 0.11261 -0.13343
0.09423 0.04570 -0.13343
-0.07731 0.14586 -0.13343
0.04190 0.05408 -0.13343
-0.04633 0.06280 -0.13343
0.02849 0.06279 -0.13343
-0.03766 0.12356 -0.13343
-0.05733 0.08449 -0.13343
0.01720 0.09657 -0.13343
-0.00539 0.11022 -0.13343
-0.06299 0.10860 -0.13343
-0.03182 0.12163 -0.13343
-0.07456 0.07462 -0.13343
-0.06015 0.11834 -0.13343
0.10854 0.07267 -0.13343
-0.01511 0.11895 -0.13343
0.07478 0.07341 -0.13343
-0.05157 0.07591 -0.13343
0.07023 0.08113 -0.13343
-0.02470 0.07687 -0.13343
-0.01241 0.05806 -0.13343
0.11426 0.04705 -0.13343
0.42573 -0.10581 0.11191
0.43155 -0.10910 0.10315
0.26291 -0.17549 0.11048
0.43688 -0.05823 0.00975
-0.26881 -0.08307 -0.12076
-0.33484 -0.08775 0.09078
-0.33563 -0.08876 0.10782
-0.28351 -0.05759 -0.12574
0.12074 0.17061 -0.11201
-0.32751 -0.08649 -0.12773
0.28972 -0.06738 -0.10808
0.28514 -0.06796 -0.12921
-0.23384 -0.12783 -0.10084
-0.24578 -0.15425 -0.10723
-0.31162 -0.16140 -0.07735
-0.31462 -0.15624 -0.11523
0.40402 -0.02965 -0.13260
0.41670 -0.02838 -0.09692
0.40355 -0.02554 -0.12425
-0.28285 -0.06970 0.14686
0.30012 -0.05862 0.13155
0.13836 0.16692 -0.02306
-0.32795 -0.15349 -0.13373
0.24675 -0.13588 0.12086
-0.43464 0.14499 0.02638
0.22567 -0.10752 0.14475
0.38394 -0.00683 -0.08868
0.29527 0.03408 0.09816
-0.30009 -0.08472 0.12218
0.28442 -0.11737 -0.12919
-0.41134 0.16706 0.10197
-0.31143 -0.17630 0.13149
-0.43141 -0.01204 -0.05855
-0.29098 -0.13115 -0.12785
-0.32943 -0.08126 0.09400
-0.32529 -0.07815 0.13644
-0.32697 -0.12058 0.11400
-0.34053 -0.07671 0.09417
0.43494 -0.04905 -0.07645
0.43273 -0.04958 -0.08283
-0.34809 -0.09288 0.05033
-0.34911 -0.09530 -0.10022
-0.34938 -0.09595 -0.13688
-0.34946 -0.09615 0.06922
-0.34950 -0.09623 0.02504
-0.35051 -0.09864 -0.05875
-0.34918 -0.09549 -0.05089
-0.34866 -0.09424 -0.01888
-0.35277 -0.10401 -0.10915
-0.28026 -0.11612 0.11848
0.35553 -0.13316 -0.11276
0.24038 0.04299 0.12962
0.32813 0.02142 0.09867
0.31413 0.02050 0.13528
-0.43506 -0.00332 -0.02979
-0.43506 -0.00064 -0.01545
-0.43506 -0.00199 -0.03653
0.26809 -0.10955 0.12888
0.31334 -0.17025 0.10627
0.34642 -0.11213 -0.10152
0.34655 -0.11320 -0.12464
-0.27193 -0.10853 0.14070
-0.31467 -0.16953 -0.06808
0.24418 -0.08423 -0.09011
0.11778 0.17886 -0.04178
0.41923 -0.01956 -0.03578
0.37295 0.00429 -0.04957
0.41075 -0.01519 0.02791
0.42329 -0.02165 -0.04885
0.38798 -0.00345 -0.01282
0.40469 -0.01207 -0.02029
0.39973 -0.00951 0.02068
0.42402 -0.02203 0.00986
0.38629 -0.00259 -0.05927
0.42054 -0.02023 0.03479
0.37818 0.00159 -0.04941
0.41907 -0.01947 -0.05495
0.40543 -0.01245 0.02418
0.36841 0.00662 -0.04532
0.39097 -0.00500 -0.03951
0.39342 -0.00626 -0.03351
0.41212 -0.01589 0.00441
0.40730 -0.01341 -0.03226
0.36053 0.01069 -0.05309
0.39072 -0.00487 0.00466
0.42422 -0.02213 0.06049
0.42213 -0.02105 -0.00103
0.23839 -0.15407 0.14503
0.21937 0.04993 0.08124
0.21460 0.04772 0.10903
-0.00967 0.02519 0.14512
0.07555 -0.01379 0.14512
-0.07660 -0.04268 0.14512
-0.01567 -0.00441 0.14512
0.12862 0.01706 0.14512
0.07489 0.00127 0.14512
0.00561 0.00193 0.14512
0.01819 0.01269 0.14512
-0.01766 0.03005 0.14512
0.03997 -0.02894 0.14512
0.05343 -0.01688 0.14512
0.00256 0.01225 0.14512
0.02798 -0.00141 0.14512
-0.04808 -0.07919 0.14512
0.01999 0.02947 0.14512
0.06399 0.02566 0.14512
0.13214 0.02593 0.14512
0.00729 -0.04670 0.14512
-0.01184 0.01946 0.14512
-0.03241 -0.06477 0.14512
0.02359 -0.00755 0.14512
-0.03804 -0.01027 0.14512
-0.05052 -0.05220 0.14512
-0.04170 -0.06050 0.14512
0.01012 -0.02278 0.14512
0.05121 -0.02838 0.14512
-0.04462 -0.01968 0.14512
0.11490 0.01283 0.14512
0.05968 -0.02352 0.14512
-0.07401 -0.06861 0.14512
0.08294 0.02634 0.14512
0.00091 -0.03675 0.14512
-0.00386 -0.04558 0.14512
0.11638 0.02194 0.14512
-0.07894 -0.07715 0.14512
-0.06927 -0.09024 0.14512
-0.08255 -0.01844 0.14512
-0.01757 -0.04720 0.14512
0.05758 0.01459 0.14512
-0.06299 -0.05295 0.14512
0.14523 0.02829 0.14512
0.05762 -0.01044 0.14512
-0.05547 -0.06776 0.14512
-0.08182 0.01083 0.14512
-0.06728 -0.07818 0.14512
-0.07654 -0.06049 0.14512
0.01227 0.01358 0.14512
-0.04675 -0.01360 0.14512
0.13438 0.03126 0.14512
0.05902 -0.00219 0.14512
0.03430 0.02151 0.14512
-0.08258 -0.05530 0.14512
0.14907 0.02134 0.14512
0.01734 -0.02959 0.14512
-0.00581 -0.02432 0.14512
-0.06253 0.00459 0.14512
0.06624 0.00169 0.14512
-0.03002 -0.01545 0.14512
0.05936 -0.01607 0.14512
0.10445 0.01916 0.14512
0.07745 -0.00756 0.14512
-0.04782 -0.03623 0.14512
-0.03895 -0.03094 0.14512
-0.00642 -0.05214 0.14512
-0.03862 -0.04822 0.14512
-0.30922 -0.05793 0.13132
0.28912 -0.16239 -0.09571
-0.31993 -0.10119 -0.12141
0.42395 -0.03717 -0.09642
0.41714 -0.03804 -0.11556
-0.29669 -0.17741 0.14192
0.41079 -0.07653 -0.13557
0.19602 0.03763 -0.13659
-0.43506 0.02275 0.00873
-0.43506 0.02568 0.05530
-0.43506 0.02680 -0.04841
0.25138 -0.11942 -0.13721
-0.33986 -0.13106 0.14428
0.30278 -0.16619 -0.13355
-0.08862 0.04497 -0.13367
0.28967 -0.07106 0.08647
0.28479 -0.07174 0.10041
0.22230 -0.10887 0.10111
0.25172 0.04649 -0.07102
0.25436 0.04498 -0.08117
0.43291 -0.08972 0.05040
0.43189 -0.08972 0.04359
0.25904 -0.16444 -0.08563
0.26444 -0.05900 0.09205
-0.23312 -0.11790 0.13242
0.43706 -0.10103 0.02537
0.43905 -0.10380 -0.04348
0.43781 -0.10208 0.00508
0.33474 -0.15059 0.09460
-0.33423 -0.12688 -0.10637
0.29889 -0.17648 0.11582
0.31957 -0.16554 0.09451
0.23851 0.04710 -0.08301
-0.27985 -0.07375 -0.13214
-0.29365 -0.16768 -0.09419
-0.28659 -0.16680 -0.11833
0.34606 -0.12420 -0.11302
0.24825 -0.13711 -0.07659
-0.31960 -0.11530 -0.11188
-0.32788 -0.14932 -0.09276
-0.26613 -0.15034 0.12796
-0.26049 -0.10752 -0.11360
-0.24510 -0.13716 0.07683
-0.26238 -0.15379 -0.07623
-0.32188 -0.17228 -0.12400
0.28862 0.02330 0.14314
0.34190 -0.09558 -0.10184
0.34318 -0.09869 -0.11336
-0.35280 -0.12195 0.14402
0.25979 -0.07015 -0.09762
0.25699 -0.07227 -0.06746
0.25210 -0.07597 -0.11033
0.25964 -0.07027 -0.01679
0.25945 -0.07041 0.06034
0.25204 -0.07601 -0.04916
0.25709 -0.07220 -0.13392
0.26025 -0.06981 0.08060
0.25245 -0.07570 -0.09478
0.25363 -0.07480 -0.10415
-0.24213 -0.14638 -0.07129
-0.41458 0.14082 0.12449
-0.23911 -0.14299 0.09079
-0.31637 -0.07826 -0.10254
-0.25149 -0.16116 -0.09008
0.37704 -0.00621 -0.10044
-0.43506 -0.04355 -0.05587
-0.43506 -0.03988 -0.06153
-0.43156 0.15583 0.02703
0.25531 -0.11548 0.14297
0.23043 -0.11291 -0.09021
0.23115 -0.10753 -0.08649
0.23077 -0.11041 -0.00364
0.23108 -0.10807 -0.10953
0.23101 -0.10859 -0.05546
0.23016 -0.11496 -0.06261
0.22956 -0.11940 -0.07142
-0.30612 -0.17739 -0.12388
0.33010 -0.08765 -0.11522
0.25721 -0.08532 -0.09802
-0.35420 -0.10756 0.05680
-0.35461 -0.11066 -0.13616
-0.35493 -0.11306 -0.01506
-0.35552 -0.11744 -0.10116
-0.24713 -0.08167 -0.13250
-0.41071 0.15712 -0.11018
0.24591 -0.08151 -0.01285
0.24641 -0.08087 0.11167
0.24146 -0.08723 -0.04581
0.24496 -0.08274 -0.05843
0.24148 -0.08720 -0.12398
0.24723 -0.07982 -0.13498
0.24347 -0.08621 0.08884
0.27205 -0.06276 -0.08093
-0.39834 0.17183 0.11548
-0.29293 -0.05612 0.12777
0.43343 -0.04796 0.09025
0.41667 -0.05101 0.13485
-0.43506 -0.02481 -0.05019
-0.32491 -0.06493 -0.07678
0.27547 -0.17750 0.08461
-0.30678 -0.07200 0.08901
-0.25511 -0.09167 -0.08025
-0.26167 -0.08824 -0.11272
-0.29474 -0.10612 0.13806
-0.26300 -0.11110 0.12324
-0.33342 -0.14002 0.11549
0.43187 -0.06255 -0.00989
0.43149 -0.06401 0.03579
0.43257 -0.05986 -0.05369
-0.24084 -0.08894 0.04693
-0.24227 -0.08709 -0.03979
-0.23844 -0.09201 0.13570
-0.24091 -0.08884 -0.09993
-0.23934 -0.09085 -0.01029
-0.24290 -0.08629 -0.13296
-0.23959 -0.09054 -0.04993
-0.24087 -0.08889 -0.06322
0.23495 -0.10963 -0.12447
-0.38426 0.03869 -0.13617
-0.31440 0.03494 -0.13766
-0.36205 0.03647 -0.13705
-0.37484 0.04165 -0.13499
0.28738 0.02920 -0.13372
-0.30490 -0.07237 -0.13261
0.30127 -0.15762 0.11762
-0.34161 -0.11987 -0.08187
0.28408 -0.06748 0.11399
0.28620 -0.06776 0.13975
-0.26270 -0.15694 -0.06669
-0.34193 -0.08472 -0.05014
-0.34135 -0.08397 -0.09686
-0.33894 -0.08088 -0.00863
-0.34200 -0.08480 -0.13525
-0.34029 -0.08260 -0.03631
-0.34023 -0.08253 0.01417
-0.33986 -0.13942 -0.07808
-0.27670 -0.14642 0.14286
-0.25191 -0.14828 0.07672
0.26404 -0.13298 0.12324
-0.33989 -0.14254 0.07645
0.26645 0.04173 -0.08910
0.24999 0.04053 -0.12863
0.22426 0.04686 0.11080
0.21686 0.04472 0.14008
0.34106 -0.08452 -0.02660
0.34568 -0.09044 -0.08781
0.34119 -0.08468 -0.05702
0.34340 -0.08751 -0.01082
0.34248 -0.08634 -0.11918
0.34600 -0.09084 0.10336
0.34699 -0.09212 0.03586
0.33986 -0.08297 -0.08613
0.34488 -0.08942 -0.05167
0.33892 -0.08176 -0.11439
0.28898 -0.07283 -0.11284
-0.31875 -0.08816 0.12575
0.41468 -0.10706 -0.13701
-0.34960 -0.08978 -0.11533
0.26918 -0.10832 -0.13105
-0.43027 0.15870 0.00336
0.32814 -0.09611 0.11619
0.32715 -0.09371 0.13896
0.26937 -0.17657 0.10389
0.34354 -0.12040 0.13851
0.31335 -0.07810 0.13997
0.25141 0.04515 0.09450
-0.33339 -0.12372 -0.11118
-0.43506 0.12412 -0.05880
-0.43506 0.12441 0.04323
-0.43506 0.13403 -0.01838
-0.43506 0.12348 0.00291
-0.43506 0.12984 -0.03163
0.31666 0.03058 0.00620
0.31945 0.02957 -0.00137
0.31030 0.03289 -0.05955
0.31902 0.02972 -0.05489
0.14403 0.15839 -0.03810
0.14071 0.16346 0.04086
0.13983 0.16480 -0.04136
0.14052 0.16374 -0.06234
0.34035 -0.13869 0.08802
0.31899 -0.10452 0.14478
-0.35476 -0.12810 -0.12290
0.35557 -0.12493 -0.08229
-0.35403 -0.13337 0.13614
-0.27209 -0.17411 -0.10399
0.07920 0.04017 -0.13558
0.06526 0.04175 -0.13495
-0.01528 0.04384 -0.13412
0.13952 0.04053 -0.13543
0.11680 0.04196 -0.13487
0.03496 0.04024 -0.13555
-0.26276 -0.11448 -0.11188
0.39621 -0.02203 -0.12707
0.33873 -0.08975 -0.09666
0.33337 -0.08275 -0.08778
0.38534 -0.01324 0.09794
0.40903 -0.02817 0.12456
0.34077 -0.09879 0.09077
0.33820 -0.09751 -0.14062
0.23899 0.03929 -0.13446
-0.24362 -0.13845 0.14607
0.42418 -0.02507 -0.07004
-0.32436 -0.06380 -0.09735
0.17322 0.11388 -0.04562
0.18224 0.10012 -0.05608
0.18835 0.09080 -0.02618
0.20869 0.05978 -0.01149
0.16867 0.12081 -0.06082
0.21456 0.05083 -0.05522
0.15887 0.13576 -0.06020
0.21294 0.05330 -0.00692
0.18381 0.09772 -0.04465
0.21419 0.05140 -0.03300
0.16997 0.11883 -0.03831
0.20053 0.07222 -0.02862
0.19876 0.07492 -0.04936
0.18099 0.10203 -0.03238
0.19807 0.07598 -0.00980
0.20453 0.06612 -0.04439
0.19304 0.08365 -0.05577
-0.24974 -0.12672 0.10647
-0.25109 -0.12880 0.11744
-0.33192 -0.13291 -0.11424
0.33327 -0.14436 -0.09891
0.29239 -0.12488 -0.13814
-0.27830 -0.11901 -0.12432
0.30919 -0.15800 -0.12878
0.33145 -0.08125 0.13094
-0.25006 -0.10150 -0.07946
0.26068 -0.06118 0.08545
0.32528 0.02618 -0.06879
0.31292 0.02574 -0.10067
0.26218 -0.08341 -0.08619
0.25501 -0.13491 -0.11145
0.25272 -0.13361 -0.09456
-0.28237 -0.11426 -0.11720
0.22864 0.04815 0.09342
0.22505 -0.09853 0.14202
0.26121 0.04404 0.08909
0.25667 0.04158 0.11667
-0.33878 -0.07538 -0.10894
-0.32619 -0.16975 -0.09499
-0.32728 -0.09779 -0.12357
0.13510 0.16447 0.09804
-0.23382 -0.12684 -0.12759
0.23556 -0.12696 -0.09145
-0.33597 -0.16284 -0.12447
0.24890 -0.11487 0.12420
0.33052 0.02511 -0.00498
0.32922 0.02563 0.01872
0.32994 0.02534 -0.02348
